"COLLES.MDM.LN" "SACKIN" "COPHENETIC"
0 27 0
0 27 0
14.178766958738 53 325
13.4927770807621 66 361
0 27 0
1.29804592139994 42 105
0 27 0
14.178766958738 53 325
0 27 0
0 27 0
0 27 0
0 27 0
25.4478462379149 87 631
2.34201715404811 46 171
0 27 0
0 27 0
0 27 0
14.178766958738 53 325
0.742278199017282 38 55
0 27 0
0 27 0
0 27 0
9.10736406310012 52 300
6.57133701094345 51 276
14.178766958738 53 325
45.7852147856236 114 842
0 27 0
0 27 0
0 27 0
0 27 0
5.04944041884019 50 253
0 27 0
0 27 0
0 27 0
0 27 0
0 27 0
0 27 0
14.178766958738 53 325
28.5978145462664 78 625
0 27 0
0 27 0
6.57133701094345 51 276
0 27 0
0 27 0
0 27 0
16.9040696413833 69 445
0 27 0
7.37132895699945 65 346
14.178766958738 53 325
0 27 0
0 27 0
0 27 0
0 27 0
0.983654965505565 40 78
0 27 0
0 27 0
9.10736406310012 52 300
0 27 0
0 27 0
0 27 0
5.04944041884019 50 253
14.178766958738 53 325
0 27 0
4.03459052080877 49 231
14.178766958738 53 325
0 27 0
0.262764859921124 32 10
0 27 0
0 27 0
0 27 0
9.10736406310012 52 300
0 27 0
0 27 0
14.178766958738 53 325
0 27 0
0 27 0
0 27 0
0 27 0
0 27 0
6.57133701094345 51 276
9.10736406310012 52 300
0 27 0
0 27 0
0 27 0
0 27 0
0 27 0
14.178766958738 53 325
0 27 0
0 27 0
0 27 0
11.6855297137277 69 421
4.65116208007082 58 231
0 27 0
0.641280026244963 37 45
0 27 0
3.30946373370622 48 210
0 27 0
0 27 0
14.2470193332505 72 334
0 27 0
4.60847940389438 52 162
0 27 0
23.7762908934592 77 601
0 27 0
0 27 0
0 27 0
0.204368018398102 31 6
0 27 0
8.34054742324729 64 354
2.0031016490616 45 153
0 27 0
0 27 0
0 27 0
0 27 0
0 27 0
0 27 0
0 27 0
0 27 0
0 27 0
5.04944041884019 50 253
4.03459052080877 49 231
0 27 0
0 27 0
2.34201715404811 46 171
0 27 0
0 27 0
14.178766958738 53 325
0 27 0
9.10736406310012 52 300
0 27 0
5.04944041884019 50 253
0 27 0
0 27 0
3.30946373370622 48 210
14.178766958738 53 325
15.9412957254368 63 370
0 27 0
20.6407675026199 87 619
3.30946373370622 48 210
0 27 0
14.178766958738 53 325
0 27 0
0 27 0
0 27 0
0 27 0
28.5978145462664 78 625
0.742278199017282 38 55
0 27 0
9.10736406310012 52 300
6.57133701094345 51 276
0 27 0
0 27 0
12.304866180066 70 453
0 27 0
8.01014586914597 62 331
0 27 0
9.10736406310012 52 300
0 27 0
14.178766958738 53 325
0 27 0
0 27 0
0 27 0
14.178766958738 53 325
0 27 0
0 27 0
0 27 0
0 27 0
0 27 0
2.0031016490616 45 153
0 27 0
6.57133701094345 51 276
0 27 0
5.04944041884019 50 253
0 27 0
0 27 0
1.12975020292289 41 91
6.57133701094345 51 276
10.5720261431531 67 381
6.57133701094345 51 276
8.57001825582122 66 363
0 27 0
0 27 0
10.5456204150518 62 345
0 27 0
0 27 0
0 27 0
0 27 0
2.34201715404811 46 171
0.204368018398102 31 6
0 27 0
6.57133701094345 51 276
5.27090368268413 59 276
0 27 0
10.9715361537159 65 378
0 27 0
2.76539624590574 47 190
0 27 0
0 27 0
5.24170703598327 61 288
0 27 0
0 27 0
0 27 0
0.641280026244963 37 45
2.0031016490616 45 153
0 27 0
0 27 0
0 27 0
0 27 0
0 27 0
0 27 0
0 27 0
0 27 0
0 27 0
0 27 0
0 27 0
0 27 0
0 27 0
0 27 0
0 27 0
0 27 0
0 27 0
0 27 0
5.04944041884019 50 253
0 27 0
0 27 0
6.57133701094345 51 276
0 27 0
0 27 0
2.0031016490616 45 153
9.10736406310012 52 300
0 27 0
0.742278199017282 38 55
0 27 0
0 27 0
0 27 0
0 27 0
0 27 0
6.57133701094345 51 276
0 27 0
0 27 0
0 27 0
14.178766958738 53 325
0 27 0
0 27 0
9.10736406310012 52 300
0 27 0
0 27 0
0 27 0
5.04944041884019 50 253
6.57133701094345 51 276
0 27 0
12.8093311783604 72 486
0 27 0
7.49925341929318 59 241
0 27 0
0 27 0
0 27 0
0 27 0
0 27 0
0 27 0
0 27 0
0 27 0
0 27 0
0 27 0
18.0793575230102 75 553
0 27 0
0 27 0
0 27 0
0 27 0
14.178766958738 53 325
0 27 0
0 27 0
3.30946373370622 48 210
2.76539624590574 47 190
0 27 0
0 27 0
0 27 0
0 27 0
9.10736406310012 52 300
4.03459052080877 49 231
0 27 0
0.55058685114392 36 36
0 27 0
0 27 0
0 27 0
0 27 0
14.178766958738 53 325
2.75824181232601 43 59
0 27 0
0.149746735225147 30 3
0.149746735225147 30 3
0 27 0
0 27 0
0 27 0
0 27 0
12.8093311783604 72 486
14.178766958738 53 325
0 27 0
0 27 0
0 27 0
14.178766958738 53 325
0 27 0
0 27 0
0 27 0
0 27 0
14.178766958738 53 325
0 27 0
0 27 0
0 27 0
0 27 0
0 27 0
14.178766958738 53 325
0 27 0
9.58203262363467 55 119
28.5978145462664 78 625
1.19660406125801 40 48
0 27 0
0 27 0
0 27 0
0 27 0
2.0031016490616 45 153
20.8493717850969 83 497
0 27 0
0 27 0
0 27 0
0 27 0
14.178766958738 53 325
0 27 0
0 27 0
0.55058685114392 36 36
0 27 0
0 27 0
14.178766958738 53 325
0 27 0
0 27 0
4.03459052080877 49 231
0.641280026244963 37 45
1.55716941958857 44 94
0 27 0
0 27 0
9.10736406310012 52 300
0 27 0
5.29706964535943 51 133
0 27 0
4.1518942623217 57 219
0 27 0
0 27 0
0 27 0
0 27 0
0 27 0
0 27 0
0 27 0
15.6122898435483 60 346
9.10736406310012 52 300
0 27 0
5.29251524460049 53 112
0 27 0
0 27 0
0 27 0
0 27 0
0 27 0
16.5023177264381 67 416
0 27 0
0 27 0
0 27 0
0 27 0
0 27 0
5.04944041884019 50 253
0 27 0
0 27 0
0 27 0
0 27 0
9.10736406310012 52 300
0 27 0
14.178766958738 53 325
14.178766958738 53 325
0 27 0
34.6254286622921 98 809
9.10736406310012 52 300
0 27 0
0 27 0
0 27 0
0 27 0
5.04944041884019 50 253
9.10736406310012 52 300
9.10736406310012 52 300
0 27 0
0 27 0
14.178766958738 53 325
28.5978145462664 78 625
0 27 0
2.34201715404811 46 171
0 27 0
0 27 0
0 27 0
0 27 0
6.57133701094345 51 276
11.6171304539432 68 420
22.5093742581258 87 607
0 27 0
0 27 0
0 27 0
0 27 0
0 27 0
0 27 0
5.04944041884019 50 253
6.57133701094345 51 276
0 27 0
18.3590422542006 73 515
0 27 0
0 27 0
0 27 0
0 27 0
6.57133701094345 51 276
1.12975020292289 41 91
0 27 0
9.10736406310012 52 300
0 27 0
9.10736406310012 52 300
0 27 0
0 27 0
1.72559511063675 44 136
9.08982945666145 67 396
0.262764859921124 32 10
0.855568148929868 39 66
0 27 0
3.35099829848302 50 102
16.4752234389134 87 579
4.03459052080877 49 231
0 27 0
0 27 0
0 27 0
0 27 0
0 27 0
0 27 0
0 27 0
0 27 0
0 27 0
0 27 0
0 27 0
14.178766958738 53 325
0 27 0
0 27 0
5.04944041884019 50 253
0 27 0
0 27 0
0 27 0
15.2892708522931 57 331
5.04944041884019 50 253
0 27 0
0 27 0
0 27 0
0 27 0
0.55058685114392 36 36
0 27 0
28.5978145462664 78 625
19.1575801002309 90 646
17.8598219243211 72 496
0 27 0
0 27 0
0 27 0
0 27 0
0 27 0
0 27 0
0 27 0
0.204368018398102 31 6
0 27 0
0 27 0
0 27 0
0 27 0
0 27 0
9.10736406310012 52 300
0 27 0
0 27 0
0 27 0
14.178766958738 53 325
0 27 0
0 27 0
0 27 0
0 27 0
0 27 0
0 27 0
9.10736406310012 52 300
0 27 0
0.325701008203891 33 15
0 27 0
0 27 0
0 27 0
4.03459052080877 49 231
9.10736406310012 52 300
0 27 0
0 27 0
14.178766958738 53 325
0 27 0
6.90218188210257 57 211
0 27 0
15.8694048762843 70 441
4.03459052080877 49 231
12.2833062228452 76 422
1.12975020292289 41 91
9.10736406310012 52 300
0 27 0
0 27 0
2.48059060029122 39 31
9.10736406310012 52 300
4.15173550897824 57 184
0 27 0
15.6776908236656 89 495
0 27 0
33.2977034477163 111 861
0 27 0
21.3878177914279 76 578
0 27 0
0 27 0
1.57342584113379 35 13
0 27 0
14.178766958738 53 325
0 27 0
0 27 0
0 27 0
0 27 0
0 27 0
0 27 0
0 27 0
0 27 0
0 27 0
2.29467679751625 48 112
0 27 0
0 27 0
0 27 0
5.20923366127246 58 189
0 27 0
0 27 0
0 27 0
0 27 0
23.9415217148143 88 554
0 27 0
2.76539624590574 47 190
0 27 0
0 27 0
0 27 0
0 27 0
0 27 0
0 27 0
0 27 0
0 27 0
9.10736406310012 52 300
0 27 0
16.6880600953885 68 430
0 27 0
0 27 0
0 27 0
0.55058685114392 36 36
9.82639168207199 55 303
0 27 0
31.781406729324 94 587
0 27 0
9.10736406310012 52 300
0.0981324889973866 29 1
14.178766958738 53 325
0 27 0
9.10736406310012 52 300
5.04944041884019 50 253
1.49412505701411 43 120
14.178766958738 53 325
9.10736406310012 52 300
9.10736406310012 52 300
2.76539624590574 47 190
28.5978145462664 78 625
0 27 0
2.76539624590574 47 190
0 27 0
0 27 0
0 27 0
0 27 0
0 27 0
0 27 0
0 27 0
14.178766958738 53 325
0 27 0
0 27 0
0 27 0
0 27 0
0 27 0
0 27 0
0 27 0
11.6425556113174 71 331
0 27 0
0 27 0
0 27 0
0 27 0
1.12975020292289 41 91
0 27 0
0 27 0
0.468597543280045 35 28
0 27 0
0 27 0
33.2336914864997 99 832
0 27 0
0 27 0
0 27 0
0 27 0
0 27 0
19.0268751808718 74 535
0 27 0
14.178766958738 53 325
0.742278199017282 38 55
28.5978145462664 78 625
0 27 0
0 27 0
0 27 0
14.178766958738 53 325
0 27 0
14.178766958738 53 325
0 27 0
15.5070447382377 59 340
0 27 0
0 27 0
0 27 0
0 27 0
4.03459052080877 49 231
14.178766958738 53 325
0 27 0
0 27 0
14.178766958738 53 325
0 27 0
0 27 0
0 27 0
0 27 0
9.10736406310012 52 300
0 27 0
0 27 0
3.30946373370622 48 210
14.178766958738 53 325
0 27 0
0 27 0
0 27 0
5.04944041884019 50 253
4.03459052080877 49 231
0 27 0
0 27 0
0 27 0
0 27 0
0 27 0
3.30946373370622 48 210
5.04944041884019 50 253
0 27 0
0 27 0
5.04944041884019 50 253
0.262764859921124 32 10
0 27 0
14.178766958738 53 325
4.38220825666422 55 186
0 27 0
0.855568148929868 39 66
9.10736406310012 52 300
2.13413056925437 34 9
0.855568148929868 39 66
0 27 0
0 27 0
2.0031016490616 45 153
0 27 0
0 27 0
3.30946373370622 48 210
15.1704943947274 56 328
0 27 0
18.6475162382278 70 346
16.4422502398876 75 421
14.178766958738 53 325
14.178766958738 53 325
5.04944041884019 50 253
0 27 0
2.34201715404811 46 171
0 27 0
0 27 0
5.04944041884019 50 253
0 27 0
0 27 0
0 27 0
17.4555691301833 72 484
0 27 0
8.16276047021847 67 389
0 27 0
6.57133701094345 51 276
0 27 0
0 27 0
0 27 0
5.04944041884019 50 253
14.178766958738 53 325
0 27 0
0 27 0
0 27 0
0 27 0
24.970113156377 91 653
14.178766958738 53 325
0 27 0
4.03459052080877 49 231
0 27 0
0 27 0
0 27 0
0 27 0
0 27 0
0 27 0
0 27 0
2.34201715404811 46 171
10.5720261431531 67 381
0 27 0
0 27 0
18.3590422542006 73 515
14.178766958738 53 325
2.34201715404811 46 171
9.10736406310012 52 300
0 27 0
0 27 0
0 27 0
1.29804592139994 42 105
14.178766958738 53 325
0 27 0
0 27 0
0 27 0
5.81743522453547 62 295
5.04944041884019 50 253
0 27 0
0 27 0
0 27 0
0 27 0
0.204368018398102 31 6
0 27 0
0 27 0
0 27 0
0 27 0
0 27 0
0 27 0
8.85220591651621 63 307
0 27 0
0 27 0
0 27 0
0 27 0
0 27 0
0 27 0
0 27 0
0 27 0
0 27 0
0 27 0
0.55058685114392 36 36
0 27 0
9.10736406310012 52 300
5.04944041884019 50 253
14.178766958738 53 325
0 27 0
0 27 0
28.5978145462664 78 625
0 27 0
0 27 0
0 27 0
0 27 0
0 27 0
0 27 0
0 27 0
0 27 0
0.55058685114392 36 36
2.76539624590574 47 190
0 27 0
0 27 0
0 27 0
0 27 0
0 27 0
0 27 0
11.5477097868087 51 67
5.04944041884019 50 253
1.55716941958857 44 94
0 27 0
0 27 0
2.76539624590574 47 190
6.57133701094345 51 276
0 27 0
0 27 0
2.76539624590574 47 190
14.178766958738 53 325
10.9976740837535 55 91
0 27 0
6.57133701094345 51 276
12.304866180066 70 453
1.29804592139994 42 105
0 27 0
0 27 0
0 27 0
0 27 0
0 27 0
0 27 0
0 27 0
2.0031016490616 45 153
0 27 0
0 27 0
0 27 0
0 27 0
0 27 0
0 27 0
0 27 0
0 27 0
1.49412505701411 43 120
0 27 0
0 27 0
0 27 0
37.6609742441923 100 854
15.7560109700155 74 531
14.178766958738 53 325
0 27 0
6.57133701094345 51 276
0 27 0
0 27 0
0 27 0
5.04944041884019 50 253
0 27 0
0 27 0
0 27 0
14.178766958738 53 325
0 27 0
0 27 0
0 27 0
0 27 0
0 27 0
0 27 0
5.04944041884019 50 253
0 27 0
6.1645594414357 59 289
0 27 0
0 27 0
11.6855297137277 69 421
0 27 0
0 27 0
0 27 0
0 27 0
0.983654965505565 40 78
17.8598219243211 72 496
0 27 0
0 27 0
0 27 0
0 27 0
0 27 0
0 27 0
0 27 0
0.0981324889973866 29 1
5.04944041884019 50 253
0 27 0
0 27 0
15.8694048762843 70 441
2.83786158835685 47 94
0 27 0
14.178766958738 53 325
0 27 0
0 27 0
0 27 0
0 27 0
0 27 0
14.178766958738 53 325
0 27 0
0 27 0
0 27 0
0 27 0
9.10736406310012 52 300
0 27 0
0 27 0
0 27 0
14.178766958738 53 325
0 27 0
0 27 0
0.325701008203891 33 15
0 27 0
0 27 0
0 27 0
1.49412505701411 43 120
14.178766958738 53 325
14.178766958738 53 325
0 27 0
0 27 0
0.468597543280045 35 28
0 27 0
0 27 0
14.178766958738 53 325
0 27 0
0 27 0
17.1604479664073 70 461
0 27 0
0 27 0
19.5732627491337 74 529
0 27 0
2.76539624590574 47 190
1.29804592139994 42 105
0 27 0
0 27 0
0 27 0
0 27 0
0 27 0
0 27 0
0 27 0
0.0981324889973866 29 1
0 27 0
0 27 0
0 27 0
14.178766958738 53 325
4.03459052080877 49 231
1.72559511063675 44 136
0 27 0
1.72559511063675 44 136
0 27 0
0 27 0
0 27 0
14.178766958738 53 325
5.04944041884019 50 253
17.258208921567 80 446
6.57133701094345 51 276
0 27 0
0 27 0
5.04944041884019 50 253
0 27 0
0 27 0
15.0388262401735 55 326
0.468597543280045 35 28
0 27 0
0 27 0
0 27 0
0 27 0
5.04944041884019 50 253
0 27 0
1.72559511063675 44 136
9.10736406310012 52 300
1.72559511063675 44 136
0 27 0
0 27 0
0 27 0
0 27 0
0 27 0
0 27 0
0 27 0
0 27 0
0 27 0
0 27 0
14.178766958738 53 325
9.71857444898245 54 301
0 27 0
4.03459052080877 49 231
0 27 0
0 27 0
0 27 0
0 27 0
0 27 0
0 27 0
3.30946373370622 48 210
0 27 0
0 27 0
0.394000420772755 34 21
0 27 0
0 27 0
0 27 0
0 27 0
0 27 0
0 27 0
0 27 0
0 27 0
0 27 0
0 27 0
6.57133701094345 51 276
0 27 0
0 27 0
2.34201715404811 46 171
0 27 0
5.04944041884019 50 253
0 27 0
14.178766958738 53 325
4.80309946078465 49 111
14.178766958738 53 325
9.10736406310012 52 300
0 27 0
14.178766958738 53 325
0 27 0
0 27 0
14.178766958738 53 325
0 27 0
0 27 0
0 27 0
0 27 0
9.10736406310012 52 300
0 27 0
0 27 0
0 27 0
0 27 0
14.178766958738 53 325
0 27 0
0 27 0
0 27 0
0 27 0
14.178766958738 53 325
0.262764859921124 32 10
0 27 0
0 27 0
0 27 0
14.178766958738 53 325
0 27 0
6.57133701094345 51 276
0 27 0
0.742278199017282 38 55
0 27 0
0 27 0
3.30946373370622 48 210
14.178766958738 53 325
0 27 0
9.10736406310012 52 300
0 27 0
0 27 0
0 27 0
11.6440722015958 62 289
0 27 0
0 27 0
0.641280026244963 37 45
0 27 0
0.0981324889973866 29 1
0 27 0
0 27 0
0 27 0
0 27 0
0 27 0
0 27 0
0 27 0
0 27 0
0 27 0
0 27 0
0 27 0
0 27 0
22.7549382744555 76 576
6.57133701094345 51 276
0 27 0
0 27 0
0 27 0
0 27 0
14.178766958738 53 325
9.10736406310012 52 300
0 27 0
0 27 0
0 27 0
0 27 0
5.04944041884019 50 253
5.04944041884019 50 253
4.03459052080877 49 231
0 27 0
0 27 0
4.03459052080877 49 231
2.76539624590574 47 190
0 27 0
14.178766958738 53 325
0 27 0
9.10736406310012 52 300
0 27 0
14.178766958738 53 325
0 27 0
0 27 0
28.5978145462664 78 625
28.5978145462664 78 625
0 27 0
0 27 0
11.6171304539432 68 420
28.5978145462664 78 625
0 27 0
0 27 0
0 27 0
0 27 0
0.262764859921124 32 10
0 27 0
14.178766958738 53 325
21.4332691918362 80 544
0 27 0
14.178766958738 53 325
0 27 0
0 27 0
0 27 0
0 27 0
11.1532396446761 66 391
0 27 0
6.57133701094345 51 276
0 27 0
0 27 0
0 27 0
6.84889383840005 56 260
0 27 0
1.72559511063675 44 136
0 27 0
0 27 0
0 27 0
2.76539624590574 47 190
9.10736406310012 52 300
0 27 0
0 27 0
0 27 0
0 27 0
0 27 0
0 27 0
14.178766958738 53 325
0 27 0
0 27 0
0 27 0
0 27 0
0 27 0
0.983654965505565 40 78
0 27 0
0 27 0
0 27 0
14.178766958738 53 325
0 27 0
9.10736406310012 52 300
17.1604479664073 70 461
0 27 0
28.5978145462664 78 625
21.3878177914279 76 578
0 27 0
5.04944041884019 50 253
3.30946373370622 48 210
6.57133701094345 51 276
46.2816813442483 117 970
5.04944041884019 50 253
9.10736406310012 52 300
0 27 0
0 27 0
0 27 0
14.3375601742356 74 491
0 27 0
0 27 0
0 27 0
28.5978145462664 78 625
9.10736406310012 52 300
2.34201715404811 46 171
0 27 0
0 27 0
0 27 0
0 27 0
6.57133701094345 51 276
0 27 0
4.03459052080877 49 231
0 27 0
21.3878177914279 76 578
14.178766958738 53 325
0 27 0
9.10736406310012 52 300
5.04944041884019 50 253
0 27 0
0 27 0
23.7762908934592 77 601
0 27 0
0 27 0
5.04944041884019 50 253
17.4717518301326 71 478
4.03459052080877 49 231
0 27 0
0 27 0
9.86791740747403 57 142
5.04944041884019 50 253
3.37436104393102 52 200
9.10736406310012 52 300
0.325701008203891 33 15
34.5414197209313 106 771
14.178766958738 53 325
0 27 0
16.5719801549915 86 568
0 27 0
2.34201715404811 46 171
0 27 0
0 27 0
14.178766958738 53 325
0 27 0
0 27 0
0 27 0
0 27 0
0 27 0
5.04944041884019 50 253
28.5978145462664 78 625
2.0031016490616 45 153
0 27 0
0 27 0
0 27 0
0 27 0
0 27 0
0 27 0
0 27 0
3.30946373370622 48 210
0 27 0
0 27 0
0 27 0
0 27 0
0 27 0
0.641280026244963 37 45
0 27 0
4.03459052080877 49 231
0 27 0
0 27 0
2.34201715404811 46 171
0 27 0
0 27 0
0 27 0
2.76539624590574 47 190
0 27 0
0.641280026244963 37 45
0 27 0
5.04944041884019 50 253
14.178766958738 53 325
0 27 0
0 27 0
0 27 0
16.6880600953885 68 430
0 27 0
0 27 0
0.983654965505565 40 78
14.178766958738 53 325
0.55058685114392 36 36
0 27 0
0 27 0
0 27 0
0 27 0
0 27 0
0 27 0
0 27 0
14.178766958738 53 325
0 27 0
14.178766958738 53 325
0 27 0
0 27 0
5.04944041884019 50 253
0 27 0
0 27 0
0 27 0
0 27 0
0 27 0
0 27 0
6.57133701094345 51 276
0 27 0
0 27 0
2.0031016490616 45 153
0 27 0
0 27 0
0 27 0
0 27 0
0 27 0
0 27 0
0 27 0
0 27 0
14.2303864727771 70 339
15.7560109700155 74 531
0 27 0
0 27 0
0 27 0
0 27 0
0 27 0
0 27 0
14.178766958738 53 325
0 27 0
0 27 0
0 27 0
18.0793575230102 75 553
0 27 0
9.10736406310012 52 300
0 27 0
14.178766958738 53 325
0 27 0
0 27 0
0 27 0
0 27 0
0 27 0
1.72559511063675 44 136
0 27 0
0 27 0
0 27 0
10.0561352967772 58 225
1.29804592139994 42 105
0 27 0
0 27 0
0 27 0
19.5732627491337 74 529
14.178766958738 53 325
14.178766958738 53 325
5.04944041884019 50 253
0 27 0
14.178766958738 53 325
28.5978145462664 78 625
14.178766958738 53 325
0 27 0
0 27 0
0 27 0
0 27 0
0 27 0
5.04944041884019 50 253
0 27 0
0 27 0
1.49412505701411 43 120
0 27 0
0.855568148929868 39 66
0 27 0
0 27 0
0.325701008203891 33 15
0 27 0
0 27 0
0 27 0
6.57133701094345 51 276
14.178766958738 53 325
0 27 0
0 27 0
14.178766958738 53 325
0 27 0
0 27 0
0 27 0
0 27 0
35.1188094982841 99 835
0 27 0
0 27 0
2.34201715404811 46 171
0 27 0
14.178766958738 53 325
0 27 0
4.99922136500675 57 259
0 27 0
0 27 0
6.57133701094345 51 276
0 27 0
0 27 0
0 27 0
14.178766958738 53 325
14.178766958738 53 325
2.76539624590574 47 190
0 27 0
0 27 0
10.9363929735716 70 443
0 27 0
0 27 0
0 27 0
0 27 0
14.178766958738 53 325
14.178766958738 53 325
9.10736406310012 52 300
0 27 0
0 27 0
0 27 0
6.57133701094345 51 276
0 27 0
0 27 0
2.0031016490616 45 153
0 27 0
4.03459052080877 49 231
0 27 0
17.4555691301833 72 484
0 27 0
0 27 0
0 27 0
14.178766958738 53 325
0 27 0
5.04944041884019 50 253
0 27 0
0 27 0
0 27 0
0 27 0
5.04944041884019 50 253
0 27 0
0 27 0
2.28520244048198 47 99
0 27 0
0 27 0
17.4555691301833 72 484
0 27 0
0 27 0
0 27 0
9.10736406310012 52 300
0 27 0
9.10736406310012 52 300
0 27 0
9.10736406310012 52 300
0 27 0
0 27 0
0 27 0
0 27 0
14.178766958738 53 325
0 27 0
0 27 0
0.262764859921124 32 10
0 27 0
0 27 0
0 27 0
14.178766958738 53 325
0 27 0
0 27 0
4.03459052080877 49 231
0 27 0
0 27 0
1.29804592139994 42 105
0 27 0
0 27 0
0.204368018398102 31 6
0 27 0
4.03459052080877 49 231
0 27 0
0 27 0
9.10736406310012 52 300
14.178766958738 53 325
0 27 0
0 27 0
0 27 0
0 27 0
0 27 0
2.34201715404811 46 171
0.0981324889973866 29 1
0 27 0
0 27 0
0 27 0
0 27 0
6.57133701094345 51 276
0 27 0
0 27 0
0 27 0
25.3346771894561 80 604
0.983654965505565 40 78
0 27 0
0 27 0
0 27 0
0 27 0
6.57133701094345 51 276
8.53885807997083 53 110
0.742278199017282 38 55
0 27 0
0 27 0
0 27 0
0 27 0
9.10736406310012 52 300
9.10736406310012 52 300
0 27 0
0 27 0
0 27 0
0 27 0
0 27 0
6.57133701094345 51 276
0 27 0
0 27 0
43.4582288686757 111 881
15.8694048762843 70 441
0 27 0
0 27 0
0 27 0
0 27 0
0 27 0
0 27 0
9.10736406310012 52 300
0 27 0
19.9670760764898 75 556
0 27 0
2.76539624590574 47 190
19.9670760764898 75 556
4.03459052080877 49 231
2.0031016490616 45 153
0 27 0
15.8694048762843 70 441
19.9670760764898 75 556
0 27 0
0 27 0
0 27 0
2.1480228282708 48 130
0 27 0
0 27 0
0 27 0
0 27 0
0 27 0
9.10736406310012 52 300
0 27 0
0 27 0
0 27 0
0 27 0
0 27 0
0 27 0
0 27 0
0 27 0
0 27 0
18.0793575230102 75 553
0 27 0
6.81605845341031 63 331
0 27 0
0 27 0
0 27 0
0 27 0
0 27 0
0 27 0
14.178766958738 53 325
0 27 0
0 27 0
14.178766958738 53 325
0 27 0
0 27 0
15.5070447382377 59 340
0 27 0
0 27 0
0 27 0
0 27 0
0 27 0
14.178766958738 53 325
7.25750057272351 50 121
6.57133701094345 51 276
1.49412505701411 43 120
0 27 0
0 27 0
13.4927770807621 66 361
0 27 0
0.55058685114392 36 36
0 27 0
36.4399837045863 100 856
4.03459052080877 49 231
1.72559511063675 44 136
0 27 0
9.10736406310012 52 300
14.178766958738 53 325
0 27 0
0 27 0
14.178766958738 53 325
14.178766958738 53 325
0 27 0
0 27 0
1.12975020292289 41 91
0 27 0
0 27 0
0 27 0
0 27 0
0 27 0
2.34201715404811 46 171
0 27 0
0 27 0
3.30946373370622 48 210
0 27 0
0 27 0
6.57133701094345 51 276
0 27 0
0 27 0
0 27 0
0 27 0
0 27 0
0 27 0
0 27 0
0 27 0
14.178766958738 53 325
0 27 0
5.04944041884019 50 253
14.178766958738 53 325
0 27 0
0 27 0
28.5978145462664 78 625
0 27 0
0 27 0
0 27 0
0 27 0
14.586529938077 68 400
1.43116000674289 43 81
0 27 0
1.99816930896647 46 93
0 27 0
0 27 0
0 27 0
0 27 0
4.03459052080877 49 231
14.178766958738 53 325
0 27 0
0 27 0
0 27 0
0 27 0
0 27 0
0 27 0
0 27 0
0 27 0
14.178766958738 53 325
0 27 0
0 27 0
5.04944041884019 50 253
0 27 0
0 27 0
0 27 0
0 27 0
0 27 0
0 27 0
0 27 0
0 27 0
0 27 0
0 27 0
0 27 0
14.178766958738 53 325
9.10736406310012 52 300
0 27 0
9.10736406310012 52 300
0 27 0
0 27 0
0 27 0
0 27 0
6.58253669462828 63 310
0 27 0
0 27 0
0 27 0
0 27 0
14.586529938077 68 400
3.30946373370622 48 210
0 27 0
5.04944041884019 50 253
14.178766958738 53 325
0 27 0
0 27 0
28.5978145462664 78 625
9.10736406310012 52 300
2.0031016490616 45 153
0 27 0
0 27 0
17.4555691301833 72 484
0 27 0
25.8657278442103 86 330
0 27 0
0 27 0
0 27 0
0 27 0
18.3590422542006 73 515
4.03459052080877 49 231
28.5978145462664 78 625
0 27 0
0 27 0
1.49412505701411 43 120
0 27 0
0 27 0
0 27 0
0 27 0
0 27 0
0 27 0
0 27 0
0 27 0
0 27 0
0 27 0
0 27 0
0 27 0
16.6880600953885 68 430
0.262764859921124 32 10
0 27 0
14.178766958738 53 325
0 27 0
0 27 0
0 27 0
0 27 0
28.5978145462664 78 625
28.815521930951 90 649
0 27 0
0 27 0
0 27 0
14.178766958738 53 325
0 27 0
0 27 0
0 27 0
6.57133701094345 51 276
14.178766958738 53 325
0 27 0
0 27 0
0 27 0
6.57133701094345 51 276
14.178766958738 53 325
0 27 0
0 27 0
5.34931003009472 59 244
23.7762908934592 77 601
0 27 0
0 27 0
0.641280026244963 37 45
0 27 0
0 27 0
0 27 0
15.8694048762843 70 441
1.72559511063675 44 136
6.57133701094345 51 276
0 27 0
2.42663210417614 42 51
0 27 0
14.178766958738 53 325
0 27 0
0 27 0
0 27 0
5.04944041884019 50 253
0 27 0
14.178766958738 53 325
0 27 0
32.8108736199979 96 760
0 27 0
0 27 0
0 27 0
3.60231459080267 54 211
0 27 0
0 27 0
0.0981324889973866 29 1
0 27 0
0 27 0
14.178766958738 53 325
0 27 0
0 27 0
0 27 0
14.178766958738 53 325
0 27 0
0 27 0
0 27 0
14.178766958738 53 325
0 27 0
0 27 0
14.178766958738 53 325
5.18963103142074 60 262
2.76539624590574 47 190
6.57133701094345 51 276
14.178766958738 53 325
0 27 0
0 27 0
2.94937153592184 51 181
0 27 0
0 27 0
9.10736406310012 52 300
0 27 0
5.80822718216214 53 157
22.7549382744555 76 576
14.178766958738 53 325
0 27 0
14.178766958738 53 325
0 27 0
11.6440722015958 62 289
0 27 0
1.12975020292289 41 91
0 27 0
0 27 0
0 27 0
0 27 0
0 27 0
0 27 0
0 27 0
0 27 0
0 27 0
0 27 0
0 27 0
0 27 0
6.57133701094345 51 276
0 27 0
0 27 0
0 27 0
0 27 0
12.304866180066 70 453
0 27 0
14.178766958738 53 325
0 27 0
0 27 0
0 27 0
5.04944041884019 50 253
0.983654965505565 40 78
16.0627856201874 64 380
0.55058685114392 36 36
0 27 0
6.57133701094345 51 276
0 27 0
0 27 0
0 27 0
0 27 0
5.80822718216214 53 157
0 27 0
0 27 0
0 27 0
4.03459052080877 49 231
0.468597543280045 35 28
0 27 0
9.10736406310012 52 300
0 27 0
5.04944041884019 50 253
0 27 0
10.3216530557168 60 328
5.04944041884019 50 253
0 27 0
0 27 0
0 27 0
1.49412505701411 43 120
0.742278199017282 38 55
0 27 0
14.178766958738 53 325
0 27 0
0 27 0
14.178766958738 53 325
10.5383719429515 63 163
0 27 0
0.0981324889973866 29 1
0 27 0
0 27 0
0 27 0
5.04944041884019 50 253
0 27 0
14.178766958738 53 325
0 27 0
0 27 0
0 27 0
0 27 0
0 27 0
0 27 0
0 27 0
3.30946373370622 48 210
0 27 0
0 27 0
0 27 0
0 27 0
9.10736406310012 52 300
0 27 0
0 27 0
0 27 0
0 27 0
0 27 0
14.178766958738 53 325
14.586529938077 68 400
1.49412505701411 43 120
0.325701008203891 33 15
0 27 0
0 27 0
5.04944041884019 50 253
0 27 0
14.178766958738 53 325
6.57133701094345 51 276
0 27 0
0 27 0
0 27 0
2.76539624590574 47 190
14.178766958738 53 325
6.6006076001071 48 100
0 27 0
4.03459052080877 49 231
0 27 0
0 27 0
0 27 0
2.76539624590574 47 190
0 27 0
0 27 0
0 27 0
19.0268751808718 74 535
0 27 0
0 27 0
0 27 0
0 27 0
0 27 0
0 27 0
14.178766958738 53 325
16.0627856201874 64 380
0 27 0
0 27 0
5.04944041884019 50 253
0 27 0
0 27 0
37.8578337130767 102 758
0 27 0
0 27 0
0 27 0
0 27 0
0 27 0
0 27 0
0 27 0
0.742278199017282 38 55
22.7549382744555 76 576
0 27 0
0 27 0
9.10736406310012 52 300
0 27 0
28.921173727152 96 772
14.178766958738 53 325
0.55058685114392 36 36
0 27 0
13.4500590437848 72 490
26.2193058113044 91 681
11.1532396446761 66 391
14.178766958738 53 325
0 27 0
0 27 0
0 27 0
14.178766958738 53 325
9.6488411057776 65 343
0 27 0
0 27 0
0 27 0
0 27 0
0 27 0
0 27 0
0 27 0
0 27 0
0 27 0
15.8694048762843 70 441
0 27 0
23.7762908934592 77 601
1.12975020292289 41 91
32.6073025519776 96 766
0 27 0
0 27 0
0 27 0
0 27 0
19.9957106268984 87 481
6.57133701094345 51 276
0 27 0
0 27 0
0 27 0
0 27 0
0 27 0
0 27 0
0 27 0
27.370821677396 93 596
3.57566145626418 48 102
0 27 0
0 27 0
0 27 0
0 27 0
0 27 0
9.10736406310012 52 300
0 27 0
0 27 0
9.10736406310012 52 300
14.178766958738 53 325
12.4787963998933 79 462
0 27 0
0 27 0
28.5978145462664 78 625
0 27 0
1.12975020292289 41 91
0 27 0
9.10736406310012 52 300
0 27 0
0 27 0
0 27 0
9.61107446260099 70 251
0 27 0
0 27 0
14.178766958738 53 325
0 27 0
14.178766958738 53 325
2.0031016490616 45 153
0.394000420772755 34 21
20.3276281128784 77 538
6.57133701094345 51 276
0 27 0
0 27 0
0 27 0
0 27 0
4.03459052080877 49 231
0 27 0
0.742278199017282 38 55
6.49252529809139 44 42
0 27 0
0 27 0
0 27 0
0 27 0
2.76539624590574 47 190
9.10736406310012 52 300
0 27 0
0 27 0
0 27 0
0 27 0
0 27 0
5.04944041884019 50 253
0 27 0
2.34201715404811 46 171
0 27 0
0 27 0
0 27 0
0 27 0
0 27 0
5.04944041884019 50 253
0 27 0
0 27 0
0 27 0
0.55058685114392 36 36
0 27 0
0 27 0
0 27 0
0 27 0
0 27 0
0 27 0
0 27 0
0 27 0
0.641280026244963 37 45
3.48269720686797 53 205
0 27 0
0 27 0
0 27 0
0 27 0
14.178766958738 53 325
0 27 0
0 27 0
0 27 0
0 27 0
0 27 0
0 27 0
0 27 0
2.76539624590574 47 190
0 27 0
0 27 0
1.29804592139994 42 105
0 27 0
0 27 0
0 27 0
14.178766958738 53 325
0 27 0
0 27 0
0 27 0
8.77779048265633 68 406
0 27 0
0 27 0
6.57133701094345 51 276
0 27 0
14.178766958738 53 325
0 27 0
0 27 0
9.10736406310012 52 300
35.8740633916831 112 883
0 27 0
0 27 0
0 27 0
0 27 0
0 27 0
0 27 0
27.1579836038212 95 557
5.04944041884019 50 253
1.84488591123568 41 46
16.5023177264381 67 416
0 27 0
28.1054493359638 104 589
0 27 0
0 27 0
4.85512405524901 60 238
0 27 0
5.04944041884019 50 253
6.57133701094345 51 276
0 27 0
5.04944041884019 50 253
9.10736406310012 52 300
14.178766958738 53 325
2.76539624590574 47 190
5.04944041884019 50 253
0 27 0
14.178766958738 53 325
14.178766958738 53 325
14.178766958738 53 325
0 27 0
0 27 0
14.178766958738 53 325
0 27 0
0 27 0
0 27 0
0 27 0
0 27 0
0 27 0
6.92860882732849 65 351
0 27 0
1.12975020292289 41 91
0 27 0
1.29804592139994 42 105
0 27 0
0 27 0
0 27 0
0 27 0
9.10736406310012 52 300
0 27 0
5.04944041884019 50 253
0 27 0
0 27 0
0 27 0
0 27 0
0 27 0
1.29804592139994 42 105
0 27 0
0 27 0
0 27 0
0 27 0
0 27 0
0 27 0
17.8598219243211 72 496
19.0268751808718 74 535
6.92860882732849 65 351
0 27 0
0 27 0
0 27 0
22.5076886889616 85 534
0 27 0
0 27 0
0 27 0
0 27 0
0.855568148929868 39 66
0.325701008203891 33 15
0 27 0
0 27 0
0 27 0
0 27 0
0 27 0
0 27 0
0.0981324889973866 29 1
0 27 0
0 27 0
9.10736406310012 52 300
0 27 0
0 27 0
0 27 0
0 27 0
0 27 0
0 27 0
0 27 0
0 27 0
0 27 0
1.29804592139994 42 105
0.855568148929868 39 66
0 27 0
0.855568148929868 39 66
0 27 0
14.8166559307207 68 262
0 27 0
0 27 0
0 27 0
0 27 0
0 27 0
0 27 0
0 27 0
0 27 0
0 27 0
0 27 0
0 27 0
0 27 0
0 27 0
6.57133701094345 51 276
0 27 0
6.57133701094345 51 276
0 27 0
0 27 0
0 27 0
0 27 0
0 27 0
0 27 0
0 27 0
16.6134935616076 85 538
0 27 0
0 27 0
0 27 0
8.16398566889441 63 342
0 27 0
0 27 0
14.178766958738 53 325
0 27 0
0 27 0
0 27 0
0 27 0
18.3590422542006 73 515
0 27 0
0 27 0
14.178766958738 53 325
0.641280026244963 37 45
0 27 0
0 27 0
0 27 0
0 27 0
0.0981324889973866 29 1
0 27 0
2.34201715404811 46 171
14.178766958738 53 325
0 27 0
0 27 0
0.468597543280045 35 28
0 27 0
0 27 0
9.10736406310012 52 300
0 27 0
0 27 0
0 27 0
0.742278199017282 38 55
0 27 0
0 27 0
10.5720261431531 67 381
3.30946373370622 48 210
0 27 0
14.178766958738 53 325
0 27 0
0 27 0
0 27 0
0 27 0
0 27 0
1.12975020292289 41 91
14.178766958738 53 325
37.6609742441923 100 854
0 27 0
0 27 0
0 27 0
14.178766958738 53 325
0 27 0
0 27 0
0 27 0
0 27 0
0 27 0
5.04944041884019 50 253
0 27 0
9.10736406310012 52 300
0 27 0
0 27 0
0 27 0
22.7549382744555 76 576
0 27 0
0 27 0
0 27 0
0 27 0
1.49412505701411 43 120
0 27 0
0 27 0
0 27 0
0 27 0
0 27 0
0 27 0
0 27 0
28.5978145462664 78 625
0 27 0
14.178766958738 53 325
10.9363929735716 70 443
28.5978145462664 78 625
0 27 0
0 27 0
22.7591050110322 89 640
0 27 0
0 27 0
0 27 0
0 27 0
0 27 0
0 27 0
0 27 0
0 27 0
6.57133701094345 51 276
0 27 0
0 27 0
0 27 0
0 27 0
0 27 0
0 27 0
0 27 0
0 27 0
0 27 0
9.10736406310012 52 300
0 27 0
0 27 0
14.178766958738 53 325
0 27 0
0 27 0
0 27 0
0 27 0
6.57133701094345 51 276
5.04944041884019 50 253
5.04944041884019 50 253
1.71093548029545 45 108
0.641280026244963 37 45
14.178766958738 53 325
1.49412505701411 43 120
14.178766958738 53 325
9.10736406310012 52 300
0 27 0
0 27 0
0.855568148929868 39 66
0 27 0
0 27 0
0 27 0
16.6880600953885 68 430
0 27 0
0 27 0
0 27 0
0 27 0
0 27 0
0 27 0
14.178766958738 53 325
0 27 0
14.178766958738 53 325
0 27 0
0 27 0
4.03459052080877 49 231
0 27 0
0 27 0
8.77779048265633 68 406
14.178766958738 53 325
0 27 0
0 27 0
9.10736406310012 52 300
2.28520244048198 47 99
36.6396216251887 99 829
0.468597543280045 35 28
14.178766958738 53 325
0 27 0
0 27 0
0 27 0
0 27 0
0 27 0
0 27 0
2.34201715404811 46 171
0 27 0
0 27 0
0 27 0
0 27 0
0 27 0
0 27 0
0 27 0
3.30946373370622 48 210
10.8129899114717 64 366
0 27 0
0 27 0
0 27 0
17.5959219671145 82 511
0 27 0
0 27 0
0 27 0
24.3736929302452 92 682
0 27 0
0 27 0
9.65775705853925 69 241
0 27 0
15.5130772750075 74 389
14.178766958738 53 325
0 27 0
0 27 0
0 27 0
0 27 0
0 27 0
0 27 0
0 27 0
0 27 0
2.34201715404811 46 171
3.30946373370622 48 210
1.12975020292289 41 91
0 27 0
0 27 0
0 27 0
0 27 0
0.855568148929868 39 66
0 27 0
9.10736406310012 52 300
0 27 0
0 27 0
0 27 0
0 27 0
0 27 0
0 27 0
2.02805782092041 37 21
14.178766958738 53 325
0 27 0
0 27 0
0 27 0
0 27 0
0 27 0
0 27 0
0 27 0
0 27 0
32.3031029892044 93 730
14.178766958738 53 325
2.76539624590574 47 190
1.12975020292289 41 91
0 27 0
0 27 0
0 27 0
0 27 0
0 27 0
19.0268751808718 74 535
0 27 0
4.03459052080877 49 231
0 27 0
0 27 0
0 27 0
0 27 0
12.5246706013689 64 324
0 27 0
0 27 0
28.5978145462664 78 625
0 27 0
0 27 0
0 27 0
0 27 0
0 27 0
0.855568148929868 39 66
0 27 0
0 27 0
0 27 0
0 27 0
3.08798645143679 49 191
0 27 0
0 27 0
22.7549382744555 76 576
22.1980372624728 85 442
0 27 0
0 27 0
0 27 0
0.55058685114392 36 36
0 27 0
0.149746735225147 30 3
0 27 0
0 27 0
0 27 0
0 27 0
18.0793575230102 75 553
0 27 0
2.0031016490616 45 153
0 27 0
0 27 0
14.178766958738 53 325
25.3346771894561 80 604
0 27 0
0.325701008203891 33 15
0 27 0
0 27 0
0 27 0
0.55058685114392 36 36
14.178766958738 53 325
0 27 0
2.13413056925437 34 9
14.178766958738 53 325
0 27 0
28.5978145462664 78 625
0 27 0
0 27 0
0 27 0
0 27 0
1.72559511063675 44 136
0 27 0
3.30946373370622 48 210
0 27 0
0 27 0
0 27 0
0 27 0
4.03459052080877 49 231
0 27 0
0 27 0
0 27 0
0 27 0
32.6073025519776 96 766
14.178766958738 53 325
9.10736406310012 52 300
14.178766958738 53 325
0 27 0
0 27 0
0 27 0
0 27 0
0 27 0
0 27 0
0 27 0
14.178766958738 53 325
0 27 0
0 27 0
0 27 0
14.178766958738 53 325
0 27 0
5.04944041884019 50 253
0 27 0
0 27 0
0 27 0
0 27 0
0 27 0
10.2195285568288 59 321
19.5732627491337 74 529
9.10736406310012 52 300
2.76539624590574 47 190
0 27 0
0 27 0
0 27 0
2.34201715404811 46 171
13.4927770807621 66 361
3.30946373370622 48 210
0 27 0
13.4927770807621 66 361
0 27 0
0 27 0
0 27 0
0 27 0
0 27 0
0 27 0
0 27 0
2.0031016490616 45 153
0 27 0
0 27 0
0 27 0
0.983654965505565 40 78
9.10736406310012 52 300
14.178766958738 53 325
5.04944041884019 50 253
0 27 0
0 27 0
0 27 0
0 27 0
0 27 0
14.178766958738 53 325
11.9232928203578 69 436
19.4816819413455 90 651
6.57133701094345 51 276
5.04944041884019 50 253
0 27 0
0 27 0
0 27 0
0 27 0
0 27 0
0 27 0
19.9670760764898 75 556
6.57133701094345 51 276
0 27 0
0 27 0
0 27 0
0 27 0
19.9670760764898 75 556
0 27 0
0 27 0
0 27 0
1.49412505701411 43 120
0 27 0
2.76539624590574 47 190
14.178766958738 53 325
9.10736406310012 52 300
0 27 0
0 27 0
9.10736406310012 52 300
0 27 0
0 27 0
0.855568148929868 39 66
14.178766958738 53 325
0 27 0
0 27 0
0 27 0
0 27 0
0 27 0
9.10736406310012 52 300
5.04944041884019 50 253
0 27 0
0 27 0
9.10736406310012 52 300
0 27 0
0 27 0
0 27 0
0 27 0
0 27 0
0 27 0
0 27 0
21.3878177914279 76 578
0 27 0
0 27 0
0 27 0
6.57133701094345 51 276
0 27 0
1.49412505701411 43 120
0 27 0
26.051039653207 85 629
14.178766958738 53 325
0 27 0
0 27 0
0 27 0
0 27 0
0 27 0
0 27 0
8.62947190192464 69 310
0 27 0
9.10736406310012 52 300
0 27 0
0 27 0
0 27 0
0 27 0
0 27 0
0 27 0
0 27 0
0 27 0
0 27 0
0 27 0
14.178766958738 53 325
0 27 0
2.76539624590574 47 190
0 27 0
0 27 0
8.16276047021847 67 389
0 27 0
0 27 0
0 27 0
0 27 0
0 27 0
0 27 0
0 27 0
0 27 0
1.12975020292289 41 91
0 27 0
0 27 0
0 27 0
0 27 0
0 27 0
0 27 0
0 27 0
11.6855297137277 69 421
0 27 0
1.12975020292289 41 91
0 27 0
2.34201715404811 46 171
5.04944041884019 50 253
0 27 0
0 27 0
0 27 0
14.178766958738 53 325
0 27 0
22.7549382744555 76 576
0 27 0
14.178766958738 53 325
0 27 0
37.1478827365882 112 910
0 27 0
0 27 0
0 27 0
0 27 0
4.03459052080877 49 231
0 27 0
0 27 0
0 27 0
0 27 0
0 27 0
0 27 0
2.76539624590574 47 190
0 27 0
0 27 0
12.6524042698534 57 136
0 27 0
0 27 0
0 27 0
14.178766958738 53 325
0 27 0
14.178766958738 53 325
0 27 0
0 27 0
0 27 0
0 27 0
0 27 0
0 27 0
2.76539624590574 47 190
0 27 0
0.0981324889973866 29 1
0 27 0
9.10736406310012 52 300
0 27 0
0 27 0
0 27 0
24.970113156377 91 653
43.8363996051881 125 968
5.04944041884019 50 253
4.03459052080877 49 231
0 27 0
0 27 0
0 27 0
0.855568148929868 39 66
0 27 0
0 27 0
2.0031016490616 45 153
0 27 0
0 27 0
0 27 0
9.10736406310012 52 300
9.10736406310012 52 300
0 27 0
0 27 0
0 27 0
0 27 0
0 27 0
9.10736406310012 52 300
2.76539624590574 47 190
0 27 0
9.10736406310012 52 300
0 27 0
0 27 0
0 27 0
14.178766958738 53 325
0 27 0
0.468597543280045 35 28
13.1040649486289 71 463
0 27 0
0.641280026244963 37 45
0 27 0
0 27 0
14.178766958738 53 325
0 27 0
14.178766958738 53 325
19.0268751808718 74 535
0 27 0
0 27 0
0 27 0
14.178766958738 53 325
4.77078166121206 55 151
0 27 0
0 27 0
0 27 0
0 27 0
0 27 0
0 27 0
0 27 0
14.178766958738 53 325
0 27 0
0 27 0
0.325701008203891 33 15
0 27 0
16.9040696413833 69 445
3.30946373370622 48 210
0 27 0
0 27 0
0 27 0
0 27 0
0 27 0
0 27 0
0 27 0
0 27 0
0 27 0
9.46106754777684 68 412
0 27 0
0 27 0
0 27 0
8.61357432675713 54 169
0 27 0
0 27 0
4.03459052080877 49 231
0 27 0
0 27 0
14.178766958738 53 325
0 27 0
0 27 0
0 27 0
0 27 0
5.04944041884019 50 253
0 27 0
0 27 0
4.03459052080877 49 231
2.76539624590574 47 190
14.178766958738 53 325
2.0031016490616 45 153
3.30946373370622 48 210
3.34333382196439 54 199
5.04944041884019 50 253
1.49412505701411 43 120
6.57133701094345 51 276
0 27 0
0 27 0
0 27 0
0 27 0
0 27 0
0.855568148929868 39 66
14.178766958738 53 325
0 27 0
0 27 0
0 27 0
0 27 0
0 27 0
0 27 0
0 27 0
0 27 0
0.641280026244963 37 45
0 27 0
0 27 0
0 27 0
0 27 0
16.1944497060637 65 391
0 27 0
0 27 0
14.178766958738 53 325
0 27 0
0 27 0
0 27 0
0 27 0
6.57133701094345 51 276
4.03459052080877 49 231
0 27 0
0 27 0
3.30946373370622 48 210
0 27 0
0 27 0
9.10736406310012 52 300
0 27 0
0 27 0
0 27 0
23.7762908934592 77 601
17.1604479664073 70 461
0 27 0
14.178766958738 53 325
0 27 0
0 27 0
9.10736406310012 52 300
9.10736406310012 52 300
0 27 0
0 27 0
0 27 0
0 27 0
14.178766958738 53 325
1.72559511063675 44 136
0 27 0
14.178766958738 53 325
0 27 0
0 27 0
6.44538226419805 61 308
0 27 0
0 27 0
14.178766958738 53 325
14.178766958738 53 325
14.178766958738 53 325
0 27 0
0 27 0
0 27 0
0 27 0
0 27 0
0 27 0
0 27 0
0 27 0
50.6537427368372 130 1024
0 27 0
0 27 0
0 27 0
0 27 0
23.7762908934592 77 601
2.0031016490616 45 153
0 27 0
0 27 0
0 27 0
0.742278199017282 38 55
0 27 0
0 27 0
0 27 0
0 27 0
0 27 0
0 27 0
0 27 0
0 27 0
14.178766958738 53 325
0 27 0
0 27 0
0 27 0
0 27 0
0 27 0
0 27 0
0 27 0
0 27 0
33.2336914864997 99 832
0 27 0
0 27 0
0 27 0
0 27 0
0 27 0
0 27 0
0 27 0
0 27 0
0 27 0
23.2478242341304 82 593
0 27 0
0 27 0
10.8266544691848 60 256
6.93239819289569 66 265
0 27 0
0 27 0
0 27 0
0 27 0
9.10736406310012 52 300
0 27 0
0 27 0
0 27 0
0 27 0
14.178766958738 53 325
14.178766958738 53 325
0 27 0
0 27 0
0 27 0
0 27 0
9.10736406310012 52 300
0 27 0
13.4927770807621 66 361
0 27 0
28.5978145462664 78 625
0 27 0
0 27 0
9.32117046314118 56 196
0.55058685114392 36 36
0 27 0
0 27 0
9.10736406310012 52 300
0 27 0
0 27 0
4.03459052080877 49 231
0 27 0
0 27 0
0 27 0
14.178766958738 53 325
0 27 0
2.0031016490616 45 153
0 27 0
18.0793575230102 75 553
0 27 0
0 27 0
1.12975020292289 41 91
14.178766958738 53 325
0 27 0
0 27 0
0 27 0
0 27 0
0 27 0
0 27 0
0 27 0
32.6073025519776 96 766
0 27 0
0 27 0
0 27 0
0 27 0
0 27 0
0 27 0
0 27 0
0 27 0
0 27 0
0 27 0
0 27 0
0 27 0
0 27 0
0 27 0
0 27 0
0 27 0
0 27 0
0.0981324889973866 29 1
15.7560109700155 74 531
0 27 0
16.6251522121624 81 478
14.178766958738 53 325
14.178766958738 53 325
0 27 0
0 27 0
0 27 0
1.47983793408059 32 4
5.04944041884019 50 253
14.178766958738 53 325
0 27 0
0 27 0
6.57133701094345 51 276
0.0981324889973866 29 1
0 27 0
0 27 0
21.2730738518406 76 428
0 27 0
0 27 0
24.3736929302452 92 682
14.178766958738 53 325
0 27 0
0 27 0
0 27 0
7.73118388657092 64 326
0.55058685114392 36 36
0 27 0
14.178766958738 53 325
18.3590422542006 73 515
0 27 0
0 27 0
0 27 0
0 27 0
2.34201715404811 46 171
0 27 0
1.49412505701411 43 120
0 27 0
10.9363929735716 70 443
0 27 0
0 27 0
0 27 0
13.4927770807621 66 361
0 27 0
6.57133701094345 51 276
6.57133701094345 51 276
0 27 0
0 27 0
0 27 0
0 27 0
26.4691988569186 88 656
0 27 0
0 27 0
0 27 0
14.178766958738 53 325
6.57133701094345 51 276
0 27 0
0 27 0
0 27 0
2.76539624590574 47 190
5.04944041884019 50 253
2.03722787484394 44 70
0 27 0
0 27 0
21.3878177914279 76 578
0 27 0
0 27 0
0 27 0
4.03459052080877 49 231
0 27 0
0 27 0
0 27 0
0 27 0
14.178766958738 53 325
0 27 0
0 27 0
9.10736406310012 52 300
0 27 0
0 27 0
0 27 0
0 27 0
0 27 0
0 27 0
0 27 0
23.7762908934592 77 601
0 27 0
9.10736406310012 52 300
0 27 0
0 27 0
0 27 0
0 27 0
0 27 0
17.4555691301833 72 484
0 27 0
0 27 0
0 27 0
5.04944041884019 50 253
0 27 0
10.0561352967772 58 225
0 27 0
9.10736406310012 52 300
0 27 0
0 27 0
13.4500590437848 72 490
0 27 0
0 27 0
0 27 0
6.57133701094345 51 276
0 27 0
0 27 0
0 27 0
0 27 0
0 27 0
0 27 0
0 27 0
2.77660218405925 36 16
0 27 0
0 27 0
15.8694048762843 70 441
0 27 0
0 27 0
0 27 0
10.0561352967772 58 225
14.178766958738 53 325
0 27 0
0 27 0
0 27 0
0 27 0
6.57133701094345 51 276
0 27 0
0.55058685114392 36 36
5.04944041884019 50 253
0 27 0
3.30946373370622 48 210
6.57133701094345 51 276
0 27 0
0 27 0
0 27 0
9.10736406310012 52 300
0 27 0
0 27 0
6.57133701094345 51 276
0 27 0
8.14381713453626 61 273
1.49412505701411 43 120
0 27 0
0 27 0
0 27 0
0 27 0
0 27 0
0 27 0
0 27 0
1.57342584113379 35 13
14.178766958738 53 325
0 27 0
0 27 0
0 27 0
0 27 0
0 27 0
0 27 0
10.8266544691848 60 256
0 27 0
7.25750057272351 50 121
14.178766958738 53 325
0 27 0
14.178766958738 53 325
0 27 0
0 27 0
0 27 0
0 27 0
0 27 0
0 27 0
0 27 0
0 27 0
22.7549382744555 76 576
0 27 0
0 27 0
0 27 0
0 27 0
4.03459052080877 49 231
0 27 0
0 27 0
14.178766958738 53 325
0 27 0
12.7952193199012 71 471
0 27 0
0 27 0
0 27 0
19.9670760764898 75 556
0 27 0
0 27 0
0 27 0
0 27 0
14.178766958738 53 325
6.57133701094345 51 276
0 27 0
0 27 0
0 27 0
1.72559511063675 44 136
0 27 0
6.57133701094345 51 276
0 27 0
0 27 0
0 27 0
0 27 0
0 27 0
38.682326863196 101 878
0 27 0
0 27 0
0 27 0
0 27 0
0 27 0
0 27 0
0 27 0
0 27 0
0 27 0
0 27 0
9.10736406310012 52 300
0.641280026244963 37 45
0 27 0
22.4628905527069 90 511
14.178766958738 53 325
14.178766958738 53 325
4.03459052080877 49 231
0 27 0
0 27 0
0 27 0
3.30946373370622 48 210
14.178766958738 53 325
0 27 0
0 27 0
5.04944041884019 50 253
0 27 0
24.6002474089931 96 581
0 27 0
6.81687149138574 62 213
0 27 0
9.32117046314118 56 196
0 27 0
8.35197134292352 67 384
6.57133701094345 51 276
0 27 0
0 27 0
0 27 0
7.36044639565128 53 110
28.5978145462664 78 625
0 27 0
0 27 0
0 27 0
9.10736406310012 52 300
0 27 0
0 27 0
9.10736406310012 52 300
0 27 0
0 27 0
0 27 0
0 27 0
0 27 0
0 27 0
0 27 0
0 27 0
0 27 0
0 27 0
14.178766958738 53 325
14.178766958738 53 325
0 27 0
1.29804592139994 42 105
0 27 0
4.4983231436772 52 234
0 27 0
0 27 0
0 27 0
0 27 0
4.03459052080877 49 231
0 27 0
0 27 0
0 27 0
0 27 0
0 27 0
0 27 0
0 27 0
0.641280026244963 37 45
0 27 0
0.394000420772755 34 21
3.74779205286382 42 37
0 27 0
15.1459884377016 82 519
0 27 0
2.34201715404811 46 171
0 27 0
0 27 0
0 27 0
0 27 0
2.34201715404811 46 171
0 27 0
0 27 0
9.10736406310012 52 300
0 27 0
0 27 0
0 27 0
0 27 0
1.29804592139994 42 105
0 27 0
0 27 0
0 27 0
0 27 0
0 27 0
1.29804592139994 42 105
35.1188094982841 99 835
0 27 0
6.57133701094345 51 276
6.03224529378049 61 270
6.57133701094345 51 276
0 27 0
0 27 0
0 27 0
2.76539624590574 47 190
0 27 0
13.4927770807621 66 361
0 27 0
0 27 0
0 27 0
0 27 0
0 27 0
0 27 0
0 27 0
0 27 0
0 27 0
6.29641155355234 60 298
0.55058685114392 36 36
16.1944497060637 65 391
0 27 0
0 27 0
0 27 0
30.7733503557709 83 635
0 27 0
0 27 0
0 27 0
0 27 0
0 27 0
7.4380216249131 57 291
28.5978145462664 78 625
14.178766958738 53 325
0 27 0
0 27 0
17.4555691301833 72 484
0 27 0
0 27 0
3.30946373370622 48 210
0 27 0
0 27 0
0 27 0
0 27 0
0 27 0
0 27 0
0 27 0
1.49412505701411 43 120
5.04944041884019 50 253
14.178766958738 53 325
0 27 0
30.0957956056711 93 694
0 27 0
0 27 0
0 27 0
0 27 0
0 27 0
0 27 0
0 27 0
0 27 0
0 27 0
0 27 0
0.742278199017282 38 55
0 27 0
0 27 0
0 27 0
0 27 0
9.10736406310012 52 300
0 27 0
0 27 0
14.178766958738 53 325
0 27 0
0 27 0
0 27 0
9.10736406310012 52 300
0 27 0
0 27 0
0 27 0
19.9670760764898 75 556
28.5978145462664 78 625
14.178766958738 53 325
0 27 0
0 27 0
9.10736406310012 52 300
0 27 0
0 27 0
0.641280026244963 37 45
0 27 0
0 27 0
0 27 0
14.178766958738 53 325
0 27 0
14.178766958738 53 325
0.262764859921124 32 10
0 27 0
0 27 0
0 27 0
0 27 0
22.7549382744555 76 576
6.57133701094345 51 276
0 27 0
0 27 0
0 27 0
0 27 0
4.40698595283818 57 246
0 27 0
0 27 0
0 27 0
0 27 0
0 27 0
0 27 0
0 27 0
0 27 0
0 27 0
14.178766958738 53 325
14.178766958738 53 325
0 27 0
0 27 0
0 27 0
9.10736406310012 52 300
0 27 0
14.178766958738 53 325
28.5978145462664 78 625
6.57133701094345 51 276
1.12975020292289 41 91
0 27 0
5.04944041884019 50 253
14.178766958738 53 325
14.178766958738 53 325
0 27 0
0 27 0
0 27 0
0 27 0
0 27 0
0 27 0
0 27 0
0 27 0
0 27 0
0.855568148929868 39 66
0 27 0
2.0031016490616 45 153
0 27 0
4.03459052080877 49 231
9.82639168207199 55 303
0 27 0
1.72559511063675 44 136
0 27 0
0 27 0
0 27 0
14.178766958738 53 325
0 27 0
14.178766958738 53 325
0 27 0
0 27 0
0 27 0
14.178766958738 53 325
14.178766958738 53 325
6.57133701094345 51 276
0 27 0
0 27 0
14.178766958738 53 325
0 27 0
9.10736406310012 52 300
0 27 0
2.34201715404811 46 171
0 27 0
0 27 0
14.178766958738 53 325
0 27 0
0 27 0
0 27 0
0 27 0
0 27 0
6.57133701094345 51 276
0 27 0
0 27 0
0 27 0
9.10736406310012 52 300
0 27 0
0 27 0
1.72559511063675 44 136
0 27 0
0 27 0
0 27 0
14.178766958738 53 325
0 27 0
0 27 0
0 27 0
0 27 0
0.325701008203891 33 15
0 27 0
14.178766958738 53 325
0 27 0
0 27 0
6.57133701094345 51 276
1.89741915279305 46 123
2.76539624590574 47 190
0 27 0
0 27 0
0 27 0
15.8694048762843 70 441
0 27 0
0 27 0
0 27 0
0.468597543280045 35 28
0 27 0
4.03459052080877 49 231
0 27 0
0 27 0
0 27 0
0 27 0
0 27 0
0 27 0
0 27 0
0 27 0
0 27 0
0 27 0
18.0793575230102 75 553
0 27 0
0 27 0
0 27 0
14.178766958738 53 325
0 27 0
5.40402368579004 39 19
0 27 0
0.468597543280045 35 28
0 27 0
0 27 0
0 27 0
0 27 0
0 27 0
0 27 0
15.9412957254368 63 370
0 27 0
0 27 0
0 27 0
0 27 0
0 27 0
0 27 0
0 27 0
2.34201715404811 46 171
0 27 0
0.641280026244963 37 45
38.676459460518 111 859
0 27 0
0.855568148929868 39 66
0 27 0
2.34201715404811 46 171
0 27 0
0 27 0
0.983654965505565 40 78
3.30946373370622 48 210
0 27 0
0 27 0
0 27 0
0 27 0
16.6880600953885 68 430
0 27 0
0 27 0
32.2723989614033 100 634
0 27 0
0 27 0
0 27 0
0 27 0
14.178766958738 53 325
0 27 0
0 27 0
23.7762908934592 77 601
14.178766958738 53 325
6.57133701094345 51 276
3.73676621587696 55 218
6.57133701094345 51 276
0 27 0
0 27 0
0 27 0
14.178766958738 53 325
0 27 0
0.325701008203891 33 15
0 27 0
17.4555691301833 72 484
0 27 0
0 27 0
9.10736406310012 52 300
0 27 0
0 27 0
0 27 0
8.16276047021847 67 389
0 27 0
0 27 0
0 27 0
4.03459052080877 49 231
1.29804592139994 42 105
0 27 0
0 27 0
14.178766958738 53 325
5.04944041884019 50 253
0 27 0
15.7560109700155 74 531
1.72559511063675 44 136
9.10736406310012 52 300
6.57133701094345 51 276
10.6723574127173 63 355
1.29804592139994 42 105
0 27 0
0 27 0
0 27 0
0 27 0
0 27 0
0 27 0
14.178766958738 53 325
16.9040696413833 69 445
0 27 0
0 27 0
0 27 0
0 27 0
0 27 0
0 27 0
0 27 0
0 27 0
0 27 0
0 27 0
0 27 0
9.10736406310012 52 300
0 27 0
0 27 0
0 27 0
0 27 0
0 27 0
0 27 0
0 27 0
35.1188094982841 99 835
3.30946373370622 48 210
9.10736406310012 52 300
9.10736406310012 52 300
0 27 0
0 27 0
0 27 0
0 27 0
3.30946373370622 48 210
0 27 0
0 27 0
23.7762908934592 77 601
0 27 0
0 27 0
0 27 0
0.855568148929868 39 66
0 27 0
0 27 0
0 27 0
0 27 0
0 27 0
0 27 0
0 27 0
0 27 0
0 27 0
0 27 0
6.57133701094345 51 276
9.10736406310012 52 300
0 27 0
0 27 0
0 27 0
4.84173001113209 57 214
14.178766958738 53 325
0 27 0
0 27 0
0 27 0
0 27 0
5.04944041884019 50 253
0 27 0
4.03459052080877 49 231
8.57001825582122 66 363
6.57133701094345 51 276
6.57133701094345 51 276
0 27 0
0 27 0
6.57133701094345 51 276
0 27 0
6.57133701094345 51 276
0 27 0
0 27 0
0 27 0
2.76539624590574 47 190
0 27 0
0 27 0
0 27 0
2.76539624590574 47 190
0 27 0
0 27 0
13.1040649486289 71 463
0 27 0
14.178766958738 53 325
0 27 0
0 27 0
0 27 0
0 27 0
9.10736406310012 52 300
0 27 0
0 27 0
0 27 0
0 27 0
0 27 0
0 27 0
6.57133701094345 51 276
0.149746735225147 30 3
4.03459052080877 49 231
0 27 0
0 27 0
0 27 0
0 27 0
0 27 0
0 27 0
22.7549382744555 76 576
0 27 0
5.83132043588946 61 196
2.0031016490616 45 153
0 27 0
0 27 0
0 27 0
0 27 0
0 27 0
0 27 0
0 27 0
5.04944041884019 50 253
0 27 0
0.742278199017282 38 55
14.178766958738 53 325
2.76539624590574 47 190
0 27 0
0 27 0
0 27 0
0 27 0
0 27 0
0 27 0
21.3878177914279 76 578
0 27 0
0 27 0
0.262764859921124 32 10
0 27 0
0 27 0
0 27 0
0 27 0
0 27 0
0 27 0
0 27 0
14.178766958738 53 325
0 27 0
0 27 0
0.325701008203891 33 15
0 27 0
0 27 0
0 27 0
0 27 0
0 27 0
0 27 0
0 27 0
0 27 0
34.6254286622921 98 809
0 27 0
13.5036134337638 80 464
0 27 0
0 27 0
0 27 0
9.10736406310012 52 300
0 27 0
0 27 0
0 27 0
0 27 0
0 27 0
0 27 0
0 27 0
0 27 0
0 27 0
0 27 0
0 27 0
0 27 0
0 27 0
0 27 0
0 27 0
0 27 0
0 27 0
3.30946373370622 48 210
5.04944041884019 50 253
0 27 0
5.30397357813138 50 91
0 27 0
0 27 0
1.12975020292289 41 91
0.641280026244963 37 45
0 27 0
0 27 0
0 27 0
0 27 0
0 27 0
14.586529938077 68 400
23.7762908934592 77 601
0 27 0
0 27 0
0 27 0
17.4717518301326 71 478
0 27 0
0 27 0
0 27 0
0 27 0
0 27 0
14.178766958738 53 325
2.34201715404811 46 171
6.57133701094345 51 276
0 27 0
0 27 0
0 27 0
23.7762908934592 77 601
10.5456204150518 62 345
9.10736406310012 52 300
1.72559511063675 44 136
0 27 0
0 27 0
0 27 0
0 27 0
0 27 0
0 27 0
2.0031016490616 45 153
14.178766958738 53 325
0 27 0
0 27 0
14.178766958738 53 325
0 27 0
0 27 0
0 27 0
0 27 0
0.641280026244963 37 45
0 27 0
0 27 0
0.204368018398102 31 6
0 27 0
0 27 0
15.8694048762843 70 441
0 27 0
0 27 0
0 27 0
23.7762908934592 77 601
14.178766958738 53 325
0 27 0
0 27 0
0 27 0
0 27 0
0 27 0
0 27 0
0 27 0
2.76539624590574 47 190
0 27 0
22.7549382744555 76 576
0 27 0
14.178766958738 53 325
0 27 0
0 27 0
0 27 0
0 27 0
14.178766958738 53 325
0 27 0
0 27 0
0 27 0
0.394000420772755 34 21
0 27 0
0 27 0
4.03459052080877 49 231
0 27 0
17.4555691301833 72 484
0 27 0
18.3590422542006 73 515
33.2336914864997 99 832
0 27 0
0 27 0
0 27 0
0 27 0
6.57133701094345 51 276
2.0031016490616 45 153
0 27 0
0 27 0
0 27 0
0 27 0
0 27 0
0 27 0
0 27 0
0 27 0
0 27 0
0 27 0
5.04944041884019 50 253
16.5023177264381 67 416
0 27 0
0 27 0
0 27 0
0 27 0
10.0561352967772 58 225
0 27 0
0 27 0
0 27 0
14.178766958738 53 325
0 27 0
32.8108736199979 96 760
0 27 0
0 27 0
0 27 0
0 27 0
0 27 0
0 27 0
0.742278199017282 38 55
0 27 0
37.1083314150079 101 686
0 27 0
21.7528223657274 85 569
0 27 0
0 27 0
0 27 0
0 27 0
4.03459052080877 49 231
0 27 0
1.12975020292289 41 91
0.55058685114392 36 36
0 27 0
0 27 0
12.304866180066 70 453
0 27 0
14.178766958738 53 325
0 27 0
0 27 0
0 27 0
9.10736406310012 52 300
0 27 0
0 27 0
16.8799658322677 78 361
0 27 0
0 27 0
1.29804592139994 42 105
0 27 0
0.0981324889973866 29 1
0 27 0
0 27 0
0 27 0
0.262764859921124 32 10
0 27 0
0 27 0
0 27 0
0 27 0
0 27 0
1.12975020292289 41 91
0 27 0
0.149746735225147 30 3
0 27 0
14.178766958738 53 325
0 27 0
0 27 0
0 27 0
0 27 0
0 27 0
0 27 0
0 27 0
0.149746735225147 30 3
0 27 0
0 27 0
0 27 0
0 27 0
14.178766958738 53 325
0 27 0
0 27 0
6.6006076001071 48 100
0 27 0
28.5978145462664 78 625
0 27 0
9.10736406310012 52 300
35.0111118728939 102 745
0 27 0
0 27 0
14.178766958738 53 325
24.7392105574963 80 494
0 27 0
6.57133701094345 51 276
0 27 0
10.9363929735716 70 443
1.49412505701411 43 120
0 27 0
0 27 0
0 27 0
0 27 0
0 27 0
4.03459052080877 49 231
0 27 0
0 27 0
0 27 0
0 27 0
2.34201715404811 46 171
0 27 0
0 27 0
4.03459052080877 49 231
0 27 0
0 27 0
0 27 0
9.63998011021037 69 424
0.394000420772755 34 21
0 27 0
4.03459052080877 49 231
0 27 0
0 27 0
0 27 0
0 27 0
0 27 0
2.76539624590574 47 190
0 27 0
0 27 0
0 27 0
0 27 0
0 27 0
0 27 0
0 27 0
14.178766958738 53 325
0 27 0
0 27 0
0 27 0
9.10736406310012 52 300
0.742278199017282 38 55
0 27 0
0 27 0
0 27 0
0 27 0
0 27 0
0 27 0
11.6440722015958 62 289
14.178766958738 53 325
11.6440722015958 62 289
0 27 0
6.57133701094345 51 276
14.178766958738 53 325
0 27 0
0 27 0
0 27 0
0 27 0
0 27 0
0 27 0
14.178766958738 53 325
0 27 0
0 27 0
0 27 0
10.0244027227186 57 310
0 27 0
0 27 0
7.51910615530175 56 132
16.3395796962222 66 403
0 27 0
0 27 0
3.30946373370622 48 210
0 27 0
0 27 0
8.85220591651621 63 307
0 27 0
32.9482507224587 111 855
0 27 0
3.30946373370622 48 210
0 27 0
9.10736406310012 52 300
0 27 0
14.178766958738 53 325
0 27 0
2.76539624590574 47 190
0 27 0
18.3590422542006 73 515
0 27 0
0 27 0
0 27 0
0 27 0
0 27 0
0 27 0
0 27 0
0 27 0
0 27 0
0 27 0
0 27 0
0 27 0
0 27 0
0 27 0
0 27 0
14.178766958738 53 325
0 27 0
0 27 0
0 27 0
2.34201715404811 46 171
0 27 0
0 27 0
0 27 0
6.57133701094345 51 276
0 27 0
0 27 0
0 27 0
9.10736406310012 52 300
0 27 0
0 27 0
0 27 0
0 27 0
0 27 0
9.10736406310012 52 300
0 27 0
0 27 0
0 27 0
0 27 0
3.30946373370622 48 210
0 27 0
6.57133701094345 51 276
1.49412505701411 43 120
0 27 0
0 27 0
0 27 0
0 27 0
3.966512104258 57 226
9.10736406310012 52 300
0 27 0
14.178766958738 53 325
0 27 0
0 27 0
0 27 0
0 27 0
0 27 0
0 27 0
0 27 0
2.34201715404811 46 171
0 27 0
0.262764859921124 32 10
0 27 0
0 27 0
0 27 0
0 27 0
0 27 0
0 27 0
8.85220591651621 63 307
0 27 0
14.178766958738 53 325
0 27 0
14.178766958738 53 325
0 27 0
6.57133701094345 51 276
0 27 0
0 27 0
0 27 0
0 27 0
0 27 0
0 27 0
0 27 0
0 27 0
0 27 0
14.178766958738 53 325
0 27 0
14.178766958738 53 325
14.178766958738 53 325
0 27 0
22.7549382744555 76 576
0 27 0
0 27 0
0 27 0
2.34201715404811 46 171
9.10736406310012 52 300
9.10736406310012 52 300
1.72559511063675 44 136
0 27 0
0 27 0
0 27 0
7.01952329612277 62 291
14.178766958738 53 325
0 27 0
0 27 0
1.12975020292289 41 91
4.03459052080877 49 231
0 27 0
0 27 0
0 27 0
0 27 0
0 27 0
0 27 0
0 27 0
15.8694048762843 70 441
0 27 0
0 27 0
0 27 0
0 27 0
28.5978145462664 78 625
0 27 0
1.55716941958857 44 94
13.1040649486289 71 463
6.57133701094345 51 276
0 27 0
0 27 0
0 27 0
0 27 0
0 27 0
0 27 0
0.262764859921124 32 10
0 27 0
14.178766958738 53 325
0 27 0
28.5978145462664 78 625
0 27 0
0 27 0
0 27 0
14.178766958738 53 325
0 27 0
0 27 0
0 27 0
0 27 0
0 27 0
0 27 0
0 27 0
0 27 0
5.04944041884019 50 253
0 27 0
14.178766958738 53 325
0 27 0
0 27 0
0.204368018398102 31 6
0 27 0
0 27 0
0.641280026244963 37 45
0 27 0
15.7560109700155 74 531
0 27 0
0 27 0
0 27 0
9.10736406310012 52 300
0 27 0
24.2226169095574 80 389
0 27 0
0 27 0
0 27 0
0 27 0
0 27 0
0 27 0
1.29804592139994 42 105
0 27 0
0 27 0
0 27 0
0 27 0
0 27 0
0 27 0
0 27 0
10.3716570144159 70 344
3.30946373370622 48 210
0 27 0
0 27 0
0 27 0
9.10736406310012 52 300
0 27 0
0 27 0
0 27 0
0 27 0
0 27 0
0.204368018398102 31 6
0 27 0
5.04944041884019 50 253
0 27 0
6.57133701094345 51 276
0 27 0
28.5978145462664 78 625
0 27 0
0 27 0
2.76539624590574 47 190
0 27 0
0 27 0
2.76539624590574 47 190
0 27 0
0 27 0
0 27 0
0 27 0
0 27 0
2.34201715404811 46 171
0 27 0
0 27 0
0 27 0
0 27 0
0 27 0
0 27 0
0 27 0
0 27 0
0 27 0
0 27 0
0 27 0
0 27 0
5.29706964535943 51 133
22.7549382744555 76 576
5.04944041884019 50 253
0 27 0
1.72559511063675 44 136
0 27 0
0 27 0
0 27 0
0 27 0
0 27 0
0 27 0
14.178766958738 53 325
0 27 0
9.10736406310012 52 300
0 27 0
0 27 0
0 27 0
6.57133701094345 51 276
0 27 0
0 27 0
0 27 0
0 27 0
0 27 0
0 27 0
5.04944041884019 50 253
0 27 0
0 27 0
37.6609742441923 100 854
2.0031016490616 45 153
0 27 0
0 27 0
0 27 0
0 27 0
14.178766958738 53 325
0.855568148929868 39 66
0 27 0
4.68152314358842 54 241
14.178766958738 53 325
14.178766958738 53 325
10.9363929735716 70 443
0.468597543280045 35 28
14.178766958738 53 325
0 27 0
0.325701008203891 33 15
0 27 0
14.178766958738 53 325
0 27 0
0 27 0
0 27 0
0 27 0
0 27 0
0 27 0
0 27 0
9.10736406310012 52 300
14.178766958738 53 325
0 27 0
14.178766958738 53 325
0 27 0
0 27 0
0 27 0
0 27 0
0 27 0
0 27 0
0 27 0
0 27 0
0 27 0
14.178766958738 53 325
0 27 0
0 27 0
0 27 0
0 27 0
0 27 0
0 27 0
4.40636533331261 52 146
14.178766958738 53 325
0 27 0
0 27 0
0 27 0
0 27 0
5.04944041884019 50 253
0 27 0
0 27 0
0 27 0
0 27 0
0 27 0
0 27 0
0 27 0
0 27 0
0 27 0
0 27 0
0 27 0
0 27 0
14.178766958738 53 325
0 27 0
0 27 0
0 27 0
0 27 0
0 27 0
0 27 0
9.10736406310012 52 300
1.78893312193974 45 121
0 27 0
0 27 0
0 27 0
0 27 0
0 27 0
14.178766958738 53 325
0.0981324889973866 29 1
14.178766958738 53 325
0 27 0
0 27 0
9.10736406310012 52 300
5.04944041884019 50 253
14.178766958738 53 325
0 27 0
0 27 0
0 27 0
3.30946373370622 48 210
14.178766958738 53 325
26.1882479725395 94 731
0 27 0
0 27 0
0 27 0
9.10736406310012 52 300
0 27 0
0 27 0
5.04944041884019 50 253
0 27 0
14.178766958738 53 325
0 27 0
0 27 0
1.29804592139994 42 105
14.178766958738 53 325
8.85220591651621 63 307
0 27 0
0 27 0
0 27 0
0 27 0
0 27 0
0 27 0
9.10736406310012 52 300
0 27 0
0 27 0
0 27 0
0 27 0
14.178766958738 53 325
0 27 0
0 27 0
0 27 0
0 27 0
23.0565723038409 97 640
0 27 0
0 27 0
0 27 0
0 27 0
2.76539624590574 47 190
0 27 0
0 27 0
1.12975020292289 41 91
0 27 0
0 27 0
0 27 0
0 27 0
0 27 0
0 27 0
47.9904367361884 119 1025
0 27 0
9.10736406310012 52 300
0 27 0
6.57133701094345 51 276
9.10736406310012 52 300
6.57133701094345 51 276
0 27 0
0 27 0
0 27 0
0 27 0
0 27 0
0 27 0
35.9071243777813 110 873
0 27 0
0 27 0
0 27 0
18.3590422542006 73 515
14.178766958738 53 325
0 27 0
0 27 0
0 27 0
0 27 0
34.6254286622921 98 809
0 27 0
0 27 0
5.04944041884019 50 253
14.178766958738 53 325
0 27 0
0 27 0
0 27 0
0 27 0
0 27 0
3.30946373370622 48 210
0 27 0
0 27 0
0 27 0
14.178766958738 53 325
0 27 0
0 27 0
0 27 0
5.04944041884019 50 253
0 27 0
0 27 0
7.92724753122627 52 144
0 27 0
14.586529938077 68 400
0 27 0
0 27 0
0 27 0
6.57133701094345 51 276
0.149746735225147 30 3
0 27 0
3.73676621587696 55 218
1.72559511063675 44 136
0 27 0
5.95349702395982 46 81
0 27 0
0 27 0
0 27 0
0 27 0
0 27 0
33.9802718206963 101 746
0 27 0
0 27 0
14.178766958738 53 325
28.5978145462664 78 625
0 27 0
0 27 0
0 27 0
0 27 0
0 27 0
14.178766958738 53 325
0 27 0
6.90218188210257 57 211
0 27 0
5.29137242205254 62 259
14.178766958738 53 325
0 27 0
0 27 0
0 27 0
0 27 0
0 27 0
14.178766958738 53 325
26.4147605975152 95 627
0 27 0
0 27 0
0 27 0
0.204368018398102 31 6
0 27 0
0 27 0
0 27 0
14.178766958738 53 325
0 27 0
0 27 0
6.57133701094345 51 276
0 27 0
0 27 0
15.8694048762843 70 441
0 27 0
0 27 0
6.57133701094345 51 276
38.682326863196 101 878
0 27 0
11.3651630579097 67 405
7.25750057272351 50 121
0 27 0
0 27 0
0 27 0
0 27 0
0 27 0
0 27 0
2.0031016490616 45 153
0 27 0
0 27 0
0 27 0
40.4784501158821 105 864
0 27 0
8.16276047021847 67 389
5.04944041884019 50 253
0 27 0
0 27 0
0 27 0
0 27 0
0 27 0
0 27 0
0 27 0
0 27 0
0 27 0
0 27 0
0 27 0
11.6171304539432 68 420
0 27 0
1.49412505701411 43 120
0 27 0
0 27 0
0.0981324889973866 29 1
0 27 0
18.0793575230102 75 553
0 27 0
0 27 0
5.29706964535943 51 133
0 27 0
0 27 0
0 27 0
18.3590422542006 73 515
19.0268751808718 74 535
0 27 0
0 27 0
0.855568148929868 39 66
0 27 0
0 27 0
0 27 0
0 27 0
14.178766958738 53 325
5.04944041884019 50 253
10.9363929735716 70 443
0 27 0
0 27 0
0 27 0
0 27 0
0 27 0
0.742278199017282 38 55
7.53011594671778 49 72
0 27 0
0 27 0
0 27 0
6.57133701094345 51 276
0 27 0
0 27 0
0 27 0
0 27 0
0 27 0
12.7952193199012 71 471
0 27 0
0 27 0
1.29804592139994 42 105
0 27 0
0 27 0
0 27 0
0.468597543280045 35 28
0 27 0
0 27 0
0 27 0
0 27 0
0 27 0
0 27 0
0 27 0
0 27 0
0 27 0
0 27 0
0 27 0
0 27 0
36.6396216251887 99 829
0 27 0
14.611128605109 85 557
0 27 0
0 27 0
0 27 0
0 27 0
0 27 0
0 27 0
0 27 0
0 27 0
13.4500590437848 72 490
5.04944041884019 50 253
0 27 0
14.178766958738 53 325
1.12975020292289 41 91
0 27 0
0 27 0
0 27 0
0 27 0
0 27 0
32.8108736199979 96 760
0 27 0
14.178766958738 53 325
0 27 0
0 27 0
0 27 0
14.3698618652318 73 510
0 27 0
0 27 0
0 27 0
0 27 0
0 27 0
16.3395796962222 66 403
0 27 0
6.57133701094345 51 276
0 27 0
0 27 0
0 27 0
0 27 0
0 27 0
0 27 0
0 27 0
0 27 0
0 27 0
0 27 0
0 27 0
0 27 0
0 27 0
0 27 0
0 27 0
3.30946373370622 48 210
0 27 0
1.49412505701411 43 120
0 27 0
0 27 0
10.8542195480845 64 304
0 27 0
0 27 0
14.178766958738 53 325
2.0031016490616 45 153
0 27 0
14.178766958738 53 325
0 27 0
9.10736406310012 52 300
0 27 0
0 27 0
0 27 0
0 27 0
0 27 0
0 27 0
0 27 0
0.394000420772755 34 21
0.742278199017282 38 55
0 27 0
0 27 0
0 27 0
0 27 0
5.04944041884019 50 253
0 27 0
0 27 0
0 27 0
0 27 0
0 27 0
0 27 0
0 27 0
14.178766958738 53 325
0 27 0
14.178766958738 53 325
0 27 0
0 27 0
9.10736406310012 52 300
0 27 0
0 27 0
15.8272583407161 62 361
2.76539624590574 47 190
9.10736406310012 52 300
9.10736406310012 52 300
0 27 0
14.178766958738 53 325
0 27 0
0 27 0
0 27 0
0.55058685114392 36 36
0 27 0
28.5978145462664 78 625
0 27 0
1.29804592139994 42 105
9.10736406310012 52 300
0 27 0
0 27 0
0 27 0
9.10736406310012 52 300
0.468597543280045 35 28
0 27 0
14.178766958738 53 325
0 27 0
9.10736406310012 52 300
4.14425856257144 55 231
0 27 0
0 27 0
0 27 0
0 27 0
0 27 0
0 27 0
0 27 0
0 27 0
0 27 0
0 27 0
0 27 0
0 27 0
9.10736406310012 52 300
0 27 0
0 27 0
0 27 0
0 27 0
0 27 0
0 27 0
1.72559511063675 44 136
0 27 0
0 27 0
14.178766958738 53 325
0 27 0
6.49252529809139 44 42
16.3395796962222 66 403
0 27 0
14.178766958738 53 325
0 27 0
0 27 0
0 27 0
0 27 0
0 27 0
0 27 0
0 27 0
45.0811781296844 131 1076
0 27 0
14.178766958738 53 325
0 27 0
4.03459052080877 49 231
0 27 0
5.04944041884019 50 253
0.204368018398102 31 6
0 27 0
0 27 0
0 27 0
9.10736406310012 52 300
0 27 0
0 27 0
0 27 0
0 27 0
0.0981324889973866 29 1
0 27 0
0 27 0
0 27 0
6.57133701094345 51 276
9.08982945666145 67 396
0 27 0
0 27 0
0 27 0
14.178766958738 53 325
0.204368018398102 31 6
0 27 0
6.92860882732849 65 351
17.4555691301833 72 484
0 27 0
0 27 0
28.5978145462664 78 625
0 27 0
0 27 0
0 27 0
13.4500590437848 72 490
0 27 0
0 27 0
0 27 0
0 27 0
0.149746735225147 30 3
3.30946373370622 48 210
0 27 0
0 27 0
5.04944041884019 50 253
14.178766958738 53 325
0 27 0
0 27 0
4.03459052080877 49 231
0 27 0
0 27 0
0 27 0
0 27 0
0 27 0
14.178766958738 53 325
13.4927770807621 66 361
0 27 0
0 27 0
0 27 0
19.5732627491337 74 529
0 27 0
45.5661671554697 120 1044
20.1434394761202 86 561
0 27 0
0 27 0
9.6488411057776 65 343
0 27 0
0 27 0
0 27 0
0 27 0
0 27 0
0 27 0
0 27 0
0 27 0
23.7762908934592 77 601
6.57133701094345 51 276
0 27 0
0 27 0
9.10736406310012 52 300
0 27 0
9.10736406310012 52 300
0.742278199017282 38 55
0 27 0
0 27 0
0 27 0
0 27 0
6.34123581700568 55 183
0 27 0
0 27 0
0 27 0
0 27 0
0 27 0
0 27 0
0 27 0
14.178766958738 53 325
3.30946373370622 48 210
9.10736406310012 52 300
9.10736406310012 52 300
18.3590422542006 73 515
14.178766958738 53 325
0 27 0
0 27 0
0 27 0
0 27 0
0 27 0
17.8598219243211 72 496
0 27 0
6.57133701094345 51 276
0 27 0
0 27 0
0 27 0
0 27 0
0 27 0
0 27 0
0 27 0
0.468597543280045 35 28
0 27 0
0 27 0
14.178766958738 53 325
0 27 0
28.5029727216871 95 746
6.57133701094345 51 276
14.178766958738 53 325
0 27 0
0 27 0
0 27 0
17.4106567867831 80 466
19.0268751808718 74 535
0 27 0
0.0981324889973866 29 1
0 27 0
0.641280026244963 37 45
14.178766958738 53 325
0 27 0
0 27 0
0 27 0
0 27 0
28.5978145462664 78 625
22.7549382744555 76 576
2.0031016490616 45 153
0 27 0
0 27 0
0 27 0
11.38510220683 77 438
0 27 0
14.178766958738 53 325
3.30946373370622 48 210
0 27 0
0 27 0
4.28209417029227 58 245
9.10736406310012 52 300
0 27 0
14.178766958738 53 325
0 27 0
0 27 0
9.76285102683774 75 417
9.10736406310012 52 300
0 27 0
9.10736406310012 52 300
15.7183131978907 61 353
9.10736406310012 52 300
0 27 0
0 27 0
0 27 0
0 27 0
0 27 0
0 27 0
0 27 0
28.5978145462664 78 625
6.57133701094345 51 276
14.178766958738 53 325
0 27 0
10.0561352967772 58 225
0 27 0
0 27 0
0.0981324889973866 29 1
0 27 0
1.29804592139994 42 105
0.0981324889973866 29 1
3.30946373370622 48 210
14.178766958738 53 325
0 27 0
0 27 0
0 27 0
0 27 0
0 27 0
0 27 0
0.325701008203891 33 15
0 27 0
0 27 0
14.178766958738 53 325
0 27 0
0 27 0
14.178766958738 53 325
2.76539624590574 47 190
1.72559511063675 44 136
0 27 0
6.57133701094345 51 276
0 27 0
0 27 0
0 27 0
0.204368018398102 31 6
9.10736406310012 52 300
0 27 0
0 27 0
0 27 0
0 27 0
0 27 0
0 27 0
4.03459052080877 49 231
0 27 0
0 27 0
0 27 0
0 27 0
0 27 0
3.30946373370622 48 210
0 27 0
0.742278199017282 38 55
9.10736406310012 52 300
1.72559511063675 44 136
0 27 0
0 27 0
0 27 0
0 27 0
0 27 0
0 27 0
0 27 0
0 27 0
0 27 0
6.57133701094345 51 276
0 27 0
0 27 0
0.641280026244963 37 45
0 27 0
0 27 0
14.178766958738 53 325
0 27 0
2.0031016490616 45 153
0 27 0
0 27 0
0 27 0
0 27 0
14.178766958738 53 325
0 27 0
0 27 0
0 27 0
3.30946373370622 48 210
2.0031016490616 45 153
0 27 0
0 27 0
0 27 0
0 27 0
2.0031016490616 45 153
0 27 0
0 27 0
6.57133701094345 51 276
0 27 0
0 27 0
9.32117046314118 56 196
0 27 0
0 27 0
9.10736406310012 52 300
0 27 0
0 27 0
0 27 0
0 27 0
6.57133701094345 51 276
5.04944041884019 50 253
15.7560109700155 74 531
0.855568148929868 39 66
0 27 0
0 27 0
2.34201715404811 46 171
0 27 0
0 27 0
2.0031016490616 45 153
22.7549382744555 76 576
0 27 0
0 27 0
0 27 0
0 27 0
0 27 0
16.6880600953885 68 430
0 27 0
0 27 0
0 27 0
0 27 0
0 27 0
0 27 0
0 27 0
0 27 0
