"COLLES.MDM.LN" "SACKIN" "COPHENETIC"
4.72625565291268 57 325
0 31 0
3.90315602704291 56 300
0 31 0
49.4644540358763 118 1219
101.102111922391 196 2195
0.454832616162368 40 36
4.33752598056798 61 214
7.60621449416304 59 378
1.62139649126408 50 171
16.2439669995003 61 435
0 31 0
3.35237421571285 42 25
47.4267577825232 129 1112
10.4856310761597 60 406
0 31 0
34.5367751443481 113 1084
43.2819619726945 137 1311
49.0438270296207 146 1326
28.8391530913181 108 976
13.304731772821 72 400
10.4856310761597 60 406
49.4644540358763 118 1219
30.0474143190245 113 802
16.2439669995003 61 435
0 31 0
0 31 0
2.42075431248526 53 231
1.62139649126408 50 171
32.7326155854453 90 841
20.8423977310198 87 757
16.2439669995003 61 435
0 31 0
49.7325374945612 122 1196
1.73424807547942 45 46
72.0500957084008 159 1661
20.0240736621661 83 666
0 31 0
0 31 0
37.4032483998856 109 874
32.1857002423909 128 1163
32.7326155854453 90 841
0 31 0
0.0850481571310684 33 1
52.48145230947 150 1201
20.0821481407571 94 667
11.0452734606973 84 483
10.4856310761597 60 406
16.2439669995003 61 435
2.42075431248526 53 231
0 31 0
83.9407335885917 176 1795
0 31 0
5.87835248124307 58 351
37.0539947922233 114 1109
63.6807422108717 162 1667
0.390497952733371 39 28
10.4856310761597 60 406
2.15097302354031 50 87
2.80524467713344 54 253
22.6816829831445 86 729
8.00732218326369 67 226
10.4856310761597 60 406
10.4856310761597 60 406
0 31 0
16.2439669995003 61 435
16.2439669995003 61 435
0 31 0
0.684454519143894 43 66
40.643746985278 119 1093
16.2439669995003 61 435
0 31 0
7.60621449416304 59 378
10.4856310761597 60 406
16.2439669995003 61 435
17.6049575873994 88 550
0 31 0
5.87835248124307 58 351
44.7616434014735 132 1265
33.5422467922504 124 887
26.2045298851875 88 784
0 31 0
1.07530703897357 37 7
6.44268619745902 52 100
16.2439669995003 61 435
1.84359749727049 51 190
5.87835248124307 58 351
39.8129171530713 114 1111
22.4460274823566 101 792
0 31 0
0 31 0
0 31 0
53.5050636559262 140 1438
0 31 0
32.7326155854453 90 841
52.6772293784581 137 1190
26.2045298851875 88 784
11.3075991933176 81 604
55.03836087562 141 1155
19.2218421102193 66 439
16.2439669995003 61 435
0.175172587198373 35 6
0 31 0
0 31 0
22.1099174697294 85 460
30.858651811462 103 829
26.1881446842624 95 751
98.5811210371005 213 2069
0 31 0
16.2439669995003 61 435
16.2439669995003 61 435
7.60621449416304 59 378
45.7635838556848 135 1233
5.87835248124307 58 351
8.33887164109815 58 169
0 31 0
67.0054906397627 174 1702
7.60621449416304 59 378
53.5313135291017 143 1271
7.52458373268489 65 273
22.6816829831445 86 729
0 31 0
10.4856310761597 60 406
0 31 0
0 31 0
54.5264162749299 141 1464
16.2439669995003 61 435
78.9837135416138 180 1723
0 31 0
38.075347411227 115 1138
5.87835248124307 58 351
82.4292650642838 185 1924
28.9113985113288 107 935
16.2439669995003 61 435
0 31 0
57.2168952009998 165 1418
54.7781011859511 131 1040
0 31 0
0 31 0
0 31 0
0 31 0
29.2267540509726 105 898
27.2258825041911 89 813
32.7326155854453 90 841
24.4962380254387 88 786
22.8720696313262 87 760
20.7286870544329 92 622
19.2140047371713 92 634
24.4323468006426 101 824
9.42674629819023 63 159
0 31 0
16.2439669995003 61 435
0 31 0
0 31 0
0 31 0
16.2439669995003 61 435
5.87835248124307 58 351
6.44268619745902 52 100
10.4856310761597 60 406
9.09325782184968 72 456
16.2439669995003 61 435
4.72625565291268 57 325
30.9009572510528 107 966
2.42075431248526 53 231
27.0245980490239 106 919
16.2439669995003 61 435
16.3330334673348 85 478
48.0778961691539 137 1138
22.6816829831445 86 729
43.1870546602115 116 1164
0 31 0
46.8973058319373 146 1291
0 31 0
23.7756542470764 101 812
16.2439669995003 61 435
16.2439669995003 61 435
0 31 0
0 31 0
59.4319805290173 166 1243
52.3324113828302 155 1130
39.8446751474042 137 1114
2.80524467713344 54 253
13.304731772821 72 400
22.6816829831445 86 729
32.7326155854453 90 841
16.2439669995003 61 435
0.454832616162368 40 36
20.3605626850197 84 676
17.3040304806587 94 682
0 31 0
0 31 0
34.5147558901607 119 949
10.4856310761597 60 406
7.60621449416304 59 378
0 31 0
27.2258825041911 89 813
32.5569065464272 94 601
0 31 0
0 31 0
0 31 0
9.88336444214361 79 556
117.896707221565 226 2421
0 31 0
0 31 0
59.0565017569858 165 1454
16.2439669995003 61 435
0 31 0
49.1101098625423 144 1251
0 31 0
4.72625565291268 57 325
0 31 0
0 31 0
32.7326155854453 90 841
16.2439669995003 61 435
0 31 0
27.2258825041911 89 813
20.7466368289055 82 312
0 31 0
0 31 0
7.60621449416304 59 378
0.223836732525402 36 10
16.2439669995003 61 435
5.87835248124307 58 351
2.10602237599486 52 210
5.87835248124307 58 351
0 31 0
29.3602634066936 90 563
0 31 0
3.35237421571285 42 25
17.4778118803515 85 703
7.60621449416304 59 378
10.4856310761597 60 406
24.6392710602368 87 559
4.72625565291268 57 325
5.20438393625841 48 64
35.8155874814611 123 851
0 31 0
2.42075431248526 53 231
16.5863130936888 85 706
49.4644540358763 118 1219
0.524683657836788 41 45
15.3205161770859 83 651
27.2258825041911 89 813
0 31 0
35.5581277633518 114 1113
27.2258825041911 89 813
10.4856310761597 60 406
27.2049722621494 90 631
16.0966620129844 88 404
9.96107382386944 73 421
0 31 0
68.3982780656328 171 1645
0 31 0
43.4830888362975 134 1233
0 31 0
0 31 0
60.4101292048769 143 1517
30.0331558060667 98 759
18.3522752886115 76 195
10.4856310761597 60 406
18.1768389323792 86 731
0 31 0
4.72625565291268 57 325
10.4856310761597 60 406
0.223836732525402 36 10
16.2439669995003 61 435
31.3256921048629 109 988
0 31 0
12.4780172715385 61 136
23.83835658841 98 717
0 31 0
3.28566850547172 55 276
33.09022143492 112 1066
0 31 0
32.7326155854453 90 841
1.60602336095512 51 126
77.1842723167407 181 1748
16.2439669995003 61 435
32.7326155854453 90 841
27.2769946359492 117 902
45.3593327978294 122 979
10.4856310761597 60 406
19.5547980896181 73 469
0 31 0
75.4103936006453 170 1708
22.1099174697294 85 460
1.43078689218686 49 153
16.2439669995003 61 435
19.4420287395619 87 410
18.4315688498241 102 831
19.3078565772791 89 734
0 31 0
3.90315602704291 56 300
4.32568840779448 42 17
2.27905111026545 55 196
4.38285366533233 67 331
80.6488443953902 193 1811
10.4856310761597 60 406
0.175172587198373 35 6
2.09665965797722 38 9
3.28566850547172 55 276
91.4847842169061 190 2036
16.0984318981171 78 529
51.1633092621426 142 1328
19.5576991787954 104 868
0 31 0
0 31 0
30.5029630780528 121 1012
7.6993101965342 56 144
16.95939351078 104 724
16.2439669995003 61 435
20.3605626850197 84 676
0 31 0
10.5315679540579 83 437
0 31 0
32.7326155854453 90 841
0 31 0
32.7326155854453 90 841
39.160043899497 117 1112
1.61859470571297 42 27
15.5311480820488 84 682
34.5367751443481 113 1084
59.4570302399099 149 1193
0 31 0
22.2457111354932 91 763
0 31 0
73.3197226121615 183 1462
16.2439669995003 61 435
63.175830691339 154 1298
10.4856310761597 60 406
0 31 0
59.3887765858732 142 1489
7.60621449416304 59 378
0 31 0
49.4644540358763 118 1219
73.3799443176176 175 1691
20.8423977310198 87 757
20.3605626850197 84 676
0 31 0
10.4856310761597 60 406
0 31 0
0 31 0
69.3478119542193 161 1630
72.9007643296634 152 1527
0 31 0
32.7326155854453 90 841
32.7326155854453 90 841
0 31 0
0 31 0
0 31 0
8.97289976072807 71 444
71.0347259517803 166 1728
0 31 0
32.7326155854453 90 841
45.1177357969268 136 1173
0 31 0
0 31 0
5.82205667157935 50 81
22.6816829831445 86 729
10.3301467019581 64 256
41.6274721953656 116 1166
31.6378740285344 102 835
0 31 0
26.724100271623 115 644
72.304019680452 187 1607
0 31 0
16.2439669995003 61 435
33.7553037695444 97 634
0 31 0
22.3871919649306 99 741
26.2045298851875 88 784
0 31 0
10.4856310761597 60 406
10.0096785932702 74 408
0 31 0
24.0929453341822 100 816
0 31 0
12.9629355397282 65 410
17.624428808177 68 456
16.2439669995003 61 435
16.2439669995003 61 435
43.1870546602115 116 1164
5.87835248124307 58 351
38.722436290824 132 1252
0 31 0
10.4856310761597 60 406
0 31 0
0.0850481571310684 33 1
0 31 0
32.373245829455 118 957
10.4856310761597 60 406
0 31 0
32.7326155854453 90 841
23.052193313087 74 459
35.7889883991145 120 915
0 31 0
0 31 0
7.60621449416304 59 378
11.8964382416612 71 461
59.1983570977665 149 1109
78.299154821006 179 1189
19.4100165478922 102 615
0 31 0
47.1815595848657 129 1154
10.4856310761597 60 406
39.1073839218544 114 1117
0 31 0
20.2241799861613 94 637
0 31 0
0 31 0
5.87835248124307 58 351
16.2439669995003 61 435
12.5293464619944 76 526
16.2439669995003 61 435
43.1004676408819 138 1187
29.7246997356787 88 530
17.5303740721124 67 450
17.2622158444163 80 576
32.7326155854453 90 841
0 31 0
0 31 0
10.4856310761597 60 406
0 31 0
10.4856310761597 60 406
2.93827039184423 58 165
24.2544150582468 72 137
20.465476741676 84 688
42.9218918931424 122 1139
32.7326155854453 90 841
31.7705106216791 109 943
24.4962380254387 88 786
16.2439669995003 61 435
0 31 0
2.42075431248526 53 231
4.09547836271394 63 304
11.1906168480881 82 440
59.3887765858732 142 1489
22.6816829831445 86 729
2.55438535461745 54 121
16.2439669995003 61 435
0 31 0
0 31 0
0 31 0
19.752018500812 101 788
32.7326155854453 90 841
16.2439669995003 61 435
33.2838137430948 105 496
0 31 0
0 31 0
58.9797092369557 155 1495
0.454832616162368 40 36
0 31 0
16.2439669995003 61 435
49.9642261375515 148 1328
28.8391530913181 108 976
10.1313354655457 55 85
0 31 0
55.2196125148824 136 905
0 31 0
20.0240736621661 83 666
72.2563855537348 183 1614
126.560475093067 236 2549
32.7326155854453 90 841
7.60621449416304 59 378
0 31 0
0 31 0
52.9255863232565 125 1240
28.5763991328886 94 691
26.2045298851875 88 784
10.4856310761597 60 406
7.60621449416304 59 378
22.2155748828967 105 892
0 31 0
7.60621449416304 59 378
0 31 0
38.075347411227 115 1138
0 31 0
7.60621449416304 59 378
5.1897327051772 64 214
131.57988510211 253 2270
20.3605626850197 84 676
1.28045896302498 48 94
2.42075431248526 53 231
31.4296497030389 116 868
18.3294070490165 75 526
0 31 0
0.992623351658777 46 105
0 31 0
0.275593160787908 37 15
24.4962380254387 88 786
0 31 0
0 31 0
17.2622158444163 80 576
0.776569709609656 44 78
32.7326155854453 90 841
16.2439669995003 61 435
43.4866339315736 116 685
43.7163137956618 128 959
61.6776068899184 141 1040
45.1062875985176 111 917
32.7326155854453 90 841
0 31 0
0 31 0
59.5311624589988 147 1439
0 31 0
0 31 0
58.2076828487138 147 1389
86.2362365233469 196 1641
2.42075431248526 53 231
32.7326155854453 90 841
0.223836732525402 36 10
0 31 0
0 31 0
22.6816829831445 86 729
0 31 0
49.4644540358763 118 1219
24.6262502941778 99 767
83.6510583633504 171 1895
0 31 0
16.2439669995003 61 435
1.84359749727049 51 190
66.1266469863009 163 1709
15.3205161770859 83 651
8.41469616347536 65 393
10.4856310761597 60 406
0.175172587198373 35 6
30.4879641895958 105 933
32.7924433126795 106 901
10.4856310761597 60 406
16.2439669995003 61 435
44.2395452326628 136 1348
5.53151672559855 57 157
2.69326645231765 55 232
20.465476741676 84 688
68.8048986068013 174 1434
27.2258825041911 89 813
0 31 0
44.281868535553 129 1124
40.2247097316159 140 1164
7.60621449416304 59 378
0 31 0
0 31 0
0 31 0
47.0516999180511 123 1097
26.2045298851875 88 784
0 31 0
21.9523056787242 107 721
0 31 0
2.80524467713344 54 253
9.96107382386944 73 421
17.4778118803515 85 703
0 31 0
15.0769924334024 76 484
0 31 0
1.43078689218686 49 153
0.524683657836788 41 45
0 31 0
32.5870851927837 113 984
40.1058247623123 115 1141
0 31 0
0 31 0
16.2439669995003 61 435
12.557286956376 79 553
7.06787339650819 54 121
18.3294070490165 75 526
16.2439669995003 61 435
49.4644540358763 118 1219
19.3821469450195 81 625
12.1133877517793 73 484
49.4644540358763 118 1219
15.7554873532335 89 608
0 31 0
37.8811592380262 112 1072
10.4856310761597 60 406
11.2761028546084 64 412
11.5786084366776 81 609
30.2923831211261 108 952
64.8538914034336 173 1648
49.1861805518744 142 1335
73.5789623523899 175 1676
44.2084072792152 117 1192
16.2439669995003 61 435
86.5858603887826 194 1912
0 31 0
3.90315602704291 56 300
0 31 0
27.2258825041911 89 813
17.2622158444163 80 576
22.8720696313262 87 760
0 31 0
10.4856310761597 60 406
4.81576775959027 66 295
71.2334749765478 171 1688
58.8663795431262 161 1395
0 31 0
32.7326155854453 90 841
16.2439669995003 61 435
0 31 0
74.113414783519 179 1666
16.2439669995003 61 435
0.684454519143894 43 66
3.90315602704291 56 300
0 31 0
0.390497952733371 39 28
18.3996872146855 76 316
26.2045298851875 88 784
31.6494228574792 118 1027
0 31 0
52.5546325199793 136 1336
0 31 0
17.2622158444163 80 576
10.4856310761597 60 406
0 31 0
32.7326155854453 90 841
10.4856310761597 60 406
22.8720696313262 87 760
16.2439669995003 61 435
51.7248599348087 130 1090
25.0100329280132 107 947
10.4856310761597 60 406
61.4314818238805 144 1544
0 31 0
0 31 0
18.6400912900924 110 783
0 31 0
46.6010310472916 125 1200
60.7933934975117 153 1520
7.60621449416304 59 378
0 31 0
10.4856310761597 60 406
2.10602237599486 52 210
47.129531983397 161 1332
27.2258825041911 89 813
17.6049575873994 88 550
0 31 0
22.8720696313262 87 760
30.3197457284997 104 918
85.3763352211279 184 1883
41.5879472196204 122 990
40.6614645639415 126 1100
42.2467702240833 133 1256
22.8720696313262 87 760
12.0770729777296 80 400
7.60621449416304 59 378
16.2439669995003 61 435
31.866871599875 121 990
18.8766324643512 95 661
4.72625565291268 57 325
0 31 0
32.7326155854453 90 841
0 31 0
0 31 0
19.6712679177708 82 645
0 31 0
3.90315602704291 56 300
39.8129171530713 114 1111
21.733030425408 109 760
16.2439669995003 61 435
4.58806498270392 46 49
18.5997992630762 90 476
17.4778118803515 85 703
44.2084072792152 117 1192
0 31 0
7.18178513928423 70 297
23.8002253743351 94 667
52.541919404852 158 1324
19.6712679177708 82 645
32.7326155854453 90 841
0 31 0
49.4644540358763 118 1219
18.6437489228368 84 582
16.2439669995003 61 435
12.5082104515803 70 361
0 31 0
26.121498263723 94 631
39.9162950757319 129 1055
29.5814585537437 101 646
34.5709516787398 106 692
22.8720696313262 87 760
0 31 0
0 31 0
58.6101698030798 142 1451
0 31 0
3.41990552903827 60 268
0.175172587198373 35 6
0 31 0
0 31 0
79.8542356012142 186 1946
7.60621449416304 59 378
83.6510583633504 171 1895
10.4856310761597 60 406
0 31 0
0 31 0
35.0828108696993 109 976
56.9573306106444 156 1559
83.9420368770565 186 1596
107.160042502369 213 1729
0 31 0
3.90315602704291 56 300
0 31 0
9.54038069388962 72 394
18.476825932173 90 603
16.2439669995003 61 435
0 31 0
67.175939867308 163 1693
16.2439669995003 61 435
20.8423977310198 87 757
0 31 0
10.4856310761597 60 406
27.2258825041911 89 813
10.6042100311058 79 568
0 31 0
0 31 0
32.7222201020539 111 1031
32.7326155854453 90 841
37.2350924527472 95 845
26.2045298851875 88 784
76.850514106747 168 1817
0 31 0
0.524683657836788 41 45
1.12059379276059 47 120
0 31 0
2.80524467713344 54 253
16.2439669995003 61 435
7.60621449416304 59 378
16.2439669995003 61 435
17.7663602733215 88 574
0 31 0
0 31 0
0 31 0
21.797439216443 86 735
18.7548492587484 78 571
5.18170819263535 69 351
160.17541987529 278 2985
32.7326155854453 90 841
123.481907956382 240 2423
16.0984318981171 78 529
0 31 0
2.80524467713344 54 253
0 31 0
35.1566728020134 97 862
3.28566850547172 55 276
47.2746478721747 150 1386
31.6378740285344 102 835
39.1073839218544 114 1117
0 31 0
46.5448490729063 139 1326
54.4893883093695 140 1103
55.4687000650188 147 1361
0 31 0
0.0850481571310684 33 1
10.4856310761597 60 406
41.1087446951746 132 1253
24.3085520889548 95 487
0 31 0
91.0182925456969 196 1771
47.6697525009071 146 1306
1.14022408247832 41 24
10.4856310761597 60 406
0 31 0
16.2439669995003 61 435
16.2439669995003 61 435
14.033403033106 96 627
16.2439669995003 61 435
31.3943428544107 100 676
17.478824280263 72 209
48.3264818496388 131 1283
0 31 0
14.8271685197944 67 199
30.1426260589893 107 955
10.4856310761597 60 406
0 31 0
24.3237573816895 100 570
32.7326155854453 90 841
16.2439669995003 61 435
22.6816829831445 86 729
16.2439669995003 61 435
0 31 0
42.4367650361433 145 1233
0 31 0
0 31 0
0 31 0
0.600891875394942 42 55
18.5973488767956 77 555
17.733533130732 102 825
18.7748250281114 86 479
10.4856310761597 60 406
9.84960948567653 58 107
16.2439669995003 61 435
15.8971002559636 89 454
3.28566850547172 55 276
16.2439669995003 61 435
33.1858862890969 110 807
0 31 0
32.7326155854453 90 841
0 31 0
1.62139649126408 50 171
1.43078689218686 49 153
16.2439669995003 61 435
0 31 0
32.7326155854453 90 841
46.5303741429892 124 893
0 31 0
14.5643646495427 91 481
11.5294438361321 83 574
56.0077154589263 140 1450
79.2731932808501 159 1610
0 31 0
0 31 0
19.948424277538 68 444
15.8072897494387 92 596
26.2045298851875 88 784
0 31 0
5.87835248124307 58 351
0 31 0
48.3854850239504 148 1141
0 31 0
5.87835248124307 58 351
0 31 0
16.2439669995003 61 435
0 31 0
0 31 0
0 31 0
11.7526206456579 68 324
0 31 0
10.4856310761597 60 406
71.2149438631629 166 1768
41.735871919869 137 1234
0 31 0
17.2622158444163 80 576
0 31 0
16.2439669995003 61 435
0 31 0
28.2957649214883 109 732
0 31 0
37.2350924527472 95 845
16.2439669995003 61 435
23.638163878684 102 815
107.728705495188 203 2162
42.1657020412079 115 1135
40.1058247623123 115 1141
0 31 0
0 31 0
10.4856310761597 60 406
35.5581277633518 114 1113
0 31 0
2.80524467713344 54 253
77.613909580005 189 1746
0 31 0
92.2758241181312 200 1880
27.6454801555268 114 876
30.1748214275409 107 942
0 31 0
0.878694602273357 45 91
16.0675924628823 85 552
37.2600301237992 113 925
3.02283454055048 50 83
17.2622158444163 80 576
74.0946168405852 163 1625
71.3844581629812 176 1720
7.43620864286403 63 140
0 31 0
30.4622116834883 108 974
32.7326155854453 90 841
10.4856310761597 60 406
0 31 0
16.2439669995003 61 435
26.2045298851875 88 784
0 31 0
27.8195725908211 110 667
1.43078689218686 49 153
3.90315602704291 56 300
0 31 0
74.8078088687397 166 1760
16.2439669995003 61 435
16.2439669995003 61 435
0 31 0
0 31 0
57.0558739726955 152 1417
7.60621449416304 59 378
0 31 0
40.5243094279963 126 756
16.2439669995003 61 435
52.1323555495772 150 1399
4.72625565291268 57 325
1.12059379276059 47 120
45.904892454839 146 1333
0 31 0
0 31 0
19.1401352501915 80 606
0 31 0
18.8766324643512 95 661
32.7326155854453 90 841
47.4970612017103 147 1309
10.4856310761597 60 406
10.4856310761597 60 406
35.9499136172669 110 1011
0 31 0
40.8534078306087 128 1200
0 31 0
0 31 0
0 31 0
0 31 0
19.4257878028481 93 620
20.465476741676 84 688
43.1870546602115 116 1164
10.4856310761597 60 406
0 31 0
22.8720696313262 87 760
14.780480133124 83 659
0 31 0
13.239726810064 94 646
5.87835248124307 58 351
0 31 0
16.2439669995003 61 435
0 31 0
0 31 0
27.2258825041911 89 813
5.87835248124307 58 351
3.28566850547172 55 276
5.82205667157935 50 81
27.4928588810159 89 538
18.9337679089548 79 588
33.5141143944672 106 919
53.5544119376227 137 1354
71.2149438631629 166 1768
53.8037097867945 152 1449
5.87835248124307 58 351
2.10602237599486 52 210
0 31 0
0 31 0
11.7526206456579 68 324
16.2439669995003 61 435
62.9774512008032 155 1396
0 31 0
64.2385086704556 158 1596
74.8078088687397 166 1760
24.4962380254387 88 786
0 31 0
0 31 0
86.0510520297327 196 1947
0 31 0
0 31 0
16.2439669995003 61 435
0 31 0
0 31 0
32.7326155854453 90 841
0 31 0
62.7510396107499 161 1473
49.4644540358763 118 1219
0 31 0
7.60621449416304 59 378
0 31 0
7.60621449416304 59 378
0 31 0
16.2439669995003 61 435
11.0288438892833 66 289
0 31 0
49.4644540358763 118 1219
1.62139649126408 50 171
32.7222201020539 111 1031
0 31 0
65.2834059206477 162 1424
0 31 0
3.28566850547172 55 276
60.4101292048769 143 1517
47.1815595848657 129 1154
16.2439669995003 61 435
16.2439669995003 61 435
0 31 0
0 31 0
7.06787339650819 54 121
0 31 0
15.3205161770859 83 651
0 31 0
0 31 0
3.90315602704291 56 300
57.4278434489844 138 1334
17.0921498234102 63 436
0 31 0
32.7326155854453 90 841
17.0921498234102 63 436
32.7326155854453 90 841
0 31 0
20.8108826543558 98 637
0 31 0
63.0909446819926 153 1191
18.7548492587484 78 571
17.7170526044923 69 463
10.4856310761597 60 406
0 31 0
0 31 0
11.0288438892833 66 289
26.2045298851875 88 784
41.6274721953656 116 1166
46.0919787223517 141 1214
43.7251228049417 124 819
24.4962380254387 88 786
42.6710147093647 131 1063
0 31 0
45.4553294990688 132 1254
67.175939867308 163 1693
32.7326155854453 90 841
62.4409631152765 145 891
11.3636383269562 65 416
0 31 0
16.2439669995003 61 435
26.2045298851875 88 784
0 31 0
32.7326155854453 90 841
0.684454519143894 43 66
0 31 0
1.45168406137513 36 4
3.28566850547172 55 276
17.0921498234102 63 436
43.9768253724226 129 1216
24.4962380254387 88 786
23.6191086468445 95 487
0 31 0
0 31 0
19.3821469450195 81 625
16.2439669995003 61 435
0.878694602273357 45 91
44.2084072792152 117 1192
45.7425759479581 134 964
9.88336444214361 79 556
7.60621449416304 59 378
4.72625565291268 57 325
14.780480133124 83 659
1.62139649126408 50 171
16.2439669995003 61 435
0 31 0
0.914019591649179 38 11
39.832055211605 127 1173
16.2439669995003 61 435
16.2439669995003 61 435
0 31 0
16.0984318981171 78 529
16.2439669995003 61 435
16.7016851886182 98 741
0 31 0
0.776569709609656 44 78
0 31 0
15.3205161770859 83 651
12.5293464619944 76 526
26.1133724374116 116 874
49.4644540358763 118 1219
0 31 0
0 31 0
0 31 0
60.2329534285569 164 1453
0.275593160787908 37 15
13.7831594509975 81 616
2.42075431248526 53 231
31.080508216932 113 832
2.10602237599486 52 210
0 31 0
0 31 0
0 31 0
32.7326155854453 90 841
0 31 0
0 31 0
137.160561820712 258 2602
3.90315602704291 56 300
0 31 0
0 31 0
101.102111922391 196 2195
2.10602237599486 52 210
0 31 0
0 31 0
74.6526742011001 149 1185
19.3821469450195 81 625
76.3316043964384 157 1491
5.87835248124307 58 351
0 31 0
60.4101292048769 143 1517
18.3294070490165 75 526
17.3452795504211 88 532
24.3800871362749 89 596
68.9904949096022 165 1742
112.613842542683 230 2207
1.26855174216421 40 18
0.223836732525402 36 10
0 31 0
0 31 0
0 31 0
0 31 0
0 31 0
0 31 0
45.6061719781508 110 436
11.030330017379 80 588
22.1099174697294 85 460
20.8423977310198 87 757
26.2045298851875 88 784
52.1770701459786 155 1326
34.7116445642037 130 980
0 31 0
0 31 0
0 31 0
0 31 0
4.72625565291268 57 325
16.2439669995003 61 435
3.90315602704291 56 300
0 31 0
59.2046037258542 152 1185
0 31 0
29.6643675919737 86 280
21.3455487995224 76 478
16.2439669995003 61 435
50.9342881552694 137 1128
0 31 0
16.2439669995003 61 435
0 31 0
16.2439669995003 61 435
32.7326155854453 90 841
15.0769924334024 76 484
36.4722119963234 107 977
24.4962380254387 88 786
11.6142383164932 52 41
60.6373209895924 155 1537
0 31 0
0 31 0
0 31 0
7.60621449416304 59 378
22.9135497917939 88 736
0 31 0
20.8423977310198 87 757
18.6399689118556 82 625
0 31 0
32.7326155854453 90 841
1.26855174216421 40 18
11.3075991933176 81 604
0 31 0
0 31 0
32.7326155854453 90 841
32.7326155854453 90 841
46.2085435861096 130 1142
27.5056297696461 99 725
16.2439669995003 61 435
55.2413189304013 150 1370
7.60621449416304 59 378
0 31 0
78.8932193447543 170 1870
0 31 0
37.5943178160058 112 1060
16.2439669995003 61 435
11.3263743502572 76 444
0 31 0
10.4856310761597 60 406
34.7334168038378 120 1028
7.60621449416304 59 378
10.4856310761597 60 406
26.2045298851875 88 784
0 31 0
16.2439669995003 61 435
20.997727308597 85 576
34.5191430929712 105 650
10.4856310761597 60 406
0 31 0
56.3456888422275 151 1415
0 31 0
10.4856310761597 60 406
47.7658403982287 138 1385
72.3082806247635 171 1470
17.2622158444163 80 576
16.2439669995003 61 435
14.8872542050388 84 678
0 31 0
49.4644540358763 118 1219
39.9970071807199 121 1040
16.2439669995003 61 435
32.5300647843185 104 876
34.9170703441034 109 707
53.7886520765167 135 707
34.3956841119339 121 671
16.0984318981171 78 529
10.4856310761597 60 406
49.4644540358763 118 1219
18.1768389323792 86 731
11.3263743502572 76 444
34.0314210160367 112 757
16.2439669995003 61 435
0 31 0
47.1815595848657 129 1154
22.0695822136782 99 669
64.6339648010242 151 936
0 31 0
50.4644579158945 144 1294
75.5108474970325 176 1724
35.0828108696993 109 976
6.56546717811349 46 31
3.35237421571285 42 25
16.2439669995003 61 435
0 31 0
0 31 0
94.2535651012745 191 1878
18.069553508117 73 238
20.0240736621661 83 666
63.4557814464996 158 1567
16.2439669995003 61 435
11.5786084366776 81 609
17.6499806175586 98 764
20.8423977310198 87 757
5.82205667157935 50 81
28.7872785111284 108 954
22.6816829831445 86 729
37.6894891938194 120 990
37.8811592380262 112 1072
16.2439669995003 61 435
16.2439669995003 61 435
9.834464404006 77 434
28.7872785111284 108 954
16.2439669995003 61 435
16.2439669995003 61 435
41.1510678915825 115 895
0 31 0
4.72625565291268 57 325
0 31 0
0 31 0
68.4787953391127 164 1726
17.2622158444163 80 576
44.2084072792152 117 1192
0 31 0
146.299814082658 255 2531
0 31 0
26.831261650843 92 590
41.6674466506157 124 1109
16.2439669995003 61 435
0.330960353449114 38 21
0 31 0
0.776569709609656 44 78
56.4399084994336 155 1543
0 31 0
16.2439669995003 61 435
58.7030736913303 148 1159
16.2439669995003 61 435
83.6510583633504 171 1895
17.4778118803515 85 703
26.4364353254369 91 733
0 31 0
9.65142609485781 62 225
0 31 0
0.84086726940633 39 16
0 31 0
20.465476741676 84 688
20.3605626850197 84 676
32.7326155854453 90 841
5.87835248124307 58 351
16.5550295656016 88 520
0 31 0
38.075347411227 115 1138
15.3205161770859 83 651
0 31 0
82.1060975490213 170 1536
90.4599953107859 183 1809
0 31 0
37.3838459726306 106 751
0 31 0
17.624428808177 68 456
0 31 0
13.3931596897115 81 554
0 31 0
0 31 0
16.2439669995003 61 435
16.2439669995003 61 435
0 31 0
32.7326155854453 90 841
0 31 0
32.7326155854453 90 841
10.4856310761597 60 406
22.4762002613327 85 400
15.3205161770859 83 651
41.3371370363171 121 1122
0 31 0
5.87835248124307 58 351
10.4856310761597 60 406
26.8185352345452 101 758
19.6712679177708 82 645
0 31 0
16.0984318981171 78 529
0 31 0
15.0769924334024 76 484
3.6192415457412 62 281
0 31 0
16.2439669995003 61 435
10.4856310761597 60 406
0 31 0
24.7891511427934 111 947
40.2474063401006 115 1095
0 31 0
0 31 0
83.6376202176056 198 1947
0 31 0
0 31 0
16.2439669995003 61 435
0 31 0
3.90315602704291 56 300
0.684454519143894 43 66
20.3605626850197 84 676
0 31 0
5.87835248124307 58 351
10.4856310761597 60 406
53.2267047879554 127 1255
26.4281024457263 97 742
13.3393045642447 83 654
5.87835248124307 58 351
26.2045298851875 88 784
0 31 0
65.186393377365 144 1323
0 31 0
2.42075431248526 53 231
59.5327707784325 154 1478
34.5367751443481 113 1084
0 31 0
49.4644540358763 118 1219
7.60621449416304 59 378
16.2439669995003 61 435
21.0347281605399 85 711
53.1687156078711 150 1436
49.4644540358763 118 1219
34.6688909166318 108 902
47.2356774686368 135 1313
1.60767502175847 46 55
10.4856310761597 60 406
0 31 0
8.33405127958099 64 388
65.0513709071581 171 1389
32.7326155854453 90 841
20.465476741676 84 688
41.1073368508482 120 1082
0 31 0
0 31 0
11.5630824798027 77 507
8.98871892368683 60 196
3.90315602704291 56 300
37.9983621107771 112 1054
26.2045298851875 88 784
1.12059379276059 47 120
46.7961536530897 127 1129
101.102111922391 196 2195
17.8400001997745 97 760
8.43948680025196 60 104
0 31 0
0 31 0
26.2045298851875 88 784
25.6681938095272 107 764
0 31 0
7.60621449416304 59 378
0 31 0
0 31 0
3.72014813305922 49 73
16.2439669995003 61 435
0 31 0
0 31 0
49.4803675198909 140 1189
14.5748619311216 86 337
0 31 0
25.5151304547247 101 806
12.4298847717241 66 189
57.6762740435844 154 1318
19.6154850955695 79 361
1.84359749727049 51 190
7.14554739456319 58 115
0 31 0
37.0285944214105 133 1111
15.9198933747285 91 619
10.4856310761597 60 406
0 31 0
50.0431255736728 133 1252
16.2439669995003 61 435
44.2291822776757 134 1024
16.2439669995003 61 435
1.84359749727049 51 190
89.5208573255352 204 1800
0 31 0
0 31 0
43.2825145943148 129 1222
90.2980971641189 200 1811
14.8872542050388 84 678
8.49341389172465 69 336
32.7326155854453 90 841
0 31 0
32.7326155854453 90 841
53.206603836601 154 1096
53.5050636559262 140 1435
16.2439669995003 61 435
7.61628302111485 65 217
32.7326155854453 90 841
0 31 0
0 31 0
9.28258080460449 71 381
21.0347281605399 85 711
33.6717206556218 124 1108
16.2439669995003 61 435
41.1660758157682 131 1127
0 31 0
16.2439669995003 61 435
1.45168406137513 36 4
0 31 0
42.1657020412079 115 1135
16.0984318981171 78 529
4.72625565291268 57 325
0 31 0
0 31 0
72.9851071395199 167 1548
1.07530703897357 37 7
12.5054893629884 72 414
0 31 0
0 31 0
0 31 0
34.5367751443481 113 1084
43.1870546602115 116 1164
0 31 0
16.2439669995003 61 435
0 31 0
16.2439669995003 61 435
0 31 0
13.1494929341354 75 467
8.1776163562998 75 335
40.8138971633699 123 812
29.3734928538677 114 909
0 31 0
16.2439669995003 61 435
0 31 0
32.7326155854453 90 841
0 31 0
33.5104427734384 110 747
7.60621449416304 59 378
0 31 0
76.4141451155804 182 1610
16.2439669995003 61 435
16.2439669995003 61 435
16.2439669995003 61 435
16.2439669995003 61 435
23.1357942792086 97 766
0 31 0
0 31 0
0 31 0
0 31 0
76.0206109626513 192 1837
0 31 0
54.8667747978049 137 1390
10.4856310761597 60 406
32.7222201020539 111 1031
0 31 0
0 31 0
10.1914010384344 82 436
3.33963103661851 58 175
0 31 0
0 31 0
16.2439669995003 61 435
0 31 0
0 31 0
0 31 0
10.4856310761597 60 406
0 31 0
0 31 0
44.2084072792152 117 1192
7.60621449416304 59 378
30.1527089054579 107 615
0 31 0
11.5786084366776 81 609
16.2439669995003 61 435
57.1835220222111 141 1466
0 31 0
10.4856310761597 60 406
0 31 0
11.8867687045301 87 507
0 31 0
30.6651635464462 106 730
37.9983621107771 112 1054
76.9395791927714 169 1314
1.43078689218686 49 153
18.6399689118556 82 625
0 31 0
43.8685469370509 143 1132
0 31 0
0 31 0
9.09325782184968 72 456
16.2439669995003 61 435
0 31 0
10.4856310761597 60 406
19.6712679177708 82 645
20.6461016478541 70 451
0 31 0
63.6630871724884 162 1380
28.2021756782955 108 960
36.8888019800049 109 1012
33.3857297310949 119 976
32.7326155854453 90 841
44.7679608317565 119 1141
32.7326155854453 90 841
45.0244617201558 139 995
0 31 0
40.8832959653009 137 1132
32.5300647843185 104 876
16.2439669995003 61 435
0 31 0
0 31 0
10.4856310761597 60 406
26.2045298851875 88 784
1.12059379276059 47 120
0.684454519143894 43 66
39.6136079983206 122 802
28.4489117934509 107 957
27.2258825041911 89 813
0 31 0
32.7326155854453 90 841
0.275593160787908 37 15
0 31 0
24.4962380254387 88 786
42.9457972761109 134 1284
22.8720696313262 87 760
0 31 0
18.4567111423217 76 540
20.6038438853648 107 787
0 31 0
16.2439669995003 61 435
0 31 0
26.2045298851875 88 784
2.42075431248526 53 231
30.8113868078064 100 796
36.1962404179663 108 894
16.2439669995003 61 435
0 31 0
0 31 0
41.5254028847169 123 1109
36.4077404235442 119 1029
0 31 0
136.656782341364 220 1732
0 31 0
0 31 0
0 31 0
2.10602237599486 52 210
39.1073839218544 114 1117
24.4962380254387 88 786
5.87835248124307 58 351
15.0769924334024 76 484
0 31 0
0 31 0
2.42075431248526 53 231
42.4679570365127 118 949
20.4246665441763 73 202
19.1319595962699 101 791
0 31 0
8.68056331382361 77 444
0 31 0
0 31 0
0 31 0
11.3371396128428 80 578
16.2439669995003 61 435
0 31 0
0 31 0
14.5898863749288 74 449
0 31 0
0 31 0
24.4962380254387 88 786
138.075002292596 262 2695
0 31 0
0 31 0
10.4856310761597 60 406
0 31 0
3.601765129473 62 221
0 31 0
16.2439669995003 61 435
0 31 0
16.2439669995003 61 435
16.2439669995003 61 435
12.5082104515803 70 361
22.7106799767402 89 656
2.42075431248526 53 231
36.2067370552026 125 988
0 31 0
0 31 0
19.1319595962699 101 791
10.4856310761597 60 406
0 31 0
15.659873226786 73 442
0 31 0
16.2439669995003 61 435
22.1627657355928 99 761
0.275593160787908 37 15
0 31 0
11.5334764914282 67 427
49.4644540358763 118 1219
27.2258825041911 89 813
0 31 0
95.8043285780878 204 2097
69.6764488128227 168 1435
20.8423977310198 87 757
36.6650806046779 108 994
43.1870546602115 116 1164
7.60621449416304 59 378
16.2439669995003 61 435
22.8720696313262 87 760
12.5082104515803 70 361
0 31 0
67.3219187965918 172 1332
0 31 0
22.8720696313262 87 760
0.0850481571310684 33 1
2.72857463394339 40 16
35.7166932877672 121 1000
32.4163885957169 112 1062
11.3371396128428 80 578
14.1548921529593 74 441
2.42075431248526 53 231
110.520108598897 221 2069
22.6816829831445 86 729
36.5316636489575 125 1064
10.4856310761597 60 406
42.1657020412079 115 1135
1.07530703897357 37 7
10.4856310761597 60 406
32.7924433126795 106 901
0 31 0
83.6854944840905 177 1317
16.2439669995003 61 435
24.0160850535774 103 835
17.9043118981007 71 480
0 31 0
1.84359749727049 51 190
18.1768389323792 86 731
3.28566850547172 55 276
60.3088375227187 147 1319
84.2025975950804 198 1941
32.7326155854453 90 841
95.8472484714828 208 2209
45.6510481474681 119 1037
0 31 0
51.8240135085186 151 1325
16.2439669995003 61 435
23.5884080283034 95 711
16.2439669995003 61 435
23.2934173113357 78 499
35.6266339392135 103 821
0 31 0
37.5943178160058 112 1060
0 31 0
27.2258825041911 89 813
31.3256921048629 109 988
0 31 0
46.038285854352 134 1218
0 31 0
16.2439669995003 61 435
24.4962380254387 88 786
32.7326155854453 90 841
0 31 0
79.414888678196 188 1737
0 31 0
32.7326155854453 90 841
11.8560527744604 70 403
53.0191311182465 133 1097
0 31 0
18.3996872146855 76 316
1.45168406137513 36 4
16.2439669995003 61 435
0 31 0
3.90315602704291 56 300
16.2439669995003 61 435
0 31 0
49.4644540358763 118 1219
0.878694602273357 45 91
29.4677111750533 106 867
10.4856310761597 60 406
0 31 0
0 31 0
26.2045298851875 88 784
39.1073839218544 114 1117
1.26543641446695 48 136
16.2439669995003 61 435
28.5588150816913 120 1033
16.2439669995003 61 435
44.2084072792152 117 1192
0 31 0
0 31 0
0 31 0
0 31 0
28.6423390662622 98 829
0 31 0
20.8423977310198 87 757
15.3205161770859 83 651
0 31 0
16.2439669995003 61 435
29.349578299655 110 685
5.77432277453221 64 258
29.2910647330264 96 724
37.9399753643973 123 731
42.9241783225881 131 1207
47.2356774686368 135 1313
50.6822534596974 119 692
41.0568057362022 118 1086
32.7326155854453 90 841
33.3661288769931 118 1018
0 31 0
0 31 0
59.3887765858732 142 1489
0 31 0
0 31 0
2.80524467713344 54 253
0 31 0
0 31 0
0 31 0
16.2439669995003 61 435
1.84359749727049 51 190
49.5434279993271 143 1327
0 31 0
32.7326155854453 90 841
29.5793293834987 94 607
66.9348813101448 164 1729
10.4856310761597 60 406
7.60621449416304 59 378
38.6275477719601 108 922
49.4644540358763 118 1219
33.5141143944672 106 919
0 31 0
16.2439669995003 61 435
10.4856310761597 60 406
10.4856310761597 60 406
7.6993101965342 56 144
0 31 0
16.2439669995003 61 435
67.384676535331 164 1593
20.8423977310198 87 757
0 31 0
0 31 0
0 31 0
0 31 0
0.992623351658777 46 105
3.90315602704291 56 300
11.3056205086335 58 109
18.5973488767956 77 555
16.2439669995003 61 435
16.2439669995003 61 435
0 31 0
17.0921498234102 63 436
32.7326155854453 90 841
0 31 0
0 31 0
7.60621449416304 59 378
18.3674515647178 87 389
0 31 0
67.0469440912106 175 1677
2.10602237599486 52 210
4.20765714155727 62 249
0 31 0
71.1623669965135 163 1687
18.3294070490165 75 526
2.80524467713344 54 253
5.34704102679814 43 19
0 31 0
0 31 0
2.10602237599486 52 210
17.0921498234102 63 436
55.4373670598399 145 1450
20.3605626850197 84 676
23.7550038251941 102 819
0 31 0
0 31 0
0.0850481571310684 33 1
58.5596468663954 138 1118
61.4314818238805 144 1544
0 31 0
29.04975058213 114 829
13.304731772821 72 400
64.9061265888082 176 1531
26.567812674748 114 846
82.9233736047384 188 1597
16.2439669995003 61 435
20.4428237549854 106 747
0 31 0
35.6135363220179 116 633
16.2439669995003 61 435
16.3178954340001 91 550
44.2084072792152 117 1192
50.2146960469657 131 1241
0 31 0
16.2439669995003 61 435
73.4321448211807 170 1255
4.72625565291268 57 325
0 31 0
16.2439669995003 61 435
82.9185738658564 180 1610
0 31 0
0 31 0
20.3605626850197 84 676
0 31 0
16.2439669995003 61 435
0 31 0
0 31 0
35.1904555851337 104 505
21.3906384283281 81 362
26.8949011200181 99 841
8.85970173523839 48 32
3.28566850547172 55 276
18.6399689118556 82 625
13.4343871432763 80 596
32.0688688159163 111 1037
0 31 0
68.5294110335163 172 1541
16.2439669995003 61 435
1.43078689218686 49 153
33.0445456690299 111 1029
50.6357598759274 125 1030
0.524683657836788 41 45
34.5367751443481 113 1084
7.60621449416304 59 378
4.72625565291268 57 325
0.992623351658777 46 105
0 31 0
39.8129171530713 114 1111
20.3605626850197 84 676
32.7326155854453 90 841
32.7326155854453 90 841
115.258362557852 231 2268
1.45168406137513 36 4
7.60621449416304 59 378
7.60621449416304 59 378
28.2092807243511 105 810
1.29295087934456 46 61
4.72625565291268 57 325
0 31 0
0 31 0
7.60621449416304 59 378
16.2439669995003 61 435
0 31 0
4.72625565291268 57 325
12.5293464619944 76 526
16.2439669995003 61 435
0 31 0
17.6551639705849 83 427
0.684454519143894 43 66
20.4510455528396 102 811
0 31 0
2.11691822608075 55 168
37.8811592380262 112 1072
8.86347698977155 70 433
0 31 0
0 31 0
17.2622158444163 80 576
5.87835248124307 58 351
38.4036764437092 113 1094
8.59431910445845 63 167
0 31 0
26.121498263723 94 631
0 31 0
16.2439669995003 61 435
10.4856310761597 60 406
0 31 0
16.2439669995003 61 435
0 31 0
0 31 0
7.60621449416304 59 378
17.6596913721324 68 123
16.2439669995003 61 435
0 31 0
16.2439669995003 61 435
19.6154850955695 79 361
0 31 0
24.0160850535774 103 835
36.0270655449351 122 1111
57.7331688326027 145 1470
23.4653961698867 96 674
16.2439669995003 61 435
0 31 0
143.985453637454 260 2516
25.5151304547247 101 806
0 31 0
0 31 0
0 31 0
38.4961231811706 133 986
7.60621449416304 59 378
0 31 0
13.148490443221 79 577
0 31 0
7.60621449416304 59 378
7.60621449416304 59 378
79.1308908410216 180 1799
32.4215729207459 107 727
16.2439669995003 61 435
50.2366874741269 143 1209
0 31 0
26.2659155337777 92 439
44.4326725687684 128 1120
0 31 0
0 31 0
45.079297728984 134 890
0 31 0
0.390497952733371 39 28
0 31 0
32.7326155854453 90 841
21.4168711715755 77 492
4.72625565291268 57 325
10.4856310761597 60 406
39.1073839218544 114 1117
51.0504022350242 141 1202
0 31 0
2.80524467713344 54 253
40.4809766252008 124 1039
2.10602237599486 52 210
16.2439669995003 61 435
0.0850481571310684 33 1
0 31 0
0 31 0
0 31 0
20.3605626850197 84 676
0 31 0
0.0850481571310684 33 1
0 31 0
54.3985878100243 155 1249
30.2923831211261 108 952
37.5943178160058 112 1060
7.60621449416304 59 378
32.7326155854453 90 841
0 31 0
0 31 0
93.5071730465836 197 1745
74.5215489969106 165 1516
34.180924922535 107 886
16.2439669995003 61 435
13.7666187519917 81 601
170.917258920451 256 2019
2.80524467713344 54 253
49.4644540358763 118 1219
0 31 0
25.7322826833307 90 787
15.5311480820488 84 682
40.6614645639415 126 1100
0 31 0
2.42075431248526 53 231
1.62139649126408 50 171
0 31 0
17.8098534742815 70 471
2.42075431248526 53 231
56.1270672598482 139 1176
0 31 0
18.0018861444345 72 490
2.80524467713344 54 253
16.2439669995003 61 435
6.85844776277742 67 387
0 31 0
0 31 0
19.2320021969865 96 686
7.60621449416304 59 378
16.2439669995003 61 435
2.4060209990812 43 31
0 31 0
0 31 0
7.60621449416304 59 378
0 31 0
16.5863130936888 85 706
0 31 0
10.4856310761597 60 406
0 31 0
3.28566850547172 55 276
20.8423977310198 87 757
16.2439669995003 61 435
0 31 0
31.7081368511351 122 1044
48.3697591720184 132 1127
60.4160820717745 148 1049
58.591647596328 175 1533
0 31 0
7.60621449416304 59 378
16.2439669995003 61 435
0 31 0
7.06787339650819 54 121
0.454832616162368 40 36
0 31 0
87.1252747394996 192 1541
32.7326155854453 90 841
10.4856310761597 60 406
10.4856310761597 60 406
9.96107382386944 73 421
0 31 0
0 31 0
26.3215055498136 104 882
1.62139649126408 50 171
23.0258827906849 95 695
18.0243132734074 88 442
34.2585327653454 127 1125
27.5819892852966 106 539
32.7326155854453 90 841
22.4918506228545 101 564
23.2943299986153 104 869
21.797439216443 86 735
12.8093731080091 82 627
0 31 0
33.0445456690299 111 1029
26.5275720005682 94 628
0 31 0
0 31 0
0 31 0
44.2084072792152 117 1192
0 31 0
16.2439669995003 61 435
0 31 0
0 31 0
45.1073795782929 129 950
32.7326155854453 90 841
42.1657020412079 115 1135
88.0988376772198 197 1727
0 31 0
11.7712790446032 87 567
0 31 0
0 31 0
4.72625565291268 57 325
37.7592217715904 136 988
17.8775959099773 97 721
0 31 0
0 31 0
42.0297756408127 117 1142
0 31 0
0 31 0
39.7597953543581 125 1110
9.37810331036557 74 483
75.2088121864421 181 1601
16.2439669995003 61 435
24.5850720723154 82 535
0 31 0
20.3605626850197 84 676
10.4856310761597 60 406
20.3605626850197 84 676
0.600891875394942 42 55
44.4797262247311 131 1205
0 31 0
0 31 0
15.5050083344431 77 332
0 31 0
16.2439669995003 61 435
0 31 0
78.8213690949835 179 1813
45.6582918356307 125 675
0 31 0
37.7893990404279 106 933
3.28566850547172 55 276
15.9863108349976 96 704
48.2316515857585 138 1169
5.87835248124307 58 351
32.7326155854453 90 841
97.6931152948214 192 1977
44.2084072792152 117 1192
16.2439669995003 61 435
0 31 0
21.3241616894868 72 460
16.2439669995003 61 435
0 31 0
0 31 0
32.0769593533766 107 921
16.1255205576476 69 416
3.90315602704291 56 300
0 31 0
0 31 0
0 31 0
16.2439669995003 61 435
0 31 0
52.2352031428027 135 1325
21.572387740031 91 631
0.776569709609656 44 78
7.60621449416304 59 378
0 31 0
0 31 0
0 31 0
32.8579466656153 108 707
6.44268619745902 52 100
60.9304727607952 164 1483
1.84359749727049 51 190
0 31 0
29.9026053009737 101 879
36.1962404179663 108 894
0 31 0
44.2084072792152 117 1192
18.8315466055599 68 446
16.2439669995003 61 435
38.2373332992553 129 1209
2.42075431248526 53 231
53.1181805645541 139 775
11.55022211963 81 449
21.797439216443 86 735
7.60621449416304 59 378
7.94547921162816 75 466
34.0696869840355 113 1089
98.9499815608638 219 1969
0 31 0
0 31 0
9.28258080460449 71 381
20.6461016478541 70 451
16.2439669995003 61 435
16.2439669995003 61 435
7.60621449416304 59 378
32.7326155854453 90 841
16.0984318981171 78 529
35.0828108696993 109 976
34.9700225410708 119 879
69.2382006185565 178 1756
33.9198553583721 126 1113
5.87835248124307 58 351
16.2439669995003 61 435
44.6901785105554 125 1060
37.1775312581617 126 1113
0 31 0
6.68205141520702 65 372
0 31 0
27.2258825041911 89 813
43.1870546602115 116 1164
36.3619576383812 124 1132
0 31 0
0 31 0
2.80524467713344 54 253
25.3809564924136 101 784
0.600891875394942 42 55
0 31 0
29.8424341422763 112 811
45.0798830897318 118 557
36.3454614278826 118 907
36.9583410740698 124 1045
0 31 0
27.2258825041911 89 813
0 31 0
15.3205161770859 83 651
3.90315602704291 56 300
16.2439669995003 61 435
37.0889569325881 121 1018
0.600891875394942 42 55
23.6586366410556 87 369
19.446062714413 77 516
0 31 0
0 31 0
44.4797262247311 131 1205
49.4644540358763 118 1219
0 31 0
0 31 0
16.2439669995003 61 435
15.5311480820488 84 682
17.9043118981007 71 480
45.2055039734988 146 1146
0 31 0
0 31 0
32.7326155854453 90 841
0 31 0
35.2340939963705 123 893
0 31 0
0 31 0
10.4856310761597 60 406
0 31 0
58.7507839249395 152 1294
26.2045298851875 88 784
41.6017264795228 123 1103
14.9423600203375 86 571
4.81576775959027 66 295
10.1313354655457 55 85
0 31 0
22.3858633630194 93 684
0 31 0
7.60621449416304 59 378
30.858651811462 103 829
0 31 0
0 31 0
44.6975038999986 140 1114
7.60621449416304 59 378
7.60621449416304 59 378
25.8825729349747 86 579
44.2084072792152 117 1192
14.8362010255922 76 347
52.8765174765994 144 1231
0 31 0
16.2439669995003 61 435
38.4776241390433 124 1072
8.31791304166668 76 504
16.2439669995003 61 435
66.4378589542269 145 1570
55.4412488720932 147 1355
18.3530023734645 85 460
16.2439669995003 61 435
33.8445682628649 113 654
0 31 0
24.4962380254387 88 786
3.05134633047067 56 138
0 31 0
21.0347281605399 85 711
0 31 0
31.4462622316997 96 347
0 31 0
16.2439669995003 61 435
50.243889582065 127 1049
0 31 0
16.2439669995003 61 435
0 31 0
0 31 0
80.0420595768892 178 1464
0 31 0
0 31 0
0.878694602273357 45 91
0 31 0
26.4819048690332 92 764
67.1295333871483 162 1658
0 31 0
21.3153876427853 70 140
4.02486931826884 62 231
35.2971824080195 107 547
24.0824079068129 108 589
0 31 0
35.6367497784451 101 896
23.6322163554646 102 862
25.4733693719522 114 762
3.65339695929264 54 97
17.4778118803515 85 703
0 31 0
0 31 0
50.2966602404456 145 1089
0 31 0
32.7326155854453 90 841
28.5763991328886 94 691
55.826514113273 154 1498
27.2258825041911 89 813
0 31 0
0 31 0
16.2439669995003 61 435
7.20588119212535 53 84
4.72625565291268 57 325
0 31 0
49.3203747820076 137 1360
10.4856310761597 60 406
20.465476741676 84 688
66.3861155845636 153 1461
0 31 0
31.5614311284438 120 846
26.4457305720424 106 745
0 31 0
0 31 0
32.7326155854453 90 841
65.7537165342935 151 1475
103.289898291664 217 2145
1.43078689218686 49 153
20.3023911813028 101 808
36.264101386703 123 1075
37.0322209483075 124 754
10.5446056073707 79 517
0 31 0
26.2045298851875 88 784
5.34704102679814 43 19
82.029157748129 178 1487
23.0814273951577 86 415
0 31 0
21.797439216443 86 735
45.3274398655324 132 1217
32.7326155854453 90 841
1.62139649126408 50 171
40.0145524897717 132 1234
8.91863244272275 71 269
107.282617637718 209 1927
71.8990470199076 174 1648
16.2439669995003 61 435
0 31 0
49.4644540358763 118 1219
49.9439735428505 149 1369
0 31 0
49.4644540358763 118 1219
0 31 0
16.2439669995003 61 435
0 31 0
71.1623669965135 163 1687
7.60621449416304 59 378
8.98871892368683 60 196
16.2439669995003 61 435
7.60621449416304 59 378
16.96219591515 65 130
27.2258825041911 89 813
2.28089668878912 55 148
0 31 0
16.2439669995003 61 435
0 31 0
19.6688258334601 76 203
0 31 0
10.4856310761597 60 406
18.3294070490165 75 526
0 31 0
24.4962380254387 88 786
67.4810466744102 171 1613
30.6018335534226 110 1005
3.90315602704291 56 300
61.4912161832622 158 1564
0 31 0
7.60621449416304 59 378
48.3298546514566 141 1316
16.2439669995003 61 435
7.60621449416304 59 378
0 31 0
16.2439669995003 61 435
10.4856310761597 60 406
3.28566850547172 55 276
10.4856310761597 60 406
0 31 0
16.2439669995003 61 435
39.1073839218544 114 1117
24.4962380254387 88 786
31.310121470163 121 1030
29.0390989461904 109 991
0 31 0
66.7448000678827 165 1745
89.3067756520379 187 1582
9.65142609485781 62 225
36.768044701778 108 573
16.2439669995003 61 435
10.4856310761597 60 406
0 31 0
32.7326155854453 90 841
69.7445922557155 166 1775
54.5264162749299 141 1464
2.96090066329007 53 114
32.7222201020539 111 1031
20.725901972341 103 841
0 31 0
0 31 0
10.4856310761597 60 406
45.8998459709667 142 1164
18.4567111423217 76 540
0 31 0
0 31 0
14.4449762833856 82 415
71.7394444896559 178 1766
11.030330017379 80 588
77.8718667257507 169 1844
22.6816829831445 86 729
3.35237421571285 42 25
12.3747044506794 75 511
0 31 0
0 31 0
27.1468691812718 104 854
0 31 0
63.9228942906402 172 1490
17.3299578846832 65 441
22.475285457787 98 574
55.3280629657588 164 1453
47.146838167456 133 1144
58.3674239668696 141 1460
16.2439669995003 61 435
6.9855857366027 74 461
5.87835248124307 58 351
56.6534763817953 149 1342
0 31 0
19.3078565772791 89 734
39.8129171530713 114 1111
17.866162679667 99 746
15.0313546314583 77 252
55.1617772757293 138 1409
0 31 0
0 31 0
0 31 0
20.465476741676 84 688
17.8098534742815 70 471
36.961234129189 126 1129
5.74738660810153 71 405
0 31 0
0 31 0
1.84359749727049 51 190
8.22664931970933 77 515
31.0013910065385 125 1072
0 31 0
7.60621449416304 59 378
0 31 0
46.7444877792251 137 1358
76.0765742272872 181 1817
16.2439669995003 61 435
0 31 0
7.60621449416304 59 378
28.6126801280385 111 1033
10.4856310761597 60 406
0 31 0
0.600891875394942 42 55
16.2439669995003 61 435
0 31 0
0 31 0
27.0245980490239 106 919
47.1815595848657 129 1154
15.3205161770859 83 651
27.6268618245141 123 1038
0 31 0
30.4622116834883 108 974
1.43078689218686 49 153
0 31 0
0.0850481571310684 33 1
29.2710305021224 107 927
0 31 0
46.5433277210229 131 846
12.5082104515803 70 361
100.842862349087 179 1062
0 31 0
0 31 0
0 31 0
3.90315602704291 56 300
79.8294378814691 185 1922
18.4600024065517 100 750
69.7167087600357 168 1653
1.52622610446257 48 76
38.2833849777041 87 210
24.8159363925276 116 735
0 31 0
5.87835248124307 58 351
43.3943108659766 132 869
10.3301467019581 64 256
9.88336444214361 79 556
2.4060209990812 43 31
24.4962380254387 88 786
0 31 0
11.3075991933176 81 604
2.80524467713344 54 253
33.0445456690299 111 1029
55.3689669799169 139 1411
10.4856310761597 60 406
16.2439669995003 61 435
28.9872462313897 107 826
0 31 0
26.2045298851875 88 784
22.6816829831445 86 729
84.9362009764874 190 2051
0.129092013125127 34 3
16.2439669995003 61 435
42.1657020412079 115 1135
31.3496484442083 115 865
26.4709440040993 112 928
8.19576389607343 68 181
0 31 0
16.2439669995003 61 435
11.5630824798027 77 507
49.2905066435716 124 911
0 31 0
8.91631907539544 78 535
41.6274721953656 116 1166
0 31 0
6.40092075616334 50 53
0 31 0
64.1430744218831 156 1315
0 31 0
66.4378589542269 145 1570
12.5082104515803 70 361
0.275593160787908 37 15
20.9576324402377 90 553
32.7326155854453 90 841
12.5082104515803 70 361
0 31 0
0 31 0
0 31 0
30.858651811462 103 829
7.76517338339388 49 46
0 31 0
0 31 0
22.6816829831445 86 729
0 31 0
3.28566850547172 55 276
35.7387033112488 122 694
66.8812792832037 162 1688
0 31 0
0 31 0
11.0288438892833 66 289
0 31 0
3.90315602704291 56 300
0 31 0
31.1639786779929 108 984
27.4725282377642 103 891
25.5175231753633 108 967
46.3582288635674 140 1215
1.62139649126408 50 171
10.4856310761597 60 406
0 31 0
38.2545102123718 131 1050
40.0710120525347 127 865
16.2439669995003 61 435
23.83835658841 98 717
16.2439669995003 61 435
5.87835248124307 58 351
87.8824890066041 195 1713
27.7770927108757 111 773
47.9361454835175 116 735
33.0445456690299 111 1029
12.0161976022588 86 392
56.6539704986281 141 1472
22.6816829831445 86 729
13.148490443221 79 577
18.6399689118556 82 625
75.3953803955313 182 1854
0 31 0
44.1099158335161 141 1247
0 31 0
0 31 0
0 31 0
0 31 0
33.6869380626521 138 1175
0 31 0
38.0402511685008 128 1135
0 31 0
7.60621449416304 59 378
0 31 0
1.84359749727049 51 190
0 31 0
17.2179656208057 64 438
10.4856310761597 60 406
13.9236292311923 77 344
37.4771460130822 111 1051
11.3636383269562 65 416
73.4099720533956 165 1760
21.797439216443 86 735
29.0083613614907 99 445
0 31 0
27.2258825041911 89 813
7.70978684030978 76 496
10.4856310761597 60 406
87.6457218894218 163 1552
47.8281453066894 135 1305
0 31 0
46.8740171180058 127 1219
95.5701946929207 194 2146
0 31 0
2.80524467713344 54 253
10.4856310761597 60 406
5.06742195744472 55 133
19.3821469450195 81 625
73.1827191033893 177 1734
28.1537738015228 109 895
22.6022917463383 83 549
0 31 0
12.1133877517793 73 484
20.3605626850197 84 676
2.10602237599486 52 210
1.96830921768296 53 174
39.4007244349097 130 1215
73.7115434223039 179 1770
33.4447281981186 114 830
0 31 0
7.60621449416304 59 378
46.9869097405959 139 1127
30.6018335534226 110 1005
47.2960708764753 142 1207
40.1315459198051 120 988
0 31 0
77.8718667257507 169 1844
0 31 0
89.5306054801774 196 1624
0 31 0
21.4122843139428 89 666
29.6578075892962 105 920
0 31 0
18.8179360858917 83 397
50.7516660171074 135 1157
16.2439669995003 61 435
4.72625565291268 57 325
46.2055494930424 142 1102
24.0160850535774 103 835
7.60621449416304 59 378
31.3256921048629 109 988
25.8853769444732 104 856
22.8041674521712 95 716
10.4856310761597 60 406
0 31 0
36.9583410740698 124 1045
4.61201560012168 53 111
10.4856310761597 60 406
83.6510583633504 171 1895
14.780480133124 83 659
13.148490443221 79 577
17.1986476578111 73 274
16.2439669995003 61 435
32.7326155854453 90 841
4.1005361473908 40 10
58.7435537637522 152 1444
0 31 0
0 31 0
54.5264162749299 141 1464
16.2439669995003 61 435
16.2439669995003 61 435
26.2045298851875 88 784
26.2045298851875 88 784
10.4856310761597 60 406
18.7596615527034 96 598
1.45168406137513 36 4
24.571148476185 100 826
79.6638917179877 187 1759
0 31 0
61.1913881819843 162 1410
60.4101292048769 143 1517
7.60621449416304 59 378
0 31 0
5.16082225325994 60 328
0 31 0
16.2439669995003 61 435
2.80524467713344 54 253
0 31 0
23.8977459583935 92 373
7.52458373268489 65 273
16.2439669995003 61 435
34.6811510662246 114 866
0 31 0
69.0090760885278 177 1758
9.83533345252429 81 464
13.3393045642447 83 654
7.76517338339388 49 46
2.42075431248526 53 231
0 31 0
0 31 0
32.7326155854453 90 841
8.66913754333182 68 414
0 31 0
51.8111408385032 146 1362
10.7120725471559 75 463
0 31 0
44.5099200636884 133 1270
79.8575696158701 191 1740
43.6621939902982 135 1043
0.175172587198373 35 6
0 31 0
5.87835248124307 58 351
0 31 0
32.7326155854453 90 841
7.60621449416304 59 378
85.4582771914417 176 1439
29.734619718215 122 1022
0 31 0
16.2439669995003 61 435
0 31 0
16.0984318981171 78 529
45.9913312866394 134 1042
0 31 0
17.4330086854535 66 445
8.95232418779952 52 64
11.7072821107372 69 442
0 31 0
24.3003624179547 105 910
34.8591007113241 113 1086
7.85567833406659 57 92
2.80524467713344 54 253
32.7326155854453 90 841
27.2258825041911 89 813
0 31 0
17.4778118803515 85 703
0.330960353449114 38 21
0.330960353449114 38 21
1.26543641446695 48 136
0 31 0
15.9863108349976 96 704
17.4330086854535 66 445
0 31 0
3.28566850547172 55 276
0 31 0
1.26855174216421 40 18
3.90315602704291 56 300
1.12059379276059 47 120
0 31 0
5.87835248124307 58 351
16.2439669995003 61 435
22.7685991990473 115 882
0 31 0
0 31 0
0 31 0
0 31 0
18.6399689118556 82 625
71.1623669965135 163 1687
1.12059379276059 47 120
32.1671750307735 117 878
16.2439669995003 61 435
2.84301950020829 45 43
16.2439669995003 61 435
17.7170526044923 69 463
0 31 0
16.2439669995003 61 435
24.9618915114154 116 879
0 31 0
0 31 0
0 31 0
37.1714929130971 120 1105
51.3046330533249 144 1274
61.0706493283346 158 1398
35.9084600608709 131 1007
28.5763991328886 94 691
14.2191075540911 82 637
0 31 0
3.28566850547172 55 276
33.5141143944672 106 919
66.4378589542269 145 1570
0 31 0
32.8038900674326 111 1036
0 31 0
16.2439669995003 61 435
10.4856310761597 60 406
20.9013547911425 90 368
0 31 0
10.4856310761597 60 406
45.267614818202 124 1066
0 31 0
0.600891875394942 42 55
0 31 0
16.2439669995003 61 435
22.6816829831445 86 729
1.60767502175847 46 55
10.4856310761597 60 406
16.2439669995003 61 435
0 31 0
105.266627665748 210 2226
52.6259906080279 151 1240
27.2258825041911 89 813
0 31 0
48.014209016782 129 813
69.6871825002767 175 1421
39.5116623873463 114 656
46.2837766116314 129 1226
32.7326155854453 90 841
7.60621449416304 59 378
16.2439669995003 61 435
0 31 0
9.96107382386944 73 421
16.2439669995003 61 435
37.0032602324635 119 871
0 31 0
10.4856310761597 60 406
10.3301467019581 64 256
10.4856310761597 60 406
20.3605626850197 84 676
20.465476741676 84 688
44.2084072792152 117 1192
16.2439669995003 61 435
7.60621449416304 59 378
0 31 0
43.1870546602115 116 1164
49.4644540358763 118 1219
0 31 0
0 31 0
0 31 0
0 31 0
16.2439669995003 61 435
0 31 0
0 31 0
31.1639786779929 108 984
43.1870546602115 116 1164
14.8228680986592 80 390
11.5630824798027 77 507
26.9832336298002 95 421
16.2439669995003 61 435
16.2439669995003 61 435
40.8029881129017 126 822
16.2439669995003 61 435
0 31 0
43.041567968386 131 1231
0 31 0
58.2337167258882 143 1237
51.9390929196793 122 960
10.4856310761597 60 406
24.9487669576818 104 866
10.4856310761597 60 406
11.8937521055379 80 473
16.2439669995003 61 435
16.2439669995003 61 435
22.0199314765688 87 604
0 31 0
12.5082104515803 70 361
0 31 0
32.7326155854453 90 841
18.5973488767956 77 555
4.72625565291268 57 325
10.3522683656405 84 496
2.09665965797722 38 9
14.5388550463379 69 168
30.815241427608 106 670
8.16928781993498 62 381
2.80524467713344 54 253
0 31 0
7.60621449416304 59 378
0 31 0
64.7329463210273 160 1633
16.2439669995003 61 435
10.6042100311058 79 568
0 31 0
0 31 0
0 31 0
16.2439669995003 61 435
0 31 0
49.4644540358763 118 1219
18.6401838683492 100 743
16.2439669995003 61 435
0 31 0
20.8423977310198 87 757
0 31 0
32.7326155854453 90 841
0 31 0
16.2439669995003 61 435
36.5588409688171 117 940
16.2439669995003 61 435
26.2045298851875 88 784
2.80524467713344 54 253
0 31 0
55.5477688939335 142 1492
0 31 0
0 31 0
28.5763991328886 94 691
17.6390963697665 88 709
2.10602237599486 52 210
0 31 0
123.572285882338 233 2489
0 31 0
0 31 0
4.72625565291268 57 325
36.3024045023536 106 961
27.0405307816157 86 557
4.16346998830974 51 91
16.2439669995003 61 435
16.2439669995003 61 435
74.3670746181739 180 1811
18.3294070490165 75 526
1.26543641446695 48 136
37.1542497933459 110 1031
42.786554557793 140 928
0 31 0
36.1602295403992 129 1192
0 31 0
5.87835248124307 58 351
37.5943178160058 112 1060
0 31 0
0 31 0
12.9629355397282 65 410
10.4856310761597 60 406
21.0347281605399 85 711
34.2523735820249 109 830
7.60621449416304 59 378
22.1099174697294 85 460
0 31 0
28.2862511504689 107 725
0 31 0
0 31 0
16.2439669995003 61 435
9.96107382386944 73 421
25.8159764378341 91 589
29.4969947050894 114 853
37.9983621107771 112 1054
41.6274721953656 116 1166
0 31 0
7.60621449416304 59 378
10.0611902564875 75 353
17.361504551126 92 461
0 31 0
16.2439669995003 61 435
39.8129171530713 114 1111
18.9438307970963 97 732
0 31 0
1.12059379276059 47 120
0.600891875394942 42 55
0 31 0
16.2439669995003 61 435
16.2439669995003 61 435
0 31 0
0 31 0
38.075347411227 115 1138
18.7548492587484 78 571
19.2218421102193 66 439
26.2045298851875 88 784
32.7326155854453 90 841
49.7325374945612 122 1196
0.84086726940633 39 16
16.2439669995003 61 435
0 31 0
32.7326155854453 90 841
45.6844261229264 133 1268
74.7806984958558 173 1626
3.90315602704291 56 300
17.4330086854535 66 445
44.2084072792152 117 1192
22.8720696313262 87 760
1.12059379276059 47 120
0 31 0
0 31 0
36.3024045023536 106 961
36.3024045023536 106 961
16.2439669995003 61 435
16.2439669995003 61 435
0 31 0
0.275593160787908 37 15
24.4962380254387 88 786
0 31 0
33.5487687800134 130 1012
22.2554925278631 98 547
0 31 0
40.5386277421063 121 870
30.5368274187253 109 982
1.62139649126408 50 171
16.2439669995003 61 435
38.4036764437092 113 1094
66.4378589542269 145 1570
32.7326155854453 90 841
2.10602237599486 52 210
4.54235570155735 62 315
21.797439216443 86 735
0 31 0
16.2439669995003 61 435
0.223836732525402 36 10
0 31 0
2.4060209990812 43 31
16.2439669995003 61 435
27.2776931172704 119 913
0 31 0
0 31 0
20.2241799861613 94 637
32.7326155854453 90 841
32.7924433126795 106 901
0 31 0
0 31 0
30.127178989229 121 992
37.1542497933459 110 1031
0 31 0
24.0431865587083 90 577
50.4413926310425 137 986
67.7981628407404 157 1245
26.2045298851875 88 784
7.37948753789845 76 367
86.5565605528966 189 1791
45.5768790150461 139 1024
10.4856310761597 60 406
8.14270653669515 70 385
25.6760768725951 103 787
10.0176308083106 81 414
0 31 0
35.2126357488899 117 788
4.72625565291268 57 325
30.8322954107465 125 1075
0.330960353449114 38 21
24.4962380254387 88 786
10.4856310761597 60 406
0 31 0
0 31 0
0 31 0
0 31 0
5.82205667157935 50 81
5.87835248124307 58 351
0 31 0
0 31 0
14.454950890405 72 262
32.7326155854453 90 841
0.600891875394942 42 55
32.7326155854453 90 841
0 31 0
0 31 0
27.2258825041911 89 813
5.87835248124307 58 351
16.2439669995003 61 435
7.60621449416304 59 378
32.7326155854453 90 841
5.3355480623951 62 227
7.60621449416304 59 378
10.4856310761597 60 406
0 31 0
20.8503937634235 82 409
16.2439669995003 61 435
4.72625565291268 57 325
128.276094461622 224 1944
20.465476741676 84 688
11.0288438892833 66 289
0 31 0
71.5006261956128 150 1392
14.8872542050388 84 678
0 31 0
16.2439669995003 61 435
0 31 0
54.7220894340276 152 1193
21.797439216443 86 735
10.4856310761597 60 406
0 31 0
16.2439669995003 61 435
16.2439669995003 61 435
0 31 0
10.4856310761597 60 406
40.4418465070345 115 973
16.2439669995003 61 435
0 31 0
0 31 0
0 31 0
19.1401352501915 80 606
92.5061368359098 191 2065
66.7351994944488 167 1575
16.2439669995003 61 435
10.4856310761597 60 406
1.62139649126408 50 171
28.9237980136888 93 819
2.42075431248526 53 231
63.1854061996026 162 1673
24.0964732254447 111 791
1.84359749727049 51 190
0.223836732525402 36 10
19.2218421102193 66 439
17.2179656208057 64 438
16.2439669995003 61 435
32.7924433126795 106 901
49.4644540358763 118 1219
0 31 0
43.1870546602115 116 1164
105.037396955792 211 1682
0 31 0
16.2439669995003 61 435
0 31 0
32.7326155854453 90 841
24.4962380254387 88 786
0 31 0
10.4856310761597 60 406
0 31 0
0 31 0
20.8423977310198 87 757
22.6816829831445 86 729
0 31 0
55.0310807472136 153 1500
0 31 0
10.4856310761597 60 406
10.4856310761597 60 406
8.33882108528641 61 139
0 31 0
47.2115969835672 141 1217
0 31 0
16.2439669995003 61 435
10.4856310761597 60 406
9.88336444214361 79 556
31.882779125261 110 1023
7.60621449416304 59 378
38.5426020687736 127 1177
55.6693734205566 144 1307
0 31 0
0 31 0
0 31 0
39.5360293024556 101 866
3.90315602704291 56 300
0 31 0
16.2439669995003 61 435
68.3777484849441 173 1517
0 31 0
5.22224968844391 58 127
63.9441473724377 163 1535
0 31 0
10.9602680998815 87 589
0 31 0
76.6060321233961 169 1846
5.87835248124307 58 351
20.465476741676 84 688
35.928344177441 116 775
19.6154850955695 79 361
16.2439669995003 61 435
14.4404529711904 80 448
1.43078689218686 49 153
0 31 0
32.7326155854453 90 841
20.465476741676 84 688
16.2439669995003 61 435
3.28566850547172 55 276
0.776569709609656 44 78
15.5311480820488 84 682
40.0580233163439 127 1135
0.223836732525402 36 10
0 31 0
5.87835248124307 58 351
15.3205161770859 83 651
77.7788023606918 180 1791
0 31 0
0 31 0
16.2439669995003 61 435
65.4505816749363 160 1433
6.72132628556229 73 445
0.275593160787908 37 15
54.9779777051439 139 1219
5.87835248124307 58 351
15.21963757303 61 100
16.2439669995003 61 435
0 31 0
15.0769924334024 76 484
0 31 0
18.1640512409014 94 649
0 31 0
16.2439669995003 61 435
26.2045298851875 88 784
67.175939867308 163 1693
31.9957810737789 114 934
1.62139649126408 50 171
32.7326155854453 90 841
9.74945466805424 76 514
0 31 0
4.72625565291268 57 325
42.1657020412079 115 1135
32.7222201020539 111 1031
27.2258825041911 89 813
19.8189675605081 75 192
0 31 0
67.170816607042 164 1499
0 31 0
42.1657020412079 115 1135
35.0336743892446 124 911
0 31 0
27.0219276699925 100 852
7.81784327042357 74 471
32.7326155854453 90 841
16.2439669995003 61 435
0 31 0
22.7765339889237 102 673
13.9653946527343 69 212
0 31 0
0 31 0
16.0984318981171 78 529
7.60621449416304 59 378
59.7299228398154 149 1293
10.4856310761597 60 406
26.9804505495294 112 841
0 31 0
0 31 0
61.8264501116883 157 1532
0 31 0
42.2428972996311 118 724
0.0850481571310684 33 1
4.65973215427151 59 257
72.6562810315484 170 1736
32.7326155854453 90 841
33.5141143944672 106 919
27.2258825041911 89 813
0 31 0
0.330960353449114 38 21
0 31 0
26.6312032570477 111 773
0 31 0
34.0818297690083 110 825
10.6042100311058 79 568
65.6487253840661 167 1538
45.9576508846632 148 1201
61.9130231622465 130 1238
99.3613340802487 214 1967
5.87835248124307 58 351
21.797439216443 86 735
0 31 0
2.80524467713344 54 253
0 31 0
0 31 0
32.7326155854453 90 841
16.2439669995003 61 435
32.7326155854453 90 841
0 31 0
26.2045298851875 88 784
97.7073174587924 210 1807
0 31 0
12.909286998716 78 559
32.7326155854453 90 841
2.42075431248526 53 231
16.2439669995003 61 435
52.4786080102815 140 1442
1.26543641446695 48 136
3.28566850547172 55 276
2.42075431248526 53 231
16.2439669995003 61 435
4.72625565291268 57 325
0 31 0
9.98343796762437 77 531
0 31 0
10.4856310761597 60 406
11.7526206456579 68 324
32.7326155854453 90 841
72.7738553591035 165 1748
10.4856310761597 60 406
0 31 0
1.07530703897357 37 7
0.330960353449114 38 21
10.4856310761597 60 406
0 31 0
0 31 0
0.684454519143894 43 66
0 31 0
4.78484136047889 68 302
47.1222563530078 132 1262
32.7326155854453 90 841
42.0102723983034 129 1176
34.6311641275856 108 964
7.60621449416304 59 378
0 31 0
78.1327785525965 185 1941
4.72625565291268 57 325
67.6052434353646 155 1439
11.7526206456579 68 324
23.8051881444834 99 786
35.8226133091938 126 1097
32.7326155854453 90 841
29.4974037434007 100 565
0 31 0
48.813706766086 146 1288
31.882779125261 110 1023
29.342071183612 109 996
10.4856310761597 60 406
9.43800414253283 80 448
0 31 0
57.8258772708861 153 1252
30.0331558060667 98 759
56.1594926051963 168 1337
16.2439669995003 61 435
16.0984318981171 78 529
61.3947437742809 166 1452
7.60621449416304 59 378
0 31 0
0 31 0
58.2377731678747 147 1151
27.2258825041911 89 813
28.8707033215029 112 940
33.3708310443479 114 891
16.2439669995003 61 435
0 31 0
27.1468691812718 104 854
16.2439669995003 61 435
30.8113868078064 100 796
18.6399689118556 82 625
16.2439669995003 61 435
65.6263723971464 156 1451
16.2439669995003 61 435
0 31 0
78.1011279276678 180 1789
35.6109500481183 134 1004
25.3025333002814 96 445
0 31 0
16.2439669995003 61 435
0 31 0
15.8453149785482 67 149
0 31 0
10.4856310761597 60 406
20.465476741676 84 688
0 31 0
24.0563152158748 99 691
0 31 0
56.8689397430549 156 1517
16.2439669995003 61 435
17.2622158444163 80 576
16.2439669995003 61 435
13.7701720358204 89 573
1.12059379276059 47 120
7.60621449416304 59 378
0 31 0
0 31 0
16.2439669995003 61 435
10.4856310761597 60 406
2.80524467713344 54 253
0 31 0
16.2439669995003 61 435
20.7950415862334 92 670
57.6288019736169 134 1018
35.1651587345919 114 941
12.313518013046 81 422
31.9925300692268 127 995
21.797439216443 86 735
1.26543641446695 48 136
0.0850481571310684 33 1
0 31 0
0 31 0
15.9475678795244 95 442
16.2439669995003 61 435
45.267614818202 124 1066
10.4856310761597 60 406
16.2439669995003 61 435
26.2045298851875 88 784
7.60621449416304 59 378
8.07527550292192 67 307
0 31 0
5.87835248124307 58 351
14.8872542050388 84 678
23.2934173113357 78 499
12.6499427020759 55 59
76.5850105085178 187 1769
0 31 0
0 31 0
16.2439669995003 61 435
20.3605626850197 84 676
12.557286956376 79 553
16.2439669995003 61 435
16.2439669995003 61 435
22.9406965532813 114 896
5.87835248124307 58 351
21.0347281605399 85 711
59.8582093653564 151 1433
0 31 0
0 31 0
3.90315602704291 56 300
0 31 0
0 31 0
0 31 0
18.0018861444345 72 490
30.1426260589893 107 955
43.1870546602115 116 1164
16.2439669995003 61 435
0 31 0
137.005538659886 240 2470
11.2413013404844 65 180
0 31 0
7.17928636233932 70 417
0.878694602273357 45 91
91.6269286144422 207 1938
15.8072897494387 92 596
5.87835248124307 58 351
0 31 0
49.4644540358763 118 1219
10.3091835818764 80 582
2.42075431248526 53 231
0 31 0
22.081828612266 90 703
0 31 0
0.600891875394942 42 55
10.4856310761597 60 406
0 31 0
29.2710305021224 107 927
43.1870546602115 116 1164
49.4644540358763 118 1219
0 31 0
32.7326155854453 90 841
0 31 0
16.2439669995003 61 435
0 31 0
7.60621449416304 59 378
3.90315602704291 56 300
0 31 0
6.3151601748838 73 436
0 31 0
32.7326155854453 90 841
21.628192707395 104 858
55.3689669799169 139 1411
40.8854415298313 132 825
18.6399689118556 82 625
16.2439669995003 61 435
16.2439669995003 61 435
0 31 0
0 31 0
0 31 0
68.4761144229709 149 1548
0 31 0
49.1222319569005 139 1110
0 31 0
19.6712679177708 82 645
16.2439669995003 61 435
0 31 0
71.1535438286469 169 1413
1.26543641446695 48 136
0 31 0
69.1722386251556 164 1714
0 31 0
0 31 0
20.4586372006401 73 466
0 31 0
10.7066142071219 85 576
24.7935631282842 91 646
2.42075431248526 53 231
62.8001904937371 142 928
11.5338785853846 82 436
17.7549646712208 89 546
0 31 0
32.6571663898862 114 877
42.4291088095308 121 970
0.878694602273357 45 91
0 31 0
0 31 0
16.2439669995003 61 435
1.84359749727049 51 190
18.1768389323792 86 731
5.87835248124307 58 351
0.454832616162368 40 36
22.9135497917939 88 736
0 31 0
16.2439669995003 61 435
54.8667747978049 137 1390
27.2258825041911 89 813
45.328605621769 133 1025
16.5863130936888 85 706
23.4012310074554 88 514
49.4644540358763 118 1219
0.175172587198373 35 6
0.524683657836788 41 45
0 31 0
0 31 0
0 31 0
13.4343871432763 80 596
0 31 0
24.6262502941778 99 767
76.850514106747 168 1817
0.129092013125127 34 3
5.8493051477622 59 141
16.2439669995003 61 435
32.7326155854453 90 841
16.2439669995003 61 435
46.3431397856981 121 1066
18.6399689118556 82 625
14.1548921529593 74 441
37.3257967683169 128 1010
0 31 0
21.0223229874502 93 472
28.9113985113288 107 935
16.2439669995003 61 435
17.2179656208057 64 438
0 31 0
13.7666187519917 81 601
24.4962380254387 88 786
0 31 0
58.270199807231 163 1509
7.97874557879329 67 231
0.330960353449114 38 21
0 31 0
0 31 0
33.6942427670284 125 918
16.2439669995003 61 435
27.0219276699925 100 852
10.4856310761597 60 406
7.62887017791762 64 358
0 31 0
16.2439669995003 61 435
16.2439669995003 61 435
17.5303740721124 67 450
32.7326155854453 90 841
17.2622158444163 80 576
0.275593160787908 37 15
5.18170819263535 69 351
53.8253689795566 139 804
18.9337679089548 79 588
65.1635577711262 165 1490
0 31 0
28.5763991328886 94 691
22.6816829831445 86 729
2.27407631297669 54 133
0.275593160787908 37 15
24.4962380254387 88 786
7.60621449416304 59 378
0 31 0
11.0288438892833 66 289
0 31 0
0.776569709609656 44 78
7.60621449416304 59 378
0 31 0
22.8720696313262 87 760
10.4856310761597 60 406
0 31 0
18.2918817176367 87 461
46.5182552485459 132 1225
0 31 0
17.9043118981007 71 480
0 31 0
34.5367751443481 113 1084
0 31 0
0 31 0
0 31 0
47.0214270099949 136 1342
10.4856310761597 60 406
34.0696869840355 113 1089
16.2439669995003 61 435
0 31 0
0 31 0
18.6399689118556 82 625
26.435279202085 112 855
0 31 0
0 31 0
15.5311480820488 84 682
0 31 0
38.1621995516785 105 459
49.5904861302571 144 1279
0 31 0
24.4962380254387 88 786
0 31 0
48.3060505960536 137 1372
47.963895161678 151 1423
0 31 0
4.72625565291268 57 325
112.879625757102 220 2339
18.0018861444345 72 490
22.4104486395333 94 703
0 31 0
0 31 0
78.8080852624655 184 1893
36.6910723172129 112 671
0 31 0
16.2439669995003 61 435
36.6100896205215 121 976
0 31 0
30.6145686331829 117 932
16.2439669995003 61 435
0 31 0
56.3478302442052 152 1199
22.0276501797877 105 692
10.4856310761597 60 406
0 31 0
0.275593160787908 37 15
16.2439669995003 61 435
8.76282716062686 69 423
0 31 0
14.3434570885923 69 422
27.2258825041911 89 813
16.2439669995003 61 435
2.42075431248526 53 231
16.2439669995003 61 435
0 31 0
2.42075431248526 53 231
7.60621449416304 59 378
7.60621449416304 59 378
16.2439669995003 61 435
65.2393345201839 156 1505
0 31 0
27.6469935606654 91 565
12.3110230843718 82 631
7.60621449416304 59 378
0 31 0
65.3613848250138 161 1642
0 31 0
26.2045298851875 88 784
46.2303978657837 123 765
0 31 0
0.275593160787908 37 15
0 31 0
20.465476741676 84 688
16.2439669995003 61 435
22.8720696313262 87 760
23.7031401492474 92 662
0 31 0
32.7326155854453 90 841
16.2439669995003 61 435
0 31 0
0 31 0
33.8121406862998 117 936
0 31 0
0 31 0
41.7701771988256 126 1125
0 31 0
32.7326155854453 90 841
20.8423977310198 87 757
1.43078689218686 49 153
15.5311480820488 84 682
0 31 0
32.7326155854453 90 841
0.275593160787908 37 15
10.4856310761597 60 406
47.7863706551241 140 1001
0 31 0
0 31 0
16.2439669995003 61 435
22.8720696313262 87 760
0 31 0
40.4372649291495 126 677
16.2439669995003 61 435
0 31 0
0 31 0
19.6048644062325 101 799
54.0481540843937 153 1478
18.7548492587484 78 571
16.2439669995003 61 435
17.6793209283572 106 718
16.2439669995003 61 435
2.10602237599486 52 210
0 31 0
0 31 0
36.0326421732197 113 1082
16.2439669995003 61 435
0 31 0
16.2439669995003 61 435
0 31 0
16.2439669995003 61 435
32.7772797610127 105 832
44.2084072792152 117 1192
52.2352031428027 135 1325
7.60621449416304 59 378
10.4856310761597 60 406
10.4617384740683 82 457
16.2439669995003 61 435
0 31 0
26.4364353254369 91 733
16.2439669995003 61 435
21.0684390836768 85 667
16.2439669995003 61 435
32.7326155854453 90 841
10.3227907710323 62 149
1.31328051305938 47 72
29.6367961086033 112 835
0 31 0
49.4644540358763 118 1219
51.6218010905211 134 948
0 31 0
44.1454810202785 137 1138
11.5630824798027 77 507
0 31 0
7.60621449416304 59 378
17.2622158444163 80 576
40.1058247623123 115 1141
49.4644540358763 118 1219
0 31 0
10.4856310761597 60 406
66.0719699099384 181 1643
0 31 0
0 31 0
0 31 0
16.2439669995003 61 435
26.8949011200181 99 841
49.3141791770831 128 933
75.4108535056312 173 1691
0 31 0
0 31 0
66.4378589542269 145 1570
0.454832616162368 40 36
32.7326155854453 90 841
32.7326155854453 90 841
64.7268701008888 164 1657
22.6816829831445 86 729
49.4644540358763 118 1219
0 31 0
20.465476741676 84 688
29.0390989461904 109 991
0 31 0
19.6712679177708 82 645
0 31 0
16.5863130936888 85 706
16.2439669995003 61 435
16.2439669995003 61 435
58.5311229368321 148 1375
51.2842292281534 150 1390
0.175172587198373 35 6
16.2439669995003 61 435
7.60621449416304 59 378
44.2084072792152 117 1192
79.1859938760959 187 1805
14.780480133124 83 659
12.7055758396322 77 542
22.6816829831445 86 729
10.4856310761597 60 406
0 31 0
14.6661615375799 69 180
32.7326155854453 90 841
4.72625565291268 57 325
16.2439669995003 61 435
18.1216541708713 83 325
26.2045298851875 88 784
0 31 0
35.0828108696993 109 976
43.8641777137651 140 1255
99.8166054284842 213 2037
0 31 0
22.6816829831445 86 729
0 31 0
52.3243615344237 154 1466
0 31 0
49.4644540358763 118 1219
9.98343796762437 77 531
9.40649129074771 59 119
9.40649129074771 59 119
0 31 0
75.2557574515175 189 1729
20.8423977310198 87 757
0 31 0
20.3605626850197 84 676
2.80524467713344 54 253
49.4644540358763 118 1219
39.8129171530713 114 1111
15.4148380011524 95 668
5.87835248124307 58 351
0 31 0
12.5217256333047 81 444
0 31 0
16.2439669995003 61 435
0 31 0
38.075347411227 115 1138
2.42075431248526 53 231
12.8093731080091 82 627
0 31 0
0 31 0
4.72625565291268 57 325
16.2439669995003 61 435
5.87835248124307 58 351
53.1776350623092 141 1468
0 31 0
11.7992221701722 70 451
16.2439669995003 61 435
34.331364014888 111 831
0 31 0
0 31 0
32.7326155854453 90 841
5.87835248124307 58 351
112.481475572372 217 2399
0.175172587198373 35 6
0 31 0
18.7548492587484 78 571
0 31 0
0 31 0
66.4378589542269 145 1570
32.7326155854453 90 841
4.72625565291268 57 325
10.4856310761597 60 406
1.26543641446695 48 136
0 31 0
0.223836732525402 36 10
16.2439669995003 61 435
33.2408083917448 102 608
0 31 0
22.8720696313262 87 760
26.4023091114173 102 807
16.2439669995003 61 435
0 31 0
18.0361309602363 96 478
2.80524467713344 54 253
16.2439669995003 61 435
66.4378589542269 145 1570
0 31 0
33.8600473733936 109 886
0 31 0
26.2045298851875 88 784
4.91078575540271 56 103
16.2439669995003 61 435
14.5139407967918 96 688
57.158165852849 141 1160
0 31 0
16.2439669995003 61 435
7.60621449416304 59 378
30.1353772385387 103 617
54.8344747504289 147 1325
0 31 0
0 31 0
18.6399689118556 82 625
0 31 0
182.9000817011 294 2954
101.703160518116 215 2100
0 31 0
2.9301564276116 60 216
52.4837110369226 139 1409
86.7617417810236 196 1771
9.32087946218404 56 73
0 31 0
43.2681228430869 134 1282
82.4436964449628 197 1845
61.4314818238805 144 1544
25.0100329280132 107 947
2.10602237599486 52 210
7.60621449416304 59 378
0.992623351658777 46 105
16.2439669995003 61 435
16.2439669995003 61 435
56.2911113944003 158 1564
0 31 0
69.1722386251556 164 1714
24.7369458197714 102 847
16.2439669995003 61 435
99.4334386626763 208 2195
4.72625565291268 57 325
52.1334664054792 146 1360
0 31 0
9.65142609485781 62 225
20.5573322575152 96 740
0 31 0
11.083223922359 62 407
0 31 0
0 31 0
5.87835248124307 58 351
35.0828108696993 109 976
21.572387740031 91 631
0 31 0
16.0984318981171 78 529
20.3204330180586 95 681
16.2439669995003 61 435
19.0919261751823 87 385
0 31 0
19.3821469450195 81 625
71.5957940155259 160 1448
13.4343871432763 80 596
0 31 0
32.7326155854453 90 841
1.43078689218686 49 153
33.4267598335876 100 805
0 31 0
0 31 0
30.4400205876719 110 1013
18.2370525459691 98 721
35.9499136172669 110 1011
30.5368274187253 109 982
0 31 0
22.2369572721549 109 768
0 31 0
38.9778835784153 128 946
5.20438393625841 48 64
26.2045298851875 88 784
0 31 0
22.6816829831445 86 729
16.2439669995003 61 435
18.3294070490165 75 526
16.2439669995003 61 435
40.6673571360102 127 1111
36.8888019800049 109 1012
0 31 0
0 31 0
5.20438393625841 48 64
30.9699520439075 111 1039
0 31 0
0 31 0
2.80524467713344 54 253
29.1938945140235 95 828
10.4856310761597 60 406
82.8706538132431 181 1507
8.50495132048526 76 336
54.5217733874573 150 1280
5.82205667157935 50 81
9.06442041247511 78 541
44.5425629387841 134 1084
11.2761028546084 64 412
20.3605626850197 84 676
13.304731772821 72 400
0.330960353449114 38 21
0 31 0
0 31 0
0 31 0
0 31 0
0 31 0
72.3795198447492 175 1398
6.9855857366027 74 461
0 31 0
0 31 0
53.5050636559262 140 1435
73.4833932265908 179 1778
0 31 0
0 31 0
16.2439669995003 61 435
0 31 0
38.7015001457797 131 1213
0 31 0
16.9509802030859 91 679
0 31 0
11.083223922359 62 407
40.211303157486 139 1206
26.2045298851875 88 784
13.8465152977828 86 633
16.2439669995003 61 435
37.3136706846839 128 1172
30.103181015348 122 908
0.878694602273357 45 91
0 31 0
26.0494196031715 92 792
47.8368073287858 122 660
10.4856310761597 60 406
24.9868273566059 97 640
20.8423977310198 87 757
16.2439669995003 61 435
10.7150132148106 78 312
10.4856310761597 60 406
16.2439669995003 61 435
32.7326155854453 90 841
109.400193209289 224 2302
0 31 0
22.6816829831445 86 729
7.756481773694 73 258
84.0545939940938 186 1372
22.3871919649306 99 741
1.12059379276059 47 120
0 31 0
0.524683657836788 41 45
0 31 0
7.45635133929106 72 442
16.2439669995003 61 435
18.2126329578544 74 513
8.76282716062686 69 423
0 31 0
16.2439669995003 61 435
0 31 0
4.73397940665491 68 336
8.07527550292192 67 307
48.5453722087112 127 1165
16.5863130936888 85 706
0 31 0
1.26543641446695 48 136
0.0850481571310684 33 1
0 31 0
38.3881666658899 120 950
23.6221992923971 99 507
7.76517338339388 49 46
27.2258825041911 89 813
23.8950516262644 108 727
0 31 0
16.2439669995003 61 435
0 31 0
0 31 0
8.42072960197819 69 252
15.0769924334024 76 484
0.524683657836788 41 45
3.6640681827592 58 279
0 31 0
1.62139649126408 50 171
3.28566850547172 55 276
132.83943007352 245 2046
26.2045298851875 88 784
2.42075431248526 53 231
26.7717844715744 87 293
17.7392427888059 79 229
68.1972924863117 164 1721
16.2439669995003 61 435
16.2439669995003 61 435
0 31 0
0 31 0
0 31 0
0 31 0
32.8149405253316 112 863
0 31 0
21.9009865282082 102 611
0 31 0
72.675461199595 178 1784
8.49647930100775 66 399
26.2045298851875 88 784
34.0696869840355 113 1089
0 31 0
49.4644540358763 118 1219
0 31 0
0.878694602273357 45 91
16.2439669995003 61 435
10.4856310761597 60 406
16.0088116182185 70 235
38.009516413404 126 1046
10.4856310761597 60 406
3.28566850547172 55 276
10.4856310761597 60 406
16.2439669995003 61 435
7.60621449416304 59 378
0 31 0
18.6399689118556 82 625
30.9180801580709 105 566
24.0611831016907 97 745
0 31 0
14.8872542050388 84 678
56.6539704986281 141 1472
0 31 0
0 31 0
35.9119495271199 134 1074
0 31 0
0 31 0
16.2439669995003 61 435
55.3689669799169 139 1411
0 31 0
49.4644540358763 118 1219
16.2439669995003 61 435
10.2107965764142 78 531
0.175172587198373 35 6
26.5982129510151 103 491
16.2439669995003 61 435
9.96107382386944 73 421
32.0688688159163 111 1037
18.6399689118556 82 625
66.3684037133611 163 1697
52.7576435777316 124 1234
20.3605626850197 84 676
59.3887765858732 142 1489
0 31 0
0 31 0
7.60621449416304 59 378
0 31 0
60.717109670669 165 1257
61.0485255903324 160 1620
18.4567111423217 76 540
22.1184954593518 87 712
16.2439669995003 61 435
10.4856310761597 60 406
3.37499031353224 62 267
10.4856310761597 60 406
13.651059324389 64 166
23.7702162558902 102 590
38.4412239220722 111 733
0 31 0
0 31 0
1.84359749727049 51 190
30.8113868078064 100 796
10.4856310761597 60 406
36.7416998516157 126 1118
16.2439669995003 61 435
13.3393045642447 83 654
42.1657020412079 115 1135
0 31 0
0 31 0
32.5458081692004 116 820
62.438133634326 160 1225
35.3421342659105 131 1217
2.80524467713344 54 253
0 31 0
16.2439669995003 61 435
55.5302433402076 139 1429
16.2439669995003 61 435
16.2439669995003 61 435
90.3606634512052 198 1946
0 31 0
0 31 0
0 31 0
29.6578075892962 105 920
69.1722386251556 164 1714
0 31 0
31.065760569929 112 1057
10.4856310761597 60 406
0 31 0
53.7758313511888 131 1297
0 31 0
0 31 0
0 31 0
24.5850720723154 82 535
0 31 0
0 31 0
15.8816215856977 96 608
37.9983621107771 112 1054
0 31 0
0.129092013125127 34 3
22.6816829831445 86 729
30.0331558060667 98 759
32.7326155854453 90 841
10.4856310761597 60 406
0 31 0
0 31 0
4.72625565291268 57 325
2.09665965797722 38 9
116.901220172769 229 2415
0 31 0
12.8093731080091 82 627
52.5244052802071 139 930
4.72625565291268 57 325
34.6311641275856 108 964
0 31 0
0 31 0
0 31 0
5.59706435266994 63 177
0 31 0
0 31 0
0 31 0
32.7326155854453 90 841
74.753277491864 179 1230
19.3821469450195 81 625
0 31 0
16.2439669995003 61 435
1.26543641446695 48 136
84.2901554196279 184 1769
10.4856310761597 60 406
0 31 0
0.223836732525402 36 10
0 31 0
0 31 0
37.1542497933459 110 1031
37.3053635755382 116 1114
80.8162072943424 190 1859
15.5041165442382 98 745
17.1986476578111 73 274
0 31 0
31.483564302492 109 1003
16.2439669995003 61 435
65.2393345201839 156 1505
16.2439669995003 61 435
0 31 0
61.9312989941646 148 1251
0 31 0
5.87835248124307 58 351
0 31 0
24.4962380254387 88 786
0 31 0
0 31 0
18.6399689118556 82 625
2.33659227269384 49 76
16.2439669995003 61 435
26.121498263723 94 631
0 31 0
24.4962380254387 88 786
62.525477163716 158 1560
90.6610739564201 205 1880
1.62139649126408 50 171
27.2258825041911 89 813
5.87835248124307 58 351
0.175172587198373 35 6
0 31 0
0 31 0
10.4856310761597 60 406
0 31 0
3.90315602704291 56 300
15.3205161770859 83 651
0 31 0
0 31 0
67.6897990647315 176 1730
11.3075991933176 81 604
10.4856310761597 60 406
16.2439669995003 61 435
27.5829835555548 97 694
58.3585253525594 157 1366
27.2258825041911 89 813
0 31 0
0 31 0
5.56827811387938 65 353
0.878694602273357 45 91
44.2084072792152 117 1192
0 31 0
15.00950519173 86 611
40.9454637292589 139 1143
4.72625565291268 57 325
47.8281453066894 135 1305
34.7267361175948 94 847
0 31 0
16.2439669995003 61 435
38.6394963984526 122 826
0 31 0
33.3650823821086 111 815
100.596753673686 198 1789
0 31 0
16.2439669995003 61 435
32.4478401877904 99 809
32.304289039778 105 740
52.1454722972422 140 1141
0 31 0
23.8021894598506 97 730
32.7326155854453 90 841
102.231206495354 210 2220
26.2045298851875 88 784
15.3205161770859 83 651
16.2439669995003 61 435
27.2258825041911 89 813
0.175172587198373 35 6
30.9989439305631 106 905
0.600891875394942 42 55
0 31 0
7.60621449416304 59 378
0 31 0
0 31 0
33.7553037695444 97 634
0 31 0
59.3887765858732 142 1489
17.5303740721124 67 450
19.6712679177708 82 645
76.6306001389317 163 1171
51.0310305892773 158 1272
27.2258825041911 89 813
2.42075431248526 53 231
49.0505914528608 142 1224
60.9247385864785 157 1538
32.7326155854453 90 841
0 31 0
16.2439669995003 61 435
0 31 0
0 31 0
2.80524467713344 54 253
0 31 0
47.6492024390266 131 1107
5.87835248124307 58 351
32.7326155854453 90 841
11.8964382416612 71 461
2.80524467713344 54 253
96.8852450363191 211 2074
0 31 0
0 31 0
0 31 0
0 31 0
16.2439669995003 61 435
6.58899313926833 70 373
0 31 0
5.19287691646247 68 366
0 31 0
25.044705373708 104 862
11.3371396128428 80 578
26.2045298851875 88 784
27.0515597824025 100 457
32.7326155854453 90 841
16.2439669995003 61 435
16.2439669995003 61 435
10.4856310761597 60 406
7.60621449416304 59 378
0 31 0
7.60621449416304 59 378
27.1712882483428 96 605
1.43078689218686 49 153
16.2439669995003 61 435
44.1248386663067 136 1095
0 31 0
67.7008348795905 169 1710
16.2439669995003 61 435
61.5106711147022 131 1245
32.7326155854453 90 841
66.4378589542269 145 1570
18.1768389323792 86 731
0 31 0
0 31 0
25.0259503930535 113 852
13.148490443221 79 577
2.80524467713344 54 253
49.4644540358763 118 1219
16.2439669995003 61 435
72.7057280550764 181 1631
32.7326155854453 90 841
16.0088116182185 70 235
10.4856310761597 60 406
16.2439669995003 61 435
20.465476741676 84 688
16.2439669995003 61 435
0 31 0
0 31 0
0 31 0
0 31 0
16.6078762682448 77 340
0 31 0
0 31 0
13.6120238800365 80 397
59.9229218811895 154 1460
39.9970071807199 121 1040
60.4251470041128 127 1229
10.4856310761597 60 406
0 31 0
0 31 0
10.4856310761597 60 406
0.390497952733371 39 28
20.8423977310198 87 757
0 31 0
16.2439669995003 61 435
0 31 0
5.87835248124307 58 351
1.62139649126408 50 171
11.3371396128428 80 578
0 31 0
32.7326155854453 90 841
0 31 0
21.7990885812275 94 508
0 31 0
33.8840137603657 127 979
3.23982366849564 54 157
3.28566850547172 55 276
0 31 0
16.2439669995003 61 435
19.8839007499039 82 336
1.84359749727049 51 190
0 31 0
2.59651820147246 55 141
33.496414429336 134 1080
41.7504137969086 129 1186
4.72625565291268 57 325
16.2439669995003 61 435
0 31 0
24.1471531265553 77 472
0 31 0
0 31 0
16.2439669995003 61 435
4.72625565291268 57 325
32.7326155854453 90 841
42.1514330990419 134 1293
7.60621449416304 59 378
32.1915382162568 116 710
3.74244827178508 59 282
0 31 0
0 31 0
21.6901529215125 96 533
1.62139649126408 50 171
2.80524467713344 54 253
19.3332578014763 92 487
0 31 0
37.0539947922233 114 1109
11.6191624301027 68 434
39.5457020338237 128 988
0 31 0
95.654041818592 203 1875
0 31 0
2.8842825605289 60 226
0 31 0
40.1058247623123 115 1141
10.4856310761597 60 406
55.5749117122109 154 1481
0 31 0
6.6136641250034 71 384
16.2439669995003 61 435
16.2439669995003 61 435
0 31 0
0 31 0
0 31 0
0.0850481571310684 33 1
16.2439669995003 61 435
37.157649780031 128 1106
34.9293545065516 124 763
16.0984318981171 78 529
2.54721258630027 56 156
16.2439669995003 61 435
16.2439669995003 61 435
68.1829587556553 165 1750
0 31 0
2.80524467713344 54 253
20.465476741676 84 688
16.2439669995003 61 435
16.2439669995003 61 435
32.7326155854453 90 841
24.3149601621914 92 481
16.2439669995003 61 435
40.2874987244043 120 1038
41.5059562422266 128 988
0 31 0
0 31 0
0 31 0
1.4194250708147 49 97
48.7446103473612 123 587
50.6098727878383 135 912
0 31 0
68.329914479378 157 1319
69.1722386251556 164 1711
0 31 0
42.1657020412079 115 1135
24.9406412697451 93 464
7.52458373268489 65 273
0 31 0
13.148490443221 79 577
0 31 0
42.8552805873718 127 1195
32.7326155854453 90 841
0 31 0
17.0430341530639 87 605
67.7169537401096 175 1617
36.0326421732197 113 1082
30.9121097381397 118 927
0 31 0
20.177666192522 98 650
2.80524467713344 54 253
26.0150644911657 108 601
0 31 0
21.797439216443 86 735
1.12059379276059 47 120
16.2439669995003 61 435
9.51162750919269 70 200
0 31 0
0 31 0
30.6163740756738 121 740
0.992623351658777 46 105
0 31 0
20.3605626850197 84 676
22.0341027689387 99 747
0 31 0
0 31 0
0 31 0
17.1343762760619 96 737
1.43078689218686 49 153
21.797439216443 86 735
70.3341730955819 166 1772
14.780480133124 83 659
0 31 0
32.7326155854453 90 841
33.1110562225513 137 1131
17.0921498234102 63 436
0 31 0
10.4856310761597 60 406
0 31 0
0 31 0
62.2039723802125 154 1119
21.0347281605399 85 711
14.8872542050388 84 678
0 31 0
10.4856310761597 60 406
0 31 0
0 31 0
14.071090804461 83 557
0 31 0
0 31 0
1.07530703897357 37 7
5.87835248124307 58 351
3.48506254774272 62 237
83.6510583633504 171 1895
15.0769924334024 76 484
7.60621449416304 59 378
5.87835248124307 58 351
16.2439669995003 61 435
3.90315602704291 56 300
1.12059379276059 47 120
10.4856310761597 60 406
16.2439669995003 61 435
10.4856310761597 60 406
64.6228501436819 165 1544
86.3262268734123 192 1623
0 31 0
0 31 0
0 31 0
0 31 0
5.87835248124307 58 351
31.7170115127423 106 750
0 31 0
0 31 0
0 31 0
76.850514106747 168 1817
53.5544119376227 137 1354
23.988158530676 76 472
49.4644540358763 118 1219
0 31 0
62.8899981020313 157 1600
39.8129171530713 114 1111
16.2439669995003 61 435
44.2979112197744 145 1078
16.2439669995003 61 435
0 31 0
8.42072960197819 69 252
26.7108523746549 123 1041
72.4834404871292 171 1725
56.487879711911 151 1160
34.9312563057361 120 967
0 31 0
7.60621449416304 59 378
27.2258825041911 89 813
60.4101292048769 143 1517
0 31 0
0.330960353449114 38 21
0 31 0
27.2258825041911 89 813
24.4962380254387 88 786
32.7326155854453 90 841
25.65797319547 101 834
0 31 0
3.90315602704291 56 300
0 31 0
10.6220416436682 71 387
16.2439669995003 61 435
0 31 0
0 31 0
16.2439669995003 61 435
36.564753015341 108 699
32.7326155854453 90 841
37.0539947922233 114 1109
0.175172587198373 35 6
0 31 0
0 31 0
11.0288438892833 66 289
7.60621449416304 59 378
0 31 0
4.72625565291268 57 325
18.4315688498241 102 831
2.10602237599486 52 210
39.0405899564252 106 488
0 31 0
18.0566169955363 101 814
16.2439669995003 61 435
0 31 0
0 31 0
58.0391376598854 147 1399
37.5811351323375 135 1109
18.2126329578544 74 513
2.09665965797722 38 9
4.32568840779448 42 17
27.27321842778 94 482
0 31 0
22.5565020061059 94 721
0 31 0
0 31 0
47.3027424387723 145 1079
38.075347411227 115 1138
24.4962380254387 88 786
0 31 0
12.000540645769 72 472
0 31 0
18.2126329578544 74 513
16.2439669995003 61 435
31.065760569929 112 1057
22.8720696313262 87 760
0 31 0
7.60621449416304 59 378
0 31 0
0 31 0
20.8423977310198 87 757
1.12059379276059 47 120
10.4856310761597 60 406
26.3786056329123 102 837
26.0793605153529 117 932
0 31 0
20.2241799861613 94 637
13.7666187519917 81 601
46.5798337967374 143 1127
10.4856310761597 60 406
64.260043318845 171 1627
49.4644540358763 118 1219
0 31 0
71.3535323472743 168 1571
7.20588119212535 53 84
32.7326155854453 90 841
81.4079124452802 184 1895
59.3887765858732 142 1489
0 31 0
0 31 0
5.87835248124307 58 351
26.2045298851875 88 784
13.7831594509975 81 616
0 31 0
16.2439669995003 61 435
20.1081505976659 85 344
26.5393357831408 88 604
42.9241783225881 131 1207
49.4644540358763 118 1219
32.7326155854453 90 841
5.87835248124307 58 351
9.28258080460449 71 381
7.6993101965342 56 144
0 31 0
48.8494979256931 136 1330
41.7241725301688 122 811
32.7326155854453 90 841
35.0250518387457 96 856
65.2393345201839 156 1505
46.2664219534864 136 1181
22.444043550883 95 653
0 31 0
58.3973246533039 134 1276
54.0691451551632 133 1324
0 31 0
0 31 0
54.494066983508 148 1270
49.1921937746636 136 1115
0 31 0
16.2439669995003 61 435
16.2439669995003 61 435
68.9013418556489 156 1295
2.42075431248526 53 231
17.4330086854535 66 445
10.4059198777375 62 147
22.6816829831445 86 729
3.6640681827592 58 279
8.98871892368683 60 196
4.72625565291268 57 325
15.3205161770859 83 651
0 31 0
19.1401352501915 80 606
0 31 0
25.9724874465922 88 287
0 31 0
10.4856310761597 60 406
6.36289884921095 61 354
0 31 0
7.60621449416304 59 378
32.7326155854453 90 841
21.797439216443 86 735
27.2146260239832 109 979
64.7537096905163 173 1677
0 31 0
8.47185238799049 50 40
21.797439216443 86 735
0 31 0
0 31 0
29.3158854686191 96 834
16.2439669995003 61 435
16.2439669995003 61 435
14.082321939198 95 683
16.2439669995003 61 435
19.9661806858139 71 456
15.8508556146135 92 671
0 31 0
10.4848916511584 69 399
37.0539947922233 114 1109
0 31 0
22.8720696313262 87 760
0 31 0
0 31 0
11.8061036961292 68 169
45.2068719677007 134 1285
16.2439669995003 61 435
0 31 0
30.2075947636835 126 889
16.2439669995003 61 435
43.1870546602115 116 1164
11.7526206456579 68 324
11.038672456623 82 541
4.38185772436258 60 306
17.3452795504211 88 532
26.2045298851875 88 784
0 31 0
16.2439669995003 61 435
0.99045822430966 45 67
18.1768389323792 86 731
16.7275872639402 89 666
23.2713404360322 97 750
0 31 0
55.8853452363089 147 988
39.7365965998036 126 1112
5.87835248124307 58 351
0 31 0
0 31 0
0 31 0
0 31 0
0 31 0
26.9716388638208 106 931
10.4856310761597 60 406
32.7222201020539 111 1031
22.6816829831445 86 729
26.2045298851875 88 784
31.0866172528635 105 523
13.4343871432763 80 596
4.72625565291268 57 325
0 31 0
0 31 0
16.0984318981171 78 529
10.4856310761597 60 406
4.72625565291268 57 325
0 31 0
0 31 0
7.60621449416304 59 378
13.148490443221 79 577
1.45168406137513 36 4
16.2439669995003 61 435
0 31 0
35.5957137508642 108 782
9.65142609485781 62 225
0 31 0
5.87835248124307 58 351
36.8888019800049 109 1012
0 31 0
0.992623351658777 46 105
23.7031401492474 92 662
17.6099322357374 100 768
7.60621449416304 59 378
0 31 0
10.4856310761597 60 406
32.7326155854453 90 841
0.874975442815676 43 46
11.5630824798027 77 507
23.3327682480052 101 736
28.6423390662622 98 829
0 31 0
0 31 0
0 31 0
49.4644540358763 118 1219
19.6712679177708 82 645
32.7326155854453 90 841
40.7585662384231 123 1073
2.42075431248526 53 231
0 31 0
0 31 0
17.9043118981007 71 480
32.7326155854453 90 841
6.31187528527017 71 416
0 31 0
29.1470695509083 100 760
59.2370312115438 159 1621
16.2439669995003 61 435
7.60621449416304 59 378
44.8995250110912 136 1105
32.7326155854453 90 841
2.10602237599486 52 210
56.7874691863338 145 1372
29.2710305021224 107 927
16.2439669995003 61 435
16.2439669995003 61 435
41.6274721953656 116 1166
0 31 0
3.90315602704291 56 300
37.6365255481103 124 975
31.6378740285344 102 835
16.2439669995003 61 435
0 31 0
32.7326155854453 90 841
0 31 0
0 31 0
25.6116095583971 109 734
0.0850481571310684 33 1
5.87835248124307 58 351
0 31 0
117.807377376898 235 2256
2.80524467713344 54 253
0 31 0
0 31 0
16.2439669995003 61 435
20.3605626850197 84 676
0 31 0
16.2439669995003 61 435
0 31 0
30.9699520439075 111 1039
0 31 0
75.5260984645981 181 1830
43.1870546602115 116 1164
0 31 0
37.0539947922233 114 1109
17.2622158444163 80 576
40.3205335894383 117 884
14.6840889535152 80 340
2.03349416149128 47 60
11.030330017379 80 588
0 31 0
2.80524467713344 54 253
0 31 0
0 31 0
45.6510481474681 119 1037
17.5303740721124 67 450
42.5269558183389 129 1166
7.60621449416304 59 378
20.8423977310198 87 757
0 31 0
20.3605626850197 84 676
41.6274721953656 116 1166
0 31 0
12.3110230843718 82 631
30.6691255212841 105 692
0 31 0
16.2439669995003 61 435
49.5517971981112 134 952
0 31 0
2.80524467713344 54 253
38.0078388894408 136 1080
95.3922594844976 195 2034
37.0539947922233 114 1109
14.2213652677633 78 299
0 31 0
36.8642994454469 110 913
30.6710861135205 119 987
71.1623669965135 163 1687
0 31 0
0 31 0
0 31 0
0 31 0
15.6725228970146 83 284
0 31 0
3.90315602704291 56 300
8.53390387056708 74 443
2.4227584081575 57 181
39.1073839218544 114 1117
0 31 0
1.52486165449418 50 137
0.992623351658777 46 105
63.1611764910541 157 1198
37.7972841484745 135 1118
0.0850481571310684 33 1
32.7326155854453 90 841
6.44240411546375 62 357
52.6431489673275 147 1307
34.6151701549936 112 784
0 31 0
28.5062399627813 101 706
16.2439669995003 61 435
0.275593160787908 37 15
0 31 0
0 31 0
0 31 0
35.6859070710832 116 967
0 31 0
0 31 0
0 31 0
1.84359749727049 51 190
0 31 0
2.84301950020829 45 43
0 31 0
0 31 0
0 31 0
44.5920391653971 146 1312
27.2258825041911 89 813
16.2439669995003 61 435
23.3178253995702 100 835
35.5303455315171 117 954
41.2245576196806 124 863
0.454832616162368 40 36
14.7644804486681 100 565
0.390497952733371 39 28
65.6837103919898 161 1640
49.3203747820076 137 1360
5.58365784203014 67 310
0 31 0
47.1815595848657 129 1154
32.7326155854453 90 841
26.411636736869 105 761
0 31 0
27.1578591273076 110 1010
16.2439669995003 61 435
32.7326155854453 90 841
16.2439669995003 61 435
5.87835248124307 58 351
0 31 0
7.60621449416304 59 378
35.5282522770405 104 583
0 31 0
77.8718667257507 169 1844
16.2439669995003 61 435
27.4167269890503 86 531
0 31 0
16.2439669995003 61 435
0 31 0
44.4380267514291 136 1335
3.28566850547172 55 276
16.2439669995003 61 435
5.87835248124307 58 351
44.6901785105554 125 1060
0 31 0
0 31 0
21.9904233719201 93 692
38.7673568109656 129 1010
35.2542360841267 116 813
7.60621449416304 59 378
0 31 0
0 31 0
49.0286100671105 124 1047
0 31 0
0.992623351658777 46 105
26.2045298851875 88 784
0 31 0
0 31 0
16.2439669995003 61 435
35.4012686728218 99 877
29.1470695509083 100 760
42.9457972761109 134 1284
5.82205667157935 50 81
42.1657020412079 115 1135
32.7326155854453 90 841
0 31 0
16.2439669995003 61 435
0 31 0
24.4962380254387 88 786
62.5172360942937 156 1571
0 31 0
26.4023091114173 102 807
41.6274721953656 116 1166
27.1468691812718 104 854
0 31 0
57.485606546555 157 1398
32.7326155854453 90 841
7.60621449416304 59 378
11.7526206456579 68 324
0 31 0
0.330960353449114 38 21
0 31 0
21.3309711655344 97 524
16.4081170968618 71 423
76.5782668098065 162 1438
32.7326155854453 90 841
23.5708018052578 102 614
0 31 0
0.0850481571310684 33 1
21.797439216443 86 735
0.129092013125127 34 3
26.2045298851875 88 784
0 31 0
49.6427003489836 137 1362
0 31 0
0 31 0
20.7968701287404 86 599
0 31 0
0 31 0
19.7981739313713 91 503
32.7326155854453 90 841
0 31 0
42.1657020412079 115 1135
2.80524467713344 54 253
0 31 0
1.84359749727049 51 190
9.64355358016409 66 335
46.9912331710376 134 1289
0.0850481571310684 33 1
83.6510583633504 171 1895
17.0921498234102 63 436
1.62139649126408 50 171
16.5085843878943 85 568
49.4644540358763 118 1219
7.60621449416304 59 378
10.4856310761597 60 406
46.193107683418 145 1303
4.72625565291268 57 325
5.82205667157935 50 81
0 31 0
75.936315040946 187 1741
0 31 0
32.7326155854453 90 841
15.3205161770859 83 651
28.8014490489006 95 336
0 31 0
0 31 0
83.180541667001 181 1820
50.271382516572 147 1158
0 31 0
0 31 0
0 31 0
17.2622158444163 80 576
0 31 0
0 31 0
0 31 0
0 31 0
49.4644540358763 118 1219
14.1625797374881 78 349
0 31 0
0 31 0
40.3205335894383 117 884
13.304731772821 72 400
32.7326155854453 90 841
18.1041008258595 73 501
42.3666869059128 128 1174
0 31 0
0 31 0
0 31 0
10.4856310761597 60 406
7.867837279407 72 402
0 31 0
15.5311480820488 84 682
2.5451967348204 48 56
3.38358667359806 52 102
0 31 0
16.2439669995003 61 435
18.4567111423217 76 540
14.2939202100806 83 539
16.2439669995003 61 435
0 31 0
49.4644540358763 118 1219
0 31 0
18.6399689118556 82 625
0 31 0
23.6586366410556 87 369
0 31 0
29.2710305021224 107 927
16.2439669995003 61 435
0.330960353449114 38 21
14.454950890405 72 262
0 31 0
8.31791304166668 76 504
16.2439669995003 61 435
32.7326155854453 90 841
101.613215478436 220 2202
0 31 0
30.2923831211261 108 952
54.9209612739402 144 1170
16.2439669995003 61 435
0 31 0
32.7326155854453 90 841
0 31 0
23.4312156603625 74 461
27.2258825041911 89 813
32.7326155854453 90 841
20.3848231283391 97 700
18.6765165895886 84 444
20.3023911813028 101 808
22.6816829831445 86 729
0 31 0
91.5172559980492 190 2066
16.2439669995003 61 435
50.3390298894531 133 1264
18.9741458731084 94 637
16.2439669995003 61 435
0 31 0
87.1640270007504 198 1958
10.4856310761597 60 406
0 31 0
26.2045298851875 88 784
0 31 0
10.0338323431172 76 343
0 31 0
1.26543641446695 48 136
2.11691822608075 55 168
10.4856310761597 60 406
0 31 0
0 31 0
22.0079555509113 92 672
34.3431480730478 92 842
2.80524467713344 54 253
28.8828359081042 97 640
20.3605626850197 84 676
0 31 0
16.2439669995003 61 435
52.2774673052954 152 1451
68.9982741364519 164 1366
40.0607087390622 127 893
1.84359749727049 51 190
28.0787410192695 101 616
3.90315602704291 56 300
5.87835248124307 58 351
14.8872542050388 84 678
0 31 0
7.60621449416304 59 378
27.2258825041911 89 813
0 31 0
43.8444218846969 128 779
0 31 0
24.4962380254387 88 786
0 31 0
30.8508046657985 108 832
51.5929869011761 147 1367
32.7326155854453 90 841
16.2439669995003 61 435
11.3056205086335 58 109
0 31 0
0 31 0
53.6877523115061 134 1196
32.7326155854453 90 841
3.90315602704291 56 300
22.3871919649306 99 741
24.3085520889548 95 487
23.1825183205043 99 823
22.8720696313262 87 760
20.8423977310198 87 757
16.2439669995003 61 435
40.5300610220794 128 1147
0 31 0
0 31 0
10.4856310761597 60 406
8.59926661032757 68 372
11.4032780461877 67 205
16.2439669995003 61 435
27.8849948994181 105 666
0 31 0
3.28566850547172 55 276
46.8193062091938 133 1088
21.0278729560076 92 449
0 31 0
0 31 0
4.90668419358492 63 252
0 31 0
0 31 0
0 31 0
10.4856310761597 60 406
49.8293221241866 154 1288
10.4856310761597 60 406
7.6993101965342 56 144
6.72132628556229 73 445
0 31 0
0 31 0
0 31 0
55.0644849962091 154 1056
0 31 0
0 31 0
20.4806935740966 98 725
44.7364469354366 124 1194
0 31 0
4.91743467840449 60 198
0 31 0
20.6690668196224 91 661
0 31 0
26.121498263723 94 631
0 31 0
5.87835248124307 58 351
12.5293464619944 76 526
22.6816829831445 86 729
16.2439669995003 61 435
16.2439669995003 61 435
20.465476741676 84 688
