"COLLES.MDM.LN" "SACKIN" "COPHENETIC"
0 31 0
40.4954248588935 129 1194
0 31 0
0 31 0
0 31 0
16.2439669995003 61 435
0 31 0
16.2439669995003 61 435
0 31 0
0 31 0
0 31 0
0 31 0
7.60621449416304 59 378
29.1140246195351 102 599
0 31 0
16.2439669995003 61 435
0 31 0
0 31 0
0 31 0
16.2439669995003 61 435
0 31 0
0 31 0
16.2439669995003 61 435
10.4856310761597 60 406
7.60621449416304 59 378
0 31 0
3.90315602704291 56 300
0 31 0
0 31 0
10.4856310761597 60 406
18.6399689118556 82 625
25.6885663890478 104 888
0 31 0
0 31 0
5.87835248124307 58 351
1.62139649126408 50 171
0 31 0
0 31 0
5.82205667157935 50 81
0 31 0
0 31 0
26.2045298851875 88 784
0 31 0
0 31 0
0 31 0
0 31 0
0 31 0
4.72625565291268 57 325
0 31 0
0 31 0
0.99045822430966 45 67
0 31 0
2.10602237599486 52 210
5.87835248124307 58 351
16.2439669995003 61 435
0 31 0
0 31 0
0 31 0
0 31 0
0 31 0
0 31 0
3.28566850547172 55 276
5.87835248124307 58 351
0 31 0
0 31 0
0 31 0
0 31 0
5.87835248124307 58 351
0 31 0
3.90315602704291 56 300
5.87835248124307 58 351
2.10602237599486 52 210
0 31 0
2.10602237599486 52 210
22.3272197594227 105 882
0 31 0
0 31 0
0 31 0
0 31 0
0.454832616162368 40 36
1.62139649126408 50 171
0.684454519143894 43 66
0 31 0
27.2258825041911 89 813
0 31 0
0 31 0
0 31 0
0 31 0
12.7055758396322 77 542
0 31 0
18.6399689118556 82 625
0 31 0
0 31 0
0 31 0
0 31 0
0 31 0
0 31 0
0 31 0
0 31 0
0 31 0
0 31 0
2.42075431248526 53 231
21.0347281605399 85 711
0 31 0
0 31 0
3.90315602704291 56 300
1.43078689218686 49 153
5.87835248124307 58 351
27.2258825041911 89 813
0 31 0
0 31 0
0 31 0
0 31 0
4.72625565291268 57 325
0 31 0
0 31 0
0 31 0
0 31 0
5.87835248124307 58 351
0 31 0
0 31 0
10.4856310761597 60 406
0 31 0
10.4856310761597 60 406
0 31 0
16.2439669995003 61 435
0 31 0
0.330960353449114 38 21
0 31 0
0 31 0
0 31 0
0 31 0
0 31 0
0 31 0
0 31 0
10.4856310761597 60 406
0.524683657836788 41 45
3.35237421571285 42 25
0 31 0
0 31 0
0 31 0
0 31 0
16.2439669995003 61 435
2.80524467713344 54 253
0 31 0
16.308515693812 88 517
17.2622158444163 80 576
0.454832616162368 40 36
0 31 0
10.4856310761597 60 406
0 31 0
0 31 0
19.1401352501915 80 606
1.26543641446695 48 136
0 31 0
0 31 0
0 31 0
0 31 0
0.223836732525402 36 10
0 31 0
0 31 0
0 31 0
0 31 0
10.4856310761597 60 406
0.330960353449114 38 21
0 31 0
0 31 0
0 31 0
0 31 0
3.02433788184636 56 150
0 31 0
0 31 0
0 31 0
0 31 0
0 31 0
1.12059379276059 47 120
32.7326155854453 90 841
0 31 0
16.2439669995003 61 435
0 31 0
0 31 0
0 31 0
1.26543641446695 48 136
0 31 0
0 31 0
23.8021894598506 97 730
4.18277761699046 66 319
0 31 0
4.72625565291268 57 325
0 31 0
3.28566850547172 55 276
0 31 0
0 31 0
16.2439669995003 61 435
0 31 0
0 31 0
0 31 0
0 31 0
27.2258825041911 89 813
0 31 0
16.2439669995003 61 435
0 31 0
0 31 0
28.1682218002754 105 878
16.2439669995003 61 435
0 31 0
0 31 0
0 31 0
0 31 0
0 31 0
16.2439669995003 61 435
1.84359749727049 51 190
0 31 0
16.2439669995003 61 435
0 31 0
0 31 0
0 31 0
16.2439669995003 61 435
0 31 0
0 31 0
16.2439669995003 61 435
0 31 0
0 31 0
0 31 0
0 31 0
18.4567111423217 76 540
0 31 0
18.5973488767956 77 555
0 31 0
0 31 0
0 31 0
0 31 0
0 31 0
0 31 0
0 31 0
0 31 0
0.129092013125127 34 3
10.4856310761597 60 406
0 31 0
25.7061950427478 119 973
14.8872542050388 84 678
0 31 0
0 31 0
0 31 0
0.129092013125127 34 3
2.80524467713344 54 253
0 31 0
0 31 0
0 31 0
18.4567111423217 76 540
0 31 0
0 31 0
0 31 0
0 31 0
2.42075431248526 53 231
0 31 0
0 31 0
0 31 0
0 31 0
0 31 0
0 31 0
0 31 0
0 31 0
0 31 0
0 31 0
0 31 0
0 31 0
0 31 0
3.9713857660195 44 36
0 31 0
0 31 0
0 31 0
16.2439669995003 61 435
49.4644540358763 118 1219
0 31 0
0 31 0
0 31 0
39.6207659795333 124 1072
0 31 0
16.2439669995003 61 435
0 31 0
0 31 0
1.96757879419186 41 21
0 31 0
0 31 0
8.64987806568161 77 522
0 31 0
0 31 0
0 31 0
16.2439669995003 61 435
0.0850481571310684 33 1
0 31 0
0 31 0
0 31 0
4.72625565291268 57 325
0.454832616162368 40 36
0 31 0
4.72625565291268 57 325
16.2439669995003 61 435
0 31 0
0.330960353449114 38 21
0 31 0
0 31 0
0.776569709609656 44 78
0 31 0
16.2439669995003 61 435
0 31 0
0 31 0
0 31 0
0 31 0
4.72625565291268 57 325
10.3301467019581 64 256
3.90315602704291 56 300
0 31 0
0 31 0
0 31 0
0 31 0
0 31 0
0 31 0
0 31 0
10.4856310761597 60 406
16.2439669995003 61 435
0 31 0
0 31 0
10.4856310761597 60 406
0 31 0
16.2439669995003 61 435
16.2439669995003 61 435
1.43078689218686 49 153
0 31 0
7.60621449416304 59 378
0 31 0
0 31 0
0 31 0
0 31 0
0 31 0
7.60621449416304 59 378
0.600891875394942 42 55
0 31 0
0 31 0
0 31 0
0 31 0
5.87835248124307 58 351
0 31 0
0 31 0
0 31 0
2.10602237599486 52 210
1.62139649126408 50 171
0 31 0
10.4856310761597 60 406
3.28566850547172 55 276
0 31 0
16.2439669995003 61 435
0 31 0
0 31 0
0 31 0
0 31 0
0 31 0
0 31 0
0 31 0
0 31 0
0 31 0
0 31 0
0 31 0
0 31 0
0 31 0
32.7326155854453 90 841
0 31 0
4.72625565291268 57 325
0 31 0
30.6018335534226 110 1005
11.6191624301027 68 434
0 31 0
23.2934173113357 78 499
0.275593160787908 37 15
0.175172587198373 35 6
0 31 0
27.2258825041911 89 813
0 31 0
16.2439669995003 61 435
0 31 0
0 31 0
0 31 0
18.5605657742313 100 787
16.2439669995003 61 435
0 31 0
16.2439669995003 61 435
0 31 0
32.5569065464272 94 601
1.87665819012718 48 70
3.24945150875341 61 259
16.2439669995003 61 435
0 31 0
14.1548921529593 74 441
0 31 0
0.129092013125127 34 3
0 31 0
0 31 0
0 31 0
0 31 0
0 31 0
0 31 0
0 31 0
0 31 0
18.7548492587484 78 571
0 31 0
0 31 0
0 31 0
0 31 0
0 31 0
0.129092013125127 34 3
0 31 0
0 31 0
0 31 0
0 31 0
0 31 0
0 31 0
0 31 0
0 31 0
1.62139649126408 50 171
0 31 0
1.84359749727049 51 190
16.2439669995003 61 435
0.330960353449114 38 21
0 31 0
16.2439669995003 61 435
0 31 0
0 31 0
32.7326155854453 90 841
0 31 0
0 31 0
0 31 0
0 31 0
10.4856310761597 60 406
0 31 0
0.684454519143894 43 66
0 31 0
0 31 0
0 31 0
0 31 0
16.2439669995003 61 435
0 31 0
0 31 0
0 31 0
0.0850481571310684 33 1
0 31 0
4.72625565291268 57 325
0 31 0
0 31 0
0 31 0
0 31 0
0 31 0
0 31 0
0 31 0
0 31 0
0 31 0
0 31 0
0 31 0
2.10602237599486 52 210
0 31 0
7.60621449416304 59 378
0 31 0
0 31 0
0 31 0
0 31 0
0 31 0
0 31 0
0 31 0
5.87835248124307 58 351
53.3664878050779 128 1264
7.60621449416304 59 378
0 31 0
0 31 0
0 31 0
0 31 0
0 31 0
10.4856310761597 60 406
0.275593160787908 37 15
0 31 0
0 31 0
1.84359749727049 51 190
7.60621449416304 59 378
0 31 0
1.43078689218686 49 153
16.2439669995003 61 435
0 31 0
26.2045298851875 88 784
0 31 0
0 31 0
3.28566850547172 55 276
0 31 0
11.3371396128428 80 578
69.3478119542193 161 1630
0 31 0
0 31 0
16.2439669995003 61 435
0 31 0
0 31 0
0 31 0
0 31 0
16.2439669995003 61 435
0 31 0
10.4856310761597 60 406
16.2439669995003 61 435
0 31 0
0 31 0
0 31 0
2.10602237599486 52 210
22.6816829831445 86 729
0 31 0
0 31 0
11.3075991933176 81 604
0 31 0
0 31 0
0 31 0
0 31 0
0 31 0
0 31 0
4.72625565291268 57 325
0 31 0
1.84359749727049 51 190
58.3674239668696 141 1460
26.2045298851875 88 784
0 31 0
15.3205161770859 83 651
16.2439669995003 61 435
9.99478045598774 80 393
16.2439669995003 61 435
0 31 0
0 31 0
0 31 0
0 31 0
0 31 0
0 31 0
0 31 0
0 31 0
0 31 0
1.84359749727049 51 190
2.42075431248526 53 231
0 31 0
0 31 0
0 31 0
0 31 0
32.9003619848411 122 1037
0 31 0
0 31 0
0 31 0
0 31 0
5.87835248124307 58 351
7.60621449416304 59 378
16.2439669995003 61 435
0 31 0
16.2439669995003 61 435
0 31 0
16.2439669995003 61 435
0 31 0
0 31 0
2.10602237599486 52 210
0 31 0
16.2439669995003 61 435
0 31 0
0 31 0
3.37499031353224 62 267
4.99226792265591 69 367
0 31 0
0.776569709609656 44 78
0 31 0
0 31 0
0 31 0
7.60621449416304 59 378
16.2439669995003 61 435
0 31 0
1.12059379276059 47 120
0 31 0
7.60621449416304 59 378
0 31 0
0 31 0
0 31 0
1.26855174216421 40 18
0 31 0
0 31 0
0 31 0
0 31 0
0 31 0
4.72625565291268 57 325
0 31 0
0 31 0
0 31 0
0 31 0
0 31 0
0 31 0
0 31 0
0 31 0
0 31 0
16.2439669995003 61 435
0 31 0
0 31 0
0 31 0
0 31 0
0.275593160787908 37 15
20.0152684200786 105 714
0 31 0
0 31 0
0.175172587198373 35 6
16.2439669995003 61 435
2.66754044895616 48 66
0 31 0
0 31 0
16.2439669995003 61 435
0 31 0
4.72625565291268 57 325
0 31 0
0 31 0
0 31 0
0 31 0
18.6399689118556 82 625
3.28566850547172 55 276
0 31 0
14.780480133124 83 659
0 31 0
0 31 0
0 31 0
0 31 0
0 31 0
0 31 0
0 31 0
0 31 0
0 31 0
7.60621449416304 59 378
3.86445214792302 64 298
0 31 0
37.0539947922233 114 1109
21.797439216443 86 735
0 31 0
0 31 0
0 31 0
16.2439669995003 61 435
0 31 0
3.28566850547172 55 276
0 31 0
7.22915822891092 73 424
0 31 0
10.4856310761597 60 406
0 31 0
0 31 0
0 31 0
0 31 0
0 31 0
20.3605626850197 84 676
0 31 0
0 31 0
0 31 0
0 31 0
0 31 0
10.4856310761597 60 406
0 31 0
0 31 0
16.5863130936888 85 706
0 31 0
10.4856310761597 60 406
0 31 0
10.2107965764142 78 531
0 31 0
16.2439669995003 61 435
10.4856310761597 60 406
0 31 0
18.9337679089548 79 588
0 31 0
0 31 0
0.600891875394942 42 55
16.2439669995003 61 435
2.66754044895616 48 66
0 31 0
0 31 0
0 31 0
0 31 0
0 31 0
10.4856310761597 60 406
0 31 0
0 31 0
0 31 0
0 31 0
1.43078689218686 49 153
16.2439669995003 61 435
0 31 0
0 31 0
0 31 0
0 31 0
0 31 0
7.60621449416304 59 378
0 31 0
0 31 0
0 31 0
0 31 0
0 31 0
10.4856310761597 60 406
0 31 0
0 31 0
0 31 0
0 31 0
0 31 0
0 31 0
0.524683657836788 41 45
0 31 0
0 31 0
0 31 0
0 31 0
4.72625565291268 57 325
0.390497952733371 39 28
0 31 0
16.2439669995003 61 435
0 31 0
0 31 0
0 31 0
0.330960353449114 38 21
0 31 0
0 31 0
0 31 0
0 31 0
0 31 0
5.87835248124307 58 351
0 31 0
0 31 0
16.2439669995003 61 435
1.62139649126408 50 171
0 31 0
0 31 0
0.0850481571310684 33 1
0 31 0
0 31 0
0 31 0
0 31 0
0 31 0
10.4856310761597 60 406
0 31 0
0 31 0
0 31 0
0 31 0
0 31 0
0 31 0
0 31 0
0 31 0
0 31 0
0 31 0
0 31 0
0 31 0
0 31 0
16.2439669995003 61 435
16.2439669995003 61 435
0 31 0
16.2439669995003 61 435
0 31 0
0 31 0
0 31 0
0 31 0
7.27464948012405 70 363
0 31 0
0.524683657836788 41 45
16.2439669995003 61 435
0 31 0
0 31 0
0 31 0
0 31 0
0 31 0
0 31 0
0 31 0
21.0347281605399 85 711
0 31 0
10.4856310761597 60 406
0 31 0
0 31 0
0 31 0
0 31 0
0 31 0
0 31 0
0 31 0
5.87835248124307 58 351
10.4856310761597 60 406
0 31 0
0 31 0
0 31 0
16.398729843095 86 683
0 31 0
10.4856310761597 60 406
20.0240736621661 83 666
0 31 0
24.4332608545201 106 913
0 31 0
4.72625565291268 57 325
0 31 0
0 31 0
0 31 0
0 31 0
0 31 0
0.524683657836788 41 45
0 31 0
0 31 0
1.62139649126408 50 171
0 31 0
0 31 0
0 31 0
0 31 0
18.7548492587484 78 571
0 31 0
0 31 0
0 31 0
0 31 0
11.6366308689455 86 559
0 31 0
0 31 0
0 31 0
11.2064383823336 67 235
16.2439669995003 61 435
0 31 0
0 31 0
0 31 0
0 31 0
10.4856310761597 60 406
0 31 0
0 31 0
0 31 0
0 31 0
2.10602237599486 52 210
0 31 0
0 31 0
0 31 0
14.1548921529593 74 441
0 31 0
0 31 0
0 31 0
0 31 0
16.2439669995003 61 435
0 31 0
8.53390387056708 74 443
0 31 0
0 31 0
0 31 0
14.8872542050388 84 678
16.2439669995003 61 435
0 31 0
0 31 0
0 31 0
3.28566850547172 55 276
0 31 0
0 31 0
0 31 0
0 31 0
24.4962380254387 88 786
0 31 0
0 31 0
0 31 0
0 31 0
0 31 0
16.2439669995003 61 435
0 31 0
0 31 0
0 31 0
3.90315602704291 56 300
0 31 0
0 31 0
0 31 0
0 31 0
0 31 0
0 31 0
7.52458373268489 65 273
0 31 0
10.4856310761597 60 406
16.2439669995003 61 435
0 31 0
0 31 0
0 31 0
0 31 0
39.8129171530713 114 1111
0 31 0
0 31 0
0 31 0
3.90315602704291 56 300
0 31 0
0 31 0
0 31 0
0 31 0
0 31 0
0 31 0
0 31 0
3.28566850547172 55 276
0 31 0
0 31 0
4.72625565291268 57 325
7.60621449416304 59 378
0 31 0
0 31 0
0 31 0
16.2439669995003 61 435
0 31 0
0 31 0
0 31 0
0 31 0
0 31 0
10.4856310761597 60 406
3.28566850547172 55 276
0 31 0
0 31 0
0 31 0
0 31 0
0 31 0
0 31 0
0 31 0
0 31 0
1.12059379276059 47 120
0 31 0
5.87835248124307 58 351
0 31 0
0 31 0
0 31 0
2.80524467713344 54 253
4.81576775959027 66 295
0 31 0
0 31 0
0 31 0
0 31 0
16.2439669995003 61 435
0 31 0
16.2439669995003 61 435
0 31 0
0 31 0
0 31 0
1.26543641446695 48 136
0 31 0
0 31 0
0 31 0
0 31 0
0 31 0
0 31 0
0 31 0
16.2439669995003 61 435
0 31 0
0 31 0
0.524683657836788 41 45
0 31 0
0 31 0
16.2439669995003 61 435
0 31 0
0 31 0
0 31 0
0 31 0
0 31 0
0 31 0
0 31 0
0 31 0
0 31 0
0 31 0
7.60621449416304 59 378
0 31 0
0 31 0
0 31 0
3.58576322988324 57 277
9.44263161150231 75 417
0 31 0
0 31 0
10.4856310761597 60 406
0.600891875394942 42 55
0 31 0
5.87835248124307 58 351
16.2439669995003 61 435
0 31 0
0 31 0
7.60621449416304 59 378
0 31 0
16.2439669995003 61 435
7.60621449416304 59 378
0 31 0
0 31 0
0 31 0
0 31 0
16.2439669995003 61 435
0 31 0
1.84359749727049 51 190
0 31 0
10.4856310761597 60 406
2.10602237599486 52 210
0 31 0
0 31 0
0 31 0
0 31 0
0 31 0
0 31 0
0 31 0
10.4856310761597 60 406
32.4163885957169 112 1062
0 31 0
0 31 0
15.0769924334024 76 484
0 31 0
16.2439669995003 61 435
0 31 0
0.524683657836788 41 45
0 31 0
0.776569709609656 44 78
16.2439669995003 61 435
27.9285136413654 107 929
0 31 0
0 31 0
0 31 0
5.87835248124307 58 351
0 31 0
0 31 0
0.684454519143894 43 66
1.84359749727049 51 190
0 31 0
0 31 0
0 31 0
0 31 0
10.4856310761597 60 406
19.9862478171448 94 667
0 31 0
0 31 0
0 31 0
0 31 0
0 31 0
0 31 0
0 31 0
16.2439669995003 61 435
2.10602237599486 52 210
11.5674511207031 92 626
19.4257878028481 93 620
39.1073839218544 114 1117
0 31 0
0 31 0
0 31 0
0.454832616162368 40 36
18.7748250281114 86 479
0 31 0
0 31 0
0 31 0
0 31 0
0 31 0
7.60621449416304 59 378
0 31 0
0 31 0
16.2439669995003 61 435
0 31 0
0 31 0
0 31 0
0.175172587198373 35 6
0 31 0
3.90315602704291 56 300
16.2439669995003 61 435
0 31 0
0 31 0
13.3393045642447 83 654
0 31 0
0 31 0
3.90315602704291 56 300
32.7326155854453 90 841
16.2439669995003 61 435
0 31 0
16.2439669995003 61 435
0 31 0
0.600891875394942 42 55
16.2439669995003 61 435
4.72625565291268 57 325
0 31 0
1.84359749727049 51 190
0 31 0
18.7548492587484 78 571
0 31 0
0 31 0
3.28566850547172 55 276
0 31 0
0 31 0
7.60621449416304 59 378
0 31 0
16.2439669995003 61 435
0 31 0
3.28566850547172 55 276
0 31 0
0 31 0
16.2439669995003 61 435
0 31 0
0 31 0
0 31 0
24.4962380254387 88 786
49.4644540358763 118 1219
0 31 0
0 31 0
0 31 0
0 31 0
0 31 0
0 31 0
10.4856310761597 60 406
0 31 0
0 31 0
0 31 0
0 31 0
7.60621449416304 59 378
54.8379436287456 157 1547
0 31 0
0 31 0
3.28566850547172 55 276
0 31 0
0 31 0
0 31 0
0 31 0
0 31 0
0 31 0
10.3301467019581 64 256
0 31 0
0 31 0
0 31 0
0 31 0
0.776569709609656 44 78
0 31 0
3.9713857660195 44 36
0 31 0
0 31 0
0 31 0
0 31 0
4.72625565291268 57 325
16.2439669995003 61 435
0 31 0
0 31 0
0 31 0
0 31 0
0 31 0
0 31 0
7.60621449416304 59 378
5.87835248124307 58 351
0 31 0
0 31 0
0 31 0
0 31 0
0 31 0
10.4856310761597 60 406
0 31 0
0 31 0
0 31 0
0 31 0
0 31 0
0.275593160787908 37 15
3.48506254774272 62 237
0 31 0
2.10602237599486 52 210
22.6816829831445 86 729
0 31 0
0 31 0
6.14913725505423 70 403
1.84359749727049 51 190
0 31 0
0 31 0
0 31 0
0 31 0
0 31 0
0 31 0
0 31 0
0 31 0
0 31 0
16.2439669995003 61 435
0 31 0
0 31 0
0 31 0
0 31 0
3.90315602704291 56 300
0 31 0
0 31 0
0 31 0
16.2439669995003 61 435
0 31 0
0 31 0
3.90315602704291 56 300
4.72625565291268 57 325
0 31 0
0 31 0
0 31 0
0 31 0
0 31 0
0 31 0
16.2439669995003 61 435
0 31 0
0 31 0
16.2439669995003 61 435
0 31 0
0 31 0
0 31 0
0 31 0
0 31 0
0 31 0
0 31 0
0 31 0
0 31 0
0 31 0
0 31 0
0 31 0
0 31 0
0 31 0
0 31 0
0 31 0
0 31 0
0 31 0
0 31 0
1.26543641446695 48 136
0 31 0
0 31 0
0 31 0
1.07530703897357 37 7
0 31 0
0 31 0
0 31 0
0 31 0
0 31 0
0 31 0
27.2258825041911 89 813
0 31 0
0 31 0
19.5405645566403 85 550
16.2439669995003 61 435
44.2084072792152 117 1192
16.2439669995003 61 435
10.4856310761597 60 406
10.4856310761597 60 406
0 31 0
7.60621449416304 59 378
22.1894187485482 93 711
0 31 0
1.84359749727049 51 190
2.80524467713344 54 253
0 31 0
0 31 0
4.38185772436258 60 306
0 31 0
0 31 0
0 31 0
0 31 0
0 31 0
0 31 0
0 31 0
0 31 0
0 31 0
0 31 0
0 31 0
10.4856310761597 60 406
16.2439669995003 61 435
0 31 0
0 31 0
16.2439669995003 61 435
23.4012310074554 88 514
0 31 0
0 31 0
0 31 0
16.2439669995003 61 435
0 31 0
0 31 0
0 31 0
0 31 0
0 31 0
0 31 0
22.668731524463 103 832
0 31 0
0 31 0
0 31 0
0 31 0
0 31 0
26.2045298851875 88 784
0 31 0
0.914019591649179 38 11
26.2045298851875 88 784
2.80524467713344 54 253
0 31 0
0 31 0
22.8720696313262 87 760
0 31 0
7.60621449416304 59 378
0 31 0
0 31 0
16.2439669995003 61 435
0 31 0
37.4771460130822 111 1051
8.33887164109815 58 169
0 31 0
0 31 0
0 31 0
0 31 0
2.03349416149128 47 60
0 31 0
0 31 0
0.175172587198373 35 6
27.1578591273076 110 1010
4.72625565291268 57 325
4.72625565291268 57 325
0 31 0
0 31 0
7.60621449416304 59 378
0 31 0
0 31 0
0 31 0
4.72625565291268 57 325
0 31 0
16.2439669995003 61 435
0 31 0
0 31 0
0 31 0
16.2439669995003 61 435
0 31 0
7.60621449416304 59 378
0 31 0
0 31 0
0 31 0
8.22664931970933 77 515
0 31 0
10.4856310761597 60 406
0 31 0
2.80524467713344 54 253
10.4856310761597 60 406
0 31 0
0 31 0
0 31 0
0 31 0
0.0850481571310684 33 1
0 31 0
0 31 0
0.776569709609656 44 78
0 31 0
0 31 0
0 31 0
10.4856310761597 60 406
16.2439669995003 61 435
3.28566850547172 55 276
0 31 0
0 31 0
0 31 0
0 31 0
18.1768389323792 86 731
0 31 0
0 31 0
32.7326155854453 90 841
0 31 0
0 31 0
0 31 0
1.43078689218686 49 153
0 31 0
0 31 0
16.2439669995003 61 435
0 31 0
4.72625565291268 57 325
0 31 0
0 31 0
0 31 0
7.60621449416304 59 378
0 31 0
0 31 0
18.4739358453527 94 634
3.90315602704291 56 300
0 31 0
0 31 0
0 31 0
0 31 0
16.2439669995003 61 435
0 31 0
0 31 0
0 31 0
0 31 0
16.2439669995003 61 435
0 31 0
0 31 0
16.2439669995003 61 435
27.2258825041911 89 813
0 31 0
0 31 0
21.797439216443 86 735
0 31 0
3.28566850547172 55 276
7.60621449416304 59 378
0 31 0
0 31 0
0 31 0
0 31 0
20.6163947512093 85 616
0 31 0
0 31 0
16.2439669995003 61 435
0 31 0
0 31 0
0 31 0
44.2084072792152 117 1192
16.2439669995003 61 435
0 31 0
0 31 0
0 31 0
0 31 0
17.4330086854535 66 445
0 31 0
0 31 0
0 31 0
0 31 0
4.72625565291268 57 325
0 31 0
0 31 0
16.2439669995003 61 435
70.1935912441593 165 1736
0 31 0
13.7666187519917 81 601
0.330960353449114 38 21
3.44147164998921 63 265
0 31 0
27.2258825041911 89 813
0 31 0
0 31 0
25.3809564924136 101 784
0 31 0
0 31 0
16.2439669995003 61 435
0 31 0
0 31 0
0 31 0
16.2439669995003 61 435
0 31 0
0 31 0
18.6399689118556 82 625
0 31 0
2.80524467713344 54 253
0 31 0
11.7526206456579 68 324
2.80524467713344 54 253
0 31 0
0 31 0
9.55027365200893 75 498
2.80524467713344 54 253
0 31 0
0 31 0
15.0769924334024 76 484
0 31 0
0 31 0
0 31 0
0 31 0
0 31 0
0 31 0
0 31 0
20.3605626850197 84 676
16.2439669995003 61 435
0 31 0
0 31 0
4.72625565291268 57 325
0 31 0
1.26543641446695 48 136
10.4856310761597 60 406
0 31 0
0 31 0
0 31 0
16.2439669995003 61 435
0 31 0
0 31 0
0 31 0
0 31 0
16.5798554646419 98 723
0 31 0
1.12059379276059 47 120
0 31 0
0 31 0
0 31 0
0 31 0
0 31 0
0 31 0
16.2439669995003 61 435
39.8129171530713 114 1111
16.2439669995003 61 435
0 31 0
0 31 0
0 31 0
0 31 0
16.2439669995003 61 435
10.4856310761597 60 406
0 31 0
0 31 0
0 31 0
16.2439669995003 61 435
7.60621449416304 59 378
16.2439669995003 61 435
2.80524467713344 54 253
0 31 0
16.2439669995003 61 435
26.2045298851875 88 784
7.60621449416304 59 378
0 31 0
0 31 0
15.3205161770859 83 651
4.72625565291268 57 325
0 31 0
0 31 0
0 31 0
10.4856310761597 60 406
0 31 0
0 31 0
0 31 0
0 31 0
1.31328051305938 47 72
0 31 0
0 31 0
0 31 0
2.10602237599486 52 210
11.1843287397028 82 555
16.2439669995003 61 435
0 31 0
18.0018861444345 72 490
0 31 0
0 31 0
16.2439669995003 61 435
0 31 0
0 31 0
0 31 0
7.6993101965342 56 144
0 31 0
16.2439669995003 61 435
0 31 0
0 31 0
16.2439669995003 61 435
16.2439669995003 61 435
0 31 0
0 31 0
0 31 0
0 31 0
0 31 0
4.72625565291268 57 325
0 31 0
30.5368274187253 109 982
8.66913754333182 68 414
0 31 0
0 31 0
0.454832616162368 40 36
0 31 0
0 31 0
0 31 0
0 31 0
0 31 0
0 31 0
0 31 0
0 31 0
0 31 0
0 31 0
0 31 0
0 31 0
0 31 0
0 31 0
16.2439669995003 61 435
0 31 0
0 31 0
9.45081038041275 79 511
1.84359749727049 51 190
0.524683657836788 41 45
0.684454519143894 43 66
0 31 0
0.454832616162368 40 36
9.59751472814049 79 561
9.59751472814049 79 561
5.87835248124307 58 351
0 31 0
0 31 0
0 31 0
0 31 0
0 31 0
15.01802023938 79 367
2.80524467713344 54 253
0 31 0
20.0240736621661 83 666
0 31 0
27.3466342119893 108 734
0 31 0
0 31 0
0 31 0
0 31 0
0 31 0
0 31 0
0 31 0
16.2439669995003 61 435
0 31 0
16.2439669995003 61 435
0 31 0
0 31 0
0 31 0
3.6192415457412 62 281
0 31 0
22.2155748828967 105 892
0 31 0
0.0850481571310684 33 1
1.84359749727049 51 190
0 31 0
0 31 0
0 31 0
0 31 0
10.4856310761597 60 406
0 31 0
0 31 0
0 31 0
0 31 0
3.28566850547172 55 276
0 31 0
0 31 0
0 31 0
0 31 0
0 31 0
17.0921498234102 63 436
15.5311480820488 84 682
0 31 0
0 31 0
4.72625565291268 57 325
0 31 0
0 31 0
10.4856310761597 60 406
16.2439669995003 61 435
0 31 0
16.2439669995003 61 435
29.8796046320491 106 937
0 31 0
0 31 0
0 31 0
0 31 0
0 31 0
0 31 0
0 31 0
0 31 0
0 31 0
0 31 0
0 31 0
17.4778118803515 85 703
0 31 0
9.07392947995024 81 446
0 31 0
2.72857463394339 40 16
0 31 0
4.22585201894324 58 301
0 31 0
10.4856310761597 60 406
1.07530703897357 37 7
4.72625565291268 57 325
0 31 0
0 31 0
0 31 0
0 31 0
13.7831594509975 81 616
10.4856310761597 60 406
10.4856310761597 60 406
0 31 0
0 31 0
0 31 0
0 31 0
0 31 0
1.26855174216421 40 18
0 31 0
0 31 0
0 31 0
0.874975442815676 43 46
0 31 0
0 31 0
0 31 0
3.28566850547172 55 276
0 31 0
0.776569709609656 44 78
27.2258825041911 89 813
5.87835248124307 58 351
0 31 0
16.2439669995003 61 435
0 31 0
0 31 0
0 31 0
0 31 0
0 31 0
0 31 0
16.2439669995003 61 435
0 31 0
0 31 0
0 31 0
0 31 0
0 31 0
0 31 0
9.96107382386944 73 421
0 31 0
0 31 0
2.80524467713344 54 253
0 31 0
0 31 0
0 31 0
16.2439669995003 61 435
0 31 0
0 31 0
10.4856310761597 60 406
0 31 0
0 31 0
0 31 0
7.06787339650819 54 121
0 31 0
0 31 0
16.2439669995003 61 435
0 31 0
0 31 0
16.2439669995003 61 435
0 31 0
11.9135911885561 78 351
0 31 0
10.4856310761597 60 406
0 31 0
16.0984318981171 78 529
0 31 0
0 31 0
0 31 0
0 31 0
5.87835248124307 58 351
16.2439669995003 61 435
0 31 0
0 31 0
15.6510510376466 89 658
0 31 0
0 31 0
0 31 0
0 31 0
0 31 0
10.4856310761597 60 406
2.80524467713344 54 253
0 31 0
0 31 0
0 31 0
0 31 0
0 31 0
3.28566850547172 55 276
0 31 0
49.4644540358763 118 1219
6.72132628556229 73 445
0 31 0
27.4725282377642 103 891
0 31 0
0.223836732525402 36 10
0 31 0
0 31 0
0.129092013125127 34 3
32.7326155854453 90 841
0 31 0
7.60621449416304 59 378
0 31 0
0 31 0
16.2439669995003 61 435
16.2439669995003 61 435
0 31 0
3.28566850547172 55 276
0 31 0
4.72625565291268 57 325
2.10602237599486 52 210
0.223836732525402 36 10
0 31 0
0 31 0
0 31 0
0 31 0
0 31 0
0 31 0
0 31 0
0 31 0
10.4856310761597 60 406
16.2439669995003 61 435
0 31 0
0 31 0
0 31 0
0 31 0
5.87835248124307 58 351
2.80524467713344 54 253
0 31 0
3.48506254774272 62 237
2.42075431248526 53 231
0 31 0
0 31 0
3.90315602704291 56 300
0.600891875394942 42 55
0 31 0
0 31 0
0 31 0
0 31 0
0 31 0
0.390497952733371 39 28
7.60621449416304 59 378
32.7326155854453 90 841
16.2439669995003 61 435
0 31 0
3.28566850547172 55 276
6.68205141520702 65 372
2.42075431248526 53 231
2.80524467713344 54 253
4.72625565291268 57 325
0 31 0
0 31 0
0 31 0
3.28566850547172 55 276
0 31 0
0 31 0
0 31 0
1.26543641446695 48 136
0 31 0
0 31 0
0 31 0
7.87127958707406 76 490
0 31 0
0 31 0
10.4856310761597 60 406
0 31 0
16.2439669995003 61 435
0 31 0
0 31 0
0 31 0
0 31 0
0 31 0
0 31 0
22.1742895937745 93 612
0 31 0
4.72625565291268 57 325
0 31 0
0 31 0
0 31 0
10.4856310761597 60 406
0 31 0
4.72625565291268 57 325
0 31 0
11.3075991933176 81 604
5.87835248124307 58 351
0 31 0
0 31 0
16.2439669995003 61 435
0 31 0
16.2439669995003 61 435
0 31 0
0 31 0
0 31 0
0 31 0
0 31 0
0.776569709609656 44 78
16.0984318981171 78 529
0 31 0
0 31 0
0 31 0
0 31 0
16.2439669995003 61 435
0 31 0
0 31 0
0 31 0
0 31 0
0 31 0
0 31 0
2.48102974192277 57 205
15.3205161770859 83 651
0.776569709609656 44 78
0 31 0
10.4856310761597 60 406
0 31 0
0 31 0
0 31 0
0 31 0
0 31 0
28.9331705795974 113 852
4.72625565291268 57 325
0 31 0
0 31 0
16.2439669995003 61 435
0 31 0
0.992623351658777 46 105
16.2439669995003 61 435
0 31 0
0.600891875394942 42 55
0 31 0
0 31 0
0 31 0
10.4856310761597 60 406
0 31 0
0 31 0
0 31 0
0 31 0
0 31 0
16.2439669995003 61 435
5.87835248124307 58 351
10.4856310761597 60 406
0 31 0
0 31 0
40.4809766252008 124 1039
3.90315602704291 56 300
0 31 0
0 31 0
16.2439669995003 61 435
0 31 0
0 31 0
0 31 0
37.8811592380262 112 1072
0 31 0
1.12059379276059 47 120
0 31 0
30.3197457284997 104 918
2.10602237599486 52 210
3.28566850547172 55 276
0 31 0
16.2439669995003 61 435
3.86445214792302 64 298
0 31 0
0 31 0
0 31 0
0 31 0
7.60621449416304 59 378
0 31 0
0.524683657836788 41 45
0 31 0
0 31 0
3.90315602704291 56 300
0 31 0
16.2439669995003 61 435
1.62139649126408 50 171
0 31 0
0 31 0
10.4856310761597 60 406
0 31 0
0 31 0
0 31 0
18.7548492587484 78 571
0 31 0
5.87835248124307 58 351
0 31 0
0 31 0
0.223836732525402 36 10
1.84359749727049 51 190
1.26543641446695 48 136
16.2439669995003 61 435
0 31 0
0 31 0
0 31 0
0 31 0
0 31 0
10.4856310761597 60 406
0 31 0
5.76643349563223 67 370
0 31 0
10.4856310761597 60 406
0 31 0
0 31 0
4.72625565291268 57 325
0 31 0
0 31 0
0 31 0
0 31 0
0 31 0
28.2021756782955 108 960
0 31 0
0 31 0
0 31 0
0 31 0
0 31 0
0 31 0
16.2439669995003 61 435
0 31 0
0 31 0
0 31 0
4.72625565291268 57 325
0 31 0
0 31 0
0 31 0
0 31 0
23.052193313087 74 459
0 31 0
7.60621449416304 59 378
0 31 0
7.60621449416304 59 378
0 31 0
10.4856310761597 60 406
16.2439669995003 61 435
0 31 0
0 31 0
0 31 0
0 31 0
16.2439669995003 61 435
0 31 0
0 31 0
0 31 0
2.80524467713344 54 253
0 31 0
0 31 0
0 31 0
0 31 0
21.0347281605399 85 711
0 31 0
0 31 0
0 31 0
0 31 0
16.2439669995003 61 435
0 31 0
13.0973568242138 80 386
0 31 0
1.43078689218686 49 153
0 31 0
0 31 0
0 31 0
0 31 0
18.6399689118556 82 625
0 31 0
16.2439669995003 61 435
0 31 0
0 31 0
0 31 0
2.80524467713344 54 253
0 31 0
0 31 0
0 31 0
0 31 0
0 31 0
0 31 0
0 31 0
0 31 0
10.4856310761597 60 406
0 31 0
0 31 0
2.33152784242744 56 164
0 31 0
10.4856310761597 60 406
10.4856310761597 60 406
0 31 0
0 31 0
2.80524467713344 54 253
0 31 0
0 31 0
0 31 0
0 31 0
0 31 0
27.2258825041911 89 813
0 31 0
0 31 0
1.43078689218686 49 153
0 31 0
0 31 0
0 31 0
10.4856310761597 60 406
0 31 0
0 31 0
0 31 0
0 31 0
0 31 0
7.60621449416304 59 378
0 31 0
0 31 0
0 31 0
0 31 0
0 31 0
0 31 0
2.10602237599486 52 210
16.2439669995003 61 435
0 31 0
10.4856310761597 60 406
16.2439669995003 61 435
0 31 0
0 31 0
0 31 0
5.87835248124307 58 351
0 31 0
3.90315602704291 56 300
1.96757879419186 41 21
0 31 0
0 31 0
0 31 0
0 31 0
0 31 0
29.1553970016133 109 982
0 31 0
0 31 0
0 31 0
0 31 0
0 31 0
0 31 0
0 31 0
6.0064214665403 59 183
0 31 0
0 31 0
0 31 0
0 31 0
0 31 0
7.60621449416304 59 378
0.275593160787908 37 15
0 31 0
0 31 0
0 31 0
0 31 0
0 31 0
0 31 0
7.27464948012405 70 363
0 31 0
0 31 0
1.87885932890163 52 172
0 31 0
0 31 0
4.72625565291268 57 325
0 31 0
0 31 0
2.09665965797722 38 9
0 31 0
16.2439669995003 61 435
4.72625565291268 57 325
0 31 0
0 31 0
16.2439669995003 61 435
0 31 0
0 31 0
0 31 0
7.60621449416304 59 378
0 31 0
0.776569709609656 44 78
4.72625565291268 57 325
0 31 0
0 31 0
0 31 0
0 31 0
0 31 0
10.4856310761597 60 406
0 31 0
1.62139649126408 50 171
0 31 0
0 31 0
0 31 0
0 31 0
0 31 0
16.689543359295 98 633
14.1548921529593 74 441
0 31 0
16.2439669995003 61 435
0 31 0
0 31 0
0 31 0
0 31 0
16.2439669995003 61 435
0 31 0
0 31 0
0 31 0
0 31 0
16.2439669995003 61 435
0 31 0
0 31 0
0 31 0
15.0855945995961 87 509
0 31 0
0.992623351658777 46 105
0 31 0
16.2439669995003 61 435
0 31 0
7.60621449416304 59 378
0.776569709609656 44 78
0 31 0
0 31 0
1.26543641446695 48 136
0 31 0
0 31 0
8.49631468202967 80 452
0 31 0
0 31 0
1.12059379276059 47 120
3.28566850547172 55 276
0 31 0
10.4856310761597 60 406
0 31 0
0 31 0
0 31 0
24.4962380254387 88 786
0 31 0
0 31 0
0 31 0
0 31 0
0 31 0
0 31 0
0 31 0
0 31 0
0 31 0
0 31 0
0 31 0
8.98871892368683 60 196
0.524683657836788 41 45
16.2439669995003 61 435
0 31 0
0 31 0
0 31 0
17.4778118803515 85 703
16.0984318981171 78 529
0.684454519143894 43 66
0 31 0
0.992623351658777 46 105
19.3821469450195 81 625
0 31 0
0 31 0
0 31 0
0 31 0
0 31 0
0 31 0
0 31 0
0 31 0
5.87835248124307 58 351
0 31 0
0 31 0
0 31 0
0 31 0
16.2439669995003 61 435
0 31 0
12.8093731080091 82 627
0 31 0
0 31 0
0 31 0
0 31 0
2.10602237599486 52 210
0 31 0
0 31 0
0 31 0
0 31 0
20.3605626850197 84 676
0 31 0
0 31 0
0 31 0
0 31 0
0 31 0
0 31 0
0 31 0
0 31 0
16.2439669995003 61 435
0.390497952733371 39 28
17.624428808177 68 456
0 31 0
0 31 0
0 31 0
7.60621449416304 59 378
0 31 0
0 31 0
0 31 0
0 31 0
0 31 0
26.2045298851875 88 784
0.524683657836788 41 45
0 31 0
0 31 0
0 31 0
4.72625565291268 57 325
0 31 0
0 31 0
0 31 0
0 31 0
2.42075431248526 53 231
0 31 0
22.8720696313262 87 760
0 31 0
0 31 0
0 31 0
0 31 0
0 31 0
2.80524467713344 54 253
0 31 0
0 31 0
0 31 0
0 31 0
1.12059379276059 47 120
0 31 0
0 31 0
26.2045298851875 88 784
0 31 0
0 31 0
0 31 0
16.2439669995003 61 435
0 31 0
0 31 0
0 31 0
0 31 0
0 31 0
0 31 0
0 31 0
0 31 0
11.7992221701722 70 451
10.4856310761597 60 406
0 31 0
0 31 0
0 31 0
0 31 0
0.684454519143894 43 66
16.2439669995003 61 435
10.4856310761597 60 406
0 31 0
10.4856310761597 60 406
6.9994166833216 63 241
0.223836732525402 36 10
0 31 0
0 31 0
16.2439669995003 61 435
16.2439669995003 61 435
0 31 0
0 31 0
0 31 0
0 31 0
0 31 0
0 31 0
0.992623351658777 46 105
4.62864032394099 63 321
0 31 0
0 31 0
2.80524467713344 54 253
0 31 0
10.4856310761597 60 406
0 31 0
0 31 0
1.43078689218686 49 153
0 31 0
0 31 0
0 31 0
5.54099809967347 71 396
5.87835248124307 58 351
0 31 0
0 31 0
0 31 0
0 31 0
0 31 0
0 31 0
10.4856310761597 60 406
0 31 0
0 31 0
0 31 0
0 31 0
0 31 0
0 31 0
0 31 0
16.2439669995003 61 435
0 31 0
26.2045298851875 88 784
0 31 0
0 31 0
0 31 0
0 31 0
0 31 0
0 31 0
16.2439669995003 61 435
0 31 0
0 31 0
16.2439669995003 61 435
0 31 0
0 31 0
0 31 0
1.43078689218686 49 153
0 31 0
16.2439669995003 61 435
0 31 0
7.60621449416304 59 378
0 31 0
0 31 0
0.992623351658777 46 105
0 31 0
0 31 0
0 31 0
0 31 0
0 31 0
7.60621449416304 59 378
16.2439669995003 61 435
4.72625565291268 57 325
0 31 0
0 31 0
0 31 0
0 31 0
0 31 0
0 31 0
0 31 0
0.129092013125127 34 3
0 31 0
0 31 0
0 31 0
0 31 0
0 31 0
0 31 0
0 31 0
0 31 0
0 31 0
0 31 0
16.2439669995003 61 435
0 31 0
0 31 0
0 31 0
0 31 0
16.2439669995003 61 435
0 31 0
0 31 0
0 31 0
0 31 0
0 31 0
0 31 0
4.72625565291268 57 325
0 31 0
0 31 0
10.4856310761597 60 406
0 31 0
0 31 0
1.43078689218686 49 153
0 31 0
0 31 0
0 31 0
7.60621449416304 59 378
10.4856310761597 60 406
12.5082104515803 70 361
0 31 0
0 31 0
0 31 0
3.90315602704291 56 300
0 31 0
0 31 0
4.72625565291268 57 325
16.2439669995003 61 435
2.80524467713344 54 253
16.2439669995003 61 435
0 31 0
0 31 0
0 31 0
0 31 0
0 31 0
0 31 0
0 31 0
0 31 0
11.3636383269562 65 416
0 31 0
5.87835248124307 58 351
0 31 0
5.87835248124307 58 351
0 31 0
0 31 0
0 31 0
0 31 0
7.60621449416304 59 378
0 31 0
0 31 0
0 31 0
0 31 0
26.2045298851875 88 784
4.72625565291268 57 325
6.14913725505423 70 403
0 31 0
26.2045298851875 88 784
0 31 0
2.42075431248526 53 231
4.72625565291268 57 325
0 31 0
7.60621449416304 59 378
0 31 0
0 31 0
16.2439669995003 61 435
0 31 0
0 31 0
0 31 0
0 31 0
0 31 0
7.60621449416304 59 378
0 31 0
0 31 0
0 31 0
3.90315602704291 56 300
0 31 0
8.22664931970933 77 515
0 31 0
0 31 0
0 31 0
20.465476741676 84 688
16.2439669995003 61 435
0 31 0
0 31 0
20.3605626850197 84 676
0 31 0
0 31 0
0 31 0
0 31 0
0 31 0
18.6399689118556 82 625
0 31 0
0 31 0
0 31 0
0 31 0
0 31 0
0 31 0
0 31 0
0 31 0
2.42075431248526 53 231
10.4856310761597 60 406
9.28258080460449 71 381
0 31 0
0 31 0
0.454832616162368 40 36
0 31 0
0 31 0
15.0855945995961 87 509
0 31 0
0 31 0
0 31 0
0 31 0
0 31 0
0 31 0
7.96483425751348 63 355
1.62139649126408 50 171
0 31 0
16.2439669995003 61 435
7.3095392576621 71 429
0 31 0
16.2439669995003 61 435
0 31 0
0.878694602273357 45 91
0 31 0
0 31 0
10.4856310761597 60 406
0 31 0
0 31 0
16.2439669995003 61 435
0 31 0
7.60621449416304 59 378
16.2439669995003 61 435
0 31 0
0 31 0
0 31 0
0 31 0
0 31 0
0 31 0
0 31 0
10.4856310761597 60 406
7.60621449416304 59 378
0 31 0
0.330960353449114 38 21
4.72625565291268 57 325
16.2439669995003 61 435
4.72625565291268 57 325
9.11599239287798 72 294
0 31 0
24.9487669576818 104 866
0 31 0
0 31 0
0 31 0
20.3605626850197 84 676
0 31 0
0 31 0
44.2084072792152 117 1192
0 31 0
16.2439669995003 61 435
0 31 0
0 31 0
0 31 0
32.7326155854453 90 841
0 31 0
3.28566850547172 55 276
11.3075991933176 81 604
0 31 0
0 31 0
0 31 0
30.4844196064326 97 640
0 31 0
0 31 0
10.4856310761597 60 406
0 31 0
0 31 0
0 31 0
0 31 0
0 31 0
0 31 0
0 31 0
16.2439669995003 61 435
0 31 0
0 31 0
0 31 0
0 31 0
0 31 0
0 31 0
22.8720696313262 87 760
0 31 0
0 31 0
0 31 0
4.72625565291268 57 325
0 31 0
0 31 0
0 31 0
0 31 0
0 31 0
35.7733131794644 121 1076
0 31 0
0 31 0
0 31 0
16.2439669995003 61 435
0 31 0
16.2439669995003 61 435
16.2439669995003 61 435
0 31 0
16.2439669995003 61 435
0 31 0
16.2439669995003 61 435
0 31 0
0 31 0
0 31 0
0 31 0
0 31 0
0 31 0
0 31 0
0 31 0
0 31 0
7.87127958707406 76 490
0 31 0
2.10602237599486 52 210
0 31 0
7.60621449416304 59 378
0 31 0
0 31 0
0 31 0
0 31 0
0 31 0
5.87835248124307 58 351
0 31 0
29.3672241337498 92 582
0 31 0
0 31 0
0 31 0
0 31 0
5.82205667157935 50 81
0 31 0
2.80524467713344 54 253
10.4856310761597 60 406
0 31 0
0 31 0
0 31 0
0 31 0
0.684454519143894 43 66
0 31 0
3.28566850547172 55 276
0 31 0
0 31 0
16.2439669995003 61 435
0 31 0
0 31 0
0 31 0
9.37810331036557 74 483
0 31 0
0 31 0
0 31 0
0 31 0
16.2439669995003 61 435
0 31 0
0 31 0
16.2439669995003 61 435
0 31 0
0 31 0
0 31 0
0 31 0
0.390497952733371 39 28
0 31 0
0 31 0
0 31 0
0 31 0
4.72625565291268 57 325
11.2761028546084 64 412
0 31 0
0 31 0
16.2439669995003 61 435
0 31 0
0 31 0
0 31 0
0 31 0
0 31 0
0 31 0
16.2439669995003 61 435
0 31 0
1.12059379276059 47 120
3.90315602704291 56 300
0 31 0
17.4330086854535 66 445
0 31 0
0 31 0
0 31 0
60.0837305706444 155 1523
45.2374206756179 128 901
0 31 0
0 31 0
0 31 0
0 31 0
0 31 0
3.28566850547172 55 276
0 31 0
0 31 0
0 31 0
0 31 0
0 31 0
18.3294070490165 75 526
0 31 0
0 31 0
16.2439669995003 61 435
0 31 0
0 31 0
0 31 0
0 31 0
0 31 0
0 31 0
0 31 0
2.42075431248526 53 231
16.2439669995003 61 435
0.0850481571310684 33 1
0 31 0
0 31 0
0 31 0
0 31 0
0 31 0
18.3294070490165 75 526
0 31 0
7.60621449416304 59 378
0 31 0
36.6650806046779 108 994
0 31 0
0 31 0
0 31 0
0 31 0
0 31 0
0 31 0
0 31 0
0 31 0
0 31 0
7.60621449416304 59 378
0 31 0
0 31 0
0 31 0
0 31 0
0 31 0
0 31 0
10.4856310761597 60 406
16.2439669995003 61 435
0 31 0
0 31 0
0 31 0
0 31 0
0 31 0
0 31 0
0 31 0
0 31 0
0 31 0
16.2439669995003 61 435
0 31 0
0 31 0
0 31 0
0 31 0
0 31 0
26.2045298851875 88 784
0 31 0
0 31 0
0 31 0
5.11302653187764 67 241
16.2439669995003 61 435
0 31 0
0 31 0
30.9699520439075 111 1039
0.330960353449114 38 21
4.33752598056798 61 214
0 31 0
5.35065063654126 69 378
0 31 0
0 31 0
0 31 0
7.60621449416304 59 378
9.37810331036557 74 483
16.2439669995003 61 435
0 31 0
0 31 0
0 31 0
0 31 0
17.4778118803515 85 703
0 31 0
3.28566850547172 55 276
0 31 0
0 31 0
0 31 0
0 31 0
2.72857463394339 40 16
0 31 0
0 31 0
0 31 0
0 31 0
0 31 0
0 31 0
0 31 0
10.4856310761597 60 406
0 31 0
0 31 0
0 31 0
8.8570950939406 68 216
0 31 0
49.4644540358763 118 1219
0 31 0
0 31 0
1.84359749727049 51 190
0 31 0
0 31 0
0 31 0
0 31 0
0 31 0
0.129092013125127 34 3
0 31 0
1.43078689218686 49 153
4.72625565291268 57 325
10.4856310761597 60 406
0 31 0
0 31 0
0 31 0
0 31 0
0 31 0
0 31 0
28.1360605921079 106 939
0 31 0
33.2762649556101 125 1020
0 31 0
16.2439669995003 61 435
0 31 0
5.87835248124307 58 351
7.60621449416304 59 378
0 31 0
0 31 0
7.60621449416304 59 378
0 31 0
0 31 0
16.2439669995003 61 435
3.28566850547172 55 276
0 31 0
0 31 0
0 31 0
2.80524467713344 54 253
0 31 0
0 31 0
0 31 0
0 31 0
11.3075991933176 81 604
32.7222201020539 111 1031
0 31 0
7.60621449416304 59 378
0 31 0
0 31 0
0 31 0
13.7666187519917 81 601
0 31 0
0 31 0
0 31 0
0 31 0
0 31 0
7.60621449416304 59 378
0 31 0
0 31 0
23.4012310074554 88 514
5.87835248124307 58 351
0 31 0
0 31 0
0 31 0
16.2439669995003 61 435
0 31 0
36.0326421732197 113 1082
0 31 0
10.4856310761597 60 406
0 31 0
16.2439669995003 61 435
0 31 0
0 31 0
0 31 0
0 31 0
0 31 0
0 31 0
0 31 0
22.6816829831445 86 729
0 31 0
0 31 0
0 31 0
0 31 0
0 31 0
0 31 0
3.08919563070026 56 254
1.43078689218686 49 153
0 31 0
0 31 0
0 31 0
3.90315602704291 56 300
32.7924433126795 106 901
5.05458096290906 67 355
0 31 0
0 31 0
0 31 0
0 31 0
2.10602237599486 52 210
10.4856310761597 60 406
0 31 0
10.4856310761597 60 406
0 31 0
0 31 0
27.2258825041911 89 813
16.2439669995003 61 435
0 31 0
0 31 0
0 31 0
10.4856310761597 60 406
2.80524467713344 54 253
0 31 0
0 31 0
0 31 0
0 31 0
0 31 0
0 31 0
0 31 0
0 31 0
0 31 0
0 31 0
0.175172587198373 35 6
0 31 0
0 31 0
0 31 0
0 31 0
0 31 0
0 31 0
0 31 0
0.776569709609656 44 78
1.43078689218686 49 153
3.90315602704291 56 300
0 31 0
11.5630824798027 77 507
0 31 0
0 31 0
10.4856310761597 60 406
0 31 0
1.12059379276059 47 120
0 31 0
6.23886233455956 66 291
0 31 0
23.9396429721802 80 516
8.91631907539544 78 535
0.776569709609656 44 78
0 31 0
0 31 0
0 31 0
0 31 0
0 31 0
11.0159824644921 85 571
0 31 0
0 31 0
0 31 0
16.2439669995003 61 435
0 31 0
0 31 0
16.2439669995003 61 435
0 31 0
0.684454519143894 43 66
0 31 0
0 31 0
0 31 0
0 31 0
7.60621449416304 59 378
21.797439216443 86 735
0 31 0
0 31 0
0 31 0
0 31 0
20.0240736621661 83 666
6.9855857366027 74 461
0 31 0
0 31 0
0 31 0
0 31 0
2.42075431248526 53 231
14.8872542050388 84 678
19.9862478171448 94 667
0 31 0
0 31 0
5.87835248124307 58 351
0 31 0
0 31 0
0 31 0
0 31 0
0.129092013125127 34 3
0 31 0
4.72625565291268 57 325
16.2439669995003 61 435
0 31 0
16.2439669995003 61 435
0 31 0
0 31 0
5.87835248124307 58 351
29.7809962732 100 868
16.2439669995003 61 435
0 31 0
0.454832616162368 40 36
0 31 0
0 31 0
0 31 0
1.84359749727049 51 190
0 31 0
16.2439669995003 61 435
0 31 0
7.60621449416304 59 378
0 31 0
0 31 0
5.87835248124307 58 351
16.2439669995003 61 435
0 31 0
0 31 0
0 31 0
0 31 0
0 31 0
0 31 0
0 31 0
0 31 0
29.7163379730658 92 559
0 31 0
16.2439669995003 61 435
0 31 0
4.72625565291268 57 325
0 31 0
0 31 0
0 31 0
0 31 0
0 31 0
18.3294070490165 75 526
0 31 0
0 31 0
10.4856310761597 60 406
0 31 0
0 31 0
5.20438393625841 48 64
0 31 0
0 31 0
7.60621449416304 59 378
0 31 0
10.4856310761597 60 406
0 31 0
16.2439669995003 61 435
0 31 0
16.2439669995003 61 435
0 31 0
30.0331558060667 98 759
0 31 0
1.26543641446695 48 136
0 31 0
20.8423977310198 87 757
3.90315602704291 56 300
0 31 0
16.2439669995003 61 435
0 31 0
0 31 0
0 31 0
8.07527550292192 67 307
0 31 0
0 31 0
0 31 0
0 31 0
0 31 0
12.4168584172696 68 212
0 31 0
0 31 0
4.72625565291268 57 325
0 31 0
10.4856310761597 60 406
0 31 0
0 31 0
0 31 0
0 31 0
26.6438900553068 106 907
0 31 0
16.2439669995003 61 435
0 31 0
10.4856310761597 60 406
0 31 0
0.600891875394942 42 55
0 31 0
0 31 0
0 31 0
0 31 0
0.454832616162368 40 36
1.12059379276059 47 120
15.345273309558 77 444
0 31 0
7.22915822891092 73 424
0 31 0
13.7831594509975 81 616
17.2622158444163 80 576
0 31 0
0 31 0
62.5142344396448 156 1553
0 31 0
0 31 0
0 31 0
0 31 0
2.72857463394339 40 16
0 31 0
0 31 0
0 31 0
0 31 0
2.80524467713344 54 253
1.84359749727049 51 190
0 31 0
0 31 0
16.2439669995003 61 435
0 31 0
0 31 0
0 31 0
0 31 0
0 31 0
0.878694602273357 45 91
0 31 0
0.776569709609656 44 78
0 31 0
0 31 0
0 31 0
8.64987806568161 77 522
21.0347281605399 85 711
0 31 0
1.26543641446695 48 136
0.275593160787908 37 15
0 31 0
0 31 0
0 31 0
0 31 0
0 31 0
0 31 0
0 31 0
5.87835248124307 58 351
0 31 0
0 31 0
11.6191624301027 68 434
0 31 0
0 31 0
0 31 0
0 31 0
0 31 0
3.90315602704291 56 300
21.0347281605399 85 711
10.4856310761597 60 406
10.4856310761597 60 406
4.94459710743596 68 284
16.2439669995003 61 435
0 31 0
4.72625565291268 57 325
0 31 0
0 31 0
0 31 0
0 31 0
0 31 0
16.2439669995003 61 435
16.2439669995003 61 435
0.684454519143894 43 66
0 31 0
19.6712679177708 82 645
0 31 0
0 31 0
0 31 0
0 31 0
0 31 0
0 31 0
0 31 0
0 31 0
0 31 0
0 31 0
0 31 0
2.80524467713344 54 253
0 31 0
0 31 0
4.72625565291268 57 325
16.2439669995003 61 435
0 31 0
0 31 0
0 31 0
0 31 0
0 31 0
9.42674629819023 63 159
16.2439669995003 61 435
16.2439669995003 61 435
1.43078689218686 49 153
0 31 0
0 31 0
0 31 0
0 31 0
0 31 0
32.7326155854453 90 841
1.26543641446695 48 136
0 31 0
10.3091835818764 80 582
0 31 0
37.4771460130822 111 1051
0 31 0
0 31 0
15.9457248706284 87 547
0 31 0
0 31 0
0.275593160787908 37 15
16.2439669995003 61 435
0 31 0
0 31 0
0 31 0
0 31 0
33.304254394546 108 784
0 31 0
0 31 0
0 31 0
0 31 0
0 31 0
1.26543641446695 48 136
0 31 0
9.28258080460449 71 381
16.2439669995003 61 435
9.06442041247511 78 541
0 31 0
0 31 0
10.4856310761597 60 406
0 31 0
0 31 0
7.60621449416304 59 378
0 31 0
0 31 0
16.2439669995003 61 435
34.3431480730478 92 842
16.2439669995003 61 435
0.330960353449114 38 21
0 31 0
0 31 0
0 31 0
0 31 0
32.7326155854453 90 841
0 31 0
3.28566850547172 55 276
0 31 0
0 31 0
0 31 0
17.4778118803515 85 703
0 31 0
0 31 0
0 31 0
0 31 0
0 31 0
0 31 0
0 31 0
0.0850481571310684 33 1
10.4856310761597 60 406
0 31 0
0 31 0
0 31 0
7.60621449416304 59 378
7.27464948012405 70 363
0 31 0
0 31 0
0 31 0
2.10602237599486 52 210
3.35237421571285 42 25
0 31 0
0 31 0
0.878694602273357 45 91
0.776569709609656 44 78
0 31 0
32.7326155854453 90 841
0 31 0
2.10602237599486 52 210
20.0240736621661 83 666
0 31 0
11.834941831817 83 447
0 31 0
11.5630824798027 77 507
0 31 0
4.81576775959027 66 295
0 31 0
10.4856310761597 60 406
16.2439669995003 61 435
0 31 0
10.4856310761597 60 406
0 31 0
56.7892326785787 149 1454
16.2439669995003 61 435
0 31 0
0.684454519143894 43 66
0.330960353449114 38 21
0 31 0
0 31 0
0 31 0
0.175172587198373 35 6
6.27992821527901 60 352
4.72625565291268 57 325
0 31 0
0 31 0
16.2439669995003 61 435
16.2439669995003 61 435
0 31 0
0 31 0
0 31 0
0 31 0
16.2439669995003 61 435
0 31 0
11.3371396128428 80 578
0 31 0
0 31 0
2.80524467713344 54 253
4.60849631071174 67 342
0 31 0
0 31 0
0 31 0
0 31 0
7.60621449416304 59 378
16.2439669995003 61 435
0 31 0
0 31 0
0 31 0
1.62139649126408 50 171
0 31 0
0 31 0
1.43078689218686 49 153
0.776569709609656 44 78
0 31 0
0 31 0
0 31 0
0 31 0
0 31 0
0 31 0
0 31 0
9.96107382386944 73 421
0 31 0
4.72625565291268 57 325
0 31 0
0 31 0
0 31 0
0 31 0
0 31 0
0 31 0
0 31 0
5.87835248124307 58 351
7.60621449416304 59 378
0 31 0
0 31 0
5.87835248124307 58 351
0 31 0
0 31 0
0 31 0
16.2439669995003 61 435
0 31 0
0 31 0
0 31 0
0 31 0
2.80524467713344 54 253
19.6712679177708 82 645
0 31 0
0 31 0
0 31 0
18.6399689118556 82 625
1.43078689218686 49 153
0 31 0
0 31 0
22.8720696313262 87 760
0 31 0
3.90315602704291 56 300
0 31 0
26.2045298851875 88 784
0 31 0
16.2439669995003 61 435
0 31 0
8.22664931970933 77 515
0 31 0
0 31 0
0 31 0
10.6042100311058 79 568
0 31 0
0 31 0
0 31 0
0 31 0
0 31 0
0 31 0
0 31 0
0 31 0
0 31 0
0 31 0
0 31 0
0 31 0
0 31 0
0 31 0
0 31 0
10.4856310761597 60 406
0 31 0
0 31 0
0 31 0
0 31 0
0 31 0
0.524683657836788 41 45
2.80524467713344 54 253
0 31 0
0 31 0
0 31 0
0 31 0
0 31 0
0.0850481571310684 33 1
0 31 0
0 31 0
0 31 0
0 31 0
0 31 0
16.2439669995003 61 435
0 31 0
0 31 0
38.2268291143626 129 1197
7.60621449416304 59 378
0 31 0
0 31 0
0 31 0
0 31 0
0.776569709609656 44 78
0 31 0
22.6816829831445 86 729
0 31 0
0 31 0
0 31 0
0 31 0
0 31 0
0 31 0
0 31 0
0 31 0
0 31 0
10.4856310761597 60 406
0 31 0
4.39801415239777 60 167
0 31 0
0 31 0
0 31 0
0 31 0
0 31 0
0 31 0
0 31 0
0.175172587198373 35 6
0 31 0
0 31 0
16.2439669995003 61 435
0 31 0
21.3241616894868 72 460
11.3075991933176 81 604
0 31 0
10.4856310761597 60 406
16.2439669995003 61 435
0 31 0
0 31 0
0 31 0
3.90315602704291 56 300
0 31 0
0 31 0
0 31 0
0 31 0
0 31 0
0 31 0
0 31 0
20.8423977310198 87 757
16.2439669995003 61 435
0 31 0
0 31 0
0 31 0
0 31 0
0 31 0
0.129092013125127 34 3
0 31 0
0 31 0
0 31 0
0 31 0
0 31 0
0 31 0
0 31 0
0 31 0
0 31 0
0 31 0
0 31 0
0 31 0
0 31 0
16.2439669995003 61 435
0 31 0
0 31 0
0 31 0
0 31 0
0 31 0
0 31 0
0 31 0
0 31 0
0 31 0
0 31 0
0 31 0
16.2439669995003 61 435
32.7326155854453 90 841
0 31 0
0 31 0
16.2439669995003 61 435
0 31 0
0 31 0
0 31 0
4.10526894375763 66 309
0 31 0
0 31 0
0 31 0
0.878694602273357 45 91
22.6816829831445 86 729
0 31 0
0 31 0
0 31 0
0 31 0
0 31 0
0 31 0
0 31 0
0 31 0
0 31 0
16.2439669995003 61 435
1.26543641446695 48 136
16.2439669995003 61 435
3.28566850547172 55 276
0 31 0
0 31 0
0 31 0
0 31 0
16.2439669995003 61 435
16.2439669995003 61 435
0 31 0
27.9742593233485 106 921
0 31 0
0 31 0
0 31 0
0 31 0
0 31 0
0 31 0
16.2439669995003 61 435
5.87835248124307 58 351
0 31 0
15.0769924334024 76 484
0 31 0
11.6816153698639 88 610
0 31 0
16.2439669995003 61 435
0 31 0
0 31 0
2.42075431248526 53 231
0 31 0
4.72625565291268 57 325
0 31 0
16.2439669995003 61 435
0 31 0
0 31 0
0 31 0
0 31 0
0 31 0
0 31 0
0 31 0
49.3503990329934 129 1202
0 31 0
0 31 0
17.9043118981007 71 480
0 31 0
0 31 0
0 31 0
0 31 0
22.8720696313262 87 760
0 31 0
0 31 0
0 31 0
10.4856310761597 60 406
0 31 0
0 31 0
0.992623351658777 46 105
0.992623351658777 46 105
0 31 0
0 31 0
0 31 0
0 31 0
0 31 0
0.684454519143894 43 66
0 31 0
16.2439669995003 61 435
5.87835248124307 58 351
16.2439669995003 61 435
41.8448494515372 119 1039
0 31 0
0 31 0
0 31 0
0 31 0
0 31 0
0 31 0
0 31 0
0 31 0
0 31 0
0 31 0
0 31 0
0 31 0
0 31 0
0 31 0
0 31 0
0 31 0
0 31 0
0 31 0
0 31 0
0 31 0
16.2439669995003 61 435
0 31 0
0 31 0
0 31 0
0 31 0
5.87835248124307 58 351
10.4856310761597 60 406
0 31 0
0 31 0
0 31 0
0 31 0
23.2934173113357 78 499
0 31 0
0 31 0
0 31 0
0 31 0
0 31 0
16.2439669995003 61 435
0 31 0
0 31 0
0 31 0
0 31 0
0 31 0
3.28566850547172 55 276
0 31 0
7.60621449416304 59 378
0 31 0
0 31 0
32.7326155854453 90 841
0 31 0
0 31 0
0 31 0
3.72014813305922 49 73
0 31 0
0 31 0
0 31 0
16.2439669995003 61 435
0 31 0
0 31 0
0 31 0
0 31 0
0 31 0
0 31 0
0 31 0
0 31 0
0 31 0
7.60621449416304 59 378
0.0850481571310684 33 1
0 31 0
0 31 0
0 31 0
0 31 0
0 31 0
0 31 0
0 31 0
0 31 0
8.31791304166668 76 504
0 31 0
0 31 0
0 31 0
16.2439669995003 61 435
16.2439669995003 61 435
0 31 0
0 31 0
0 31 0
0.223836732525402 36 10
0 31 0
0 31 0
18.9438307970963 97 732
0 31 0
0 31 0
0 31 0
0 31 0
0 31 0
0.878694602273357 45 91
5.87835248124307 58 351
0 31 0
0 31 0
0 31 0
3.28566850547172 55 276
0 31 0
10.4856310761597 60 406
0 31 0
0 31 0
0 31 0
0.878694602273357 45 91
0 31 0
0 31 0
16.2439669995003 61 435
49.4644540358763 118 1219
0 31 0
0 31 0
0 31 0
0 31 0
0 31 0
0 31 0
0 31 0
1.12059379276059 47 120
0 31 0
2.42075431248526 53 231
0.684454519143894 43 66
0 31 0
0 31 0
55.0523087517045 152 1461
1.26543641446695 48 136
8.58083262493853 67 406
10.4856310761597 60 406
16.2439669995003 61 435
16.2439669995003 61 435
0 31 0
4.72625565291268 57 325
12.3110230843718 82 631
2.42075431248526 53 231
1.12059379276059 47 120
1.43078689218686 49 153
0 31 0
0 31 0
0 31 0
0 31 0
0 31 0
0 31 0
0 31 0
0 31 0
11.0288438892833 66 289
0.600891875394942 42 55
0 31 0
0 31 0
0 31 0
0 31 0
11.5630824798027 77 507
0 31 0
0 31 0
2.42075431248526 53 231
0 31 0
1.84359749727049 51 190
0 31 0
5.87835248124307 58 351
0 31 0
1.28045896302498 48 94
0 31 0
0 31 0
16.2439669995003 61 435
0 31 0
3.90315602704291 56 300
16.2439669995003 61 435
0.524683657836788 41 45
10.4856310761597 60 406
0 31 0
0 31 0
0 31 0
0 31 0
1.43078689218686 49 153
0 31 0
0 31 0
0 31 0
0 31 0
0 31 0
0 31 0
5.87835248124307 58 351
0 31 0
0 31 0
0 31 0
0 31 0
0 31 0
0 31 0
9.55027365200893 75 498
20.465476741676 84 688
0 31 0
0 31 0
0 31 0
0 31 0
16.2439669995003 61 435
0 31 0
0 31 0
26.2045298851875 88 784
0 31 0
0 31 0
0 31 0
0 31 0
7.60621449416304 59 378
49.4644540358763 118 1219
19.3821469450195 81 625
0 31 0
0 31 0
0 31 0
2.72638900236265 59 207
7.60621449416304 59 378
0 31 0
4.72625565291268 57 325
0 31 0
16.2439669995003 61 435
0 31 0
0 31 0
0 31 0
0 31 0
9.88336444214361 79 556
2.42075431248526 53 231
0 31 0
0 31 0
0 31 0
0 31 0
16.2439669995003 61 435
0 31 0
0 31 0
0 31 0
32.7326155854453 90 841
0 31 0
0 31 0
0 31 0
12.3110230843718 82 631
15.0769924334024 76 484
0.275593160787908 37 15
0 31 0
1.12059379276059 47 120
0 31 0
0 31 0
0 31 0
0 31 0
16.2439669995003 61 435
0 31 0
2.80524467713344 54 253
0 31 0
0 31 0
0 31 0
4.72625565291268 57 325
0 31 0
5.87835248124307 58 351
0 31 0
0 31 0
0 31 0
0 31 0
0 31 0
0 31 0
32.7326155854453 90 841
0 31 0
0 31 0
0 31 0
0 31 0
0 31 0
0.0850481571310684 33 1
0 31 0
5.87835248124307 58 351
2.4060209990812 43 31
0 31 0
10.4856310761597 60 406
0 31 0
5.66320278659922 66 361
0 31 0
0 31 0
16.2439669995003 61 435
16.2439669995003 61 435
10.4856310761597 60 406
0 31 0
0 31 0
0.0850481571310684 33 1
0 31 0
0 31 0
0 31 0
0 31 0
1.43078689218686 49 153
0 31 0
0 31 0
18.6399689118556 82 625
32.7326155854453 90 841
16.2439669995003 61 435
0 31 0
12.8093731080091 82 627
0 31 0
0 31 0
16.2439669995003 61 435
7.60621449416304 59 378
0 31 0
8.41039518900558 79 499
1.43078689218686 49 153
0 31 0
16.2439669995003 61 435
2.42075431248526 53 231
0 31 0
1.62139649126408 50 171
5.87835248124307 58 351
0 31 0
0 31 0
0 31 0
0 31 0
0 31 0
0 31 0
0 31 0
0 31 0
0 31 0
10.4856310761597 60 406
2.10602237599486 52 210
16.2439669995003 61 435
0 31 0
0 31 0
0 31 0
0 31 0
0 31 0
10.4856310761597 60 406
0 31 0
0 31 0
0 31 0
0 31 0
0 31 0
0 31 0
0 31 0
0 31 0
1.84359749727049 51 190
0 31 0
0 31 0
16.5863130936888 85 706
0 31 0
0 31 0
0 31 0
0 31 0
0 31 0
0 31 0
7.60621449416304 59 378
0 31 0
0 31 0
2.80524467713344 54 253
0 31 0
32.7326155854453 90 841
16.2439669995003 61 435
0 31 0
0 31 0
0 31 0
32.7326155854453 90 841
0 31 0
0 31 0
0 31 0
0 31 0
0 31 0
7.60621449416304 59 378
10.4856310761597 60 406
0 31 0
0 31 0
0 31 0
10.4856310761597 60 406
0 31 0
0 31 0
0 31 0
14.1548921529593 74 441
0 31 0
0 31 0
0 31 0
13.6076529116752 91 569
0 31 0
0 31 0
0 31 0
0 31 0
0 31 0
16.2439669995003 61 435
0 31 0
0 31 0
0 31 0
3.90315602704291 56 300
3.90315602704291 56 300
0 31 0
0 31 0
0 31 0
0 31 0
16.2439669995003 61 435
5.87835248124307 58 351
16.2439669995003 61 435
0 31 0
0 31 0
0 31 0
0 31 0
0 31 0
26.2045298851875 88 784
0 31 0
0 31 0
0 31 0
0 31 0
0 31 0
0 31 0
0 31 0
0 31 0
0 31 0
16.2439669995003 61 435
0 31 0
10.4856310761597 60 406
26.2045298851875 88 784
0 31 0
0 31 0
0 31 0
0 31 0
0 31 0
0 31 0
16.2439669995003 61 435
0 31 0
10.4856310761597 60 406
47.2322189895291 137 1218
0 31 0
0 31 0
0 31 0
3.28566850547172 55 276
0 31 0
0 31 0
0 31 0
0 31 0
16.2439669995003 61 435
0 31 0
0 31 0
0 31 0
0 31 0
0 31 0
0 31 0
0 31 0
0 31 0
5.87835248124307 58 351
16.2439669995003 61 435
0 31 0
0 31 0
2.72277904819019 54 127
0 31 0
0 31 0
32.7326155854453 90 841
16.2439669995003 61 435
0 31 0
0 31 0
0 31 0
0 31 0
0 31 0
0 31 0
0 31 0
7.27464948012405 70 363
0 31 0
0 31 0
15.5311480820488 84 682
3.28566850547172 55 276
0 31 0
0 31 0
0 31 0
0 31 0
0 31 0
0 31 0
0 31 0
0 31 0
4.72625565291268 57 325
0 31 0
4.72625565291268 57 325
0 31 0
0 31 0
0 31 0
0 31 0
0 31 0
5.87835248124307 58 351
0 31 0
0 31 0
0 31 0
16.2439669995003 61 435
0 31 0
0 31 0
12.6552918473203 88 580
0 31 0
0 31 0
0 31 0
4.72625565291268 57 325
0 31 0
0 31 0
0.524683657836788 41 45
0 31 0
3.90315602704291 56 300
0 31 0
0 31 0
0 31 0
0 31 0
0 31 0
0 31 0
0 31 0
0 31 0
16.2439669995003 61 435
0 31 0
0 31 0
0 31 0
0 31 0
0 31 0
16.2439669995003 61 435
0.275593160787908 37 15
0 31 0
0 31 0
4.72625565291268 57 325
0 31 0
0 31 0
0 31 0
0 31 0
0 31 0
0 31 0
0 31 0
22.8720696313262 87 760
0 31 0
0 31 0
0 31 0
16.2439669995003 61 435
0 31 0
0 31 0
0 31 0
0 31 0
0 31 0
21.797439216443 86 735
22.6816829831445 86 729
0 31 0
0 31 0
0 31 0
16.2439669995003 61 435
0 31 0
1.62139649126408 50 171
0 31 0
0 31 0
0 31 0
10.4856310761597 60 406
0 31 0
0 31 0
0 31 0
0 31 0
0 31 0
0 31 0
3.28566850547172 55 276
0 31 0
0 31 0
0 31 0
49.4644540358763 118 1219
0 31 0
16.2439669995003 61 435
0 31 0
0 31 0
0 31 0
0 31 0
7.52458373268489 65 273
0 31 0
3.85491767267163 64 268
0 31 0
0 31 0
10.4856310761597 60 406
0 31 0
0 31 0
4.72625565291268 57 325
16.2439669995003 61 435
17.2179656208057 64 438
0 31 0
0 31 0
0 31 0
14.1548921529593 74 441
0 31 0
0 31 0
0 31 0
0 31 0
0 31 0
0 31 0
0 31 0
3.7514376398899 54 123
0 31 0
0 31 0
0 31 0
18.1768389323792 86 731
0 31 0
0 31 0
0 31 0
0 31 0
0 31 0
0 31 0
16.2439669995003 61 435
5.87835248124307 58 351
0 31 0
29.0390989461904 109 991
0 31 0
0 31 0
35.055161688741 129 1169
20.8423977310198 87 757
26.2045298851875 88 784
0 31 0
0 31 0
0 31 0
0 31 0
0 31 0
2.10602237599486 52 210
0 31 0
0 31 0
0 31 0
1.84359749727049 51 190
0 31 0
0 31 0
0.992623351658777 46 105
7.60621449416304 59 378
10.4856310761597 60 406
0 31 0
3.35237421571285 42 25
0 31 0
0 31 0
0 31 0
0 31 0
0 31 0
7.06787339650819 54 121
0 31 0
5.23966437914599 70 381
0 31 0
0 31 0
0 31 0
10.4856310761597 60 406
0 31 0
0 31 0
0 31 0
22.6816829831445 86 729
7.60621449416304 59 378
0 31 0
0 31 0
0 31 0
10.4856310761597 60 406
0.330960353449114 38 21
0 31 0
3.74244827178508 59 282
0 31 0
0 31 0
16.2439669995003 61 435
0 31 0
0 31 0
0 31 0
0 31 0
0 31 0
0 31 0
20.3605626850197 84 676
32.7326155854453 90 841
0 31 0
17.3299578846832 65 441
0 31 0
0 31 0
2.80524467713344 54 253
0 31 0
1.26543641446695 48 136
0 31 0
0 31 0
17.4778118803515 85 703
0 31 0
0 31 0
2.80524467713344 54 253
0 31 0
0 31 0
0 31 0
12.3747044506794 75 511
0 31 0
4.72625565291268 57 325
0 31 0
0 31 0
10.4856310761597 60 406
3.90315602704291 56 300
0 31 0
0 31 0
0 31 0
0 31 0
32.7326155854453 90 841
7.60621449416304 59 378
0 31 0
3.9977953234237 62 297
20.8423977310198 87 757
0 31 0
0 31 0
0 31 0
0 31 0
0 31 0
0 31 0
16.2439669995003 61 435
0 31 0
0 31 0
0 31 0
0 31 0
3.28566850547172 55 276
0 31 0
0 31 0
0 31 0
16.2439669995003 61 435
16.2439669995003 61 435
0 31 0
0 31 0
0 31 0
16.2439669995003 61 435
0 31 0
0 31 0
0 31 0
0 31 0
0 31 0
0 31 0
17.2622158444163 80 576
0 31 0
12.557286956376 79 553
29.3158854686191 96 834
0 31 0
22.6816829831445 86 729
0 31 0
0 31 0
0 31 0
0 31 0
18.9337679089548 79 588
30.9009572510528 107 966
0 31 0
18.1768389323792 86 731
0 31 0
0 31 0
16.2439669995003 61 435
0 31 0
0 31 0
0 31 0
0 31 0
0 31 0
0 31 0
0 31 0
10.4856310761597 60 406
0 31 0
22.6816829831445 86 729
0 31 0
10.4856310761597 60 406
0 31 0
0 31 0
16.2439669995003 61 435
0 31 0
0 31 0
14.5512541066524 96 607
39.1073839218544 114 1117
0 31 0
0 31 0
0.524683657836788 41 45
0 31 0
0 31 0
10.4856310761597 60 406
3.28566850547172 55 276
0 31 0
16.2439669995003 61 435
0 31 0
16.2439669995003 61 435
0 31 0
0 31 0
0 31 0
0 31 0
0 31 0
0.330960353449114 38 21
0.175172587198373 35 6
0 31 0
0 31 0
0 31 0
0 31 0
0 31 0
16.2439669995003 61 435
16.2439669995003 61 435
0 31 0
0 31 0
0 31 0
0 31 0
0 31 0
0 31 0
0 31 0
0 31 0
3.33963103661851 58 175
10.4856310761597 60 406
0 31 0
0 31 0
19.9152559593372 85 628
6.0064214665403 59 183
16.2439669995003 61 435
0 31 0
0 31 0
0 31 0
3.90315602704291 56 300
0 31 0
0 31 0
0 31 0
0 31 0
0.878694602273357 45 91
0 31 0
16.2439669995003 61 435
0 31 0
0.600891875394942 42 55
4.72625565291268 57 325
0 31 0
0 31 0
0 31 0
0.330960353449114 38 21
0 31 0
4.72625565291268 57 325
0.992623351658777 46 105
16.2439669995003 61 435
0 31 0
16.2439669995003 61 435
16.2439669995003 61 435
0 31 0
0 31 0
0 31 0
10.4856310761597 60 406
0 31 0
0 31 0
0 31 0
0 31 0
4.02486931826884 62 231
0 31 0
16.2439669995003 61 435
0 31 0
0 31 0
0 31 0
0 31 0
32.7848722289547 115 847
0 31 0
28.1150047332506 108 970
0 31 0
0 31 0
0 31 0
0 31 0
0.600891875394942 42 55
0 31 0
16.2439669995003 61 435
1.26543641446695 48 136
0 31 0
0 31 0
0 31 0
0 31 0
0 31 0
10.4856310761597 60 406
27.2258825041911 89 813
2.42075431248526 53 231
0 31 0
0 31 0
20.3605626850197 84 676
0 31 0
0 31 0
0 31 0
0 31 0
0 31 0
0 31 0
0 31 0
0 31 0
16.2439669995003 61 435
0 31 0
0 31 0
0 31 0
0 31 0
0 31 0
0 31 0
0 31 0
60.4101292048769 143 1517
0 31 0
0 31 0
0.129092013125127 34 3
0 31 0
1.84359749727049 51 190
0 31 0
0 31 0
0 31 0
16.2439669995003 61 435
0 31 0
1.62139649126408 50 171
0 31 0
0 31 0
16.2439669995003 61 435
0 31 0
32.7326155854453 90 841
0 31 0
17.9043118981007 71 480
0 31 0
0 31 0
3.28566850547172 55 276
0.878694602273357 45 91
0 31 0
0 31 0
16.2439669995003 61 435
0 31 0
0.0850481571310684 33 1
0 31 0
16.2439669995003 61 435
16.2439669995003 61 435
0 31 0
0 31 0
0 31 0
0 31 0
0 31 0
0 31 0
18.1768389323792 86 731
10.4856310761597 60 406
0 31 0
0 31 0
0 31 0
0 31 0
0 31 0
16.2439669995003 61 435
0 31 0
0 31 0
0 31 0
0.524683657836788 41 45
0 31 0
0 31 0
0 31 0
8.07527550292192 67 307
0 31 0
0 31 0
0 31 0
0 31 0
0 31 0
0 31 0
14.780480133124 83 659
0.684454519143894 43 66
0 31 0
0 31 0
0 31 0
0 31 0
0.129092013125127 34 3
10.4856310761597 60 406
0.223836732525402 36 10
0 31 0
0 31 0
0 31 0
0 31 0
0 31 0
0 31 0
0 31 0
11.2686087786543 83 482
32.7326155854453 90 841
0 31 0
10.4856310761597 60 406
0 31 0
0 31 0
0 31 0
0 31 0
22.6816829831445 86 729
3.90315602704291 56 300
0 31 0
0 31 0
0.175172587198373 35 6
0 31 0
16.2439669995003 61 435
0 31 0
0 31 0
0 31 0
16.2439669995003 61 435
0 31 0
0 31 0
0 31 0
22.6816829831445 86 729
1.43078689218686 49 153
11.0646487700909 87 511
16.2439669995003 61 435
0 31 0
2.61784292032658 58 189
11.9138325617585 75 415
0 31 0
16.2439669995003 61 435
4.72625565291268 57 325
0 31 0
0 31 0
0 31 0
0 31 0
16.2439669995003 61 435
0 31 0
0 31 0
0 31 0
0 31 0
0 31 0
0 31 0
0 31 0
0 31 0
0 31 0
17.3668288169601 94 727
0 31 0
0 31 0
0 31 0
0 31 0
0 31 0
10.4856310761597 60 406
0 31 0
0 31 0
0 31 0
0 31 0
0 31 0
0 31 0
0 31 0
0.223836732525402 36 10
0 31 0
0 31 0
0 31 0
0 31 0
16.2439669995003 61 435
0 31 0
0 31 0
0 31 0
0 31 0
0 31 0
0 31 0
0 31 0
16.2439669995003 61 435
16.2439669995003 61 435
0 31 0
0 31 0
0 31 0
0 31 0
5.87835248124307 58 351
0 31 0
0 31 0
0 31 0
16.2439669995003 61 435
0 31 0
24.4962380254387 88 786
1.84359749727049 51 190
2.80524467713344 54 253
4.72625565291268 57 325
0 31 0
0 31 0
0 31 0
0 31 0
0.275593160787908 37 15
0.223836732525402 36 10
0 31 0
0 31 0
0 31 0
32.7326155854453 90 841
22.8720696313262 87 760
0 31 0
34.6311641275856 108 964
0 31 0
0 31 0
16.2439669995003 61 435
0.776569709609656 44 78
7.60621449416304 59 378
32.7326155854453 90 841
1.62139649126408 50 171
0 31 0
1.84359749727049 51 190
0 31 0
0 31 0
0 31 0
0 31 0
0 31 0
10.4856310761597 60 406
0 31 0
0 31 0
0 31 0
4.72625565291268 57 325
0 31 0
22.6816829831445 86 729
0 31 0
0 31 0
13.7666187519917 81 601
10.4856310761597 60 406
16.2439669995003 61 435
0 31 0
0 31 0
0 31 0
0 31 0
3.28566850547172 55 276
4.72625565291268 57 325
0 31 0
1.62139649126408 50 171
0 31 0
0 31 0
0 31 0
0 31 0
0 31 0
16.2439669995003 61 435
0 31 0
0 31 0
0 31 0
16.2439669995003 61 435
0 31 0
16.2439669995003 61 435
0 31 0
5.87835248124307 58 351
0 31 0
0 31 0
0 31 0
0 31 0
0.390497952733371 39 28
0 31 0
0 31 0
0 31 0
2.80524467713344 54 253
3.28566850547172 55 276
7.60621449416304 59 378
0 31 0
0 31 0
0 31 0
18.7748250281114 86 479
0 31 0
0 31 0
0 31 0
0 31 0
0 31 0
0 31 0
0 31 0
0 31 0
0 31 0
0 31 0
0 31 0
0 31 0
0 31 0
0 31 0
0 31 0
2.80524467713344 54 253
16.2439669995003 61 435
3.28566850547172 55 276
0 31 0
0 31 0
32.7326155854453 90 841
0.992623351658777 46 105
0.454832616162368 40 36
0 31 0
16.2439669995003 61 435
0 31 0
0 31 0
0 31 0
0 31 0
16.2439669995003 61 435
0.0850481571310684 33 1
8.33887164109815 58 169
0 31 0
0.992623351658777 46 105
0 31 0
0.684454519143894 43 66
0 31 0
0 31 0
10.4856310761597 60 406
0 31 0
8.78905186575594 76 408
0 31 0
0 31 0
0 31 0
11.5038332272109 88 534
0 31 0
7.60621449416304 59 378
0 31 0
0 31 0
11.9045458884284 82 421
0 31 0
0 31 0
0 31 0
0 31 0
0 31 0
0 31 0
0 31 0
0 31 0
0 31 0
0 31 0
3.90315602704291 56 300
0 31 0
0.684454519143894 43 66
0.390497952733371 39 28
0 31 0
10.4856310761597 60 406
0 31 0
0 31 0
0 31 0
0 31 0
0 31 0
0 31 0
0 31 0
0.84086726940633 39 16
0 31 0
0 31 0
0 31 0
1.12059379276059 47 120
16.2439669995003 61 435
0 31 0
3.90315602704291 56 300
7.60621449416304 59 378
0 31 0
0 31 0
0 31 0
2.80524467713344 54 253
0 31 0
0 31 0
1.84359749727049 51 190
0 31 0
0 31 0
0 31 0
0 31 0
16.2439669995003 61 435
0 31 0
10.4856310761597 60 406
0 31 0
0 31 0
0 31 0
0 31 0
0 31 0
0 31 0
7.60621449416304 59 378
0 31 0
2.42075431248526 53 231
10.4856310761597 60 406
0 31 0
3.90315602704291 56 300
0 31 0
16.2439669995003 61 435
0 31 0
0 31 0
0 31 0
0 31 0
17.2622158444163 80 576
0 31 0
7.60621449416304 59 378
0 31 0
0 31 0
0 31 0
0 31 0
0 31 0
10.4856310761597 60 406
7.94547921162816 75 466
7.60621449416304 59 378
0 31 0
1.61859470571297 42 27
10.4856310761597 60 406
16.2439669995003 61 435
0 31 0
0 31 0
0 31 0
0 31 0
0 31 0
27.6891855935177 107 945
13.6399146367614 70 427
1.43078689218686 49 153
0 31 0
37.0539947922233 114 1109
7.60621449416304 59 378
0 31 0
16.2439669995003 61 435
0 31 0
0 31 0
0 31 0
1.84359749727049 51 190
0 31 0
0 31 0
0 31 0
0 31 0
0 31 0
0 31 0
0 31 0
0 31 0
2.42075431248526 53 231
0.776569709609656 44 78
0 31 0
1.43078689218686 49 153
7.60621449416304 59 378
0 31 0
0 31 0
0 31 0
16.2439669995003 61 435
16.2439669995003 61 435
0 31 0
5.87835248124307 58 351
0 31 0
0 31 0
32.7326155854453 90 841
10.4856310761597 60 406
14.8872542050388 84 678
0 31 0
0 31 0
0 31 0
10.4856310761597 60 406
22.6816829831445 86 729
10.4856310761597 60 406
0.454832616162368 40 36
9.13938029392198 71 313
37.3434737514543 133 1103
0 31 0
0 31 0
0 31 0
0 31 0
16.2439669995003 61 435
0 31 0
0 31 0
0 31 0
0 31 0
0 31 0
3.90315602704291 56 300
0 31 0
0 31 0
0 31 0
0 31 0
0 31 0
0 31 0
0 31 0
0 31 0
0 31 0
0 31 0
0 31 0
0 31 0
0 31 0
0 31 0
0 31 0
0 31 0
0 31 0
0 31 0
0 31 0
0 31 0
0 31 0
5.87835248124307 58 351
16.2439669995003 61 435
16.2439669995003 61 435
0 31 0
0 31 0
0 31 0
27.2258825041911 89 813
0 31 0
4.72625565291268 57 325
0 31 0
0 31 0
27.4577882932628 105 698
0 31 0
0 31 0
0 31 0
0 31 0
0 31 0
0 31 0
0 31 0
0 31 0
10.4856310761597 60 406
0 31 0
0 31 0
0 31 0
4.72625565291268 57 325
0 31 0
0 31 0
0 31 0
0 31 0
0 31 0
13.0973459958229 71 251
0 31 0
0 31 0
0 31 0
0 31 0
0 31 0
0 31 0
0 31 0
0 31 0
0 31 0
0 31 0
16.2439669995003 61 435
0 31 0
5.87835248124307 58 351
0 31 0
0 31 0
16.2439669995003 61 435
28.1360605921079 106 939
0 31 0
16.2439669995003 61 435
1.43078689218686 49 153
0 31 0
0 31 0
0 31 0
0 31 0
0 31 0
0 31 0
1.62139649126408 50 171
0 31 0
0 31 0
0 31 0
0 31 0
16.2439669995003 61 435
12.3110230843718 82 631
0 31 0
0 31 0
0 31 0
7.60621449416304 59 378
1.73692528324864 52 130
0 31 0
0 31 0
0 31 0
10.4856310761597 60 406
16.2439669995003 61 435
0 31 0
0 31 0
0 31 0
66.4378589542269 145 1570
26.2045298851875 88 784
3.90315602704291 56 300
7.81784327042357 74 471
0 31 0
0 31 0
0 31 0
0 31 0
22.6816829831445 86 729
0 31 0
0 31 0
4.72625565291268 57 325
0 31 0
0 31 0
0 31 0
16.2439669995003 61 435
0 31 0
16.2439669995003 61 435
0 31 0
10.4856310761597 60 406
0 31 0
10.4856310761597 60 406
2.10602237599486 52 210
0 31 0
3.90315602704291 56 300
0 31 0
0 31 0
0 31 0
3.28566850547172 55 276
0.684454519143894 43 66
0 31 0
7.60621449416304 59 378
0 31 0
0 31 0
0 31 0
9.96177915872426 57 104
1.84359749727049 51 190
0 31 0
21.0347281605399 85 711
16.2439669995003 61 435
16.2439669995003 61 435
0 31 0
16.2439669995003 61 435
16.2439669995003 61 435
0 31 0
0 31 0
0 31 0
0 31 0
0 31 0
0 31 0
0 31 0
2.42075431248526 53 231
0 31 0
0 31 0
2.42075431248526 53 231
30.2923831211261 108 952
16.2439669995003 61 435
0 31 0
4.72625565291268 57 325
16.2439669995003 61 435
0 31 0
