"COLLES.MDM.LN" "SACKIN" "COPHENETIC"
0.17826992288708 26 3
0 23 0
0 23 0
12.1037715624263 45 231
12.1037715624263 45 231
12.6206767146832 61 343
10.7169812188908 60 326
0 23 0
5.53079249181148 43 190
0 23 0
23.2602095101616 61 260
0 23 0
0 23 0
0 23 0
0 23 0
3.89886460468633 42 67
12.1037715624263 45 231
0.245241622077722 27 6
12.1037715624263 45 231
45.831680361671 113 603
32.1022439671684 84 592
98.6883386776063 167 1125
0 23 0
0 23 0
3.15901872676908 43 94
12.5886252689958 63 199
0 23 0
0 23 0
0 23 0
0 23 0
12.1037715624263 45 231
0.970671491022599 34 55
7.7220820453145 44 210
0 23 0
0 23 0
38.0124828117795 94 466
0 23 0
5.53079249181148 43 190
3.33850274843601 41 153
7.7220820453145 44 210
0 23 0
44.1234946366298 102 745
0 23 0
0.17826992288708 26 3
7.7220820453145 44 210
0 23 0
15.2999923844982 63 381
14.205470665027 56 286
32.3884362811511 89 582
26.2171800123985 82 436
0 23 0
24.4419684929095 66 441
0.697410011448965 32 36
0.245241622077722 27 6
7.7220820453145 44 210
27.7584149301209 88 554
0 23 0
0 23 0
29.4047703694963 82 555
0 23 0
9.04924179618711 58 291
19.7165429560978 67 405
12.002505436836 66 250
15.5857198141905 68 287
0 23 0
0 23 0
12.1037715624263 45 231
0 23 0
0.398079010026978 29 15
32.1022439671684 84 592
0.970671491022599 34 55
49.9393273822534 111 757
20.3078091630193 65 421
5.53079249181148 43 190
52.7751138832943 107 700
0.824502890886381 33 45
36.1204474664254 105 661
0 23 0
19.2864565440156 64 400
7.7220820453145 44 210
36.0902831293006 97 656
21.2899602503171 71 361
0 23 0
24.0605412361124 80 522
24.6784682012204 73 352
2.24118758552117 39 120
9.94913448211049 52 196
19.8502836797753 67 371
36.1737733028374 91 627
12.1037715624263 45 231
7.7220820453145 44 210
0 23 0
57.3892401713896 120 901
0.48670640213105 30 21
43.3727059012648 102 751
13.373059233189 50 241
15.6631120007942 61 351
5.53079249181148 43 190
21.5119136701789 86 492
24.4419684929095 66 441
0 23 0
49.3311102112866 111 745
2.24118758552117 39 120
0 23 0
31.736032365703 90 523
9.57917325242268 59 310
12.1037715624263 45 231
18.5260041026853 68 354
0 23 0
18.261032010602 64 402
0 23 0
0 23 0
14.0368586676817 55 276
12.1037715624263 45 231
0.17826992288708 26 3
0 23 0
42.8050966324547 102 518
0 23 0
12.1037715624263 45 231
0 23 0
43.245318708431 110 734
0 23 0
6.1659499378307 48 119
0 23 0
20.3521221018984 79 310
0 23 0
5.48086847143598 40 64
7.7220820453145 44 210
24.4419684929095 66 441
2.59835152577854 41 121
10.865553700616 54 225
0 23 0
2.19517445828023 36 38
0.318083777799256 28 10
21.20578310941 69 410
20.793017251824 65 292
0 23 0
0 23 0
24.4419684929095 66 441
12.1037715624263 45 231
2.71164945957204 40 136
24.4419684929095 66 441
31.0808913481647 83 571
0 23 0
12.1037715624263 45 231
47.9568845978719 115 815
0 23 0
2.59025177854124 35 31
12.0762259485387 58 253
0 23 0
2.24118758552117 39 120
12.1037715624263 45 231
0 23 0
0 23 0
0 23 0
0 23 0
12.1037715624263 45 231
20.3078091630193 65 421
25.4333791010229 86 517
27.0898932384327 69 298
1.34134768023486 36 78
12.1123042763685 66 293
0 23 0
24.4419684929095 66 441
13.3669567381363 69 271
0 23 0
0.697410011448965 32 36
0 23 0
6.71359873270276 55 249
42.8689538495972 110 678
0 23 0
7.7220820453145 44 210
20.6452735062037 69 376
0 23 0
0 23 0
11.8905996846706 56 256
0 23 0
13.734277266542 62 271
0 23 0
0 23 0
5.53079249181148 43 190
0 23 0
0 23 0
24.4419684929095 66 441
4.2156308772866 42 171
0 23 0
3.33850274843601 41 153
20.3078091630193 65 421
0 23 0
0 23 0
0 23 0
11.9858146056177 55 157
0 23 0
24.4419684929095 66 441
12.9803427922679 47 232
0 23 0
2.71164945957204 40 136
1.58165028409204 37 91
22.9677178919325 77 346
24.4419684929095 66 441
0 23 0
0 23 0
22.449071195564 72 280
32.1022439671684 84 592
5.53079249181148 43 190
26.0884672720199 80 382
15.6631120007942 61 351
12.1037715624263 45 231
4.20988377798788 32 10
12.1037715624263 45 231
0.970671491022599 34 55
8.32095747296712 48 144
10.4415244108 47 85
0 23 0
14.7303095763784 68 322
27.4468257069695 83 435
0 23 0
12.1037715624263 45 231
41.6468589401068 102 748
18.16769008878 81 421
15.6761979545195 71 364
0 23 0
23.1840407250296 72 400
0 23 0
4.2156308772866 42 171
3.33850274843601 41 153
0 23 0
0 23 0
5.53079249181148 43 190
37.9048381715948 99 691
24.0741940750435 74 427
0 23 0
1.34134768023486 36 78
4.87341865274192 46 177
10.075892004198 41 34
7.7220820453145 44 210
0 23 0
0 23 0
12.1037715624263 45 231
0 23 0
4.81359526499892 38 49
43.1021420176262 101 724
4.2156308772866 42 171
7.23246881110128 56 262
0 23 0
0 23 0
0 23 0
45.0054668139586 104 525
5.92216721948374 53 214
23.0439547264743 74 409
9.94913448211049 52 196
0 23 0
43.1579659479377 101 605
1.34134768023486 36 78
65.0830328821084 137 905
0 23 0
37.011922021767 86 631
4.2156308772866 42 171
14.6244149257547 58 309
4.2156308772866 42 171
0 23 0
0 23 0
0 23 0
12.1037715624263 45 231
7.7220820453145 44 210
7.7220820453145 44 210
0 23 0
28.8349848825644 81 546
20.3078091630193 65 421
18.0340235170102 65 170
42.2224349924663 100 722
17.4027722769716 62 256
14.6244149257547 58 309
16.4464769683078 62 361
57.8053755642861 121 922
12.1037715624263 45 231
0.398079010026978 29 15
37.011922021767 86 631
0 23 0
4.2156308772866 42 171
0 23 0
3.33850274843601 41 153
27.8748612698559 82 471
12.1037715624263 45 231
12.1037715624263 45 231
0 23 0
18.211055500912 70 347
17.7164540104459 64 362
0 23 0
0 23 0
7.7220820453145 44 210
1.34134768023486 36 78
38.0476655804887 105 639
0 23 0
12.7988131009716 61 232
12.1037715624263 45 231
27.6603383402167 77 496
38.0695520473098 101 497
9.04924179618711 58 291
0 23 0
19.7952020223227 69 364
0 23 0
0 23 0
2.18658984504238 30 9
24.4419684929095 66 441
5.53079249181148 43 190
0 23 0
12.1037715624263 45 231
0 23 0
7.7220820453145 44 210
17.0200351202787 75 437
0 23 0
0 23 0
0 23 0
0 23 0
34.3976829574341 95 625
10.6902507078273 64 282
0 23 0
24.9134687460155 81 484
0 23 0
51.067902679346 116 830
0.824502890886381 33 45
0 23 0
12.1037715624263 45 231
0 23 0
0 23 0
0 23 0
0 23 0
0 23 0
0 23 0
14.6244149257547 58 309
3.44120181695064 42 83
20.3144513697857 77 360
0 23 0
1.14075753190649 35 66
14.1470195403343 63 251
5.53079249181148 43 190
0 23 0
25.7346969831764 76 380
50.8983493373165 115 728
0 23 0
22.5460415472039 74 346
0 23 0
0.115974759724184 25 1
12.1037715624263 45 231
0 23 0
0 23 0
0 23 0
55.8371203203594 121 672
0 23 0
24.4419684929095 66 441
0 23 0
0 23 0
9.37263032446318 54 255
12.1037715624263 45 231
0 23 0
0 23 0
0 23 0
15.4811733354064 75 364
8.82243761937107 58 295
7.7220820453145 44 210
2.89649977855274 37 40
14.506627191825 65 280
60.157150405881 132 905
24.4419684929095 66 441
44.1234946366298 102 745
1.58165028409204 37 91
0 23 0
32.8279298483146 81 490
69.6098913213 136 1027
0 23 0
0 23 0
0.824502890886381 33 45
33.123596586172 85 612
0 23 0
0 23 0
15.2999923844982 63 381
12.1037715624263 45 231
42.5875665706931 101 730
9.06557629733575 52 238
24.4419684929095 66 441
42.5875665706931 101 730
11.8905996846706 56 256
7.7220820453145 44 210
8.32095747296712 48 144
0 23 0
18.4334359115617 71 379
5.53079249181148 43 190
4.06727131954139 47 136
0 23 0
7.7220820453145 44 210
0 23 0
4.2156308772866 42 171
0 23 0
0 23 0
36.7435771296082 94 648
16.4850838982762 72 393
0 23 0
36.6689736405874 98 685
6.82036912184525 56 232
12.1037715624263 45 231
23.0439547264743 74 409
56.3678875523859 119 881
5.53079249181148 43 190
0 23 0
0 23 0
7.7220820453145 44 210
2.24118758552117 39 120
0 23 0
0 23 0
27.5902153272021 80 514
4.84366291411935 41 52
0.245241622077722 27 6
1.96472414744299 39 65
0 23 0
5.53079249181148 43 190
5.53079249181148 43 190
0.245241622077722 27 6
9.58869507218947 57 273
12.3838962420643 64 274
14.205470665027 56 286
20.2541263297068 78 483
14.6244149257547 58 309
8.32095747296712 48 144
0 23 0
0 23 0
55.3160896786393 120 665
2.19517445828023 36 38
0 23 0
0 23 0
0 23 0
36.0902831293006 97 656
12.1380219084642 61 346
37.972464947978 104 657
2.24118758552117 39 120
7.7220820453145 44 210
12.1037715624263 45 231
27.7365680551677 94 522
12.1037715624263 45 231
2.71164945957204 40 136
24.4419684929095 66 441
12.1037715624263 45 231
0 23 0
10.8722249918614 59 307
30.097169595557 83 577
12.1037715624263 45 231
0 23 0
14.4785239434243 63 249
19.4128960586564 73 406
22.8687971668025 74 457
19.2864565440156 64 400
12.1037715624263 45 231
0.17826992288708 26 3
7.57354586641571 46 121
0 23 0
0 23 0
36.3692804115281 91 511
0 23 0
2.24118758552117 39 120
0 23 0
24.4419684929095 66 441
0.48670640213105 30 21
12.1037715624263 45 231
48.3894395820898 106 768
12.1037715624263 45 231
19.2956236626575 61 170
33.123596586172 85 612
35.8381850623452 93 580
25.5011836743607 81 536
1.34134768023486 36 78
14.6244149257547 58 309
7.7220820453145 44 210
0 23 0
19.2864565440156 64 400
0 23 0
12.1037715624263 45 231
12.1037715624263 45 231
32.1022439671684 84 592
0 23 0
33.9186423710847 93 576
13.373059233189 50 241
12.1037715624263 45 231
4.90703852830827 48 146
0 23 0
0 23 0
0 23 0
0 23 0
61.6976798918624 130 842
7.7220820453145 44 210
12.1037715624263 45 231
28.6832791964178 85 492
13.4949796211265 51 246
0 23 0
31.0808913481647 83 571
19.9516849652598 81 434
61.4050833132849 129 845
12.1037715624263 45 231
57.4117515774751 129 771
21.4652562451384 76 440
19.2864565440156 64 400
68.2508856851539 139 857
0 23 0
12.1037715624263 45 231
12.1037715624263 45 231
12.1037715624263 45 231
24.4419684929095 66 441
12.1037715624263 45 231
0 23 0
19.2864565440156 64 400
0 23 0
3.33850274843601 41 153
12.1037715624263 45 231
0 23 0
12.1037715624263 45 231
42.1477608428654 105 676
0 23 0
8.24896514233339 55 224
0 23 0
12.1037715624263 45 231
14.5636123834727 67 275
0 23 0
0 23 0
9.06557629733575 52 238
0 23 0
34.6353882055501 92 401
27.9188338336155 83 475
12.1037715624263 45 231
14.2618907215282 68 319
24.4419684929095 66 441
0 23 0
14.0368586676817 55 276
23.6866286320665 79 499
0 23 0
4.2156308772866 42 171
0 23 0
0 23 0
0 23 0
12.1037715624263 45 231
12.1037715624263 45 231
8.91472770177603 49 124
7.7220820453145 44 210
18.8276613813775 78 381
7.7220820453145 44 210
24.4419684929095 66 441
12.1037715624263 45 231
0.17826992288708 26 3
24.4419684929095 66 441
13.553420425142 61 266
31.6793754878312 84 466
0 23 0
0 23 0
0.697410011448965 32 36
16.7307869579145 67 331
2.71164945957204 40 136
0.824502890886381 33 45
27.7640815969618 69 171
26.0959498473574 85 464
1.87495521979991 38 105
0 23 0
25.0393737319725 81 470
7.7220820453145 44 210
19.2864565440156 64 400
26.5225362933644 82 557
26.5225362933644 82 557
12.1037715624263 45 231
1.14075753190649 35 66
10.7169812188908 60 326
31.0808913481647 83 571
3.15901872676908 43 94
24.4419684929095 66 441
10.9176860486547 59 289
0 23 0
0 23 0
0.48670640213105 30 21
0 23 0
12.1037715624263 45 231
13.0796049303249 58 289
0 23 0
12.1037715624263 45 231
38.9584564861046 97 650
19.2864565440156 64 400
12.1037715624263 45 231
10.7935253159803 59 315
12.1037715624263 45 231
16.6103006635777 54 247
7.7220820453145 44 210
0 23 0
0 23 0
2.84485186053967 32 16
24.4419684929095 66 441
4.2156308772866 42 171
5.61610087692875 53 219
9.1538480438626 50 127
17.3156776255433 56 256
7.55857018119508 55 256
0 23 0
0 23 0
62.8347647962003 123 955
16.8509395244866 75 434
0 23 0
12.1037715624263 45 231
27.5902153272021 80 514
12.1037715624263 45 231
19.2864565440156 64 400
39.5421583340377 97 666
0 23 0
6.01805695359385 53 226
31.1160282917388 91 551
36.2485048719372 89 395
49.9393273822534 111 757
32.8279298483146 81 490
10.865553700616 54 225
0 23 0
7.7220820453145 44 210
22.4966920760296 76 466
0 23 0
9.57130950698036 61 231
28.1311219537932 79 519
21.2875083722932 85 496
37.011922021767 86 631
0 23 0
11.3532244022466 60 330
24.7822729342267 79 371
24.4419684929095 66 441
0.697410011448965 32 36
12.1037715624263 45 231
0 23 0
40.8611989549583 99 697
0 23 0
0 23 0
31.3711525957065 94 611
4.2156308772866 42 171
6.71359873270276 55 249
0 23 0
52.8466974075975 122 764
12.1037715624263 45 231
10.7935253159803 59 315
26.2014250310618 78 487
12.1037715624263 45 231
27.5902153272021 80 514
23.6857067343271 77 392
0 23 0
0 23 0
12.1380219084642 61 346
40.5631387515642 101 556
0 23 0
11.4975139318055 59 221
15.0552111516481 72 382
71.3053239673933 143 1014
10.075892004198 41 34
16.7557606502491 68 352
5.53079249181148 43 190
0 23 0
0 23 0
0 23 0
0 23 0
12.1037715624263 45 231
32.6210902882986 90 589
6.7365393468215 38 31
17.3529184467702 72 386
32.1022439671684 84 592
11.3532244022466 60 330
43.3727059012648 102 751
3.33850274843601 41 153
0 23 0
7.7220820453145 44 210
3.33850274843601 41 153
8.5844403352543 48 216
0 23 0
6.37099760172542 48 200
12.1037715624263 45 231
18.261032010602 64 402
0 23 0
37.1946445202206 96 667
0 23 0
0 23 0
0 23 0
12.1037715624263 45 231
37.011922021767 86 631
24.4419684929095 66 441
0 23 0
12.1037715624263 45 231
0 23 0
7.7220820453145 44 210
9.58869507218947 57 273
12.1037715624263 45 231
20.0690309739008 75 331
32.1022439671684 84 592
0 23 0
0 23 0
12.1037715624263 45 231
7.7220820453145 44 210
12.1037715624263 45 231
0 23 0
19.2864565440156 64 400
0 23 0
7.7220820453145 44 210
65.9807812367116 132 955
0 23 0
0 23 0
37.011922021767 86 631
10.7498998016323 61 263
0 23 0
25.5011836743607 81 536
17.9992417713331 66 331
37.011922021767 86 631
24.4419684929095 66 441
57.3892401713896 120 901
7.7220820453145 44 210
0 23 0
17.7665954405038 67 345
12.1037715624263 45 231
0 23 0
0.245241622077722 27 6
23.6866286320665 79 499
0 23 0
0 23 0
40.7105217259244 98 528
22.4818092559919 83 433
3.49929791643281 34 25
7.7220820453145 44 210
24.4419684929095 66 441
0 23 0
24.4419684929095 66 441
3.25414960611143 46 133
24.0089541990425 79 497
12.1037715624263 45 231
7.84855414784208 56 258
0 23 0
0 23 0
20.5103887513576 76 452
0 23 0
5.53079249181148 43 190
10.7749397230319 55 237
3.44120181695064 42 83
28.4412389186024 80 532
0 23 0
24.4419684929095 66 441
3.78678140113373 48 156
9.66739804576071 48 73
0 23 0
1.40478849373784 36 48
7.7220820453145 44 210
38.8390467063492 102 598
0 23 0
12.1037715624263 45 231
5.53079249181148 43 190
0 23 0
1.87495521979991 38 105
0 23 0
2.24118758552117 39 120
0 23 0
0 23 0
0.970671491022599 34 55
0 23 0
12.1037715624263 45 231
35.6194062729861 96 634
6.48769960170358 49 205
19.2052566146337 77 472
61.0594980723266 124 885
0 23 0
0 23 0
46.1661998746372 104 784
22.4106753317088 83 493
14.3983726451656 57 297
0 23 0
12.1037715624263 45 231
2.24118758552117 39 120
0 23 0
1.87495521979991 38 105
19.2864565440156 64 400
0 23 0
0 23 0
0 23 0
32.1022439671684 84 592
0.115974759724184 25 1
0 23 0
0 23 0
15.232598544175 60 336
0 23 0
0 23 0
15.8637127105452 67 245
0 23 0
5.92216721948374 53 214
0.17826992288708 26 3
0 23 0
37.011922021767 86 631
34.1532386598349 94 609
23.599607038156 85 460
5.53079249181148 43 190
0 23 0
27.3397244608866 82 553
0 23 0
32.8050212076993 79 361
19.2864565440156 64 400
26.0943624630221 89 532
17.44899058483 74 314
0 23 0
2.24118758552117 39 120
0 23 0
1.21296492036546 35 46
0 23 0
0 23 0
5.48086847143598 40 64
26.7322942590676 77 340
40.3648906209577 92 646
54.6480203729555 125 839
60.7050014476891 129 895
0 23 0
32.3546889859746 91 563
14.8962157108742 59 322
3.33850274843601 41 153
12.1037715624263 45 231
13.571910940384 66 356
28.3610770798903 83 574
0 23 0
0 23 0
0 23 0
0.245241622077722 27 6
10.8294998389216 55 179
24.4419684929095 66 441
0 23 0
53.1081038997545 123 821
7.95855714691686 57 276
27.6958146241138 94 499
20.3078091630193 65 421
0 23 0
0 23 0
28.8745867409876 87 532
29.1040899469992 92 577
0 23 0
7.7220820453145 44 210
45.1448472556335 103 765
16.4464769683078 62 361
0 23 0
20.3078091630193 65 421
5.53079249181148 43 190
20.9925647451229 78 338
33.9956019148072 90 441
0 23 0
14.5320004862176 60 324
57.830484552635 128 881
29.0347840728337 91 586
0 23 0
3.33850274843601 41 153
37.011922021767 86 631
0.318083777799256 28 10
20.3078091630193 65 421
12.1037715624263 45 231
39.4058522853368 88 632
0 23 0
12.1037715624263 45 231
12.1037715624263 45 231
0 23 0
0 23 0
13.8860515185942 54 267
28.1311219537932 79 519
8.32095747296712 48 144
20.9379806781809 80 415
0 23 0
24.4419684929095 66 441
1.34134768023486 36 78
4.2156308772866 42 171
6.16004614912913 42 81
35.5812753322885 89 458
1.87495521979991 38 105
0 23 0
0 23 0
0 23 0
0 23 0
0 23 0
6.52544947293933 55 171
18.6415581190837 69 388
0 23 0
62.8347647962003 123 955
0 23 0
37.8323338982836 98 690
10.7169812188908 60 326
0 23 0
47.0773493413064 111 602
12.9610959843543 70 361
24.4419684929095 66 441
0 23 0
0 23 0
0.318083777799256 28 10
0 23 0
12.1037715624263 45 231
5.53079249181148 43 190
0 23 0
17.0435074325242 63 384
0 23 0
0 23 0
17.0435074325242 63 384
12.1037715624263 45 231
0 23 0
33.7753471141549 99 501
35.2320693588221 98 673
0 23 0
0 23 0
0.585746929100057 31 28
0 23 0
45.7904854944265 112 677
0 23 0
0 23 0
0 23 0
8.6972180637802 49 220
0 23 0
0 23 0
5.53079249181148 43 190
55.9908205219919 119 887
12.1037715624263 45 231
12.1037715624263 45 231
1.64195981606521 31 13
42.9982742769712 98 402
12.1037715624263 45 231
35.6194062729861 96 634
37.011922021767 86 631
3.33850274843601 41 153
0 23 0
5.53079249181148 43 190
26.7300532399907 81 354
20.3078091630193 65 421
42.1960033675151 107 715
12.1037715624263 45 231
26.318371841883 81 534
17.2772663970206 61 140
12.1037715624263 45 231
12.1037715624263 45 231
19.7071492314845 68 316
4.4307359644812 50 181
0 23 0
0 23 0
15.2999923844982 63 381
0 23 0
6.62651377021024 54 157
5.53079249181148 43 190
18.068099274445 63 304
0 23 0
2.97021791831512 44 130
0 23 0
0 23 0
5.53079249181148 43 190
0 23 0
0 23 0
0 23 0
0 23 0
0 23 0
2.71164945957204 40 136
19.3138788627754 73 422
0 23 0
19.2253996212889 66 355
12.1037715624263 45 231
13.249642489865 49 237
4.40431574191609 38 34
55.1533131553606 120 904
0 23 0
0 23 0
38.0359783233313 104 551
47.2520259894306 112 705
0 23 0
2.24118758552117 39 120
0 23 0
0 23 0
2.1719412839326 41 88
5.53079249181148 43 190
16.4464769683078 62 361
10.6143514639269 54 175
12.1037715624263 45 231
7.7220820453145 44 210
0 23 0
0.17826992288708 26 3
0 23 0
0 23 0
101.926260765274 162 1047
0 23 0
0 23 0
24.4419684929095 66 441
18.5184640184169 81 390
0 23 0
19.2703072381954 79 416
1.34134768023486 36 78
0 23 0
0 23 0
12.1037715624263 45 231
0 23 0
2.71164945957204 40 136
12.1037715624263 45 231
28.8349848825644 81 546
12.1037715624263 45 231
49.5268539977471 110 646
0 23 0
0 23 0
12.1037715624263 45 231
19.7071492314845 68 316
7.71718901633379 53 211
0 23 0
0 23 0
24.4419684929095 66 441
42.4754229039737 108 673
0.245241622077722 27 6
12.1037715624263 45 231
0 23 0
0 23 0
0 23 0
0 23 0
5.8497933423112 50 121
12.1037715624263 45 231
0 23 0
9.97558660495631 50 217
70.3641830521085 140 933
41.498951089763 105 691
7.7220820453145 44 210
1.58165028409204 37 91
18.2591244276971 71 360
15.4120742001566 58 279
0 23 0
0 23 0
37.011922021767 86 631
2.71164945957204 40 136
16.3790349752412 70 349
26.2591131189013 88 510
12.1037715624263 45 231
47.2194304479826 112 763
0 23 0
7.7220820453145 44 210
0 23 0
104.247646213589 163 925
12.1037715624263 45 231
7.7220820453145 44 210
19.2864565440156 64 400
18.0131990604374 58 267
13.0796049303249 58 289
13.7480706462735 53 259
23.3106563409569 70 337
18.6932613383037 71 403
20.3078091630193 65 421
0 23 0
7.7220820453145 44 210
12.6206767146832 61 343
0 23 0
0 23 0
12.1037715624263 45 231
0 23 0
21.5829231680181 68 352
0 23 0
3.07029222023151 37 43
2.24118758552117 39 120
1.34134768023486 36 78
0 23 0
12.1037715624263 45 231
14.4278952253467 75 375
0.970671491022599 34 55
0 23 0
9.36727749021771 60 244
0 23 0
14.5320004862176 60 324
0 23 0
0.48670640213105 30 21
5.53079249181148 43 190
20.3078091630193 65 421
0.115974759724184 25 1
7.7220820453145 44 210
24.4419684929095 66 441
12.1037715624263 45 231
16.3481887055784 62 337
60.752410997459 129 908
0.115974759724184 25 1
0 23 0
0 23 0
28.0297133497754 73 230
0 23 0
45.1448472556335 103 765
0 23 0
27.3397244608866 82 553
31.9086467650043 91 565
39.6041537020995 100 707
30.9048980440954 85 452
0 23 0
2.66562072409743 42 87
20.6478881014436 69 334
2.71164945957204 40 136
0 23 0
15.6631120007942 61 351
12.9341063440542 53 136
17.0435074325242 63 384
0 23 0
28.2807776020504 82 362
71.7356596634366 141 953
0 23 0
12.1037715624263 45 231
4.2156308772866 42 171
0 23 0
12.1037715624263 45 231
7.7220820453145 44 210
0 23 0
3.33850274843601 41 153
7.7220820453145 44 210
19.2672675965557 71 412
7.7220820453145 44 210
0 23 0
7.7220820453145 44 210
0 23 0
0 23 0
45.9141793598645 113 775
0 23 0
0.115974759724184 25 1
0 23 0
0 23 0
0 23 0
26.021410851281 82 410
5.72953793767302 47 103
0 23 0
0 23 0
14.0368586676817 55 276
36.2534219778258 99 694
0 23 0
18.261032010602 64 402
9.78938766607747 58 217
12.1037715624263 45 231
7.97498145281425 58 263
2.24118758552117 39 120
7.7220820453145 44 210
15.2999923844982 63 381
0 23 0
28.3610770798903 83 574
9.52560961275334 51 97
14.205470665027 56 286
13.8860515185942 54 267
31.5968545416894 85 365
0 23 0
0 23 0
21.6770469921516 72 428
0 23 0
19.1547977933527 69 210
11.0348092840221 54 231
0 23 0
0 23 0
0 23 0
0 23 0
5.53079249181148 43 190
6.41353281007967 41 52
0 23 0
14.3983726451656 57 297
5.53079249181148 43 190
12.1037715624263 45 231
7.7220820453145 44 210
18.004551051524 66 333
21.5169086000934 71 421
0 23 0
30.2185713003908 88 500
36.9778099397867 95 563
37.011922021767 86 631
58.4105927903932 121 920
22.0301815621985 76 410
14.0368586676817 55 276
12.6206767146832 61 343
12.1037715624263 45 231
0 23 0
19.2864565440156 64 400
44.1642785738525 112 656
23.7834581273739 64 245
0 23 0
24.4419684929095 66 441
0 23 0
31.0808913481647 83 571
0 23 0
20.2006758568664 70 417
0 23 0
9.57917325242268 59 310
0 23 0
31.935839907828 98 582
1.34134768023486 36 78
15.8897896726302 52 240
25.457230318451 87 517
32.1677047296255 88 555
43.1021420176262 101 724
0 23 0
12.1037715624263 45 231
0 23 0
0 23 0
0 23 0
24.4419684929095 66 441
27.3397244608866 82 553
5.53079249181148 43 190
37.011922021767 86 631
13.0796049303249 58 289
57.078592445962 118 714
7.7220820453145 44 210
0 23 0
21.1551842293968 82 422
39.6041537020995 100 710
9.55964347219226 55 265
29.3784865573424 88 415
12.1037715624263 45 231
3.90202586377315 38 37
9.10803916094329 50 169
30.604594097296 78 472
0 23 0
24.4419684929095 66 441
2.24118758552117 39 120
43.1021420176262 101 724
20.5387933953271 75 435
0.398079010026978 29 15
0 23 0
0 23 0
20.3078091630193 65 421
1.33933563957331 36 56
18.2369594962659 65 274
24.4419684929095 66 441
40.7730115283989 99 691
24.4419684929095 66 441
0 23 0
4.2156308772866 42 171
34.7623347541689 90 364
0 23 0
15.8139446085055 69 274
2.83475191871374 43 126
19.2864565440156 64 400
14.3459405067368 64 364
37.011922021767 86 631
0 23 0
12.1037715624263 45 231
44.1426580186141 109 718
0 23 0
0 23 0
0 23 0
36.9091899037407 98 676
12.1037715624263 45 231
0 23 0
0 23 0
12.1037715624263 45 231
5.53079249181148 43 190
60.9002041063282 127 905
0 23 0
12.1037715624263 45 231
12.1037715624263 45 231
19.2864565440156 64 400
0 23 0
0 23 0
15.6631120007942 61 351
0 23 0
6.15165279451277 46 193
0 23 0
0 23 0
0 23 0
19.2331515768002 66 331
12.1037715624263 45 231
35.1745912788386 95 625
0 23 0
2.24118758552117 39 120
12.1037715624263 45 231
56.3000788231484 119 809
4.20456076542066 47 168
0 23 0
0 23 0
93.3412914590663 152 1014
10.7169812188908 60 326
12.1037715624263 45 231
62.8347647962003 123 955
0 23 0
10.865553700616 54 225
60.8206663306947 133 863
4.40431574191609 38 34
0 23 0
0 23 0
0 23 0
0 23 0
56.6624892932195 123 740
1.87495521979991 38 105
0 23 0
5.20440334670854 51 186
13.7480706462735 53 259
12.0913322892551 57 178
0 23 0
62.1224986761692 125 815
46.8196032649801 108 685
0 23 0
12.1037715624263 45 231
7.7220820453145 44 210
72.7975534427115 145 1039
0 23 0
15.2999923844982 63 381
7.57354586641571 46 121
2.71164945957204 40 136
0 23 0
0 23 0
0 23 0
38.7985681277759 101 563
12.1037715624263 45 231
0 23 0
12.1037715624263 45 231
12.1037715624263 45 231
7.7220820453145 44 210
12.1037715624263 45 231
13.0796049303249 58 289
14.5320004862176 60 324
0 23 0
0 23 0
16.456296577956 63 312
0 23 0
12.0104643633897 53 130
12.1037715624263 45 231
2.24118758552117 39 120
33.123596586172 85 612
0 23 0
12.1037715624263 45 231
0 23 0
16.4464769683078 62 361
13.6113994942983 74 342
1.87495521979991 38 105
11.5676671290279 59 172
39.0639270895295 104 649
0 23 0
15.6631120007942 61 351
2.71164945957204 40 136
0 23 0
7.7220820453145 44 210
21.5829231680181 68 352
19.5310090527401 66 403
15.2999923844982 63 381
12.1037715624263 45 231
1.87495521979991 38 105
0 23 0
12.1037715624263 45 231
7.7220820453145 44 210
0.48670640213105 30 21
0 23 0
31.1055802352339 93 454
0.17826992288708 26 3
12.1037715624263 45 231
21.9835678170356 75 442
0 23 0
20.3078091630193 65 421
0 23 0
6.85571140438477 44 100
11.3532244022466 60 330
3.49929791643281 34 25
0.824502890886381 33 45
12.1037715624263 45 231
7.7220820453145 44 210
12.1037715624263 45 231
14.5320004862176 60 324
67.1002214023006 128 680
0 23 0
3.89423422569964 39 41
12.1037715624263 45 231
0 23 0
0 23 0
0 23 0
0 23 0
0 23 0
58.4105927903932 121 920
0.115974759724184 25 1
16.4850838982762 72 393
7.7220820453145 44 210
0 23 0
31.4323234030692 84 556
8.43112693238689 53 190
0 23 0
1.51871709162622 28 4
14.9894657109443 72 339
12.1037715624263 45 231
0.987790970126294 31 16
0 23 0
13.3197037667108 62 363
29.3595023798644 81 390
7.7220820453145 44 210
0 23 0
12.1037715624263 45 231
0 23 0
0 23 0
27.0620981479385 82 402
37.6161890749129 100 642
20.8378484530094 66 331
1.14075753190649 35 66
0 23 0
14.3983726451656 57 297
7.86124651379489 57 230
0 23 0
0 23 0
0 23 0
7.7220820453145 44 210
1.58165028409204 37 91
0 23 0
1.58165028409204 37 91
12.1037715624263 45 231
12.1037715624263 45 231
0 23 0
27.6648485544326 91 559
37.011922021767 86 631
2.24118758552117 39 120
60.7548957454924 132 823
25.8235092413367 81 538
0 23 0
12.1037715624263 45 231
5.53079249181148 43 190
0 23 0
21.2899602503171 71 361
0.585746929100057 31 28
7.7220820453145 44 210
19.2864565440156 64 400
12.1037715624263 45 231
0 23 0
7.7220820453145 44 210
14.6244149257547 58 309
21.5642305529173 69 322
8.35244379608926 46 211
7.24881261726261 51 126
40.4775256196504 110 745
0 23 0
7.7220820453145 44 210
7.7220820453145 44 210
32.1022439671684 84 592
0 23 0
0 23 0
12.1037715624263 45 231
15.2999923844982 63 381
0 23 0
4.2156308772866 42 171
0 23 0
23.18540837478 78 491
0 23 0
13.4949796211265 51 246
12.1037715624263 45 231
0 23 0
24.0605412361124 80 522
0.17826992288708 26 3
6.04168633898242 45 191
30.097169595557 83 577
12.1037715624263 45 231
3.00101864935446 45 126
12.1037715624263 45 231
36.0902831293006 97 656
15.232598544175 60 336
7.95855714691686 57 276
0 23 0
58.210787101387 128 903
0 23 0
0 23 0
0 23 0
15.1059155534784 65 310
9.58869507218947 57 273
9.94913448211049 52 196
4.57972840742661 43 91
0 23 0
0 23 0
7.7220820453145 44 210
22.3603864857296 70 375
0.398079010026978 29 15
17.2956598909714 76 359
0 23 0
0 23 0
6.32334454755549 54 237
5.53079249181148 43 190
14.205470665027 56 286
0 23 0
0 23 0
0 23 0
0 23 0
7.23246881110128 56 262
0 23 0
7.7220820453145 44 210
20.3078091630193 65 421
0.585746929100057 31 28
43.7664185290905 104 703
0 23 0
2.71164945957204 40 136
3.89578609404103 44 102
5.53079249181148 43 190
20.3078091630193 65 421
12.1037715624263 45 231
0 23 0
0 23 0
24.9614557047089 89 529
2.59025177854124 35 31
19.2864565440156 64 400
12.1037715624263 45 231
0 23 0
0 23 0
0 23 0
26.2014250310618 78 487
13.4949796211265 51 246
22.3381054771473 71 365
48.1664889337649 107 483
0 23 0
6.04168633898242 45 191
31.1353305854128 95 515
48.274808216112 108 715
0 23 0
12.1894334911196 61 212
0 23 0
0.48670640213105 30 21
1.51871709162622 28 4
9.58994118211191 60 232
0 23 0
7.7220820453145 44 210
35.4358767954188 95 637
0 23 0
24.4419684929095 66 441
2.24118758552117 39 120
0 23 0
0 23 0
12.1037715624263 45 231
0 23 0
3.33850274843601 41 153
0 23 0
49.8106429146622 105 802
6.16004614912913 42 81
9.94913448211049 52 196
0 23 0
0 23 0
0 23 0
7.7220820453145 44 210
3.7389168049952 43 154
0 23 0
12.9341063440542 53 136
25.074155702944 77 460
12.1037715624263 45 231
0 23 0
27.3397244608866 82 553
70.1379681155891 143 931
5.26073114429348 52 202
74.8069435824584 144 1025
27.8382930303963 90 542
12.4186292169619 48 70
12.1037715624263 45 231
12.1037715624263 45 231
5.53079249181148 43 190
56.3141580133902 124 829
32.2973838784596 84 514
16.7773302382893 67 387
9.2648780029091 52 206
4.45241716737905 48 112
0 23 0
11.4617620876837 58 152
12.1037715624263 45 231
24.4419684929095 66 441
11.2112064701088 49 71
2.71164945957204 40 136
13.373059233189 50 241
12.1037715624263 45 231
31.1528680680625 99 577
0 23 0
24.4419684929095 66 441
0 23 0
37.011922021767 86 631
0 23 0
19.2864565440156 64 400
9.94913448211049 52 196
0 23 0
12.1037715624263 45 231
0 23 0
1.64203615434937 37 51
1.30576289017442 34 31
35.4565831704311 102 538
27.3397244608866 82 553
12.1037715624263 45 231
0 23 0
0 23 0
12.1037715624263 45 231
12.1037715624263 45 231
0 23 0
0.115974759724184 25 1
56.3678875523859 119 881
15.5055079958196 59 199
7.95855714691686 57 276
37.5614484640922 98 670
12.1037715624263 45 231
18.261032010602 64 402
17.4811062899244 71 379
0 23 0
0 23 0
0 23 0
0 23 0
12.1037715624263 45 231
0 23 0
0 23 0
11.9811438620195 56 226
0.970671491022599 34 55
31.7038132162315 95 527
37.011922021767 86 631
1.87495521979991 38 105
0 23 0
32.1022439671684 84 592
0 23 0
4.12613694535241 49 165
8.32095747296712 48 144
1.16523722603872 29 7
30.9408831178487 86 362
0 23 0
13.7480706462735 53 259
0 23 0
37.6132090842606 100 480
3.49929791643281 34 25
7.7220820453145 44 210
44.4021216129873 103 767
0 23 0
12.1037715624263 45 231
5.53079249181148 43 190
83.0732068125134 145 962
5.53079249181148 43 190
12.1037715624263 45 231
25.3628910376633 81 448
53.1543216581172 120 809
18.5634285161013 74 349
0.48670640213105 30 21
0 23 0
20.3078091630193 65 421
15.2999923844982 63 381
13.0796049303249 58 289
20.2006758568664 70 417
0 23 0
4.84770995487162 49 154
0 23 0
5.53079249181148 43 190
0 23 0
8.5844403352543 48 216
15.2999923844982 63 381
45.3707923173758 103 737
12.9803427922679 47 232
7.95855714691686 57 276
24.4811507762144 84 337
0 23 0
24.4419684929095 66 441
18.261032010602 64 402
0 23 0
10.8722249918614 59 307
20.6366548971979 75 427
36.6264567165949 91 585
0 23 0
7.7220820453145 44 210
2.24118758552117 39 120
49.8106429146622 105 802
32.7958682313056 98 482
0 23 0
0 23 0
12.1037715624263 45 231
0 23 0
7.7220820453145 44 210
0 23 0
2.24118758552117 39 120
25.1771492835391 86 502
10.6601154451072 56 226
20.3078091630193 65 421
0 23 0
26.0779092738406 68 442
5.53079249181148 43 190
7.01183414718706 38 25
29.3642270240772 92 568
31.5150457713888 91 531
39.552457167125 102 604
0 23 0
0 23 0
0.398079010026978 29 15
0 23 0
0.398079010026978 29 15
0 23 0
14.8962157108742 59 322
0 23 0
0 23 0
28.5314478843743 87 511
8.32095747296712 48 144
25.6081340757451 82 508
0 23 0
19.2864565440156 64 400
3.33850274843601 41 153
1.51871709162622 28 4
24.0628946755553 77 410
46.8196032649801 108 685
0 23 0
0 23 0
15.2155197491876 63 291
22.9530869888611 77 472
12.6206767146832 61 343
13.249642489865 49 237
0 23 0
12.1037715624263 45 231
0 23 0
13.0796049303249 58 289
19.7071492314845 68 316
0 23 0
66.5481043683665 129 863
5.53079249181148 43 190
0.398079010026978 29 15
0 23 0
2.24118758552117 39 120
0 23 0
3.19504437187447 43 139
55.6926552349749 124 801
24.4419684929095 66 441
12.1037715624263 45 231
23.0439547264743 74 409
7.55857018119508 55 256
15.9292923837062 61 312
24.7091165545553 78 403
12.1037715624263 45 231
17.1201597514545 76 338
15.2999923844982 63 381
0 23 0
30.6442436103375 92 493
0 23 0
12.1037715624263 45 231
37.011922021767 86 631
3.07029222023151 37 43
8.5844403352543 48 216
17.0435074325242 63 384
10.865553700616 54 225
20.1152536073512 64 312
5.49855454858544 45 92
0 23 0
0 23 0
24.4419684929095 66 441
0 23 0
0.697410011448965 32 36
1.34134768023486 36 78
0 23 0
24.4419684929095 66 441
12.1037715624263 45 231
5.53079249181148 43 190
17.0710372667578 67 239
0 23 0
0 23 0
13.3197037667108 62 363
0 23 0
0.824502890886381 33 45
15.232598544175 60 336
4.2156308772866 42 171
0.245241622077722 27 6
13.0796049303249 58 289
5.53079249181148 43 190
22.247162722726 75 455
0 23 0
0 23 0
7.7220820453145 44 210
25.4353113791109 81 541
47.4792804737842 115 819
12.1037715624263 45 231
12.1037715624263 45 231
14.8962157108742 59 322
40.701869624265 98 620
76.7216089161237 142 803
0 23 0
12.1037715624263 45 231
33.1508143995663 96 489
0 23 0
23.6405512508596 85 474
0 23 0
7.7220820453145 44 210
34.3182588095072 90 592
31.9363374543741 94 536
0.970671491022599 34 55
0 23 0
5.53079249181148 43 190
0 23 0
73.1027749081139 145 1045
7.7220820453145 44 210
28.4412389186024 80 532
38.951895141748 100 717
27.3397244608866 82 553
3.33850274843601 41 153
12.1037715624263 45 231
21.2899602503171 71 361
0.398079010026978 29 15
7.7220820453145 44 210
0 23 0
42.4642911470597 98 574
0 23 0
0 23 0
0.824502890886381 33 45
12.1037715624263 45 231
4.2156308772866 42 171
19.2864565440156 64 400
0 23 0
17.0075905338929 59 274
0.585746929100057 31 28
0 23 0
0 23 0
33.123596586172 85 612
24.4419684929095 66 441
0 23 0
9.04924179618711 58 291
24.7176163189182 80 526
5.53079249181148 43 190
0 23 0
0 23 0
0 23 0
0 23 0
16.4464769683078 62 361
20.6186983478791 79 411
7.95855714691686 57 276
13.3197037667108 62 363
19.7071492314845 68 316
55.9482279866726 123 829
0 23 0
49.464424313863 107 731
0.115974759724184 25 1
0 23 0
2.24118758552117 39 120
7.84269269368962 48 194
4.2156308772866 42 171
0 23 0
0 23 0
0.398079010026978 29 15
21.8920531597199 68 424
0 23 0
51.6665080259898 110 613
0.970671491022599 34 55
24.4419684929095 66 441
0 23 0
0 23 0
0 23 0
0 23 0
0 23 0
24.6562490366772 86 482
33.9039102318749 81 362
0 23 0
55.2801845457701 121 761
14.5320004862176 60 324
12.1037715624263 45 231
0 23 0
13.3197037667108 62 363
0 23 0
0 23 0
12.1037715624263 45 231
26.7322942590676 77 340
9.04924179618711 58 291
0 23 0
0 23 0
32.1022439671684 84 592
5.53079249181148 43 190
0 23 0
15.6631120007942 61 351
24.7176163189182 80 526
0 23 0
49.8106429146622 105 802
5.53079249181148 43 190
18.261032010602 64 402
24.0930084566663 76 434
0 23 0
0 23 0
0 23 0
0 23 0
5.35182731376901 50 136
0 23 0
12.1037715624263 45 231
12.1037715624263 45 231
10.865553700616 54 225
37.011922021767 86 631
0 23 0
2.71164945957204 40 136
12.1037715624263 45 231
8.82243761937107 58 295
24.4419684929095 66 441
0 23 0
12.1037715624263 45 231
20.3078091630193 65 421
9.77961932338352 56 276
12.1037715624263 45 231
0 23 0
0 23 0
37.1116357483043 98 677
0 23 0
0 23 0
33.2272177248628 89 514
7.35180589786957 54 157
8.57033213923229 55 241
12.6454729942232 60 184
0 23 0
2.19517445828023 36 38
5.53079249181148 43 190
8.35244379608926 46 211
44.4021216129873 103 767
1.14075753190649 35 66
5.53079249181148 43 190
3.33850274843601 41 153
0 23 0
7.7220820453145 44 210
9.36894023007379 63 263
15.2999923844982 63 381
16.4464769683078 62 361
7.7220820453145 44 210
0.585746929100057 31 28
12.1037715624263 45 231
12.1037715624263 45 231
0 23 0
24.4419684929095 66 441
0 23 0
52.7920504145406 105 437
24.4419684929095 66 441
20.3515496828781 75 450
0.17826992288708 26 3
52.3617104374035 115 811
13.4949796211265 51 246
31.812112155375 85 524
2.24118758552117 39 120
1.87495521979991 38 105
0 23 0
0 23 0
7.7220820453145 44 210
14.0368586676817 55 276
0 23 0
0 23 0
0.115974759724184 25 1
0 23 0
12.1037715624263 45 231
13.249642489865 49 237
0.115974759724184 25 1
40.7382493905286 94 659
1.87495521979991 38 105
26.2014250310618 78 487
0 23 0
5.53079249181148 43 190
1.58165028409204 37 91
14.6549842363929 63 235
6.26011422002524 47 196
22.2699340868142 80 354
0 23 0
0 23 0
18.261032010602 64 402
0.585746929100057 31 28
24.4419684929095 66 441
31.0808913481647 83 571
17.3156776255433 56 256
16.2370752349123 62 367
0 23 0
12.1380219084642 61 346
0 23 0
0 23 0
12.1037715624263 45 231
12.1380219084642 61 346
28.3610770798903 83 574
29.5255258298897 93 590
0 23 0
0 23 0
33.3760416049783 92 578
28.22862451904 72 319
0 23 0
32.1022439671684 84 592
28.8349848825644 81 546
0 23 0
0 23 0
17.3759191093844 57 130
0 23 0
0 23 0
36.6089360090973 100 612
13.373059233189 50 241
7.7220820453145 44 210
67.3395000613342 136 916
0 23 0
0 23 0
16.4641487980384 71 367
12.1037715624263 45 231
5.85211977864085 51 129
0 23 0
0 23 0
12.1037715624263 45 231
0 23 0
12.1037715624263 45 231
37.011922021767 86 631
19.2864565440156 64 400
5.53079249181148 43 190
0 23 0
32.4735347417207 94 508
0 23 0
20.3078091630193 65 421
0 23 0
0 23 0
26.0884672720199 80 382
0 23 0
12.1037715624263 45 231
41.3316947927821 97 686
28.3695418503151 90 559
0 23 0
37.011922021767 86 631
6.04168633898242 45 191
12.1037715624263 45 231
12.2505829071108 66 341
0 23 0
19.2864565440156 64 400
5.53079249181148 43 190
31.0808913481647 83 571
53.6957519021886 123 810
7.55857018119508 55 256
11.3444966686743 63 281
0 23 0
12.1037715624263 45 231
2.95197560760061 35 25
24.4419684929095 66 441
11.8905996846706 56 256
12.1037715624263 45 231
40.701869624265 98 620
0 23 0
0 23 0
0.318083777799256 28 10
19.1772066135941 84 462
1.58165028409204 37 91
0 23 0
0 23 0
0 23 0
23.0439547264743 74 409
12.1037715624263 45 231
1.87495521979991 38 105
0 23 0
17.2418165226849 71 367
27.5902153272021 80 514
0 23 0
15.594484488425 64 200
0 23 0
12.1037715624263 45 231
0 23 0
0 23 0
7.7220820453145 44 210
7.7220820453145 44 210
65.3587153680994 131 672
9.58869507218947 57 273
85.3751058987198 151 1086
17.3683691842103 60 157
8.28212832513285 57 281
16.4464769683078 62 361
0 23 0
0 23 0
0 23 0
0 23 0
12.1037715624263 45 231
3.33850274843601 41 153
3.33850274843601 41 153
22.2928152031745 86 496
44.531387833943 111 587
17.0435074325242 63 384
36.3665320136546 103 617
42.4681567909376 106 658
18.4334359115617 71 379
0 23 0
4.7555559006422 45 140
0 23 0
0 23 0
4.2156308772866 42 171
7.7220820453145 44 210
0 23 0
12.1037715624263 45 231
0 23 0
16.7307869579145 67 331
10.3997905141572 55 167
0.585746929100057 31 28
0 23 0
11.2876990409397 61 294
0 23 0
0 23 0
23.0439547264743 74 409
22.9677178919325 77 346
7.7220820453145 44 210
0 23 0
47.2194304479826 112 763
7.7220820453145 44 210
25.8235092413367 81 538
0 23 0
12.1037715624263 45 231
12.1037715624263 45 231
12.1037715624263 45 231
7.7220820453145 44 210
0 23 0
0 23 0
59.4317825448133 128 696
0 23 0
0 23 0
0 23 0
0 23 0
5.53079249181148 43 190
37.011922021767 86 631
68.9528737220142 135 872
29.0920112485996 71 305
0 23 0
14.7921872450527 72 385
20.4077391473665 78 406
18.261032010602 64 402
1.33598824978501 35 39
2.24118758552117 39 120
15.0345245051441 71 381
64.9781267007511 127 766
2.59603918659074 38 51
12.1037715624263 45 231
14.5320004862176 60 324
6.14616323616311 52 198
44.7046631507233 106 596
27.5902153272021 80 514
12.1037715624263 45 231
15.2999923844982 63 381
44.4021216129873 103 767
57.4303036476054 123 838
0 23 0
8.32095747296712 48 144
0 23 0
22.9876015800389 78 479
0.970671491022599 34 55
0 23 0
33.0978656970281 93 596
54.499602971096 122 788
0 23 0
46.8359564454849 118 730
3.33850274843601 41 153
0 23 0
17.0435074325242 63 384
49.2553631685438 121 800
0 23 0
49.1499507797432 114 808
14.6244149257547 58 309
0 23 0
53.3249791241579 108 805
0 23 0
0.585746929100057 31 28
0 23 0
0 23 0
12.6206767146832 61 343
24.0741940750435 74 427
19.2864565440156 64 400
15.3057634308889 66 317
12.1037715624263 45 231
34.3135849323128 94 542
0 23 0
12.1037715624263 45 231
30.2048580534496 87 521
12.9803427922679 47 232
4.15429149579678 36 36
24.4419684929095 66 441
0 23 0
22.9417007764035 81 424
7.7220820453145 44 210
0 23 0
50.5471553951093 113 770
42.1297907181645 109 710
0 23 0
0 23 0
4.38102129209904 46 123
29.4047703694963 82 555
0 23 0
12.1037715624263 45 231
1.87495521979991 38 105
40.6255063211031 101 728
5.53079249181148 43 190
0 23 0
0 23 0
42.1540005203966 102 655
7.55857018119508 55 256
12.1037715624263 45 231
40.50956701825 97 643
24.9350425737139 82 450
0 23 0
76.3416148057526 130 625
27.0809641078679 88 513
26.8057317742364 79 297
65.8117645427074 134 990
80.612601555862 152 918
1.87495521979991 38 105
0 23 0
9.78938766607747 58 217
0.115974759724184 25 1
4.2156308772866 42 171
12.1037715624263 45 231
7.7220820453145 44 210
3.59554138223948 44 112
27.4697732516207 76 486
20.3078091630193 65 421
37.011922021767 86 631
10.865553700616 54 225
0 23 0
12.1037715624263 45 231
1.6482592424827 38 69
2.24118758552117 39 120
12.1037715624263 45 231
39.4594461994424 91 415
3.49929791643281 34 25
24.4419684929095 66 441
0 23 0
24.4419684929095 66 441
27.3397244608866 82 553
33.2202148039999 80 473
20.6366548971979 75 427
0 23 0
0 23 0
12.1037715624263 45 231
10.7169812188908 60 326
46.1661998746372 104 784
11.129109760779 59 179
0 23 0
31.0369936823051 85 542
0 23 0
0 23 0
5.24245454772751 52 208
24.4419684929095 66 441
0 23 0
32.6630843325321 92 565
0 23 0
2.75615566066201 41 76
13.249642489865 49 237
12.1037715624263 45 231
2.71164945957204 40 136
0 23 0
19.2864565440156 64 400
8.26649984556562 61 259
16.4850838982762 72 393
13.3197037667108 62 363
0 23 0
10.4946611582385 63 227
0 23 0
0 23 0
0 23 0
16.2370752349123 62 367
0 23 0
19.4075957558509 62 295
0 23 0
63.7216860900433 129 850
0 23 0
5.53079249181148 43 190
0 23 0
0 23 0
1.03029681824546 30 11
0 23 0
45.6264155982745 97 656
24.4419684929095 66 441
12.1037715624263 45 231
0 23 0
0 23 0
0 23 0
9.21002874413684 53 246
0 23 0
0 23 0
2.24118758552117 39 120
120.530096535516 184 1274
0 23 0
18.261032010602 64 402
56.7578645211117 125 787
36.4823176244759 98 593
0 23 0
32.0784135386625 92 482
22.5822427453631 73 386
0 23 0
29.8101267408612 96 535
0 23 0
0 23 0
41.8397873515236 105 640
0 23 0
9.04924179618711 58 291
0 23 0
0 23 0
21.6580075162015 76 444
20.3078091630193 65 421
0.970671491022599 34 55
15.232598544175 60 336
20.3078091630193 65 421
34.1068908107217 96 511
29.0278580620128 90 567
37.6860982251451 98 682
0 23 0
0 23 0
61.9417493563247 131 788
12.1037715624263 45 231
0 23 0
0 23 0
5.53079249181148 43 190
0 23 0
24.0757374992238 72 346
19.2864565440156 64 400
0 23 0
15.2275011190527 67 233
0.824502890886381 33 45
0 23 0
13.6188803124628 52 252
45.9141793598645 113 778
0 23 0
31.0808913481647 83 571
24.4419684929095 66 441
0 23 0
31.2193254117905 84 594
0 23 0
0 23 0
24.4419684929095 66 441
7.57354586641571 46 121
0 23 0
2.71164945957204 40 136
0 23 0
0 23 0
21.1261564884136 83 433
0 23 0
0 23 0
29.2449312117569 96 540
6.91431646486938 54 227
63.9586002666569 134 995
46.3467343440825 104 727
0 23 0
18.5373400754134 74 314
6.728169560345 54 159
0 23 0
4.2156308772866 42 171
0 23 0
0 23 0
22.8687971668025 74 457
19.2864565440156 64 400
13.0796049303249 58 289
24.4419684929095 66 441
37.011922021767 86 631
2.71164945957204 40 136
0 23 0
2.75615566066201 41 76
0.697410011448965 32 36
22.7995393045349 75 385
12.1037715624263 45 231
0 23 0
12.1037715624263 45 231
20.6366548971979 75 427
0 23 0
1.14075753190649 35 66
0 23 0
27.3367683726726 89 464
36.6264567165949 91 585
70.9750179209217 143 1002
0 23 0
31.66240643916 95 629
0 23 0
0 23 0
13.5263903284499 70 354
31.2193254117905 84 594
0 23 0
25.6819438437191 82 344
0.115974759724184 25 1
0 23 0
0 23 0
4.2156308772866 42 171
0 23 0
14.9253676762715 64 304
2.71164945957204 40 136
0 23 0
0 23 0
5.53079249181148 43 190
4.81359526499892 38 49
44.1234946366298 102 745
37.1411610095722 85 496
20.3078091630193 65 421
49.8106429146622 105 802
0 23 0
18.261032010602 64 402
17.0435074325242 63 384
12.1037715624263 45 231
2.84485186053967 32 16
7.7220820453145 44 210
5.26073114429348 52 202
1.14075753190649 35 66
16.8808921144057 75 441
32.1022439671684 84 592
0 23 0
16.2370752349123 62 367
6.16004614912913 42 81
1.14075753190649 35 66
0 23 0
12.1037715624263 45 231
20.3078091630193 65 421
0 23 0
0 23 0
20.3078091630193 65 421
75.3273584596419 128 610
7.7220820453145 44 210
12.1037715624263 45 231
4.2156308772866 42 171
41.6468589401068 102 748
4.80326144886415 51 166
12.1037715624263 45 231
45.3526743679869 112 671
0 23 0
24.4419684929095 66 441
0 23 0
2.24118758552117 39 120
2.24118758552117 39 120
40.6255063211031 101 728
0 23 0
12.9803427922679 47 232
37.5924340474952 101 642
24.4419684929095 66 441
30.097169595557 83 577
2.24118758552117 39 120
0.398079010026978 29 15
24.4419684929095 66 441
39.6041537020995 100 707
5.48086847143598 40 64
0 23 0
47.5260964381734 100 666
4.2156308772866 42 171
6.16004614912913 42 81
2.24118758552117 39 120
12.1037715624263 45 231
0 23 0
19.6447784127018 74 427
0 23 0
57.2505200395919 119 815
7.7220820453145 44 210
12.1037715624263 45 231
12.1037715624263 45 231
0 23 0
0 23 0
31.0808913481647 83 571
10.8722249918614 59 307
0 23 0
0 23 0
18.7082770750243 76 459
14.205470665027 56 286
0 23 0
1.87495521979991 38 105
13.4949796211265 51 246
0 23 0
3.33850274843601 41 153
46.253134625891 114 680
27.5902153272021 80 514
23.18540837478 78 491
12.1037715624263 45 231
38.9938175669816 105 678
54.620501666537 114 630
26.0779092738406 68 442
24.4419684929095 66 441
0 23 0
0 23 0
32.0171163441527 91 569
0 23 0
25.074155702944 77 460
16.5610447519331 71 303
0 23 0
15.8897896726302 52 240
2.24118758552117 39 120
19.9496533209543 57 250
12.1037715624263 45 231
7.5842999435744 45 84
12.1037715624263 45 231
0 23 0
0 23 0
0 23 0
60.752410997459 129 908
0 23 0
12.1037715624263 45 231
0 23 0
0 23 0
29.4047703694963 82 555
14.3983726451656 57 297
29.4047703694963 82 555
12.1037715624263 45 231
0 23 0
14.8962157108742 59 322
0 23 0
12.1037715624263 45 231
4.59733711682316 49 160
1.62215571506174 36 42
0 23 0
31.3170039768778 78 266
12.1037715624263 45 231
0 23 0
14.6244149257547 58 309
83.6167256392401 151 1146
8.57033213923229 55 241
94.0059262488399 163 1066
16.4464769683078 62 361
0 23 0
12.1037715624263 45 231
0 23 0
24.4419684929095 66 441
0 23 0
24.4419684929095 66 441
14.2059236543981 56 166
0 23 0
23.5067667608556 75 437
0 23 0
12.1037715624263 45 231
17.5080042355601 67 297
12.1037715624263 45 231
0 23 0
19.2864565440156 64 400
61.3007869414473 128 905
17.0435074325242 63 384
0 23 0
0 23 0
5.20440334670854 51 186
12.1037715624263 45 231
0 23 0
12.1037715624263 45 231
0 23 0
0 23 0
16.4464769683078 62 361
0 23 0
7.7220820453145 44 210
1.34134768023486 36 78
11.8905996846706 56 256
0 23 0
4.57972840742661 43 91
24.4419684929095 66 441
0 23 0
0 23 0
0 23 0
18.261032010602 64 402
7.98702511529056 46 101
27.5902153272021 80 514
0 23 0
0 23 0
0 23 0
0 23 0
13.0796049303249 58 289
12.1037715624263 45 231
28.6058694093286 92 577
31.3592452031036 77 466
2.24118758552117 39 120
27.9770289039819 80 281
0 23 0
26.5665941321302 86 537
2.68636650526878 43 99
19.2864565440156 64 400
3.33850274843601 41 153
14.8962157108742 59 322
32.4108904565323 93 592
12.1037715624263 45 231
5.53079249181148 43 190
19.2864565440156 64 400
16.3481887055784 62 337
32.1022439671684 84 592
31.9527206853297 95 571
0 23 0
15.5215870213125 61 260
1.58165028409204 37 91
25.3093929230181 76 390
0 23 0
12.1037715624263 45 231
0 23 0
12.1037715624263 45 231
25.0624725664408 76 456
12.1037715624263 45 231
0 23 0
69.7334955857005 142 980
0 23 0
0 23 0
32.1147373286945 92 586
0.245241622077722 27 6
8.5844403352543 48 216
12.1037715624263 45 231
12.1037715624263 45 231
19.3747744535357 71 271
0 23 0
6.05044370838602 40 50
12.0685600811296 69 342
31.0808913481647 83 571
0 23 0
24.4419684929095 66 441
7.7220820453145 44 210
32.7168715982853 93 598
0 23 0
19.7071492314845 68 316
9.37263032446318 54 255
6.30630600397662 49 157
0.17826992288708 26 3
0 23 0
4.94992515984723 51 198
24.4419684929095 66 441
0 23 0
0.697410011448965 32 36
24.4419684929095 66 441
3.55918142653305 39 57
0 23 0
0 23 0
36.6264567165949 91 585
12.1037715624263 45 231
31.2193254117905 84 594
0 23 0
0.996821191209321 32 22
0 23 0
0 23 0
85.2413006768341 158 1111
0.585746929100057 31 28
0 23 0
3.33850274843601 41 153
10.7169812188908 60 326
18.261032010602 64 402
0 23 0
24.0757374992238 72 346
37.011922021767 86 631
7.7220820453145 44 210
2.71164945957204 40 136
0.48670640213105 30 21
12.1037715624263 45 231
0 23 0
0 23 0
22.8004807551206 77 478
14.5320004862176 60 324
0 23 0
0 23 0
8.82243761937107 58 295
0 23 0
31.0808913481647 83 571
1.03029681824546 30 11
27.2919623706681 85 370
72.7238167133792 142 1008
9.47333259036153 59 167
0 23 0
0 23 0
39.0298548106277 106 606
4.38443547939856 47 147
7.87604689736903 56 268
1.40478849373784 36 48
24.4419684929095 66 441
11.6352394102859 57 206
13.6942030193888 70 362
28.7605486228207 81 394
7.7220820453145 44 210
21.2317332904289 83 447
0 23 0
44.9008534278467 114 597
9.94913448211049 52 196
12.1037715624263 45 231
0 23 0
0 23 0
13.0796049303249 58 289
5.53079249181148 43 190
24.4419684929095 66 441
12.1037715624263 45 231
24.4419684929095 66 441
0 23 0
13.4808580673575 53 220
0 23 0
0 23 0
0 23 0
24.4419684929095 66 441
0 23 0
22.3828783012507 71 436
33.2671287598392 90 408
0 23 0
12.1037715624263 45 231
0 23 0
33.0978656970281 93 596
16.4464769683078 62 361
12.1037715624263 45 231
0.318083777799256 28 10
12.1037715624263 45 231
24.4419684929095 66 441
6.55460719931462 54 210
7.7220820453145 44 210
13.0796049303249 58 289
6.97366292344028 51 183
0 23 0
0 23 0
6.7365393468215 38 31
12.1037715624263 45 231
12.1037715624263 45 231
0 23 0
12.1037715624263 45 231
63.6665330148371 135 890
12.1037715624263 45 231
0 23 0
13.3197037667108 62 363
39.6041537020995 100 707
10.865553700616 54 225
10.7935253159803 59 315
18.261032010602 64 402
52.0892552983497 117 844
4.2156308772866 42 171
0 23 0
0.48670640213105 30 21
5.18974046579925 46 86
7.7220820453145 44 210
62.7477066856964 131 932
0 23 0
0 23 0
33.123596586172 85 612
0 23 0
6.80664967136847 55 244
4.20988377798788 32 10
8.93446919389088 51 231
6.74286069624523 53 184
0 23 0
8.32095747296712 48 144
38.5828010830958 99 689
12.3989854442168 65 316
0 23 0
13.7834222340213 60 190
10.865553700616 54 225
12.1037715624263 45 231
46.46274855333 111 668
0 23 0
0 23 0
19.2864565440156 64 400
1.34134768023486 36 78
0 23 0
10.1167401301184 63 305
14.3983726451656 57 297
4.2156308772866 42 171
12.6206767146832 61 343
14.4219865403156 65 292
34.0683992600126 97 584
0 23 0
0 23 0
0.970671491022599 34 55
12.1037715624263 45 231
3.15901872676908 43 94
0 23 0
45.5704991622509 113 671
12.1037715624263 45 231
0 23 0
0 23 0
0 23 0
0 23 0
18.1935900175354 72 380
0 23 0
0 23 0
0 23 0
0 23 0
0 23 0
0.398079010026978 29 15
0 23 0
28.7900114464979 73 452
20.0685082721952 59 131
14.3983726451656 57 297
12.1037715624263 45 231
14.5320004862176 60 324
0.970671491022599 34 55
4.2156308772866 42 171
0 23 0
1.33933563957331 36 56
28.0048872097818 88 502
0 23 0
0 23 0
29.6055086212344 79 413
0 23 0
0.585746929100057 31 28
0 23 0
0 23 0
37.011922021767 86 631
16.5968953210331 60 282
0 23 0
0 23 0
12.1037715624263 45 231
0 23 0
16.7987634562769 67 303
19.1067259343379 72 406
0.17826992288708 26 3
12.6206767146832 61 343
0 23 0
19.2864565440156 64 400
0 23 0
12.1037715624263 45 231
0.17826992288708 26 3
49.8106429146622 105 802
12.1037715624263 45 231
12.1037715624263 45 231
12.1037715624263 45 231
26.9149388512262 75 349
0 23 0
12.1037715624263 45 231
12.1037715624263 45 231
12.1037715624263 45 231
0 23 0
0 23 0
0 23 0
7.7220820453145 44 210
12.1037715624263 45 231
13.8328449318983 57 138
16.4464769683078 62 361
7.7220820453145 44 210
0 23 0
20.4063659575567 70 257
12.1037715624263 45 231
0 23 0
53.1106079173533 118 865
0 23 0
27.5902153272021 80 514
4.2156308772866 42 171
30.9118456143909 94 619
12.1037715624263 45 231
0 23 0
12.6206767146832 61 343
14.7957456212835 52 242
24.4419684929095 66 441
27.0512757542112 88 541
0 23 0
24.4419684929095 66 441
12.1037715624263 45 231
0 23 0
3.52046550362258 47 148
12.1037715624263 45 231
0 23 0
0 23 0
0.318083777799256 28 10
0.824502890886381 33 45
0 23 0
11.8905996846706 56 256
0 23 0
36.0902831293006 97 656
37.011922021767 86 631
0 23 0
0 23 0
0.318083777799256 28 10
14.3983726451656 57 297
7.73434215807956 53 154
5.53079249181148 43 190
0 23 0
11.6815903863859 50 109
34.2497333198736 86 593
12.1037715624263 45 231
2.71164945957204 40 136
19.2864565440156 64 400
0 23 0
1.58165028409204 37 91
0.318083777799256 28 10
0.48670640213105 30 21
12.1037715624263 45 231
0 23 0
0 23 0
7.7220820453145 44 210
12.028526509429 63 257
2.11541641508388 33 21
1.14075753190649 35 66
0 23 0
0 23 0
0 23 0
43.1021420176262 101 724
18.261032010602 64 402
24.4419684929095 66 441
0 23 0
0 23 0
2.24118758552117 39 120
0 23 0
18.9171548748171 69 399
12.1037715624263 45 231
12.1037715624263 45 231
24.4419684929095 66 441
0 23 0
5.71694359269665 48 136
12.1037715624263 45 231
15.6631120007942 61 351
24.4419684929095 66 441
12.1037715624263 45 231
49.4612779150093 99 632
0 23 0
20.3078091630193 65 421
0 23 0
0 23 0
0 23 0
0 23 0
4.2156308772866 42 171
4.2156308772866 42 171
5.48086847143598 40 64
0 23 0
7.7220820453145 44 210
0 23 0
0 23 0
62.8347647962003 123 955
0 23 0
0 23 0
0.585746929100057 31 28
0 23 0
16.0598491372068 61 296
7.7220820453145 44 210
30.9048980440954 85 452
4.06081356802623 41 73
24.7176163189182 80 526
12.1037715624263 45 231
20.4845181135022 70 220
39.6041537020995 100 707
0 23 0
5.53079249181148 43 190
7.7220820453145 44 210
14.5320004862176 60 324
12.1037715624263 45 231
0 23 0
2.71164945957204 40 136
12.1037715624263 45 231
51.4238031466435 120 769
24.2950821588071 84 442
0 23 0
0 23 0
12.1037715624263 45 231
10.2903292376352 62 247
17.0435074325242 63 384
0 23 0
33.123596586172 85 612
17.0435074325242 63 384
0.115974759724184 25 1
0.398079010026978 29 15
18.261032010602 64 402
1.34134768023486 36 78
0 23 0
4.2156308772866 42 171
0 23 0
14.3983726451656 57 297
0 23 0
28.3610770798903 83 574
9.86559939214439 51 119
52.0867512807508 122 800
7.7220820453145 44 210
0 23 0
7.7220820453145 44 210
6.14616323616311 52 198
0.824502890886381 33 45
0 23 0
51.2105483035367 112 685
0 23 0
9.37263032446318 54 255
0.585746929100057 31 28
0 23 0
0.115974759724184 25 1
0 23 0
39.6971759544667 89 634
18.261032010602 64 402
0 23 0
0 23 0
4.2156308772866 42 171
19.3138788627754 73 422
48.7099339289328 117 717
37.011922021767 86 631
0 23 0
0 23 0
0 23 0
12.1037715624263 45 231
16.2310634854309 51 73
55.2161742944409 116 857
35.6042719470198 98 638
18.261032010602 64 402
0 23 0
0 23 0
24.4419684929095 66 441
0 23 0
18.0131990604374 58 267
0 23 0
19.7257108281705 60 127
0 23 0
12.1037715624263 45 231
9.06557629733575 52 238
12.1037715624263 45 231
0.17826992288708 26 3
12.1037715624263 45 231
24.4419684929095 66 441
41.6134172218722 105 682
20.3078091630193 65 421
0 23 0
0 23 0
11.9869562558939 69 346
12.1037715624263 45 231
5.69373383357573 47 133
7.7220820453145 44 210
58.2388289031371 126 854
38.5125917269233 105 650
33.123596586172 85 612
0 23 0
10.865553700616 54 225
5.53079249181148 43 190
0 23 0
30.2013118562913 83 326
27.5902153272021 80 514
0 23 0
0 23 0
0 23 0
12.1037715624263 45 231
0 23 0
37.011922021767 86 631
16.2370752349123 62 367
14.8962157108742 59 322
0 23 0
49.8106429146622 105 802
0 23 0
30.0616320239829 81 340
13.0796049303249 58 289
1.87495521979991 38 105
12.1037715624263 45 231
79.8442133231165 146 1076
42.5494440944725 109 725
12.1037715624263 45 231
19.0854660788193 70 405
5.48086847143598 40 64
8.93446919389088 51 231
3.33850274843601 41 153
0 23 0
1.87495521979991 38 105
10.99693922396 51 219
0 23 0
0 23 0
7.7220820453145 44 210
23.6866286320665 79 499
0 23 0
46.7802534217566 114 803
0 23 0
0.245241622077722 27 6
49.7550387377687 107 731
10.0447498272819 57 288
18.6177394042289 65 322
12.1037715624263 45 231
12.1037715624263 45 231
5.53079249181148 43 190
23.0159771837059 79 507
16.609764225044 70 355
0 23 0
0 23 0
5.3932041551625 50 199
40.6255063211031 101 728
6.85571140438477 44 100
33.7290150281496 87 577
0 23 0
22.9876015800389 78 479
24.4419684929095 66 441
0 23 0
3.52046550362258 47 148
45.4911517935482 107 596
12.1037715624263 45 231
35.3296016691943 97 580
33.6632314370629 87 529
12.1037715624263 45 231
4.2156308772866 42 171
0 23 0
0 23 0
44.1234946366298 102 745
17.0435074325242 63 384
1.58165028409204 37 91
19.2864565440156 64 400
33.123596586172 85 612
6.61801488393021 40 42
0 23 0
5.53079249181148 43 190
32.1022439671684 84 592
15.6597135782896 63 199
17.549610847266 69 354
45.1448472556335 103 765
16.4464769683078 62 361
12.1037715624263 45 231
12.1037715624263 45 231
0 23 0
27.133601125316 74 469
55.8198328483593 118 880
12.1037715624263 45 231
7.7220820453145 44 210
0.48670640213105 30 21
18.2865695557128 69 367
44.7284959249724 107 619
0 23 0
5.53079249181148 43 190
12.9803427922679 47 232
0 23 0
20.3078091630193 65 421
7.7220820453145 44 210
3.33850274843601 41 153
0.115974759724184 25 1
4.59733711682316 49 160
0 23 0
19.7356508277047 71 295
49.1022923301144 118 730
32.9756550772781 94 506
0 23 0
0 23 0
40.3634556164834 104 644
24.4419684929095 66 441
18.4334359115617 71 379
0 23 0
25.2491772269261 90 490
0 23 0
7.95855714691686 57 276
20.3078091630193 65 421
12.1037715624263 45 231
30.1896152056658 92 485
19.2864565440156 64 400
0 23 0
23.6962636999146 79 505
20.3078091630193 65 421
0 23 0
0 23 0
0.585746929100057 31 28
5.53079249181148 43 190
0 23 0
5.53079249181148 43 190
7.7220820453145 44 210
0 23 0
12.1037715624263 45 231
2.24118758552117 39 120
26.318371841883 81 534
1.34134768023486 36 78
12.1037715624263 45 231
24.6965769992905 79 417
0 23 0
7.7220820453145 44 210
24.4419684929095 66 441
12.1037715624263 45 231
0 23 0
24.4419684929095 66 441
24.4419684929095 66 441
58.7046875388955 130 835
0.585746929100057 31 28
12.1037715624263 45 231
39.6041537020995 100 710
8.32095747296712 48 144
0 23 0
4.00255815127877 48 150
0 23 0
69.6098913213 136 1027
0 23 0
23.2045294892026 81 442
12.1037715624263 45 231
7.7220820453145 44 210
0 23 0
21.5829231680181 68 352
0 23 0
29.4047703694963 82 555
14.5320004862176 60 324
12.1037715624263 45 231
1.87495521979991 38 105
0 23 0
10.1288548852957 55 247
0 23 0
26.5225362933644 82 557
24.4419684929095 66 441
10.7169812188908 60 326
15.6631120007942 61 351
0 23 0
28.44637236078 94 512
0 23 0
33.481822725187 88 552
20.0424532093332 60 268
49.7906446974138 121 776
0 23 0
9.80749312032244 49 102
0 23 0
24.4419684929095 66 441
12.1037715624263 45 231
2.18658984504238 30 9
0 23 0
31.0808913481647 83 571
19.9745387811638 75 429
18.211055500912 70 347
41.1393083543691 110 740
12.1037715624263 45 231
19.7956166842737 73 394
0 23 0
24.4419684929095 66 441
0 23 0
3.33850274843601 41 153
12.1037715624263 45 231
19.7956166842737 73 394
0 23 0
15.232598544175 60 336
0 23 0
12.1037715624263 45 231
84.6370699528321 143 900
76.1467756175298 141 893
12.1037715624263 45 231
0 23 0
0.824502890886381 33 45
0 23 0
29.8405768408627 96 557
16.4464769683078 62 361
13.6188803124628 52 252
46.586281092263 112 591
0.824502890886381 33 45
12.1037715624263 45 231
0 23 0
17.3700075269003 74 412
12.1037715624263 45 231
0 23 0
37.011922021767 86 631
31.0808913481647 83 571
0 23 0
6.7365393468215 38 31
12.1037715624263 45 231
16.2370752349123 62 367
20.8843084186332 84 448
16.6103006635777 54 247
12.1037715624263 45 231
38.3496920086518 96 640
28.8349848825644 81 546
24.4419684929095 66 441
10.865553700616 54 225
16.8509395244866 75 434
19.2864565440156 64 400
0.398079010026978 29 15
0 23 0
12.1037715624263 45 231
15.2999923844982 63 381
10.8722249918614 59 307
15.232598544175 60 336
12.1037715624263 45 231
10.8722249918614 59 307
0 23 0
7.7220820453145 44 210
0 23 0
0 23 0
15.232598544175 60 336
0 23 0
0 23 0
8.28212832513285 57 281
0 23 0
0 23 0
7.57354586641571 46 121
7.71718901633379 53 211
0 23 0
0 23 0
0 23 0
12.1037715624263 45 231
29.4047703694963 82 555
0.824502890886381 33 45
0.824502890886381 33 45
0 23 0
0 23 0
0 23 0
12.1037715624263 45 231
19.2864565440156 64 400
12.2487012174133 63 271
12.1037715624263 45 231
12.1037715624263 45 231
21.5729678126992 64 286
16.3790349752412 70 349
3.59554138223948 44 112
0 23 0
0 23 0
0 23 0
0 23 0
7.7220820453145 44 210
2.84485186053967 32 16
18.5962710266861 54 241
0 23 0
0 23 0
19.2864565440156 64 400
45.4452082782177 104 545
0 23 0
3.33850274843601 41 153
0 23 0
32.1022439671684 84 592
12.1037715624263 45 231
1.51871709162622 28 4
2.18658984504238 30 9
12.1037715624263 45 231
20.3078091630193 65 421
0 23 0
38.2027220468713 101 596
26.1572394207508 79 389
19.2864565440156 64 400
0 23 0
12.1037715624263 45 231
36.6897199571058 105 669
7.7220820453145 44 210
1.11382362787704 34 37
0 23 0
104.163456447892 168 1146
12.1037715624263 45 231
0.318083777799256 28 10
12.1037715624263 45 231
30.097169595557 83 577
24.4419684929095 66 441
66.6978749575594 134 785
0 23 0
12.1037715624263 45 231
0 23 0
6.04168633898242 45 191
12.1037715624263 45 231
12.956545489946 66 281
0 23 0
15.2999923844982 63 381
37.011922021767 86 631
14.2618907215282 68 319
0 23 0
12.1037715624263 45 231
0 23 0
18.261032010602 64 402
4.2156308772866 42 171
10.3732140906222 58 301
0 23 0
3.37091166385142 45 107
10.271310089514 49 214
10.5887098049526 60 234
25.2559951865559 90 470
24.4419684929095 66 441
25.6238739444023 68 185
3.33850274843601 41 153
0 23 0
12.1037715624263 45 231
33.2272177248628 89 514
0 23 0
6.37099760172542 48 200
24.4419684929095 66 441
3.33850274843601 41 153
18.5260041026853 68 354
33.1428667642442 100 590
0 23 0
47.8869012100429 102 690
0 23 0
16.4464769683078 62 361
36.6264567165949 91 585
0 23 0
4.87341865274192 46 177
0 23 0
9.83089447713716 47 85
0 23 0
9.58869507218947 57 273
47.8573090644886 119 748
13.249642489865 49 237
25.898056918412 79 379
7.7220820453145 44 210
7.7220820453145 44 210
0 23 0
61.8752121251472 124 845
0 23 0
0 23 0
12.1037715624263 45 231
0 23 0
0 23 0
2.24118758552117 39 120
38.5828010830958 99 689
18.0131990604374 58 267
0 23 0
6.91431646486938 54 227
57.8053755642861 121 922
0 23 0
32.6630843325321 92 565
24.0605412361124 80 522
12.1037715624263 45 231
17.7458943297352 68 358
0 23 0
14.3983726451656 57 297
26.5225362933644 82 557
0 23 0
12.1037715624263 45 231
8.32095747296712 48 144
0 23 0
0 23 0
0 23 0
37.011922021767 86 631
16.0907054110817 58 124
24.4419684929095 66 441
2.24118758552117 39 120
0 23 0
0 23 0
12.1037715624263 45 231
0 23 0
0 23 0
0 23 0
0 23 0
0 23 0
0 23 0
12.9463543119236 67 337
30.9048980440954 85 452
12.1037715624263 45 231
4.2156308772866 42 171
39.9357697254023 96 607
4.2156308772866 42 171
2.24118758552117 39 120
14.7921872450527 72 385
37.6679811281138 94 568
0 23 0
0 23 0
30.1670273634024 77 348
16.8440107209181 62 235
0 23 0
35.8521555271463 95 446
26.2014250310618 78 487
6.80664967136847 55 244
0.115974759724184 25 1
58.4105927903932 121 920
0 23 0
0 23 0
12.1037715624263 45 231
0 23 0
2.71164945957204 40 136
27.2874715588747 78 432
12.1037715624263 45 231
2.24118758552117 39 120
19.2864565440156 64 400
36.9091899037407 98 676
14.3983726451656 57 297
5.4882640206564 50 171
21.3615256822471 70 415
0 23 0
12.1037715624263 45 231
12.1037715624263 45 231
57.5021697181899 118 588
19.2864565440156 64 400
13.249642489865 49 237
21.3041011183861 79 385
37.011922021767 86 631
3.33850274843601 41 153
4.81359526499892 38 49
0 23 0
0 23 0
12.1037715624263 45 231
0 23 0
12.1037715624263 45 231
0 23 0
5.53079249181148 43 190
12.1037715624263 45 231
0 23 0
0 23 0
4.2156308772866 42 171
0 23 0
12.1037715624263 45 231
0 23 0
44.8506757507824 103 583
1.34134768023486 36 78
50.2981664629006 118 805
3.78678140113373 48 156
16.4464769683078 62 361
0.115974759724184 25 1
2.24118758552117 39 120
3.55918142653305 39 57
0 23 0
0 23 0
40.8519856940788 102 592
29.3588953356492 82 561
0 23 0
13.7736618715377 70 271
0 23 0
33.123596586172 85 612
54.1300000546429 111 817
43.3727059012648 102 751
0 23 0
12.1037715624263 45 231
0 23 0
0 23 0
0 23 0
8.82243761937107 58 295
12.1037715624263 45 231
0 23 0
86.7836437063298 154 1036
30.9048980440954 85 452
0 23 0
31.5079011978634 94 494
45.1448472556335 103 765
2.59025177854124 35 31
1.16523722603872 29 7
0 23 0
20.3078091630193 65 421
7.97498950021365 41 46
39.9103587254402 105 670
0 23 0
4.2156308772866 42 171
12.1037715624263 45 231
31.0808913481647 83 571
0 23 0
36.6977623400823 88 435
37.4946383099386 93 610
0 23 0
12.1037715624263 45 231
37.011922021767 86 631
0 23 0
0 23 0
0 23 0
0 23 0
45.1983139629106 110 558
12.1037715624263 45 231
5.53079249181148 43 190
16.4850838982762 72 393
0 23 0
12.1037715624263 45 231
0 23 0
0 23 0
45.0072793431777 112 773
0 23 0
0 23 0
1.34134768023486 36 78
1.16523722603872 29 7
0 23 0
2.18658984504238 30 9
30.1278700319659 88 405
0 23 0
5.53079249181148 43 190
5.48086847143598 40 64
0 23 0
12.1037715624263 45 231
0 23 0
40.5539352177796 93 652
0 23 0
5.53079249181148 43 190
12.1037715624263 45 231
0 23 0
0 23 0
0 23 0
0 23 0
7.7220820453145 44 210
0 23 0
46.7818570776659 107 683
48.68769173163 105 712
29.4140268075489 96 543
1.11382362787704 34 37
5.53079249181148 43 190
0 23 0
0 23 0
18.261032010602 64 402
0 23 0
0 23 0
37.011922021767 86 631
21.4871626906514 77 475
7.55857018119508 55 256
64.5408207678994 137 919
25.4397651429674 78 415
0 23 0
34.2923656185165 85 522
5.53079249181148 43 190
19.2864565440156 64 400
0 23 0
18.5260041026853 68 354
5.26073114429348 52 202
15.6761979545195 71 364
12.1037715624263 45 231
35.9297660850507 88 312
13.6188803124628 52 252
12.1037715624263 45 231
12.1037715624263 45 231
0 23 0
9.10803916094329 50 169
0 23 0
0 23 0
5.53079249181148 43 190
16.4583436048893 59 151
35.8089357754681 97 660
0 23 0
0.970671491022599 34 55
0 23 0
32.3546889859746 91 563
7.7220820453145 44 210
29.478026732314 93 565
4.2156308772866 42 171
39.6041537020995 100 710
0.824502890886381 33 45
57.3365628940386 109 619
12.0237258406545 64 309
0 23 0
29.3014732494446 89 520
0.970671491022599 34 55
0 23 0
0 23 0
32.3174944066384 88 570
1.14075753190649 35 66
40.7320922782457 105 609
22.2026701854397 80 415
14.5320004862176 60 324
15.1438965259142 50 235
33.2272177248628 89 514
24.4419684929095 66 441
0 23 0
0 23 0
6.00555942771395 52 148
12.1037715624263 45 231
21.2014221414117 77 466
70.4860128923474 128 897
9.97558660495631 50 217
24.7555239651551 73 320
4.2156308772866 42 171
13.3197037667108 62 363
0.824502890886381 33 45
0 23 0
0 23 0
37.011922021767 86 631
13.1206025929687 48 234
19.2864565440156 64 400
0 23 0
0.398079010026978 29 15
32.1022439671684 84 592
31.4993469977852 91 602
12.1037715624263 45 231
0 23 0
4.06081356802623 41 73
12.1037715624263 45 231
0 23 0
0.398079010026978 29 15
5.53079249181148 43 190
18.261032010602 64 402
0 23 0
0 23 0
27.487663229693 81 388
3.49929791643281 34 25
0 23 0
0.585746929100057 31 28
24.4419684929095 66 441
18.77426406527 72 378
0 23 0
0 23 0
18.261032010602 64 402
0 23 0
0 23 0
14.5320004862176 60 324
25.7788996997895 76 378
0 23 0
25.5011836743607 81 536
12.1037715624263 45 231
20.3078091630193 65 421
39.6041537020995 100 707
0 23 0
28.8477382567971 74 457
2.71164945957204 40 136
19.4913362446025 71 361
48.1664889337649 107 483
0 23 0
4.07503423019766 46 163
0 23 0
26.7223114434034 85 520
0 23 0
0 23 0
7.7220820453145 44 210
0 23 0
5.53079249181148 43 190
12.1037715624263 45 231
0 23 0
12.1037715624263 45 231
49.9846028984388 116 603
15.1759148469783 67 230
0 23 0
33.123596586172 85 612
0 23 0
48.3667878320979 114 684
12.1037715624263 45 231
0 23 0
0 23 0
0 23 0
5.53079249181148 43 190
53.4865444142846 119 803
0 23 0
49.4246878353379 108 677
7.97498950021365 41 46
0 23 0
16.8440107209181 62 235
0 23 0
7.7220820453145 44 210
64.6121560257939 136 897
35.4358767954188 95 637
16.2370752349123 62 367
0 23 0
0 23 0
2.71164945957204 40 136
0 23 0
1.33933563957331 36 56
19.5045838206887 69 343
12.1037715624263 45 231
0 23 0
20.2809433141999 71 373
12.1037715624263 45 231
0 23 0
3.33850274843601 41 153
0 23 0
37.011922021767 86 631
22.449071195564 72 280
65.9807812367116 132 955
0 23 0
0 23 0
70.8739412217045 137 1040
0 23 0
0 23 0
36.4126086962766 97 658
1.95076629341227 38 55
33.123596586172 85 612
4.2156308772866 42 171
19.2864565440156 64 400
0 23 0
6.01805695359385 53 226
0 23 0
0 23 0
15.8761260966687 75 367
12.1037715624263 45 231
16.2370752349123 62 367
49.9706683650769 122 797
0 23 0
0 23 0
7.7220820453145 44 210
25.074155702944 77 460
0 23 0
47.8016060407602 115 823
2.71164945957204 40 136
2.18658984504238 30 9
0 23 0
0 23 0
5.05464416042026 48 109
0 23 0
2.24118758552117 39 120
19.2864565440156 64 400
25.7759747113482 83 443
0 23 0
27.4697732516207 76 486
0 23 0
8.92882549015732 57 185
33.123596586172 85 612
5.53079249181148 43 190
22.8687971668025 74 457
31.0808913481647 83 571
9.10803916094329 50 169
0 23 0
0 23 0
21.8841073621304 71 337
0 23 0
0 23 0
17.0435074325242 63 384
0 23 0
7.95855714691686 57 276
3.33850274843601 41 153
25.074155702944 77 460
25.5011836743607 81 536
1.58165028409204 37 91
0 23 0
59.4607768251065 125 715
0 23 0
0 23 0
0 23 0
15.9661309400509 66 347
59.8788514873245 126 886
37.011922021767 86 631
19.2864565440156 64 400
14.2059236543981 56 166
14.5320004862176 60 324
12.3061140237811 64 317
19.2864565440156 64 400
13.373059233189 50 241
5.53079249181148 43 190
15.232598544175 60 336
33.1740181419234 98 522
6.16004614912913 42 81
0 23 0
1.66524300204466 35 34
12.1037715624263 45 231
0 23 0
0 23 0
39.5507584325933 93 547
24.4419684929095 66 441
12.1037715624263 45 231
25.0624725664408 76 456
31.2193254117905 84 594
0 23 0
1.87495521979991 38 105
0 23 0
19.7165429560978 67 405
0 23 0
0 23 0
0 23 0
0 23 0
2.24118758552117 39 120
0 23 0
0 23 0
0 23 0
0 23 0
13.7330506798237 59 179
12.1037715624263 45 231
18.261032010602 64 402
20.3078091630193 65 421
12.1037715624263 45 231
9.21002874413684 53 246
24.4419684929095 66 441
0 23 0
0 23 0
16.2370752349123 62 367
0 23 0
35.3154637184408 98 488
0 23 0
0 23 0
3.33850274843601 41 153
12.6206767146832 61 343
17.8592335012299 76 448
4.90974849002308 45 94
28.3610770798903 83 574
33.123596586172 85 612
25.0624725664408 76 456
0.398079010026978 29 15
0 23 0
0 23 0
33.123596586172 85 612
16.4464769683078 62 361
18.2294088643175 67 371
9.58869507218947 57 273
0.115974759724184 25 1
10.99693922396 51 219
16.0579841616556 74 424
16.4464769683078 62 361
0 23 0
0 23 0
5.48086847143598 40 64
7.7220820453145 44 210
15.9070086428767 73 408
7.7220820453145 44 210
0 23 0
16.8509395244866 75 434
42.1477608428654 105 676
38.8390467063492 102 598
1.58165028409204 37 91
0 23 0
40.7730115283989 99 691
0 23 0
11.1437469757848 60 275
33.123596586172 85 612
0 23 0
0 23 0
51.5475675845986 117 850
0 23 0
1.87495521979991 38 105
5.48499904330485 35 19
4.2156308772866 42 171
14.6244149257547 58 309
60.6023516546858 134 872
21.2638783634624 60 262
33.123596586172 85 612
0 23 0
12.1037715624263 45 231
1.51871709162622 28 4
0 23 0
12.1037715624263 45 231
12.6206767146832 61 343
7.7220820453145 44 210
41.410163597141 104 699
0 23 0
25.5287930362456 83 487
0 23 0
0 23 0
0 23 0
17.2559358747901 66 337
0 23 0
0 23 0
9.57917325242268 59 310
6.85571140438477 44 100
0 23 0
32.0171163441527 91 569
31.0808913481647 83 571
5.53079249181148 43 190
0 23 0
15.2999923844982 63 381
0 23 0
0 23 0
16.4846147741465 57 262
8.28212832513285 57 281
28.5314478843743 87 511
0 23 0
4.2156308772866 42 171
0 23 0
0 23 0
49.8106429146622 105 802
2.24118758552117 39 120
28.1757013907649 92 496
0 23 0
0 23 0
6.16004614912913 42 81
37.8323338982836 98 690
12.1037715624263 45 231
3.33850274843601 41 153
24.4419684929095 66 441
12.1037715624263 45 231
14.5320004862176 60 324
7.7220820453145 44 210
24.4419684929095 66 441
41.7998394994708 102 500
15.6631120007942 61 351
15.6631120007942 61 351
16.2370752349123 62 367
20.3078091630193 65 421
12.1037715624263 45 231
10.3732140906222 58 301
102.029976249012 165 1033
37.011922021767 86 631
5.53079249181148 43 190
64.7207469398965 127 827
4.2156308772866 42 171
30.8152757864083 88 520
37.0240458278392 87 511
24.4419684929095 66 441
37.011922021767 86 631
0 23 0
4.2156308772866 42 171
2.24118758552117 39 120
12.1037715624263 45 231
21.5861080176339 83 430
44.1234946366298 102 745
46.7802534217566 114 803
5.53079249181148 43 190
13.7909032306283 59 259
12.1037715624263 45 231
0 23 0
1.87495521979991 38 105
0 23 0
18.261032010602 64 402
0 23 0
12.1037715624263 45 231
0 23 0
20.0460401304981 73 338
0.48670640213105 30 21
0 23 0
12.1037715624263 45 231
23.5180446950333 77 487
12.1037715624263 45 231
14.5320004862176 60 324
12.1037715624263 45 231
41.5300431848124 99 454
0 23 0
20.3078091630193 65 421
4.78735251468792 51 191
40.7382493905286 94 659
25.074155702944 77 460
49.8106429146622 105 802
12.1037715624263 45 231
12.1037715624263 45 231
7.57354586641571 46 121
0 23 0
0 23 0
7.7220820453145 44 210
0 23 0
0 23 0
12.1037715624263 45 231
64.1662261944174 130 916
4.2156308772866 42 171
0.115974759724184 25 1
0 23 0
24.4419684929095 66 441
0 23 0
13.4949796211265 51 246
12.1037715624263 45 231
8.29792643884473 47 91
0 23 0
0.697410011448965 32 36
5.53079249181148 43 190
0 23 0
0 23 0
7.82644822091908 57 222
21.5358884136422 66 184
7.30151288978572 55 196
49.2068542177608 119 782
14.5320004862176 60 324
4.2156308772866 42 171
5.53079249181148 43 190
27.5856626492505 80 520
31.7705303946184 94 544
19.2864565440156 64 400
12.1037715624263 45 231
12.1037715624263 45 231
19.2864565440156 64 400
32.6728502232932 78 226
0 23 0
12.1037715624263 45 231
26.484061980334 70 447
0 23 0
11.3532244022466 60 330
0 23 0
2.71164945957204 40 136
0 23 0
20.7414070322579 82 438
12.1037715624263 45 231
3.33850274843601 41 153
37.011922021767 86 631
7.7220820453145 44 210
13.3197037667108 62 363
49.0248680808873 114 802
23.18540837478 78 491
6.9093226529643 52 226
79.5520847479445 147 1024
1.14075753190649 35 66
0 23 0
22.3091540292457 80 385
0 23 0
13.2281307708243 58 242
0 23 0
7.7220820453145 44 210
19.7071492314845 68 316
30.097169595557 83 577
0 23 0
5.53079249181148 43 190
61.8667475579247 122 782
30.85497379287 93 411
39.5381103935976 100 599
0 23 0
4.2156308772866 42 171
0 23 0
18.261032010602 64 402
18.2369594962659 65 274
46.1661998746372 104 784
13.4949796211265 51 246
12.1037715624263 45 231
12.8113313283961 67 307
5.53079249181148 43 190
12.1037715624263 45 231
23.3546193841137 69 404
0 23 0
0.318083777799256 28 10
35.8089357754681 97 660
0 23 0
3.33850274843601 41 153
0 23 0
12.1037715624263 45 231
35.0417739979278 87 541
0.970671491022599 34 55
26.4905272460607 87 451
39.2300611050115 102 544
0 23 0
37.011922021767 86 631
31.8729032161131 93 510
0 23 0
23.9458337080746 89 529
1.87495521979991 38 105
0 23 0
15.2999923844982 63 381
32.9192791216099 84 447
0 23 0
15.81144840338 68 334
7.7220820453145 44 210
7.7220820453145 44 210
12.1037715624263 45 231
67.1838783614238 137 942
37.011922021767 86 631
0 23 0
0 23 0
0 23 0
0 23 0
3.44120181695064 42 83
16.0052625138127 60 286
21.8669579458674 69 246
43.0872421626879 91 635
7.7220820453145 44 210
0 23 0
12.5286742049575 68 299
24.4419684929095 66 441
12.1037715624263 45 231
14.7530295821727 66 301
5.53079249181148 43 190
12.1037715624263 45 231
0 23 0
12.1037715624263 45 231
0 23 0
16.3790349752412 70 349
0 23 0
3.33850274843601 41 153
7.55857018119508 55 256
2.71164945957204 40 136
12.1037715624263 45 231
34.1192183160317 94 617
0.697410011448965 32 36
0 23 0
49.2941067184411 110 686
24.4419684929095 66 441
35.0739664450183 87 429
0 23 0
19.2864565440156 64 400
7.23246881110128 56 262
24.4419684929095 66 441
1.34134768023486 36 78
0 23 0
38.8974241173988 105 537
37.7193893036327 104 629
7.7220820453145 44 210
13.3801377849897 60 262
14.8962157108742 59 322
0 23 0
37.011922021767 86 631
0 23 0
0 23 0
31.0808913481647 83 571
37.011922021767 86 631
0 23 0
3.33850274843601 41 153
0 23 0
10.99693922396 51 219
0 23 0
23.2493491253513 80 345
0 23 0
2.71164945957204 40 136
1.14075753190649 35 66
1.14075753190649 35 66
39.2485163575745 100 714
0 23 0
0 23 0
2.66562072409743 42 87
31.0808913481647 83 571
37.011922021767 86 631
24.4419684929095 66 441
12.1037715624263 45 231
20.1152536073512 64 312
0 23 0
0 23 0
0 23 0
12.1037715624263 45 231
2.71164945957204 40 136
0 23 0
22.6983996111552 73 449
12.1037715624263 45 231
39.9956420982431 107 685
14.5320004862176 60 324
44.4021216129873 103 767
1.87495521979991 38 105
0 23 0
17.3355318256304 69 336
0 23 0
19.2864565440156 64 400
0 23 0
0 23 0
7.7220820453145 44 210
18.0131990604374 58 267
0 23 0
54.5600115073082 113 581
12.1037715624263 45 231
5.53079249181148 43 190
0 23 0
32.1022439671684 84 592
18.4269935082409 66 387
24.4419684929095 66 441
2.24118758552117 39 120
6.91431646486938 54 227
7.7220820453145 44 210
17.0953068089083 66 351
16.7159132348669 64 342
24.4419684929095 66 441
64.7876523578635 130 806
19.7952020223227 69 364
20.3078091630193 65 421
5.53079249181148 43 190
0 23 0
4.2156308772866 42 171
21.5055378645696 75 326
0 23 0
4.2156308772866 42 171
13.0796049303249 58 289
0 23 0
0 23 0
0.48670640213105 30 21
0 23 0
0 23 0
37.38258125286 97 556
6.37099760172542 48 200
0 23 0
0 23 0
0 23 0
22.8830465108442 79 389
21.4593334549961 76 468
0 23 0
15.232598544175 60 336
0 23 0
7.7220820453145 44 210
0 23 0
27.5902153272021 80 514
19.3116767777262 82 444
7.7220820453145 44 210
28.3610770798903 83 574
33.123596586172 85 612
7.57354586641571 46 121
12.1037715624263 45 231
47.21039113343 104 557
34.3557937105188 105 667
28.244604028029 86 484
0 23 0
12.1037715624263 45 231
5.53079249181148 43 190
5.53079249181148 43 190
2.84485186053967 32 16
0 23 0
0 23 0
12.1037715624263 45 231
24.4419684929095 66 441
48.274808216112 108 715
0 23 0
12.1037715624263 45 231
0 23 0
41.3316947927821 97 686
6.85571140438477 44 100
80.0970880583961 150 974
24.4419684929095 66 441
4.2156308772866 42 171
5.53079249181148 43 190
24.4139587601072 80 520
1.92689189764632 39 92
36.2059012723405 93 574
12.9803427922679 47 232
12.1037715624263 45 231
31.2193254117905 84 594
0 23 0
7.7220820453145 44 210
21.9309923024519 84 454
0 23 0
1.58165028409204 37 91
45.3167687432019 106 546
56.0902300187844 120 805
12.1037715624263 45 231
22.0346571000702 74 445
7.7220820453145 44 210
0 23 0
0 23 0
24.4419684929095 66 441
40.0172770891655 103 637
24.2067609937837 79 512
0 23 0
0 23 0
18.1693309695156 69 252
0 23 0
0.585746929100057 31 28
7.7220820453145 44 210
0.824502890886381 33 45
20.3078091630193 65 421
26.5225362933644 82 557
3.49929791643281 34 25
0 23 0
0 23 0
0 23 0
12.1037715624263 45 231
7.7220820453145 44 210
0 23 0
0.585746929100057 31 28
0 23 0
9.10803916094329 50 169
0 23 0
5.48499904330485 35 19
12.1037715624263 45 231
0 23 0
28.8349848825644 81 546
0 23 0
0 23 0
64.0430101782241 115 517
12.1037715624263 45 231
25.5444845132842 81 293
4.2156308772866 42 171
0 23 0
22.7133595911416 68 332
0 23 0
9.06557629733575 52 238
0 23 0
62.8347647962003 123 955
16.2370752349123 62 367
37.011922021767 86 631
20.431431151524 76 446
1.34134768023486 36 78
0 23 0
0 23 0
0 23 0
0 23 0
12.1037715624263 45 231
0 23 0
15.5055079958196 59 199
0 23 0
46.1661998746372 104 784
14.5320004862176 60 324
3.33850274843601 41 153
0 23 0
11.8905996846706 56 256
5.53079249181148 43 190
23.2080425398479 75 317
15.2999923844982 63 381
12.1037715624263 45 231
71.8952938407082 138 1058
0 23 0
69.5335755955815 133 689
0.48670640213105 30 21
0.115974759724184 25 1
32.5769788979516 89 494
0 23 0
45.0063935718373 100 619
4.57972840742661 43 91
2.79884707471136 44 112
16.8440107209181 62 235
5.47706377964235 51 177
0 23 0
0 23 0
31.8129801957511 92 580
0 23 0
49.2949459480678 111 686
7.7220820453145 44 210
14.8962157108742 59 322
28.4412389186024 80 532
0 23 0
45.4664300113027 109 618
0 23 0
12.1037715624263 45 231
0 23 0
0 23 0
57.532572735167 126 822
15.6631120007942 61 351
14.1685684227726 70 370
0 23 0
0 23 0
17.0435074325242 63 384
0 23 0
28.8349848825644 81 546
0 23 0
4.15429149579678 36 36
0 23 0
0 23 0
6.80664967136847 55 244
0 23 0
5.53079249181148 43 190
0 23 0
0 23 0
34.2757280870064 95 619
0 23 0
0 23 0
50.5123752054084 117 808
18.070163050373 66 367
5.53079249181148 43 190
0 23 0
18.4529142979349 62 144
5.53079249181148 43 190
0 23 0
13.0796049303249 58 289
0 23 0
14.5320004862176 60 324
24.4419684929095 66 441
0 23 0
30.2048580534496 87 521
18.4632337354764 70 395
0.585746929100057 31 28
0.48670640213105 30 21
15.6631120007942 61 351
0 23 0
4.81359526499892 38 49
19.2864565440156 64 400
0 23 0
0 23 0
0 23 0
0 23 0
27.1274200395864 90 459
0 23 0
0 23 0
0 23 0
1.87495521979991 38 105
0 23 0
54.9123480187894 114 790
0 23 0
5.48086847143598 40 64
0 23 0
7.7220820453145 44 210
27.0427634702847 83 425
6.85571140438477 44 100
0 23 0
24.4419684929095 66 441
45.0267949230119 94 428
30.097169595557 83 577
0 23 0
2.59835152577854 41 121
12.1037715624263 45 231
20.3078091630193 65 421
14.0368586676817 55 276
12.1037715624263 45 231
1.32445486193836 33 24
27.1957328081965 87 495
24.4419684929095 66 441
0 23 0
0 23 0
46.1661998746372 104 784
29.8117456133961 93 602
3.33850274843601 41 153
12.1037715624263 45 231
0 23 0
27.5856626492505 80 520
0 23 0
0 23 0
5.53079249181148 43 190
32.1022439671684 84 592
21.6770469921516 72 428
48.68769173163 105 712
0.697410011448965 32 36
12.1037715624263 45 231
11.8905996846706 56 256
12.1037715624263 45 231
10.8722249918614 59 307
11.6015099832455 62 307
0 23 0
0 23 0
0 23 0
6.49588041728539 54 217
0 23 0
115.596526853153 176 1090
0.245241622077722 27 6
0 23 0
0 23 0
22.2766799116515 80 415
12.1037715624263 45 231
4.2156308772866 42 171
9.06557629733575 52 238
0 23 0
19.4128960586564 73 406
31.2193254117905 84 594
0 23 0
1.58165028409204 37 91
0 23 0
0 23 0
67.8098833646936 134 980
0 23 0
0 23 0
3.33850274843601 41 153
0 23 0
0 23 0
0 23 0
12.1037715624263 45 231
5.53079249181148 43 190
0 23 0
0 23 0
14.205470665027 56 286
9.85682971878676 52 150
59.4319454093969 122 938
26.1520581971661 88 534
0 23 0
15.232598544175 60 336
24.4419684929095 66 441
12.9803427922679 47 232
5.08905485946391 40 44
28.4412389186024 80 532
7.23246881110128 56 262
24.2158890495871 87 514
37.011922021767 86 631
0 23 0
2.71164945957204 40 136
34.1235576163789 90 574
12.9803427922679 47 232
0 23 0
0 23 0
0 23 0
44.4743211330652 117 725
35.7551242198551 95 592
8.82243761937107 58 295
0 23 0
0 23 0
13.249642489865 49 237
10.865553700616 54 225
0 23 0
0 23 0
24.4419684929095 66 441
12.9803427922679 47 232
12.1037715624263 45 231
19.2864565440156 64 400
10.6771676879115 54 124
42.6725037022249 105 658
0 23 0
14.8769940601449 67 305
7.7220820453145 44 210
44.5957385954294 109 716
12.1037715624263 45 231
4.2156308772866 42 171
22.2459861938182 78 481
12.1037715624263 45 231
17.549610847266 69 354
7.7220820453145 44 210
85.0839703951193 155 1058
0 23 0
0 23 0
16.2816435152909 74 330
0 23 0
6.37099760172542 48 200
0 23 0
27.3108356499016 85 488
0.318083777799256 28 10
0 23 0
0 23 0
8.28212832513285 57 281
22.5037984415126 86 412
7.95855714691686 57 276
7.57354586641571 46 121
9.77961932338352 56 276
25.8235092413367 81 538
0 23 0
0 23 0
16.4464769683078 62 361
19.2864565440156 64 400
0 23 0
0 23 0
15.2999923844982 63 381
33.123596586172 85 612
35.0631150273517 98 542
0 23 0
11.8905996846706 56 256
32.1022439671684 84 592
2.18658984504238 30 9
34.7973241847645 97 485
0 23 0
7.7220820453145 44 210
1.30576289017442 34 31
0 23 0
12.1037715624263 45 231
0 23 0
0 23 0
0 23 0
14.5320004862176 60 324
12.1037715624263 45 231
40.2327912202014 102 667
34.1532386598349 94 609
17.0435074325242 63 384
11.211073923617 64 227
0 23 0
0.245241622077722 27 6
21.2869090350042 73 360
0 23 0
5.53079249181148 43 190
12.1037715624263 45 231
10.1901243557972 66 307
0 23 0
0 23 0
12.1037715624263 45 231
12.1037715624263 45 231
0 23 0
6.96295082661005 56 222
1.34134768023486 36 78
12.1037715624263 45 231
12.6066068875449 60 267
0 23 0
9.2499343902485 50 115
20.6366548971979 75 427
12.1037715624263 45 231
0 23 0
0 23 0
0 23 0
0 23 0
0 23 0
29.8234146377105 73 450
17.7008139807879 66 226
31.7306637108043 82 498
15.2097108664272 50 68
0.824502890886381 33 45
2.24118758552117 39 120
1.14075753190649 35 66
65.9807812367116 132 955
0 23 0
0 23 0
39.9403552057669 106 540
34.0713682707548 95 493
33.0384689631563 92 590
37.761625981514 93 365
0 23 0
0 23 0
5.53079249181148 43 190
12.1037715624263 45 231
0 23 0
0 23 0
0 23 0
0 23 0
47.9951589714197 108 742
0 23 0
0 23 0
10.7169812188908 60 326
12.1037715624263 45 231
12.1037715624263 45 231
30.097169595557 83 577
0 23 0
8.32095747296712 48 144
0 23 0
0 23 0
0 23 0
7.7220820453145 44 210
22.0618620156414 71 292
0 23 0
54.6489794751121 114 805
12.1037715624263 45 231
32.6439027416613 90 458
12.1037715624263 45 231
37.3819757815351 104 676
0 23 0
5.53079249181148 43 190
0 23 0
0 23 0
0 23 0
0 23 0
7.7220820453145 44 210
12.1037715624263 45 231
0.245241622077722 27 6
34.7008718916009 92 607
5.53079249181148 43 190
0.245241622077722 27 6
0 23 0
37.5614484640922 98 670
59.4319454093969 122 938
0.115974759724184 25 1
19.2864565440156 64 400
12.1037715624263 45 231
8.05338980501654 49 104
1.21296492036546 35 46
1.14075753190649 35 66
30.097169595557 83 577
9.86559939214439 51 119
0 23 0
0 23 0
0 23 0
12.1037715624263 45 231
17.4407272845766 74 421
37.011922021767 86 631
0 23 0
0 23 0
0 23 0
4.2156308772866 42 171
4.2156308772866 42 171
0 23 0
0 23 0
12.1037715624263 45 231
0 23 0
0 23 0
31.0808913481647 83 571
12.1037715624263 45 231
0 23 0
0 23 0
1.87495521979991 38 105
0 23 0
35.4358767954188 95 637
51.8628181549423 118 790
4.15429149579678 36 36
22.725214597633 80 517
0 23 0
0 23 0
8.35244379608926 46 211
3.33850274843601 41 153
32.1022439671684 84 592
1.34134768023486 36 78
0 23 0
0 23 0
1.87495521979991 38 105
12.1037715624263 45 231
24.4419684929095 66 441
1.34134768023486 36 78
24.4419684929095 66 441
0 23 0
24.4419684929095 66 441
0 23 0
2.71164945957204 40 136
7.7220820453145 44 210
7.7220820453145 44 210
36.6264567165949 91 585
0 23 0
22.3249437936518 78 493
0.17826992288708 26 3
7.57354586641571 46 121
4.2156308772866 42 171
0 23 0
12.1037715624263 45 231
0 23 0
0 23 0
7.7220820453145 44 210
13.0796049303249 58 289
29.4047703694963 82 555
23.6866286320665 79 499
25.7063325778104 84 361
6.85571140438477 44 100
0 23 0
0 23 0
1.87495521979991 38 105
37.011922021767 86 631
14.6244149257547 58 309
0 23 0
7.7220820453145 44 210
0 23 0
20.3078091630193 65 421
0 23 0
16.4464769683078 62 361
0 23 0
0 23 0
27.5902153272021 80 514
0 23 0
11.8905996846706 56 256
24.4419684929095 66 441
15.6761979545195 71 364
24.1426247914781 81 393
38.3496920086518 96 640
37.011922021767 86 631
12.1037715624263 45 231
74.8119607481044 140 935
0 23 0
0 23 0
47.416021963599 106 442
0 23 0
4.2156308772866 42 171
8.32095747296712 48 144
0 23 0
0 23 0
39.5421583340377 97 666
17.3657422480469 70 272
24.4139587601072 80 520
2.36302240287811 42 101
13.8860515185942 54 267
21.8318732788262 77 480
20.6761007188394 66 401
1.87495521979991 38 105
0 23 0
1.14075753190649 35 66
18.261032010602 64 402
12.1037715624263 45 231
16.5968953210331 60 282
24.4419684929095 66 441
0 23 0
3.33850274843601 41 153
32.3546889859746 91 563
12.1037715624263 45 231
30.9625856437852 95 545
12.1037715624263 45 231
11.3532244022466 60 330
4.2156308772866 42 171
11.065168164655 65 325
51.8426171575931 114 802
30.097169595557 83 577
27.133601125316 74 469
0.824502890886381 33 45
0 23 0
19.9745387811638 75 429
0 23 0
0 23 0
1.34134768023486 36 78
12.9803427922679 47 232
12.1037715624263 45 231
42.2337544162694 104 533
0 23 0
4.15429149579678 36 36
0 23 0
0 23 0
16.4464769683078 62 361
10.8722249918614 59 307
0 23 0
40.8621356560685 109 607
5.53079249181148 43 190
19.2864565440156 64 400
31.0808913481647 83 571
13.1206025929687 48 234
18.261032010602 64 402
11.2145705995101 57 248
36.323735990915 90 466
5.10820087431589 48 186
0 23 0
0 23 0
24.4419684929095 66 441
54.8684270613328 119 833
1.87495521979991 38 105
20.3078091630193 65 421
2.29660967323256 40 70
17.3156776255433 56 256
12.1037715624263 45 231
14.3983726451656 57 297
0 23 0
26.6440562890787 77 284
0 23 0
0 23 0
15.499876562428 64 262
12.1037715624263 45 231
12.1037715624263 45 231
0 23 0
12.1037715624263 45 231
0 23 0
0 23 0
57.1449104227651 119 658
60.050790044079 123 870
29.1493177777857 85 482
0 23 0
0 23 0
30.7344978345312 78 366
8.35244379608926 46 211
17.5334984897875 61 288
24.4419684929095 66 441
35.6091407215356 94 624
0 23 0
16.4464769683078 62 361
0 23 0
0 23 0
0 23 0
24.4419684929095 66 441
36.6651586827229 88 575
0 23 0
0 23 0
19.4865804210831 72 238
10.6795783294217 64 269
0 23 0
0 23 0
12.1037715624263 45 231
22.8004807551206 77 478
0.115974759724184 25 1
0 23 0
0 23 0
0 23 0
0 23 0
0 23 0
0 23 0
0 23 0
2.84252947429705 40 62
0 23 0
16.2370752349123 62 367
12.1037715624263 45 231
0 23 0
15.5632840964453 53 100
5.53079249181148 43 190
38.2980412396228 99 703
0 23 0
0.585746929100057 31 28
0 23 0
5.53079249181148 43 190
60.524732900384 125 836
0 23 0
3.15901872676908 43 94
12.1037715624263 45 231
26.5225362933644 82 557
12.1037715624263 45 231
12.1037715624263 45 231
15.1681723785875 57 277
0 23 0
0 23 0
0 23 0
6.71359873270276 55 249
12.1037715624263 45 231
22.9530869888611 77 472
12.1037715624263 45 231
8.2940801535443 41 40
0.48670640213105 30 21
0 23 0
18.8800722134328 68 385
12.1037715624263 45 231
35.1519392822133 94 626
10.7169812188908 60 326
0 23 0
12.1037715624263 45 231
0 23 0
0 23 0
0 23 0
16.8808921144057 75 441
0 23 0
0 23 0
44.4021216129873 103 767
0 23 0
12.1037715624263 45 231
19.2864565440156 64 400
0 23 0
0 23 0
0 23 0
27.5902153272021 80 514
0 23 0
0 23 0
13.3801377849897 60 262
0 23 0
18.261032010602 64 402
7.7220820453145 44 210
0 23 0
0 23 0
37.011922021767 86 631
0.245241622077722 27 6
22.6983996111552 73 449
20.8251059670052 76 462
40.4462288778498 105 541
0 23 0
7.7220820453145 44 210
0 23 0
0 23 0
12.1037715624263 45 231
0 23 0
0 23 0
18.261032010602 64 402
0 23 0
7.84855414784208 56 258
14.8962157108742 59 322
5.53079249181148 43 190
45.1448472556335 103 765
20.5461489898804 85 479
25.0624725664408 76 456
28.1311219537932 79 519
0 23 0
0 23 0
0 23 0
0 23 0
0 23 0
28.8083815695327 96 537
3.33850274843601 41 153
12.1037715624263 45 231
0 23 0
0 23 0
0 23 0
22.8869436535308 69 244
0 23 0
4.2156308772866 42 171
24.4419684929095 66 441
0 23 0
24.4419684929095 66 441
15.1438965259142 50 235
37.011922021767 86 631
15.8637127105452 67 245
12.1037715624263 45 231
0 23 0
0 23 0
0 23 0
12.6206767146832 61 343
5.12157256188961 45 111
12.1037715624263 45 231
7.7220820453145 44 210
0 23 0
0 23 0
12.1037715624263 45 231
31.340080872184 95 627
0 23 0
37.011922021767 86 631
0 23 0
37.4946383099386 93 610
0 23 0
0 23 0
0 23 0
18.7205656328658 75 301
0 23 0
13.1314746712874 56 139
12.1037715624263 45 231
18.6899151951051 74 415
48.2620207932546 113 678
24.4419684929095 66 441
0 23 0
0 23 0
24.4419684929095 66 441
19.0708856252955 58 255
24.4419684929095 66 441
12.1037715624263 45 231
26.484061980334 70 447
0 23 0
6.80664967136847 55 244
0 23 0
0 23 0
12.1037715624263 45 231
25.8235092413367 81 538
12.1037715624263 45 231
69.0810267476053 139 963
9.95828198944809 63 264
12.1037715624263 45 231
24.4419684929095 66 441
12.1037715624263 45 231
16.7952703916033 63 352
0 23 0
19.2864565440156 64 400
2.24118758552117 39 120
0 23 0
11.3186056480669 67 275
9.04924179618711 58 291
0 23 0
27.1345417514815 89 522
24.4419684929095 66 441
35.6194062729861 96 634
40.6255063211031 101 728
0 23 0
12.1037715624263 45 231
0 23 0
0 23 0
12.1037715624263 45 231
1.51871709162622 28 4
9.06557629733575 52 238
0 23 0
4.2156308772866 42 171
0 23 0
0 23 0
12.1037715624263 45 231
32.3989074087805 95 501
64.3815210820474 133 972
10.4415244108 47 85
0 23 0
1.87495521979991 38 105
10.964461986614 54 147
0 23 0
0 23 0
58.9378559551647 127 873
4.2156308772866 42 171
0.245241622077722 27 6
0 23 0
0 23 0
3.33850274843601 41 153
22.8624706334803 80 388
0 23 0
62.8347647962003 123 955
14.5320004862176 60 324
6.26011422002524 47 196
0 23 0
62.7092588094428 129 882
9.10803916094329 50 169
17.3759191093844 57 130
12.1037715624263 45 231
12.1037715624263 45 231
24.4419684929095 66 441
0 23 0
0 23 0
6.50384657958851 49 117
0 23 0
27.5902153272021 80 514
43.6373182639335 102 440
0 23 0
0 23 0
18.261032010602 64 402
0 23 0
0 23 0
16.2370752349123 62 367
12.1037715624263 45 231
45.2880239464384 112 766
0 23 0
2.18658984504238 30 9
0 23 0
25.074155702944 77 460
14.1470195403343 63 251
12.1037715624263 45 231
24.4419684929095 66 441
8.6972180637802 49 220
12.1037715624263 45 231
5.78641949253821 44 70
7.95173533943578 49 94
0 23 0
7.7220820453145 44 210
12.1037715624263 45 231
37.011922021767 86 631
12.1037715624263 45 231
14.6244149257547 58 309
12.1037715624263 45 231
0 23 0
7.7220820453145 44 210
11.6815903863859 50 109
37.011922021767 86 631
16.2370752349123 62 367
0 23 0
14.589809481702 62 295
0 23 0
16.9593374108605 69 360
18.261032010602 64 402
33.123596586172 85 612
0 23 0
10.5872536446321 66 299
0 23 0
9.70623461827866 49 80
25.4353113791109 81 541
0 23 0
0 23 0
16.5896218364173 64 324
15.4902120020719 72 295
12.1037715624263 45 231
20.3078091630193 65 421
0 23 0
41.3601923514587 105 658
7.7220820453145 44 210
0 23 0
