"COLLES.MDM.LN" "SACKIN" "COPHENETIC"
0 45 0
0 45 0
23.4220677809559 89 946
0 45 0
0 45 0
33.4711859508047 128 1681
0 45 0
17.5714203773129 113 1203
41.5092447967848 164 2327
0 45 0
15.2741660859718 88 903
0.544341838006426 60 105
0 45 0
0 45 0
0.850891152586382 65 190
26.5330702869279 122 1444
3.86563118871588 81 630
0 45 0
0 45 0
0.0870620553634577 48 3
0 45 0
0 45 0
0 45 0
0 45 0
23.4220677809559 89 946
8.75555327261911 86 820
23.4220677809559 89 946
0 45 0
15.2741660859718 88 903
15.2741660859718 88 903
11.2000956018643 87 861
0 45 0
1.85040548402819 74 406
0 45 0
0 45 0
7.12577116241197 85 780
1.85040548402819 74 406
0 45 0
0 45 0
0 45 0
0 45 0
0 45 0
0 45 0
0 45 0
0 45 0
0 45 0
0 45 0
11.2000956018643 87 861
0 45 0
7.12577116241197 85 780
12.5648295035049 104 997
0.0579873798620921 47 1
47.0982206148816 132 1849
0 45 0
0 45 0
0 45 0
0 45 0
0 45 0
0 45 0
0 45 0
0 45 0
23.4220677809559 89 946
0 45 0
0 45 0
20.9772833183896 123 1483
0 45 0
38.184133577525 130 1764
0 45 0
23.4220677809559 89 946
0 45 0
0 45 0
0 45 0
0 45 0
0 45 0
1.69026988759179 73 378
0 45 0
0 45 0
0 45 0
0.654536076448424 62 136
16.7320825346148 143 1616
0 45 0
0 45 0
0 45 0
0 45 0
0.44711589341162 58 78
0 45 0
24.5501991707835 94 956
0 45 0
2.77119564554116 82 344
0 45 0
2.46766188586144 77 496
0 45 0
0 45 0
0 45 0
5.0883346470712 83 703
0 45 0
25.4532789480681 107 1099
15.2741660859718 88 903
28.2458670829102 124 1521
3.86563118871588 81 630
0 45 0
0 45 0
0 45 0
0 45 0
0 45 0
23.4220677809559 89 946
1.00864763020219 67 231
2.46766188586144 77 496
23.4220677809559 89 946
0 45 0
0 45 0
0.44711589341162 58 78
0 45 0
0 45 0
0 45 0
2.37819427249928 78 276
0 45 0
11.2000956018643 87 861
0 45 0
23.4220677809559 89 946
28.2458670829102 124 1521
0 45 0
0 45 0
0 45 0
0 45 0
0 45 0
50.5190951081567 151 2020
3.05027289779113 79 561
2.73658943490342 78 528
0 45 0
0 45 0
15.2741660859718 88 903
0 45 0
23.4220677809559 89 946
23.4220677809559 89 946
0 45 0
1.4178766958738 71 325
0 45 0
0 45 0
0 45 0
0 45 0
0.17913555451214 51 15
0 45 0
1.85040548402819 74 406
0 45 0
4.40909017568369 82 666
23.4220677809559 89 946
0 45 0
23.4220677809559 89 946
0 45 0
0 45 0
8.75555327261911 86 820
0 45 0
23.4220677809559 89 946
0 45 0
2.52311487513385 73 191
23.4220677809559 89 946
0 45 0
0 45 0
0 45 0
0 45 0
51.9007259111014 162 2284
1.3010520090143 70 300
0 45 0
23.4220677809559 89 946
0 45 0
0 45 0
0 45 0
0 45 0
0 45 0
0 45 0
0 45 0
0 45 0
0 45 0
0 45 0
0 45 0
0 45 0
0 45 0
19.2989484960198 121 1431
23.3523387827952 128 1209
0 45 0
0 45 0
0 45 0
0 45 0
0 45 0
0 45 0
0 45 0
0 45 0
20.9618198990688 123 982
3.42092226418642 80 595
0 45 0
11.2000956018643 87 861
0 45 0
0 45 0
0.360535125236965 56 55
0 45 0
26.5269942771947 163 2050
35.2857409930989 130 1766
0 45 0
0 45 0
36.7023280459826 164 1594
23.4220677809559 89 946
11.2000956018643 87 861
0 45 0
0 45 0
1.69026988759179 73 378
5.0883346470712 83 703
0 45 0
0 45 0
0 45 0
0 45 0
23.4220677809559 89 946
3.42092226418642 80 595
0 45 0
0 45 0
0 45 0
0 45 0
0 45 0
2.73998074109347 75 219
23.4220677809559 89 946
0 45 0
5.0883346470712 83 703
0 45 0
0 45 0
0 45 0
0 45 0
0 45 0
0 45 0
5.96156277798318 84 741
0 45 0
0 45 0
0 45 0
0 45 0
0 45 0
0 45 0
0 45 0
3.08280503235135 61 57
0 45 0
0 45 0
0 45 0
0 45 0
0 45 0
0.597650022805646 61 120
0 45 0
109.498698850182 282 4589
5.0883346470712 83 703
0 45 0
23.4220677809559 89 946
77.5541826722944 207 3218
0 45 0
0 45 0
0 45 0
0.246630285936866 53 28
0 45 0
0 45 0
0 45 0
0 45 0
23.4220677809559 89 946
42.6028312872277 161 2187
0 45 0
1.0977044388783 68 253
0 45 0
15.2741660859718 88 903
0 45 0
0 45 0
0 45 0
0 45 0
0 45 0
0 45 0
0 45 0
0 45 0
11.2000956018643 87 861
0 45 0
0 45 0
0.17913555451214 51 15
0 45 0
23.4220677809559 89 946
0 45 0
0 45 0
71.0277406820838 174 2710
0 45 0
39.2054861965286 131 1807
0 45 0
0 45 0
0 45 0
113.815553691579 295 4460
0 45 0
0 45 0
0 45 0
0 45 0
3.05027289779113 79 561
0 45 0
0.92664984543774 66 210
0 45 0
23.4220677809559 89 946
47.0982206148816 132 1849
0 45 0
0 45 0
23.4220677809559 89 946
23.4220677809559 89 946
0 45 0
0 45 0
0 45 0
11.2000956018643 87 861
0 45 0
0 45 0
23.4220677809559 89 946
18.0196731771479 116 1281
7.12577116241197 85 780
0 45 0
0 45 0
0 45 0
3.05027289779113 79 561
0 45 0
0 45 0
0 45 0
23.4220677809559 89 946
0 45 0
0 45 0
0 45 0
23.4220677809559 89 946
0 45 0
0 45 0
0 45 0
0 45 0
0 45 0
0 45 0
0 45 0
11.2000956018643 87 861
0 45 0
0 45 0
26.4904887459936 156 2037
0 45 0
0 45 0
0.597650022805646 61 120
0 45 0
23.4220677809559 89 946
4.40909017568369 82 666
0 45 0
0 45 0
0 45 0
23.4220677809559 89 946
23.4220677809559 89 946
0 45 0
0 45 0
0 45 0
0 45 0
0.71539344609343 63 153
0 45 0
0 45 0
0 45 0
0 45 0
23.4220677809559 89 946
55.9322679101162 170 2552
0 45 0
0 45 0
47.0982206148816 132 1849
0 45 0
3.26852922437579 90 556
11.2000956018643 87 861
0 45 0
0 45 0
0 45 0
0 45 0
0 45 0
0 45 0
0 45 0
11.2000956018643 87 861
0 45 0
0 45 0
0 45 0
39.2054861965286 131 1807
0 45 0
0 45 0
0 45 0
11.2000956018643 87 861
0 45 0
0 45 0
23.4220677809559 89 946
0 45 0
24.2463074095036 91 947
0 45 0
0 45 0
0 45 0
0 45 0
0 45 0
1.54693486348502 72 351
0 45 0
0 45 0
0 45 0
0 45 0
0 45 0
0 45 0
25.8761161635991 127 1641
0 45 0
23.4220677809559 89 946
47.0982206148816 132 1849
0 45 0
11.2000956018643 87 861
0 45 0
0 45 0
0 45 0
0 45 0
19.8289026740028 125 1564
0 45 0
0 45 0
0 45 0
0.649372458573448 55 29
7.12577116241197 85 780
0 45 0
0 45 0
0 45 0
10.5739447749364 112 772
15.2741660859718 88 903
0 45 0
0 45 0
13.9395536584884 129 1246
8.75555327261911 86 820
0 45 0
0 45 0
31.4033373874977 128 1687
0.402620305378761 57 66
15.1812463216559 121 1410
2.46766188586144 77 496
23.4220677809559 89 946
0 45 0
0 45 0
23.4220677809559 89 946
23.4220677809559 89 946
0 45 0
23.4220677809559 89 946
0 45 0
11.2000956018643 87 861
0 45 0
0 45 0
0 45 0
30.4330670356066 129 1723
0 45 0
0 45 0
0 45 0
0 45 0
11.2000956018643 87 861
0 45 0
0 45 0
0 45 0
0 45 0
0 45 0
0 45 0
0 45 0
0 45 0
23.4220677809559 89 946
0 45 0
0 45 0
47.0982206148816 132 1849
26.5751432156267 128 1683
0 45 0
0 45 0
0 45 0
0 45 0
0 45 0
0 45 0
0 45 0
0 45 0
23.4220677809559 89 946
23.4220677809559 89 946
0 45 0
0 45 0
0 45 0
0.780672384682704 64 171
3.86563118871588 81 630
28.3496071798351 124 1541
0 45 0
0 45 0
0 45 0
0 45 0
25.1200628274623 120 1369
0 45 0
0 45 0
0 45 0
0 45 0
0 45 0
0 45 0
0 45 0
0 45 0
0.71539344609343 63 153
15.2741660859718 88 903
0 45 0
0 45 0
23.4220677809559 89 946
0 45 0
39.2054861965286 131 1807
0 45 0
0 45 0
0 45 0
5.96156277798318 84 741
0 45 0
0 45 0
0 45 0
0 45 0
0 45 0
7.12577116241197 85 780
0 45 0
0 45 0
3.66815166412943 75 214
23.4220677809559 89 946
0 45 0
0 45 0
0 45 0
0 45 0
0 45 0
0 45 0
0 45 0
0 45 0
0 45 0
30.4330670356066 129 1723
0 45 0
23.4220677809559 89 946
0 45 0
0 45 0
0 45 0
23.4220677809559 89 946
0 45 0
0 45 0
0 45 0
0.780672384682704 64 171
0 45 0
0 45 0
0 45 0
0 45 0
0 45 0
23.4220677809559 89 946
0 45 0
0 45 0
0 45 0
0 45 0
0 45 0
0 45 0
0 45 0
1.85040548402819 74 406
0 45 0
0 45 0
0 45 0
0.116781724798915 49 6
8.7173277119515 111 1065
26.2103459370849 115 1271
0 45 0
4.40909017568369 82 666
0 45 0
0 45 0
0 45 0
0 45 0
0 45 0
0 45 0
0 45 0
0 45 0
8.75555327261911 86 820
0 45 0
0 45 0
0 45 0
0 45 0
0 45 0
0 45 0
0 45 0
0 45 0
0 45 0
15.2741660859718 88 903
0 45 0
53.7025822800428 163 2116
0 45 0
0 45 0
0 45 0
1.06676927317633 59 51
0.544341838006426 60 105
0 45 0
23.4220677809559 89 946
0 45 0
8.75555327261911 86 820
26.5751432156267 128 1683
0 45 0
0 45 0
0 45 0
23.4220677809559 89 946
26.3442651376499 116 1297
3.05027289779113 79 561
11.2000956018643 87 861
0 45 0
46.6268503721461 156 2035
1.4178766958738 71 325
0 45 0
18.9577244618177 120 1399
0 45 0
0 45 0
0.320640013122482 55 45
23.4220677809559 89 946
0 45 0
0 45 0
0 45 0
0 45 0
11.2000956018643 87 861
0 45 0
0.654536076448424 62 136
0 45 0
29.3900994550924 135 1516
6.14171528658587 75 154
0 45 0
0 45 0
0 45 0
0 45 0
2.46766188586144 77 496
0 45 0
15.2741660859718 88 903
0 45 0
1.0977044388783 68 253
23.4220677809559 89 946
10.9022371487655 123 1186
20.9772833183896 123 1483
0 45 0
0 45 0
1.0977044388783 68 253
0 45 0
6.33584032694553 77 241
23.4220677809559 89 946
0 45 0
3.05027289779113 79 561
0 45 0
0 45 0
47.0982206148816 132 1849
0 45 0
0 45 0
0 45 0
0 45 0
0 45 0
0 45 0
0 45 0
0.92664984543774 66 210
0 45 0
11.3399879180836 117 1276
0 45 0
0 45 0
0 45 0
0 45 0
0 45 0
3.42092226418642 80 595
0 45 0
0 45 0
0 45 0
0 45 0
0 45 0
4.00172921668725 93 652
23.4220677809559 89 946
0 45 0
0.0579873798620921 47 1
0 45 0
0 45 0
0 45 0
0 45 0
0 45 0
0 45 0
0 45 0
0 45 0
0.147404677516728 50 10
0 45 0
0 45 0
0 45 0
0 45 0
4.40909017568369 82 666
0 45 0
0 45 0
0 45 0
0 45 0
0 45 0
0 45 0
0 45 0
8.75555327261911 86 820
0 45 0
0 45 0
0 45 0
0 45 0
52.718946096508 185 2387
23.4220677809559 89 946
0 45 0
0 45 0
0 45 0
0 45 0
33.4711859508047 128 1681
0 45 0
0 45 0
0 45 0
0 45 0
19.6261914530208 137 1382
25.8761161635991 127 1641
0 45 0
0 45 0
0 45 0
0 45 0
0 45 0
0 45 0
0 45 0
0 45 0
8.75555327261911 86 820
0 45 0
7.12577116241197 85 780
1.69026988759179 73 378
7.12577116241197 85 780
11.2359114334978 99 703
0 45 0
0 45 0
0 45 0
0 45 0
0 45 0
0 45 0
15.2741660859718 88 903
0.116781724798915 49 6
0 45 0
0 45 0
0 45 0
0 45 0
0 45 0
0 45 0
0 45 0
0 45 0
0 45 0
39.2054861965286 131 1807
0 45 0
0 45 0
0 45 0
0 45 0
0 45 0
0 45 0
23.4220677809559 89 946
8.75555327261911 86 820
5.96156277798318 84 741
16.2357859065768 115 1191
0 45 0
0 45 0
0 45 0
1.85040548402819 74 406
0 45 0
23.4220677809559 89 946
15.2741660859718 88 903
0 45 0
0 45 0
0 45 0
0 45 0
0 45 0
23.4220677809559 89 946
38.6897834436051 161 1823
0 45 0
0 45 0
0 45 0
0 45 0
0 45 0
0 45 0
0 45 0
14.140427971757 134 1362
0 45 0
0 45 0
0 45 0
11.4479079278459 84 361
0 45 0
26.8471277552 119 1381
0 45 0
0 45 0
0 45 0
0 45 0
0 45 0
0 45 0
0 45 0
38.184133577525 130 1764
0 45 0
11.2000956018643 87 861
0 45 0
0 45 0
3.4872662150203 78 262
0 45 0
2.43701943577006 72 171
0 45 0
0 45 0
0 45 0
0 45 0
0 45 0
0 45 0
23.4220677809559 89 946
0 45 0
11.2000956018643 87 861
0 45 0
5.96156277798318 84 741
31.4033373874977 128 1687
19.335411866856 108 961
0.597650022805646 61 120
0 45 0
0 45 0
23.4220677809559 89 946
0 45 0
0 45 0
0 45 0
0 45 0
0 45 0
2.46766188586144 77 496
17.623518944582 103 556
0 45 0
0 45 0
0 45 0
23.4220677809559 89 946
26.5751432156267 128 1683
15.4330388574033 113 1123
0 45 0
13.8871759020156 92 529
0 45 0
0 45 0
0 45 0
25.1200628274623 120 1369
0 45 0
0 45 0
0 45 0
0 45 0
14.7427367129274 96 499
5.0883346470712 83 703
0 45 0
0 45 0
0 45 0
0 45 0
0 45 0
0 45 0
15.2741660859718 88 903
3.12974579393095 87 541
0 45 0
0 45 0
23.6268878207424 142 1526
0 45 0
0 45 0
0 45 0
0 45 0
23.4220677809559 89 946
3.05027289779113 79 561
0 45 0
0 45 0
0 45 0
0 45 0
0 45 0
0 45 0
0 45 0
47.0982206148816 132 1849
0 45 0
0 45 0
11.2000956018643 87 861
0 45 0
26.3442651376499 116 1297
9.55100390263925 114 1168
0 45 0
24.2710316305325 127 1644
0 45 0
0 45 0
0 45 0
2.46766188586144 77 496
0 45 0
0 45 0
0 45 0
0 45 0
0 45 0
0 45 0
0 45 0
15.2741660859718 88 903
23.4220677809559 89 946
0 45 0
0 45 0
0 45 0
0 45 0
0 45 0
23.4220677809559 89 946
0 45 0
0 45 0
1.19478854744426 69 276
23.4220677809559 89 946
8.75555327261911 86 820
0 45 0
0 45 0
0 45 0
0 45 0
2.03049587493754 75 435
12.0293688104439 133 1359
3.05027289779113 79 561
23.4220677809559 89 946
0 45 0
0 45 0
0 45 0
6.91890371211402 98 832
0 45 0
0 45 0
0 45 0
0 45 0
23.4220677809559 89 946
0 45 0
11.2000956018643 87 861
0 45 0
0.147404677516728 50 10
5.0883346470712 83 703
0 45 0
23.4220677809559 89 946
0 45 0
0 45 0
0 45 0
0 45 0
11.2000956018643 87 861
23.4220677809559 89 946
0 45 0
0 45 0
0 45 0
23.4220677809559 89 946
0 45 0
0.597650022805646 61 120
0 45 0
5.96156277798318 84 741
0 45 0
0 45 0
0 45 0
0 45 0
0 45 0
24.9821411779023 100 1001
15.2741660859718 88 903
0 45 0
0 45 0
23.4220677809559 89 946
0 45 0
0 45 0
0 45 0
0 45 0
0 45 0
0 45 0
0 45 0
1.3010520090143 70 300
15.2741660859718 88 903
24.2710316305325 127 1644
0.678131110543246 59 67
0 45 0
0 45 0
15.2741660859718 88 903
24.7080800810363 96 967
7.12577116241197 85 780
0.246630285936866 53 28
0 45 0
33.4711859508047 128 1681
11.4479079278459 84 361
0 45 0
0 45 0
15.2741660859718 88 903
0 45 0
0 45 0
0 45 0
0 45 0
0 45 0
0 45 0
0 45 0
0 45 0
0 45 0
0 45 0
0 45 0
0 45 0
0 45 0
0 45 0
23.4220677809559 89 946
23.4220677809559 89 946
0 45 0
7.12577116241197 85 780
0 45 0
0 45 0
0 45 0
0 45 0
0 45 0
0 45 0
27.2713909103172 133 1656
0 45 0
0 45 0
7.12577116241197 85 780
0 45 0
0 45 0
0 45 0
2.23453601185044 76 465
0 45 0
2.46766188586144 77 496
0 45 0
55.9947284320219 168 2461
5.94219127957451 103 828
0 45 0
0 45 0
32.9500347712232 129 1726
8.75555327261911 86 820
23.4220677809559 89 946
0 45 0
0 45 0
0 45 0
0 45 0
0 45 0
0 45 0
0 45 0
0 45 0
0 45 0
0 45 0
0 45 0
0 45 0
0 45 0
15.2741660859718 88 903
0 45 0
0 45 0
0 45 0
0 45 0
0 45 0
0 45 0
23.4220677809559 89 946
47.0982206148816 132 1849
15.2741660859718 88 903
0.0870620553634577 48 3
0 45 0
0 45 0
0 45 0
0 45 0
0 45 0
8.75555327261911 86 820
9.31382466744536 86 274
0 45 0
0.360535125236965 56 55
0 45 0
8.75555327261911 86 820
0 45 0
13.7628306061565 116 1227
0 45 0
0 45 0
0 45 0
0 45 0
0 45 0
23.4220677809559 89 946
9.01950622827158 110 1030
0 45 0
15.2741660859718 88 903
0 45 0
5.96156277798318 84 741
30.4385278249167 126 1600
0 45 0
31.4033373874977 128 1687
0 45 0
15.2741660859718 88 903
23.4220677809559 89 946
0 45 0
3.42092226418642 80 595
15.2741660859718 88 903
15.2741660859718 88 903
0 45 0
0 45 0
0.17913555451214 51 15
13.1049531200718 110 1114
0 45 0
23.4220677809559 89 946
11.2000956018643 87 861
0 45 0
0 45 0
15.2741660859718 88 903
0 45 0
39.2054861965286 131 1807
23.4220677809559 89 946
0.282733788425256 54 36
0 45 0
17.4504400725286 112 1179
0 45 0
2.46766188586144 77 496
25.8761161635991 127 1641
0 45 0
0 45 0
0 45 0
15.2741660859718 88 903
0 45 0
0 45 0
30.4330670356066 129 1723
5.0883346470712 83 703
23.4220677809559 89 946
0 45 0
0 45 0
0 45 0
0 45 0
0 45 0
36.3816281805909 141 1597
0 45 0
0 45 0
0 45 0
0 45 0
23.4220677809559 89 946
0 45 0
0 45 0
0 45 0
0 45 0
0 45 0
0 45 0
11.2000956018643 87 861
0.654536076448424 62 136
0 45 0
0 45 0
51.239691316029 158 2174
0 45 0
0 45 0
0 45 0
0 45 0
0 45 0
17.8539677356403 104 841
0 45 0
23.4220677809559 89 946
23.4220677809559 89 946
0 45 0
23.4220677809559 89 946
3.05027289779113 79 561
23.4220677809559 89 946
0 45 0
0 45 0
0 45 0
0 45 0
0 45 0
0 45 0
0 45 0
11.2000956018643 87 861
0.212154072723791 52 21
0 45 0
0 45 0
0 45 0
1.69026988759179 73 378
0 45 0
0 45 0
23.4220677809559 89 946
0 45 0
0 45 0
0.544341838006426 60 105
5.96156277798318 84 741
23.4220677809559 89 946
2.73658943490342 78 528
15.2741660859718 88 903
0 45 0
23.4220677809559 89 946
0 45 0
0 45 0
0 45 0
0 45 0
6.7769123627196 107 966
23.4220677809559 89 946
0 45 0
0 45 0
0 45 0
0 45 0
8.75555327261911 86 820
30.3055826030515 127 1649
0 45 0
0 45 0
0 45 0
0 45 0
0 45 0
0 45 0
0 45 0
0 45 0
0 45 0
0 45 0
0 45 0
28.2458670829102 124 1521
48.9717270879245 169 2510
0 45 0
0 45 0
0 45 0
6.03626459901263 102 796
0 45 0
15.2741660859718 88 903
8.75555327261911 86 820
0 45 0
0 45 0
0 45 0
11.2000956018643 87 861
3.42092226418642 80 595
15.2741660859718 88 903
0 45 0
3.42092226418642 80 595
0 45 0
0.71539344609343 63 153
0 45 0
0 45 0
0 45 0
0 45 0
0 45 0
60.2572401850211 215 2917
0 45 0
0 45 0
0 45 0
0 45 0
0 45 0
2.23453601185044 76 465
0 45 0
0 45 0
0 45 0
0 45 0
0 45 0
11.2000956018643 87 861
7.12577116241197 85 780
0 45 0
0 45 0
0 45 0
47.0982206148816 132 1849
23.0052347139296 125 1561
0 45 0
11.2000956018643 87 861
39.2054861965286 131 1807
0 45 0
0 45 0
0 45 0
23.4220677809559 89 946
0 45 0
0 45 0
0 45 0
0 45 0
0 45 0
23.4220677809559 89 946
0 45 0
0 45 0
23.4220677809559 89 946
0 45 0
0 45 0
0.0870620553634577 48 3
25.5854834064919 156 1689
23.4220677809559 89 946
0 45 0
0 45 0
11.2000956018643 87 861
1.69026988759179 73 378
0 45 0
0 45 0
0 45 0
0 45 0
0 45 0
0 45 0
0 45 0
0 45 0
0 45 0
0 45 0
3.05027289779113 79 561
0 45 0
0 45 0
11.2000956018643 87 861
0 45 0
0 45 0
0 45 0
0 45 0
0 45 0
23.4220677809559 89 946
15.2741660859718 88 903
0 45 0
0 45 0
22.0916778333298 126 1602
0 45 0
0 45 0
14.9321595283439 119 1357
0 45 0
63.3897458883888 173 2669
20.2115589043785 123 1498
23.4220677809559 89 946
0 45 0
0 45 0
15.2741660859718 88 903
2.46766188586144 77 496
0 45 0
0 45 0
0 45 0
2.46766188586144 77 496
0 45 0
23.4220677809559 89 946
0 45 0
0 45 0
0 45 0
5.0883346470712 83 703
0 45 0
7.12577116241197 85 780
1.85040548402819 74 406
0 45 0
32.9500347712232 129 1726
15.2741660859718 88 903
10.3926209095151 114 1162
4.5630445483873 98 706
23.4220677809559 89 946
14.5565657350344 121 1415
0 45 0
0 45 0
0 45 0
0 45 0
23.4220677809559 89 946
0 45 0
1.54693486348502 72 351
0 45 0
0 45 0
0.0870620553634577 48 3
0 45 0
1.19478854744426 69 276
35.2857409930989 130 1766
0 45 0
0 45 0
23.4220677809559 89 946
0 45 0
5.96156277798318 84 741
30.4330670356066 129 1723
27.3085274732495 121 1442
7.12577116241197 85 780
0 45 0
47.0982206148816 132 1849
42.042990832266 165 2356
11.2000956018643 87 861
0 45 0
0 45 0
0 45 0
21.1492847089655 99 460
0 45 0
1.0977044388783 68 253
38.184133577525 130 1764
0 45 0
0 45 0
28.2458670829102 124 1521
7.42710573006514 99 706
0 45 0
23.4220677809559 89 946
0 45 0
0 45 0
0 45 0
15.2741660859718 88 903
0 45 0
0 45 0
0 45 0
0 45 0
0 45 0
0 45 0
23.4220677809559 89 946
2.23453601185044 76 465
0 45 0
0 45 0
0 45 0
0 45 0
15.1812463216559 121 1410
0 45 0
0 45 0
11.2000956018643 87 861
0 45 0
15.2741660859718 88 903
0 45 0
0 45 0
23.4220677809559 89 946
0 45 0
0 45 0
0 45 0
0 45 0
0 45 0
23.4220677809559 89 946
0 45 0
0 45 0
0 45 0
11.2000956018643 87 861
0 45 0
45.7603015918151 165 2353
0 45 0
15.2741660859718 88 903
2.23453601185044 76 465
11.4479079278459 84 361
0 45 0
0 45 0
47.0982206148816 132 1849
0 45 0
0 45 0
0 45 0
0 45 0
30.4330670356066 129 1723
21.3405829605881 140 1349
0 45 0
3.86563118871588 81 630
0 45 0
0.402620305378761 57 66
0 45 0
15.2741660859718 88 903
23.9067955659228 118 1296
0 45 0
0 45 0
0 45 0
0 45 0
15.2741660859718 88 903
3.30790086878538 82 564
0 45 0
0 45 0
0 45 0
0 45 0
0 45 0
47.3553483679789 159 2110
0 45 0
7.12577116241197 85 780
8.75555327261911 86 820
0 45 0
0 45 0
0.360535125236965 56 55
0 45 0
0.282733788425256 54 36
1.3010520090143 70 300
0 45 0
0 45 0
0 45 0
0 45 0
0 45 0
0 45 0
0 45 0
0 45 0
0 45 0
0 45 0
36.7789757815129 152 1909
0 45 0
7.92352631750265 81 241
0 45 0
0 45 0
0.92664984543774 66 210
6.38572744270933 105 886
0 45 0
0 45 0
0 45 0
0 45 0
0 45 0
1.85040548402819 74 406
2.23453601185044 76 465
0 45 0
1.19478854744426 69 276
0.0579873798620921 47 1
0 45 0
23.0052347139296 125 1561
23.4220677809559 89 946
0 45 0
0 45 0
0 45 0
15.2741660859718 88 903
1.85040548402819 74 406
0 45 0
0.147404677516728 50 10
0 45 0
0 45 0
0 45 0
0 45 0
0 45 0
65.4606347690323 203 3062
0 45 0
20.0931803340641 118 866
22.7418126484467 126 1606
0 45 0
3.42092226418642 80 595
0 45 0
0 45 0
11.7394941342967 115 1194
11.2000956018643 87 861
0 45 0
11.2000956018643 87 861
24.6319095870425 95 961
0 45 0
7.336682618615 70 144
23.4220677809559 89 946
5.96156277798318 84 741
0 45 0
0 45 0
0.282733788425256 54 36
0 45 0
0 45 0
0 45 0
0 45 0
0 45 0
0 45 0
0 45 0
30.4330670356066 129 1723
0 45 0
0 45 0
2.46766188586144 77 496
0 45 0
0.147404677516728 50 10
11.2000956018643 87 861
0 45 0
0 45 0
47.0982206148816 132 1849
5.53841084408377 102 804
0 45 0
0 45 0
0 45 0
0 45 0
0 45 0
0 45 0
0 45 0
0 45 0
0 45 0
0 45 0
0 45 0
0 45 0
3.86563118871588 81 630
5.0883346470712 83 703
0 45 0
0 45 0
0 45 0
0 45 0
0 45 0
0 45 0
0 45 0
1.19478854744426 69 276
0 45 0
7.12577116241197 85 780
0 45 0
2.23453601185044 76 465
3.24200336601638 76 231
0 45 0
0 45 0
15.2741660859718 88 903
0 45 0
0 45 0
0 45 0
0 45 0
0 45 0
1.0977044388783 68 253
30.3055826030515 127 1649
0.0870620553634577 48 3
27.5970150727899 122 1474
0.654536076448424 62 136
0 45 0
0 45 0
5.96156277798318 84 741
25.691057345523 110 1156
15.2741660859718 88 903
23.4220677809559 89 946
0 45 0
45.5457518069329 176 1871
0 45 0
0 45 0
1.54693486348502 72 351
0 45 0
7.3398108216216 109 1017
23.4220677809559 89 946
0 45 0
0 45 0
0 45 0
0.544341838006426 60 105
0 45 0
15.2741660859718 88 903
0 45 0
0 45 0
0 45 0
0 45 0
15.2741660859718 88 903
5.0883346470712 83 703
0 45 0
35.752130321218 156 1412
0 45 0
0 45 0
0 45 0
0 45 0
0 45 0
0 45 0
7.03265652848401 108 981
3.42092226418642 80 595
0.17913555451214 51 15
0 45 0
0 45 0
0 45 0
23.4220677809559 89 946
0 45 0
15.2741660859718 88 903
29.4871076710212 126 1612
0 45 0
8.75555327261911 86 820
0 45 0
0 45 0
0 45 0
23.4220677809559 89 946
0 45 0
0 45 0
0 45 0
0 45 0
0 45 0
0 45 0
0 45 0
1.3010520090143 70 300
8.75555327261911 86 820
24.7047612988424 145 1623
0 45 0
8.75555327261911 86 820
0 45 0
0 45 0
0 45 0
0.402620305378761 57 66
0 45 0
0 45 0
54.3916981583965 205 2577
7.12577116241197 85 780
0 45 0
23.4220677809559 89 946
0 45 0
0 45 0
11.2000956018643 87 861
8.75555327261911 86 820
0 45 0
0 45 0
27.5778815774427 149 1397
0 45 0
26.5751432156267 128 1683
0 45 0
0 45 0
8.75555327261911 86 820
1.3010520090143 70 300
0 45 0
45.7603015918151 165 2353
11.2000956018643 87 861
39.2054861965286 131 1807
0 45 0
0 45 0
15.2741660859718 88 903
7.12577116241197 85 780
0 45 0
0 45 0
0 45 0
0 45 0
0.996922047491672 61 72
23.4220677809559 89 946
7.12577116241197 85 780
0 45 0
47.0982206148816 132 1849
0 45 0
5.96156277798318 84 741
0 45 0
0 45 0
0 45 0
0 45 0
0 45 0
42.2875519478413 164 2317
0 45 0
1.1820784428578 67 146
0 45 0
0 45 0
0 45 0
0 45 0
0 45 0
15.2741660859718 88 903
71.0277406820838 174 2710
1.4178766958738 71 325
0 45 0
16.6923793899801 103 1008
0 45 0
8.21292545753967 96 627
5.96156277798318 84 741
0 45 0
0 45 0
15.2741660859718 88 903
0 45 0
0 45 0
0 45 0
0 45 0
1.54693486348502 72 351
0 45 0
0 45 0
0 45 0
0 45 0
15.2741660859718 88 903
23.4220677809559 89 946
23.4220677809559 89 946
28.2458670829102 124 1521
15.1547229398118 96 625
3.05027289779113 79 561
0 45 0
0 45 0
0 45 0
0 45 0
0 45 0
0 45 0
23.4220677809559 89 946
3.05027289779113 79 561
0 45 0
0 45 0
0 45 0
0 45 0
5.0883346470712 83 703
0 45 0
0 45 0
11.2000956018643 87 861
23.4220677809559 89 946
0 45 0
11.2000956018643 87 861
0 45 0
0 45 0
23.4220677809559 89 946
1.4178766958738 71 325
0 45 0
0 45 0
23.4220677809559 89 946
0 45 0
0 45 0
7.12577116241197 85 780
15.8055553077595 98 676
0 45 0
0.654536076448424 62 136
0 45 0
0 45 0
0 45 0
23.4220677809559 89 946
2.23453601185044 76 465
0 45 0
0 45 0
15.2741660859718 88 903
0 45 0
0 45 0
0.44711589341162 58 78
25.0696138365453 117 637
0 45 0
0 45 0
1.19478854744426 69 276
0 45 0
0 45 0
0 45 0
23.4220677809559 89 946
0 45 0
0 45 0
0 45 0
0 45 0
0 45 0
32.9500347712232 129 1726
0 45 0
11.2127227039639 113 1171
0 45 0
0 45 0
0 45 0
0 45 0
0 45 0
0 45 0
11.6814867930635 118 906
40.8363871877641 151 912
5.96156277798318 84 741
0 45 0
0 45 0
0 45 0
23.4220677809559 89 946
0 45 0
0 45 0
0 45 0
0 45 0
0 45 0
0 45 0
23.4220677809559 89 946
0 45 0
0 45 0
4.40909017568369 82 666
0 45 0
0.116781724798915 49 6
0 45 0
0 45 0
0 45 0
7.12577116241197 85 780
0 45 0
9.41723100091936 93 841
25.9774803300384 113 1222
0 45 0
0 45 0
30.3055826030515 127 1649
0 45 0
13.3646280681028 134 1320
0 45 0
0 45 0
0 45 0
0 45 0
0 45 0
0 45 0
0 45 0
11.8466091275885 92 871
0 45 0
5.0883346470712 83 703
0.116781724798915 49 6
3.42092226418642 80 595
11.2000956018643 87 861
15.2741660859718 88 903
16.6923793899801 103 1008
0 45 0
0 45 0
9.17603133851624 107 934
0 45 0
0 45 0
8.75555327261911 86 820
0 45 0
38.184133577525 130 1764
0 45 0
0 45 0
26.3442651376499 116 1297
7.12577116241197 85 780
23.4220677809559 89 946
23.4220677809559 89 946
3.05027289779113 79 561
5.96156277798318 84 741
0 45 0
0 45 0
0 45 0
0 45 0
0 45 0
0 45 0
0 45 0
0 45 0
0 45 0
0 45 0
0 45 0
16.4705038208937 100 729
0 45 0
0 45 0
0 45 0
23.4220677809559 89 946
0 45 0
0 45 0
7.57131385011888 107 939
0 45 0
51.1139737847678 157 2149
30.4330670356066 129 1723
0 45 0
0 45 0
0 45 0
0 45 0
0 45 0
0 45 0
0 45 0
0 45 0
0 45 0
5.96156277798318 84 741
7.12577116241197 85 780
0 45 0
0 45 0
25.8761161635991 127 1641
0 45 0
0 45 0
0 45 0
0 45 0
8.3353801358382 102 916
0 45 0
0 45 0
0 45 0
0 45 0
0 45 0
0 45 0
23.4220677809559 89 946
0 45 0
0 45 0
23.4220677809559 89 946
0 45 0
0 45 0
2.46766188586144 77 496
0 45 0
12.2771522228808 103 813
0 45 0
23.4220677809559 89 946
0 45 0
0 45 0
0 45 0
11.2000956018643 87 861
96.2681100111824 239 3686
2.46766188586144 77 496
0 45 0
0 45 0
0 45 0
0 45 0
0 45 0
0 45 0
22.0916778333298 126 1602
6.17421981295728 66 100
0 45 0
0 45 0
0 45 0
0 45 0
0 45 0
0 45 0
0 45 0
11.2000956018643 87 861
0 45 0
0 45 0
0 45 0
4.40909017568369 82 666
0 45 0
0 45 0
0 45 0
0 45 0
3.05027289779113 79 561
0 45 0
0 45 0
0 45 0
0 45 0
0 45 0
23.4220677809559 89 946
2.06842400406649 73 198
0 45 0
23.4220677809559 89 946
0 45 0
0 45 0
0 45 0
3.86563118871588 81 630
0 45 0
10.7424040930964 97 651
0 45 0
0 45 0
0 45 0
23.4220677809559 89 946
0 45 0
12.3025171031488 100 939
0 45 0
5.96156277798318 84 741
0 45 0
0 45 0
0 45 0
0 45 0
15.2741660859718 88 903
0 45 0
11.2000956018643 87 861
28.8538767946865 125 1576
0 45 0
0 45 0
0 45 0
0.654536076448424 62 136
0.654536076448424 62 136
0 45 0
0 45 0
0 45 0
0 45 0
0 45 0
0 45 0
0 45 0
4.40909017568369 82 666
0 45 0
0 45 0
3.86563118871588 81 630
0 45 0
23.4220677809559 89 946
0 45 0
0 45 0
5.0883346470712 83 703
3.05027289779113 79 561
15.2741660859718 88 903
0 45 0
0.544341838006426 60 105
0 45 0
23.4220677809559 89 946
0 45 0
0 45 0
0 45 0
0 45 0
0 45 0
0 45 0
0 45 0
0 45 0
1.11455682294372 68 211
2.73658943490342 78 528
0 45 0
23.4220677809559 89 946
0 45 0
0 45 0
3.42092226418642 80 595
0 45 0
0 45 0
0 45 0
11.4479079278459 84 361
0 45 0
0 45 0
0 45 0
8.75555327261911 86 820
12.3852058571684 108 799
71.0277406820838 174 2710
0 45 0
23.4220677809559 89 946
0 45 0
15.2741660859718 88 903
0 45 0
9.42919074377762 111 1105
0 45 0
0 45 0
23.4220677809559 89 946
0 45 0
0 45 0
0 45 0
0 45 0
0 45 0
0 45 0
0 45 0
0 45 0
13.7249372894566 122 1106
0 45 0
0 45 0
0 45 0
0 45 0
0 45 0
0 45 0
0 45 0
0 45 0
0 45 0
0 45 0
0 45 0
0 45 0
0 45 0
3.05027289779113 79 561
0 45 0
23.4220677809559 89 946
0 45 0
0 45 0
0 45 0
0 45 0
0 45 0
0 45 0
0 45 0
0 45 0
0 45 0
0 45 0
0 45 0
0 45 0
0 45 0
0 45 0
0 45 0
0 45 0
0 45 0
0 45 0
7.12577116241197 85 780
0 45 0
26.8471277552 119 1381
0 45 0
0 45 0
23.4220677809559 89 946
0 45 0
0 45 0
5.96156277798318 84 741
25.1121337074025 102 1024
0.544341838006426 60 105
0 45 0
23.4220677809559 89 946
0 45 0
0 45 0
0 45 0
0 45 0
0 45 0
0 45 0
40.507059569859 158 2074
0 45 0
0 45 0
0 45 0
0 45 0
0 45 0
5.0883346470712 83 703
0 45 0
15.2741660859718 88 903
54.9003730002261 169 2515
0 45 0
0 45 0
0 45 0
15.2741660859718 88 903
23.4220677809559 89 946
0 45 0
0 45 0
0 45 0
0 45 0
0 45 0
6.02498449241442 97 794
15.869262720218 139 1552
0.654536076448424 62 136
0 45 0
2.46766188586144 77 496
0 45 0
0 45 0
0 45 0
0 45 0
32.9500347712232 129 1726
23.4220677809559 89 946
0 45 0
0 45 0
0 45 0
0 45 0
0 45 0
0 45 0
23.4220677809559 89 946
0 45 0
0 45 0
0.0870620553634577 48 3
0 45 0
3.05027289779113 79 561
0 45 0
0 45 0
7.12577116241197 85 780
0 45 0
0 45 0
0 45 0
12.5648295035049 104 997
33.9210645464004 132 1219
3.42092226418642 80 595
7.12577116241197 85 780
0 45 0
0 45 0
0 45 0
0 45 0
0 45 0
5.96156277798318 84 741
20.9650902741786 112 1089
0 45 0
8.68099799922238 107 775
0 45 0
0 45 0
0 45 0
0 45 0
11.2000956018643 87 861
23.4220677809559 89 946
25.1121337074025 102 1024
2.03049587493754 75 435
0 45 0
30.3055826030515 127 1649
0 45 0
0 45 0
0 45 0
1.85040548402819 74 406
29.498165187586 144 1591
0 45 0
0 45 0
0 45 0
23.4220677809559 89 946
0 45 0
0 45 0
0 45 0
0 45 0
0.282733788425256 54 36
0 45 0
0 45 0
0 45 0
0 45 0
0 45 0
0 45 0
0 45 0
0 45 0
23.4220677809559 89 946
0 45 0
0 45 0
0 45 0
0 45 0
0 45 0
7.12577116241197 85 780
0 45 0
23.4220677809559 89 946
0 45 0
74.5593850994256 203 3044
5.0883346470712 83 703
0 45 0
0 45 0
0 45 0
0 45 0
20.8414599034814 124 1533
0 45 0
0 45 0
0 45 0
0 45 0
26.5330702869279 122 1444
0 45 0
0 45 0
0 45 0
0 45 0
0 45 0
0 45 0
0 45 0
0 45 0
0 45 0
1.4178766958738 71 325
0 45 0
0 45 0
0 45 0
0 45 0
0 45 0
0 45 0
1.69026988759179 73 378
33.4711859508047 128 1681
23.4220677809559 89 946
0 45 0
0 45 0
4.40909017568369 82 666
0 45 0
0 45 0
0 45 0
0 45 0
7.12577116241197 85 780
0 45 0
15.2741660859718 88 903
0 45 0
0 45 0
0 45 0
0 45 0
0 45 0
23.4220677809559 89 946
0 45 0
0 45 0
0 45 0
0.654536076448424 62 136
0 45 0
0 45 0
11.2000956018643 87 861
0 45 0
7.12577116241197 85 780
0 45 0
7.12577116241197 85 780
5.96156277798318 84 741
22.0916778333298 126 1602
15.1812463216559 121 1410
0 45 0
0 45 0
0 45 0
36.6002908430219 159 2145
0 45 0
0 45 0
0 45 0
0 45 0
18.007694233603 112 1099
0 45 0
0 45 0
0 45 0
15.1491909335896 105 901
0 45 0
0 45 0
0 45 0
0 45 0
11.2000956018643 87 861
0 45 0
47.5659893154068 158 2102
31.9836189966446 149 1397
3.42092226418642 80 595
0 45 0
3.05027289779113 79 561
15.2741660859718 88 903
5.0883346470712 83 703
0 45 0
23.4220677809559 89 946
0 45 0
0 45 0
0 45 0
15.2741660859718 88 903
0 45 0
0 45 0
0 45 0
0 45 0
0 45 0
0 45 0
0 45 0
2.46766188586144 77 496
0 45 0
0 45 0
0 45 0
0 45 0
0 45 0
0 45 0
0 45 0
0 45 0
0 45 0
0 45 0
1.54693486348502 72 351
0 45 0
0 45 0
0 45 0
16.4705038208937 100 729
0 45 0
8.75555327261911 86 820
0 45 0
0 45 0
11.2000956018643 87 861
0 45 0
23.4220677809559 89 946
3.05027289779113 79 561
0 45 0
0 45 0
0 45 0
0 45 0
15.2741660859718 88 903
16.2357859065768 115 1191
0 45 0
0 45 0
0.0579873798620921 47 1
0.282733788425256 54 36
0 45 0
0 45 0
7.12577116241197 85 780
0 45 0
0 45 0
63.3897458883888 173 2669
0 45 0
0 45 0
0.597650022805646 61 120
30.4330670356066 129 1723
8.75555327261911 86 820
0 45 0
23.4220677809559 89 946
23.4220677809559 89 946
0 45 0
0 45 0
0 45 0
0.282733788425256 54 36
0 45 0
23.4220677809559 89 946
21.9521298961051 128 1287
7.12577116241197 85 780
0 45 0
0.544341838006426 60 105
30.3055826030515 127 1649
0 45 0
0 45 0
8.75555327261911 86 820
0 45 0
0 45 0
11.2000956018643 87 861
0 45 0
7.12577116241197 85 780
0 45 0
23.4220677809559 89 946
5.0883346470712 83 703
0 45 0
0 45 0
52.7747976055287 166 2390
27.0614172363211 120 1411
0 45 0
3.05027289779113 79 561
10.2145424976842 102 763
0 45 0
0 45 0
0 45 0
1.54693486348502 72 351
38.184133577525 130 1764
0 45 0
25.1200628274623 120 1369
0 45 0
1.69026988759179 73 378
1.4178766958738 71 325
0 45 0
0 45 0
0 45 0
5.0883346470712 83 703
0 45 0
23.4220677809559 89 946
0.71539344609343 63 153
23.4220677809559 89 946
0 45 0
5.0883346470712 83 703
0 45 0
15.2741660859718 88 903
0 45 0
17.1522114995369 102 784
0 45 0
0 45 0
3.20293078243324 82 336
0 45 0
0 45 0
0 45 0
47.0982206148816 132 1849
0 45 0
0 45 0
23.4220677809559 89 946
26.5751432156267 128 1683
0 45 0
0 45 0
23.4220677809559 89 946
0 45 0
5.96156277798318 84 741
0 45 0
7.12577116241197 85 780
38.184133577525 130 1764
0 45 0
23.4220677809559 89 946
23.4220677809559 89 946
0 45 0
23.4220677809559 89 946
0 45 0
0 45 0
1.54693486348502 72 351
0 45 0
0 45 0
0 45 0
0 45 0
0 45 0
19.8289026740028 125 1564
0 45 0
0 45 0
0 45 0
0 45 0
0 45 0
5.96156277798318 84 741
10.1815127911891 105 991
0 45 0
27.5042250444767 158 2098
11.2000956018643 87 861
0 45 0
0.597650022805646 61 120
2.46766188586144 77 496
5.0883346470712 83 703
0 45 0
0 45 0
0 45 0
0 45 0
0 45 0
0 45 0
11.2000956018643 87 861
0 45 0
0 45 0
0 45 0
0 45 0
0 45 0
0 45 0
0.850891152586382 65 190
0 45 0
0 45 0
0 45 0
21.5444907064578 105 967
0 45 0
0 45 0
23.4220677809559 89 946
0 45 0
0 45 0
54.8718095250487 201 2974
0 45 0
7.12577116241197 85 780
0 45 0
0 45 0
0 45 0
23.4220677809559 89 946
2.73658943490342 78 528
23.4220677809559 89 946
0 45 0
0 45 0
0 45 0
2.11757864301437 60 51
8.75555327261911 86 820
0 45 0
23.4220677809559 89 946
0 45 0
3.42092226418642 80 595
0 45 0
0 45 0
0 45 0
44.3363031021916 179 2284
0 45 0
0 45 0
0 45 0
0 45 0
0 45 0
0 45 0
0 45 0
0 45 0
0 45 0
0 45 0
0 45 0
0 45 0
4.40909017568369 82 666
29.4871076710212 126 1612
0 45 0
0 45 0
0 45 0
0.147404677516728 50 10
0 45 0
0 45 0
15.2741660859718 88 903
0 45 0
0 45 0
1.3010520090143 70 300
3.86563118871588 81 630
11.2000956018643 87 861
0 45 0
0 45 0
0 45 0
0 45 0
0 45 0
1.00864763020219 67 231
0 45 0
0 45 0
10.3926209095151 114 1162
23.4220677809559 89 946
0 45 0
0 45 0
7.12577116241197 85 780
0 45 0
5.37762443847871 92 535
0.402620305378761 57 66
0 45 0
0 45 0
0 45 0
0 45 0
5.0883346470712 83 703
0 45 0
0 45 0
23.4220677809559 89 946
0 45 0
0 45 0
0 45 0
0 45 0
0 45 0
0 45 0
1.4178766958738 71 325
0 45 0
0 45 0
23.4220677809559 89 946
0 45 0
19.0602699168965 130 1171
0 45 0
3.05027289779113 79 561
23.4220677809559 89 946
25.8761161635991 127 1641
23.4220677809559 89 946
5.96156277798318 84 741
0 45 0
0 45 0
0 45 0
0 45 0
0 45 0
11.2000956018643 87 861
0 45 0
0 45 0
0 45 0
0 45 0
23.4220677809559 89 946
0 45 0
33.4711859508047 128 1681
0 45 0
0 45 0
0 45 0
0 45 0
0 45 0
0 45 0
0 45 0
38.184133577525 130 1764
20.9772833183896 123 1483
0 45 0
0 45 0
15.8331367666952 121 1422
0 45 0
37.1159423376777 157 2039
23.4220677809559 89 946
0 45 0
0 45 0
0 45 0
7.12577116241197 85 780
0 45 0
0 45 0
0 45 0
0 45 0
0.92664984543774 66 210
11.2000956018643 87 861
15.2741660859718 88 903
23.4220677809559 89 946
0 45 0
0.44711589341162 58 78
0 45 0
0.320640013122482 55 45
0 45 0
0 45 0
7.12577116241197 85 780
5.0883346470712 83 703
0 45 0
0 45 0
23.4220677809559 89 946
0 45 0
12.4943713534913 103 981
0 45 0
0 45 0
0 45 0
0 45 0
0 45 0
0 45 0
0 45 0
0 45 0
0 45 0
23.4220677809559 89 946
0 45 0
0 45 0
23.4220677809559 89 946
0 45 0
0.0579873798620921 47 1
0 45 0
0 45 0
0.544341838006426 60 105
0 45 0
0 45 0
0 45 0
23.4220677809559 89 946
0 45 0
0.17913555451214 51 15
23.4220677809559 89 946
0 45 0
11.2000956018643 87 861
0 45 0
0 45 0
0 45 0
16.8999405138749 106 1056
0 45 0
0 45 0
0 45 0
0 45 0
0 45 0
0 45 0
0 45 0
0 45 0
25.1200628274623 120 1369
0 45 0
23.4220677809559 89 946
0 45 0
0 45 0
0 45 0
0 45 0
5.96156277798318 84 741
1.69026988759179 73 378
0 45 0
0 45 0
7.12577116241197 85 780
23.4220677809559 89 946
0 45 0
0 45 0
1.85040548402819 74 406
0 45 0
0 45 0
7.12577116241197 85 780
2.03049587493754 75 435
0 45 0
0 45 0
0 45 0
0 45 0
0 45 0
0 45 0
0 45 0
11.2000956018643 87 861
0 45 0
55.9947284320219 168 2461
0 45 0
0.92664984543774 66 210
32.6265461439756 133 979
28.2458670829102 124 1521
30.4385278249167 126 1600
43.9033519772695 147 1872
23.4220677809559 89 946
0.360535125236965 56 55
15.2741660859718 88 903
0 45 0
23.4220677809559 89 946
15.2741660859718 88 903
18.6692656696843 119 1368
0 45 0
0 45 0
0 45 0
0 45 0
0 45 0
0 45 0
0 45 0
0 45 0
14.309761466473 117 1296
0 45 0
0 45 0
0 45 0
0 45 0
0 45 0
0 45 0
0 45 0
0 45 0
0.246630285936866 53 28
0 45 0
3.05027289779113 79 561
0 45 0
0 45 0
0 45 0
0 45 0
0 45 0
11.2000956018643 87 861
5.96156277798318 84 741
0 45 0
0 45 0
0 45 0
0 45 0
0 45 0
0.320640013122482 55 45
0 45 0
0 45 0
11.4372443458175 72 82
0 45 0
7.93840154315886 96 835
5.96156277798318 84 741
0 45 0
0 45 0
0 45 0
0 45 0
0 45 0
5.96156277798318 84 741
0 45 0
0 45 0
0 45 0
0 45 0
0 45 0
5.39483723227003 87 424
0 45 0
0 45 0
14.8287770845049 134 1296
0 45 0
43.2086076439242 164 2305
0 45 0
0 45 0
0 45 0
23.4220677809559 89 946
0 45 0
0 45 0
0 45 0
0 45 0
0 45 0
0 45 0
0 45 0
87.8261524283728 214 3490
0 45 0
25.1200628274623 120 1369
0 45 0
0 45 0
33.4711859508047 128 1681
0 45 0
0 45 0
0 45 0
15.2741660859718 88 903
23.4220677809559 89 946
0 45 0
0 45 0
0 45 0
0 45 0
2.03049587493754 75 435
0 45 0
8.75555327261911 86 820
0 45 0
0 45 0
0 45 0
0 45 0
0 45 0
0 45 0
0 45 0
23.4220677809559 89 946
0 45 0
0 45 0
0 45 0
0 45 0
12.6546935200499 88 441
0 45 0
50.4686852392879 169 2507
0 45 0
23.4220677809559 89 946
0 45 0
0 45 0
23.4220677809559 89 946
23.4220677809559 89 946
23.4220677809559 89 946
0 45 0
0 45 0
2.73658943490342 78 528
0 45 0
0.17913555451214 51 15
0 45 0
0 45 0
23.4220677809559 89 946
0 45 0
0 45 0
0 45 0
0 45 0
0 45 0
0 45 0
0 45 0
0 45 0
0 45 0
1.54693486348502 72 351
0 45 0
27.0614172363211 120 1411
0.850891152586382 65 190
23.4220677809559 89 946
5.0883346470712 83 703
9.96152718871014 104 843
15.2741660859718 88 903
0 45 0
55.9947284320219 168 2461
23.4220677809559 89 946
0 45 0
0 45 0
0 45 0
0 45 0
0 45 0
0 45 0
3.42092226418642 80 595
0 45 0
3.83186152343299 58 36
0 45 0
0 45 0
0 45 0
0 45 0
0 45 0
0 45 0
0 45 0
0 45 0
9.79625167305887 93 553
0 45 0
0 45 0
0 45 0
0 45 0
3.42092226418642 80 595
0 45 0
0 45 0
0.147404677516728 50 10
0 45 0
5.0883346470712 83 703
0 45 0
22.0916778333298 126 1602
0 45 0
0 45 0
23.4220677809559 89 946
0 45 0
35.2857409930989 130 1766
28.4714887376637 114 565
0 45 0
0 45 0
0 45 0
2.73658943490342 78 528
0 45 0
3.86563118871588 81 630
0 45 0
0 45 0
30.7917802968872 137 1507
0 45 0
0 45 0
0 45 0
15.2741660859718 88 903
0 45 0
24.1976166498904 149 1833
0 45 0
0 45 0
0 45 0
0 45 0
0 45 0
0 45 0
0 45 0
0 45 0
23.4220677809559 89 946
38.184133577525 130 1764
0 45 0
0 45 0
25.8761161635991 127 1641
15.2741660859718 88 903
0 45 0
0 45 0
0 45 0
0 45 0
0 45 0
3.42092226418642 80 595
5.0883346470712 83 703
23.4220677809559 89 946
13.8871759020156 92 529
0.212154072723791 52 21
8.75555327261911 86 820
0 45 0
0 45 0
4.29728924138266 67 111
0 45 0
0 45 0
1.00864763020219 67 231
0 45 0
0 45 0
0 45 0
0 45 0
0 45 0
15.2741660859718 88 903
0 45 0
0 45 0
23.4220677809559 89 946
15.2741660859718 88 903
71.0277406820838 174 2710
17.8539677356403 104 841
23.4220677809559 89 946
0 45 0
0 45 0
0 45 0
0 45 0
0 45 0
0 45 0
0 45 0
17.2549104504408 123 1491
0 45 0
0 45 0
0 45 0
0 45 0
0 45 0
7.12577116241197 85 780
0 45 0
0 45 0
0 45 0
2.03049587493754 75 435
0 45 0
47.0982206148816 132 1849
4.34402801811713 74 198
9.70854728123233 109 996
5.96156277798318 84 741
0 45 0
0 45 0
0 45 0
11.2000956018643 87 861
0 45 0
0 45 0
2.73658943490342 78 528
0 45 0
0 45 0
31.5396399635898 146 1750
0 45 0
0 45 0
0 45 0
0 45 0
7.42710573006514 99 706
23.4220677809559 89 946
0 45 0
0 45 0
0 45 0
0 45 0
4.40909017568369 82 666
0 45 0
19.2989712177672 124 1523
0 45 0
0 45 0
23.4220677809559 89 946
0 45 0
0 45 0
15.2741660859718 88 903
0 45 0
0 45 0
0.360535125236965 56 55
0 45 0
0 45 0
0 45 0
23.4220677809559 89 946
1.69026988759179 73 378
0 45 0
0 45 0
0 45 0
5.96156277798318 84 741
0 45 0
0.597650022805646 61 120
0 45 0
0 45 0
18.185434829193 119 1333
0 45 0
0 45 0
0 45 0
0 45 0
0 45 0
0 45 0
0 45 0
0 45 0
2.03049587493754 75 435
48.6010634177709 160 2171
0 45 0
0 45 0
47.0982206148816 132 1849
0 45 0
0 45 0
0 45 0
0 45 0
0 45 0
1.19478854744426 69 276
11.2000956018643 87 861
0 45 0
0 45 0
0 45 0
47.0982206148816 132 1849
0 45 0
0 45 0
0 45 0
18.5799255803625 106 900
0.44711589341162 58 78
0 45 0
17.1450441695819 109 1113
15.2741660859718 88 903
3.86563118871588 81 630
23.4220677809559 89 946
0 45 0
0 45 0
0 45 0
11.2000956018643 87 861
0 45 0
0 45 0
0 45 0
23.4220677809559 89 946
0 45 0
0 45 0
0 45 0
23.4220677809559 89 946
0 45 0
0 45 0
0 45 0
23.4220677809559 89 946
0 45 0
0 45 0
0 45 0
8.75555327261911 86 820
0 45 0
2.46766188586144 77 496
0 45 0
0 45 0
0 45 0
22.0916778333298 126 1602
0 45 0
0 45 0
5.0883346470712 83 703
38.184133577525 130 1764
0 45 0
0 45 0
0 45 0
0 45 0
0 45 0
0 45 0
0 45 0
8.50571417853699 104 951
0 45 0
0 45 0
0 45 0
0 45 0
15.2741660859718 88 903
0 45 0
0 45 0
0 45 0
0 45 0
0 45 0
0.17913555451214 51 15
0 45 0
0.725164855089358 53 16
0 45 0
0 45 0
0 45 0
0 45 0
0 45 0
0 45 0
47.0982206148816 132 1849
0 45 0
0 45 0
0 45 0
0 45 0
0 45 0
0 45 0
0 45 0
0 45 0
0 45 0
13.7376186654312 120 1375
0 45 0
0 45 0
23.4220677809559 89 946
23.4220677809559 89 946
0 45 0
0.780672384682704 64 171
12.8640198867335 130 1262
0 45 0
3.42092226418642 80 595
33.4711859508047 128 1681
0 45 0
0 45 0
0 45 0
0 45 0
0 45 0
25.8761161635991 127 1641
0 45 0
23.4220677809559 89 946
0 45 0
0 45 0
0 45 0
0 45 0
0 45 0
0 45 0
0 45 0
3.05027289779113 79 561
0 45 0
0 45 0
0 45 0
0 45 0
0 45 0
23.4220677809559 89 946
3.42092226418642 80 595
8.75555327261911 86 820
0 45 0
1.54693486348502 72 351
0 45 0
0 45 0
3.57741873063657 87 589
0 45 0
0 45 0
0 45 0
0 45 0
26.4928996248666 117 1324
23.4220677809559 89 946
0 45 0
0 45 0
10.2632335024781 95 601
0 45 0
0 45 0
0 45 0
0 45 0
0 45 0
0 45 0
0 45 0
3.05027289779113 79 561
5.0883346470712 83 703
8.75555327261911 86 820
0 45 0
23.4220677809559 89 946
0 45 0
23.4220677809559 89 946
0 45 0
0 45 0
12.6546935200499 88 441
1.4178766958738 71 325
0 45 0
0 45 0
22.8332314150236 116 1225
7.12577116241197 85 780
0 45 0
5.96156277798318 84 741
1.00864763020219 67 231
0 45 0
0 45 0
0 45 0
11.6621045597879 115 1226
7.12577116241197 85 780
0 45 0
0 45 0
0 45 0
0 45 0
0 45 0
15.2741660859718 88 903
0 45 0
0 45 0
0 45 0
0 45 0
1.0977044388783 68 253
0 45 0
0 45 0
0 45 0
11.2000956018643 87 861
0 45 0
0 45 0
0 45 0
5.51500040376047 73 183
0 45 0
0 45 0
30.3055826030515 127 1649
11.2000956018643 87 861
23.4220677809559 89 946
0 45 0
0 45 0
0 45 0
0 45 0
0 45 0
0.0579873798620921 47 1
0 45 0
0.282733788425256 54 36
8.75555327261911 86 820
0 45 0
4.40909017568369 82 666
0 45 0
5.0883346470712 83 703
0 45 0
12.8044699704594 107 1051
3.42092226418642 80 595
23.4220677809559 89 946
0 45 0
0 45 0
23.4220677809559 89 946
1.69026988759179 73 378
0 45 0
0 45 0
7.12577116241197 85 780
0 45 0
1.51755877258791 72 211
0 45 0
0 45 0
0 45 0
5.96156277798318 84 741
4.4859550266164 96 645
1.19478854744426 69 276
53.5139535960572 149 1915
0 45 0
0 45 0
0 45 0
0 45 0
0 45 0
23.4220677809559 89 946
0 45 0
0 45 0
23.4220677809559 89 946
0 45 0
0 45 0
0 45 0
3.42092226418642 80 595
0 45 0
5.96156277798318 84 741
11.2000956018643 87 861
0 45 0
0 45 0
0 45 0
0 45 0
0 45 0
0 45 0
0 45 0
0 45 0
40.9489230608598 146 1884
0 45 0
0 45 0
5.96156277798318 84 741
0 45 0
0 45 0
0 45 0
0 45 0
0 45 0
23.4220677809559 89 946
0 45 0
0 45 0
0 45 0
0 45 0
0 45 0
0.320640013122482 55 45
23.4220677809559 89 946
23.4220677809559 89 946
0 45 0
0 45 0
0 45 0
9.08448024563494 101 637
0 45 0
0 45 0
3.42092226418642 80 595
0 45 0
28.8538767946865 125 1576
0 45 0
0 45 0
11.2000956018643 87 861
0 45 0
0 45 0
0 45 0
0.92664984543774 66 210
0 45 0
0 45 0
0 45 0
15.2741660859718 88 903
0 45 0
0 45 0
0.92664984543774 66 210
15.2741660859718 88 903
0 45 0
26.3442651376499 116 1297
0 45 0
22.7418126484467 126 1606
0 45 0
2.73658943490342 78 528
0 45 0
0 45 0
3.42092226418642 80 595
0 45 0
0 45 0
5.96156277798318 84 741
23.4220677809559 89 946
62.3683932693851 172 2627
5.23516044024087 57 19
8.75555327261911 86 820
10.9503062174799 125 1071
0 45 0
23.4220677809559 89 946
57.3964414702106 171 2590
0 45 0
23.4220677809559 89 946
0 45 0
7.12577116241197 85 780
0 45 0
0 45 0
0 45 0
21.8611573401491 114 1156
0 45 0
0 45 0
0 45 0
0 45 0
0 45 0
0 45 0
0 45 0
2.23453601185044 76 465
0 45 0
0 45 0
0 45 0
11.2000956018643 87 861
0 45 0
0 45 0
29.1304822743217 120 901
11.2000956018643 87 861
20.8414599034814 124 1533
1.4178766958738 71 325
0.92664984543774 66 210
0 45 0
0 45 0
0 45 0
0 45 0
0 45 0
4.40909017568369 82 666
0 45 0
11.2000956018643 87 861
0 45 0
0 45 0
0 45 0
0 45 0
0 45 0
0 45 0
23.4220677809559 89 946
0 45 0
0 45 0
0 45 0
0 45 0
2.14525718742357 78 412
0 45 0
0 45 0
2.73658943490342 78 528
0 45 0
8.75555327261911 86 820
1.3010520090143 70 300
7.57131385011888 107 939
23.9067955659228 118 1296
0 45 0
38.8623881884778 162 2248
0 45 0
3.42092226418642 80 595
4.40909017568369 82 666
0 45 0
3.42092226418642 80 595
0 45 0
0 45 0
0 45 0
0 45 0
0 45 0
0 45 0
54.8849345239041 168 2467
53.8506033587184 170 2544
0.246630285936866 53 28
0 45 0
0 45 0
0 45 0
0 45 0
0 45 0
82.121575462218 233 3467
0 45 0
11.2719127132362 116 1231
71.0277406820838 174 2710
0 45 0
0 45 0
7.12577116241197 85 780
0 45 0
15.2741660859718 88 903
0 45 0
0 45 0
0 45 0
104.699282179548 246 3419
21.1805783246403 125 1181
39.2054861965286 131 1807
15.2741660859718 88 903
4.40909017568369 82 666
0 45 0
0 45 0
16.1459301939435 94 918
0 45 0
0 45 0
0 45 0
0 45 0
47.0982206148816 132 1849
10.613838771293 121 1150
0 45 0
0 45 0
0 45 0
0 45 0
23.4220677809559 89 946
0 45 0
7.12577116241197 85 780
7.94298132674835 112 817
15.2741660859718 88 903
0 45 0
0 45 0
0 45 0
0 45 0
0 45 0
0 45 0
0 45 0
0 45 0
11.7181655482908 90 864
0 45 0
0 45 0
0 45 0
0 45 0
0 45 0
0 45 0
0 45 0
0 45 0
17.6298656996004 141 1504
0 45 0
2.73658943490342 78 528
0 45 0
30.4330670356066 129 1723
0 45 0
0 45 0
35.2857409930989 130 1766
0 45 0
0.212154072723791 52 21
0 45 0
0 45 0
0 45 0
15.5439622234083 130 1196
0 45 0
27.8160713201767 158 1577
23.4220677809559 89 946
0 45 0
0 45 0
0 45 0
3.86563118871588 81 630
0 45 0
8.75555327261911 86 820
25.0887496685826 137 1445
0 45 0
0 45 0
0 45 0
0 45 0
0 45 0
0 45 0
0 45 0
0 45 0
11.2000956018643 87 861
14.1737309083972 139 1507
18.4831599379822 120 684
0 45 0
0 45 0
7.4270642032897 104 931
0 45 0
15.2741660859718 88 903
3.86563118871588 81 630
0 45 0
8.75555327261911 86 820
0 45 0
0 45 0
11.2000956018643 87 861
27.3085274732495 121 1442
23.4220677809559 89 946
23.4220677809559 89 946
0 45 0
0 45 0
0 45 0
0 45 0
23.4220677809559 89 946
23.4220677809559 89 946
0 45 0
1.0977044388783 68 253
23.4220677809559 89 946
1.69026988759179 73 378
0 45 0
0 45 0
0 45 0
0 45 0
0 45 0
0.320640013122482 55 45
0 45 0
0 45 0
23.4220677809559 89 946
0.92664984543774 66 210
47.0982206148816 132 1849
38.184133577525 130 1764
0 45 0
0 45 0
0 45 0
0 45 0
0 45 0
0 45 0
0 45 0
23.4220677809559 89 946
0 45 0
35.2857409930989 130 1766
0 45 0
23.4220677809559 89 946
0 45 0
1.85040548402819 74 406
0 45 0
0 45 0
0 45 0
0 45 0
0 45 0
0.597650022805646 61 120
0 45 0
0 45 0
0 45 0
0 45 0
0 45 0
1.4178766958738 71 325
0 45 0
1.69026988759179 73 378
0 45 0
15.2741660859718 88 903
17.1522114995369 102 784
0 45 0
0 45 0
2.73658943490342 78 528
0 45 0
0.850891152586382 65 190
0 45 0
0 45 0
0 45 0
0 45 0
37.1596814277119 154 1438
3.05027289779113 79 561
0 45 0
0 45 0
0 45 0
0 45 0
0 45 0
23.4220677809559 89 946
47.0982206148816 132 1849
0 45 0
15.2741660859718 88 903
8.75555327261911 86 820
0 45 0
9.66557491771022 116 835
47.0982206148816 132 1849
0 45 0
0 45 0
0 45 0
0 45 0
0 45 0
9.67098983857094 78 256
0 45 0
0 45 0
0 45 0
0 45 0
3.05027289779113 79 561
32.9500347712232 129 1726
0 45 0
15.2741660859718 88 903
0 45 0
0 45 0
32.7459626626493 114 1090
0 45 0
0 45 0
5.0883346470712 83 703
0 45 0
5.0883346470712 83 703
0 45 0
0 45 0
0 45 0
0 45 0
43.2328633328778 146 1886
0 45 0
1.3010520090143 70 300
0 45 0
0 45 0
0 45 0
0 45 0
0 45 0
5.0883346470712 83 703
0 45 0
0 45 0
0 45 0
15.2741660859718 88 903
0 45 0
0 45 0
0 45 0
0 45 0
0 45 0
0 45 0
15.2741660859718 88 903
0 45 0
0 45 0
0 45 0
0 45 0
0 45 0
1.3010520090143 70 300
0 45 0
11.2000956018643 87 861
0.320640013122482 55 45
23.4220677809559 89 946
0 45 0
0 45 0
23.4220677809559 89 946
0 45 0
0 45 0
8.75555327261911 86 820
0 45 0
0 45 0
0 45 0
2.46766188586144 77 496
0 45 0
0 45 0
0 45 0
0 45 0
0 45 0
0 45 0
10.3696530322795 107 1030
1.0977044388783 68 253
0 45 0
0 45 0
0 45 0
0 45 0
0 45 0
0 45 0
0 45 0
0 45 0
28.2690351162265 123 1443
3.05027289779113 79 561
29.4871076710212 126 1612
7.12577116241197 85 780
0 45 0
2.73658943490342 78 528
0 45 0
0 45 0
0 45 0
0 45 0
0 45 0
0 45 0
0 45 0
0 45 0
0 45 0
0 45 0
5.96156277798318 84 741
57.3964414702106 171 2590
47.0982206148816 132 1849
27.3085274732495 121 1442
23.4220677809559 89 946
5.0883346470712 83 703
33.4711859508047 128 1681
0 45 0
0 45 0
0 45 0
2.03049587493754 75 435
0 45 0
0 45 0
2.10578334265833 80 361
0 45 0
1.69026988759179 73 378
0 45 0
0 45 0
0 45 0
23.4220677809559 89 946
35.2857409930989 130 1766
0 45 0
0 45 0
0 45 0
0 45 0
0.44711589341162 58 78
23.4220677809559 89 946
0 45 0
0 45 0
23.4220677809559 89 946
15.2741660859718 88 903
0 45 0
0 45 0
0 45 0
0 45 0
0 45 0
0 45 0
0 45 0
0 45 0
0 45 0
0 45 0
0 45 0
0 45 0
0 45 0
0.544341838006426 60 105
0 45 0
0 45 0
0 45 0
0 45 0
0 45 0
8.75555327261911 86 820
0 45 0
0 45 0
30.3055826030515 127 1649
0 45 0
0 45 0
0 45 0
0 45 0
2.23453601185044 76 465
7.12577116241197 85 780
15.2741660859718 88 903
11.2000956018643 87 861
14.5158546293967 94 576
0 45 0
47.0982206148816 132 1849
0 45 0
9.70854728123233 109 996
0 45 0
4.99648600954101 78 258
0 45 0
0 45 0
0 45 0
23.4220677809559 89 946
0 45 0
0 45 0
0.116781724798915 49 6
0 45 0
15.2741660859718 88 903
0 45 0
0 45 0
11.2000956018643 87 861
23.4220677809559 89 946
0 45 0
0 45 0
0 45 0
0.282733788425256 54 36
0 45 0
0 45 0
0 45 0
0 45 0
0 45 0
0 45 0
3.05027289779113 79 561
0 45 0
0 45 0
23.4220677809559 89 946
3.86563118871588 81 630
11.2000956018643 87 861
0 45 0
0 45 0
7.94910332292852 86 296
0 45 0
26.2103459370849 115 1271
0 45 0
0 45 0
0 45 0
16.3882729389993 98 948
0 45 0
0 45 0
2.23453601185044 76 465
23.4220677809559 89 946
11.2000956018643 87 861
0 45 0
0 45 0
0 45 0
11.2000956018643 87 861
23.4220677809559 89 946
0 45 0
7.12577116241197 85 780
0 45 0
42.0496135505954 150 1786
44.9998775858709 177 2215
23.4220677809559 89 946
33.4711859508047 128 1681
0 45 0
12.5648295035049 104 997
0.92664984543774 66 210
0 45 0
0 45 0
0 45 0
0 45 0
23.4220677809559 89 946
0 45 0
0 45 0
2.6755553907175 59 43
0 45 0
0.402620305378761 57 66
11.2000956018643 87 861
0 45 0
8.75555327261911 86 820
23.4220677809559 89 946
24.2710316305325 127 1644
0.212154072723791 52 21
29.4871076710212 126 1612
0.597650022805646 61 120
0 45 0
4.40909017568369 82 666
0 45 0
0 45 0
23.4220677809559 89 946
20.5775156573832 107 612
0 45 0
0 45 0
26.5751432156267 128 1683
0 45 0
0 45 0
0 45 0
0 45 0
0 45 0
0 45 0
10.9983501490236 108 963
0 45 0
15.2741660859718 88 903
0 45 0
23.4220677809559 89 946
0 45 0
0 45 0
0 45 0
10.8518956973283 82 324
0 45 0
0 45 0
0 45 0
4.40909017568369 82 666
0 45 0
0 45 0
0 45 0
0 45 0
0 45 0
28.8538767946865 125 1576
0 45 0
0 45 0
0 45 0
0 45 0
0 45 0
23.4220677809559 89 946
15.2741660859718 88 903
0.780672384682704 64 171
0 45 0
0 45 0
23.4220677809559 89 946
0 45 0
0 45 0
0 45 0
0 45 0
0 45 0
0 45 0
51.152015841427 194 2740
0 45 0
0 45 0
0 45 0
0 45 0
0 45 0
0 45 0
0 45 0
15.2741660859718 88 903
23.4220677809559 89 946
0 45 0
23.4220677809559 89 946
5.96156277798318 84 741
26.6592527831043 118 1352
14.309761466473 117 1296
17.4579025205427 105 577
0 45 0
0 45 0
0 45 0
48.6882981620202 134 1850
5.96156277798318 84 741
23.4220677809559 89 946
0 45 0
20.0984822477726 113 921
0 45 0
0 45 0
0 45 0
0 45 0
0 45 0
23.4220677809559 89 946
0 45 0
0 45 0
0 45 0
0 45 0
0 45 0
23.4220677809559 89 946
0 45 0
5.1651811135268 99 783
0.116781724798915 49 6
23.4220677809559 89 946
11.2000956018643 87 861
15.2741660859718 88 903
0 45 0
0 45 0
0 45 0
0 45 0
0.780672384682704 64 171
0 45 0
15.2741660859718 88 903
0 45 0
0 45 0
0.246630285936866 53 28
0 45 0
8.75555327261911 86 820
23.4220677809559 89 946
15.2741660859718 88 903
0 45 0
0 45 0
33.4711859508047 128 1681
0 45 0
0 45 0
1.85040548402819 74 406
5.0883346470712 83 703
0 45 0
0 45 0
0 45 0
3.86563118871588 81 630
0 45 0
3.86563118871588 81 630
12.8323351834336 105 871
0 45 0
0 45 0
0 45 0
17.1522114995369 102 784
0 45 0
0 45 0
0 45 0
0 45 0
43.6539821890072 153 1891
0.360535125236965 56 55
0 45 0
0 45 0
23.4220677809559 89 946
0 45 0
47.0982206148816 132 1849
0 45 0
0 45 0
11.2000956018643 87 861
16.0873544935446 139 1486
0 45 0
71.0277406820838 174 2710
1.4178766958738 71 325
0 45 0
0 45 0
0 45 0
26.5330702869279 122 1444
0 45 0
0 45 0
0 45 0
23.4220677809559 89 946
0 45 0
0 45 0
0 45 0
0 45 0
0 45 0
0 45 0
5.96156277798318 84 741
0 45 0
0 45 0
0 45 0
23.4220677809559 89 946
0 45 0
1.85040548402819 74 406
0 45 0
0 45 0
5.90974207166935 104 883
0 45 0
2.46766188586144 77 496
0 45 0
8.75555327261911 86 820
5.0883346470712 83 703
0 45 0
33.4711859508047 128 1681
0 45 0
0 45 0
6.02419388976629 91 510
0 45 0
23.4220677809559 89 946
0 45 0
49.7689792520616 162 2242
0 45 0
0 45 0
0 45 0
0 45 0
0 45 0
0 45 0
72.9016049139405 209 3293
0 45 0
23.4220677809559 89 946
0 45 0
16.4542920561692 122 1456
15.2741660859718 88 903
0 45 0
23.4220677809559 89 946
0 45 0
0 45 0
23.4220677809559 89 946
0 45 0
0 45 0
0 45 0
0 45 0
8.21292545753967 96 627
0 45 0
0 45 0
11.2000956018643 87 861
23.4220677809559 89 946
15.2741660859718 88 903
5.96156277798318 84 741
27.7842061367001 122 1258
0 45 0
15.2741660859718 88 903
23.4220677809559 89 946
0 45 0
0 45 0
0.320640013122482 55 45
0 45 0
0 45 0
2.23453601185044 76 465
11.2000956018643 87 861
23.4220677809559 89 946
0 45 0
0 45 0
0 45 0
0 45 0
11.2000956018643 87 861
0 45 0
0.0870620553634577 48 3
23.0052347139296 125 1561
7.12577116241197 85 780
0 45 0
0 45 0
23.4220677809559 89 946
0 45 0
0 45 0
0 45 0
0 45 0
0 45 0
0 45 0
0 45 0
0 45 0
23.4220677809559 89 946
0 45 0
0 45 0
0 45 0
0 45 0
11.2000956018643 87 861
0 45 0
0.654536076448424 62 136
0 45 0
0 45 0
15.2741660859718 88 903
0 45 0
23.4220677809559 89 946
26.5751432156267 128 1683
15.2741660859718 88 903
0 45 0
0 45 0
0 45 0
1.0977044388783 68 253
0 45 0
0 45 0
0 45 0
0 45 0
0 45 0
0 45 0
0 45 0
11.2000956018643 87 861
3.42092226418642 80 595
11.3399879180836 117 1276
8.7173277119515 111 1065
0 45 0
0 45 0
0 45 0
0 45 0
15.2741660859718 88 903
30.9070712187005 139 1428
0 45 0
23.0052347139296 125 1561
0 45 0
31.4033373874977 128 1687
2.73658943490342 78 528
23.4220677809559 89 946
17.0814429880985 123 1486
23.4220677809559 89 946
0 45 0
2.46766188586144 77 496
0 45 0
0 45 0
0 45 0
0 45 0
0 45 0
0 45 0
0 45 0
0 45 0
0 45 0
0.0579873798620921 47 1
0 45 0
0 45 0
0 45 0
23.4220677809559 89 946
0 45 0
23.4220677809559 89 946
0 45 0
0 45 0
0 45 0
23.4220677809559 89 946
32.9500347712232 129 1726
0 45 0
2.73658943490342 78 528
0 45 0
3.42092226418642 80 595
0 45 0
4.40909017568369 82 666
0 45 0
0 45 0
0 45 0
0 45 0
23.4220677809559 89 946
0 45 0
0 45 0
0 45 0
0 45 0
4.15727456090582 90 496
47.0982206148816 132 1849
0 45 0
0 45 0
0 45 0
0 45 0
0 45 0
0 45 0
0 45 0
7.03497497094011 108 991
0 45 0
0 45 0
0 45 0
0 45 0
19.7090992259837 122 1464
0 45 0
0 45 0
0 45 0
2.03049587493754 75 435
11.2000956018643 87 861
3.08280503235135 61 57
0 45 0
0 45 0
0 45 0
0 45 0
0 45 0
23.4220677809559 89 946
0 45 0
0 45 0
5.0883346470712 83 703
0 45 0
23.4220677809559 89 946
1.0977044388783 68 253
0 45 0
16.0398915280307 117 1075
0 45 0
0 45 0
0 45 0
0 45 0
0 45 0
0 45 0
23.4220677809559 89 946
0 45 0
0 45 0
0 45 0
3.05027289779113 79 561
0 45 0
0 45 0
0 45 0
0 45 0
15.2741660859718 88 903
8.75555327261911 86 820
0 45 0
0 45 0
0 45 0
40.0258257612575 175 2148
23.4220677809559 89 946
0 45 0
0 45 0
0 45 0
0 45 0
0 45 0
0 45 0
0 45 0
0 45 0
0 45 0
0 45 0
23.4220677809559 89 946
0 45 0
0 45 0
0 45 0
0 45 0
47.0982206148816 132 1849
8.75555327261911 86 820
0 45 0
0 45 0
0 45 0
0 45 0
0 45 0
0 45 0
47.0982206148816 132 1849
0 45 0
0 45 0
0 45 0
8.15277073652144 111 1072
2.46766188586144 77 496
0 45 0
0 45 0
0 45 0
0 45 0
0 45 0
0 45 0
0 45 0
0 45 0
23.4220677809559 89 946
0 45 0
0 45 0
0 45 0
0 45 0
35.4048494156782 157 2065
0 45 0
23.4220677809559 89 946
5.0883346470712 83 703
0 45 0
0.246630285936866 53 28
0 45 0
39.2054861965286 131 1807
0.597650022805646 61 120
10.7424040930964 97 651
0 45 0
0 45 0
0 45 0
0 45 0
0 45 0
12.6546935200499 88 441
15.2741660859718 88 903
0 45 0
0 45 0
0 45 0
0 45 0
0.494265713778764 59 91
0 45 0
0 45 0
0 45 0
0.212154072723791 52 21
0 45 0
25.691057345523 110 1156
13.4172829315452 107 931
11.2000956018643 87 861
3.86563118871588 81 630
0 45 0
23.4220677809559 89 946
3.05027289779113 79 561
23.4220677809559 89 946
0 45 0
0 45 0
25.0471974390044 101 1012
23.0797811444715 137 1417
0 45 0
12.6727880150999 118 1316
3.86563118871588 81 630
0 45 0
0 45 0
15.2741660859718 88 903
0 45 0
0 45 0
0 45 0
0 45 0
0 45 0
0 45 0
0 45 0
23.4220677809559 89 946
2.08025457145691 72 201
0 45 0
0 45 0
23.4220677809559 89 946
0 45 0
38.184133577525 130 1764
0 45 0
0 45 0
0 45 0
0 45 0
0 45 0
0 45 0
30.4385278249167 126 1600
0 45 0
0 45 0
14.9321595283439 119 1357
0 45 0
0 45 0
11.2000956018643 87 861
0 45 0
11.2000956018643 87 861
25.1200628274623 120 1369
0 45 0
0 45 0
0 45 0
0 45 0
0 45 0
0 45 0
0 45 0
0 45 0
0 45 0
15.2741660859718 88 903
0 45 0
22.8332314150236 116 1225
0 45 0
0 45 0
0 45 0
7.12577116241197 85 780
1.19478854744426 69 276
26.34753981012 121 1159
38.184133577525 130 1764
0 45 0
5.96156277798318 84 741
23.4220677809559 89 946
0 45 0
4.40909017568369 82 666
11.2000956018643 87 861
0 45 0
0 45 0
0 45 0
0 45 0
0 45 0
0 45 0
0 45 0
1.85040548402819 74 406
0 45 0
0 45 0
0 45 0
0 45 0
0 45 0
78.4992218621889 198 2543
2.03049587493754 75 435
0 45 0
0 45 0
0 45 0
23.4220677809559 89 946
0.780672384682704 64 171
0 45 0
0 45 0
0 45 0
62.2308132448328 200 2951
0 45 0
38.184133577525 130 1764
0 45 0
0 45 0
0 45 0
0 45 0
0 45 0
1.85040548402819 74 406
41.5711659713372 142 1862
0 45 0
0 45 0
0 45 0
0 45 0
0 45 0
24.7801771927176 97 974
0 45 0
1.54693486348502 72 351
8.75555327261911 86 820
23.4220677809559 89 946
0 45 0
47.0982206148816 132 1849
0 45 0
7.12577116241197 85 780
0 45 0
3.86563118871588 81 630
0 45 0
0 45 0
0 45 0
5.0883346470712 83 703
0 45 0
0 45 0
0 45 0
0 45 0
3.86563118871588 81 630
0 45 0
0.71539344609343 63 153
23.4220677809559 89 946
0 45 0
23.4220677809559 89 946
15.2741660859718 88 903
0 45 0
0 45 0
0 45 0
0 45 0
0 45 0
0 45 0
0 45 0
0 45 0
11.2000956018643 87 861
0 45 0
0 45 0
0 45 0
4.91046451239988 89 687
0 45 0
7.12577116241197 85 780
0 45 0
0 45 0
0 45 0
0 45 0
5.96156277798318 84 741
0 45 0
0 45 0
23.4220677809559 89 946
4.40909017568369 82 666
9.15623508219296 113 1147
0 45 0
0 45 0
0 45 0
0 45 0
0 45 0
23.4220677809559 89 946
0 45 0
0 45 0
0 45 0
0 45 0
23.4220677809559 89 946
0 45 0
0 45 0
0 45 0
3.83986888249039 91 627
0 45 0
11.2000956018643 87 861
0 45 0
11.2000956018643 87 861
17.1306711078669 126 1201
12.4943713534913 103 981
0 45 0
0 45 0
0 45 0
0 45 0
0 45 0
0 45 0
0 45 0
46.2815041897946 186 2478
0 45 0
0 45 0
3.42092226418642 80 595
0 45 0
0 45 0
0 45 0
0 45 0
0 45 0
0 45 0
0 45 0
23.4220677809559 89 946
0 45 0
0 45 0
23.4220677809559 89 946
0 45 0
1.0977044388783 68 253
6.62019793565144 93 777
0 45 0
0 45 0
0 45 0
28.5218464763031 148 1741
0 45 0
0 45 0
0 45 0
0 45 0
15.2741660859718 88 903
0 45 0
0 45 0
0 45 0
23.4220677809559 89 946
0 45 0
0 45 0
0 45 0
7.12577116241197 85 780
0 45 0
0.246630285936866 53 28
0 45 0
23.4220677809559 89 946
0 45 0
9.15623508219296 113 1147
0 45 0
5.0883346470712 83 703
0 45 0
0 45 0
0 45 0
0 45 0
0 45 0
0 45 0
23.4220677809559 89 946
0.780672384682704 64 171
0 45 0
47.0982206148816 132 1849
0 45 0
0 45 0
0 45 0
0 45 0
23.4220677809559 89 946
0 45 0
0.0579873798620921 47 1
0 45 0
0 45 0
0 45 0
0 45 0
15.2741660859718 88 903
0 45 0
0 45 0
0 45 0
0 45 0
0 45 0
0 45 0
0 45 0
0 45 0
0 45 0
0 45 0
0 45 0
0 45 0
0 45 0
23.4220677809559 89 946
23.4220677809559 89 946
0 45 0
0 45 0
17.0814429880985 123 1486
0 45 0
0 45 0
0 45 0
0 45 0
0.282733788425256 54 36
15.2741660859718 88 903
0 45 0
0 45 0
0 45 0
30.3055826030515 127 1649
71.0277406820838 174 2710
0 45 0
0 45 0
0 45 0
0 45 0
0 45 0
0 45 0
38.184133577525 130 1764
23.4220677809559 89 946
0 45 0
2.46766188586144 77 496
0 45 0
0 45 0
0 45 0
0 45 0
11.2000956018643 87 861
0 45 0
23.4220677809559 89 946
23.4220677809559 89 946
0 45 0
0 45 0
0 45 0
0 45 0
0 45 0
65.2093824249208 206 3171
7.12577116241197 85 780
0 45 0
20.9772833183896 123 1483
0 45 0
26.3442651376499 116 1297
27.116739009842 138 1504
0 45 0
0.850891152586382 65 190
0 45 0
0 45 0
0 45 0
2.46766188586144 77 496
0 45 0
0 45 0
25.1200628274623 120 1369
0 45 0
59.8474998848824 197 2843
4.40909017568369 82 666
0 45 0
14.7066666992441 111 1057
23.4220677809559 89 946
3.05027289779113 79 561
0 45 0
23.4220677809559 89 946
0 45 0
8.75555327261911 86 820
2.46766188586144 77 496
35.2857409930989 130 1766
0 45 0
4.40909017568369 82 666
0 45 0
0 45 0
0 45 0
0 45 0
5.96156277798318 84 741
0 45 0
23.4220677809559 89 946
35.2857409930989 130 1766
0 45 0
0 45 0
0 45 0
0 45 0
0 45 0
0 45 0
0 45 0
7.12577116241197 85 780
0 45 0
33.4711859508047 128 1681
0 45 0
0 45 0
3.05027289779113 79 561
0 45 0
0 45 0
0 45 0
0 45 0
31.3277642247668 155 1532
11.2000956018643 87 861
8.75555327261911 86 820
23.4220677809559 89 946
23.4220677809559 89 946
0 45 0
1.0977044388783 68 253
0 45 0
0 45 0
0 45 0
0 45 0
35.2857409930989 130 1766
0 45 0
0 45 0
0 45 0
0 45 0
0 45 0
0 45 0
23.4220677809559 89 946
1.69026988759179 73 378
7.12577116241197 85 780
12.6727880150999 118 1316
0 45 0
0 45 0
0 45 0
0 45 0
23.4220677809559 89 946
0 45 0
0 45 0
0 45 0
0 45 0
3.86563118871588 81 630
0 45 0
3.42092226418642 80 595
0 45 0
7.14734966399821 107 979
0 45 0
0 45 0
0 45 0
0 45 0
0 45 0
0 45 0
0 45 0
28.8538767946865 125 1576
0 45 0
0 45 0
3.86563118871588 81 630
15.2741660859718 88 903
8.75555327261911 86 820
0 45 0
0 45 0
39.2054861965286 131 1807
0 45 0
0 45 0
0 45 0
0 45 0
0 45 0
0 45 0
23.4220677809559 89 946
0 45 0
23.4220677809559 89 946
0 45 0
0 45 0
0 45 0
15.2741660859718 88 903
0 45 0
5.23625560119245 75 172
0 45 0
0 45 0
0 45 0
51.1677122913155 170 2548
0 45 0
1.3010520090143 70 300
0 45 0
8.75555327261911 86 820
3.42092226418642 80 595
1.0977044388783 68 253
5.0883346470712 83 703
21.8611573401491 114 1156
0 45 0
74.5980807531069 182 2738
0 45 0
23.4220677809559 89 946
0 45 0
0 45 0
0 45 0
15.2741660859718 88 903
0 45 0
0 45 0
0 45 0
0 45 0
0 45 0
0 45 0
0 45 0
8.75555327261911 86 820
0 45 0
5.96156277798318 84 741
0 45 0
0 45 0
0 45 0
1.0977044388783 68 253
0 45 0
0 45 0
0 45 0
5.00822936738243 62 64
0 45 0
8.75555327261911 86 820
23.4220677809559 89 946
13.8871759020156 92 529
1.19478854744426 69 276
0 45 0
0 45 0
0 45 0
0 45 0
0 45 0
0 45 0
23.4220677809559 89 946
0 45 0
0 45 0
0 45 0
5.96156277798318 84 741
0 45 0
4.40909017568369 82 666
0 45 0
0 45 0
0 45 0
0 45 0
39.2054861965286 131 1807
0 45 0
2.46766188586144 77 496
0 45 0
0.116781724798915 49 6
11.2000956018643 87 861
1.54693486348502 72 351
0 45 0
5.96156277798318 84 741
0 45 0
0 45 0
3.16543496754409 89 543
0 45 0
0 45 0
0.92664984543774 66 210
0 45 0
41.4905787029485 193 2701
0 45 0
0 45 0
7.12577116241197 85 780
0 45 0
0 45 0
0 45 0
0 45 0
11.2000956018643 87 861
0 45 0
23.4220677809559 89 946
0 45 0
2.46766188586144 77 496
0 45 0
5.0883346470712 83 703
9.82133606240671 98 614
0 45 0
0 45 0
0 45 0
0 45 0
0 45 0
0 45 0
0 45 0
11.2000956018643 87 861
1.85040548402819 74 406
0 45 0
0 45 0
0 45 0
0 45 0
0 45 0
0 45 0
11.2000956018643 87 861
0 45 0
20.9650902741786 112 1089
5.71810618208764 98 511
0 45 0
0 45 0
0 45 0
47.5248309218722 168 2473
5.0883346470712 83 703
0 45 0
17.8533634081055 115 1254
15.3372420469129 120 1389
0 45 0
13.8871759020156 92 529
5.0883346470712 83 703
1.54693486348502 72 351
0 45 0
0 45 0
0.780672384682704 64 171
47.5659893154068 158 2102
0 45 0
0 45 0
23.4220677809559 89 946
4.40909017568369 82 666
0 45 0
8.75555327261911 86 820
30.4330670356066 129 1723
23.4220677809559 89 946
1.48938197071994 71 192
0 45 0
0 45 0
0 45 0
0 45 0
2.46766188586144 77 496
5.96156277798318 84 741
5.96156277798318 84 741
0 45 0
2.21350197360526 77 436
1.00864763020219 67 231
0 45 0
3.05027289779113 79 561
0 45 0
0 45 0
0.850891152586382 65 190
23.4220677809559 89 946
0.644954826149854 57 46
25.1200628274623 120 1369
23.4220677809559 89 946
0 45 0
0 45 0
0 45 0
0 45 0
8.75555327261911 86 820
0 45 0
15.2741660859718 88 903
0 45 0
0 45 0
0 45 0
39.2054861965286 131 1807
0 45 0
0 45 0
0 45 0
0 45 0
0 45 0
0 45 0
47.5659893154068 158 2102
0 45 0
0 45 0
0 45 0
0 45 0
23.4220677809559 89 946
0 45 0
0 45 0
18.4220456608547 118 1338
0 45 0
0.780672384682704 64 171
0 45 0
0 45 0
23.4220677809559 89 946
0 45 0
0 45 0
0 45 0
0 45 0
23.4220677809559 89 946
0 45 0
0 45 0
0 45 0
0 45 0
0 45 0
0 45 0
23.4220677809559 89 946
0 45 0
0 45 0
0 45 0
0 45 0
0 45 0
0 45 0
0.494265713778764 59 91
26.6592527831043 118 1352
0 45 0
0 45 0
0 45 0
0 45 0
0 45 0
18.185434829193 119 1333
0 45 0
8.75555327261911 86 820
2.02171783542293 52 9
15.2741660859718 88 903
0 45 0
0 45 0
0 45 0
0 45 0
0 45 0
13.4830347115175 106 614
0 45 0
0 45 0
23.4220677809559 89 946
23.4220677809559 89 946
4.40909017568369 82 666
0 45 0
0 45 0
0 45 0
0 45 0
15.2741660859718 88 903
0 45 0
0 45 0
0 45 0
11.5814160960484 110 1026
1.4178766958738 71 325
0 45 0
0 45 0
0 45 0
0 45 0
23.4220677809559 89 946
7.60512134556342 63 46
0 45 0
0 45 0
0 45 0
8.0189243728268 85 381
0 45 0
0 45 0
0 45 0
23.4220677809559 89 946
0 45 0
0 45 0
0 45 0
0 45 0
0 45 0
30.4330670356066 129 1723
3.42092226418642 80 595
0 45 0
0 45 0
0 45 0
0 45 0
0 45 0
0 45 0
0.0579873798620921 47 1
0 45 0
0 45 0
5.0883346470712 83 703
5.96156277798318 84 741
47.0982206148816 132 1849
3.86563118871588 81 630
2.03049587493754 75 435
4.40909017568369 82 666
0 45 0
0 45 0
15.2741660859718 88 903
0 45 0
10.8518956973283 82 324
23.4220677809559 89 946
0 45 0
0 45 0
0 45 0
5.96156277798318 84 741
0 45 0
0 45 0
0 45 0
0 45 0
5.0883346470712 83 703
0 45 0
5.96156277798318 84 741
0 45 0
0 45 0
13.4720450743003 114 918
0 45 0
23.4220677809559 89 946
15.8870985901773 120 1371
0 45 0
0 45 0
0 45 0
0 45 0
0 45 0
11.2000956018643 87 861
0 45 0
3.05027289779113 79 561
11.2000956018643 87 861
0 45 0
0 45 0
0 45 0
0 45 0
0 45 0
0 45 0
23.4220677809559 89 946
0 45 0
0 45 0
55.9947284320219 168 2461
2.73658943490342 78 528
0 45 0
0.320640013122482 55 45
0 45 0
0 45 0
0 45 0
29.4871076710212 126 1612
6.56454291090702 103 893
0 45 0
0.17913555451214 51 15
0 45 0
1.69026988759179 73 378
23.4220677809559 89 946
0 45 0
0 45 0
0 45 0
0 45 0
0 45 0
0 45 0
0 45 0
0 45 0
32.0999444921342 142 1522
0 45 0
23.4220677809559 89 946
0 45 0
0 45 0
11.2000956018643 87 861
0 45 0
0 45 0
0 45 0
2.26548598141617 57 31
0 45 0
0 45 0
23.4220677809559 89 946
23.4220677809559 89 946
43.6539821890072 153 1891
25.4532789480681 107 1099
23.4220677809559 89 946
0 45 0
0 45 0
15.2741660859718 88 903
0 45 0
0 45 0
0 45 0
0 45 0
37.8131419835058 159 2140
8.75555327261911 86 820
11.2000956018643 87 861
0 45 0
0 45 0
0 45 0
0 45 0
0 45 0
2.46766188586144 77 496
0 45 0
0 45 0
0 45 0
0 45 0
