"COLLES.MDM.LN" "SACKIN" "COPHENETIC"
0 42 0
0 42 0
0.730059469884781 59 136
0 42 0
0 42 0
4.06703053038818 76 561
0 42 0
2.49907184607697 72 435
10.4327348614706 81 741
0 42 0
0 42 0
7.11968155011523 84 676
0 42 0
5.52233026959412 78 630
0 42 0
0 42 0
0 42 0
28.2875570495937 117 1369
0 42 0
0 42 0
0 42 0
0 42 0
0 42 0
0 42 0
0 42 0
10.4327348614706 81 741
0 42 0
0 42 0
1.26236010471005 65 253
0 42 0
0 42 0
0 42 0
2.24692094489137 71 406
14.0866877212127 89 529
0 42 0
0 42 0
11.8612601438057 105 963
0 42 0
32.9824241032044 121 1523
0 42 0
0 42 0
0 42 0
0 42 0
0 42 0
0 42 0
0 42 0
0 42 0
0 42 0
0 42 0
44.0303493314379 123 1600
0 42 0
0 42 0
10.9564441288309 79 324
0.307680887403955 51 36
8.14133543531392 80 703
0 42 0
23.9928079543039 101 973
2.35133786835414 65 127
0 42 0
0 42 0
1.66809023043977 68 325
3.55756626537444 75 528
0 42 0
0 42 0
0 42 0
0 42 0
0 42 0
0 42 0
0 42 0
0 42 0
0 42 0
0 42 0
0 42 0
0 42 0
0 42 0
0 42 0
27.5630221662339 117 1381
0 42 0
0 42 0
0 42 0
0 42 0
0 42 0
0 42 0
4.70376811325633 77 595
21.8888831815478 83 820
21.8888831815478 83 820
0 42 0
0 42 0
5.52233026959412 78 630
0 42 0
0 42 0
0 42 0
0 42 0
0 42 0
0 42 0
0 42 0
0 42 0
0 42 0
0 42 0
0 42 0
0 42 0
0 42 0
0 42 0
21.8888831815478 83 820
14.2515423248239 82 780
36.6476170618829 122 1561
0 42 0
0 42 0
0.193660058932043 48 15
21.8888831815478 83 820
0 42 0
21.8888831815478 83 820
17.0427200340771 115 1302
0 42 0
3.52142662932847 60 73
0 42 0
0 42 0
0 42 0
0 42 0
87.3469247923622 229 3257
0 42 0
0.093591709515717 45 3
0 42 0
0 42 0
0 42 0
0 42 0
0 42 0
14.2515423248239 82 780
0 42 0
21.8888831815478 83 820
0 42 0
24.6184793807379 107 1096
21.8888831815478 83 820
0 42 0
10.4327348614706 81 741
0 42 0
0 42 0
0 42 0
45.3027336585567 179 2324
0 42 0
0 42 0
0.267770024731455 50 28
0.664055580895162 58 120
0 42 0
0 42 0
31.2678479598338 138 1605
0 42 0
0 42 0
0 42 0
0 42 0
0 42 0
7.04374727374535 97 801
4.4274284701528 80 567
21.8888831815478 83 820
0 42 0
0 42 0
0 42 0
0 42 0
14.2515423248239 82 780
0 42 0
0 42 0
19.163915225578 103 900
37.2310252861633 148 1358
2.79317001481304 73 465
4.06703053038818 76 561
0 42 0
0 42 0
0 42 0
10.4327348614706 81 741
21.8888831815478 83 820
0 42 0
0 42 0
0 42 0
0 42 0
14.2515423248239 82 780
0 42 0
0 42 0
0 42 0
22.7168219620502 85 821
1.66809023043977 68 325
0 42 0
0 42 0
0 42 0
0 42 0
0 42 0
8.14133543531392 80 703
21.8888831815478 83 820
0 42 0
0 42 0
21.8888831815478 83 820
0 42 0
52.1537091903736 156 2110
0 42 0
0 42 0
0 42 0
0 42 0
4.75110014417145 73 227
0 42 0
0 42 0
21.8888831815478 83 820
6.61363526352554 79 666
0 42 0
0 42 0
0 42 0
21.8888831815478 83 820
0 42 0
21.8888831815478 83 820
36.6476170618829 122 1561
8.14133543531392 80 703
32.0633376003732 163 1589
0 42 0
0 42 0
10.4327348614706 81 741
0 42 0
0 42 0
0 42 0
0 42 0
0 42 0
0 42 0
1.83698515038846 69 351
0 42 0
0 42 0
0 42 0
0 42 0
0 42 0
3.14066058200547 74 496
0 42 0
21.8888831815478 83 820
0 42 0
0 42 0
0 42 0
0 42 0
0 42 0
21.8888831815478 83 820
0 42 0
1.51789401051669 67 300
0 42 0
0 42 0
0 42 0
3.09631866366437 63 100
9.1567815147341 73 225
0 42 0
0 42 0
0 42 0
0 42 0
0 42 0
0 42 0
0 42 0
0 42 0
0 42 0
0 42 0
0 42 0
0 42 0
0 42 0
0 42 0
14.2515423248239 82 780
0 42 0
0 42 0
14.2515423248239 82 780
0 42 0
4.06703053038818 76 561
0.267770024731455 50 28
0 42 0
0 42 0
0 42 0
0 42 0
44.0303493314379 123 1600
0 42 0
10.4327348614706 81 741
0 42 0
14.2515423248239 82 780
0 42 0
0 42 0
14.2515423248239 82 780
0 42 0
0 42 0
2.49907184607697 72 435
0 42 0
0 42 0
59.127097500761 185 2534
0 42 0
0 42 0
0 42 0
0 42 0
0 42 0
47.5779511849097 179 2315
5.05432725515725 94 686
0 42 0
0 42 0
0 42 0
0 42 0
0 42 0
4.70376811325633 77 595
0 42 0
0 42 0
0 42 0
0 42 0
0 42 0
0.093591709515717 45 3
0 42 0
2.24692094489137 71 406
0.793032881322895 58 92
0 42 0
0 42 0
0 42 0
11.7456760630256 109 1109
21.8888831815478 83 820
5.99661839962345 72 211
3.55756626537444 75 528
1.66809023043977 68 325
0 42 0
0 42 0
0 42 0
0 42 0
8.14133543531392 80 703
0 42 0
0 42 0
21.8888831815478 83 820
10.4327348614706 81 741
0 42 0
1.15274014880251 64 231
2.02832386511014 70 378
0 42 0
0 42 0
0 42 0
0 42 0
0 42 0
0 42 0
0 42 0
4.06703053038818 76 561
0 42 0
5.78115579065917 89 547
0 42 0
0 42 0
0 42 0
24.7826675695242 119 1446
0 42 0
21.8888831815478 83 820
6.61363526352554 79 666
0.125764934398832 46 6
0 42 0
21.8888831815478 83 820
0 42 0
4.70376811325633 77 595
0 42 0
0.229833578784107 49 21
13.4775929535301 126 1087
0 42 0
2.02832386511014 70 378
21.8888831815478 83 820
0 42 0
8.14133543531392 80 703
0 42 0
0 42 0
0 42 0
0 42 0
14.6797692029271 131 1312
31.0568248651473 136 1502
0 42 0
0 42 0
10.4327348614706 81 741
16.9678792263902 108 1105
0 42 0
26.1961153770945 115 1296
0 42 0
0 42 0
0.801240659624641 60 153
0 42 0
0 42 0
0 42 0
0 42 0
0 42 0
0 42 0
0 42 0
0 42 0
0 42 0
14.2515423248239 82 780
1.51789401051669 67 300
0 42 0
0 42 0
0 42 0
0 42 0
1.26236010471005 65 253
29.353585681682 119 1450
16.8254283444508 97 729
0 42 0
0 42 0
6.93883289779103 81 667
4.06703053038818 76 561
2.79317001481304 73 465
0 42 0
0 42 0
21.8888831815478 83 820
14.2515423248239 82 780
3.55756626537444 75 528
0 42 0
0 42 0
8.14133543531392 80 703
0 42 0
0 42 0
0 42 0
0 42 0
21.8888831815478 83 820
0 42 0
0 42 0
0 42 0
0 42 0
0 42 0
0 42 0
0 42 0
0 42 0
3.55756626537444 75 528
0.349789105224525 52 45
4.06703053038818 76 561
0 42 0
0 42 0
0 42 0
8.14133543531392 80 703
0.349789105224525 52 45
0 42 0
21.8888831815478 83 820
0 42 0
0 42 0
44.0303493314379 123 1600
0 42 0
0 42 0
0 42 0
0 42 0
0 42 0
0 42 0
0 42 0
0 42 0
0 42 0
0 42 0
0 42 0
0 42 0
0 42 0
0 42 0
0 42 0
0 42 0
0 42 0
0 42 0
14.2515423248239 82 780
0 42 0
0 42 0
0 42 0
0 42 0
55.782819274962 160 2266
0 42 0
0 42 0
28.525269482181 145 1771
0 42 0
0 42 0
0 42 0
21.8888831815478 83 820
0 42 0
0 42 0
0 42 0
8.14133543531392 80 703
10.4327348614706 81 741
0 42 0
1.51789401051669 67 300
0 42 0
0 42 0
31.1678690609102 119 1444
0 42 0
2.03324734658513 49 9
0 42 0
0 42 0
0 42 0
8.14133543531392 80 703
0 42 0
0 42 0
0 42 0
0 42 0
0.491827482752782 55 78
0 42 0
0 42 0
21.8888831815478 83 820
55.782819274962 160 2266
5.78094069929472 96 718
0 42 0
0 42 0
30.6974580223119 139 1492
0 42 0
3.55756626537444 75 528
11.0911082218644 86 751
0 42 0
21.8888831815478 83 820
0 42 0
0 42 0
21.8888831815478 83 820
0 42 0
0 42 0
21.8888831815478 83 820
8.14133543531392 80 703
6.61363526352554 79 666
0 42 0
0 42 0
0 42 0
0 42 0
0 42 0
0 42 0
6.61363526352554 79 666
14.2515423248239 82 780
13.5683289559669 109 1091
0 42 0
0 42 0
2.72776173182943 77 309
21.8888831815478 83 820
6.61363526352554 79 666
3.14066058200547 74 496
21.8888831815478 83 820
0 42 0
0 42 0
0 42 0
21.8888831815478 83 820
10.4327348614706 81 741
14.2515423248239 82 780
9.46526679072834 97 731
0 42 0
0 42 0
0 42 0
0 42 0
0 42 0
0 42 0
0.193660058932043 48 15
0 42 0
0 42 0
0 42 0
0 42 0
0 42 0
0 42 0
0 42 0
5.52233026959412 78 630
0 42 0
4.06703053038818 76 561
55.782819274962 160 2266
6.61363526352554 79 666
0 42 0
0 42 0
44.1722312600961 146 1781
0 42 0
0 42 0
0 42 0
0 42 0
0 42 0
8.14133543531392 80 703
0 42 0
0 42 0
17.0427200340771 115 1302
0 42 0
0 42 0
0 42 0
0 42 0
0 42 0
0 42 0
0 42 0
0 42 0
0 42 0
21.8888831815478 83 820
10.4327348614706 81 741
6.61363526352554 79 666
0 42 0
0 42 0
5.52233026959412 78 630
1.66809023043977 68 325
23.2632584332414 91 848
1.05301118799743 63 210
1.66809023043977 68 325
0 42 0
0 42 0
0 42 0
2.49907184607697 72 435
0 42 0
0 42 0
0 42 0
0 42 0
0 42 0
0 42 0
0 42 0
30.7990639959002 120 1486
0 42 0
14.2515423248239 82 780
0 42 0
0 42 0
21.8888831815478 83 820
0 42 0
0 42 0
0 42 0
35.6262644428793 121 1521
0 42 0
4.06703053038818 76 561
0 42 0
0 42 0
0 42 0
1.51789401051669 67 300
0 42 0
5.78392475679711 79 326
0 42 0
0 42 0
23.195977322675 111 1156
0 42 0
0 42 0
0 42 0
0 42 0
0 42 0
0 42 0
21.8888831815478 83 820
5.52233026959412 78 630
0 42 0
0 42 0
0 42 0
21.8888831815478 83 820
0 42 0
8.14133543531392 80 703
0.441583560737996 54 66
14.2515423248239 82 780
0 42 0
0 42 0
0 42 0
0 42 0
0 42 0
3.55756626537444 75 528
9.53418391685375 105 967
0 42 0
9.41488406368143 96 823
0 42 0
0 42 0
50.2656520665133 158 2187
5.69029615595739 85 579
0 42 0
8.14133543531392 80 703
29.353585681682 119 1450
0 42 0
0 42 0
0 42 0
0 42 0
0 42 0
21.8888831815478 83 820
0 42 0
0 42 0
0 42 0
0 42 0
0 42 0
0 42 0
21.8888831815478 83 820
8.14133543531392 80 703
0 42 0
0 42 0
0 42 0
0 42 0
0 42 0
14.2515423248239 82 780
5.52233026959412 78 630
0.545396649686912 56 91
0 42 0
31.7735426777765 144 1759
4.23084227144612 53 17
14.2515423248239 82 780
0 42 0
0 42 0
0 42 0
0 42 0
0 42 0
0 42 0
0 42 0
21.8888831815478 83 820
0 42 0
0 42 0
10.4327348614706 81 741
0.545396649686912 56 91
0 42 0
21.8888831815478 83 820
26.9712578187111 116 1348
17.5678791805107 99 784
0 42 0
0 42 0
21.8888831815478 83 820
0 42 0
6.26118497395037 98 772
0 42 0
0.193660058932043 48 15
0 42 0
0 42 0
0 42 0
0 42 0
40.2285616290177 141 1585
14.2515423248239 82 780
1.83698515038846 69 351
44.0303493314379 123 1600
21.8888831815478 83 820
0 42 0
21.8888831815478 83 820
0 42 0
0 42 0
0 42 0
0 42 0
0 42 0
2.24692094489137 71 406
0 42 0
10.3843455406462 104 979
15.770303776541 108 1057
0 42 0
0 42 0
0 42 0
21.8888831815478 83 820
0 42 0
0 42 0
0 42 0
0.093591709515717 45 3
21.8888831815478 83 820
21.8888831815478 83 820
0 42 0
1.66809023043977 68 325
18.4444631522693 116 1336
0 42 0
0 42 0
21.8888831815478 83 820
21.8888831815478 83 820
10.4327348614706 81 741
44.0303493314379 123 1600
0 42 0
0 42 0
0 42 0
21.8888831815478 83 820
0 42 0
2.79317001481304 73 465
0 42 0
0.664055580895162 58 120
8.14133543531392 80 703
0 42 0
0 42 0
0 42 0
0 42 0
0 42 0
14.2515423248239 82 780
35.6262644428793 121 1521
0 42 0
38.6558554952846 138 1489
0 42 0
2.79317001481304 73 465
0 42 0
0 42 0
0 42 0
3.55756626537444 75 528
4.06703053038818 76 561
0 42 0
10.8038204428947 106 1028
2.541528108143 77 399
14.2515423248239 82 780
0 42 0
7.60150103545848 84 334
44.0303493314379 123 1600
10.4327348614706 81 741
10.4327348614706 81 741
0 42 0
0 42 0
0 42 0
0 42 0
44.0303493314379 123 1600
0 42 0
0 42 0
0 42 0
21.8888831815478 83 820
0 42 0
0 42 0
0 42 0
0 42 0
0 42 0
0 42 0
2.02832386511014 70 378
0 42 0
5.52233026959412 78 630
0 42 0
0 42 0
10.4327348614706 81 741
0 42 0
13.7250990928693 105 667
0 42 0
21.8888831815478 83 820
14.2515423248239 82 780
24.6327857903225 144 1722
0 42 0
0 42 0
0 42 0
44.0303493314379 123 1600
0 42 0
0 42 0
0 42 0
5.52233026959412 78 630
10.4327348614706 81 741
2.02832386511014 70 378
0 42 0
21.8888831815478 83 820
0 42 0
0 42 0
0 42 0
4.70376811325633 77 595
0 42 0
0 42 0
0 42 0
0 42 0
35.6262644428793 121 1521
0 42 0
21.8888831815478 83 820
0 42 0
0 42 0
4.70376811325633 77 595
5.52233026959412 78 630
0 42 0
0 42 0
18.3444726098097 101 841
0 42 0
21.8888831815478 83 820
21.8888831815478 83 820
1.83698515038846 69 351
0 42 0
0 42 0
28.2875570495937 117 1369
0 42 0
0 42 0
5.2478513109233 82 384
0 42 0
0 42 0
0 42 0
0 42 0
0 42 0
0.267770024731455 50 28
0 42 0
0 42 0
0 42 0
0 42 0
0 42 0
0 42 0
0 42 0
0 42 0
0 42 0
0 42 0
0 42 0
0 42 0
0 42 0
0 42 0
0 42 0
0 42 0
28.3278118577179 118 1415
5.52233026959412 78 630
0 42 0
0 42 0
0 42 0
0 42 0
47.1798091259122 158 1651
0 42 0
0 42 0
0 42 0
0 42 0
36.6476170618829 122 1561
0 42 0
0 42 0
0 42 0
0 42 0
18.8413906803827 114 1276
0 42 0
0 42 0
0 42 0
0 42 0
0 42 0
30.7990639959002 120 1486
0 42 0
0 42 0
0 42 0
0 42 0
0 42 0
0 42 0
0 42 0
0 42 0
21.8888831815478 83 820
2.02832386511014 70 378
0 42 0
0 42 0
0 42 0
18.3721642344976 113 1245
0.602664177792829 57 105
0 42 0
0 42 0
5.52233026959412 78 630
8.14133543531392 80 703
10.4327348614706 81 741
17.4002678435902 110 1158
0 42 0
4.70376811325633 77 595
0 42 0
0 42 0
21.8888831815478 83 820
0 42 0
21.8888831815478 83 820
0 42 0
0 42 0
14.2515423248239 82 780
6.61363526352554 79 666
7.97418014461986 69 169
0 42 0
5.48566236581998 89 609
0 42 0
1.66809023043977 68 325
0 42 0
0 42 0
0 42 0
14.2515423248239 82 780
0 42 0
0 42 0
0 42 0
0 42 0
0 42 0
0 42 0
8.14133543531392 80 703
0 42 0
0 42 0
0 42 0
25.0926305192883 110 1171
0 42 0
21.8888831815478 83 820
0 42 0
14.2515423248239 82 780
14.2515423248239 82 780
0 42 0
0 42 0
14.2515423248239 82 780
21.8888831815478 83 820
0 42 0
0 42 0
5.52233026959412 78 630
0 42 0
0 42 0
0 42 0
0 42 0
0 42 0
0 42 0
0 42 0
3.55756626537444 75 528
0 42 0
0 42 0
14.2515423248239 82 780
1.83698515038846 69 351
0 42 0
0 42 0
7.41233226355207 94 654
0 42 0
0 42 0
0 42 0
21.8888831815478 83 820
5.52233026959412 78 630
4.70376811325633 77 595
0 42 0
0 42 0
0 42 0
16.8010910488989 94 427
4.70376811325633 77 595
0 42 0
0 42 0
0 42 0
0 42 0
26.1961153770945 115 1296
0 42 0
21.8888831815478 83 820
0 42 0
0 42 0
0 42 0
0 42 0
0 42 0
0 42 0
5.35654957514845 94 666
0 42 0
0 42 0
0 42 0
0 42 0
13.5638919212702 109 1119
0 42 0
4.70376811325633 77 595
0 42 0
0 42 0
35.6262644428793 121 1521
0 42 0
0 42 0
0 42 0
57.9983973593735 207 2673
0 42 0
1.15274014880251 64 231
0 42 0
0.193660058932043 48 15
21.8888831815478 83 820
21.8888831815478 83 820
0 42 0
0 42 0
0 42 0
21.8888831815478 83 820
0 42 0
30.419775047817 115 1061
0 42 0
0 42 0
6.61363526352554 79 666
0 42 0
0 42 0
3.55756626537444 75 528
14.2515423248239 82 780
0 42 0
0 42 0
0 42 0
0 42 0
21.8888831815478 83 820
17.463118426917 105 649
0 42 0
0 42 0
0 42 0
0 42 0
14.2515423248239 82 780
0 42 0
0 42 0
0 42 0
0 42 0
0 42 0
0 42 0
0 42 0
0.730059469884781 59 136
0 42 0
4.70376811325633 77 595
29.353585681682 119 1450
27.3482088773497 138 1492
0 42 0
9.75247901124243 75 256
0 42 0
21.8888831815478 83 820
0 42 0
0.801240659624641 60 153
0 42 0
32.9824241032044 121 1523
0 42 0
14.2515423248239 82 780
4.29253337979225 89 601
0 42 0
3.14066058200547 74 496
0 42 0
0 42 0
4.06703053038818 76 561
2.24692094489137 71 406
0 42 0
0 42 0
1.66809023043977 68 325
0 42 0
0 42 0
0 42 0
8.14133543531392 80 703
10.4327348614706 81 741
10.4327348614706 81 741
0 42 0
0 42 0
0 42 0
0 42 0
21.8888831815478 83 820
10.4327348614706 81 741
0 42 0
0 42 0
0 42 0
0 42 0
0 42 0
0 42 0
32.9824241032044 121 1523
0 42 0
0 42 0
0 42 0
10.4327348614706 81 741
10.4327348614706 81 741
3.86498259726265 83 412
8.14133543531392 80 703
0 42 0
13.7062430579239 129 1291
4.06703053038818 76 561
0 42 0
14.2515423248239 82 780
0 42 0
5.52233026959412 78 630
0 42 0
2.02832386511014 70 378
10.4642681191756 108 1065
0 42 0
0 42 0
0 42 0
0 42 0
0 42 0
0 42 0
0 42 0
22.9348293469977 87 826
0 42 0
14.2515423248239 82 780
0.307680887403955 51 36
0.441583560737996 54 66
0 42 0
0 42 0
0 42 0
0 42 0
0 42 0
0 42 0
6.61363526352554 79 666
21.8888831815478 83 820
0 42 0
0 42 0
0 42 0
21.8888831815478 83 820
0 42 0
0 42 0
11.4992110340964 99 574
1.83698515038846 69 351
0 42 0
0 42 0
2.10883507824414 73 255
0 42 0
21.8888831815478 83 820
0 42 0
1.38343937072494 66 276
0 42 0
0 42 0
0 42 0
0 42 0
10.4327348614706 81 741
0 42 0
6.61363526352554 79 666
0 42 0
0 42 0
0 42 0
21.8888831815478 83 820
0 42 0
0.730059469884781 59 136
0.602664177792829 57 105
0 42 0
0 42 0
21.8888831815478 83 820
0 42 0
0 42 0
21.8888831815478 83 820
0 42 0
6.61363526352554 79 666
21.8888831815478 83 820
0 42 0
0 42 0
0 42 0
0 42 0
0 42 0
0 42 0
0 42 0
15.8799136713223 109 790
0 42 0
4.70376811325633 77 595
0 42 0
5.52233026959412 78 630
0 42 0
0 42 0
0 42 0
0 42 0
0 42 0
0 42 0
21.8888831815478 83 820
21.8888831815478 83 820
1.26236010471005 65 253
21.8888831815478 83 820
0 42 0
0 42 0
0 42 0
2.79317001481304 73 465
0 42 0
0 42 0
0 42 0
0 42 0
14.2515423248239 82 780
0 42 0
0 42 0
0 42 0
0 42 0
31.2705910267315 143 1660
21.8888831815478 83 820
0 42 0
0 42 0
21.8888831815478 83 820
0 42 0
44.0303493314379 123 1600
3.14066058200547 74 496
0 42 0
0 42 0
0 42 0
1.15274014880251 64 231
0 42 0
0 42 0
0 42 0
0 42 0
0 42 0
0 42 0
6.61363526352554 79 666
35.6262644428793 121 1521
14.2515423248239 82 780
44.0303493314379 123 1600
0 42 0
0 42 0
0 42 0
0 42 0
0 42 0
39.687717006937 147 1846
0 42 0
6.61363526352554 79 666
44.0303493314379 123 1600
0 42 0
0 42 0
1.38343937072494 66 276
28.3278118577179 118 1415
14.2515423248239 82 780
5.52233026959412 78 630
4.06703053038818 76 561
0 42 0
48.3983555138064 149 1925
1.83698515038846 69 351
0 42 0
0 42 0
0 42 0
0 42 0
44.0303493314379 123 1600
0 42 0
0 42 0
0 42 0
17.6700689728256 111 1186
0 42 0
51.287004685517 159 2227
0 42 0
0 42 0
0 42 0
0 42 0
50.1227240865451 155 2096
0 42 0
21.8888831815478 83 820
0 42 0
21.8888831815478 83 820
0 42 0
8.14133543531392 80 703
21.8888831815478 83 820
0 42 0
0 42 0
0 42 0
0 42 0
0 42 0
1.83698515038846 69 351
21.8888831815478 83 820
29.353585681682 119 1450
0 42 0
20.554364053968 117 1371
0 42 0
0 42 0
6.61363526352554 79 666
21.8888831815478 83 820
0 42 0
4.06703053038818 76 561
0 42 0
0 42 0
0 42 0
0 42 0
0 42 0
0 42 0
0 42 0
0 42 0
0.229833578784107 49 21
8.14133543531392 80 703
4.70376811325633 77 595
0 42 0
21.8888831815478 83 820
8.31774722162305 98 760
0 42 0
0 42 0
21.8888831815478 83 820
10.4327348614706 81 741
0 42 0
0 42 0
0 42 0
0 42 0
0 42 0
4.61704631384283 91 596
0 42 0
2.79317001481304 73 465
0 42 0
0 42 0
0 42 0
36.6476170618829 122 1561
0 42 0
0 42 0
0 42 0
0 42 0
14.2515423248239 82 780
0 42 0
0 42 0
0 42 0
44.0303493314379 123 1600
0 42 0
0 42 0
3.14066058200547 74 496
0 42 0
0 42 0
0 42 0
21.8888831815478 83 820
0 42 0
0 42 0
0 42 0
0 42 0
21.8888831815478 83 820
1.38343937072494 66 276
0 42 0
0 42 0
0 42 0
0 42 0
0 42 0
0 42 0
21.8888831815478 83 820
0 42 0
0 42 0
0 42 0
0.229833578784107 49 21
0 42 0
24.7590010966406 108 1120
21.8888831815478 83 820
0 42 0
0 42 0
0 42 0
0 42 0
0 42 0
0 42 0
21.8888831815478 83 820
0 42 0
0 42 0
1.38343937072494 66 276
0 42 0
0 42 0
34.7307300574578 152 1979
0 42 0
0 42 0
21.8888831815478 83 820
23.475440567083 94 875
10.4327348614706 81 741
0 42 0
21.8888831815478 83 820
0 42 0
21.8888831815478 83 820
22.4532276388626 127 1008
0 42 0
0 42 0
0 42 0
10.4327348614706 81 741
17.1688333494892 109 1131
0 42 0
0 42 0
4.06703053038818 76 561
8.14133543531392 80 703
21.8888831815478 83 820
0 42 0
0 42 0
0.491827482752782 55 78
0 42 0
15.2982126171728 113 1237
0 42 0
0 42 0
21.8888831815478 83 820
0 42 0
0 42 0
0 42 0
0 42 0
0 42 0
2.24692094489137 71 406
34.5530147065407 148 1834
0 42 0
0 42 0
0 42 0
0 42 0
28.3278118577179 118 1415
0 42 0
0 42 0
0 42 0
22.1349505284118 137 1127
0 42 0
14.2515423248239 82 780
0 42 0
7.20656775230282 97 735
0 42 0
0.801240659624641 60 153
0 42 0
0 42 0
0 42 0
9.03023826624051 110 951
0 42 0
0 42 0
0 42 0
0 42 0
0 42 0
0 42 0
0 42 0
8.14133543531392 80 703
0 42 0
0 42 0
21.8888831815478 83 820
0 42 0
0 42 0
0 42 0
0 42 0
0.441583560737996 54 66
40.9332474125391 145 1411
0.159041888899628 47 10
0 42 0
31.1678690609102 119 1444
0 42 0
0 42 0
0 42 0
17.5678791805107 99 784
6.61363526352554 79 666
0 42 0
0 42 0
0.878256432768042 61 171
0 42 0
0 42 0
27.5630221662339 117 1381
0 42 0
0 42 0
0 42 0
0 42 0
0 42 0
5.52233026959412 78 630
0 42 0
1.51789401051669 67 300
0 42 0
24.1709551809241 103 1010
0 42 0
0 42 0
8.14133543531392 80 703
0 42 0
23.195977322675 111 1156
0 42 0
0 42 0
0 42 0
0 42 0
32.2850519857516 152 1510
0 42 0
0 42 0
0 42 0
36.6476170618829 122 1561
0 42 0
12.3482124330939 96 810
0 42 0
0 42 0
2.24692094489137 71 406
0 42 0
11.5831217030361 94 819
0 42 0
0 42 0
0 42 0
0 42 0
14.2515423248239 82 780
0 42 0
0 42 0
0.801240659624641 60 153
0 42 0
0 42 0
2.79317001481304 73 465
0 42 0
0 42 0
0 42 0
0 42 0
0 42 0
0 42 0
0 42 0
0 42 0
36.6476170618829 122 1561
14.2515423248239 82 780
0 42 0
0 42 0
0.307680887403955 51 36
0.159041888899628 47 10
0 42 0
2.79317001481304 73 465
21.8888831815478 83 820
21.8888831815478 83 820
0 42 0
0 42 0
0 42 0
0 42 0
0 42 0
0.125764934398832 46 6
0 42 0
0 42 0
0.267770024731455 50 28
0 42 0
0 42 0
0 42 0
39.3674667567845 156 1278
21.8888831815478 83 820
0 42 0
0 42 0
0 42 0
2.79317001481304 73 465
0 42 0
0 42 0
0 42 0
0 42 0
0 42 0
1.26236010471005 65 253
21.8888831815478 83 820
0 42 0
21.8888831815478 83 820
0 42 0
21.8888831815478 83 820
0 42 0
0 42 0
4.06703053038818 76 561
0 42 0
22.0241765899474 109 1089
8.22200748467538 101 847
0 42 0
21.8888831815478 83 820
0 42 0
2.49907184607697 72 435
2.49907184607697 72 435
14.2515423248239 82 780
0 42 0
0 42 0
0 42 0
12.6965464347217 105 1017
12.0160817716525 109 892
0 42 0
0 42 0
0 42 0
23.4058734519975 93 865
0 42 0
0 42 0
0 42 0
0 42 0
0 42 0
0 42 0
21.8888831815478 83 820
0 42 0
0 42 0
0 42 0
21.8888831815478 83 820
0 42 0
0 42 0
0 42 0
35.6262644428793 121 1521
8.14133543531392 80 703
0 42 0
0 42 0
24.7826675695242 119 1446
2.28639893047347 54 31
0 42 0
0 42 0
0 42 0
49.8277777577908 178 2307
0 42 0
0 42 0
0 42 0
0 42 0
0 42 0
0 42 0
36.2769523202069 145 1741
0 42 0
20.5976608950792 137 1501
14.2515423248239 82 780
0 42 0
0 42 0
0 42 0
0 42 0
0 42 0
0 42 0
0 42 0
18.4444631522693 116 1336
4.70376811325633 77 595
21.8888831815478 83 820
0 42 0
11.3322540445255 90 777
0 42 0
0 42 0
6.61363526352554 79 666
4.06703053038818 76 561
14.2515423248239 82 780
0 42 0
0 42 0
4.06703053038818 76 561
0 42 0
0 42 0
0 42 0
0 42 0
0 42 0
0 42 0
0 42 0
0 42 0
0 42 0
0 42 0
0.878256432768042 61 171
6.61363526352554 79 666
0 42 0
0 42 0
0 42 0
0 42 0
14.2515423248239 82 780
0 42 0
21.696701872169 114 719
0 42 0
0 42 0
0 42 0
10.4327348614706 81 741
0 42 0
0 42 0
0 42 0
0 42 0
0 42 0
0 42 0
21.8888831815478 83 820
0 42 0
21.8888831815478 83 820
0 42 0
0 42 0
10.4327348614706 81 741
21.8888831815478 83 820
0 42 0
0 42 0
0 42 0
0 42 0
0 42 0
0 42 0
17.4628873523947 138 1193
0 42 0
0 42 0
0 42 0
4.06703053038818 76 561
21.3074488360824 130 1341
14.2515423248239 82 780
21.8888831815478 83 820
0 42 0
0 42 0
0 42 0
4.70376811325633 77 595
0 42 0
0 42 0
0.394335293227931 53 55
21.8888831815478 83 820
0 42 0
20.9835043126293 107 1024
0 42 0
2.79317001481304 73 465
0 42 0
0 42 0
21.8888831815478 83 820
31.1678690609102 119 1444
4.06703053038818 76 561
0 42 0
0 42 0
0 42 0
4.70376811325633 77 595
0.093591709515717 45 3
0 42 0
0 42 0
4.99952976090999 85 447
0 42 0
0 42 0
24.7970514505954 113 1005
42.2597841764114 153 2005
0 42 0
0 42 0
0 42 0
0.491827482752782 55 78
0 42 0
0 42 0
0 42 0
0 42 0
0 42 0
0 42 0
28.121848138239 134 1369
21.8888831815478 83 820
0 42 0
0 42 0
0 42 0
0 42 0
37.5010029204323 149 1901
0 42 0
3.14066058200547 74 496
0 42 0
0.730059469884781 59 136
0 42 0
0 42 0
19.163915225578 103 900
0 42 0
0 42 0
0 42 0
0 42 0
0 42 0
24.7826675695242 119 1446
0 42 0
0 42 0
1.05301118799743 63 210
0 42 0
1.66809023043977 68 325
0 42 0
10.4327348614706 81 741
0 42 0
0 42 0
0 42 0
0 42 0
21.8888831815478 83 820
0 42 0
7.3858963613326 67 144
30.7990639959002 120 1486
0 42 0
0 42 0
0 42 0
0 42 0
0 42 0
0 42 0
0 42 0
0 42 0
0 42 0
6.4178758655085 74 241
0 42 0
1.51789401051669 67 300
0 42 0
0 42 0
21.3654333492771 116 1333
2.05418724089841 73 335
0 42 0
14.2515423248239 82 780
21.8888831815478 83 820
1.51789401051669 67 300
0 42 0
1.51789401051669 67 300
0 42 0
0 42 0
37.4997591277164 146 1753
21.8888831815478 83 820
0 42 0
0 42 0
0 42 0
4.70376811325633 77 595
0 42 0
0 42 0
14.2515423248239 82 780
0 42 0
0 42 0
23.475440567083 94 875
4.06703053038818 76 561
0 42 0
14.2515423248239 82 780
0 42 0
0 42 0
0 42 0
0 42 0
13.4190112102521 102 871
0 42 0
0 42 0
0 42 0
1.05301118799743 63 210
14.2515423248239 82 780
0 42 0
0 42 0
33.3327038592342 136 1606
6.61363526352554 79 666
18.4444631522693 116 1336
21.8888831815478 83 820
0 42 0
0 42 0
0 42 0
54.3396402398418 169 2090
0 42 0
16.149956318551 102 970
0 42 0
29.353585681682 119 1450
0 42 0
0 42 0
0 42 0
0 42 0
0 42 0
0 42 0
21.8888831815478 83 820
8.14133543531392 80 703
0 42 0
0 42 0
14.2515423248239 82 780
0 42 0
21.8888831815478 83 820
1.26236010471005 65 253
77.1470922197274 230 2976
0 42 0
0 42 0
3.55756626537444 75 528
21.8888831815478 83 820
0 42 0
0.349789105224525 52 45
0 42 0
37.1810039402271 135 1396
0 42 0
0 42 0
5.52233026959412 78 630
0 42 0
21.8888831815478 83 820
0 42 0
31.1678690609102 119 1444
0 42 0
53.9682642326678 158 2189
0 42 0
0 42 0
0 42 0
0 42 0
0 42 0
0 42 0
21.8888831815478 83 820
0 42 0
0 42 0
14.2515423248239 82 780
0 42 0
5.52233026959412 78 630
18.7887745586106 98 497
0 42 0
6.47766614292059 91 708
0 42 0
4.70376811325633 77 595
0 42 0
0 42 0
0 42 0
1.66809023043977 68 325
0 42 0
21.8888831815478 83 820
0 42 0
0 42 0
8.14133543531392 80 703
0 42 0
8.38735241976249 100 876
24.7590010966406 108 1120
0 42 0
3.14066058200547 74 496
25.0926305192883 110 1171
10.4327348614706 81 741
30.7990639959002 120 1486
21.8888831815478 83 820
0 42 0
0 42 0
0 42 0
44.0303493314379 123 1600
8.14133543531392 80 703
14.2515423248239 82 780
0 42 0
21.8888831815478 83 820
21.8888831815478 83 820
0 42 0
0 42 0
0 42 0
0 42 0
0 42 0
0 42 0
0 42 0
19.4390171831301 114 1261
0 42 0
21.8888831815478 83 820
2.02832386511014 70 378
0 42 0
0 42 0
0 42 0
21.8888831815478 83 820
0 42 0
0 42 0
0 42 0
22.63123026588 118 1410
0 42 0
35.6262644428793 121 1521
10.4327348614706 81 741
0 42 0
0 42 0
0.307680887403955 51 36
0 42 0
0 42 0
0 42 0
31.1678690609102 119 1444
2.49907184607697 72 435
13.5638919212702 109 1119
21.8888831815478 83 820
21.8888831815478 83 820
0 42 0
8.15431613337441 82 381
0 42 0
0 42 0
16.495361866839 105 1033
0 42 0
0 42 0
0 42 0
21.8888831815478 83 820
0 42 0
0 42 0
0 42 0
0 42 0
0.961876955097649 62 190
1.15274014880251 64 231
0 42 0
21.8888831815478 83 820
0 42 0
21.8888831815478 83 820
0 42 0
28.3856742445893 120 1483
0 42 0
36.137376864916 142 1733
0 42 0
0 42 0
0 42 0
0 42 0
0 42 0
8.14133543531392 80 703
0 42 0
21.8888831815478 83 820
0.602664177792829 57 105
0 42 0
0 42 0
0 42 0
0 42 0
0 42 0
0 42 0
0 42 0
0 42 0
1.05301118799743 63 210
0 42 0
0.441583560737996 54 66
0 42 0
0 42 0
0 42 0
0 42 0
0 42 0
0 42 0
0 42 0
26.9712578187111 116 1348
0 42 0
0 42 0
0 42 0
0 42 0
0 42 0
0 42 0
1.26236010471005 65 253
0 42 0
0 42 0
0 42 0
12.5423166127543 104 994
0 42 0
0 42 0
0 42 0
0 42 0
2.49907184607697 72 435
0 42 0
0 42 0
0 42 0
0 42 0
0 42 0
0 42 0
10.4327348614706 81 741
23.195977322675 111 1156
0 42 0
0 42 0
0 42 0
2.24692094489137 71 406
0 42 0
0 42 0
0 42 0
0 42 0
30.7990639959002 120 1486
0 42 0
0 42 0
25.0926305192883 110 1171
0 42 0
0.159041888899628 47 10
1.66809023043977 68 325
21.8888831815478 83 820
14.2515423248239 82 780
0 42 0
0 42 0
0 42 0
0 42 0
0 42 0
0 42 0
0 42 0
0 42 0
0 42 0
0 42 0
0 42 0
0 42 0
0 42 0
0 42 0
0 42 0
0 42 0
8.14133543531392 80 703
0 42 0
21.8888831815478 83 820
28.3856742445893 120 1483
21.8888831815478 83 820
2.64238809934424 64 114
21.8888831815478 83 820
0 42 0
0 42 0
0 42 0
0 42 0
0 42 0
21.8888831815478 83 820
0 42 0
0 42 0
2.35133786835414 65 127
0 42 0
4.31322368893358 88 522
0 42 0
21.8888831815478 83 820
0 42 0
0 42 0
9.05938637853539 91 758
0 42 0
32.9824241032044 121 1523
0 42 0
0 42 0
36.9884801191458 129 1536
0 42 0
0 42 0
22.0241765899474 109 1089
21.8888831815478 83 820
21.8888831815478 83 820
0 42 0
0 42 0
0 42 0
0 42 0
0 42 0
21.8888831815478 83 820
0 42 0
10.3713251889359 107 1030
8.14133543531392 80 703
0 42 0
0 42 0
3.14066058200547 74 496
0 42 0
47.5195177949077 142 1771
0 42 0
5.52233026959412 78 630
0 42 0
2.02832386511014 70 378
44.0303493314379 123 1600
0 42 0
44.3019310560396 154 2037
0 42 0
0 42 0
0 42 0
0 42 0
21.8888831815478 83 820
0 42 0
0 42 0
1.05301118799743 63 210
0 42 0
10.4327348614706 81 741
0 42 0
0 42 0
0 42 0
1.26236010471005 65 253
0 42 0
0 42 0
0 42 0
44.0303493314379 123 1600
14.2515423248239 82 780
44.0303493314379 123 1600
0 42 0
3.55756626537444 75 528
14.2515423248239 82 780
0 42 0
21.8888831815478 83 820
0 42 0
0 42 0
14.2515423248239 82 780
0 42 0
0 42 0
0 42 0
0 42 0
0 42 0
26.9712578187111 116 1348
0.602664177792829 57 105
0 42 0
36.6476170618829 122 1561
41.2282896329999 154 2047
21.8888831815478 83 820
0 42 0
0 42 0
24.5552995415943 113 1225
0 42 0
0.267770024731455 50 28
0 42 0
0 42 0
0 42 0
17.0427200340771 115 1302
0 42 0
0 42 0
0 42 0
0 42 0
0 42 0
0 42 0
0 42 0
0 42 0
0 42 0
21.8888831815478 83 820
0 42 0
8.14133543531392 80 703
0 42 0
0 42 0
17.0427200340771 115 1302
0 42 0
0 42 0
0 42 0
0 42 0
0 42 0
0 42 0
21.8888831815478 83 820
26.2851463975407 133 1349
0 42 0
46.0280396520025 150 1891
0 42 0
21.8888831815478 83 820
0 42 0
0.664055580895162 58 120
0 42 0
21.8888831815478 83 820
0 42 0
0 42 0
0 42 0
0 42 0
0 42 0
14.2515423248239 82 780
0 42 0
0 42 0
0 42 0
0.125764934398832 46 6
0 42 0
21.8888831815478 83 820
0 42 0
0 42 0
0 42 0
0 42 0
0 42 0
0 42 0
0 42 0
21.8888831815478 83 820
8.88031920433604 88 731
0 42 0
0 42 0
4.06703053038818 76 561
0 42 0
3.55756626537444 75 528
0 42 0
12.6487181132515 107 1026
0 42 0
21.8888831815478 83 820
0 42 0
0 42 0
0 42 0
50.666960942867 174 2119
21.8888831815478 83 820
0 42 0
21.8888831815478 83 820
0.394335293227931 53 55
0 42 0
0 42 0
0 42 0
0 42 0
0 42 0
0 42 0
1.51789401051669 67 300
0 42 0
0 42 0
0 42 0
2.79317001481304 73 465
0 42 0
0 42 0
25.0926305192883 110 1171
0 42 0
21.8888831815478 83 820
0 42 0
0 42 0
8.14133543531392 80 703
0 42 0
0 42 0
0 42 0
0 42 0
0 42 0
0 42 0
0 42 0
0 42 0
0 42 0
0 42 0
4.70376811325633 77 595
0 42 0
0 42 0
0 42 0
0 42 0
0 42 0
10.4327348614706 81 741
0 42 0
0 42 0
0 42 0
0 42 0
0 42 0
0 42 0
21.8888831815478 83 820
0 42 0
0 42 0
0 42 0
0 42 0
0 42 0
0 42 0
0 42 0
0 42 0
0 42 0
0 42 0
0 42 0
0 42 0
0 42 0
0 42 0
0 42 0
10.4327348614706 81 741
29.5159398734275 118 1111
0 42 0
0 42 0
0 42 0
0 42 0
28.2875570495937 117 1369
0 42 0
0 42 0
14.2515423248239 82 780
0.491827482752782 55 78
0 42 0
21.8888831815478 83 820
28.2875570495937 117 1369
0 42 0
1.05301118799743 63 210
9.5120872812925 114 934
0 42 0
0 42 0
26.9712578187111 116 1348
0 42 0
0 42 0
44.0303493314379 123 1600
0 42 0
36.6476170618829 122 1561
0 42 0
0 42 0
0 42 0
0 42 0
57.2522550683469 159 2224
0 42 0
0 42 0
0 42 0
8.14133543531392 80 703
5.52233026959412 78 630
3.25409417266368 53 25
0 42 0
0 42 0
44.0303493314379 123 1600
11.1698347316683 103 902
21.8888831815478 83 820
0 42 0
0 42 0
0 42 0
0 42 0
0 42 0
0 42 0
21.8888831815478 83 820
0 42 0
0 42 0
0 42 0
28.2875570495937 117 1369
0 42 0
0 42 0
0 42 0
0 42 0
0 42 0
0 42 0
21.8888831815478 83 820
0 42 0
0 42 0
0 42 0
0 42 0
0 42 0
0 42 0
44.0303493314379 123 1600
0 42 0
1.38414837062183 64 135
0 42 0
14.2515423248239 82 780
0 42 0
0.394335293227931 53 55
28.3278118577179 118 1415
10.4327348614706 81 741
0 42 0
0 42 0
1.83698515038846 69 351
0 42 0
0 42 0
29.4171493199076 102 901
0 42 0
12.76996750688 100 813
0 42 0
0 42 0
0 42 0
0 42 0
0 42 0
0 42 0
8.14133543531392 80 703
0 42 0
0 42 0
31.1678690609102 119 1444
0 42 0
0 42 0
0 42 0
32.9824241032044 121 1523
0 42 0
0 42 0
14.2515423248239 82 780
10.4327348614706 81 741
0 42 0
0 42 0
0 42 0
0 42 0
8.31774722162305 98 760
0 42 0
0 42 0
0 42 0
0 42 0
36.6476170618829 122 1561
0 42 0
0 42 0
3.55756626537444 75 528
1.51789401051669 67 300
0 42 0
0 42 0
0 42 0
3.55756626537444 75 528
2.02832386511014 70 378
0 42 0
0 42 0
10.4327348614706 81 741
0 42 0
44.0303493314379 123 1600
0 42 0
0 42 0
14.2515423248239 82 780
21.8888831815478 83 820
21.8888831815478 83 820
0 42 0
0 42 0
21.8888831815478 83 820
8.14133543531392 80 703
0 42 0
4.06703053038818 76 561
0 42 0
0 42 0
0 42 0
14.2515423248239 82 780
8.14133543531392 80 703
0 42 0
0 42 0
0 42 0
4.70376811325633 77 595
0 42 0
14.2515423248239 82 780
0 42 0
14.0866877212127 89 529
0 42 0
4.06703053038818 76 561
0 42 0
0 42 0
0 42 0
0 42 0
0 42 0
21.8888831815478 83 820
6.61363526352554 79 666
14.6768435341931 111 1158
0 42 0
0 42 0
0 42 0
6.61363526352554 79 666
21.8888831815478 83 820
21.8888831815478 83 820
11.0489740987207 94 651
0 42 0
0 42 0
0 42 0
0 42 0
0 42 0
8.14133543531392 80 703
31.1678690609102 119 1444
0 42 0
0 42 0
0 42 0
0 42 0
0 42 0
0 42 0
0 42 0
0 42 0
6.61363526352554 79 666
0 42 0
0 42 0
0 42 0
0 42 0
9.22139808209595 106 1008
0 42 0
0 42 0
9.50061542368977 97 839
53.9682642326678 158 2189
0.441583560737996 54 66
0.602664177792829 57 105
21.8888831815478 83 820
0 42 0
9.15003637473316 70 119
0 42 0
0 42 0
0 42 0
0 42 0
0 42 0
0 42 0
3.55756626537444 75 528
0 42 0
0 42 0
0 42 0
0 42 0
8.14133543531392 80 703
0 42 0
2.02832386511014 70 378
0 42 0
34.8379435680779 135 1347
21.8888831815478 83 820
58.2736076873505 160 2264
0 42 0
0 42 0
0 42 0
0 42 0
22.0241765899474 109 1089
0 42 0
0 42 0
14.2515423248239 82 780
0 42 0
0.730059469884781 59 136
0 42 0
0 42 0
0 42 0
21.8888831815478 83 820
0 42 0
0 42 0
35.6262644428793 121 1521
0 42 0
0 42 0
0 42 0
78.8329615357577 198 2971
35.6262644428793 121 1521
0 42 0
0 42 0
0 42 0
1.49869880158608 53 27
0 42 0
0 42 0
0 42 0
0 42 0
24.4158689335583 121 1005
0 42 0
0 42 0
0 42 0
0 42 0
0 42 0
0 42 0
21.8888831815478 83 820
0 42 0
0 42 0
0 42 0
0 42 0
0 42 0
0 42 0
21.8888831815478 83 820
0 42 0
21.8888831815478 83 820
21.8888831815478 83 820
0 42 0
0 42 0
21.3654333492771 116 1333
3.55756626537444 75 528
0 42 0
12.7081473061615 110 1126
1.51789401051669 67 300
0 42 0
0 42 0
21.8888831815478 83 820
0 42 0
0 42 0
14.2515423248239 82 780
0 42 0
22.0241765899474 109 1089
0 42 0
0 42 0
0 42 0
0 42 0
65.9015696429695 180 2384
0 42 0
0 42 0
0 42 0
14.2515423248239 82 780
0 42 0
0 42 0
0 42 0
0 42 0
0 42 0
0 42 0
0.159041888899628 47 10
21.8888831815478 83 820
0 42 0
11.8198201949797 100 554
0 42 0
0 42 0
0 42 0
0 42 0
0 42 0
0 42 0
6.63656164758537 96 526
0 42 0
0 42 0
0 42 0
0 42 0
0 42 0
26.1910969359699 120 1246
0 42 0
15.5868521703137 95 858
31.1678690609102 119 1444
21.8888831815478 83 820
0 42 0
0 42 0
0 42 0
0 42 0
0 42 0
0 42 0
14.2515423248239 82 780
0 42 0
21.8888831815478 83 820
0 42 0
0 42 0
0 42 0
0 42 0
0 42 0
0 42 0
0 42 0
0 42 0
0 42 0
0 42 0
0 42 0
44.0303493314379 123 1600
0 42 0
20.0380641699409 105 961
1.51789401051669 67 300
0 42 0
21.8888831815478 83 820
22.6228381913347 136 1491
0 42 0
2.79317001481304 73 465
0 42 0
3.14066058200547 74 496
14.2515423248239 82 780
0 42 0
28.3856742445893 120 1483
21.8888831815478 83 820
0 42 0
0 42 0
19.4294956714998 115 1308
32.9824241032044 121 1523
1.66809023043977 68 325
0 42 0
0 42 0
0 42 0
21.8888831815478 83 820
21.8888831815478 83 820
0 42 0
7.17346525128551 98 820
26.1154793421394 114 1285
0 42 0
24.0836405174965 118 1407
12.6924853768006 97 415
0 42 0
0 42 0
0 42 0
0 42 0
10.4327348614706 81 741
0 42 0
0 42 0
35.6262644428793 121 1521
0 42 0
17.0427200340771 115 1302
21.8888831815478 83 820
0 42 0
0 42 0
0 42 0
0 42 0
3.55756626537444 75 528
0 42 0
0 42 0
0 42 0
0 42 0
0 42 0
0 42 0
8.14133543531392 80 703
0 42 0
2.24692094489137 71 406
0 42 0
0 42 0
0 42 0
0 42 0
0 42 0
0 42 0
0 42 0
10.4327348614706 81 741
0 42 0
0 42 0
0 42 0
21.8888831815478 83 820
0 42 0
0.159041888899628 47 10
0 42 0
0 42 0
0 42 0
0 42 0
0 42 0
0 42 0
0 42 0
0 42 0
0 42 0
18.0583531275516 119 1002
0 42 0
0.878256432768042 61 171
0 42 0
0 42 0
0 42 0
0 42 0
0 42 0
4.06703053038818 76 561
0 42 0
72.3688882565579 222 2867
0 42 0
0 42 0
16.7734705972114 110 1123
0 42 0
0 42 0
0 42 0
0 42 0
0 42 0
14.2515423248239 82 780
0 42 0
0 42 0
0 42 0
13.5638919212702 109 1119
21.8888831815478 83 820
0 42 0
0 42 0
0 42 0
0 42 0
0 42 0
0 42 0
0 42 0
0 42 0
10.5785668274343 78 217
14.2515423248239 82 780
0 42 0
0 42 0
0 42 0
0 42 0
0 42 0
0 42 0
0 42 0
14.2515423248239 82 780
0 42 0
30.7990639959002 120 1486
0 42 0
0 42 0
0 42 0
0 42 0
16.2115432609555 123 1146
0 42 0
0 42 0
28.1667137575494 138 1537
10.4327348614706 81 741
0 42 0
0 42 0
0 42 0
0 42 0
21.8888831815478 83 820
0 42 0
0 42 0
0 42 0
0 42 0
0 42 0
6.61363526352554 79 666
0 42 0
0 42 0
8.14133543531392 80 703
28.3278118577179 118 1415
3.14066058200547 74 496
0 42 0
0 42 0
10.4327348614706 81 741
0 42 0
0 42 0
35.6262644428793 121 1521
0 42 0
64.4817110103898 207 2663
0 42 0
0 42 0
0 42 0
4.94681630463144 64 80
0 42 0
10.4327348614706 81 741
0.801240659624641 60 153
0 42 0
2.79317001481304 73 465
0 42 0
21.8888831815478 83 820
0 42 0
0 42 0
0 42 0
0 42 0
21.8888831815478 83 820
0 42 0
0 42 0
21.8888831815478 83 820
21.8888831815478 83 820
0 42 0
0 42 0
0 42 0
0 42 0
0 42 0
18.3444726098097 101 841
0 42 0
0 42 0
21.8888831815478 83 820
5.52233026959412 78 630
38.1656261990401 153 1225
21.8888831815478 83 820
0 42 0
0 42 0
21.8888831815478 83 820
21.3654333492771 116 1333
14.3075953343693 92 396
4.06703053038818 76 561
0 42 0
0 42 0
14.2515423248239 82 780
30.7805023904171 143 1664
0 42 0
4.70376811325633 77 595
21.8888831815478 83 820
14.2515423248239 82 780
0 42 0
0 42 0
0 42 0
0 42 0
4.06703053038818 76 561
0 42 0
0 42 0
0 42 0
0 42 0
0 42 0
14.2515423248239 82 780
0 42 0
21.8888831815478 83 820
0 42 0
4.06703053038818 76 561
0 42 0
0 42 0
0 42 0
0 42 0
4.70376811325633 77 595
21.8888831815478 83 820
0 42 0
8.14133543531392 80 703
0 42 0
21.8888831815478 83 820
0 42 0
0 42 0
2.02832386511014 70 378
10.4327348614706 81 741
0 42 0
0 42 0
8.14133543531392 80 703
0 42 0
0 42 0
0 42 0
21.8888831815478 83 820
0 42 0
2.49907184607697 72 435
0 42 0
0 42 0
0 42 0
21.2035465131872 117 1375
16.3693137208594 104 1011
0 42 0
0 42 0
0 42 0
0 42 0
6.61363526352554 79 666
0.801240659624641 60 153
0 42 0
0 42 0
31.1678690609102 119 1444
0 42 0
0 42 0
6.61363526352554 79 666
0 42 0
32.9824241032044 121 1523
0 42 0
0.125764934398832 46 6
1.15274014880251 64 231
0 42 0
0 42 0
21.8888831815478 83 820
24.5552995415943 113 1225
0 42 0
21.8888831815478 83 820
0 42 0
0 42 0
21.8888831815478 83 820
0 42 0
0 42 0
0 42 0
5.52233026959412 78 630
0 42 0
0 42 0
0 42 0
0 42 0
0.159041888899628 47 10
0.602664177792829 57 105
0 42 0
4.19677024297286 84 564
0 42 0
0.441583560737996 54 66
0 42 0
0 42 0
0 42 0
0 42 0
26.9712578187111 116 1348
10.4327348614706 81 741
0 42 0
0 42 0
0 42 0
0 42 0
0 42 0
0 42 0
5.52233026959412 78 630
31.1678690609102 119 1444
0.545396649686912 56 91
0 42 0
0 42 0
49.6886070249076 154 2065
0 42 0
0 42 0
14.2515423248239 82 780
0 42 0
21.8888831815478 83 820
0 42 0
0.961876955097649 62 190
0 42 0
7.46910897911426 90 721
1.66809023043977 68 325
0 42 0
21.8888831815478 83 820
0 42 0
21.8888831815478 83 820
21.8888831815478 83 820
0 42 0
21.8888831815478 83 820
0 42 0
21.8888831815478 83 820
8.14133543531392 80 703
8.29321673627382 110 786
10.4327348614706 81 741
0 42 0
44.0303493314379 123 1600
0 42 0
0 42 0
0 42 0
44.0303493314379 123 1600
14.2515423248239 82 780
4.70376811325633 77 595
30.7592197586457 137 1531
0 42 0
14.2515423248239 82 780
0 42 0
44.0303493314379 123 1600
0 42 0
0 42 0
21.8888831815478 83 820
0 42 0
0 42 0
0 42 0
14.2515423248239 82 780
0 42 0
0 42 0
0 42 0
0 42 0
0 42 0
0 42 0
0 42 0
0 42 0
0 42 0
0 42 0
2.67201301654635 73 237
8.14133543531392 80 703
0 42 0
0 42 0
0 42 0
2.49907184607697 72 435
0 42 0
0 42 0
0 42 0
0 42 0
0 42 0
0 42 0
0 42 0
0 42 0
0 42 0
14.2515423248239 82 780
0 42 0
0 42 0
10.4327348614706 81 741
0 42 0
0 42 0
0 42 0
0 42 0
0 42 0
0 42 0
0 42 0
0 42 0
0 42 0
0 42 0
0 42 0
0.0622303588763915 44 1
0 42 0
0.441583560737996 54 66
36.6476170618829 122 1561
0 42 0
1.38343937072494 66 276
14.2515423248239 82 780
0 42 0
1.51789401051669 67 300
0 42 0
46.0280396520025 150 1891
0 42 0
0 42 0
3.55756626537444 75 528
0 42 0
10.4327348614706 81 741
0 42 0
0 42 0
0 42 0
0 42 0
0 42 0
0 42 0
44.0303493314379 123 1600
0 42 0
0 42 0
30.0324437307163 104 920
35.6262644428793 121 1521
0 42 0
8.14133543531392 80 703
0 42 0
0 42 0
21.8888831815478 83 820
4.06703053038818 76 561
21.8888831815478 83 820
4.64184064693984 86 471
0 42 0
10.4327348614706 81 741
0 42 0
0 42 0
0 42 0
0 42 0
0 42 0
8.14133543531392 80 703
31.1678690609102 119 1444
1.66809023043977 68 325
0 42 0
0 42 0
21.8888831815478 83 820
0 42 0
0 42 0
0 42 0
21.8888831815478 83 820
47.60953290392 152 1976
21.8888831815478 83 820
19.4479851570382 128 1256
26.1961153770945 115 1296
0 42 0
0 42 0
0 42 0
0 42 0
0 42 0
0 42 0
0 42 0
16.0688365625481 113 1227
0 42 0
0 42 0
0 42 0
5.52233026959412 78 630
17.0427200340771 115 1302
0 42 0
1.05301118799743 63 210
0 42 0
0 42 0
0 42 0
0 42 0
1.15274014880251 64 231
5.52233026959412 78 630
0 42 0
0 42 0
0 42 0
0 42 0
21.8888831815478 83 820
0 42 0
0 42 0
0 42 0
0 42 0
0 42 0
5.52233026959412 78 630
0 42 0
10.4327348614706 81 741
0 42 0
0 42 0
0 42 0
0.159041888899628 47 10
35.4418106011012 148 1864
21.8888831815478 83 820
0 42 0
0 42 0
0 42 0
0 42 0
0 42 0
0 42 0
0 42 0
0 42 0
0 42 0
0.441583560737996 54 66
0 42 0
14.8988509150907 106 993
0 42 0
21.8888831815478 83 820
8.56424954741924 71 196
0 42 0
0 42 0
0 42 0
0.545396649686912 56 91
0 42 0
13.5683289559669 109 1091
0 42 0
0 42 0
31.1678690609102 119 1444
0 42 0
0 42 0
44.0303493314379 123 1600
0 42 0
40.3312878870403 131 1137
12.6487181132515 107 1026
0 42 0
0 42 0
0 42 0
1.66809023043977 68 325
0 42 0
0 42 0
0.664055580895162 58 120
0 42 0
0 42 0
0 42 0
0 42 0
0.545396649686912 56 91
4.70376811325633 77 595
0 42 0
0 42 0
0 42 0
0.801240659624641 60 153
0 42 0
0 42 0
35.6262644428793 121 1521
0 42 0
14.6768435341931 111 1158
14.2515423248239 82 780
0 42 0
14.2515423248239 82 780
0 42 0
0.878256432768042 61 171
0 42 0
0 42 0
44.0303493314379 123 1600
15.8185889619098 124 1114
10.4327348614706 81 741
0 42 0
4.54189635685128 91 632
0 42 0
0 42 0
0 42 0
10.4327348614706 81 741
0 42 0
0 42 0
0 42 0
0 42 0
15.770303776541 108 1057
0 42 0
0.193660058932043 48 15
0 42 0
0 42 0
0 42 0
0 42 0
0 42 0
0 42 0
0 42 0
0 42 0
0 42 0
0 42 0
0 42 0
21.8888831815478 83 820
0 42 0
0 42 0
0 42 0
0 42 0
0 42 0
0 42 0
10.4327348614706 81 741
0.491827482752782 55 78
0 42 0
0 42 0
0 42 0
9.98614020522844 99 786
0 42 0
0 42 0
0 42 0
0 42 0
0 42 0
4.06703053038818 76 561
24.7826675695242 119 1446
0 42 0
0 42 0
0 42 0
21.8888831815478 83 820
6.09893498528785 85 651
21.8888831815478 83 820
0 42 0
8.77784856055865 91 393
6.61363526352554 79 666
14.4774940758034 113 1231
0 42 0
0.878256432768042 61 171
0.125764934398832 46 6
10.4327348614706 81 741
1.83698515038846 69 351
0 42 0
0 42 0
13.0690473265617 107 1066
19.163915225578 103 900
0 42 0
21.8888831815478 83 820
4.70376811325633 77 595
0 42 0
0 42 0
0 42 0
0 42 0
0.742587226357164 50 16
44.0303493314379 123 1600
0 42 0
0 42 0
50.9592621635175 184 2470
0 42 0
0 42 0
2.24692094489137 71 406
0.349789105224525 52 45
0 42 0
0 42 0
0 42 0
8.56424954741924 71 196
0 42 0
0 42 0
0 42 0
10.4327348614706 81 741
5.52233026959412 78 630
0 42 0
0 42 0
0 42 0
0 42 0
0 42 0
0 42 0
21.8888831815478 83 820
0 42 0
0 42 0
0 42 0
0 42 0
4.06703053038818 76 561
0 42 0
0 42 0
0 42 0
14.2515423248239 82 780
0 42 0
0 42 0
1.51789401051669 67 300
0 42 0
0 42 0
21.8888831815478 83 820
0 42 0
0 42 0
0.193660058932043 48 15
0 42 0
0 42 0
10.3520927457396 77 289
0 42 0
0 42 0
0 42 0
6.61363526352554 79 666
0 42 0
0 42 0
3.43402254856779 65 123
21.8888831815478 83 820
1.66809023043977 68 325
15.770303776541 108 1057
0.961876955097649 62 190
24.3757337022919 105 1051
6.61363526352554 79 666
0 42 0
0 42 0
16.6351616973441 106 1056
0 42 0
0 42 0
3.14066058200547 74 496
0 42 0
4.06703053038818 76 561
0 42 0
0 42 0
0 42 0
62.5903439418406 198 2495
0 42 0
0 42 0
0 42 0
21.8888831815478 83 820
6.61363526352554 79 666
0 42 0
0 42 0
0 42 0
0 42 0
0 42 0
0 42 0
0 42 0
0.394335293227931 53 55
0 42 0
21.8888831815478 83 820
0 42 0
13.9931310621449 83 262
0 42 0
0 42 0
0 42 0
0 42 0
0.664055580895162 58 120
23.2632584332414 91 848
0 42 0
21.8888831815478 83 820
66.4235762397215 162 2341
0 42 0
21.8888831815478 83 820
0 42 0
0 42 0
0 42 0
0 42 0
19.2276999291164 112 812
0.730059469884781 59 136
0 42 0
0 42 0
9.54029743664288 88 507
0 42 0
0 42 0
4.06703053038818 76 561
0 42 0
0 42 0
0 42 0
32.2020774739832 123 1201
21.8888831815478 83 820
0 42 0
5.52233026959412 78 630
0 42 0
0 42 0
8.14133543531392 80 703
0 42 0
21.8888831815478 83 820
0 42 0
0 42 0
21.8888831815478 83 820
0 42 0
0 42 0
0 42 0
0 42 0
0 42 0
21.8888831815478 83 820
0 42 0
0 42 0
21.8888831815478 83 820
0 42 0
0 42 0
0 42 0
0 42 0
21.8888831815478 83 820
5.52233026959412 78 630
5.52233026959412 78 630
0 42 0
0 42 0
0 42 0
21.8888831815478 83 820
21.8888831815478 83 820
0 42 0
0 42 0
0 42 0
0 42 0
0 42 0
21.8888831815478 83 820
20.0380641699409 105 961
0 42 0
0 42 0
5.52233026959412 78 630
8.14133543531392 80 703
12.7081473061615 110 1126
0 42 0
0 42 0
2.79317001481304 73 465
36.6476170618829 122 1561
6.61363526352554 79 666
0 42 0
15.2665363508606 90 808
0 42 0
2.24692094489137 71 406
0 42 0
19.4390171831301 114 1261
21.8888831815478 83 820
0 42 0
0 42 0
0 42 0
0 42 0
0 42 0
0 42 0
0 42 0
0 42 0
0 42 0
0 42 0
0 42 0
0 42 0
0 42 0
0 42 0
0 42 0
0 42 0
0 42 0
21.8888831815478 83 820
8.14133543531392 80 703
0 42 0
0 42 0
0 42 0
10.4327348614706 81 741
14.2515423248239 82 780
14.2515423248239 82 780
0 42 0
0 42 0
21.8888831815478 83 820
21.8888831815478 83 820
0 42 0
0 42 0
14.2515423248239 82 780
0 42 0
3.55756626537444 75 528
0 42 0
0 42 0
41.7582210892355 155 2084
12.7081473061615 110 1126
0 42 0
0 42 0
21.8888831815478 83 820
0 42 0
0 42 0
0 42 0
0 42 0
0 42 0
16.9678792263902 108 1105
0 42 0
0 42 0
0 42 0
32.9824241032044 121 1523
0 42 0
0 42 0
0 42 0
0 42 0
4.06703053038818 76 561
0 42 0
10.4327348614706 81 741
1.83698515038846 69 351
0 42 0
0 42 0
23.195977322675 111 1156
0 42 0
14.2515423248239 82 780
20.1387983781055 105 901
29.8291334344602 135 1519
0 42 0
26.1961153770945 115 1296
4.06703053038818 76 561
0 42 0
0 42 0
0 42 0
0 42 0
0.961876955097649 62 190
0 42 0
0 42 0
0 42 0
0 42 0
0 42 0
0 42 0
0 42 0
15.2024477376393 89 801
0 42 0
21.8888831815478 83 820
10.4327348614706 81 741
0 42 0
5.52233026959412 78 630
8.14133543531392 80 703
17.9145316960337 115 1298
14.2515423248239 82 780
0 42 0
0 42 0
0 42 0
1.83698515038846 69 351
0 42 0
0 42 0
0 42 0
0 42 0
0 42 0
30.7990639959002 120 1486
0 42 0
0 42 0
6.14120180138903 81 363
0 42 0
0 42 0
21.8888831815478 83 820
0 42 0
0 42 0
8.14133543531392 80 703
0 42 0
0 42 0
0.229833578784107 49 21
0 42 0
0 42 0
0 42 0
0 42 0
21.8888831815478 83 820
21.8888831815478 83 820
0 42 0
0 42 0
0 42 0
0.229833578784107 49 21
0 42 0
0 42 0
21.8888831815478 83 820
0 42 0
0 42 0
21.8888831815478 83 820
0 42 0
24.7826675695242 119 1446
2.24692094489137 71 406
43.8171224247838 147 1280
28.3856742445893 120 1483
21.8888831815478 83 820
0 42 0
0 42 0
0 42 0
0 42 0
6.61363526352554 79 666
0 42 0
0 42 0
0 42 0
0 42 0
36.6476170618829 122 1561
1.52167790189884 60 81
0 42 0
0 42 0
0.602664177792829 57 105
0.664055580895162 58 120
0 42 0
5.52233026959412 78 630
0 42 0
0 42 0
21.8888831815478 83 820
0 42 0
18.4444631522693 116 1336
0 42 0
4.75110014417145 73 227
0 42 0
0 42 0
8.14133543531392 80 703
0 42 0
0 42 0
10.4327348614706 81 741
0 42 0
0 42 0
0 42 0
8.14133543531392 80 703
0 42 0
0 42 0
0 42 0
0 42 0
8.14133543531392 80 703
32.9824241032044 121 1523
0 42 0
9.12317390533264 92 769
14.2515423248239 82 780
2.49907184607697 72 435
0 42 0
9.46020464787113 106 1001
0 42 0
0 42 0
0 42 0
21.8888831815478 83 820
0 42 0
0 42 0
0 42 0
0 42 0
2.83410830917535 72 219
0 42 0
9.40028520940661 102 874
0 42 0
0 42 0
21.8888831815478 83 820
0 42 0
0 42 0
8.77770835236315 105 973
0 42 0
0 42 0
0 42 0
0 42 0
7.83552887175966 104 686
0 42 0
21.8888831815478 83 820
0 42 0
0 42 0
0 42 0
21.8888831815478 83 820
66.4235762397215 162 2341
0 42 0
0 42 0
0 42 0
0 42 0
0 42 0
4.06703053038818 76 561
0 42 0
0 42 0
0 42 0
0 42 0
0 42 0
21.8888831815478 83 820
0 42 0
0 42 0
0 42 0
0 42 0
28.3278118577179 118 1415
0 42 0
0 42 0
0 42 0
4.70376811325633 77 595
1.83698515038846 69 351
0 42 0
0 42 0
8.56424954741924 71 196
0 42 0
21.8888831815478 83 820
14.2515423248239 82 780
0 42 0
0 42 0
0 42 0
9.76480366699993 107 1036
28.3278118577179 118 1415
14.2515423248239 82 780
0.801240659624641 60 153
0 42 0
2.79317001481304 73 465
0 42 0
0 42 0
0 42 0
0 42 0
0.961876955097649 62 190
30.2858800934589 131 1278
47.2877529038237 162 1835
2.49907184607697 72 435
0 42 0
0 42 0
21.8888831815478 83 820
0 42 0
44.0303493314379 123 1600
0 42 0
0 42 0
0 42 0
0 42 0
0 42 0
0 42 0
0 42 0
0 42 0
0 42 0
14.2515423248239 82 780
0 42 0
5.52233026959412 78 630
21.8888831815478 83 820
2.24692094489137 71 406
27.5042561352938 150 1537
0 42 0
0 42 0
10.4327348614706 81 741
2.24692094489137 71 406
0 42 0
4.70376811325633 77 595
0 42 0
0 42 0
7.20656775230282 97 735
15.2982126171728 113 1237
0 42 0
0 42 0
0 42 0
0 42 0
1.83698515038846 69 351
0 42 0
0.394335293227931 53 55
0 42 0
0 42 0
0 42 0
0 42 0
0 42 0
0 42 0
0 42 0
21.8888831815478 83 820
21.8888831815478 83 820
1.51789401051669 67 300
0 42 0
8.14133543531392 80 703
0 42 0
0 42 0
21.8888831815478 83 820
0 42 0
0 42 0
0 42 0
0 42 0
21.8888831815478 83 820
3.14066058200547 74 496
6.61363526352554 79 666
0 42 0
0 42 0
0.602664177792829 57 105
0 42 0
3.55756626537444 75 528
0 42 0
0 42 0
0 42 0
0 42 0
6.61363526352554 79 666
0 42 0
0 42 0
11.3322540445255 90 777
1.51789401051669 67 300
0 42 0
21.8888831815478 83 820
0 42 0
4.06703053038818 76 561
0 42 0
0 42 0
0 42 0
0 42 0
10.4327348614706 81 741
1.26236010471005 65 253
0 42 0
21.8888831815478 83 820
4.82795252644748 93 655
44.0303493314379 123 1600
28.2875570495937 117 1369
0 42 0
0 42 0
6.61363526352554 79 666
0 42 0
0 42 0
24.5552995415943 113 1225
2.49907184607697 72 435
32.9824241032044 121 1523
5.52233026959412 78 630
0 42 0
0 42 0
31.1678690609102 119 1444
0 42 0
21.8888831815478 83 820
0 42 0
0 42 0
0 42 0
6.61363526352554 79 666
0 42 0
0 42 0
0 42 0
0 42 0
14.2515423248239 82 780
14.2515423248239 82 780
14.2515423248239 82 780
21.8888831815478 83 820
0 42 0
0 42 0
0 42 0
0 42 0
21.8888831815478 83 820
0 42 0
0 42 0
0 42 0
0 42 0
1.26236010471005 65 253
0 42 0
0.394335293227931 53 55
44.0303493314379 123 1600
14.2515423248239 82 780
0 42 0
1.05301118799743 63 210
4.43091630932923 91 606
0 42 0
0 42 0
21.8888831815478 83 820
0 42 0
0 42 0
0 42 0
0 42 0
1.66809023043977 68 325
8.14133543531392 80 703
0 42 0
0 42 0
21.8888831815478 83 820
0 42 0
0 42 0
0 42 0
0 42 0
23.6146459066549 96 898
0 42 0
0 42 0
0 42 0
4.06703053038818 76 561
0 42 0
21.8888831815478 83 820
0 42 0
35.6262644428793 121 1521
0 42 0
0 42 0
0 42 0
0 42 0
0 42 0
14.2515423248239 82 780
0 42 0
4.70376811325633 77 595
0 42 0
0 42 0
0 42 0
1.05301118799743 63 210
21.8888831815478 83 820
0 42 0
21.8888831815478 83 820
5.52233026959412 78 630
0 42 0
21.8888831815478 83 820
0 42 0
0 42 0
0 42 0
4.70376811325633 77 595
0 42 0
0 42 0
0.159041888899628 47 10
4.70376811325633 77 595
0 42 0
14.2515423248239 82 780
0 42 0
12.8077750132039 85 441
0 42 0
0 42 0
0 42 0
32.9824241032044 121 1523
14.4774940758034 113 1231
0 42 0
0 42 0
0 42 0
0 42 0
0 42 0
0 42 0
0 42 0
21.8888831815478 83 820
14.2515423248239 82 780
0 42 0
0 42 0
0 42 0
0 42 0
0 42 0
0 42 0
3.14066058200547 74 496
8.14133543531392 80 703
21.8888831815478 83 820
21.8888831815478 83 820
1.38343937072494 66 276
0 42 0
6.61363526352554 79 666
0 42 0
21.8888831815478 83 820
0 42 0
0 42 0
0 42 0
0 42 0
16.9678792263902 108 1105
0 42 0
0.307680887403955 51 36
0 42 0
0 42 0
0 42 0
21.8888831815478 83 820
0 42 0
0 42 0
10.4327348614706 81 741
0 42 0
0 42 0
0 42 0
21.8888831815478 83 820
4.70376811325633 77 595
3.50389895760862 83 510
0 42 0
0 42 0
0 42 0
0 42 0
10.4327348614706 81 741
21.8888831815478 83 820
0 42 0
0 42 0
0 42 0
20.6016067026713 109 719
0 42 0
0 42 0
0 42 0
1.26236010471005 65 253
0 42 0
0 42 0
0 42 0
5.80695861117744 97 759
0.491827482752782 55 78
0 42 0
0 42 0
0 42 0
0 42 0
21.8888831815478 83 820
0.441583560737996 54 66
0 42 0
0 42 0
0 42 0
0 42 0
0 42 0
0 42 0
0 42 0
0.441583560737996 54 66
0 42 0
33.3007418948277 146 1355
0 42 0
0 42 0
0 42 0
0 42 0
0 42 0
21.5529129256778 145 1500
0 42 0
0 42 0
24.0836405174965 118 1407
0 42 0
0 42 0
0 42 0
0 42 0
10.4327348614706 81 741
0 42 0
21.8888831815478 83 820
0.801240659624641 60 153
0 42 0
0 42 0
0 42 0
21.8888831815478 83 820
0 42 0
0 42 0
0 42 0
0 42 0
0 42 0
44.0303493314379 123 1600
0 42 0
0 42 0
21.8888831815478 83 820
42.6817647841555 153 2011
0 42 0
0 42 0
0 42 0
0 42 0
0 42 0
0 42 0
0 42 0
0 42 0
0 42 0
0 42 0
0 42 0
0 42 0
21.8888831815478 83 820
0 42 0
0 42 0
0 42 0
35.6262644428793 121 1521
0 42 0
0 42 0
0 42 0
0 42 0
0 42 0
0 42 0
2.79317001481304 73 465
0 42 0
47.1378387173374 157 2153
0 42 0
0 42 0
3.14066058200547 74 496
0 42 0
0 42 0
0 42 0
0 42 0
0 42 0
0 42 0
1.38343937072494 66 276
0 42 0
21.8888831815478 83 820
0 42 0
0 42 0
0 42 0
0 42 0
8.14133543531392 80 703
0 42 0
5.80900412847997 91 480
21.8888831815478 83 820
4.06703053038818 76 561
22.0241765899474 109 1089
0 42 0
0 42 0
0 42 0
21.8888831815478 83 820
0 42 0
0 42 0
0 42 0
0 42 0
0 42 0
0 42 0
0 42 0
0 42 0
0 42 0
0 42 0
0 42 0
1.51789401051669 67 300
0 42 0
0 42 0
0 42 0
0 42 0
0 42 0
21.8888831815478 83 820
5.52233026959412 78 630
4.70376811325633 77 595
0 42 0
0 42 0
0 42 0
0.491827482752782 55 78
0 42 0
0 42 0
21.8888831815478 83 820
0 42 0
0 42 0
0 42 0
0 42 0
0 42 0
20.18813378993 116 1341
4.33523355571877 86 583
0 42 0
0 42 0
5.52233026959412 78 630
0 42 0
10.4327348614706 81 741
21.8888831815478 83 820
0 42 0
21.8888831815478 83 820
0 42 0
14.2515423248239 82 780
0 42 0
1.15274014880251 64 231
0 42 0
14.2515423248239 82 780
0 42 0
21.8888831815478 83 820
21.8888831815478 83 820
0 42 0
0 42 0
0 42 0
8.14133543531392 80 703
0 42 0
0 42 0
0 42 0
0 42 0
3.55756626537444 75 528
0 42 0
0 42 0
0 42 0
0 42 0
0 42 0
3.47028699870457 85 471
0 42 0
26.1154793421394 114 1285
0 42 0
0 42 0
0 42 0
0 42 0
0 42 0
0 42 0
36.6743002248496 149 1463
3.14066058200547 74 496
14.2515423248239 82 780
0 42 0
0 42 0
0.267770024731455 50 28
14.2515423248239 82 780
1.66809023043977 68 325
0 42 0
0 42 0
0 42 0
7.71068744779569 80 343
0.961876955097649 62 190
10.4327348614706 81 741
27.7314452469399 137 1481
0 42 0
0 42 0
8.14133543531392 80 703
6.61363526352554 79 666
5.52233026959412 78 630
48.7957785067133 151 1978
10.4327348614706 81 741
1.15274014880251 64 231
0 42 0
0.664055580895162 58 120
6.82117962288596 95 766
8.14133543531392 80 703
0 42 0
0 42 0
0.961876955097649 62 190
10.4327348614706 81 741
5.52233026959412 78 630
0 42 0
5.3999696122571 95 696
0 42 0
0 42 0
8.14133543531392 80 703
13.0690473265617 107 1066
0 42 0
35.6262644428793 121 1521
1.26236010471005 65 253
0 42 0
21.8888831815478 83 820
0.159041888899628 47 10
0 42 0
0 42 0
14.2515423248239 82 780
0 42 0
0.394335293227931 53 55
0 42 0
0 42 0
8.14133543531392 80 703
0 42 0
0 42 0
0 42 0
0 42 0
0 42 0
0 42 0
0 42 0
21.8888831815478 83 820
1.15274014880251 64 231
0 42 0
0 42 0
35.1011185423144 147 1837
0 42 0
0 42 0
0 42 0
0 42 0
0 42 0
0 42 0
0 42 0
21.8888831815478 83 820
0 42 0
0 42 0
0 42 0
8.14133543531392 80 703
0 42 0
0 42 0
0 42 0
2.49907184607697 72 435
0 42 0
1.83698515038846 69 351
0 42 0
0 42 0
8.14133543531392 80 703
0 42 0
0 42 0
0 42 0
14.2515423248239 82 780
0 42 0
6.61363526352554 79 666
0 42 0
23.7581647654739 98 925
0 42 0
6.41137365599569 99 804
0 42 0
21.8888831815478 83 820
0 42 0
0 42 0
0 42 0
29.5789201971942 120 1372
0 42 0
6.61363526352554 79 666
0 42 0
0 42 0
0 42 0
0 42 0
21.8888831815478 83 820
21.8888831815478 83 820
16.7734705972114 110 1123
0 42 0
0 42 0
0 42 0
0 42 0
21.8888831815478 83 820
0 42 0
21.8888831815478 83 820
0 42 0
10.4327348614706 81 741
0 42 0
0 42 0
0 42 0
21.8888831815478 83 820
14.2515423248239 82 780
0 42 0
1.38343937072494 66 276
0 42 0
0 42 0
0 42 0
0 42 0
10.4327348614706 81 741
14.2515423248239 82 780
10.4327348614706 81 741
10.4327348614706 81 741
0 42 0
0 42 0
0 42 0
52.140615113291 183 1967
0.159041888899628 47 10
1.26236010471005 65 253
0 42 0
14.123093367512 104 931
0 42 0
0 42 0
0 42 0
0 42 0
0 42 0
0 42 0
0 42 0
15.4183129713109 93 625
0 42 0
0 42 0
0 42 0
0 42 0
0 42 0
0 42 0
0 42 0
0 42 0
0 42 0
0 42 0
0 42 0
0 42 0
30.10290380728 149 1872
0.602664177792829 57 105
0 42 0
0 42 0
0 42 0
0 42 0
21.8888831815478 83 820
30.7990639959002 120 1486
10.4327348614706 81 741
0 42 0
0 42 0
0 42 0
0 42 0
0 42 0
0 42 0
0 42 0
0 42 0
0 42 0
0 42 0
21.8888831815478 83 820
0 42 0
0 42 0
0 42 0
4.21348681391143 65 89
0 42 0
0 42 0
0 42 0
0 42 0
0 42 0
0 42 0
14.2515423248239 82 780
6.61363526352554 79 666
15.4561787735413 93 835
0 42 0
0 42 0
0 42 0
0 42 0
23.8331134809831 99 940
0 42 0
6.61363526352554 79 666
0 42 0
0 42 0
0 42 0
0 42 0
1.66809023043977 68 325
0 42 0
21.8888831815478 83 820
0 42 0
8.14133543531392 80 703
0 42 0
11.8612601438057 105 963
21.8888831815478 83 820
0 42 0
0 42 0
0 42 0
0 42 0
0 42 0
0 42 0
0 42 0
0 42 0
0 42 0
0 42 0
14.2515423248239 82 780
0 42 0
22.9348293469977 87 826
13.4417209543656 87 484
14.2515423248239 82 780
0 42 0
38.1715608833432 161 1942
21.2035465131872 117 1375
32.065830012282 142 1669
2.03324734658513 49 9
0 42 0
0 42 0
0 42 0
14.2515423248239 82 780
14.0866877212127 89 529
10.4327348614706 81 741
1.40329459266263 47 4
0.307680887403955 51 36
0 42 0
14.2515423248239 82 780
21.8888831815478 83 820
0 42 0
0 42 0
0 42 0
0 42 0
0 42 0
0 42 0
17.5678791805107 99 784
0 42 0
0 42 0
0 42 0
0 42 0
0 42 0
0 42 0
0 42 0
0 42 0
21.8888831815478 83 820
0 42 0
8.14133543531392 80 703
44.0303493314379 123 1600
0 42 0
0 42 0
0 42 0
0 42 0
1.38343937072494 66 276
0 42 0
1.66809023043977 68 325
55.110912216121 195 2336
2.79317001481304 73 465
0 42 0
3.14066058200547 74 496
0 42 0
4.70376811325633 77 595
0 42 0
0 42 0
10.4327348614706 81 741
0 42 0
0 42 0
0 42 0
3.00870601467314 78 322
23.203058311297 145 1083
24.7826675695242 119 1446
27.9723314781135 134 1417
4.06703053038818 76 561
0.193660058932043 48 15
0 42 0
21.8888831815478 83 820
0 42 0
0 42 0
0 42 0
0 42 0
0 42 0
0.878256432768042 61 171
0 42 0
0 42 0
0 42 0
0 42 0
0 42 0
44.0303493314379 123 1600
0 42 0
0 42 0
0.664055580895162 58 120
0 42 0
0 42 0
0 42 0
0 42 0
21.8888831815478 83 820
10.4327348614706 81 741
10.4327348614706 81 741
0 42 0
0 42 0
10.4327348614706 81 741
0 42 0
36.6476170618829 122 1561
4.06703053038818 76 561
0 42 0
15.0678454378423 87 790
0 42 0
16.4413091840779 105 571
8.14133543531392 80 703
0 42 0
7.68650199440948 99 790
41.378053451355 129 1570
0 42 0
0 42 0
18.3444726098097 101 841
0 42 0
0 42 0
0 42 0
0 42 0
21.8888831815478 83 820
21.8888831815478 83 820
0 42 0
0 42 0
21.8888831815478 83 820
0 42 0
18.3950303784608 111 763
0 42 0
15.2982126171728 113 1237
0 42 0
8.14133543531392 80 703
14.2515423248239 82 780
0 42 0
0 42 0
0 42 0
20.9835043126293 107 1024
0 42 0
68.7814931885961 164 2342
5.99661839962345 72 211
0 42 0
21.8888831815478 83 820
0 42 0
4.70376811325633 77 595
0 42 0
0 42 0
0 42 0
0 42 0
7.05055729245333 101 861
14.2515423248239 82 780
0 42 0
21.8888831815478 83 820
0 42 0
0 42 0
0 42 0
0 42 0
0 42 0
0 42 0
0 42 0
0 42 0
0 42 0
66.4235762397215 162 2341
0 42 0
0 42 0
0 42 0
0 42 0
0 42 0
0 42 0
0 42 0
0 42 0
8.14133543531392 80 703
0 42 0
21.8888831815478 83 820
0 42 0
6.61363526352554 79 666
0 42 0
0 42 0
0 42 0
14.2515423248239 82 780
21.8888831815478 83 820
0 42 0
0 42 0
20.4258293218399 119 1314
0 42 0
11.5664510671454 81 361
0 42 0
6.61363526352554 79 666
27.3777760262418 123 1236
0 42 0
0 42 0
0 42 0
0 42 0
21.8888831815478 83 820
4.06703053038818 76 561
14.2515423248239 82 780
0 42 0
14.2515423248239 82 780
0 42 0
0 42 0
21.8888831815478 83 820
0 42 0
5.04799024814204 93 681
30.7990639959002 120 1486
0 42 0
0 42 0
0 42 0
21.8888831815478 83 820
0 42 0
0 42 0
0 42 0
0 42 0
0 42 0
4.70376811325633 77 595
0 42 0
21.8888831815478 83 820
8.14133543531392 80 703
0 42 0
35.6262644428793 121 1521
3.55756626537444 75 528
0 42 0
21.8888831815478 83 820
0 42 0
0 42 0
0 42 0
0 42 0
0 42 0
0 42 0
44.0303493314379 123 1600
0 42 0
0 42 0
0 42 0
12.76996750688 100 813
0 42 0
0 42 0
0 42 0
0 42 0
0 42 0
0 42 0
0 42 0
0 42 0
0 42 0
33.0762417436006 114 1045
0 42 0
0 42 0
0 42 0
0 42 0
0 42 0
0 42 0
7.02791893588837 105 714
0 42 0
0 42 0
0 42 0
15.3927163609932 92 825
17.0427200340771 115 1302
0.545396649686912 56 91
0.093591709515717 45 3
14.2515423248239 82 780
0 42 0
0 42 0
0 42 0
14.0866877212127 89 529
0 42 0
28.3278118577179 118 1415
10.4327348614706 81 741
30.7990639959002 120 1486
20.9835043126293 107 1024
3.55756626537444 75 528
14.2515423248239 82 780
0 42 0
21.8888831815478 83 820
0 42 0
0 42 0
8.14133543531392 80 703
0 42 0
21.8888831815478 83 820
0.801240659624641 60 153
0 42 0
8.14133543531392 80 703
14.2515423248239 82 780
25.2938845499757 111 1198
0 42 0
0 42 0
0 42 0
10.4327348614706 81 741
0 42 0
44.0303493314379 123 1600
21.8888831815478 83 820
21.8888831815478 83 820
0 42 0
0 42 0
35.6262644428793 121 1521
0 42 0
0 42 0
8.5301057489517 69 115
0 42 0
0 42 0
0 42 0
0 42 0
21.8888831815478 83 820
0 42 0
0 42 0
21.3654333492771 116 1333
0 42 0
14.2515423248239 82 780
0 42 0
0.349789105224525 52 45
0 42 0
0 42 0
21.8888831815478 83 820
0 42 0
0 42 0
44.0303493314379 123 1600
6.61363526352554 79 666
0 42 0
0 42 0
0 42 0
0 42 0
0 42 0
0 42 0
0 42 0
0 42 0
0 42 0
0 42 0
0 42 0
0 42 0
10.5281954121051 92 601
0 42 0
6.61363526352554 79 666
0 42 0
0 42 0
0 42 0
0 42 0
0 42 0
0 42 0
21.8888831815478 83 820
0 42 0
0 42 0
13.0785637255598 115 886
0 42 0
0 42 0
0 42 0
1.83698515038846 69 351
21.8888831815478 83 820
0 42 0
12.4045034108034 103 972
26.9712578187111 116 1348
0 42 0
0 42 0
36.6476170618829 122 1561
24.1709551809241 103 1010
0 42 0
0 42 0
0.159041888899628 47 10
0 42 0
10.4327348614706 81 741
21.8888831815478 83 820
7.3858963613326 67 144
0 42 0
0 42 0
0 42 0
10.4327348614706 81 741
0 42 0
14.7447180639817 91 576
0 42 0
0 42 0
0 42 0
0 42 0
8.14133543531392 80 703
0 42 0
0 42 0
0 42 0
0 42 0
0 42 0
8.14133543531392 80 703
0 42 0
0 42 0
5.52233026959412 78 630
0 42 0
0 42 0
0 42 0
0 42 0
0 42 0
0 42 0
28.3856742445893 120 1483
0 42 0
4.70376811325633 77 595
0 42 0
0 42 0
0 42 0
7.06227764686745 83 672
3.55756626537444 75 528
8.14133543531392 80 703
0 42 0
0 42 0
0 42 0
0 42 0
0 42 0
0 42 0
0 42 0
0 42 0
0 42 0
0 42 0
0 42 0
0 42 0
40.1335651393343 149 1877
5.52233026959412 78 630
24.7826675695242 119 1446
0 42 0
0 42 0
6.61363526352554 79 666
35.2333628604775 152 1468
0.229833578784107 49 21
0 42 0
0 42 0
0 42 0
21.8888831815478 83 820
0 42 0
0 42 0
0 42 0
0.394335293227931 53 55
1.66809023043977 68 325
15.7173282226487 70 73
14.2515423248239 82 780
21.8888831815478 83 820
0 42 0
0 42 0
0 42 0
21.8888831815478 83 820
0 42 0
0 42 0
21.8888831815478 83 820
0 42 0
0 42 0
0 42 0
0 42 0
0 42 0
0 42 0
14.2515423248239 82 780
0 42 0
0 42 0
0 42 0
1.15274014880251 64 231
0 42 0
2.79317001481304 73 465
0 42 0
0 42 0
0 42 0
0 42 0
0.961876955097649 62 190
0 42 0
14.2515423248239 82 780
0 42 0
0 42 0
0 42 0
0 42 0
0 42 0
14.2515423248239 82 780
0 42 0
0 42 0
0 42 0
0 42 0
5.9982648192162 70 112
0 42 0
0.441583560737996 54 66
0.0622303588763915 44 1
1.83698515038846 69 351
0 42 0
0 42 0
0 42 0
0 42 0
0 42 0
0 42 0
28.1596134005266 137 1103
4.70376811325633 77 595
8.08544961388879 91 578
0 42 0
1.38343937072494 66 276
41.7682375946191 153 2017
0 42 0
0 42 0
0 42 0
0 42 0
0 42 0
0 42 0
8.14133543531392 80 703
0 42 0
26.9002442184393 131 1280
0 42 0
0 42 0
0 42 0
8.14133543531392 80 703
0 42 0
28.3856742445893 120 1483
10.4327348614706 81 741
0 42 0
10.9564441288309 79 324
0.730059469884781 59 136
0 42 0
37.1810039402271 135 1396
0 42 0
0 42 0
0 42 0
10.5503553623469 101 843
0 42 0
0 42 0
0 42 0
0 42 0
0 42 0
0 42 0
0 42 0
14.2515423248239 82 780
0 42 0
32.9824241032044 121 1523
0.229833578784107 49 21
0 42 0
0 42 0
0 42 0
0 42 0
10.4327348614706 81 741
0 42 0
0 42 0
0 42 0
0 42 0
14.2515423248239 82 780
0 42 0
0 42 0
0 42 0
0 42 0
0 42 0
0 42 0
0 42 0
0 42 0
0 42 0
0 42 0
14.2515423248239 82 780
0 42 0
0.878256432768042 61 171
0 42 0
0 42 0
0 42 0
0 42 0
0 42 0
0 42 0
21.5855213571958 142 1115
0 42 0
0 42 0
14.2515423248239 82 780
0 42 0
8.14133543531392 80 703
14.2515423248239 82 780
0 42 0
0.267770024731455 50 28
0 42 0
0 42 0
0 42 0
21.8888831815478 83 820
0 42 0
0 42 0
2.49907184607697 72 435
0 42 0
0 42 0
0 42 0
6.61363526352554 79 666
14.2515423248239 82 780
0 42 0
4.70376811325633 77 595
21.8888831815478 83 820
10.0617909933627 102 934
0 42 0
0 42 0
5.08458335493347 90 652
0 42 0
44.0303493314379 123 1600
0 42 0
0 42 0
0 42 0
2.02832386511014 70 378
0 42 0
14.2515423248239 82 780
3.55756626537444 75 528
0 42 0
59.2949603063542 161 2303
14.2515423248239 82 780
0 42 0
0 42 0
0 42 0
0 42 0
0 42 0
0 42 0
0 42 0
5.52233026959412 78 630
0 42 0
21.8888831815478 83 820
28.2875570495937 117 1369
35.6262644428793 121 1521
0 42 0
0 42 0
0 42 0
0 42 0
0 42 0
0 42 0
0 42 0
0 42 0
0 42 0
0 42 0
19.4294956714998 115 1308
0 42 0
14.2515423248239 82 780
0 42 0
0 42 0
6.61363526352554 79 666
0 42 0
0 42 0
1.05301118799743 63 210
2.79317001481304 73 465
0 42 0
0 42 0
0 42 0
0 42 0
8.14133543531392 80 703
3.55756626537444 75 528
8.14133543531392 80 703
14.2515423248239 82 780
0 42 0
21.8888831815478 83 820
0 42 0
25.2551331909467 155 1403
0 42 0
21.8888831815478 83 820
44.0303493314379 123 1600
0 42 0
2.79317001481304 73 465
0 42 0
0 42 0
0 42 0
18.4444631522693 116 1336
0 42 0
0 42 0
0 42 0
0 42 0
0 42 0
36.4200814715987 135 1269
0 42 0
0 42 0
0 42 0
0 42 0
0 42 0
0 42 0
0 42 0
0 42 0
10.4327348614706 81 741
18.1502915634467 135 1411
0 42 0
0 42 0
1.38343937072494 66 276
0 42 0
0 42 0
0 42 0
3.14066058200547 74 496
0 42 0
0 42 0
0 42 0
0 42 0
0 42 0
40.1335651393343 149 1877
0 42 0
0 42 0
0 42 0
0 42 0
36.6476170618829 122 1561
21.8888831815478 83 820
0 42 0
8.14133543531392 80 703
0 42 0
0 42 0
0 42 0
75.2038514511692 194 2819
0 42 0
0 42 0
0 42 0
0 42 0
0 42 0
0 42 0
0.695153754944721 51 22
1.83698515038846 69 351
0 42 0
0 42 0
0 42 0
0 42 0
0 42 0
0 42 0
0 42 0
0 42 0
2.24692094489137 71 406
4.70376811325633 77 595
0 42 0
10.4327348614706 81 741
0 42 0
0 42 0
0 42 0
0 42 0
0 42 0
2.02832386511014 70 378
11.8612601438057 105 963
5.81891202791372 95 688
21.8888831815478 83 820
0 42 0
0 42 0
0 42 0
0 42 0
0 42 0
0 42 0
0 42 0
0 42 0
0 42 0
0 42 0
21.8888831815478 83 820
0 42 0
55.6193864293268 185 2492
4.06703053038818 76 561
21.8888831815478 83 820
0 42 0
0 42 0
0 42 0
0 42 0
14.7190242737901 112 1206
4.70376811325633 77 595
0 42 0
0 42 0
0 42 0
0 42 0
14.2515423248239 82 780
0.545396649686912 56 91
0 42 0
8.14133543531392 80 703
0 42 0
0 42 0
0 42 0
1.66809023043977 68 325
10.4327348614706 81 741
0 42 0
0 42 0
31.6724933832887 136 1322
21.8888831815478 83 820
0 42 0
1.66809023043977 68 325
2.49907184607697 72 435
30.7990639959002 120 1486
1.05301118799743 63 210
0 42 0
0 42 0
0 42 0
0 42 0
0 42 0
0 42 0
4.29253337979225 89 601
0 42 0
10.4327348614706 81 741
0 42 0
0 42 0
0 42 0
0 42 0
18.7845973337918 103 594
0 42 0
0 42 0
0 42 0
10.4327348614706 81 741
0 42 0
0 42 0
0 42 0
44.0303493314379 123 1600
