"COLLES.MDM.LN" "SACKIN" "COPHENETIC"
0 30 0
10.1416193255507 58 378
15.7284466142396 59 406
12.273967415905 74 498
0 30 0
16.5792743707897 61 407
64.3694019767483 140 1460
31.7005803336182 87 784
21.4332677563735 101 821
14.3688821322755 81 627
17.57283125761 83 678
0 30 0
15.7284466142396 59 406
80.0585914946481 176 1605
15.7284466142396 59 406
0 30 0
34.8246268236813 109 1003
15.7284466142396 59 406
15.7284466142396 59 406
54.9212055497142 136 1366
0 30 0
46.7802715385344 130 832
51.3815683527457 138 1283
19.5040242816539 93 637
20.1529120718603 84 703
15.7284466142396 59 406
23.7205666588843 85 731
104.735666638052 206 1906
15.850321304244 85 521
0 30 0
15.7284466142396 59 406
29.6704701322068 99 760
0 30 0
0 30 0
15.7284466142396 59 406
36.6277502870088 100 832
41.1854843874759 126 1117
10.1416193255507 58 378
15.7284466142396 59 406
53.5349368042343 117 884
0 30 0
0 30 0
70.1775240041398 156 1065
10.1416193255507 58 378
0.720478441204099 42 66
15.7284466142396 59 406
13.6228062671655 93 655
70.709515562132 170 1594
3.36559734877765 41 25
15.7284466142396 59 406
0 30 0
0 30 0
80.5105164598635 186 1433
1.35582472978602 47 136
15.7284466142396 59 406
98.8533589526886 195 1712
10.1416193255507 58 378
50.7125266546025 125 1008
20.5933115063273 87 508
73.0142832081094 154 876
54.0284006070065 127 989
0 30 0
0 30 0
17.6645335657505 92 427
10.1416193255507 58 378
47.9148106802211 114 1135
22.1472604216032 84 706
31.7005803336182 87 784
0 30 0
15.9535390337225 84 607
29.5636876038498 106 929
0 30 0
22.1472604216032 84 706
15.7284466142396 59 406
39.4853291312605 110 815
15.7284466142396 59 406
14.4406442735135 73 441
0 30 0
0 30 0
0 30 0
0 30 0
0 30 0
50.3874153237722 150 1221
24.0901831338746 100 792
23.7205666588843 85 731
1.63886695726536 49 101
26.3649695288271 86 757
56.4904862936981 142 1263
37.8440125402522 115 825
0 30 0
0 30 0
14.3341184917165 82 435
0 30 0
1.75651286553608 49 171
34.851378782978 123 1051
15.7284466142396 59 406
0 30 0
7.34794060155384 57 351
1.35582472978602 47 136
35.6910444618635 108 850
47.6169942785133 130 1245
0 30 0
0 30 0
5.67150678349521 56 325
129.459564044271 232 2163
16.8942673361161 84 520
91.6207983153569 205 1944
17.6006775398223 80 338
51.3558378763957 146 1327
47.9148106802211 114 1135
17.6018634725002 86 547
71.0658314024292 168 1574
15.7284466142396 59 406
15.7284466142396 59 406
26.3649695288271 86 757
45.4991557221874 132 999
15.7284466142396 59 406
67.4264689609637 152 1416
0 30 0
80.4679905816823 157 905
10.1416193255507 58 378
5.83500182084684 61 157
15.7284466142396 59 406
0 30 0
96.7925522082705 203 1863
25.7880435440841 101 830
3.75504972053911 54 276
47.9148106802211 114 1135
0 30 0
10.1416193255507 58 378
15.7284466142396 59 406
19.3629358121322 86 323
84.3715529260627 189 1509
4.55368203155006 55 300
23.1993924574504 96 742
35.0144486742059 106 829
0 30 0
0.181660460798313 34 6
26.3649695288271 86 757
0 30 0
10.1416193255507 58 378
3.15590026177512 53 253
0 30 0
4.55368203155006 55 300
4.99788911685303 65 295
10.3149237289978 74 398
68.1192595038548 162 1400
0 30 0
55.0879766230157 150 1282
0 30 0
0 30 0
0.407476124591344 38 28
1.35582472978602 47 136
10.1416193255507 58 378
41.8080833418925 112 1082
2.68972701387252 52 231
29.362422461438 100 848
15.7284466142396 59 406
74.2702037368572 163 1713
0 30 0
11.9065463399707 87 534
0.34475036817616 37 21
0 30 0
31.5990806110668 107 954
47.9148106802211 114 1135
12.4720077180444 75 514
22.1472604216032 84 706
0 30 0
15.7284466142396 59 406
16.2045628671868 91 672
19.372942986454 90 577
25.4109114422761 84 550
33.4390262015284 118 979
5.39310909984582 44 28
0 30 0
0 30 0
37.215494764454 109 1015
25.3436169098235 85 729
3.15590026177512 53 253
48.7506631503467 142 1053
25.3436169098235 85 729
36.8673320616886 111 1057
7.34794060155384 57 351
0 30 0
50.7454250638697 136 1037
1.75651286553608 49 171
25.3436169098235 85 729
32.8534043326493 100 580
23.198914655259 100 613
0 30 0
7.34794060155384 57 351
0 30 0
26.3649695288271 86 757
114.85882488865 215 1987
15.5708504309435 74 303
44.900383925953 128 977
21.1062764527587 83 682
3.15590026177512 53 253
1.45796840796117 35 4
15.7284466142396 59 406
0 30 0
0 30 0
25.3436169098235 85 729
0 30 0
23.6009210729522 88 686
14.4406442735135 73 441
15.7284466142396 59 406
3.75504972053911 54 276
3.75504972053911 54 276
26.3649695288271 86 757
21.9060116165901 83 676
15.7284466142396 59 406
0.819712471254637 43 78
2.01119726974963 50 190
3.75504972053911 54 276
30.6386104173446 116 892
11.1471570262665 65 289
41.1413423022061 125 1106
37.0685832280423 118 998
0 30 0
7.34794060155384 57 351
0 30 0
6.47624449552174 51 100
95.0653131764429 209 1986
15.4486450422744 75 484
0 30 0
50.5125513564818 135 1335
15.7284466142396 59 406
15.7284466142396 59 406
41.8080833418925 112 1082
36.8673320616886 111 1057
19.4712555054725 106 777
0 30 0
86.3014824287633 194 1908
0 30 0
28.1677209807324 105 907
51.782872517109 145 1278
15.7284466142396 59 406
18.2961612291725 77 221
19.6357534752967 81 625
22.1849332772943 88 354
0 30 0
16.5792743707897 61 407
0 30 0
28.8317564154208 108 773
129.795139417244 225 1882
15.7284466142396 59 406
0 30 0
0 30 0
0 30 0
38.4427301017866 122 714
14.8553702368104 70 221
3.32671413321372 58 246
82.8805467432528 177 1754
0 30 0
15.4486450422744 75 484
0 30 0
22.1472604216032 84 706
25.3436169098235 85 729
38.2018933624709 124 1124
5.58848652547929 56 157
0 30 0
15.7284466142396 59 406
0 30 0
66.6691965948026 166 1392
0 30 0
8.56862701916291 75 490
0 30 0
19.6357534752967 81 625
16.9530742371809 82 409
0 30 0
25.3436169098235 85 729
19.7212064196938 80 562
15.7284466142396 59 406
42.8294359608961 113 1109
0 30 0
22.3283304390065 80 210
0 30 0
32.3426552819444 102 847
10.1416193255507 58 378
30.2804002541873 112 862
26.5975657780913 99 822
21.3166024493593 86 581
15.7284466142396 59 406
0 30 0
31.9755835504732 108 982
43.3554867985192 127 1168
0 30 0
25.3436169098235 85 729
0 30 0
4.55368203155006 55 300
64.8663649572622 165 1576
0 30 0
14.7675859661384 80 601
77.9984937329026 181 1574
3.75504972053911 54 276
14.4406442735135 73 441
19.7549248277861 86 597
16.0333828827413 82 654
15.7284466142396 59 406
26.1813384091009 76 161
26.3649695288271 86 757
14.6565710512838 88 541
7.34794060155384 57 351
0 30 0
56.094066165274 147 1118
18.7646377381755 78 577
10.1416193255507 58 378
22.8407091043411 83 539
13.2907914434209 79 386
31.7005803336182 87 784
2.31662461359435 51 210
0 30 0
7.02258110925475 70 355
3.30426100072094 46 57
0 30 0
52.4064257965823 128 1226
15.7284466142396 59 406
0 30 0
67.4435158012664 160 1383
0.0879808522045535 32 1
0 30 0
0 30 0
0 30 0
15.7284466142396 59 406
0 30 0
77.313494509667 175 1715
0 30 0
31.7005803336182 87 784
8.97454938998856 51 64
26.3649695288271 86 757
15.7284466142396 59 406
0 30 0
0 30 0
31.7005803336182 87 784
17.5178031784853 86 499
1.54084742235508 48 153
11.8778318471433 79 582
36.6308745591968 99 591
0 30 0
2.890924242289 43 28
4.55368203155006 55 300
46.4784899777259 132 1274
29.6074463326073 113 829
0 30 0
12.823090415225 72 292
28.6968864024615 112 790
0 30 0
8.39542807638088 57 169
0 30 0
0 30 0
66.4147963119152 156 1015
0 30 0
0 30 0
99.9947922024487 200 2067
19.8780619030352 95 674
1.35582472978602 47 136
23.7205666588843 85 731
0 30 0
64.1237004564095 157 1582
0 30 0
1.35582472978602 47 136
12.3143701348657 71 264
86.4159493879386 181 1637
0 30 0
0 30 0
0 30 0
57.8694670377737 144 1309
0 30 0
0.286616887219424 36 15
12.2291783550087 84 416
0 30 0
0 30 0
0 30 0
0 30 0
11.085821359886 74 463
0.34475036817616 37 21
53.9713165610299 134 1131
2.31662461359435 51 210
56.4761793610068 140 1278
15.7284466142396 59 406
47.9148106802211 114 1135
0 30 0
15.7284466142396 59 406
0 30 0
0 30 0
0 30 0
15.7284466142396 59 406
85.0494245709983 180 1307
18.3283042895634 76 542
10.1416193255507 58 378
15.4486450422744 75 484
37.6434091067964 111 623
37.2978768977237 131 1093
64.1237004564095 157 1582
0.819712471254637 43 78
15.7284466142396 59 406
13.1889138654114 89 563
17.9488061481712 79 576
0 30 0
15.777518000347 89 557
29.8618118445888 105 919
27.0429413155828 102 849
17.215744761845 67 434
15.7284466142396 59 406
47.9148106802211 114 1135
33.8387178950674 105 901
0 30 0
0 30 0
25.3436169098235 85 729
60.4894196485325 162 1481
0 30 0
0 30 0
0 30 0
15.7284466142396 59 406
0 30 0
5.67150678349521 56 325
10.6532150678021 80 374
34.1195428050237 119 953
34.8933422621476 112 1013
31.3710912635434 100 806
0.407476124591344 38 28
4.55368203155006 55 300
37.8962136473527 110 1037
10.1416193255507 58 378
31.731139252874 107 959
26.785828301293 109 720
0 30 0
15.7284466142396 59 406
0 30 0
0 30 0
0 30 0
48.2787373212691 134 1061
0 30 0
26.5975657780913 99 822
0 30 0
47.9148106802211 114 1135
70.7987103958914 170 1440
0 30 0
0 30 0
10.1416193255507 58 378
5.67150678349521 56 325
16.2060305499786 82 495
0 30 0
3.5420092374586 56 256
37.3199167246883 116 956
0 30 0
0 30 0
76.3936827986939 183 1467
0 30 0
0 30 0
0 30 0
35.403364452035 115 907
21.4439369217892 92 434
35.5487289910645 117 854
16.5948363054052 77 529
21.4813668853205 104 813
25.3436169098235 85 729
0 30 0
0 30 0
31.7005803336182 87 784
15.7284466142396 59 406
0 30 0
1.35582472978602 47 136
15.7284466142396 59 406
15.7284466142396 59 406
19.0454222165522 79 596
3.75504972053911 54 276
62.5516179549447 162 1448
14.7675859661384 80 601
0 30 0
41.9283144677745 118 739
0 30 0
18.0569052570327 90 439
0 30 0
13.2475457772053 78 553
7.34794060155384 57 351
26.3649695288271 86 757
15.7284466142396 59 406
0 30 0
31.7005803336182 87 784
35.5281544749319 104 920
21.1336520753061 77 488
54.8319893476542 121 1144
36.3502248413739 108 982
0 30 0
0 30 0
0 30 0
55.2284272247796 146 1355
3.75504972053911 54 276
10.1416193255507 58 378
63.6719060741269 160 1297
19.6877024463931 80 536
0.959868730710274 43 56
19.5865372631948 72 444
36.3181724923071 107 974
22.1472604216032 84 706
15.7284466142396 59 406
0 30 0
0 30 0
0 30 0
11.3484684498223 72 350
0.232445837622533 35 10
29.5636876038498 106 929
15.7284466142396 59 406
4.55368203155006 55 300
9.72415852829013 72 310
5.67150678349521 56 325
0 30 0
13.554057454976 87 385
0 30 0
0 30 0
0 30 0
38.2069515406643 125 980
15.7284466142396 59 406
6.91687552321096 67 326
15.7284466142396 59 406
3.42402346994882 51 102
1.81914479225307 51 130
8.1565371330513 71 402
12.687222565977 69 361
5.22794795914286 47 64
15.4486450422744 75 484
7.34794060155384 57 351
5.29192361354162 68 358
19.8156898858334 81 637
31.9755835504732 108 982
0 30 0
14.9216899525104 57 68
0 30 0
16.5792743707897 61 407
0 30 0
66.9229224010811 158 1583
13.0997136173233 82 431
0 30 0
47.9148106802211 114 1135
15.7284466142396 59 406
58.1090979533919 150 989
29.8292884093495 109 751
31.7005803336182 87 784
31.7005803336182 87 784
43.9877520527402 114 953
0 30 0
18.8706787779595 93 634
1.19530004561129 46 120
0 30 0
17.57283125761 83 678
0 30 0
10.1416193255507 58 378
0 30 0
20.1529120718603 84 703
10.1416193255507 58 378
16.2266957053313 95 554
15.7284466142396 59 406
0 30 0
0 30 0
2.01119726974963 50 190
72.3887391958444 160 1630
47.559625565655 127 1005
21.9060116165901 83 676
15.7284466142396 59 406
15.7284466142396 59 406
1.75651286553608 49 171
0 30 0
10.0878023021172 77 427
0 30 0
0 30 0
0 30 0
10.1416193255507 58 378
52.9265041044645 149 1386
0 30 0
32.3426552819444 102 847
0 30 0
15.7284466142396 59 406
0 30 0
0 30 0
47.9148106802211 114 1135
11.085821359886 74 463
16.9245856548705 64 416
0 30 0
0 30 0
47.9148106802211 114 1135
5.67150678349521 56 325
0 30 0
45.8585762150121 129 1207
48.929948983347 133 1291
0 30 0
0 30 0
7.34794060155384 57 351
0 30 0
5.67150678349521 56 325
0.34475036817616 37 21
4.388039093143 65 251
55.1111059870672 149 912
38.8917876286515 124 1108
5.67150678349521 56 325
36.9270315951212 101 835
5.747122190764 69 381
93.552915434205 195 1779
2.31662461359435 51 210
0 30 0
10.1416193255507 58 378
0 30 0
34.1650143479419 105 738
0 30 0
31.7005803336182 87 784
41.9557712249249 108 884
15.7284466142396 59 406
0 30 0
15.7284466142396 59 406
12.3517695359487 87 577
1.35582472978602 47 136
0 30 0
0 30 0
83.9105387930409 180 1591
22.1472604216032 84 706
15.7284466142396 59 406
0 30 0
51.7771567467153 135 1333
0 30 0
35.7187109206913 116 926
0 30 0
15.7284466142396 59 406
0 30 0
15.7284466142396 59 406
34.1195428050237 119 953
16.8738042055824 82 651
0 30 0
4.55368203155006 55 300
0 30 0
0 30 0
0 30 0
23.2235640484503 102 765
0 30 0
0 30 0
1.05466231113745 45 105
72.4727642172797 168 1533
15.7284466142396 59 406
0 30 0
7.43350923421745 52 72
0.930382520054143 44 91
16.8724826979208 96 714
10.8464769273039 85 527
0 30 0
4.55368203155006 55 300
0.34475036817616 37 21
15.7284466142396 59 406
0 30 0
0 30 0
19.0454222165522 79 596
12.2661972951863 70 387
0 30 0
0 30 0
2.01119726974963 50 190
31.7005803336182 87 784
9.62566401071128 74 487
0 30 0
48.6979963141876 133 1286
0 30 0
0 30 0
0 30 0
0 30 0
15.7284466142396 59 406
0 30 0
0 30 0
64.3694019767483 140 1460
124.196508388037 239 2394
40.2218336239218 122 1017
23.7205666588843 85 731
26.3649695288271 86 757
12.0914553244155 56 86
0 30 0
66.8222691006091 153 1496
26.1275725839493 92 698
0 30 0
42.2083140468396 122 911
15.7284466142396 59 406
0 30 0
0 30 0
31.7005803336182 87 784
0 30 0
7.34794060155384 57 351
0 30 0
42.8294359608961 113 1109
0 30 0
24.1327083136968 86 298
10.1416193255507 58 378
97.2968089513399 205 1820
0 30 0
36.241717331964 125 908
6.70504026118005 71 420
0.549668593924254 40 45
0 30 0
14.4406442735135 73 441
15.7284466142396 59 406
7.10779490729036 53 121
27.6866872226906 116 644
0 30 0
0 30 0
47.9148106802211 114 1135
14.5284222267192 71 262
19.8156898858334 81 637
3.75504972053911 54 276
0 30 0
47.9148106802211 114 1135
36.7040599505575 108 976
35.2420949620187 101 612
0 30 0
25.3436169098235 85 729
0 30 0
36.6078861017118 124 1108
0 30 0
14.971836821043 92 670
1.75651286553608 49 171
0 30 0
0 30 0
60.0378032183962 167 1345
25.4154761152464 90 741
4.55368203155006 55 300
0 30 0
21.4872180582224 72 442
0 30 0
0 30 0
33.3550193386675 117 777
15.7284466142396 59 406
71.9637325576971 160 1467
0 30 0
0 30 0
46.2057095543263 135 1125
18.529304810965 77 559
31.9214061780428 107 952
10.1577720233799 54 85
15.7284466142396 59 406
0 30 0
15.7284466142396 59 406
0 30 0
15.7284466142396 59 406
45.8620886528897 130 1207
0 30 0
0 30 0
11.1809539264287 76 374
31.7005803336182 87 784
0 30 0
0 30 0
0 30 0
0 30 0
0 30 0
4.30411297114673 50 71
0 30 0
10.1416193255507 58 378
9.61372312467657 82 437
0 30 0
28.7614799364509 75 155
57.4904667508844 137 1382
0 30 0
0 30 0
10.1416193255507 58 378
31.7005803336182 87 784
45.6289459921696 118 1119
5.78621148432134 48 42
9.86505264862537 67 202
0.286616887219424 36 15
0 30 0
30.7874482736589 111 790
17.8615331901024 73 497
0 30 0
15.7284466142396 59 406
4.55368203155006 55 300
0 30 0
15.7284466142396 59 406
25.3300426938195 105 913
2.01119726974963 50 190
0 30 0
0 30 0
21.9889474453113 102 565
1.35582472978602 47 136
17.215744761845 67 434
6.94073977262088 58 127
10.1416193255507 58 378
25.4947670010298 99 778
5.67150678349521 56 325
0 30 0
10.1416193255507 58 378
0 30 0
21.1062764527587 83 682
23.7205666588843 85 731
21.0691772207236 101 822
10.2484831388458 72 421
23.7205666588843 85 731
0 30 0
0 30 0
45.5982752976557 127 1165
15.7284466142396 59 406
64.3694019767483 140 1460
0 30 0
57.64030381928 149 1014
51.7401096829513 132 1252
0 30 0
49.3226561821574 134 1319
0 30 0
15.7284466142396 59 406
19.6357534752967 81 625
103.176972864939 207 2184
0 30 0
0 30 0
21.3991591909162 77 479
15.7284466142396 59 406
55.3692197675397 136 1360
28.0052197036486 95 500
0 30 0
0 30 0
31.7005803336182 87 784
20.1302032838209 90 445
0 30 0
0 30 0
48.4317215057895 141 1202
0 30 0
0 30 0
1.05466231113745 45 105
0 30 0
2.42233309934589 42 31
10.1416193255507 58 378
19.0454222165522 79 596
0 30 0
10.1416193255507 58 378
146.253900287288 260 2440
39.2582091205149 126 935
19.4355368187544 82 337
4.55368203155006 55 300
0 30 0
52.2380421837157 139 1219
0 30 0
26.3649695288271 86 757
65.4635917339241 153 1466
26.3649695288271 86 757
0 30 0
8.39542807638088 57 169
40.4515944505305 128 1162
2.10498652714992 37 9
75.4527970528554 163 1711
41.2431862429254 123 1039
10.1416193255507 58 378
1.05466231113745 45 105
58.5118193698881 138 1409
9.73236793524169 61 225
0 30 0
15.7284466142396 59 406
4.92551729261402 66 315
5.67150678349521 56 325
23.3432451026749 107 739
1.05466231113745 45 105
0 30 0
0 30 0
0 30 0
26.3649695288271 86 757
0.819712471254637 43 78
15.7284466142396 59 406
15.1176269134826 77 360
0 30 0
7.99108244781886 78 427
5.67150678349521 56 325
22.7985770324212 76 470
15.7284466142396 59 406
0 30 0
100.998322411205 217 1817
48.7094153280234 133 1299
4.55368203155006 55 300
86.896576804087 192 1660
0 30 0
10.8551213791509 84 498
0 30 0
0 30 0
21.5624994017952 88 709
53.0992454611055 151 1208
102.712479261702 182 1351
5.67150678349521 56 325
0 30 0
64.8338202210112 138 1026
31.7005803336182 87 784
0 30 0
0 30 0
10.1416193255507 58 378
0 30 0
23.7205666588843 85 731
9.50155554621026 76 510
0 30 0
41.827424388729 130 1219
0 30 0
7.78375085207063 48 46
25.3436169098235 85 729
10.1416193255507 58 378
28.2407612170697 115 739
7.34794060155384 57 351
0 30 0
3.75504972053911 54 276
0 30 0
25.3436169098235 85 729
31.7005803336182 87 784
15.7284466142396 59 406
4.55368203155006 55 300
0 30 0
0.475506825987931 39 36
0 30 0
0 30 0
27.9316346392468 114 855
0 30 0
7.34794060155384 57 351
7.34794060155384 57 351
0 30 0
31.7005803336182 87 784
15.7284466142396 59 406
28.5863657609667 94 785
25.9001340503359 109 811
0.13370244216531 33 3
50.8144414389466 142 1291
10.1416193255507 58 378
19.9572947696196 71 437
6.06880974699959 69 367
0 30 0
54.1014376903794 150 1411
4.55368203155006 55 300
26.7540535239762 88 602
40.3331700351459 112 1084
24.0901831338746 100 792
0 30 0
30.6836661735083 123 908
29.0622084807563 106 941
11.1695274767491 78 561
41.8080833418925 112 1082
25.4294558172437 100 812
88.2985339257187 188 1579
14.5284222267192 71 262
15.7284466142396 59 406
38.93909382382 136 1124
29.9214943082286 93 496
10.1416193255507 58 378
26.3649695288271 86 757
23.7205666588843 85 731
0 30 0
0 30 0
0 30 0
16.5792743707897 61 407
0.930382520054143 44 91
28.3340483728705 105 545
2.10498652714992 37 9
31.7005803336182 87 784
4.55368203155006 55 300
0 30 0
0 30 0
19.0566058069592 71 440
0 30 0
17.9488061481712 79 576
31.7005803336182 87 784
0 30 0
3.75504972053911 54 276
0 30 0
5.67150678349521 56 325
0 30 0
0 30 0
0 30 0
49.6729382965592 137 958
0 30 0
122.581943658984 235 2109
0 30 0
0 30 0
46.1531011935779 130 1152
25.3436169098235 85 729
15.7284466142396 59 406
0 30 0
10.1416193255507 58 378
15.7284466142396 59 406
0 30 0
11.7669074446732 72 230
92.695999003126 199 1764
2.68972701387252 52 231
0 30 0
15.7284466142396 59 406
0 30 0
0 30 0
0 30 0
0 30 0
33.413635653361 109 1005
16.105007197345 79 380
0 30 0
14.3688821322755 81 627
15.7284466142396 59 406
47.9059914840459 147 1359
46.1558376815438 127 1187
0 30 0
98.4555122354296 210 2018
18.3283042895634 76 542
0 30 0
0 30 0
58.5118193698881 138 1409
15.7284466142396 59 406
0.549668593924254 40 45
42.8294359608961 113 1109
85.2887489691769 184 1926
7.34794060155384 57 351
16.4534445418232 92 659
15.7284466142396 59 406
0 30 0
0 30 0
0 30 0
0.407476124591344 38 28
15.7284466142396 59 406
54.5685619502201 146 1142
73.7496386473587 181 1607
27.3513474322165 97 658
36.7040599505575 108 976
0 30 0
3.75504972053911 54 276
40.3331700351459 112 1084
26.7851862473132 103 872
0 30 0
15.7284466142396 59 406
0 30 0
26.3649695288271 86 757
17.57283125761 83 678
0 30 0
7.34794060155384 57 351
0 30 0
0 30 0
15.7284466142396 59 406
3.66732223847634 45 37
0 30 0
15.7284466142396 59 406
10.1416193255507 58 378
15.7284466142396 59 406
64.3694019767483 140 1460
0 30 0
10.1416193255507 58 378
0 30 0
15.4486450422744 75 484
10.1416193255507 58 378
0 30 0
40.3331700351459 112 1084
17.8604144618861 88 421
0 30 0
31.8606095018118 122 929
5.35964296099827 42 19
28.1019316561722 105 916
66.9229224010811 158 1586
7.81509756572083 66 235
30.1816527396726 111 709
0 30 0
0 30 0
10.497703558333 74 331
0 30 0
15.7284466142396 59 406
20.1529120718603 84 703
18.7646377381755 78 577
21.9060116165901 83 676
4.32600269539955 59 286
15.5708504309435 74 303
0 30 0
0 30 0
44.6639349354317 130 1221
7.34794060155384 57 351
57.4904667508844 137 1382
0 30 0
7.34794060155384 57 351
73.5669120857537 178 1470
62.8228635225455 135 1092
1.09825301537062 41 31
3.99842837282134 61 281
0 30 0
0 30 0
5.39310909984582 44 28
0 30 0
5.56071805834597 64 233
0.232445837622533 35 10
39.1216854577689 121 1009
0 30 0
8.00191313973016 61 357
52.7334904850945 142 1257
15.7284466142396 59 406
0 30 0
59.6913091791466 139 1357
0 30 0
2.6568000436151 56 172
15.7284466142396 59 406
0 30 0
15.7284466142396 59 406
15.9304040577407 67 137
2.68972701387252 52 231
41.0792658946982 121 1046
41.2890538003023 110 605
22.2082485914124 76 244
24.9719811248287 90 571
0 30 0
15.7284466142396 59 406
0 30 0
130.510589351489 240 2424
5.67150678349521 56 325
0 30 0
0 30 0
25.2345826180192 106 719
4.55368203155006 55 300
0 30 0
4.55858263645399 64 225
30.0290164244025 108 979
73.8785474105928 165 1460
23.307265490949 104 888
46.8757604097834 122 1073
24.6455066288402 111 812
0 30 0
5.67150678349521 56 325
0 30 0
59.5331719888917 139 1435
0 30 0
15.7284466142396 59 406
0 30 0
48.3013035631538 133 1292
0 30 0
2.34000348248686 45 51
19.6314193134512 85 591
0 30 0
25.6562140344259 102 835
0 30 0
1.58844030590511 48 88
0 30 0
90.9236518807101 195 1967
0 30 0
72.9981125728437 162 1691
31.7005803336182 87 784
13.2475457772053 78 553
0 30 0
0 30 0
43.5001365508206 112 677
1.05466231113745 45 105
0 30 0
23.7205666588843 85 731
19.0454222165522 79 596
0 30 0
32.2894866186759 113 927
31.7005803336182 87 784
31.9214061780428 107 952
155.284094345277 269 2581
12.0890011370146 84 571
0 30 0
15.7284466142396 59 406
3.15590026177512 53 253
25.3436169098235 85 729
4.71357269759356 64 290
15.7284466142396 59 406
15.7284466142396 59 406
16.2056163787831 91 596
3.75504972053911 54 276
27.9520088937533 107 530
0 30 0
15.7284466142396 59 406
47.9148106802211 114 1135
0 30 0
2.5950337038144 53 211
16.0333828827413 82 654
0 30 0
0 30 0
7.34794060155384 57 351
68.0402488972931 175 1476
10.1416193255507 58 378
15.7284466142396 59 406
0 30 0
0 30 0
65.4635917339241 153 1466
6.47624449552174 51 100
0 30 0
18.2986357841978 91 527
57.4904667508844 137 1382
0 30 0
0 30 0
22.1472604216032 84 706
0 30 0
13.7952028821922 85 543
39.1216854577689 121 1009
15.7284466142396 59 406
7.34794060155384 57 351
0 30 0
21.1162089964192 96 700
119.382895690223 227 1958
55.8127982983185 137 1388
0 30 0
10.1416193255507 58 378
0 30 0
0 30 0
0 30 0
5.67150678349521 56 325
19.3877255022772 80 616
0 30 0
42.8294359608961 113 1109
5.67150678349521 56 325
15.7284466142396 59 406
0.819712471254637 43 78
2.78038222581183 53 127
0 30 0
0 30 0
6.91687552321096 67 326
48.4702010635993 121 858
0 30 0
49.734451508708 133 1279
7.34794060155384 57 351
23.5916393856257 87 514
0 30 0
31.7005803336182 87 784
10.1416193255507 58 378
0 30 0
15.7284466142396 59 406
0 30 0
79.8302327942229 188 1782
31.7005803336182 87 784
0 30 0
0.181660460798313 34 6
7.9161868777074 60 354
0 30 0
45.9582865635886 143 1061
96.2639219920474 199 1834
20.6217640553659 93 637
0.407476124591344 38 28
37.7729784553952 117 1031
75.4527970528554 163 1711
23.7205666588843 85 731
31.731139252874 107 959
17.3389831125349 87 664
15.7284466142396 59 406
20.1529120718603 84 703
5.15609640369708 60 310
0 30 0
0 30 0
41.8445502903778 124 1090
39.4595983749589 126 844
31.7005803336182 87 784
0 30 0
0.630936469164689 41 55
46.4013094201963 122 1085
0 30 0
13.5290464517408 71 400
42.5292726338615 129 942
0 30 0
0 30 0
7.34794060155384 57 351
15.7284466142396 59 406
15.7284466142396 59 406
18.4868513491388 75 316
0 30 0
15.7284466142396 59 406
34.500051725471 98 641
15.7284466142396 59 406
15.7284466142396 59 406
0 30 0
7.34794060155384 57 351
5.67150678349521 56 325
0 30 0
0.475506825987931 39 36
9.23988861315846 76 515
22.1472604216032 84 706
69.1406121228585 163 1421
3.15590026177512 53 253
15.7284466142396 59 406
25.1789883367321 99 796
0 30 0
15.7284466142396 59 406
16.0702233169464 69 235
20.9769453574457 81 409
0 30 0
29.8618118445888 105 919
0 30 0
0 30 0
20.3031582724237 91 466
0.34475036817616 37 21
15.7284466142396 59 406
80.0615734099112 178 1778
15.7284466142396 59 406
70.8568635718113 180 1623
15.7284466142396 59 406
7.34794060155384 57 351
0 30 0
0 30 0
38.5186149928517 110 1031
15.7284466142396 59 406
10.8917356055782 78 556
0 30 0
38.2070506568781 107 767
0 30 0
0 30 0
3.31693772299096 40 14
5.67150678349521 56 325
4.16319695964279 57 279
19.6357534752967 81 625
27.6838222209275 94 765
54.4678258497421 152 1347
4.49590822576719 65 301
0 30 0
15.7284466142396 59 406
0 30 0
2.01119726974963 50 190
5.67150678349521 56 325
15.7284466142396 59 406
17.9488061481712 79 576
0 30 0
21.1062764527587 83 682
0 30 0
0 30 0
47.9148106802211 114 1135
20.1529120718603 84 703
19.6357534752967 81 625
0 30 0
0 30 0
17.9488061481712 79 576
37.8829422002612 125 1095
25.3436169098235 85 729
0 30 0
51.7401096829513 132 1252
0 30 0
18.8610221249201 100 798
26.4455422884399 108 691
20.6184122063431 95 650
0 30 0
21.4570843912264 91 592
0 30 0
84.8740051781702 191 1819
35.3110760245524 118 823
15.7284466142396 59 406
22.1472604216032 84 706
15.7284466142396 59 406
0 30 0
0 30 0
0 30 0
0 30 0
94.0062602038936 202 1840
31.9934426820346 106 607
25.3436169098235 85 729
45.1011548789562 122 1037
91.7117206552424 187 1588
0 30 0
34.2600877894877 117 972
0 30 0
56.4691141318808 136 1354
56.5706085734335 144 1318
29.9582112425351 99 780
0 30 0
0.181660460798313 34 6
0 30 0
0 30 0
15.7284466142396 59 406
49.8543271052509 148 1356
0 30 0
5.67150678349521 56 325
75.5816161112835 182 1596
120.899967121363 228 2385
15.7284466142396 59 406
2.73919611137286 39 16
0 30 0
19.6357534752967 81 625
20.1830976817218 83 563
10.1416193255507 58 378
0 30 0
15.7284466142396 59 406
7.34794060155384 57 351
29.6690545578242 96 730
0 30 0
17.9488061481712 79 576
11.2032752977645 65 399
2.19160310516324 49 87
45.3091534777587 143 1248
20.5730429053193 86 449
10.6565758996848 82 525
36.9841243361021 129 982
35.4603814571024 115 940
24.2103035762732 93 721
71.0083328770957 162 1688
7.34794060155384 57 351
73.1606391641287 175 1728
10.1416193255507 58 378
0 30 0
15.7564816163652 76 266
50.5231162417145 144 1284
15.7284466142396 59 406
0 30 0
9.73236793524169 61 225
2.68972701387252 52 231
0 30 0
41.8080833418925 112 1082
0 30 0
38.8617317876804 111 1060
15.7284466142396 59 406
95.0100325724493 195 1697
53.7343905399557 119 885
0 30 0
0 30 0
14.2854044334344 80 609
5.70587444631941 64 262
22.2797623171264 93 694
15.7284466142396 59 406
10.1416193255507 58 378
26.3649695288271 86 757
1.54084742235508 48 153
0 30 0
49.5438249890149 130 1158
52.2661259368822 147 1343
0 30 0
0 30 0
26.3649695288271 86 757
0 30 0
0 30 0
0 30 0
10.1416193255507 58 378
15.7284466142396 59 406
0 30 0
0 30 0
5.67150678349521 56 325
7.34794060155384 57 351
15.7284466142396 59 406
3.15590026177512 53 253
0 30 0
0 30 0
35.48765515635 106 831
0 30 0
7.34794060155384 57 351
57.8777491283658 156 1173
0 30 0
55.9044499259659 149 1249
26.7540535239762 88 602
0 30 0
0 30 0
4.55368203155006 55 300
0 30 0
31.7005803336182 87 784
31.7005803336182 87 784
0.232445837622533 35 10
33.413635653361 109 1005
0 30 0
47.9148106802211 114 1135
4.55368203155006 55 300
3.71648645659766 62 256
15.7284466142396 59 406
15.7284466142396 59 406
0.83011023958941 39 22
63.973057542258 167 1559
0 30 0
0 30 0
42.8294359608961 113 1109
0 30 0
31.7005803336182 87 784
31.5990806110668 107 954
74.0800833561605 178 1728
0 30 0
0 30 0
0 30 0
25.3436169098235 85 729
15.7284466142396 59 406
0 30 0
15.7284466142396 59 406
7.34794060155384 57 351
18.7646377381755 78 577
0.475506825987931 39 36
0 30 0
7.34794060155384 57 351
10.8443880114437 61 381
90.7598784221808 194 1752
7.80800807364197 73 376
15.7284466142396 59 406
31.7005803336182 87 784
91.6074285501273 186 1964
0 30 0
16.8738042055824 82 651
0 30 0
48.6359027148868 158 1358
0.819712471254637 43 78
21.9558162521457 89 336
0 30 0
3.75504972053911 54 276
0 30 0
18.529304810965 77 559
0 30 0
0 30 0
0 30 0
0 30 0
0.407476124591344 38 28
13.8326400719196 67 163
40.7867307228888 111 1054
47.9148106802211 114 1135
1.19530004561129 46 120
3.75504972053911 54 276
27.1285628309271 101 807
59.0930359453286 154 1503
4.55368203155006 55 300
69.1260557317859 180 1603
16.5948363054052 77 529
25.3436169098235 85 729
15.7284466142396 59 406
8.37223465525494 67 312
42.698404582861 126 770
103.037740691622 203 2091
18.7364076196693 68 164
1.91077924812949 47 70
38.8617317876804 111 1060
0 30 0
0 30 0
0 30 0
0 30 0
0 30 0
0 30 0
36.3502248413739 108 982
15.7284466142396 59 406
28.1677209807324 105 907
15.7284466142396 59 406
19.6357534752967 81 625
0 30 0
51.7401096829513 132 1252
10.1416193255507 58 378
0 30 0
15.7284466142396 59 406
47.9148106802211 114 1135
85.8837928974437 164 998
47.9148106802211 114 1135
6.57617902841009 60 211
0 30 0
6.58086367329722 45 31
11.0281295980776 63 388
10.1416193255507 58 378
0 30 0
22.8322245099973 93 667
151.152062719694 262 2287
0 30 0
36.3502248413739 108 982
0 30 0
50.7558041277116 134 1305
0 30 0
13.9033666242123 89 531
10.1416193255507 58 378
0 30 0
17.417642055997 89 581
1.75651286553608 49 171
3.26893196128824 59 208
15.4486450422744 75 484
49.8843445062009 145 1282
4.55368203155006 55 300
1.54084742235508 48 153
15.4486450422744 75 484
41.8080833418925 112 1082
0 30 0
0 30 0
0 30 0
13.8523666148076 87 606
0 30 0
26.2568213538724 106 934
23.727822995828 89 691
33.7100439228931 105 740
0 30 0
25.5904247098657 102 835
0 30 0
11.4655531660043 66 205
0 30 0
6.42585895561451 47 42
12.2899986425807 76 426
0.407476124591344 38 28
70.1983763743806 169 1244
36.7219977923197 112 922
27.0573103874962 108 831
5.67150678349521 56 325
0 30 0
0 30 0
34.3403214088393 104 810
0 30 0
9.5082337388505 70 381
0 30 0
23.0789177635591 99 766
32.5621917105066 119 974
0 30 0
17.5178031784853 86 499
52.5606051017954 149 1254
34.8514269291865 124 1082
0 30 0
31.731139252874 107 959
31.7005803336182 87 784
0 30 0
0.232445837622533 35 10
0 30 0
42.8294359608961 113 1109
0 30 0
0 30 0
0 30 0
0 30 0
17.1054782617438 76 274
85.3662876004499 183 1889
15.7284466142396 59 406
9.29898732040149 69 243
5.67150678349521 56 325
17.9293619286145 88 476
20.6440380706397 99 685
8.08546332801783 62 361
3.15590026177512 53 253
66.6839344042398 163 1427
19.9435948458178 99 772
0 30 0
7.34794060155384 57 351
0 30 0
0 30 0
34.7209300653864 104 650
33.8564785030168 92 794
28.0680192798193 90 763
6.29882304291988 68 346
7.34794060155384 57 351
6.9051488310657 72 429
22.8997865750077 90 427
6.70504026118005 71 420
0 30 0
0.720478441204099 42 66
0 30 0
31.7005803336182 87 784
19.5052615381858 84 586
0 30 0
62.9520847876176 150 1385
15.7284466142396 59 406
7.34794060155384 57 351
0 30 0
2.01119726974963 50 190
0 30 0
0 30 0
23.7205666588843 85 731
4.55368203155006 55 300
45.4014903719769 133 992
10.1416193255507 58 378
38.8617317876804 111 1060
27.672888910111 108 807
0 30 0
30.2771879662723 110 917
23.7205666588843 85 731
0 30 0
0 30 0
6.47624449552174 51 100
0 30 0
44.6408746732154 123 1120
39.076276600702 120 1074
9.73236793524169 61 225
15.7284466142396 59 406
22.8236858174284 98 751
0 30 0
33.735961220337 109 1007
0 30 0
7.34794060155384 57 351
0 30 0
15.7284466142396 59 406
0 30 0
81.0624540429111 165 1760
3.15590026177512 53 253
9.09923365232859 76 467
66.3352957525365 145 1103
66.0313363001694 158 1593
10.0481740983288 63 137
15.7284466142396 59 406
47.9148106802211 114 1135
0 30 0
19.3180008279731 90 372
44.1659162358622 131 1232
0.0879808522045535 32 1
0 30 0
0.720478441204099 42 66
20.3673486215288 82 659
10.1416193255507 58 378
0 30 0
31.7005803336182 87 784
0 30 0
0.83011023958941 39 22
44.0102791116505 125 924
35.1239310953187 124 1078
0 30 0
0 30 0
0 30 0
16.7063697778897 62 409
15.7284466142396 59 406
0 30 0
15.7284466142396 59 406
0 30 0
15.7284466142396 59 406
0 30 0
0 30 0
49.3117667898853 135 1154
15.7284466142396 59 406
15.7284466142396 59 406
17.8419927855309 80 532
0.181660460798313 34 6
15.7284466142396 59 406
1.32825421916408 44 51
0 30 0
15.7284466142396 59 406
83.5735077776079 182 1394
0 30 0
24.0996550323993 80 506
14.2854044334344 80 609
24.9910244372695 104 885
13.5309876892059 81 318
5.67150678349521 56 325
24.3306849269828 105 688
10.1416193255507 58 378
0 30 0
0 30 0
27.4255182389937 99 787
0 30 0
13.5290464517408 71 400
21.9060116165901 83 676
15.7284466142396 59 406
7.34794060155384 57 351
10.8443880114437 61 381
0 30 0
15.7284466142396 59 406
29.5636876038498 106 929
26.2629922368748 105 904
0 30 0
38.7938102138037 118 624
0 30 0
0.924641069078647 37 11
0 30 0
0 30 0
0 30 0
31.7005803336182 87 784
93.6501337881347 188 2013
0.549668593924254 40 45
52.4644124562044 121 714
60.4635893936699 150 1433
0 30 0
0 30 0
3.75504972053911 54 276
0 30 0
20.1398519793901 68 422
26.3649695288271 86 757
1.54084742235508 48 153
0 30 0
0 30 0
0 30 0
10.1416193255507 58 378
23.7205666588843 85 731
5.67150678349521 56 325
15.7284466142396 59 406
0 30 0
2.97519010203945 58 198
0 30 0
49.6392323579792 149 1224
15.7284466142396 59 406
15.7284466142396 59 406
22.1472604216032 84 706
16.5948363054052 77 529
0 30 0
21.9060116165901 83 676
0.819712471254637 43 78
0 30 0
23.7205666588843 85 731
27.2367224317051 80 470
71.0083328770957 162 1688
15.7284466142396 59 406
0 30 0
15.7284466142396 59 406
0 30 0
54.2460012394141 152 1241
0 30 0
7.34794060155384 57 351
0 30 0
0 30 0
5.67150678349521 56 325
0 30 0
10.6391764541175 77 541
5.67150678349521 56 325
0 30 0
0 30 0
7.34794060155384 57 351
41.8080833418925 112 1082
15.7284466142396 59 406
0 30 0
0 30 0
15.7284466142396 59 406
21.196960891012 89 553
26.3649695288271 86 757
21.9060116165901 83 676
15.7284466142396 59 406
0 30 0
20.1529120718603 84 703
15.7284466142396 59 406
10.1416193255507 58 378
0 30 0
0 30 0
0 30 0
79.1576578670438 180 1634
48.7094153280234 133 1299
82.4736521358253 186 1740
17.215744761845 67 434
37.8962136473527 110 1037
0 30 0
74.0230165897251 172 1682
4.55368203155006 55 300
0 30 0
19.6357534752967 81 625
0 30 0
15.7284466142396 59 406
0.549668593924254 40 45
24.9308547046399 100 786
31.9962974297821 113 736
16.3927846770333 83 446
10.1416193255507 58 378
3.98758054417687 43 36
15.0120751072623 81 631
2.01119726974963 50 190
31.5812730381778 102 829
5.67150678349521 56 325
1.54084742235508 48 153
41.0683123979176 123 808
7.34794060155384 57 351
2.68972701387252 52 231
125.739609835804 238 2365
48.6062649405393 128 1166
42.8294359608961 113 1109
0 30 0
22.7773340347134 103 864
0 30 0
43.5040294473474 117 914
0.232445837622533 35 10
0 30 0
0 30 0
0 30 0
64.8802171630738 156 1532
15.7284466142396 59 406
0 30 0
10.1416193255507 58 378
71.2369071713237 157 1384
16.9245856548705 64 416
92.8221640921054 201 1781
27.2476534384621 104 886
35.3392398840396 103 904
1.54084742235508 48 153
13.6142029086197 91 639
14.6217939372773 85 577
28.1982796875638 103 854
9.92737468594307 77 535
19.372942986454 90 577
27.9756104383855 96 694
0 30 0
3.79953083554477 53 123
57.1152339841976 149 1125
16.8738042055824 82 651
16.838755502141 87 384
0 30 0
0 30 0
17.9488061481712 79 576
74.2702037368572 163 1713
16.8738042055824 82 651
20.2267418281597 96 697
0 30 0
0 30 0
0 30 0
31.7005803336182 87 784
0 30 0
50.2371408300554 135 887
0 30 0
52.8456311843392 155 1063
0 30 0
0 30 0
7.34794060155384 57 351
31.7005803336182 87 784
19.3877255022772 80 616
10.1416193255507 58 378
0 30 0
25.3436169098235 85 729
0 30 0
0 30 0
0 30 0
10.1416193255507 58 378
18.2719004399648 87 492
0 30 0
0 30 0
19.6357534752967 81 625
0 30 0
18.5653234280307 95 587
1.35582472978602 47 136
28.5688876891447 101 742
0 30 0
31.7005803336182 87 784
47.9148106802211 114 1135
4.11066092800164 39 10
1.54084742235508 48 153
0 30 0
18.1536803828427 75 526
15.7284466142396 59 406
7.34794060155384 57 351
4.77994254072741 65 229
0 30 0
0.286616887219424 36 15
0 30 0
57.4904667508844 137 1382
0 30 0
32.9608581050056 115 871
105.342869840225 200 2091
23.9407352030085 100 658
59.524039427117 156 1309
61.8886140228878 157 1572
18.856740968353 88 404
94.6173591948695 164 1513
0 30 0
59.3374802429278 155 1520
0 30 0
3.75504972053911 54 276
15.1760831019651 93 534
5.67150678349521 56 325
48.8446958813932 133 916
0.286616887219424 36 15
0 30 0
15.7284466142396 59 406
29.8863867156265 102 611
15.7284466142396 59 406
36.3502248413739 108 982
15.7284466142396 59 406
10.1416193255507 58 378
0.549668593924254 40 45
45.1438332585663 129 1198
15.7284466142396 59 406
26.1072102119235 100 784
0 30 0
10.1416193255507 58 378
5.67150678349521 56 325
40.7867307228888 111 1054
15.7284466142396 59 406
7.34794060155384 57 351
2.42697628848519 55 186
10.2222942922261 61 156
26.3649695288271 86 757
72.4029624375549 185 1636
0 30 0
0 30 0
10.1416193255507 58 378
22.1472604216032 84 706
14.9154720199139 94 681
33.8387178950674 105 901
12.0622112566863 76 507
15.7284466142396 59 406
15.7284466142396 59 406
23.7205666588843 85 731
0 30 0
15.4486450422744 75 484
13.2475457772053 78 553
0.34475036817616 37 21
46.6294392059658 142 1286
45.4487946359518 124 1060
0 30 0
15.7284466142396 59 406
10.1416193255507 58 378
0 30 0
31.7005803336182 87 784
23.7205666588843 85 731
16.6724812247431 87 576
5.67150678349521 56 325
4.55368203155006 55 300
21.1062764527587 83 682
0 30 0
0.630936469164689 41 55
0 30 0
0 30 0
21.9060116165901 83 676
6.90338199465675 70 384
5.67150678349521 56 325
25.7326546742032 101 829
0 30 0
3.89212212381651 63 276
0 30 0
16.5792743707897 61 407
0 30 0
27.211005387046 104 896
56.4904862936981 142 1263
0 30 0
1.75651286553608 49 171
5.67150678349521 56 325
0 30 0
14.7675859661384 80 601
0 30 0
16.3401353020047 79 425
52.8523923047753 141 1214
7.82537714684941 59 352
0 30 0
0 30 0
6.23564077404309 69 391
10.1416193255507 58 378
16.8198305811135 63 412
15.7284466142396 59 406
4.55368203155006 55 300
0 30 0
0 30 0
36.7040599505575 108 976
7.82537714684941 59 352
0 30 0
15.7284466142396 59 406
3.15590026177512 53 253
0 30 0
0 30 0
9.44443714753383 58 121
82.3226034369528 181 1704
15.7954104492478 92 563
60.7321111769312 154 1340
0 30 0
0.0879808522045535 32 1
42.3693966978745 135 919
0 30 0
11.7342801706306 84 487
15.7284466142396 59 406
47.898541693442 145 1302
0 30 0
0.720478441204099 42 66
39.4372443178924 119 909
0 30 0
90.9036177372203 202 1857
41.8080833418925 112 1082
104.096734008757 186 1129
4.55368203155006 55 300
0 30 0
10.4276750133776 63 256
25.3436169098235 85 729
7.34794060155384 57 351
0 30 0
10.1416193255507 58 378
25.3436169098235 85 729
5.67150678349521 56 325
57.8186291904129 148 1277
44.3541210847259 109 856
23.7205666588843 85 731
15.7284466142396 59 406
17.491588796304 86 505
0 30 0
0.720478441204099 42 66
0 30 0
47.9148106802211 114 1135
36.8673320616886 111 1057
0 30 0
10.1416193255507 58 378
61.6150925703518 156 1427
0 30 0
7.34794060155384 57 351
28.5822323655972 104 501
15.7284466142396 59 406
0 30 0
41.8080833418925 112 1082
2.19160310516324 49 87
68.8932240465215 172 1419
0 30 0
4.55368203155006 55 300
20.1529120718603 84 703
5.67150678349521 56 325
56.1355311522124 142 1313
12.3528158259309 87 447
15.7284466142396 59 406
36.5441475493259 120 986
0 30 0
38.8617317876804 111 1060
0 30 0
10.1416193255507 58 378
15.4486450422744 75 484
30.9735048982579 99 671
0 30 0
0 30 0
40.7867307228888 111 1054
0 30 0
14.8367417689797 94 687
0 30 0
47.9148106802211 114 1135
70.2516994692937 174 1682
0 30 0
27.1285628309271 101 807
0 30 0
25.0015844274326 91 340
59.5331719888917 139 1435
15.7284466142396 59 406
0 30 0
16.9245856548705 64 416
16.7063697778897 62 409
0 30 0
17.9488061481712 79 576
15.7284466142396 59 406
15.7284466142396 59 406
36.7097001255034 108 994
3.29501407043637 58 191
0 30 0
0.34475036817616 37 21
0 30 0
49.7774982971048 123 1107
0 30 0
0 30 0
0 30 0
15.7284466142396 59 406
13.3852060420446 65 160
0 30 0
0 30 0
0 30 0
37.215494764454 109 1015
1.19530004561129 46 120
0 30 0
0 30 0
5.85022246137517 49 81
45.8176548572098 123 986
18.4315321888623 70 443
26.3649695288271 86 757
0.819712471254637 43 78
17.7361162017106 72 484
38.5186149928517 110 1031
32.0038572204758 120 1006
1.54084742235508 48 153
18.1536803828427 75 526
20.7718662109394 78 489
51.7401096829513 132 1252
33.9998867264563 93 799
25.3436169098235 85 729
0 30 0
0 30 0
7.09759889931602 62 241
0 30 0
17.0822812600542 81 499
38.5186149928517 110 1031
15.7284466142396 59 406
1.35582472978602 47 136
0 30 0
14.3688821322755 81 627
14.7675859661384 80 601
21.9060116165901 83 676
31.7005803336182 87 784
20.8201146775437 70 431
0 30 0
0 30 0
40.3331700351459 112 1084
31.7005803336182 87 784
31.7005803336182 87 784
8.00191313973016 61 357
0 30 0
38.2771157374716 110 983
12.0622112566863 76 507
10.1416193255507 58 378
26.2111978924571 99 768
4.55368203155006 55 300
70.3807488843742 156 1580
7.51895388706535 71 430
0 30 0
75.7889438482539 183 1607
0 30 0
2.68972701387252 52 231
0 30 0
15.7284466142396 59 406
4.55368203155006 55 300
31.7005803336182 87 784
3.36559734877765 41 25
41.7952726365102 129 1183
0 30 0
21.1915993791982 78 477
51.5339039754855 136 1362
29.4523445667911 106 937
21.8078531734197 78 469
19.9130800524322 92 640
0 30 0
2.01119726974963 50 190
0 30 0
25.3436169098235 85 729
20.1062371947433 77 482
3.15590026177512 53 253
21.1062764527587 83 682
0 30 0
15.7284466142396 59 406
15.7284466142396 59 406
25.1301647216053 88 734
0 30 0
27.7491325615556 104 880
3.15590026177512 53 253
3.68234210258132 59 170
31.7005803336182 87 784
39.7740525511893 126 902
36.3103629124821 129 852
39.3251835565872 128 1164
43.1792449108599 128 1160
15.7284466142396 59 406
7.64366707919477 64 273
20.3673486215288 82 659
36.8673320616886 111 1057
0 30 0
15.7284466142396 59 406
0.181660460798313 34 6
0 30 0
35.9181488043932 121 808
0 30 0
15.7284466142396 59 406
31.8669079381807 109 610
31.7005803336182 87 784
3.15590026177512 53 253
15.7284466142396 59 406
17.5604709128307 96 706
33.7361244111613 124 966
39.3765552931173 122 1055
45.246171216811 124 844
60.8287203357722 151 1117
18.7646377381755 78 577
6.9051488310657 72 429
28.1677209807324 105 907
3.75504972053911 54 276
31.7005803336182 87 784
0 30 0
21.9060116165901 83 676
0 30 0
15.7284466142396 59 406
3.15590026177512 53 253
1.19530004561129 46 120
17.57283125761 83 678
71.4709707063435 178 1376
17.4102572434481 69 451
0 30 0
0 30 0
24.6202727055812 96 754
19.5040242816539 93 637
15.7284466142396 59 406
13.5290464517408 71 400
0 30 0
26.3649695288271 86 757
64.1976422638247 160 1277
15.7284466142396 59 406
15.7284466142396 59 406
0 30 0
23.8494457228997 90 697
44.5438264588258 119 923
16.5948363054052 77 529
0 30 0
15.7284466142396 59 406
19.3251961441487 99 784
47.9148106802211 114 1135
0 30 0
5.67150678349521 56 325
63.8452154181441 140 1116
45.8917079878759 134 942
69.4862210392737 162 1424
44.6447248264345 141 1140
0 30 0
45.2850270214981 126 890
0 30 0
0 30 0
61.9386477882436 154 1524
15.7284466142396 59 406
0 30 0
35.3392398840396 103 904
15.7284466142396 59 406
10.1416193255507 58 378
15.7284466142396 59 406
7.78375085207063 48 46
0 30 0
24.4216343456938 91 712
25.3436169098235 85 729
0 30 0
5.89398996914624 63 258
47.9148106802211 114 1135
16.5948363054052 77 529
36.3502248413739 108 982
25.3436169098235 85 729
15.7284466142396 59 406
19.7201397927412 78 361
0 30 0
25.3436169098235 85 729
0.930382520054143 44 91
0 30 0
40.0292267166449 119 761
72.9204666827521 171 1607
36.3502248413739 108 982
0 30 0
34.6622676060633 118 963
0 30 0
23.7205666588843 85 731
0 30 0
18.3283042895634 76 542
0 30 0
0 30 0
12.5737766881215 89 567
15.7284466142396 59 406
38.5186149928517 110 1031
2.0023295540334 52 159
31.7005803336182 87 784
95.5934014671063 201 1913
15.7284466142396 59 406
65.7137087231501 157 1294
12.0622112566863 76 507
25.3436169098235 85 729
0 30 0
43.6969913337825 129 1186
38.2070506568781 107 767
33.8387178950674 105 901
2.68972701387252 52 231
8.64681189643069 68 239
0 30 0
10.7323271816484 74 248
48.254300371944 132 1280
95.6057436722468 196 1903
15.7284466142396 59 406
15.7284466142396 59 406
3.75504972053911 54 276
36.3502248413739 108 982
10.1416193255507 58 378
31.7005803336182 87 784
0 30 0
10.1416193255507 58 378
0 30 0
47.9148106802211 114 1135
5.67150678349521 56 325
57.1837748098339 138 1411
0 30 0
3.75504972053911 54 276
3.75504972053911 54 276
0 30 0
25.5423780381222 91 746
4.55368203155006 55 300
19.6357534752967 81 625
26.3649695288271 86 757
0 30 0
0 30 0
31.7005803336182 87 784
23.6629805453987 106 705
29.2573330645536 114 883
0 30 0
11.0281295980776 63 388
0 30 0
0 30 0
2.68972701387252 52 231
0 30 0
7.34794060155384 57 351
31.5697134331064 111 811
0 30 0
0 30 0
7.51895388706535 71 430
15.7284466142396 59 406
0 30 0
22.1472604216032 84 706
15.7284466142396 59 406
17.8615331901024 73 497
23.7205666588843 85 731
0 30 0
26.5794750573031 103 877
7.34794060155384 57 351
31.7005803336182 87 784
0 30 0
0 30 0
0 30 0
0 30 0
15.7284466142396 59 406
51.7401096829513 132 1252
15.7284466142396 59 406
0 30 0
23.7205666588843 85 731
5.67150678349521 56 325
6.70504026118005 71 420
0 30 0
31.7005803336182 87 784
0 30 0
0 30 0
30.9501876269742 94 595
46.0491236888554 136 994
27.9756104383855 96 694
0 30 0
0 30 0
5.67150678349521 56 325
0 30 0
15.7284466142396 59 406
20.3673486215288 82 659
17.5125855366157 70 461
0 30 0
15.7284466142396 59 406
77.4506382432123 180 1581
57.4904667508844 137 1382
42.8855824717303 126 1109
3.98758054417687 43 36
0 30 0
25.3436169098235 85 729
31.7005803336182 87 784
26.3649695288271 86 757
0 30 0
60.1884256188764 134 787
18.8706787779595 93 634
55.6589881294885 123 1151
0.13370244216531 33 3
7.34794060155384 57 351
14.4406442735135 73 441
16.0333828827413 82 654
38.5186149928517 110 1031
34.7387433427653 106 935
34.498459354418 124 1027
0 30 0
31.7005803336182 87 784
10.1416193255507 58 378
25.7867165090357 99 725
2.01119726974963 50 190
26.0769390064164 86 575
0 30 0
0 30 0
7.05417958176876 67 292
0.232445837622533 35 10
10.9039483756143 77 531
0 30 0
26.3649695288271 86 757
5.28476845867193 64 276
71.9637325576971 160 1467
13.6228062671655 93 655
2.65960878081365 43 32
17.8615331901024 73 497
0 30 0
0 30 0
0 30 0
40.7867307228888 111 1054
5.67150678349521 56 325
98.2533023672049 198 1946
13.0956866210299 87 541
0 30 0
1.75651286553608 49 171
11.1471570262665 65 289
13.7418464341744 79 588
0 30 0
3.15590026177512 53 253
0 30 0
10.1416193255507 58 378
29.6704701322068 99 760
0 30 0
9.73236793524169 61 225
62.0517235749495 154 1495
23.7205666588843 85 731
10.1416193255507 58 378
10.1416193255507 58 378
12.5150745086804 60 136
14.7675859661384 80 601
13.2691575157594 72 280
12.273967415905 74 498
10.1416193255507 58 378
56.7904201574554 141 1010
10.1416193255507 58 378
50.7558041277116 134 1305
12.687222565977 69 361
0 30 0
18.7646377381755 78 577
0.819712471254637 43 78
29.8618118445888 105 919
32.0505624655717 108 988
15.7284466142396 59 406
25.3436169098235 85 729
5.67150678349521 56 325
0 30 0
5.67150678349521 56 325
25.3436169098235 85 729
19.0454222165522 79 596
15.4486450422744 75 484
25.3436169098235 85 729
27.6838222209275 94 765
12.273967415905 74 498
37.8962136473527 110 1037
1.08363390814627 36 7
0.930382520054143 44 91
15.7284466142396 59 406
0 30 0
49.7118142632317 146 1099
1.05466231113745 45 105
107.406805774297 210 1923
27.9756104383855 96 694
18.9520974059387 67 419
0 30 0
38.0619127813121 127 1144
15.7284466142396 59 406
15.7284466142396 59 406
0.819712471254637 43 78
0.13370244216531 33 3
6.40754424330894 62 340
7.34794060155384 57 351
0 30 0
0 30 0
39.0330141040916 127 993
0 30 0
43.3610767879065 135 1179
15.7284466142396 59 406
0 30 0
0 30 0
79.3939361036594 171 1635
32.4679535369649 101 440
0 30 0
0 30 0
0 30 0
15.7284466142396 59 406
0 30 0
80.5195758065178 189 1765
0 30 0
13.5290464517408 71 400
0 30 0
26.3649695288271 86 757
15.4486450422744 75 484
0 30 0
31.7005803336182 87 784
10.1416193255507 58 378
31.7005803336182 87 784
36.7040599505575 108 976
0 30 0
29.6704701322068 99 760
0 30 0
19.3073390419559 91 706
37.80121708293 108 956
0 30 0
25.3436169098235 85 729
12.5150745086804 60 136
0 30 0
30.9000535590391 106 927
33.5855818663751 121 1004
7.34794060155384 57 351
15.7284466142396 59 406
0 30 0
0 30 0
1.19530004561129 46 120
68.3336324611003 168 1533
0 30 0
0 30 0
3.74853691930647 48 73
0 30 0
0 30 0
81.6741050256106 166 1334
28.4660470878966 93 778
15.7284466142396 59 406
14.0103028353426 67 394
15.7284466142396 59 406
0 30 0
19.8156898858334 81 637
15.7284466142396 59 406
3.75504972053911 54 276
0 30 0
41.8080833418925 112 1082
4.55368203155006 55 300
0 30 0
0 30 0
16.7063697778897 62 409
0 30 0
15.7284466142396 59 406
105.159481891917 208 2089
2.43112303927511 55 164
20.635888256312 92 488
0 30 0
0 30 0
36.6422268700633 108 724
4.55368203155006 55 300
10.1416193255507 58 378
0 30 0
0 30 0
0 30 0
40.7349641597421 120 1046
0 30 0
21.6805353871381 93 484
4.55368203155006 55 300
17.9488061481712 79 576
21.1062764527587 83 682
17.7528681349973 90 455
0 30 0
60.2424756515047 150 924
6.19290825021059 61 189
5.747122190764 69 381
15.7284466142396 59 406
0 30 0
0 30 0
31.7005803336182 87 784
49.8126678412104 151 1115
27.3237139011799 107 740
0 30 0
19.5667942636372 77 257
15.7284466142396 59 406
21.2497831762059 88 614
0 30 0
51.2532970271483 135 1151
15.7284466142396 59 406
4.55368203155006 55 300
0 30 0
34.7559915489463 124 760
15.7284466142396 59 406
0 30 0
145.322521529737 255 2353
16.6714242576799 94 508
52.6957120835547 145 988
26.452242149315 103 700
0 30 0
17.1966063311938 102 709
24.0481192851853 86 461
15.7284466142396 59 406
28.5895434769469 111 847
0 30 0
15.7284466142396 59 406
18.2926771015269 80 386
1.40425396159788 47 84
42.8294359608961 113 1109
0 30 0
0 30 0
15.7284466142396 59 406
0 30 0
50.9047323013625 138 1182
19.8243768738401 92 620
14.2143998680305 76 432
0 30 0
0 30 0
19.6357534752967 81 625
38.357248012309 121 1021
77.313494509667 175 1715
0 30 0
27.6287624936424 80 462
0 30 0
30.9000535590391 106 927
38.0619127813121 127 1144
48.2789128323757 138 1193
10.1416193255507 58 378
0 30 0
34.7515995676057 99 850
94.2715745148347 200 2039
0 30 0
35.3392398840396 103 904
0 30 0
24.6811296525652 68 113
2.68972701387252 52 231
6.65308065269768 58 123
0 30 0
0 30 0
15.7284466142396 59 406
28.1671640609568 108 847
0 30 0
0 30 0
13.5290464517408 71 400
0 30 0
0 30 0
24.9719811248287 90 571
37.215494764454 109 1015
28.0164113300861 98 773
0 30 0
8.38318763167288 60 139
95.7443846016572 202 2078
15.7284466142396 59 406
31.7005803336182 87 784
0 30 0
0 30 0
0 30 0
10.1577720233799 54 85
10.1416193255507 58 378
15.7284466142396 59 406
15.7284466142396 59 406
0 30 0
0 30 0
0 30 0
0 30 0
0 30 0
2.01119726974963 50 190
4.65224378131388 52 111
22.1472604216032 84 706
5.67150678349521 56 325
15.7284466142396 59 406
0 30 0
0 30 0
20.1398519793901 68 422
35.7878714771564 94 546
42.8294359608961 113 1109
15.7284466142396 59 406
18.529304810965 77 559
53.0803520551113 136 991
24.9308547046399 100 786
3.75504972053911 54 276
54.9615478622641 146 998
0 30 0
0 30 0
0.232445837622533 35 10
19.0782273423858 89 693
16.8738042055824 82 651
3.75504972053911 54 276
0 30 0
15.7240551126285 87 391
22.004556645571 91 446
15.7284466142396 59 406
57.5905299346795 160 1418
0 30 0
15.7284466142396 59 406
54.212481642817 150 1397
23.544728454106 101 695
0 30 0
0 30 0
0 30 0
80.4340813182287 181 1199
0 30 0
20.3673486215288 82 659
20.0279521795976 82 569
0 30 0
26.4240100347797 93 631
0 30 0
25.7123676064333 103 751
6.9051488310657 72 429
38.8617317876804 111 1060
34.8246268236813 109 1003
1.17893046190697 45 69
25.3436169098235 85 729
0 30 0
0 30 0
15.7284466142396 59 406
47.9148106802211 114 1135
32.0505624655717 108 988
0 30 0
0 30 0
31.7005803336182 87 784
15.7284466142396 59 406
0 30 0
0 30 0
0 30 0
44.004856742172 126 800
0 30 0
10.8917356055782 78 556
9.50155554621026 76 510
104.70887316531 199 1807
15.7284466142396 59 406
15.4899972868534 75 442
0 30 0
15.7284466142396 59 406
7.34794060155384 57 351
5.22794795914286 47 64
65.9015697820775 157 1558
0 30 0
0 30 0
31.7005803336182 87 784
15.7284466142396 59 406
22.7985770324212 76 470
19.6357534752967 81 625
48.929948983347 133 1291
32.7112521319738 101 638
58.0616384100865 161 1428
31.7005803336182 87 784
33.3134274294813 89 785
10.8443880114437 61 381
69.1541127759714 178 1625
19.0454222165522 79 596
0 30 0
43.5574002415893 128 967
0 30 0
26.3649695288271 86 757
0 30 0
31.7005803336182 87 784
15.7284466142396 59 406
0.475506825987931 39 36
4.11066092800164 39 10
0 30 0
0 30 0
47.9148106802211 114 1135
0 30 0
12.9815470582574 77 549
6.07443063147858 58 183
59.540216628643 151 1423
12.8904210727881 80 346
55.3751771760001 128 819
12.9815470582574 77 549
0 30 0
52.3729816004565 139 1323
16.7063697778897 62 409
0 30 0
0 30 0
0 30 0
25.3569504494935 90 425
53.560247471393 140 1300
20.2942380922487 80 512
10.1416193255507 58 378
15.7284466142396 59 406
26.2629922368748 105 904
2.01119726974963 50 190
26.3649695288271 86 757
47.9148106802211 114 1135
0 30 0
0 30 0
25.3436169098235 85 729
7.34794060155384 57 351
15.7284466142396 59 406
70.6403002519289 172 1634
10.1416193255507 58 378
29.4752525238317 104 900
0 30 0
0 30 0
23.7205666588843 85 731
2.68972701387252 52 231
21.6094995016445 79 280
31.7005803336182 87 784
41.8080833418925 112 1082
15.7284466142396 59 406
42.3716106889545 134 920
19.3877255022772 80 616
26.3649695288271 86 757
17.9488061481712 79 576
15.7284466142396 59 406
0 30 0
0 30 0
10.7422336590837 60 379
10.1416193255507 58 378
5.67150678349521 56 325
0 30 0
3.75504972053911 54 276
0 30 0
15.7284466142396 59 406
0 30 0
19.6357534752967 81 625
7.34794060155384 57 351
7.75955417337561 70 263
33.4760365371811 87 269
20.1590872725272 88 520
28.9916193406946 94 747
74.196066711111 172 1294
15.7284466142396 59 406
17.8254401411906 81 285
41.7057297016408 125 749
0 30 0
120.885295112609 221 1879
0 30 0
10.1416193255507 58 378
0 30 0
15.7284466142396 59 406
0 30 0
78.1633871489602 162 1398
3.75504972053911 54 276
107.954672887457 212 1702
0 30 0
43.1495660922092 118 1099
7.34794060155384 57 351
0 30 0
21.8761585557146 79 497
0 30 0
10.1416193255507 58 378
17.215744761845 67 434
15.0120751072623 81 631
15.7284466142396 59 406
25.3436169098235 85 729
21.9060116165901 83 676
20.3673486215288 82 659
0 30 0
10.8443880114437 61 381
2.69606607942755 47 66
61.9507277004042 165 1508
21.1062764527587 83 682
3.15590026177512 53 253
0 30 0
30.9000535590391 106 927
31.7005803336182 87 784
1.19530004561129 46 120
0 30 0
73.8284634208559 185 1686
0 30 0
0 30 0
23.756472513659 89 716
0 30 0
26.8051244630626 116 908
39.9957404741325 118 1039
0 30 0
2.36353460977802 54 148
17.0239443696499 65 421
4.14531023399999 61 231
0 30 0
47.6885447947361 139 1145
1.19530004561129 46 120
14.4406442735135 73 441
0 30 0
27.8771795957473 106 865
2.68972701387252 52 231
0 30 0
36.164837824565 120 1065
29.9309923011995 103 893
31.7005803336182 87 784
10.1416193255507 58 378
46.0129038040229 106 792
0 30 0
61.3801854809351 157 1575
16.0333828827413 82 654
0 30 0
19.3877255022772 80 616
0 30 0
12.9154329749734 72 400
0 30 0
26.6225142862098 78 197
107.379590786318 208 2207
45.9780258572798 146 1206
0 30 0
41.8642298527267 125 1085
15.7284466142396 59 406
81.0624540429111 165 1760
0 30 0
0 30 0
76.6669465689876 180 1556
53.1893650356706 143 1329
0.720478441204099 42 66
0 30 0
10.1416193255507 58 378
64.3694019767483 140 1460
0.181660460798313 34 6
13.5290464517408 71 400
13.2475457772053 78 553
19.8156898858334 81 637
0 30 0
5.67150678349521 56 325
15.7284466142396 59 406
28.1677209807324 105 907
17.9488061481712 79 576
12.687222565977 69 361
10.8917356055782 78 556
0 30 0
78.082791955992 175 1469
17.5802516538032 89 434
31.496769589535 110 886
15.7284466142396 59 406
0 30 0
15.7284466142396 59 406
34.851378782978 123 1051
16.8738042055824 82 651
15.7284466142396 59 406
11.8778318471433 79 582
23.7205666588843 85 731
10.1416193255507 58 378
0 30 0
0 30 0
31.7005803336182 87 784
26.3649695288271 86 757
0.0879808522045535 32 1
0 30 0
3.58074655893662 55 118
0 30 0
0 30 0
0 30 0
63.5594483894812 150 1027
15.7284466142396 59 406
31.7005803336182 87 784
66.1660234702781 149 1176
0 30 0
0 30 0
6.42327348238208 49 53
5.67150678349521 56 325
7.82537714684941 59 352
34.4349882723647 110 1033
44.414004417347 116 1088
23.7205666588843 85 731
7.57403556011921 62 157
24.5284274451519 99 570
100.646136432138 204 1905
0.232445837622533 35 10
36.6071522922093 117 881
33.735961220337 109 1007
26.3649695288271 86 757
0 30 0
19.6357534752967 81 625
59.0930359453286 154 1503
5.40538544589987 60 144
45.6736686322794 118 592
1.0810678239729 42 39
39.5014864309925 128 875
14.5277819239637 81 412
2.31662461359435 51 210
12.9826405495384 74 317
37.4383534494657 125 865
15.7284466142396 59 406
0 30 0
27.8717395419805 103 862
0 30 0
0 30 0
58.5118193698881 138 1409
66.1715181273247 164 1300
16.5948363054052 77 529
0.930382520054143 44 91
74.4314444338517 162 1685
15.7284466142396 59 406
21.9060116165901 83 676
0 30 0
26.3649695288271 86 757
70.8285476997078 173 1467
31.731139252874 107 959
0 30 0
63.2392581937802 160 1494
17.9488061481712 79 576
15.7284466142396 59 406
15.7284466142396 59 406
28.4107531758463 105 921
1.03037973509183 44 67
31.7005803336182 87 784
10.1416193255507 58 378
0 30 0
7.80912136870146 54 103
15.7284466142396 59 406
15.7284466142396 59 406
0 30 0
31.7005803336182 87 784
24.9194420465362 107 608
16.5948363054052 77 529
148.969066076422 248 2270
25.4947670010298 99 778
33.5209119004796 90 787
35.879798185858 132 1126
15.7284466142396 59 406
6.07676516920376 58 326
0 30 0
0 30 0
15.7284466142396 59 406
62.8959118446831 167 1521
15.7284466142396 59 406
30.4883568896402 98 767
0 30 0
19.8156898858334 81 637
7.09759889931602 62 241
15.7284466142396 59 406
16.5948363054052 77 529
0 30 0
0 30 0
0 30 0
0 30 0
0 30 0
79.7392478429352 178 1776
0 30 0
2.01119726974963 50 190
57.1088372500177 146 1179
64.3584315467496 149 1296
15.7284466142396 59 406
7.34794060155384 57 351
15.7284466142396 59 406
4.76304191346952 66 331
10.1416193255507 58 378
17.9488061481712 79 576
7.34794060155384 57 351
23.7205666588843 85 731
0 30 0
26.5961981335521 103 866
0 30 0
35.845979442685 110 1029
23.7205666588843 85 731
8.73076957058349 68 279
4.55368203155006 55 300
15.7284466142396 59 406
15.7284466142396 59 406
56.1632961031225 147 1212
21.2137501812457 81 331
0 30 0
14.0186484841282 67 157
19.5874822825917 106 739
33.665295778181 102 793
10.9290436591511 72 254
0 30 0
47.9148106802211 114 1135
7.34794060155384 57 351
7.34794060155384 57 351
3.75504972053911 54 276
0.930382520054143 44 91
18.529304810965 77 559
25.3436169098235 85 729
19.6166016613293 77 487
5.67150678349521 56 325
0 30 0
16.3207302809386 92 666
32.9915503636634 98 439
27.4255182389937 99 787
31.7005803336182 87 784
15.7284466142396 59 406
0 30 0
38.7855187280367 127 1160
25.3436169098235 85 729
0 30 0
31.5812730381778 102 829
15.7284466142396 59 406
67.1139191347215 158 1424
0 30 0
26.3649695288271 86 757
0 30 0
0 30 0
0 30 0
27.6610463409301 107 956
70.6410936522688 159 1613
4.49590822576719 65 301
26.3649695288271 86 757
6.66848009964049 49 55
4.49590822576719 65 301
44.1659162358622 131 1232
0 30 0
15.7284466142396 59 406
0 30 0
0 30 0
0 30 0
0 30 0
30.8385496774359 124 923
4.60767631159914 45 49
0 30 0
9.0562481426385 59 196
32.1985872383682 118 955
0 30 0
0 30 0
0 30 0
0 30 0
14.4977668382743 93 673
0 30 0
119.208959160014 234 2272
15.7284466142396 59 406
15.7284466142396 59 406
7.34794060155384 57 351
1.54084742235508 48 153
38.5186149928517 110 1031
0 30 0
17.9488061481712 79 576
0 30 0
34.8822240538803 100 862
11.8778318471433 79 582
0 30 0
51.3498545121493 138 1032
51.8121030147295 142 1302
68.3605922320471 167 1307
0 30 0
96.8910607924681 200 1999
31.7005803336182 87 784
25.6190687686933 98 627
15.1463161788015 78 367
30.0000856640053 117 864
19.3877255022772 80 616
0 30 0
0 30 0
0.475506825987931 39 36
10.1416193255507 58 378
15.7284466142396 59 406
31.7005803336182 87 784
0 30 0
12.5150745086804 60 136
46.5799541831884 126 1088
36.8116014622653 125 1092
0 30 0
0 30 0
58.5118193698881 138 1409
0 30 0
33.0643527235707 113 662
35.8378120438231 123 849
0 30 0
31.7005803336182 87 784
38.3381737135358 108 890
20.1529120718603 84 703
18.1536803828427 75 526
0 30 0
15.7284466142396 59 406
34.5636443321088 110 857
0 30 0
70.8385863460551 167 1583
10.1416193255507 58 378
11.085821359886 74 463
27.6610463409301 107 956
10.1416193255507 58 378
12.2661972951863 70 387
26.3649695288271 86 757
31.8706354653176 106 739
22.1472604216032 84 706
50.5459802599971 153 1208
15.7284466142396 59 406
15.6942447366762 72 232
43.6082554916255 129 1112
25.3436169098235 85 729
10.1416193255507 58 378
62.284595237393 161 1446
15.7284466142396 59 406
24.9719811248287 90 571
0 30 0
0.286616887219424 36 15
58.5154581073862 139 1263
18.4189248117353 65 413
0 30 0
0 30 0
0 30 0
31.029209846568 107 960
47.1988765472424 142 1139
0 30 0
36.7040599505575 108 976
10.535541336313 51 49
37.3758078698847 122 825
0 30 0
57.167757883546 152 1415
30.3935232608764 117 925
10.7033233793358 77 280
6.90338199465675 70 384
4.55368203155006 55 300
21.9060116165901 83 676
0 30 0
10.1416193255507 58 378
0 30 0
0 30 0
21.9060116165901 83 676
0.34475036817616 37 21
0 30 0
4.55368203155006 55 300
0 30 0
0.0879808522045535 32 1
0.13370244216531 33 3
0 30 0
30.4966051428353 105 928
47.6766436951839 132 1258
10.1416193255507 58 378
31.7005803336182 87 784
19.372942986454 90 577
0 30 0
8.83834048516698 68 343
34.8246268236813 109 1003
15.7284466142396 59 406
31.7005803336182 87 784
15.7284466142396 59 406
33.413635653361 109 1005
7.01617675556805 72 436
9.73236793524169 61 225
47.9148106802211 114 1135
17.6018634725002 86 547
17.0239443696499 65 421
0 30 0
0 30 0
0 30 0
71.6091446012074 160 1650
10.1416193255507 58 378
0 30 0
0 30 0
10.1416193255507 58 378
0 30 0
8.39542807638088 57 169
9.73236793524169 61 225
31.7005803336182 87 784
0 30 0
31.7005803336182 87 784
15.7284466142396 59 406
22.1472604216032 84 706
29.1652973562268 103 882
1.35582472978602 47 136
23.8016690674006 102 856
0 30 0
72.1089748926617 168 1499
0 30 0
42.8294359608961 113 1109
0 30 0
0 30 0
9.62566401071128 74 487
10.7422336590837 60 379
0 30 0
1.45796840796117 35 4
0 30 0
10.1416193255507 58 378
15.7284466142396 59 406
15.7284466142396 59 406
0 30 0
0 30 0
10.1416193255507 58 378
27.8682990781487 94 651
0 30 0
0 30 0
10.1416193255507 58 378
0 30 0
31.7005803336182 87 784
1.19530004561129 46 120
23.9745332641571 98 761
12.2845559017289 86 431
23.3069325464894 96 750
0 30 0
0 30 0
2.01119726974963 50 190
14.7675859661384 80 601
51.782872517109 145 1278
4.33829034199462 41 17
0 30 0
63.8863480768165 169 1427
0 30 0
21.7431645722536 96 712
0 30 0
12.9815470582574 77 549
21.9060116165901 83 676
0 30 0
25.3436169098235 85 729
9.89858974273809 48 34
49.1743932809463 134 1313
20.5975698100687 94 665
0 30 0
0.232445837622533 35 10
0 30 0
21.6903768608913 88 608
15.7284466142396 59 406
0 30 0
28.5860937136036 112 810
0.819712471254637 43 78
14.6762393233203 69 403
15.7284466142396 59 406
25.3436169098235 85 729
36.3980702800723 112 918
0 30 0
3.75504972053911 54 276
10.5795078859807 64 190
0 30 0
15.7284466142396 59 406
15.7284466142396 59 406
40.7867307228888 111 1054
45.09143902651 120 1110
45.4507699040633 132 1000
0 30 0
40.7867307228888 111 1054
27.2816790484864 102 763
0 30 0
0 30 0
26.3649695288271 86 757
7.34794060155384 57 351
31.7005803336182 87 784
0 30 0
28.0883250092273 104 892
11.4606904964835 64 178
31.7005803336182 87 784
0 30 0
15.7284466142396 59 406
0 30 0
15.7284466142396 59 406
1.05466231113745 45 105
0.475506825987931 39 36
0 30 0
46.4102830568376 131 865
15.7284466142396 59 406
15.7895679830906 87 532
15.7284466142396 59 406
15.7284466142396 59 406
6.07443063147858 58 183
26.4240100347797 93 631
36.8673320616886 111 1057
22.1472604216032 84 706
0 30 0
31.7005803336182 87 784
20.3673486215288 82 659
0 30 0
15.7284466142396 59 406
20.9789860542626 96 452
0 30 0
0 30 0
14.3688821322755 81 627
0.0879808522045535 32 1
10.2484831388458 72 421
40.7341100353972 116 884
36.7040599505575 108 976
49.6993931508763 139 1225
4.55368203155006 55 300
20.9769453574457 81 409
28.1982796875638 103 854
0 30 0
0 30 0
0 30 0
0 30 0
21.9199129486282 88 410
31.7005803336182 87 784
0 30 0
21.9060116165901 83 676
58.7461469679912 148 1356
33.2642811558401 115 958
38.8617317876804 111 1060
17.0720384180669 85 507
0 30 0
57.4904667508844 137 1382
1.35582472978602 47 136
21.502404318722 80 530
10.1416193255507 58 378
0 30 0
15.2122039158894 76 451
15.0120751072623 81 631
7.34794060155384 57 351
15.7284466142396 59 406
11.0281295980776 63 388
22.5661555969257 102 631
15.7284466142396 59 406
0 30 0
0 30 0
0 30 0
0 30 0
1.54084742235508 48 153
0 30 0
5.65386902924246 69 373
67.0119835676803 155 1505
25.3436169098235 85 729
34.2602027330629 95 812
7.90829599734807 69 367
17.57283125761 83 678
0 30 0
15.7284466142396 59 406
31.731139252874 107 959
17.6205584580179 71 472
7.82537714684941 59 352
0 30 0
7.34794060155384 57 351
15.7284466142396 59 406
7.24175173118145 62 309
0 30 0
31.7005803336182 87 784
2.67921745463399 54 213
31.7005803336182 87 784
0 30 0
0 30 0
33.735961220337 109 1007
0 30 0
7.34794060155384 57 351
7.34794060155384 57 351
0 30 0
5.81237520058436 71 341
0 30 0
21.6875611846011 104 700
7.34794060155384 57 351
15.7284466142396 59 406
0 30 0
11.1471570262665 65 289
36.8673320616886 111 1057
0 30 0
15.7284466142396 59 406
15.7284466142396 59 406
7.16818149917103 69 403
11.085821359886 74 463
0 30 0
42.9794763144904 120 970
10.1416193255507 58 378
0 30 0
0 30 0
57.1837748098339 138 1411
18.3270408520852 73 220
15.7284466142396 59 406
0.819712471254637 43 78
3.03937001505207 45 39
30.8496861907198 105 722
0 30 0
0 30 0
0 30 0
3.36559734877765 41 25
66.82453872346 159 1613
17.9488061481712 79 576
2.10133557745469 50 99
2.31662461359435 51 210
4.55368203155006 55 300
10.1416193255507 58 378
25.3436169098235 85 729
22.47843701023 92 612
7.34794060155384 57 351
0.475506825987931 39 36
15.7284466142396 59 406
0 30 0
9.50155554621026 76 510
0 30 0
4.55368203155006 55 300
59.2311113891585 150 1427
1.986916388883 43 38
0 30 0
3.75504972053911 54 276
19.6357534752967 81 625
0 30 0
40.7259985016869 117 1058
29.6704701322068 99 760
0 30 0
11.085821359886 74 463
0 30 0
41.8080833418925 112 1082
60.9571682532438 160 1402
0 30 0
14.5720756104993 77 461
23.7205666588843 85 731
0 30 0
0 30 0
35.0879736316082 112 852
7.34794060155384 57 351
4.60767631159914 45 49
0 30 0
0 30 0
54.783268058614 150 1403
15.7284466142396 59 406
29.362440279075 94 391
0 30 0
12.6479249697658 60 92
10.1416193255507 58 378
51.8987396308782 142 1080
40.777544198748 128 1182
15.7284466142396 59 406
0 30 0
3.15590026177512 53 253
0 30 0
15.7284466142396 59 406
6.29882304291988 68 346
0 30 0
0 30 0
39.7868551589288 132 1109
47.9148106802211 114 1135
62.6058568261016 157 1219
29.4640766041667 105 907
25.3436169098235 85 729
0 30 0
0 30 0
56.4609503911659 149 1013
0 30 0
17.0459224841231 92 686
31.7005803336182 87 784
3.15590026177512 53 253
0 30 0
15.7284466142396 59 406
0 30 0
22.1472604216032 84 706
0 30 0
17.9635727484761 100 604
5.67150678349521 56 325
39.2004810049181 121 994
20.5299774235109 96 562
26.3649695288271 86 757
47.9148106802211 114 1135
66.4030266466136 166 1500
5.67150678349521 56 325
0 30 0
31.7005803336182 87 784
0 30 0
15.7284466142396 59 406
0 30 0
18.9520974059387 67 419
0 30 0
47.5322792044112 142 1219
0 30 0
31.7005803336182 87 784
0 30 0
15.7284466142396 59 406
17.9488061481712 79 576
10.1416193255507 58 378
20.4723388713172 72 202
15.7284466142396 59 406
40.3331700351459 112 1084
16.7456509469795 91 597
10.1416193255507 58 378
127.6755997306 232 2477
61.9864539348258 153 1426
27.5395762062219 108 830
3.75504972053911 54 276
0 30 0
25.3436169098235 85 729
10.1416193255507 58 378
6.80699556985705 59 140
11.8585912478866 63 130
71.8951603267941 175 1487
0 30 0
0 30 0
40.1425896004597 130 1125
0 30 0
0 30 0
0.630936469164689 41 55
52.1272646255523 133 908
0 30 0
1.45796840796117 35 4
0 30 0
10.1416193255507 58 378
15.7284466142396 59 406
0 30 0
0 30 0
15.7284466142396 59 406
25.3436169098235 85 729
13.5290464517408 71 400
15.7284466142396 59 406
15.7284466142396 59 406
75.4555527320334 171 1629
40.7867307228888 111 1054
0 30 0
5.67150678349521 56 325
40.7341100353972 116 884
36.7040599505575 108 976
0 30 0
9.50155554621026 76 510
36.7040599505575 108 976
31.0862588809209 105 730
3.75504972053911 54 276
0 30 0
0 30 0
0 30 0
20.3673486215288 82 659
35.9514472918092 133 1063
15.7284466142396 59 406
31.6693875468045 103 827
31.5812730381778 102 829
26.3649695288271 86 757
0 30 0
0 30 0
7.78186789319149 70 259
0.630936469164689 41 55
0 30 0
26.1948807969009 100 808
15.7284466142396 59 406
15.7284466142396 59 406
4.55368203155006 55 300
6.66848009964049 49 55
10.1416193255507 58 378
25.3436169098235 85 729
53.1236289110481 148 1357
14.2854044334344 80 609
15.4486450422744 75 484
63.5797838395803 156 1564
43.6969913337825 129 1186
22.2643048777094 84 460
43.1404632276339 117 902
32.1181367845895 104 833
0 30 0
3.75504972053911 54 276
0 30 0
40.3331700351459 112 1084
47.3909624926157 127 1135
37.8962136473527 110 1037
23.0360071115652 79 309
43.3255028396724 141 1212
9.96519131224539 68 304
15.7284466142396 59 406
53.1913541644977 132 1288
0 30 0
0 30 0
6.67960834201091 65 361
10.1416193255507 58 378
54.8631970125944 144 1304
0.13370244216531 33 3
5.67150678349521 56 325
61.0022127110076 158 1376
5.67150678349521 56 325
0 30 0
64.3694019767483 140 1460
0.0879808522045535 32 1
3.66696423589507 61 267
0 30 0
4.55368203155006 55 300
48.0057296399731 127 955
42.9996262703666 126 1151
0 30 0
0 30 0
83.6577394012427 170 1340
60.6928667456967 152 1339
0 30 0
51.7204397874551 139 1005
36.0990551736633 112 856
40.3331700351459 112 1084
51.0992463853243 156 1334
31.7005803336182 87 784
23.7205666588843 85 731
11.9514667957679 72 469
0 30 0
38.8383644417447 130 892
3.75504972053911 54 276
15.7284466142396 59 406
29.3313830736645 106 817
0 30 0
12.5785766880985 77 290
33.3134274294813 89 785
23.7205666588843 85 731
0 30 0
15.7284466142396 59 406
0 30 0
25.6371409276036 90 570
10.1416193255507 58 378
0 30 0
34.2602027330629 95 812
12.5460034682728 81 484
15.7284466142396 59 406
43.7913402457537 130 1012
34.3467838190273 118 1013
81.9954266034743 170 1408
26.3649695288271 86 757
0 30 0
0 30 0
15.7284466142396 59 406
0 30 0
13.0956866210299 87 541
15.7284466142396 59 406
5.67150678349521 56 325
15.7284466142396 59 406
28.5863657609667 94 785
45.9148910553557 143 1250
0 30 0
5.67150678349521 56 325
15.7284466142396 59 406
45.3758920531875 127 1007
14.0962595373134 82 526
17.8615331901024 73 497
0 30 0
0 30 0
46.2843697918497 129 634
9.0562481426385 59 196
39.4307203158632 116 932
42.8294359608961 113 1109
0 30 0
0 30 0
59.5331719888917 139 1435
15.7284466142396 59 406
10.8443880114437 61 381
29.4640766041667 105 907
26.5794750573031 103 877
76.8040377718715 178 1558
63.5313105635096 159 1349
0 30 0
2.31662461359435 51 210
27.0969333577267 102 637
5.29298511623358 67 354
15.7284466142396 59 406
34.2085024487445 119 970
10.1416193255507 58 378
0 30 0
62.2026627270203 149 1040
3.15590026177512 53 253
26.3649695288271 86 757
37.6468718724692 133 964
22.1472604216032 84 706
0 30 0
5.67150678349521 56 325
0 30 0
0 30 0
10.1416193255507 58 378
31.9755835504732 108 982
0 30 0
15.7284466142396 59 406
15.7284466142396 59 406
15.7284466142396 59 406
10.1416193255507 58 378
0 30 0
1.35582472978602 47 136
0 30 0
7.54887078156348 53 87
0 30 0
0 30 0
13.5573518121146 74 438
10.1416193255507 58 378
25.3436169098235 85 729
31.7005803336182 87 784
20.3784498954602 76 472
55.9621273106864 136 887
0 30 0
10.1416193255507 58 378
0 30 0
1.75651286553608 49 171
10.1416193255507 58 378
21.6130300291161 89 653
0 30 0
15.7284466142396 59 406
4.55368203155006 55 300
0 30 0
0 30 0
22.0615077189196 91 634
2.73919611137286 39 16
0 30 0
26.3649695288271 86 757
0 30 0
21.9060116165901 83 676
0 30 0
10.1416193255507 58 378
0 30 0
50.7558041277116 134 1305
0 30 0
0 30 0
0 30 0
19.3877255022772 80 616
6.96990648822061 51 82
5.89398996914624 63 258
1.35582472978602 47 136
0 30 0
53.301291352012 134 1313
0 30 0
21.8102122511854 90 718
45.9134492985233 123 893
31.0259033935812 96 514
0 30 0
60.703647149009 153 1484
23.7205666588843 85 731
5.67150678349521 56 325
21.6065327195298 91 667
1.19530004561129 46 120
19.8156898858334 81 637
31.7005803336182 87 784
23.1162996623456 98 741
90.7759953644232 187 1441
73.3704265658693 155 1529
17.6205584580179 71 472
0 30 0
15.7284466142396 59 406
29.4523445667911 106 937
41.8080833418925 112 1082
0 30 0
11.1471570262665 65 289
0 30 0
15.7889727351625 83 524
0 30 0
15.4486450422744 75 484
23.457578048831 71 425
0 30 0
30.6952759328825 108 791
10.1416193255507 58 378
21.1062764527587 83 682
0 30 0
0 30 0
0 30 0
46.7519886306141 125 1100
0 30 0
3.75504972053911 54 276
10.22684329359 76 522
8.1784886382625 55 122
0 30 0
0 30 0
0 30 0
0.0879808522045535 32 1
0 30 0
1.35582472978602 47 136
62.9520847876176 150 1385
41.8080833418925 112 1082
40.8375913728862 124 938
0 30 0
16.2674309202705 86 641
18.329747753635 68 428
0 30 0
1.08363390814627 36 7
0 30 0
0 30 0
15.7284466142396 59 406
0 30 0
40.099211687793 124 1024
4.58439277224649 57 171
63.0730761939531 155 1523
3.75504972053911 54 276
17.9488061481712 79 576
11.5842891459307 69 433
68.6847003172307 154 1266
10.1416193255507 58 378
29.1666581636536 109 592
15.7284466142396 59 406
2.01119726974963 50 190
60.2916076528365 145 1290
16.5948363054052 77 529
30.4883568896402 98 767
0 30 0
0 30 0
15.7284466142396 59 406
22.7773340347134 103 864
0 30 0
2.01119726974963 50 190
48.4881668168606 153 1198
25.3436169098235 85 729
0 30 0
0 30 0
15.7284466142396 59 406
34.4349882723647 110 1033
15.7284466142396 59 406
57.1837748098339 138 1411
0 30 0
15.7284466142396 59 406
0 30 0
0 30 0
67.0007435033209 160 1389
0 30 0
68.9656276390884 160 1638
0 30 0
64.6947443099619 148 907
0 30 0
0 30 0
16.5792743707897 61 407
0 30 0
36.3181724923071 107 974
0 30 0
15.5740286856365 92 627
0 30 0
15.7284466142396 59 406
0 30 0
23.2605051488557 85 487
2.73919611137286 39 16
0 30 0
23.0789177635591 99 766
18.1536803828427 75 526
0 30 0
34.6265087521699 98 839
0.819712471254637 43 78
15.7284466142396 59 406
0 30 0
0 30 0
0 30 0
0 30 0
53.8198619847226 137 1385
6.47624449552174 51 100
0.930382520054143 44 91
0 30 0
53.5546647252455 134 1307
0 30 0
0 30 0
0 30 0
0 30 0
92.3761455738069 176 1180
33.058687000702 120 1008
0 30 0
19.8156898858334 81 637
0 30 0
0 30 0
0 30 0
25.3436169098235 85 729
35.6736796872345 124 1104
40.7867307228888 111 1054
15.5700647368638 81 427
17.7361162017106 72 484
10.1416193255507 58 378
7.34794060155384 57 351
57.9677037156506 133 938
15.7284466142396 59 406
11.0281295980776 63 388
11.2032752977645 65 399
3.75504972053911 54 276
27.8892798478667 97 454
5.67150678349521 56 325
46.1916966437787 118 765
31.7005803336182 87 784
38.5186149928517 110 1031
40.6550696511839 121 1072
15.7284466142396 59 406
29.9539055738671 115 885
0 30 0
33.339977162095 114 847
15.7284466142396 59 406
10.1416193255507 58 378
0 30 0
6.57748525207493 63 178
10.1416193255507 58 378
0 30 0
20.3673486215288 82 659
28.2092027116109 100 723
25.3436169098235 85 729
0 30 0
15.7284466142396 59 406
0 30 0
17.0720384180669 85 507
3.75504972053911 54 276
63.6011057940159 171 1458
48.6062649405393 128 1166
20.1529120718603 84 703
0 30 0
0.0879808522045535 32 1
4.56303012762596 65 319
0 30 0
0 30 0
89.1477396664128 186 1537
0 30 0
21.7081241758749 102 841
0 30 0
0 30 0
85.6366039034141 195 1904
24.9308547046399 100 786
38.5186149928517 110 1031
0 30 0
0 30 0
17.2716539589525 72 274
0 30 0
0 30 0
8.26703221196994 74 433
5.67150678349521 56 325
31.7005803336182 87 784
43.3870263138155 137 1142
26.3720558163152 94 624
23.1027569841817 89 452
16.5948363054052 77 529
11.8973800123537 67 324
8.22094995547085 66 307
21.9060116165901 83 676
0 30 0
0 30 0
15.7284466142396 59 406
0 30 0
99.955118649479 203 2079
0 30 0
15.7284466142396 59 406
21.9060116165901 83 676
15.7284466142396 59 406
0 30 0
0 30 0
64.7257432744449 144 904
69.2357767278994 156 1194
23.7205666588843 85 731
0 30 0
15.7284466142396 59 406
7.34794060155384 57 351
15.7284466142396 59 406
0 30 0
8.0468640977857 44 20
0 30 0
0 30 0
81.0624540429111 165 1760
14.5277819239637 81 412
0 30 0
15.7284466142396 59 406
15.7284466142396 59 406
9.62566401071128 74 487
19.520455494514 86 377
0 30 0
5.42115849634732 63 328
0 30 0
5.47285829841754 68 351
0 30 0
25.6399609282246 103 572
7.71319349914776 65 301
0 30 0
41.3292212531065 139 1215
29.9822760230266 107 962
15.7284466142396 59 406
4.60767631159914 45 49
0 30 0
0 30 0
0.181660460798313 34 6
41.2431862429254 123 1039
0.407476124591344 38 28
6.09073043623714 55 102
0 30 0
21.1062764527587 83 682
59.5331719888917 139 1435
19.0454222165522 79 596
0 30 0
4.55368203155006 55 300
25.3858049079583 98 739
0 30 0
3.75504972053911 54 276
18.529304810965 77 559
21.1637636914849 103 714
5.89539104083862 67 366
32.0505624655717 108 988
19.3877255022772 80 616
58.644215261824 155 1265
31.7005803336182 87 784
10.1416193255507 58 378
0 30 0
10.4276750133776 63 256
25.3436169098235 85 729
0 30 0
0 30 0
15.7284466142396 59 406
11.8973800123537 67 324
0 30 0
0 30 0
0 30 0
22.7985770324212 76 470
0 30 0
23.2244988085344 110 663
15.7284466142396 59 406
63.4701644064243 163 1453
4.58439277224649 57 171
11.8973800123537 67 324
0 30 0
25.3436169098235 85 729
6.89831659994849 67 380
0 30 0
5.67150678349521 56 325
1.05466231113745 45 105
0 30 0
4.55368203155006 55 300
0 30 0
15.7284466142396 59 406
44.8979574313066 120 1052
25.3436169098235 85 729
10.1416193255507 58 378
15.7284466142396 59 406
0 30 0
54.2970132628613 135 1345
47.9148106802211 114 1135
36.0112753540217 129 1032
10.1416193255507 58 378
14.7675859661384 80 601
54.4334741229995 138 1223
15.7284466142396 59 406
0 30 0
5.67150678349521 56 325
27.0466666608157 89 735
0 30 0
45.4487946359518 124 1060
10.6391764541175 77 541
0 30 0
88.9536521146789 190 1806
15.7284466142396 59 406
1.35582472978602 47 136
14.5571451414073 75 235
0 30 0
0.720478441204099 42 66
28.5063787100295 100 834
5.67150678349521 56 325
33.4429824483304 104 890
3.15590026177512 53 253
56.5190953367129 140 1160
0 30 0
15.7284466142396 59 406
55.3692197675397 136 1360
3.75504972053911 54 276
19.6066294345326 96 672
0 30 0
34.8822240538803 100 862
20.1956406004719 100 791
65.2116430374735 163 1304
27.6838222209275 94 765
33.735961220337 109 1007
4.55368203155006 55 300
28.9096396821958 102 865
0 30 0
12.3422074307013 79 578
16.8738042055824 82 651
15.7284466142396 59 406
15.7284466142396 59 406
0 30 0
5.67150678349521 56 325
71.6208995732031 164 1344
137.333820846996 239 2076
0 30 0
12.6254617834075 63 382
25.7919003769056 96 732
26.0261095837533 103 639
15.7284466142396 59 406
43.5558548043002 135 1065
12.8721388869369 80 604
0 30 0
31.7005803336182 87 784
49.0946901409007 130 719
1.05466231113745 45 105
0 30 0
30.6465208339937 103 810
10.1416193255507 58 378
13.8941721222864 87 445
29.2623231081724 93 362
6.58328162228051 64 353
8.43541299068579 66 387
61.4271127146381 139 1279
27.9094484364055 98 641
8.23777103347493 79 413
20.1529120718603 84 703
34.500051725471 98 641
37.3608481924197 125 1130
67.6042918580658 146 1170
34.4349882723647 110 1033
20.8866334568873 86 587
31.7005803336182 87 784
0 30 0
15.7284466142396 59 406
31.7005803336182 87 784
48.5987792268062 130 1110
15.7284466142396 59 406
31.9214061780428 107 952
0 30 0
10.1416193255507 58 378
0 30 0
0 30 0
17.9995701100792 74 511
0 30 0
15.7284466142396 59 406
15.7284466142396 59 406
18.6075301661987 89 561
3.15590026177512 53 253
15.0784909483194 88 538
15.7284466142396 59 406
12.3422074307013 79 578
26.1077500997718 102 859
10.1416193255507 58 378
10.1416193255507 58 378
0 30 0
0 30 0
37.3214758849953 131 1062
0 30 0
36.9544150576521 104 722
7.34794060155384 57 351
34.5129318248533 115 915
47.7906805503501 135 887
0.475506825987931 39 36
12.6540220694107 88 588
41.8080833418925 112 1082
45.5985631675042 133 938
0.549668593924254 40 45
1.98088418007214 40 21
90.4781456910933 193 1944
18.3283042895634 76 542
0 30 0
1.98088418007214 40 21
37.5297408134792 113 758
0 30 0
25.1789883367321 99 796
0 30 0
14.7675859661384 80 601
50.2795371788882 132 845
13.2130402475217 82 354
0 30 0
33.2796477194252 94 739
49.4528028329238 135 967
0 30 0
0 30 0
47.9647698922843 132 975
0.930382520054143 44 91
27.5779446933338 96 586
7.34794060155384 57 351
5.07500952356275 59 306
15.7284466142396 59 406
56.1438418307963 139 951
18.7646377381755 78 577
0.630936469164689 41 55
0.475506825987931 39 36
17.9488061481712 79 576
0 30 0
15.7284466142396 59 406
23.7205666588843 85 731
15.7284466142396 59 406
0 30 0
0 30 0
72.9981125728437 162 1691
27.8272958915367 96 618
14.4406442735135 73 441
21.5246558318506 113 709
4.60767631159914 45 49
42.8294359608961 113 1109
24.7527474354137 82 527
0.630936469164689 41 55
0 30 0
31.7005803336182 87 784
15.7284466142396 59 406
20.3673486215288 82 659
25.3436169098235 85 729
82.5172730554201 177 1736
10.1416193255507 58 378
21.9060116165901 83 676
3.15590026177512 53 253
70.6410936522688 159 1613
10.1416193255507 58 378
32.6197965704638 97 782
3.75504972053911 54 276
57.3945016656351 148 1013
15.7284466142396 59 406
17.7361162017106 72 484
0 30 0
64.3694019767483 140 1460
69.936039142777 165 1584
57.4904667508844 137 1382
0 30 0
0 30 0
53.9444774307253 119 1139
15.7284466142396 59 406
29.6704701322068 99 760
18.501712549449 87 492
10.1416193255507 58 378
0 30 0
15.7284466142396 59 406
15.7284466142396 59 406
34.2602027330629 95 812
40.7259985016869 117 1058
15.7284466142396 59 406
0 30 0
0 30 0
0 30 0
15.7284466142396 59 406
0.720478441204099 42 66
58.0945901785713 130 1118
0 30 0
17.5125855366157 70 461
7.34794060155384 57 351
31.7005803336182 87 784
23.7205666588843 85 731
0 30 0
3.75504972053911 54 276
15.7284466142396 59 406
0 30 0
0 30 0
2.48073475793829 51 106
15.7284466142396 59 406
0 30 0
0 30 0
47.9148106802211 114 1135
0 30 0
15.7284466142396 59 406
0 30 0
15.7284466142396 59 406
0 30 0
36.0047326544517 106 955
0 30 0
10.1416193255507 58 378
14.41656631826 75 247
37.0685832280423 118 998
18.529304810965 77 559
33.6187315870543 104 812
10.1416193255507 58 378
34.1026267785579 115 545
15.7284466142396 59 406
26.3649695288271 86 757
33.8331022500437 126 903
0.549668593924254 40 45
0 30 0
30.0770965876086 111 787
0 30 0
16.5384631540105 83 487
37.8962136473527 110 1037
36.8154774425686 119 1052
10.8917356055782 78 556
1.35582472978602 47 136
31.7005803336182 87 784
25.3436169098235 85 729
18.9697113742888 97 721
2.68972701387252 52 231
2.68972701387252 52 231
0 30 0
19.1826741157518 71 167
31.7005803336182 87 784
4.55368203155006 55 300
0 30 0
42.8294359608961 113 1109
0 30 0
34.6830058181357 111 887
45.4487946359518 124 1060
75.4239099814116 165 1512
0.930382520054143 44 91
14.7682301433023 91 474
41.8080833418925 112 1082
51.7637352451268 132 1268
26.3125314153053 101 669
24.4216343456938 91 712
8.42479203248269 70 213
0 30 0
2.5950337038144 53 211
2.34000348248686 45 51
15.7284466142396 59 406
57.6730821112803 154 1454
0 30 0
31.282399424527 92 333
86.1051066768312 194 1642
37.3119688824079 106 921
18.1209821247869 60 80
32.4606059133681 106 577
0 30 0
1.54084742235508 48 153
57.5962330124844 143 914
21.1062764527587 83 682
0 30 0
0 30 0
0 30 0
16.9613088947449 71 371
57.4904667508844 137 1382
2.68972701387252 52 231
0 30 0
7.34794060155384 57 351
0 30 0
31.9013357491131 95 773
43.7029513011779 132 1267
0 30 0
0 30 0
64.3694019767483 140 1460
0 30 0
7.82891672232865 50 47
0 30 0
3.75504972053911 54 276
3.75504972053911 54 276
22.8236858174284 98 751
22.1472604216032 84 706
26.3649695288271 86 757
15.7284466142396 59 406
10.1416193255507 58 378
1.75651286553608 49 171
25.3436169098235 85 729
20.3673486215288 82 659
3.98758054417687 43 36
0 30 0
33.8513801511054 108 812
29.7565846240543 120 1013
52.4254144440693 154 1302
0 30 0
16.7562782293785 93 687
13.5290464517408 71 400
0 30 0
20.8201146775437 70 431
31.7005803336182 87 784
16.8738042055824 82 651
0 30 0
23.6548504690084 99 583
31.7005803336182 87 784
15.7284466142396 59 406
15.7284466142396 59 406
7.24550151048249 61 136
66.5429916364181 167 1549
48.4702010635993 121 858
0 30 0
74.0515595863675 175 1460
1.05466231113745 45 105
0 30 0
21.9060116165901 83 676
58.0255558958329 162 1432
33.8387178950674 105 901
0 30 0
47.8543912417786 150 1247
0 30 0
15.7284466142396 59 406
40.7867307228888 111 1054
24.3377043155362 94 731
12.4999122252352 85 582
0 30 0
44.0632895009215 139 1197
15.7284466142396 59 406
11.1357012399411 54 65
38.5880997496453 128 966
15.7284466142396 59 406
0 30 0
31.7005803336182 87 784
38.5186149928517 110 1031
0 30 0
4.19729098486298 50 91
15.7284466142396 59 406
49.0798799886517 136 1084
19.1362905445874 83 335
8.6423470990918 68 406
0 30 0
0 30 0
0 30 0
5.67150678349521 56 325
7.34794060155384 57 351
2.01119726974963 50 190
33.1521925116665 119 955
40.2908757523039 109 895
0.475506825987931 39 36
17.810449956346 82 427
10.1416193255507 58 378
62.1046464424892 173 1498
54.2970132628613 135 1345
35.845979442685 110 1029
38.2027258849877 128 1048
45.7917073004224 132 1023
75.5486364951556 175 1285
15.7284466142396 59 406
33.0556504101395 120 978
0 30 0
28.3392299497679 109 538
31.7005803336182 87 784
0 30 0
7.34794060155384 57 351
5.67150678349521 56 325
15.7284466142396 59 406
13.5290464517408 71 400
0 30 0
0 30 0
0 30 0
0 30 0
0.0879808522045535 32 1
0 30 0
22.7587012187437 83 410
0 30 0
117.1298982947 232 2262
0 30 0
0 30 0
102.237086297642 204 2019
1.19530004561129 46 120
0 30 0
0 30 0
70.8468723897841 174 1555
0 30 0
35.8732434285418 121 825
45.3970894180369 129 1190
0 30 0
0 30 0
31.7005803336182 87 784
17.57283125761 83 678
0 30 0
12.3010980554611 76 340
0 30 0
3.74853691930647 48 73
0 30 0
0 30 0
0 30 0
18.3283042895634 76 542
38.5186149928517 110 1031
4.55368203155006 55 300
5.67150678349521 56 325
15.7284466142396 59 406
15.7284466142396 59 406
9.42259593597503 77 367
0 30 0
0 30 0
0 30 0
38.1215191244596 123 1072
3.66732223847634 45 37
2.0023295540334 52 159
0 30 0
2.36353460977802 54 148
34.0122391609682 127 857
29.9309923011995 103 893
0 30 0
15.7284466142396 59 406
0 30 0
0 30 0
34.6265087521699 98 839
0 30 0
8.84195295859677 73 358
11.7908278108433 80 365
15.7284466142396 59 406
16.5792743707897 61 407
0.549668593924254 40 45
0 30 0
1.54084742235508 48 153
26.3649695288271 86 757
11.8973800123537 67 324
17.57283125761 83 678
35.845979442685 110 1029
81.0624540429111 165 1760
0 30 0
0 30 0
0.286616887219424 36 15
0 30 0
0 30 0
0 30 0
46.7961699621353 132 1270
9.5082337388505 70 381
3.15590026177512 53 253
0 30 0
18.529304810965 77 559
0 30 0
51.0053646884148 120 1064
31.7005803336182 87 784
0 30 0
18.529304810965 77 559
35.845979442685 110 1029
23.7205666588843 85 731
74.8396973992902 180 1674
4.55368203155006 55 300
10.9039483756143 77 531
0 30 0
15.7284466142396 59 406
0 30 0
20.3673486215288 82 659
0 30 0
47.9148106802211 114 1135
20.2942380922487 80 512
53.8198619847226 137 1385
21.7682042727512 102 849
19.8156898858334 81 637
33.8598473404461 122 977
15.7284466142396 59 406
13.2864558004227 81 427
3.15590026177512 53 253
2.31662461359435 51 210
47.9148106802211 114 1135
7.34794060155384 57 351
15.7284466142396 59 406
45.3513412509539 114 884
0 30 0
0 30 0
121.002239493494 236 2101
22.5303269248393 87 688
0 30 0
0 30 0
0 30 0
5.67150678349521 56 325
0 30 0
59.5331719888917 139 1435
37.8962136473527 110 1037
19.9247855792977 85 547
10.1416193255507 58 378
34.6566868261995 106 437
5.43422108754974 61 227
15.7284466142396 59 406
42.3723502127523 129 950
65.10903099772 150 1388
0 30 0
0 30 0
28.8248283524138 96 802
20.3673486215288 82 659
33.0620990083937 122 847
15.7284466142396 59 406
12.1023616286255 73 483
5.67150678349521 56 325
40.5210483305062 125 1091
0 30 0
8.72479034871091 75 496
0 30 0
64.9008827811846 158 1601
24.9589320265438 100 812
30.8831644635924 106 947
7.23741608807943 52 84
17.2183219749462 93 697
10.1416193255507 58 378
34.7387433427653 106 935
0 30 0
54.2831994695276 140 1250
32.3531389993301 115 715
56.4691141318808 136 1354
21.1062764527587 83 682
15.7284466142396 59 406
2.68972701387252 52 231
7.34794060155384 57 351
34.6069344853787 122 1025
20.4415732470223 78 227
26.3649695288271 86 757
62.4964015868439 154 1491
0 30 0
0 30 0
10.1416193255507 58 378
3.14514761231434 56 237
63.548319591067 152 1191
20.2942380922487 80 512
0 30 0
82.27172300055 182 1422
10.6139790069928 74 305
0 30 0
10.9039483756143 77 531
10.1416193255507 58 378
18.3283042895634 76 542
24.3940135480121 108 766
1.0810678239729 42 39
26.3649695288271 86 757
0 30 0
26.3783030684972 91 439
0 30 0
48.7057856981925 137 1132
22.1472604216032 84 706
27.9756104383855 96 694
1.57141629910056 49 123
0 30 0
0 30 0
0 30 0
0 30 0
31.9214061780428 107 952
37.4775054468188 118 949
0 30 0
10.1416193255507 58 378
60.9878022085207 144 1426
39.7016178539133 124 1072
42.8294359608961 113 1109
0 30 0
0 30 0
106.973240436537 207 2169
3.75504972053911 54 276
0 30 0
12.0622112566863 76 507
26.0769390064164 86 575
45.1872688548658 132 1256
16.7063697778897 62 409
23.7332631694229 97 759
77.3391923994245 178 1564
31.7005803336182 87 784
10.1416193255507 58 378
10.1416193255507 58 378
31.7005803336182 87 784
21.9060116165901 83 676
37.5570703609417 127 985
0 30 0
0 30 0
0 30 0
17.215744761845 67 434
0 30 0
0 30 0
16.2205518287727 85 549
0 30 0
7.34794060155384 57 351
15.7284466142396 59 406
31.7005803336182 87 784
34.2885653132982 102 491
21.9060116165901 83 676
40.7867307228888 111 1054
14.7675859661384 80 601
0 30 0
63.1954286388715 155 1517
15.7284466142396 59 406
25.3436169098235 85 729
7.34794060155384 57 351
7.43264517839175 62 332
31.5812730381778 102 829
44.3551367995355 121 1099
0 30 0
45.5298205173397 133 1036
49.3226561821574 134 1319
20.1529120718603 84 703
47.6176764551744 129 938
4.55368203155006 55 300
39.9199242492862 102 833
15.7284466142396 59 406
35.845979442685 110 1029
52.0753856106132 134 1076
11.6954528107183 70 444
69.558525952318 166 1221
0 30 0
25.3436169098235 85 729
0 30 0
36.7040599505575 108 976
3.15590026177512 53 253
0 30 0
6.19290825021059 61 189
21.9060116165901 83 676
0 30 0
0 30 0
0 30 0
0 30 0
0 30 0
0 30 0
52.3467205896437 148 1351
2.31662461359435 51 210
0 30 0
19.8156898858334 81 637
0 30 0
0 30 0
7.73960062114439 72 445
0 30 0
23.7205666588843 85 731
5.11526522576029 54 133
0 30 0
16.0333828827413 82 654
0 30 0
17.8615331901024 73 497
0 30 0
15.7284466142396 59 406
1.19530004561129 46 120
0 30 0
7.34794060155384 57 351
31.7005803336182 87 784
14.2637947236937 77 254
23.7205666588843 85 731
50.7897844057054 131 1235
9.03800162338311 71 442
2.68972701387252 52 231
47.9148106802211 114 1135
15.7284466142396 59 406
3.4290348187726 55 128
0 30 0
7.34794060155384 57 351
0 30 0
29.6690545578242 96 730
26.3649695288271 86 757
0 30 0
0 30 0
15.7284466142396 59 406
5.29192361354162 68 358
0 30 0
15.7284466142396 59 406
14.7232999273179 70 175
98.7797687772573 199 1651
42.8294359608961 113 1109
26.3649695288271 86 757
0 30 0
0 30 0
15.7284466142396 59 406
12.3422074307013 79 578
32.9969361694769 109 1010
10.1416193255507 58 378
10.1416193255507 58 378
39.218001830282 111 920
0.930382520054143 44 91
80.0593048191583 171 1018
34.8822240538803 100 862
26.3649695288271 86 757
15.7284466142396 59 406
0 30 0
25.3436169098235 85 729
74.5200272370306 170 1458
0 30 0
0 30 0
0 30 0
41.3317644189604 100 810
0 30 0
66.6059357592633 159 1619
3.75504972053911 54 276
6.67960834201091 65 361
21.9060116165901 83 676
10.5833180932395 87 449
0 30 0
0.475506825987931 39 36
31.7005803336182 87 784
0 30 0
27.7491325615556 104 880
0 30 0
0 30 0
0 30 0
32.9747558507852 120 998
0 30 0
0 30 0
24.528171295068 97 739
0 30 0
0 30 0
21.9060116165901 83 676
47.9148106802211 114 1135
44.6804204271172 116 980
5.67150678349521 56 325
29.9309923011995 103 893
0.407476124591344 38 28
0 30 0
34.8246268236813 109 1003
84.6973895300509 167 1623
9.5082337388505 70 381
7.34794060155384 57 351
0 30 0
14.7675859661384 80 601
0 30 0
43.3554867985192 127 1168
27.7542169419319 88 542
2.68972701387252 52 231
6.07443063147858 58 183
58.1734238374948 160 1380
11.2032752977645 65 399
0.930382520054143 44 91
0 30 0
15.7284466142396 59 406
20.3673486215288 82 659
0.13370244216531 33 3
0 30 0
0.819712471254637 43 78
10.1416193255507 58 378
0 30 0
4.55368203155006 55 300
15.7284466142396 59 406
0 30 0
0 30 0
11.2032752977645 65 399
10.1416193255507 58 378
0 30 0
2.01119726974963 50 190
34.8246268236813 109 1003
7.34794060155384 57 351
12.687222565977 69 361
19.9130800524322 92 640
43.3047623920616 128 875
25.2804546284026 112 795
0 30 0
15.7284466142396 59 406
23.3872720209442 96 526
15.7284466142396 59 406
0 30 0
31.7005803336182 87 784
21.6460305870965 88 496
0 30 0
15.4486450422744 75 484
56.5688051568498 159 1148
31.7005803336182 87 784
32.6852230444204 108 820
26.3649695288271 86 757
20.1529120718603 84 703
36.7897849026051 135 1003
0 30 0
7.34794060155384 57 351
18.529304810965 77 559
0 30 0
17.215744761845 67 434
0.930382520054143 44 91
0 30 0
31.8543216583476 93 584
42.8294359608961 113 1109
19.6357534752967 81 625
0 30 0
0 30 0
29.9309923011995 103 893
10.1416193255507 58 378
21.5679916197019 82 529
35.7903181488642 126 866
33.5209119004796 90 787
0 30 0
29.9309923011995 103 893
0 30 0
1.35582472978602 47 136
22.7986486984326 78 467
29.2255600193854 103 649
0 30 0
94.3766551094162 196 1925
47.9148106802211 114 1135
0 30 0
0 30 0
65.8031861044563 158 1585
10.1416193255507 58 378
16.5948363054052 77 529
19.2495905619827 83 522
15.7284466142396 59 406
31.7005803336182 87 784
36.3502248413739 108 982
17.34781971599 83 512
0 30 0
0.630936469164689 41 55
26.3649695288271 86 757
31.7005803336182 87 784
16.5792743707897 61 407
15.7284466142396 59 406
0 30 0
47.9148106802211 114 1135
1.15653618274301 40 24
18.1179841284731 82 539
0 30 0
52.597173040335 135 1027
0 30 0
15.7284466142396 59 406
0 30 0
0 30 0
26.3649695288271 86 757
21.5363596905968 85 566
15.7284466142396 59 406
0 30 0
25.3436169098235 85 729
0 30 0
0 30 0
0 30 0
9.62566401071128 74 487
0 30 0
31.7005803336182 87 784
19.3877255022772 80 616
98.1993172836372 187 1466
68.8152985456151 162 1426
87.189576874933 190 1731
16.5948363054052 77 529
0 30 0
59.5092866597007 140 1292
2.68972701387252 52 231
7.72370913718356 66 207
26.3649695288271 86 757
58.565590395046 128 780
10.1416193255507 58 378
2.68972701387252 52 231
0 30 0
32.0505624655717 108 988
0 30 0
5.67150678349521 56 325
15.7284466142396 59 406
17.57283125761 83 678
23.9477942943735 80 290
0 30 0
10.1416193255507 58 378
0 30 0
29.8659049716508 107 573
0 30 0
0.286616887219424 36 15
0 30 0
0 30 0
15.7284466142396 59 406
10.1416193255507 58 378
10.1416193255507 58 378
3.0091601426758 52 114
0 30 0
0 30 0
0 30 0
0 30 0
0 30 0
0 30 0
15.7284466142396 59 406
22.831047212042 88 604
0 30 0
71.7340645863318 174 1461
0 30 0
0 30 0
0 30 0
20.4426586559232 73 449
0 30 0
2.19160310516324 49 87
4.19729098486298 50 91
31.7005803336182 87 784
89.6658989335301 185 1950
0 30 0
15.7284466142396 59 406
0 30 0
0 30 0
2.66211287345104 47 70
0 30 0
5.58848652547929 56 157
23.5965081416803 98 557
31.7005803336182 87 784
3.69993244117251 59 226
0 30 0
0 30 0
0 30 0
0 30 0
29.8172855461977 116 920
4.49590822576719 65 301
18.8580635975398 97 759
1.98088418007214 40 21
25.3436169098235 85 729
0 30 0
28.1019316561722 105 916
0 30 0
0 30 0
2.31662461359435 51 210
18.529304810965 77 559
0 30 0
30.2860331355146 105 913
15.7284466142396 59 406
42.8294359608961 113 1109
24.6697225271786 76 448
46.957492312186 138 1217
31.731139252874 107 959
0 30 0
0 30 0
15.7284466142396 59 406
25.3436169098235 85 729
15.7284466142396 59 406
35.845979442685 110 1029
31.029209846568 107 960
26.3649695288271 86 757
0 30 0
34.9741677067948 114 847
0 30 0
171.963110779517 276 2470
15.7284466142396 59 406
0 30 0
5.67150678349521 56 325
0 30 0
10.8702827055979 58 91
24.9719811248287 90 571
0 30 0
0 30 0
14.7675859661384 80 601
0 30 0
38.5186149928517 110 1031
55.8127982983185 137 1388
17.9488061481712 79 576
0 30 0
0.549668593924254 40 45
0.407476124591344 38 28
0.83011023958941 39 22
0 30 0
36.3613408951813 125 780
45.1630616008621 129 1180
15.7284466142396 59 406
0 30 0
23.1859436981397 83 329
7.34794060155384 57 351
0 30 0
0 30 0
12.4735838989856 79 420
70.6410936522688 159 1613
10.1416193255507 58 378
92.0976238067341 189 1619
0.475506825987931 39 36
0 30 0
39.8936328238309 102 823
1.54084742235508 48 153
0 30 0
0 30 0
0 30 0
19.8156898858334 81 637
15.8155339057787 70 193
0 30 0
0 30 0
0 30 0
42.2131248002198 127 1153
0 30 0
75.5931926463007 179 1373
31.7005803336182 87 784
