"COLLES.MDM.LN" "SACKIN" "COPHENETIC"
34.1930645672268 158 2107
15.4369454930319 135 1776
9.77721087130661 96 1035
0 50 0
15.2475896326853 143 1151
16.9754288113111 98 1128
0 50 0
0 50 0
8.72802702536138 87 220
0.77220820453145 71 210
16.9754288113111 98 1128
0 50 0
9.77721087130661 96 1035
52.2020087908993 147 2304
4.38875915183857 65 49
0 50 0
0 50 0
36.5275161030102 144 2166
0.427473049754606 64 91
33.5943247267739 142 2079
33.8385923645649 144 2163
25.9729056663555 99 1176
0 50 0
5.75670453157829 96 510
0 50 0
0 50 0
25.9729056663555 99 1176
0 50 0
25.9729056663555 99 1176
4.97782026749524 92 861
16.9754288113111 98 1128
0 50 0
27.9123053097754 170 2353
28.6991486406002 127 1554
89.1931576048673 327 4840
30.0129454118101 168 1723
1.9764257029858 83 528
25.9729056663555 99 1176
0 50 0
0 50 0
25.9729056663555 99 1176
0 50 0
90.7793340668092 260 3701
55.5306155374905 182 2857
0 50 0
0 50 0
0 50 0
0 50 0
0 50 0
0 50 0
0 50 0
0 50 0
16.9754288113111 98 1128
33.5943247267739 142 2079
0 50 0
11.3034100802617 106 757
0 50 0
2.1531338102055 84 561
0 50 0
0 50 0
70.0038185898806 249 3374
16.9754288113111 98 1128
0 50 0
5.72781228223944 93 903
0 50 0
7.15792899096525 77 112
0 50 0
0 50 0
28.9149406856283 166 2191
1.42985878311269 79 406
2.83441511293952 87 666
0 50 0
0 50 0
0 50 0
52.2020087908993 147 2304
6.4672857479365 96 350
39.1314100286295 163 2337
12.4765931772739 97 1081
5.72781228223944 93 903
77.4847219775616 231 3193
30.2763982596623 154 2063
0 50 0
3.13128285973612 88 703
25.9729056663555 99 1176
0 50 0
0 50 0
37.3024019458828 143 2116
51.8283656886799 194 2791
0 50 0
0 50 0
0.512271448119125 66 120
52.2020087908993 147 2304
75.8789699840877 228 3922
63.5832978008501 192 2790
0 50 0
32.6862144374612 141 2037
25.9729056663555 99 1176
0 50 0
5.72781228223944 93 903
46.0106199627135 177 2659
1.32281991202835 78 378
16.9754288113111 98 1128
42.9840766754307 180 2762
0 50 0
36.5275161030102 144 2166
1.42985878311269 79 406
0.188045655368815 57 21
71.9108288605747 212 3202
7.07428703164296 98 952
19.0075672522456 123 1428
0 50 0
29.0416581452118 158 1894
0 50 0
0 50 0
136.545577622746 373 5861
0 50 0
0.351002317509689 62 66
0 50 0
6.69201936598739 94 946
0 50 0
25.9729056663555 99 1176
53.2064204550344 178 2697
2.35188405662817 85 595
0 50 0
3.13128285973612 88 703
0 50 0
0 50 0
61.6760927200528 226 3567
2.57708745914392 86 630
18.1602760704305 110 1194
0 50 0
14.7378202559548 129 1523
0 50 0
15.4986540129702 122 1261
0 50 0
0 50 0
16.9754288113111 98 1128
12.4765931772739 97 1081
27.5581230003258 111 1242
0 50 0
16.9754288113111 98 1128
25.9729056663555 99 1176
0 50 0
0 50 0
0 50 0
0 50 0
0 50 0
1.54704447614289 80 435
69.1794439273018 192 3292
25.9729056663555 99 1176
0 50 0
25.9729056663555 99 1176
39.116956988177 145 2211
60.8344248640336 191 3247
52.2020087908993 147 2304
25.9729056663555 99 1176
1.22465676692564 77 351
0 50 0
0 50 0
0 50 0
1.10584551204779 68 88
0 50 0
9.77721087130661 96 1035
15.4842757515689 130 1609
68.7575217665684 217 2930
44.4287659976467 152 2230
0 50 0
9.77721087130661 96 1035
57.1683659769502 239 3530
0 50 0
25.9729056663555 99 1176
12.4765931772739 97 1081
9.77721087130661 96 1035
21.7307417154415 148 1340
47.4386009066094 213 3141
46.0187563813383 167 2287
20.3247325589393 118 602
0 50 0
0.0520703002843276 52 1
0 50 0
0 50 0
13.9737841700799 127 1446
5.97905220833062 108 821
25.9729056663555 99 1176
0 50 0
2.23696832361077 62 31
49.6651624718163 186 2413
2.35188405662817 85 595
33.2237891848476 175 2574
16.9754288113111 98 1128
0.77220820453145 71 210
25.9729056663555 99 1176
78.4396409121045 230 3967
0 50 0
0 50 0
39.116956988177 145 2211
1.13430135669904 76 325
16.9754288113111 98 1128
2.35188405662817 85 595
0 50 0
0 50 0
60.7501682302877 189 3165
72.1483175601483 223 3679
5.72781228223944 93 903
0 50 0
0 50 0
1.67590200888783 81 465
0 50 0
32.9322066502184 177 2053
0 50 0
0 50 0
42.9237858157598 168 1804
0 50 0
0 50 0
0 50 0
3.47757828715686 89 741
47.5931389415027 177 2722
0.159231604010791 56 15
0 50 0
20.0585333618303 131 1656
0 50 0
0 50 0
3.47757828715686 89 741
0 50 0
0 50 0
31.5156604171076 169 1586
67.6531704174415 204 2890
0 50 0
43.4604781145607 146 2257
49.2965681820632 194 1563
52.2020087908993 147 2304
40.2181019964435 169 2353
0.10435813705435 54 6
0 50 0
47.9522839637276 211 2551
0 50 0
0 50 0
42.4391254955571 145 2209
125.970929570671 280 2680
12.4765931772739 97 1081
33.7777854531854 136 1526
71.2770826303349 194 3293
156.345973422678 389 7102
43.4604781145607 146 2257
7.97755243188505 95 990
25.9729056663555 99 1176
3.88678427040653 90 780
0 50 0
0.0779930912630975 53 3
0 50 0
0 50 0
16.9754288113111 98 1128
25.9729056663555 99 1176
66.7335088976015 222 2419
39.4766251791924 168 1714
0 50 0
33.8960813363952 154 2041
0 50 0
76.7447720470598 230 3995
2.23696832361077 62 31
25.9729056663555 99 1176
25.9729056663555 99 1176
68.1580913082981 191 3244
0 50 0
0.217952345711649 58 28
0 50 0
0 50 0
0 50 0
65.8292569705288 215 3352
54.4302805204947 153 2319
16.9005131137723 109 1010
0 50 0
0 50 0
1.22465676692564 77 351
0 50 0
0 50 0
4.37777663630955 91 820
0 50 0
0.217952345711649 58 28
3.47757828715686 89 741
0 50 0
25.9729056663555 99 1176
0 50 0
51.5695780081099 191 2552
17.6098328973897 128 1483
0 50 0
62.38308795307 188 3106
3.88678427040653 90 780
0 50 0
0 50 0
1.32281991202835 78 378
0 50 0
25.7322726424787 140 1981
78.6867261345416 194 3385
78.6867261345416 194 3385
25.9729056663555 99 1176
0 50 0
29.0622046598714 130 1641
0 50 0
0 50 0
9.58694639645009 124 1134
0 50 0
16.9754288113111 98 1128
62.38308795307 188 3106
1.13430135669904 76 325
0 50 0
9.77721087130661 96 1035
19.3346727074741 115 1024
0 50 0
0 50 0
25.9729056663555 99 1176
0 50 0
0 50 0
0.315468234582345 61 55
7.97755243188505 95 990
25.9729056663555 99 1176
25.9729056663555 99 1176
0 50 0
2.35188405662817 85 595
0 50 0
0 50 0
0 50 0
3.47757828715686 89 741
0 50 0
41.9642879526198 173 2497
0 50 0
0 50 0
25.9729056663555 99 1176
83.9990973722713 233 4099
89.242604354055 236 4246
0 50 0
14.2131515688278 133 1701
0 50 0
0 50 0
0 50 0
12.4765931772739 97 1081
0 50 0
9.77721087130661 96 1035
0 50 0
0 50 0
0 50 0
0 50 0
25.9729056663555 99 1176
0 50 0
0 50 0
25.9729056663555 99 1176
0 50 0
0 50 0
0 50 0
0 50 0
0 50 0
25.9729056663555 99 1176
3.88678427040653 90 780
0 50 0
12.4765931772739 97 1081
0 50 0
44.4133079835109 175 1910
12.4765931772739 97 1081
163.228057710209 404 7116
0 50 0
0.315468234582345 61 55
0 50 0
25.9729056663555 99 1176
0 50 0
12.4765931772739 97 1081
28.8573506067549 142 2071
12.4765931772739 97 1081
0 50 0
0 50 0
34.0160091567036 141 2025
7.97755243188505 95 990
78.6867261345416 194 3385
7.97755243188505 95 990
14.5742579263188 135 1077
34.812134798184 143 2122
42.4391254955571 145 2209
7.97755243188505 95 990
32.6855988585207 154 1935
61.1526268576882 215 2970
0 50 0
0 50 0
25.9729056663555 99 1176
1.32281991202835 78 378
25.9729056663555 99 1176
27.0939845686777 162 2041
25.9729056663555 99 1176
0 50 0
10.0995822988031 123 1368
11.7948899833722 126 1410
68.5282403333944 259 3719
57.1938124268917 181 2865
0 50 0
0 50 0
16.9754288113111 98 1128
0 50 0
0 50 0
0 50 0
16.9754288113111 98 1128
16.9754288113111 98 1128
1.22465676692564 77 351
0 50 0
0 50 0
52.2020087908993 147 2304
7.62659504951891 129 1137
0 50 0
0 50 0
30.936723654565 110 1201
25.9729056663555 99 1176
25.9729056663555 99 1176
0.558280771088362 67 136
0 50 0
19.9031742566516 101 409
0 50 0
0 50 0
42.4391254955571 145 2209
0 50 0
21.8941393396991 166 2267
0 50 0
0.217952345711649 58 28
12.4765931772739 97 1081
0 50 0
25.9729056663555 99 1176
4.19035459268872 61 17
53.2367229196449 188 3112
0 50 0
0 50 0
0 50 0
0 50 0
4.97782026749524 92 861
0 50 0
0 50 0
25.9729056663555 99 1176
0 50 0
28.3191695939022 135 1764
0 50 0
4.96986580374172 67 64
0 50 0
43.6319075110033 175 2544
0.249075004088916 59 36
9.77721087130661 96 1035
3.47757828715686 89 741
1.42985878311269 79 406
28.9299486830733 129 1611
24.7852615423299 164 2118
1.60142074896626 82 304
0 50 0
0 50 0
29.93302289488 140 1405
56.0079810316531 189 3157
43.6132432455453 143 1479
4.80443135509902 103 688
5.54795544893227 69 81
25.9729056663555 99 1176
0 50 0
0 50 0
31.6546644935965 139 1936
9.96615036080652 126 1415
31.6546644935965 139 1936
0 50 0
0 50 0
25.9729056663555 99 1176
29.8218124106503 137 1849
30.0728595819263 142 1367
18.1072073458306 109 1183
25.9729056663555 99 1176
0 50 0
1.54704447614289 80 435
5.09784290142636 71 70
0 50 0
0 50 0
49.3073019481834 210 3247
28.3191695939022 135 1764
3.88678427040653 90 780
0 50 0
7.97755243188505 95 990
0 50 0
0 50 0
25.9729056663555 99 1176
25.9729056663555 99 1176
0 50 0
33.5065764007466 165 1510
0 50 0
3.47757828715686 89 741
0 50 0
0 50 0
10.7212101579501 87 324
29.3712904738299 132 1704
4.97782026749524 92 861
0 50 0
0 50 0
0 50 0
52.2243207606827 176 2620
41.3345315238357 187 2471
25.9729056663555 99 1176
0 50 0
117.007398189075 331 5624
12.2321899153106 131 1620
0 50 0
0 50 0
0 50 0
33.8385923645649 144 2163
0 50 0
25.9729056663555 99 1176
0 50 0
43.4604781145607 146 2257
64.1976429953642 190 3201
3.13128285973612 88 703
25.9729056663555 99 1176
10.5088588952328 105 1071
34.812134798184 143 2122
0 50 0
0 50 0
0 50 0
0 50 0
0 50 0
0 50 0
71.6682789416427 210 2971
0 50 0
0 50 0
25.9729056663555 99 1176
0.658692324576031 69 171
27.0365733012175 133 1681
16.9754288113111 98 1128
42.4391254955571 145 2209
126.53447562036 322 5296
9.77721087130661 96 1035
43.4604781145607 146 2257
0 50 0
70.2007965463054 193 3339
0 50 0
0 50 0
0 50 0
87.486231223804 267 4633
52.2020087908993 147 2304
2.07874255993188 65 51
0 50 0
43.4604781145607 146 2257
0 50 0
72.5518814603491 231 3928
24.0408441736692 127 1370
0 50 0
0 50 0
0 50 0
3.36552773202676 91 706
0 50 0
0 50 0
0 50 0
0 50 0
31.9836545299812 140 1996
1.42985878311269 79 406
8.41159185822102 131 1216
0 50 0
16.9754288113111 98 1128
0 50 0
34.0456296083765 120 1276
16.8242759491169 132 1182
25.9729056663555 99 1176
25.9729056663555 99 1176
0 50 0
18.6574140305461 113 961
5.72781228223944 93 903
47.2416736846509 191 2844
71.1391139646498 222 3617
29.6194963374877 123 1333
25.9729056663555 99 1176
21.6010907043729 139 1938
16.9754288113111 98 1128
0.607000499715637 68 153
0 50 0
10.6011831509818 122 1264
19.4180195865018 132 1641
16.8460605238662 126 1407
0 50 0
0 50 0
2.66351517050033 86 322
25.9729056663555 99 1176
42.4391254955571 145 2209
0 50 0
73.1172290372799 271 4129
0 50 0
0 50 0
62.38308795307 188 3106
16.4211776048103 121 811
0 50 0
25.9729056663555 99 1176
0.77220820453145 71 210
0 50 0
25.9729056663555 99 1176
25.9729056663555 99 1176
25.9729056663555 99 1176
23.3477500326129 126 1299
0.188045655368815 57 21
72.138365528542 231 4014
0 50 0
0 50 0
0 50 0
0 50 0
0 50 0
28.9299486830733 129 1611
25.9729056663555 99 1176
0 50 0
0.607000499715637 68 153
0 50 0
0 50 0
0 50 0
0 50 0
0 50 0
0 50 0
92.1698539978456 272 4832
4.97782026749524 92 861
47.8428421854516 198 2866
0 50 0
13.2941733325158 125 1371
57.1938124268917 181 2865
2.71154263746917 69 68
33.8385923645649 144 2163
0 50 0
52.2020087908993 147 2304
5.72781228223944 93 903
18.4205329663299 108 534
0 50 0
51.983971712567 174 2196
40.4301150012586 167 2392
0 50 0
0 50 0
7.97755243188505 95 990
0 50 0
0 50 0
34.0160091567036 141 2025
0 50 0
7.97755243188505 95 990
7.97755243188505 95 990
78.6867261345416 194 3385
4.97782026749524 92 861
25.9729056663555 99 1176
0 50 0
0 50 0
34.6219275613724 180 2772
12.4765931772739 97 1081
0 50 0
0 50 0
103.039467877414 261 4414
0 50 0
62.38308795307 188 3106
77.2172206156296 230 3973
0 50 0
48.4625806631168 183 2912
5.63967759241814 77 115
0 50 0
0 50 0
0 50 0
0 50 0
20.532768130664 134 1723
24.0915183775317 140 1989
0 50 0
39.0660295763088 153 1879
16.9754288113111 98 1128
1.05084969958848 75 300
0 50 0
58.1980121395844 156 2320
0 50 0
0 50 0
21.7704385854291 127 1134
46.9538060694201 189 2494
0 50 0
0 50 0
25.9729056663555 99 1176
25.9729056663555 99 1176
0 50 0
25.9729056663555 99 1176
38.0562699298528 166 1937
31.6452971542431 144 1842
32.6862144374612 141 2037
29.4596464726086 163 2102
34.0160091567036 141 2025
73.9664674925331 245 3720
1.32281991202835 78 378
1.82713305434444 60 21
99.891220173103 314 5021
9.77721087130661 96 1035
0 50 0
0 50 0
25.9729056663555 99 1176
0 50 0
16.9754288113111 98 1128
4.97782026749524 92 861
25.9729056663555 99 1176
9.77721087130661 96 1035
52.2020087908993 147 2304
13.2427749791625 114 993
16.084716295288 105 729
9.24614169825616 80 142
0 50 0
0 50 0
35.8866628013352 159 1351
39.116956988177 145 2211
0 50 0
46.3075293631796 203 2524
28.8573506067549 142 2071
25.9729056663555 99 1176
60.6242311399666 214 3347
0 50 0
0 50 0
0 50 0
0 50 0
0 50 0
0 50 0
25.9729056663555 99 1176
0.468738804949978 65 105
0 50 0
0 50 0
0 50 0
0 50 0
45.2124448427621 162 2345
0 50 0
16.9754288113111 98 1128
4.37777663630955 91 820
25.9729056663555 99 1176
0 50 0
2.00577276679436 57 9
0 50 0
52.5945451024408 237 3443
12.4765931772739 97 1081
9.77721087130661 96 1035
66.0121980376584 192 3294
9.77721087130661 96 1035
0 50 0
16.9754288113111 98 1128
9.77721087130661 96 1035
0 50 0
47.9520947271837 179 2785
5.72781228223944 93 903
0 50 0
0 50 0
14.9184744796118 147 1592
0 50 0
25.9729056663555 99 1176
16.9754288113111 98 1128
0 50 0
7.97755243188505 95 990
25.9729056663555 99 1176
25.9729056663555 99 1176
25.9729056663555 99 1176
36.5275161030102 144 2166
0 50 0
0 50 0
16.9754288113111 98 1128
0 50 0
12.8195518599147 129 1563
0 50 0
25.9079206560763 131 1600
17.8990985628667 135 1766
0 50 0
16.9754288113111 98 1128
4.87046183601972 100 609
28.9299486830733 129 1611
25.023365892192 113 1159
0 50 0
0 50 0
32.2655643656691 165 1582
16.9754288113111 98 1128
49.230679403765 190 2845
0 50 0
44.1865556995974 175 2080
12.4765931772739 97 1081
0 50 0
38.9832395773798 161 2302
9.25845015497018 126 1431
0 50 0
25.9729056663555 99 1176
0 50 0
34.0252355276076 220 2967
52.2020087908993 147 2304
29.8218124106503 137 1849
0.834742866374229 72 231
25.9729056663555 99 1176
49.5406088891916 188 2326
0 50 0
0 50 0
1.9764257029858 83 528
0 50 0
0 50 0
0 50 0
34.1762428816118 181 2807
49.6336248098469 185 2989
31.3963927057226 161 1318
22.8666610002611 153 1913
5.72781228223944 93 903
16.9754288113111 98 1128
25.5240919031016 164 2200
24.3583685452684 172 2120
57.9534419527599 184 2970
68.3820315403803 251 4082
13.5701356636306 111 1172
0 50 0
17.1330971299017 135 1784
0 50 0
0 50 0
25.9729056663555 99 1176
0 50 0
25.9729056663555 99 1176
1.54704447614289 80 435
12.4765931772739 97 1081
8.2985708535089 117 1095
0 50 0
51.1635706939315 176 2584
0 50 0
0 50 0
0 50 0
0 50 0
12.4765931772739 97 1081
5.72781228223944 93 903
7.94853567819645 114 1136
17.0591129628327 136 1810
0 50 0
7.97755243188505 95 990
19.9932421208848 125 919
0 50 0
9.77721087130661 96 1035
42.4391254955571 145 2209
0 50 0
0.901685789078605 73 253
25.9729056663555 99 1176
72.6564932979022 193 2636
35.2940953453863 180 2784
29.7451302516356 115 1236
1.05084969958848 75 300
28.8573506067549 142 2071
46.7000494945279 180 2754
0 50 0
0 50 0
0 50 0
0 50 0
7.97755243188505 95 990
0 50 0
0 50 0
39.1037805854476 215 3029
0 50 0
1.42985878311269 79 406
69.1794439273018 192 3292
78.1972312848782 232 4064
0 50 0
0 50 0
0 50 0
42.4391254955571 145 2209
0 50 0
23.5351938590625 138 1893
16.9754288113111 98 1128
0 50 0
0 50 0
25.9729056663555 99 1176
25.9729056663555 99 1176
26.3923738989516 142 1369
1.41065765067168 58 13
0 50 0
0 50 0
0 50 0
0 50 0
34.0160091567036 141 2025
9.77721087130661 96 1035
12.4765931772739 97 1081
49.2528001274925 160 2300
18.920560666109 122 1404
11.2429213624657 101 381
7.73597010684393 111 1082
25.9729056663555 99 1176
28.3324159053855 123 1452
1.22465676692564 77 351
0 50 0
0 50 0
0 50 0
0 50 0
83.6497101536733 258 4297
17.6246250076183 101 1131
0 50 0
0 50 0
0 50 0
0 50 0
0 50 0
1.54704447614289 80 435
39.116956988177 145 2211
24.5254085282301 120 584
0 50 0
0 50 0
0 50 0
0 50 0
0 50 0
58.509262916833 185 2971
37.3024019458828 143 2116
2.1531338102055 84 561
33.1805247705755 149 2001
31.4242964208878 139 1956
9.77721087130661 96 1035
46.1636331156903 204 2354
34.4014248142133 140 1578
11.0299509281462 115 694
39.116956988177 145 2211
25.9729056663555 99 1176
0 50 0
0 50 0
0 50 0
36.5275161030102 144 2166
70.7343620577476 226 3811
0 50 0
25.9729056663555 99 1176
96.6234638883656 247 4117
25.9729056663555 99 1176
0 50 0
0 50 0
0 50 0
16.2205787271769 150 1643
0 50 0
0 50 0
25.9729056663555 99 1176
0 50 0
106.419502711274 275 4965
0 50 0
0 50 0
0 50 0
35.4614518637784 172 2444
18.8341182929581 145 1858
0 50 0
25.9729056663555 99 1176
2.52221245955034 87 596
0 50 0
0 50 0
0 50 0
12.8124804556239 132 1649
25.9729056663555 99 1176
66.0121980376584 192 3294
63.8027771003305 213 1940
25.9729056663555 99 1176
14.4373511757852 74 53
4.37777663630955 91 820
0 50 0
33.2138715772366 151 1652
25.9729056663555 99 1176
0 50 0
36.5300640034841 178 1725
54.9332007427056 158 2359
48.9635029089332 207 2303
0 50 0
6.69201936598739 94 946
0 50 0
7.97755243188505 95 990
0 50 0
0 50 0
12.4765931772739 97 1081
28.5779155815219 105 1183
10.1247152166528 134 1283
0 50 0
0 50 0
5.59911561089164 71 67
0 50 0
2.35188405662817 85 595
0 50 0
70.3238104862478 229 3927
2.66838303713314 77 175
33.8385923645649 144 2163
28.6991486406002 127 1554
0 50 0
12.6114798508424 95 334
16.9754288113111 98 1128
21.6010907043729 139 1938
44.4633043100346 173 2509
37.3024019458828 143 2116
0 50 0
16.9754288113111 98 1128
25.9729056663555 99 1176
59.4400630816485 258 3148
10.1400506324692 98 1036
0 50 0
4.97782026749524 92 861
25.9729056663555 99 1176
0 50 0
2.1531338102055 84 561
0 50 0
52.2020087908993 147 2304
0 50 0
2.57708745914392 86 630
37.7028032021231 175 2556
3.47757828715686 89 741
0 50 0
39.0425389679507 171 2440
13.7692184256504 132 1665
25.9729056663555 99 1176
0 50 0
0 50 0
68.6956340694884 244 3784
0.973531409028659 74 276
15.7429246275134 123 861
12.8124804556239 132 1649
0 50 0
0 50 0
4.97782026749524 92 861
0 50 0
0 50 0
6.69201936598739 94 946
4.37777663630955 91 820
0 50 0
0 50 0
24.3040524123424 134 1405
0 50 0
0 50 0
0 50 0
4.38875915183857 65 49
0 50 0
0 50 0
0 50 0
0 50 0
19.4180195865018 132 1641
0 50 0
27.8147722376171 143 1666
88.0596901115036 264 4504
50.6549774288506 186 3037
12.4765931772739 97 1081
0 50 0
0 50 0
42.4391254955571 145 2209
25.9729056663555 99 1176
0 50 0
10.0879364187439 120 1194
0 50 0
20.532768130664 134 1723
11.8188834592632 129 1527
12.4765931772739 97 1081
25.9729056663555 99 1176
25.9729056663555 99 1176
36.5275161030102 144 2166
0 50 0
25.9729056663555 99 1176
0.427473049754606 64 91
0 50 0
0 50 0
0 50 0
12.4765931772739 97 1081
0 50 0
0 50 0
0 50 0
0.315468234582345 61 55
16.9754288113111 98 1128
5.72781228223944 93 903
0 50 0
0 50 0
25.9729056663555 99 1176
0 50 0
66.1378330431321 237 3588
0 50 0
0 50 0
0.131382429960562 55 10
1.9764257029858 83 528
8.69327267449581 121 1297
43.4604781145607 146 2257
25.9729056663555 99 1176
62.6059180820908 198 2935
79.7701934402926 224 3700
0 50 0
0 50 0
5.72781228223944 93 903
49.5707502632496 202 1824
18.2135683588747 111 1206
0 50 0
53.0258941109388 215 2810
0 50 0
44.854003529713 156 1960
20.7488073547109 119 1156
0 50 0
98.2645400268046 271 4793
52.2020087908993 147 2304
0 50 0
5.72781228223944 93 903
0 50 0
0 50 0
25.9729056663555 99 1176
0 50 0
0 50 0
103.909707998084 274 4939
54.2580755386486 189 3160
0 50 0
25.9729056663555 99 1176
35.645522351273 155 2157
5.72781228223944 93 903
34.0160091567036 141 2025
46.1469113761796 160 2076
25.9729056663555 99 1176
3.47757828715686 89 741
12.4765931772739 97 1081
29.8218124106503 137 1849
0 50 0
39.116956988177 145 2211
0 50 0
25.9729056663555 99 1176
57.7094716350634 209 3220
0 50 0
34.0160091567036 141 2025
72.7953764366965 228 3924
78.6867261345416 194 3385
0 50 0
0 50 0
39.116956988177 145 2211
0 50 0
15.4727040860802 89 235
25.9729056663555 99 1176
0.0520703002843276 52 1
0 50 0
25.9729056663555 99 1176
25.9729056663555 99 1176
3.68939172313356 103 766
13.0485689999997 89 215
25.9729056663555 99 1176
0 50 0
0 50 0
0 50 0
9.29641107985796 126 1422
0 50 0
15.5220995024169 134 1726
0 50 0
25.7933786555756 160 1510
3.88678427040653 90 780
31.3987512403915 164 2302
62.38308795307 188 3106
12.4765931772739 97 1081
13.8241748636993 118 746
0.834742866374229 72 231
12.4765931772739 97 1081
31.4242964208878 139 1956
16.9754288113111 98 1128
17.6246250076183 101 1131
0 50 0
27.7064024071534 156 2101
67.0883127509324 245 3766
0 50 0
16.9754288113111 98 1128
0 50 0
0 50 0
0 50 0
16.9754288113111 98 1128
0 50 0
10.7486302774534 116 1096
28.8573506067549 142 2071
0 50 0
2.83441511293952 87 666
27.1676293753006 105 1191
3.63421051477668 101 655
25.9729056663555 99 1176
25.9729056663555 99 1176
25.9729056663555 99 1176
25.9729056663555 99 1176
0 50 0
43.4604781145607 146 2257
16.9754288113111 98 1128
0 50 0
0.901685789078605 73 253
0 50 0
0 50 0
50.6549774288506 186 3037
3.13128285973612 88 703
25.9729056663555 99 1176
0 50 0
0 50 0
52.2020087908993 147 2304
0 50 0
0 50 0
59.81307224503 190 3199
3.13128285973612 88 703
0 50 0
33.5943247267739 142 2079
9.77721087130661 96 1035
25.9729056663555 99 1176
36.5473975514017 159 2028
0 50 0
25.9729056663555 99 1176
0 50 0
5.72781228223944 93 903
13.4161819812008 108 1136
0.607000499715637 68 153
15.5220995024169 134 1726
0.159231604010791 56 15
9.77721087130661 96 1035
0 50 0
12.4765931772739 97 1081
0 50 0
12.4765931772739 97 1081
0 50 0
59.2470246653653 199 2797
1.22465676692564 77 351
24.891141010197 129 1521
123.423301261844 283 5321
0 50 0
0 50 0
0 50 0
6.7793505305074 117 1161
8.46803357587462 118 967
28.3191695939022 135 1764
29.3712904738299 132 1704
50.4807716757392 184 2928
56.3043446255223 216 3089
4.97782026749524 92 861
12.5875237695225 128 1531
0 50 0
0 50 0
3.13128285973612 88 703
4.97782026749524 92 861
0 50 0
0 50 0
37.7386201760338 200 2884
25.9729056663555 99 1176
0 50 0
34.0160091567036 141 2025
0 50 0
25.9729056663555 99 1176
17.9959359351469 111 900
43.4604781145607 146 2257
7.97755243188505 95 990
29.8218124106503 137 1849
40.4316943069172 183 2888
0 50 0
6.26492398528628 82 164
0 50 0
44.266067723919 180 2778
0 50 0
25.9729056663555 99 1176
0 50 0
16.9754288113111 98 1128
0 50 0
0 50 0
4.97782026749524 92 861
61.3888443878036 236 3608
0 50 0
29.9975724988367 135 1806
0 50 0
0 50 0
0 50 0
25.2997231891196 141 2031
23.4154101726262 124 1285
0 50 0
67.9189030121902 224 3728
0 50 0
25.9729056663555 99 1176
25.9729056663555 99 1176
0 50 0
0 50 0
0 50 0
80.5108023226825 257 4240
0 50 0
25.9729056663555 99 1176
0 50 0
3.47757828715686 89 741
0 50 0
0 50 0
25.9729056663555 99 1176
105.261151880595 300 5150
25.9729056663555 99 1176
16.9754288113111 98 1128
25.9079206560763 131 1600
0 50 0
0 50 0
16.9128486149155 135 1158
7.97755243188505 95 990
0 50 0
16.9754288113111 98 1128
52.2020087908993 147 2304
0 50 0
10.4608844947479 104 1063
16.9754288113111 98 1128
3.47757828715686 89 741
2.83441511293952 87 666
7.89299042771799 115 1030
0 50 0
0 50 0
0 50 0
0.388284854804828 63 78
0 50 0
0 50 0
25.9729056663555 99 1176
16.9754288113111 98 1128
40.8551420144908 154 2187
16.9754288113111 98 1128
78.7619664790805 230 3965
31.6546644935965 139 1936
25.9729056663555 99 1176
0 50 0
0 50 0
23.9581820791599 127 1444
52.1179113989443 172 2030
0 50 0
25.9729056663555 99 1176
25.9729056663555 99 1176
0 50 0
74.6101152911319 241 3769
54.37376280795 226 3117
0 50 0
9.77721087130661 96 1035
7.50452543483001 97 371
0 50 0
2.83441511293952 87 666
0 50 0
16.9754288113111 98 1128
9.70763946816077 117 1181
0 50 0
0 50 0
0 50 0
17.1330971299017 135 1784
33.5111220796796 127 1359
0 50 0
0 50 0
50.5878039425404 188 3109
49.2790869696352 183 2899
16.9754288113111 98 1128
51.4093535008427 178 1880
25.9729056663555 99 1176
0 50 0
25.9079206560763 131 1600
38.1553508666688 149 1585
0.973531409028659 74 276
2.83441511293952 87 666
0 50 0
16.9754288113111 98 1128
22.2715671293716 123 1296
0 50 0
21.4757425360062 136 1831
0.607000499715637 68 153
0 50 0
0.901685789078605 73 253
1.8182771790558 82 496
25.9729056663555 99 1176
0 50 0
4.37777663630955 91 820
2.57708745914392 86 630
25.9729056663555 99 1176
144.92155096487 394 5839
2.83441511293952 87 666
126.951448882838 343 6072
0 50 0
0 50 0
7.69416949548995 111 636
41.1307213589449 184 2932
25.9729056663555 99 1176
0 50 0
37.657227962713 181 2801
16.9754288113111 98 1128
23.5943835767072 170 2371
5.72781228223944 93 903
0 50 0
4.37777663630955 91 820
0 50 0
95.9406554975077 281 3952
0 50 0
0 50 0
0 50 0
0 50 0
0 50 0
0 50 0
25.9729056663555 99 1176
25.9729056663555 99 1176
52.2020087908993 147 2304
0 50 0
0 50 0
73.8289351633881 250 4088
25.9729056663555 99 1176
19.4935781996772 148 1204
5.72781228223944 93 903
135.264017062682 331 5812
0 50 0
25.9729056663555 99 1176
1.51116893430764 71 112
41.9582268582963 158 1891
37.8313795114233 163 2074
40.4325032650741 175 2412
9.77721087130661 96 1035
32.1368242459775 151 1907
0 50 0
55.5857852291782 182 2839
0 50 0
89.2077342180864 281 4378
0 50 0
74.4373425127166 226 3477
0 50 0
20.532768130664 134 1723
0 50 0
0 50 0
0 50 0
0 50 0
25.9729056663555 99 1176
12.4765931772739 97 1081
0 50 0
39.7341389194616 151 1053
0.901685789078605 73 253
0 50 0
0 50 0
0 50 0
12.4765931772739 97 1081
0 50 0
0 50 0
17.6246250076183 101 1131
0 50 0
0.713650644104707 70 190
25.9729056663555 99 1176
0 50 0
0 50 0
0 50 0
13.3358097636201 130 1564
25.9729056663555 99 1176
0 50 0
0 50 0
0 50 0
0 50 0
111.376872672101 313 4281
17.6098328973897 128 1483
0 50 0
24.891141010197 129 1521
3.47757828715686 89 741
0 50 0
0 50 0
0 50 0
25.9729056663555 99 1176
76.2660220147898 229 3958
1.44915503955018 61 27
10.659547286475 88 226
4.07769294727436 97 541
39.6754645528431 176 2626
25.9729056663555 99 1176
7.97755243188505 95 990
3.31766998794027 90 704
93.9025355180959 266 3969
0 50 0
0 50 0
0 50 0
0 50 0
0 50 0
49.3478511539196 173 2461
59.8137026335642 224 3734
25.9729056663555 99 1176
9.77721087130661 96 1035
0.973531409028659 74 276
25.9729056663555 99 1176
12.4765931772739 97 1081
4.37777663630955 91 820
11.592615336456 119 1158
0 50 0
12.4765931772739 97 1081
0 50 0
0 50 0
62.38308795307 188 3106
25.9729056663555 99 1176
14.8559875707795 101 625
28.8573506067549 142 2071
9.98706683625011 142 1455
0 50 0
16.9754288113111 98 1128
16.9754288113111 98 1128
11.6993864986863 111 1047
0 50 0
0 50 0
16.9754288113111 98 1128
0 50 0
0 50 0
0 50 0
0 50 0
2.57708745914392 86 630
63.532276809446 191 3250
0 50 0
18.3759728318272 137 1861
17.6098328973897 128 1483
4.37777663630955 91 820
0 50 0
34.0160091567036 141 2025
0 50 0
0 50 0
25.9729056663555 99 1176
0 50 0
0.713650644104707 70 190
37.7028032021231 175 2556
0.131382429960562 55 10
37.3024019458828 143 2116
0 50 0
0 50 0
102.185634159005 340 5288
62.38308795307 188 3106
35.654528174633 127 1283
12.9612459644736 108 538
64.7777816689882 232 3094
31.6546644935965 139 1936
52.2020087908993 147 2304
0 50 0
0 50 0
39.393794515811 152 1684
40.3392405358891 166 2369
26.9980695590816 142 2074
3.88678427040653 90 780
1.13430135669904 76 325
0 50 0
0 50 0
0 50 0
21.1136829613099 158 1781
40.9624925029285 171 2382
2.83441511293952 87 666
0 50 0
56.3166263451497 190 2763
0 50 0
2.57708745914392 86 630
0 50 0
0 50 0
33.5943247267739 142 2079
52.2020087908993 147 2304
5.72781228223944 93 903
51.3111930709455 207 3095
0 50 0
0 50 0
25.9729056663555 99 1176
109.448333851533 299 5075
0 50 0
18.920560666109 122 1404
0.901685789078605 73 253
4.60356358839204 89 273
29.2084340242303 131 1672
28.8095169788056 128 1582
12.4765931772739 97 1081
0 50 0
0.0779930912630975 53 3
0 50 0
0 50 0
0 50 0
0 50 0
4.37777663630955 91 820
0 50 0
0 50 0
7.97755243188505 95 990
0 50 0
16.9754288113111 98 1128
21.0971182864398 135 1794
9.77721087130661 96 1035
82.6039556931259 263 4483
0 50 0
52.2020087908993 147 2304
19.8751296809858 130 1624
0 50 0
0 50 0
0 50 0
5.9293103804806 68 52
36.5691987017922 201 2865
0 50 0
0.701289753722364 58 16
0 50 0
0 50 0
37.3024019458828 143 2116
0 50 0
25.9729056663555 99 1176
7.97755243188505 95 990
0 50 0
0 50 0
0 50 0
6.69201936598739 94 946
4.37777663630955 91 820
60.7501682302877 189 3165
0 50 0
1.8182771790558 82 496
39.116956988177 145 2211
0 50 0
25.9729056663555 99 1176
0 50 0
25.9729056663555 99 1176
54.3047700340201 219 3157
0 50 0
25.9729056663555 99 1176
25.9729056663555 99 1176
0 50 0
0 50 0
0 50 0
25.9729056663555 99 1176
2.83441511293952 87 666
0 50 0
52.2020087908993 147 2304
0 50 0
10.0435044071199 104 488
26.7902572138832 145 1166
30.8759639408044 157 2176
30.1639788531767 176 2604
29.5563776587825 143 2118
0 50 0
0 50 0
0 50 0
0 50 0
0.901685789078605 73 253
25.9729056663555 99 1176
6.29136604769031 110 879
0 50 0
37.3024019458828 143 2116
7.71996772071074 129 1198
0 50 0
0 50 0
16.9754288113111 98 1128
0 50 0
51.2192630858729 204 2970
9.08399731751956 111 761
0 50 0
0 50 0
12.4765931772739 97 1081
0 50 0
0 50 0
0 50 0
0 50 0
34.0160091567036 141 2025
78.6867261345416 194 3385
0 50 0
9.77721087130661 96 1035
25.9079206560763 131 1600
25.9729056663555 99 1176
16.9754288113111 98 1128
3.88678427040653 90 780
24.6482758913445 141 2027
25.9729056663555 99 1176
18.0539687028256 108 1173
84.1846677892151 256 3603
25.9729056663555 99 1176
0 50 0
0 50 0
33.2378709896987 157 2013
0 50 0
0 50 0
0 50 0
0 50 0
11.5088323238804 91 264
0 50 0
2.83441511293952 87 666
42.4391254955571 145 2209
0 50 0
48.8086296023768 184 1744
0 50 0
16.9754288113111 98 1128
51.4210817146888 214 3379
0 50 0
0 50 0
0 50 0
16.9754288113111 98 1128
25.9729056663555 99 1176
25.9729056663555 99 1176
0 50 0
36.9283975006759 176 2587
1.8182771790558 82 496
16.9754288113111 98 1128
27.5581230003258 111 1242
0 50 0
60.5978830015996 219 3555
29.5540924021748 133 1737
33.5943247267739 142 2079
0 50 0
0 50 0
0 50 0
0 50 0
34.812134798184 143 2122
0 50 0
0.468738804949978 65 105
0 50 0
0 50 0
31.6546644935965 139 1936
4.37777663630955 91 820
17.8990985628667 135 1766
12.4765931772739 97 1081
0 50 0
0 50 0
0 50 0
16.9754288113111 98 1128
0 50 0
42.4391254955571 145 2209
33.8385923645649 144 2163
0 50 0
0 50 0
25.9729056663555 99 1176
42.4439595451176 176 2622
12.4765931772739 97 1081
25.9729056663555 99 1176
67.1295360930992 228 3882
12.4765931772739 97 1081
3.47757828715686 89 741
0.217952345711649 58 28
0 50 0
3.68798602668554 103 718
0.188045655368815 57 21
16.9754288113111 98 1128
12.4765931772739 97 1081
29.2366644020965 174 2550
36.5275161030102 144 2166
0 50 0
0 50 0
41.6948267645152 199 2727
0 50 0
0 50 0
85.7677878840202 231 4015
18.0539687028256 108 1173
83.0388127826594 255 3801
0 50 0
5.51591489807555 87 326
25.9729056663555 99 1176
0 50 0
25.9729056663555 99 1176
2.63006064398163 87 446
25.9729056663555 99 1176
1.67590200888783 81 465
12.4765931772739 97 1081
0 50 0
13.1140064087901 134 1426
25.9729056663555 99 1176
0 50 0
39.116956988177 145 2211
16.9754288113111 98 1128
12.4765931772739 97 1081
0 50 0
0.973531409028659 74 276
0 50 0
52.2020087908993 147 2304
9.77721087130661 96 1035
14.8547779050976 101 535
42.8381518155267 184 2935
29.5563776587825 143 2118
16.9754288113111 98 1128
5.72781228223944 93 903
0 50 0
33.8385923645649 144 2163
24.891141010197 129 1521
16.9754288113111 98 1128
0.388284854804828 63 78
0 50 0
0 50 0
0 50 0
32.6862144374612 141 2037
49.5454733415009 187 3072
25.9729056663555 99 1176
33.9840062058785 169 1710
105.426442854862 240 4420
68.1099930511015 215 3413
19.3346727074741 115 1024
0 50 0
50.2746647110046 196 2107
78.6867261345416 194 3385
25.5953347786191 140 1312
0 50 0
1.54704447614289 80 435
31.9836545299812 140 1996
27.6757546651763 113 1267
25.9729056663555 99 1176
9.94950710753239 89 241
0 50 0
12.4765931772739 97 1081
0 50 0
6.53268611720647 118 1147
1.05084969958848 75 300
0 50 0
10.6549639258679 108 1101
1.32281991202835 78 378
0 50 0
9.77721087130661 96 1035
0 50 0
1.11909951718276 74 181
38.9157011614347 180 1454
0 50 0
33.7819497845023 179 2722
0 50 0
0 50 0
7.97755243188505 95 990
25.9729056663555 99 1176
25.9729056663555 99 1176
0 50 0
25.9729056663555 99 1176
20.920311298933 135 1423
33.8385923645649 144 2163
33.5943247267739 142 2079
20.0306023485002 117 1089
85.7677878840202 231 4015
66.0860112316616 235 3517
0 50 0
0 50 0
27.0887552242633 104 1186
58.7227962198459 186 3045
25.9729056663555 99 1176
16.9754288113111 98 1128
0 50 0
20.0755328995728 148 1569
0 50 0
43.536695820441 181 2819
61.9007258383531 190 3207
45.3565208269479 164 2380
13.2941733325158 125 1371
0 50 0
25.9729056663555 99 1176
53.2793633680017 198 3095
25.9729056663555 99 1176
0 50 0
0 50 0
2.57708745914392 86 630
0 50 0
0.388284854804828 63 78
14.539109869169 124 1432
3.88678427040653 90 780
0 50 0
52.2020087908993 147 2304
0 50 0
0 50 0
16.9754288113111 98 1128
9.77721087130661 96 1035
0 50 0
54.6596159455948 182 1876
10.4017707535138 102 651
0 50 0
0 50 0
66.0121980376584 192 3294
0 50 0
25.9729056663555 99 1176
41.9582268582963 158 1891
42.4391254955571 145 2209
5.72781228223944 93 903
0 50 0
0.901685789078605 73 253
0 50 0
0 50 0
0 50 0
0 50 0
0 50 0
18.0658664676218 113 637
26.9980695590816 142 2074
34.0160091567036 141 2025
61.4729702072417 202 3105
86.0851340494676 232 4068
52.2020087908993 147 2304
53.2051435980405 179 2710
45.239411153827 155 1811
0 50 0
0 50 0
0 50 0
0 50 0
52.2020087908993 147 2304
32.6862144374612 141 2037
10.3197943549 120 1074
1.49650844031269 64 46
52.9922786220457 187 3069
0 50 0
31.595392425108 177 1884
0 50 0
0 50 0
31.9211239155957 169 1922
1.67590200888783 81 465
0 50 0
17.3846904266257 153 1438
160.404983807544 356 4012
25.9729056663555 99 1176
0 50 0
0 50 0
64.1976429953642 190 3201
44.649042653788 220 3093
0 50 0
0 50 0
0 50 0
0 50 0
51.1635706939315 176 2584
18.4577739312785 130 1561
3.66557342929914 100 625
43.6121868027226 189 1960
33.6516512799571 167 2230
0 50 0
0 50 0
0 50 0
0 50 0
0 50 0
16.9754288113111 98 1128
0 50 0
0 50 0
1.9764257029858 83 528
37.3024019458828 143 2116
25.9729056663555 99 1176
12.4699399938295 93 441
7.97755243188505 95 990
0 50 0
7.97755243188505 95 990
69.7604785862186 224 3722
0 50 0
0 50 0
0 50 0
0 50 0
0 50 0
0 50 0
25.9729056663555 99 1176
54.7297829026344 204 2906
16.9754288113111 98 1128
0 50 0
0 50 0
22.284421087837 149 1825
0 50 0
0 50 0
0 50 0
0.0779930912630975 53 3
0 50 0
0 50 0
42.9852192724546 150 1801
0 50 0
77.7406138600768 229 3920
0 50 0
42.4391254955571 145 2209
0 50 0
11.2437236631275 124 985
0 50 0
3.88678427040653 90 780
0 50 0
0 50 0
19.12887131862 138 1896
4.60988003010828 109 913
21.8683252007837 136 1807
52.2020087908993 147 2304
2.35188405662817 85 595
53.8147441892801 170 1674
13.2147488933974 104 1102
17.5188930505974 124 890
37.3024019458828 143 2116
0 50 0
0 50 0
30.2459195332214 127 1374
0 50 0
0 50 0
0 50 0
3.60155107592281 96 731
28.5030048938531 125 1501
0 50 0
2.83441511293952 87 666
57.3869519391701 210 3145
5.72781228223944 93 903
12.4765931772739 97 1081
25.9729056663555 99 1176
9.77721087130661 96 1035
28.8573506067549 142 2071
49.6403092787303 143 1359
0 50 0
0 50 0
0 50 0
2.35188405662817 85 595
5.72781228223944 93 903
38.6635399333425 165 2217
13.1620564369972 103 1096
17.1933519779037 160 1992
0 50 0
19.134907488857 119 886
0 50 0
25.9729056663555 99 1176
10.3612346889618 129 1457
0 50 0
0 50 0
0 50 0
0 50 0
0 50 0
1.69215779517794 73 133
25.9729056663555 99 1176
11.3119260593675 130 1576
2.61450920241824 59 16
7.51788190498045 99 578
9.77721087130661 96 1035
16.9754288113111 98 1128
0 50 0
56.3001752639023 208 2990
0 50 0
0 50 0
25.9729056663555 99 1176
0 50 0
17.6098328973897 128 1483
25.9729056663555 99 1176
0 50 0
11.195765477451 117 1245
0 50 0
25.9729056663555 99 1176
75.8962368029072 212 3328
0 50 0
0 50 0
104.740658907088 302 4910
0 50 0
0 50 0
27.2406723572165 106 1197
43.8113547917463 191 2135
0 50 0
0 50 0
0.217952345711649 58 28
7.97755243188505 95 990
0 50 0
0 50 0
28.8573506067549 142 2071
1.43975539869094 72 126
0 50 0
16.9754288113111 98 1128
0 50 0
25.9729056663555 99 1176
16.9754288113111 98 1128
0 50 0
0 50 0
25.9729056663555 99 1176
25.9729056663555 99 1176
29.5540924021748 133 1737
0 50 0
29.5563776587825 143 2118
0 50 0
25.9729056663555 99 1176
2.83441511293952 87 666
0 50 0
25.9729056663555 99 1176
0.388284854804828 63 78
58.843688211391 177 2152
0 50 0
3.23822587607531 100 681
25.9729056663555 99 1176
25.9729056663555 99 1176
70.2007965463054 193 3339
16.9754288113111 98 1128
23.5941524718692 172 2084
14.318004292185 132 1644
0 50 0
0 50 0
3.88678427040653 90 780
11.0744221144524 133 1137
58.509262916833 185 2971
25.9729056663555 99 1176
6.29136604769031 110 879
7.97755243188505 95 990
25.9729056663555 99 1176
0 50 0
0 50 0
0 50 0
16.9754288113111 98 1128
25.9729056663555 99 1176
0 50 0
44.4058961800067 197 2902
0 50 0
28.2545638092526 122 1429
2.83441511293952 87 666
108.105654419267 292 5039
16.9754288113111 98 1128
0.281537572497789 60 45
20.8466555402261 143 1486
0 50 0
42.7746238339309 183 2439
0 50 0
0 50 0
0 50 0
3.9478347478451 105 771
0 50 0
0 50 0
57.0778129848797 208 3126
4.37777663630955 91 820
16.9754288113111 98 1128
8.02977370990964 115 1156
18.2135683588747 111 1206
105.812455312465 307 5447
0 50 0
0 50 0
0 50 0
29.8218124106503 137 1849
9.77721087130661 96 1035
16.9754288113111 98 1128
0 50 0
0 50 0
0 50 0
0 50 0
25.9729056663555 99 1176
1.42985878311269 79 406
8.49914374700505 101 1005
112.374740829831 341 5575
47.7309182992067 185 2977
81.6474066389221 245 3224
16.9754288113111 98 1128
0 50 0
69.1794439273018 192 3292
48.7143620726081 182 2887
25.9729056663555 99 1176
0 50 0
25.9729056663555 99 1176
26.9980695590816 142 2074
0.77220820453145 71 210
58.509262916833 185 2971
2.35188405662817 85 595
25.9729056663555 99 1176
0.558280771088362 67 136
3.88678427040653 90 780
0 50 0
43.4604781145607 146 2257
0 50 0
33.8385923645649 144 2163
0 50 0
0 50 0
9.96294333823403 100 601
26.9980695590816 142 2074
0 50 0
0 50 0
19.0075672522456 123 1428
0 50 0
0 50 0
54.2955365057984 200 2752
0 50 0
25.7322726424787 140 1981
0 50 0
0 50 0
25.9729056663555 99 1176
207.07330835893 452 8101
25.9729056663555 99 1176
52.2020087908993 147 2304
52.2020087908993 147 2304
59.0681096601272 209 2158
6.69201936598739 94 946
24.1072443678953 171 2429
16.9754288113111 98 1128
0 50 0
4.05401588836447 99 786
0 50 0
9.77721087130661 96 1035
46.4211588681579 175 2644
2.4317938368747 81 237
0.131382429960562 55 10
0 50 0
0 50 0
0 50 0
5.72781228223944 93 903
0 50 0
25.9729056663555 99 1176
0 50 0
3.88678427040653 90 780
65.8916997420327 214 2496
46.8131310517911 162 2137
2.2853126287142 91 490
43.4169346095949 163 1833
0 50 0
0.0520703002843276 52 1
1.8182771790558 82 496
0 50 0
86.3472815145118 256 4196
0 50 0
0 50 0
0 50 0
0 50 0
61.2743283631071 206 3019
29.5563776587825 143 2118
0 50 0
16.9754288113111 98 1128
16.9754288113111 98 1128
43.4604781145607 146 2257
7.53072090188916 84 185
0 50 0
83.6866913731473 269 4721
36.2229304107964 156 1802
0.427473049754606 64 91
8.21256369791289 117 1199
11.592615336456 119 1158
0 50 0
0 50 0
0.217952345711649 58 28
0 50 0
7.97755243188505 95 990
4.97782026749524 92 861
39.4618716159589 154 1421
25.9729056663555 99 1176
60.9890504677105 205 2602
28.4378461295793 183 2569
0 50 0
14.6311709046011 102 1085
63.7795226856908 210 3125
0.388284854804828 63 78
43.4604781145607 146 2257
3.47757828715686 89 741
1.9764257029858 83 528
7.97755243188505 95 990
0 50 0
29.294949292897 175 1537
16.9754288113111 98 1128
108.772443783218 313 5673
0 50 0
0 50 0
58.509262916833 185 2971
7.44393081529926 88 343
0 50 0
0 50 0
0 50 0
9.77721087130661 96 1035
0 50 0
0.973531409028659 74 276
0 50 0
0 50 0
0 50 0
5.130434562243 102 659
25.9729056663555 99 1176
0 50 0
0 50 0
15.46664106838 103 676
20.5361284959328 148 1946
0 50 0
96.1812389724246 256 3144
0 50 0
12.4765931772739 97 1081
33.5943247267739 142 2079
0 50 0
33.7411844255407 188 2374
0 50 0
0 50 0
0 50 0
0 50 0
0 50 0
1.9764257029858 83 528
0 50 0
0 50 0
20.7488073547109 119 1156
78.6867261345416 194 3385
0 50 0
0 50 0
1.8182771790558 82 496
0 50 0
0 50 0
0 50 0
59.0092695405126 224 3730
0 50 0
52.2020087908993 147 2304
0.351002317509689 62 66
8.39516788903263 116 896
16.9754288113111 98 1128
25.9729056663555 99 1176
0 50 0
0 50 0
25.9729056663555 99 1176
0 50 0
0 50 0
0 50 0
33.8385923645649 144 2163
0 50 0
16.9754288113111 98 1128
25.9729056663555 99 1176
9.29641107985796 126 1422
52.2020087908993 147 2304
1.21052742239202 77 259
68.9198070154534 224 3716
0 50 0
64.1976429953642 190 3201
25.9729056663555 99 1176
4.97782026749524 92 861
0 50 0
29.0622046598714 130 1641
25.9729056663555 99 1176
36.2195826611644 196 2758
0 50 0
0 50 0
0 50 0
2.1531338102055 84 561
52.2020087908993 147 2304
0 50 0
0 50 0
25.9729056663555 99 1176
0 50 0
48.4558106898523 154 810
16.9754288113111 98 1128
27.0365733012175 133 1681
2.57708745914392 86 630
5.72781228223944 93 903
25.9729056663555 99 1176
16.9754288113111 98 1128
6.69201936598739 94 946
35.4796603052912 182 2707
30.5901068777712 137 1879
33.2882521659847 153 1719
30.1639788531767 176 2604
107.667651989625 308 5485
1.9764257029858 83 528
0 50 0
16.9754288113111 98 1128
0.427473049754606 64 91
0 50 0
61.6693517266427 208 2378
0.658692324576031 69 171
0 50 0
0 50 0
0 50 0
12.4765931772739 97 1081
31.5370942661577 183 2327
17.7589722627657 131 1357
30.1125255257282 180 2245
0 50 0
0 50 0
4.55908412243952 93 447
25.9729056663555 99 1176
32.6862144374612 141 2037
113.994929935038 282 5191
0 50 0
1.05084969958848 75 300
0 50 0
45.8960510997919 165 1870
16.7026850620821 140 1453
0 50 0
0 50 0
1.05084969958848 75 300
0 50 0
0 50 0
25.9729056663555 99 1176
12.3654048293033 135 1579
16.9754288113111 98 1128
25.9729056663555 99 1176
10.1432879851972 85 289
12.4765931772739 97 1081
19.4842980766995 137 1851
20.0058954620797 156 1976
28.3191695939022 135 1764
0 50 0
25.9729056663555 99 1176
137.344825027683 326 4655
26.986697592516 122 637
0 50 0
16.9754288113111 98 1128
4.97782026749524 92 861
0 50 0
0 50 0
25.9729056663555 99 1176
0 50 0
0 50 0
0 50 0
38.2325892987342 173 2521
1.35714683950229 79 328
0 50 0
0 50 0
12.4765931772739 97 1081
1.9764257029858 83 528
0 50 0
32.3983971731127 128 1374
25.9729056663555 99 1176
0 50 0
42.4391254955571 145 2209
0 50 0
0 50 0
61.6339238530454 195 3016
42.4391254955571 145 2209
0 50 0
25.9729056663555 99 1176
25.9729056663555 99 1176
0 50 0
0 50 0
80.7355115089387 250 3284
0 50 0
0 50 0
29.5563776587825 143 2118
29.5563776587825 143 2118
0.901685789078605 73 253
0 50 0
0 50 0
0 50 0
43.2981266529727 161 1999
12.4765931772739 97 1081
12.8195518599147 129 1563
0 50 0
25.9729056663555 99 1176
12.4765931772739 97 1081
25.9079206560763 131 1600
64.1976429953642 190 3201
57.3957662203514 221 3586
24.891141010197 129 1521
0 50 0
5.8214119321467 115 1080
0 50 0
25.9729056663555 99 1176
24.4986006272784 160 2122
3.47757828715686 89 741
25.9729056663555 99 1176
0 50 0
53.5724059290599 181 2260
57.9352522995192 254 4132
12.4765931772739 97 1081
0 50 0
4.97782026749524 92 861
33.5943247267739 142 2079
0 50 0
78.6867261345416 194 3385
14.8559875707795 101 625
36.5275161030102 144 2166
0 50 0
21.7494085817755 160 1974
0 50 0
33.8385923645649 144 2163
33.5943247267739 142 2079
26.9980695590816 142 2074
0 50 0
16.9754288113111 98 1128
0 50 0
0 50 0
0 50 0
16.9754288113111 98 1128
25.9729056663555 99 1176
0 50 0
14.072328611538 119 1312
53.4408539339711 199 2915
0 50 0
21.8683252007837 136 1807
39.661273264358 157 2207
72.356812302905 227 3847
25.9729056663555 99 1176
29.5563776587825 143 2118
0 50 0
25.9729056663555 99 1176
25.9729056663555 99 1176
16.9754288113111 98 1128
0 50 0
0 50 0
25.9729056663555 99 1176
6.1238823658632 71 100
9.77721087130661 96 1035
0 50 0
38.9772508896654 179 2713
25.9729056663555 99 1176
31.6986393470506 145 1370
0 50 0
1.9764257029858 83 528
0 50 0
0 50 0
0 50 0
72.5338468041761 286 3756
5.07430775531441 97 535
3.13128285973612 88 703
45.6681148913298 168 2462
0 50 0
0 50 0
0 50 0
0 50 0
0 50 0
0 50 0
0 50 0
0 50 0
52.0125091977618 192 2446
25.9729056663555 99 1176
9.86822877091035 74 85
0 50 0
0 50 0
0 50 0
0 50 0
16.9754288113111 98 1128
1.13430135669904 76 325
16.9754288113111 98 1128
0 50 0
3.13128285973612 88 703
0 50 0
0 50 0
0 50 0
0 50 0
12.4765931772739 97 1081
0 50 0
5.72781228223944 93 903
0 50 0
38.8623600453716 168 2224
25.9729056663555 99 1176
39.116956988177 145 2211
0 50 0
0 50 0
0 50 0
0 50 0
10.5295138193296 85 257
0 50 0
17.4419387360789 114 731
0 50 0
0 50 0
0.713650644104707 70 190
78.6867261345416 194 3385
43.7903015420339 171 2437
12.4765931772739 97 1081
0 50 0
0 50 0
81.9969317752458 259 4283
41.9838451219321 172 2422
9.44193758679361 125 1411
21.0971182864398 135 1794
0 50 0
29.9975724988367 135 1806
23.0896178132755 125 1369
0 50 0
25.9729056663555 99 1176
0 50 0
0 50 0
0 50 0
12.4765931772739 97 1081
5.72781228223944 93 903
28.8165998996053 125 901
12.4765931772739 97 1081
30.8517438654626 158 1999
0 50 0
52.2020087908993 147 2304
0 50 0
12.4765931772739 97 1081
0 50 0
58.2590930578357 214 3367
0 50 0
67.5961503251824 218 3469
0 50 0
12.4765931772739 97 1081
25.9079206560763 131 1600
0 50 0
0 50 0
39.393794515811 152 1684
51.3365457297404 182 2117
25.9729056663555 99 1176
0 50 0
13.0594496995258 95 484
0 50 0
20.9963624574479 142 1395
0 50 0
25.9729056663555 99 1176
0 50 0
0 50 0
0 50 0
0 50 0
24.6482758913445 141 2027
12.4765931772739 97 1081
25.9729056663555 99 1176
3.13128285973612 88 703
60.8344248640336 191 3247
48.9806606355338 184 2950
4.37777663630955 91 820
0 50 0
42.4391254955571 145 2209
7.3801678802925 116 1002
87.7179878396927 232 4052
0 50 0
28.2056861665372 147 1543
0 50 0
13.9403510923663 133 1687
0 50 0
0 50 0
31.9836545299812 140 1996
17.6400115989575 148 1689
0 50 0
71.5178114264577 245 3442
0 50 0
86.0851340494676 232 4068
19.1338901064906 153 1778
145.837145703079 353 6353
11.6633077780517 130 1569
25.2997231891196 141 2031
0 50 0
13.7681633957468 116 1057
29.7326975668845 130 1583
28.1807556623543 121 1407
16.9754288113111 98 1128
27.0365733012175 133 1681
12.4765931772739 97 1081
0 50 0
57.1938124268917 181 2865
69.1794439273018 192 3292
16.9754288113111 98 1128
16.9754288113111 98 1128
9.77721087130661 96 1035
5.72781228223944 93 903
7.55473174922528 84 182
25.9079206560763 131 1600
81.6039490485152 296 4577
6.69201936598739 94 946
12.1863161587818 134 1363
0 50 0
25.9729056663555 99 1176
23.594790849406 135 901
0 50 0
0 50 0
0 50 0
15.1220874454554 137 1654
0 50 0
0 50 0
25.9729056663555 99 1176
42.9580969681825 178 2065
0 50 0
33.5943247267739 142 2079
0 50 0
20.7488073547109 119 1156
12.4765931772739 97 1081
0 50 0
2.83441511293952 87 666
0 50 0
0 50 0
0 50 0
0 50 0
4.97782026749524 92 861
0 50 0
28.4197055250446 157 1466
16.9754288113111 98 1128
0 50 0
0.315468234582345 61 55
0 50 0
1.13430135669904 76 325
0 50 0
10.3126898794664 101 1045
176.614801451625 392 7281
0 50 0
7.9783430725626 121 1237
0 50 0
6.69201936598739 94 946
0 50 0
25.9729056663555 99 1176
47.9989523545622 181 2817
26.8295287615367 151 1806
52.2020087908993 147 2304
0 50 0
6.1655036596423 91 402
0 50 0
6.98104043638217 104 706
0 50 0
9.77721087130661 96 1035
0 50 0
0 50 0
0 50 0
0 50 0
75.2075079599306 210 3265
19.2024243773052 125 1479
32.6862144374612 141 2037
0 50 0
25.9729056663555 99 1176
0 50 0
0 50 0
0 50 0
0 50 0
25.9729056663555 99 1176
12.4765931772739 97 1081
38.3825015069037 191 2217
68.1580913082981 191 3244
0 50 0
105.426442854862 240 4420
14.7893878631217 126 1487
0 50 0
0 50 0
0 50 0
56.2684564896223 203 1572
6.63326292698973 84 273
0 50 0
0 50 0
0.0779930912630975 53 3
22.0242494887219 145 1130
81.5978741403784 233 4104
0 50 0
4.37777663630955 91 820
0 50 0
2.83441511293952 87 666
16.9754288113111 98 1128
16.9754288113111 98 1128
0 50 0
0 50 0
0 50 0
0 50 0
9.9262231989954 127 1456
46.5217344910018 187 3066
25.9729056663555 99 1176
12.4765931772739 97 1081
25.9729056663555 99 1176
0 50 0
48.4206018787441 181 2852
0 50 0
9.77721087130661 96 1035
0 50 0
7.97755243188505 95 990
0 50 0
2.89488308038249 79 202
16.9754288113111 98 1128
0 50 0
43.4604781145607 146 2257
12.4765931772739 97 1081
73.0185835263946 244 3818
0 50 0
0 50 0
57.9376832751953 222 3675
0 50 0
0 50 0
0 50 0
0 50 0
15.2997171065816 104 1090
12.4765931772739 97 1081
16.733803328944 131 1066
0 50 0
25.9729056663555 99 1176
1.38203255337986 55 4
0 50 0
12.4765931772739 97 1081
0 50 0
0 50 0
0 50 0
0 50 0
42.4391254955571 145 2209
42.0462289648365 179 2740
21.1960475221418 127 960
2.83441511293952 87 666
0 50 0
3.47757828715686 89 741
0 50 0
0 50 0
3.15650687607162 96 675
0 50 0
2.83441511293952 87 666
0 50 0
57.9534419527599 184 2970
52.2020087908993 147 2304
25.9729056663555 99 1176
0 50 0
0 50 0
12.4765931772739 97 1081
0 50 0
86.4731890785395 232 3553
0.640002895375301 65 79
13.77114136658 121 1147
4.97782026749524 92 861
43.4604781145607 146 2257
0 50 0
0 50 0
0 50 0
16.9754288113111 98 1128
25.9729056663555 99 1176
12.4765931772739 97 1081
0 50 0
28.6991486406002 127 1554
0.281537572497789 60 45
16.9754288113111 98 1128
0 50 0
0 50 0
0 50 0
52.2020087908993 147 2304
29.8739840997145 171 2179
26.3306440184153 152 1300
0 50 0
0 50 0
3.80354897420684 63 36
0 50 0
0 50 0
0 50 0
14.8559875707795 101 625
0 50 0
9.77721087130661 96 1035
49.6146006277945 190 2435
0 50 0
16.9754288113111 98 1128
33.5943247267739 142 2079
13.0594496995258 95 484
25.9729056663555 99 1176
12.7662504678316 132 1656
65.2697841392935 195 3127
0.512271448119125 66 120
0 50 0
13.3996924666233 131 1630
74.1304360086356 248 3908
17.9959359351469 111 900
114.282958298869 306 4994
30.2495103888411 133 680
1.9378476634347 70 89
25.9729056663555 99 1176
0 50 0
66.9828304889013 215 3325
0 50 0
0 50 0
0 50 0
0 50 0
0 50 0
25.9729056663555 99 1176
0 50 0
12.5089026521646 128 1486
28.5779155815219 105 1183
16.9754288113111 98 1128
71.9113769471616 229 3953
12.4765931772739 97 1081
52.2020087908993 147 2304
0 50 0
0 50 0
78.6867261345416 194 3385
95.1530411545694 237 4282
0 50 0
0 50 0
17.6098328973897 128 1483
0.973531409028659 74 276
80.7500801809398 234 4153
0 50 0
14.330240622584 122 1381
25.9729056663555 99 1176
0 50 0
0 50 0
0 50 0
0 50 0
9.77721087130661 96 1035
1.13430135669904 76 325
2.01059978915439 87 380
0 50 0
28.3586615204404 172 2485
25.9729056663555 99 1176
0 50 0
0 50 0
6.69201936598739 94 946
26.7804555118743 149 1591
28.6991486406002 127 1554
52.2020087908993 147 2304
0 50 0
52.2020087908993 147 2304
28.1104057558646 120 1386
18.4361108589695 115 1264
0 50 0
0 50 0
19.4180195865018 132 1641
31.6546644935965 139 1936
0 50 0
0.658692324576031 69 171
25.9729056663555 99 1176
35.5795827714825 203 2877
0.607000499715637 68 153
118.240102212986 312 5159
52.2020087908993 147 2304
0 50 0
0 50 0
25.9729056663555 99 1176
88.4133079802423 275 4448
0 50 0
56.1220413347464 202 2903
33.6463114253763 180 2764
52.2020087908993 147 2304
14.3337089482291 114 1175
0 50 0
0 50 0
0 50 0
48.9213630465506 176 2084
0 50 0
2.83441511293952 87 666
43.4604781145607 146 2257
0 50 0
59.242013611447 187 3084
52.2020087908993 147 2304
28.6615486926995 172 2469
6.69201936598739 94 946
25.9729056663555 99 1176
0 50 0
0.820944940491157 62 39
0.281537572497789 60 45
76.0611135992944 229 3938
5.46626214054799 109 973
10.2188775530874 89 238
3.13128285973612 88 703
4.37777663630955 91 820
16.9754288113111 98 1128
0 50 0
16.7113518378981 107 784
0 50 0
66.7110371488172 205 2978
0 50 0
10.8785149658365 121 851
58.509262916833 185 2971
65.6777388092756 250 4025
0 50 0
6.74968380816188 110 1039
7.93025938976579 122 1276
16.9754288113111 98 1128
0 50 0
1.9764257029858 83 528
0 50 0
3.13128285973612 88 703
0 50 0
5.97905220833062 108 821
33.9912518188646 150 1807
25.9729056663555 99 1176
7.97755243188505 95 990
0 50 0
0 50 0
0 50 0
0 50 0
0 50 0
3.13128285973612 88 703
22.4891064903434 138 1908
25.9729056663555 99 1176
0 50 0
0 50 0
5.72781228223944 93 903
0 50 0
45.633476824783 155 2293
0 50 0
25.9729056663555 99 1176
25.9729056663555 99 1176
4.97782026749524 92 861
13.6531805585128 97 529
7.97755243188505 95 990
33.9528027295401 180 2777
0 50 0
0 50 0
0 50 0
0 50 0
4.63683254260466 74 133
0 50 0
16.9754288113111 98 1128
2.1531338102055 84 561
12.4765931772739 97 1081
12.4699399938295 93 441
0 50 0
29.8218124106503 137 1849
0 50 0
0 50 0
33.5240936686151 176 1972
25.9209241664977 123 541
22.4891064903434 138 1908
0 50 0
0 50 0
0 50 0
0 50 0
0 50 0
0 50 0
16.9754288113111 98 1128
0 50 0
1.9764257029858 83 528
0 50 0
0 50 0
39.116956988177 145 2211
0 50 0
105.426442854862 240 4420
0 50 0
0 50 0
0 50 0
17.347891278164 109 841
0 50 0
0 50 0
18.1602760704305 110 1194
25.9729056663555 99 1176
16.9754288113111 98 1128
0 50 0
25.9729056663555 99 1176
0 50 0
0 50 0
0 50 0
0 50 0
0 50 0
52.2020087908993 147 2304
0 50 0
26.4869683876811 143 1402
0 50 0
0 50 0
19.4180195865018 132 1641
0 50 0
1.54704447614289 80 435
26.9980695590816 142 2074
1.13430135669904 76 325
40.6537262003985 186 2565
20.4052565735644 160 1978
95.1530411545694 237 4282
0.973531409028659 74 276
0 50 0
17.2017903726103 122 1227
7.97755243188505 95 990
12.4765931772739 97 1081
48.7143620726081 182 2887
14.9346228445709 127 1516
0 50 0
0 50 0
0 50 0
0 50 0
0.607000499715637 68 153
29.5563776587825 143 2118
0 50 0
16.9754288113111 98 1128
14.8559875707795 101 625
0 50 0
2.83441511293952 87 666
0 50 0
0 50 0
6.69201936598739 94 946
54.6770500306956 225 3385
42.4391254955571 145 2209
23.9581820791599 127 1444
25.9729056663555 99 1176
11.6985632110661 137 990
1.9764257029858 83 528
22.2081912054994 134 1141
0 50 0
0 50 0
4.97782026749524 92 861
0 50 0
0 50 0
0 50 0
25.9729056663555 99 1176
1.05084969958848 75 300
0 50 0
18.0622738155521 141 1799
0 50 0
0 50 0
12.4765931772739 97 1081
58.7917196260263 189 3153
25.9729056663555 99 1176
0 50 0
16.9754288113111 98 1128
0 50 0
17.8195571066744 112 514
0 50 0
16.9754288113111 98 1128
0 50 0
0.427473049754606 64 91
31.6546644935965 139 1936
0 50 0
0 50 0
52.2020087908993 147 2304
0 50 0
0 50 0
25.9729056663555 99 1176
23.4056037245886 145 1471
36.5275161030102 144 2166
0 50 0
0 50 0
5.72781228223944 93 903
4.97782026749524 92 861
18.5866895870816 132 1086
0 50 0
25.9729056663555 99 1176
163.535631312689 385 6275
86.0418026102786 235 4193
81.7501683216211 237 3666
0 50 0
0 50 0
25.9079206560763 131 1600
0 50 0
13.3233873661746 93 291
45.2620043881577 140 1355
7.3715653162513 125 1201
42.4391254955571 145 2209
43.4604781145607 146 2257
0 50 0
0 50 0
16.9754288113111 98 1128
3.13128285973612 88 703
0 50 0
19.0143034356622 139 1862
0 50 0
3.13128285973612 88 703
7.97755243188505 95 990
0 50 0
0 50 0
5.72781228223944 93 903
21.4938450943575 121 1225
0 50 0
78.6867261345416 194 3385
0 50 0
69.1794439273018 192 3292
34.2668788455082 145 1112
28.3191695939022 135 1764
25.9729056663555 99 1176
28.8573506067549 142 2071
43.0246813767702 180 2782
34.0160091567036 141 2025
52.2020087908993 147 2304
25.9729056663555 99 1176
25.9729056663555 99 1176
45.8227074389741 186 3021
36.263887312846 162 2316
91.4772792240758 295 4929
0 50 0
0 50 0
12.8195518599147 129 1563
25.9729056663555 99 1176
62.702787020687 209 3127
87.1193162833102 259 4317
28.8573506067549 142 2071
0 50 0
0 50 0
19.3346727074741 115 1024
0 50 0
27.9780377461733 118 1347
12.4765931772739 97 1081
0 50 0
0 50 0
0 50 0
6.2130628340788 104 495
21.4938450943575 121 1225
60.3967708303692 221 3235
0 50 0
0 50 0
19.3346727074741 115 1024
23.0896178132755 125 1369
0 50 0
25.9729056663555 99 1176
3.13128285973612 88 703
12.4765931772739 97 1081
124.865768093108 303 5383
0 50 0
0 50 0
9.77721087130661 96 1035
2.83441511293952 87 666
27.9780377461733 118 1347
0 50 0
25.9729056663555 99 1176
0 50 0
7.48898510247783 119 1168
62.0397808644586 275 3780
0 50 0
0 50 0
11.1250039576247 128 1518
29.5563776587825 143 2118
7.97755243188505 95 990
1.9764257029858 83 528
0 50 0
25.9729056663555 99 1176
0 50 0
16.9754288113111 98 1128
0 50 0
9.70063787159108 126 1442
5.72781228223944 93 903
0 50 0
0 50 0
0 50 0
27.3093083238052 107 1204
0 50 0
25.9729056663555 99 1176
0 50 0
25.9729056663555 99 1176
0 50 0
48.1990795632749 166 2265
34.5606047182624 140 1306
0 50 0
6.69201936598739 94 946
0 50 0
53.1720733703553 186 3017
7.97755243188505 95 990
74.1713673451992 229 3932
0 50 0
3.47757828715686 89 741
55.5857852291782 182 2839
0 50 0
0.607000499715637 68 153
43.4604781145607 146 2257
0 50 0
25.9729056663555 99 1176
30.5026225687783 161 2017
11.3537595759341 147 1548
33.8385923645649 144 2163
0 50 0
26.1083429764227 158 2142
25.9729056663555 99 1176
6.69201936598739 94 946
25.9729056663555 99 1176
69.1794439273018 192 3292
15.614487293408 131 1602
66.0492322075678 181 1978
0 50 0
32.9463467716017 155 1957
52.2020087908993 147 2304
9.77721087130661 96 1035
25.9729056663555 99 1176
0 50 0
25.9729056663555 99 1176
25.9729056663555 99 1176
0 50 0
0 50 0
0 50 0
15.4457793549049 135 1770
82.9276637448801 228 3886
13.7692184256504 132 1665
0 50 0
0 50 0
0 50 0
0.973531409028659 74 276
0 50 0
3.13128285973612 88 703
12.4765931772739 97 1081
7.97755243188505 95 990
22.5607506602541 173 2017
0 50 0
25.9729056663555 99 1176
3.47757828715686 89 741
48.1695018290041 180 2818
2.57708745914392 86 630
31.8955878997321 193 2528
42.4391254955571 145 2209
0 50 0
1.42985878311269 79 406
0 50 0
36.5275161030102 144 2166
12.4765931772739 97 1081
28.8573506067549 142 2071
0 50 0
0 50 0
1.9764257029858 83 528
0 50 0
0 50 0
18.4361108589695 115 1264
50.7325819210499 188 2320
0 50 0
0 50 0
0 50 0
70.2007965463054 193 3339
24.891141010197 129 1521
2.35188405662817 85 595
25.9729056663555 99 1176
0 50 0
27.7345022843592 114 1281
0 50 0
16.9754288113111 98 1128
0 50 0
0 50 0
65.0235871428664 203 2777
0 50 0
0 50 0
61.9007258383531 190 3207
0 50 0
0 50 0
16.9754288113111 98 1128
4.37777663630955 91 820
70.2007965463054 193 3339
0 50 0
25.9729056663555 99 1176
84.609055388931 263 3947
0 50 0
0 50 0
23.1348485447267 186 2312
23.4559793106537 148 1873
25.9729056663555 99 1176
60.3800796185379 216 2923
36.5275161030102 144 2166
34.812134798184 143 2122
0 50 0
82.4204208335416 256 3225
42.4391254955571 145 2209
47.3992492597405 180 2804
19.3346727074741 115 1024
25.9729056663555 99 1176
5.72781228223944 93 903
25.9729056663555 99 1176
3.13128285973612 88 703
25.9729056663555 99 1176
0.249075004088916 59 36
7.97755243188505 95 990
105.813257264705 284 4949
0 50 0
32.6862144374612 141 2037
10.8117038316206 111 1140
0 50 0
25.9729056663555 99 1176
10.3440150982693 125 1375
31.6546644935965 139 1936
7.77343781210696 118 1131
38.01248080387 167 2302
75.8830588770608 230 3975
0 50 0
35.4614518637784 172 2444
7.15222865052465 115 1134
35.6312082554057 168 2306
0 50 0
27.3042337009923 150 2026
0 50 0
29.8218124106503 137 1849
0 50 0
0 50 0
52.2020087908993 147 2304
1.67590200888783 81 465
25.9729056663555 99 1176
46.5217344910018 187 3066
41.9838451219321 172 2422
21.4757425360062 136 1831
0 50 0
0 50 0
25.9729056663555 99 1176
34.812134798184 143 2122
25.9729056663555 99 1176
0 50 0
25.7322726424787 140 1981
9.77721087130661 96 1035
65.2925781569296 232 3380
70.2557300113313 193 3245
25.9729056663555 99 1176
0 50 0
0.388284854804828 63 78
0 50 0
7.90954007886199 128 1059
0 50 0
27.9151107116698 117 1329
0 50 0
12.4765931772739 97 1081
57.2800088958747 216 3080
0.159231604010791 56 15
0 50 0
0 50 0
4.97782026749524 92 861
5.72781228223944 93 903
4.97782026749524 92 861
13.2147488933974 104 1102
45.5065746535115 178 2669
0 50 0
0 50 0
106.132294814181 297 5056
95.0469862390131 271 4337
0 50 0
25.9729056663555 99 1176
45.4638850720345 182 2859
0 50 0
0 50 0
36.6856609978527 193 2535
37.3024019458828 143 2116
65.5848094331456 219 3580
25.9729056663555 99 1176
0.901685789078605 73 253
0 50 0
151.168893620218 355 5426
19.12887131862 138 1896
80.7766041187404 240 4060
17.9959359351469 111 900
52.2020087908993 147 2304
17.4849321025655 137 1855
55.3075329070886 270 3683
0.351002317509689 62 66
52.2020087908993 147 2304
0 50 0
0 50 0
76.8412595448116 220 3530
0 50 0
16.9754288113111 98 1128
0 50 0
0 50 0
101.10584845962 256 2551
9.77721087130661 96 1035
0 50 0
0 50 0
4.37777663630955 91 820
0 50 0
0 50 0
3.88678427040653 90 780
3.00225797894814 95 514
0.281537572497789 60 45
16.9754288113111 98 1128
0 50 0
8.3783287525047 126 1231
0 50 0
100.930355649753 302 5236
0 50 0
0 50 0
43.4604781145607 146 2257
78.3830561073414 252 4182
0 50 0
25.9729056663555 99 1176
23.0896178132755 125 1369
0 50 0
0.131382429960562 55 10
0 50 0
0 50 0
0 50 0
0 50 0
25.9729056663555 99 1176
15.614487293408 131 1602
20.2480155446369 135 1055
0 50 0
9.77721087130661 96 1035
16.9754288113111 98 1128
74.0467702811255 218 3617
1.9764257029858 83 528
39.116956988177 145 2211
76.5557043133031 236 3006
52.2243207606827 176 2620
58.5558008071973 221 3595
97.042334575365 262 4495
0 50 0
0 50 0
3.47757828715686 89 741
12.0614349315313 136 972
0 50 0
1.22465676692564 77 351
28.3324159053855 123 1452
0 50 0
16.9754288113111 98 1128
0 50 0
25.9729056663555 99 1176
0 50 0
0 50 0
5.72781228223944 93 903
25.9729056663555 99 1176
25.9729056663555 99 1176
53.8534646706026 203 3173
0 50 0
9.77721087130661 96 1035
25.9729056663555 99 1176
0.713650644104707 70 190
32.6862144374612 141 2037
21.8683252007837 136 1807
0 50 0
12.4765931772739 97 1081
95.3142863717825 297 5010
29.3712904738299 132 1704
3.88678427040653 90 780
25.9729056663555 99 1176
1.54704447614289 80 435
16.9754288113111 98 1128
20.532768130664 134 1723
1.61747541159341 70 99
69.3262381291828 261 3299
0 50 0
13.9737841700799 127 1446
35.9888785528337 127 1315
0 50 0
25.9729056663555 99 1176
52.1587926374639 213 2797
42.0101932039017 178 2671
37.3024019458828 143 2116
0 50 0
0.901685789078605 73 253
25.9729056663555 99 1176
52.2020087908993 147 2304
0 50 0
25.9729056663555 99 1176
2.41699694522492 76 214
5.72781228223944 93 903
0 50 0
0.646078669619379 59 22
2.26997299732053 88 378
0 50 0
0 50 0
0 50 0
43.4604781145607 146 2257
38.5954297811411 200 2794
0 50 0
27.7345022843592 114 1281
17.9280283907235 143 1444
0 50 0
0 50 0
0 50 0
19.0075672522456 123 1428
4.63420187716563 103 858
25.9729056663555 99 1176
73.2804910688779 228 3906
0 50 0
0 50 0
36.619903082323 160 2196
24.891141010197 129 1521
25.9729056663555 99 1176
0 50 0
0 50 0
28.0501613728533 176 2599
36.8367653209034 175 1997
9.77721087130661 96 1035
37.9344162609725 184 2128
52.2020087908993 147 2304
0 50 0
0 50 0
9.77721087130661 96 1035
0.901685789078605 73 253
2.35188405662817 85 595
25.9729056663555 99 1176
0 50 0
30.9685561823955 138 1917
25.2890367830205 117 433
19.5652540582498 128 1563
30.5143706350148 165 2171
25.9729056663555 99 1176
0 50 0
85.8854159340371 231 4051
9.77721087130661 96 1035
8.99232825173193 81 225
25.9729056663555 99 1176
0 50 0
86.0418026102786 235 4190
0 50 0
0 50 0
0 50 0
0 50 0
0 50 0
2.35188405662817 85 595
28.3324159053855 123 1452
54.8615575596463 223 3676
0 50 0
2.1531338102055 84 561
0 50 0
21.9310872506854 137 1869
0 50 0
54.5321484504613 141 560
0 50 0
25.7322726424787 140 1981
0.558280771088362 67 136
9.77721087130661 96 1035
1.8182771790558 82 496
64.1976429953642 190 3201
0 50 0
31.1241319119304 147 1522
25.9729056663555 99 1176
0 50 0
0 50 0
12.4765931772739 97 1081
0 50 0
0 50 0
17.347891278164 109 841
52.2020087908993 147 2304
25.9729056663555 99 1176
78.6867261345416 194 3385
0.468738804949978 65 105
19.9031742566516 101 409
0 50 0
0 50 0
0 50 0
0 50 0
12.9968176802436 113 1101
56.3100102583242 241 3688
0 50 0
0 50 0
25.9729056663555 99 1176
7.97755243188505 95 990
9.77721087130661 96 1035
130.797701215084 320 5957
78.7619664790805 230 3965
0 50 0
0 50 0
0 50 0
0 50 0
2.57708745914392 86 630
1.38203255337986 55 4
13.3996924666233 131 1630
71.9643657787053 225 3226
9.77721087130661 96 1035
49.4727015956398 166 1301
0.388284854804828 63 78
0 50 0
0 50 0
0 50 0
0 50 0
0 50 0
16.9754288113111 98 1128
8.6794419821043 94 335
9.77721087130661 96 1035
4.97782026749524 92 861
0 50 0
25.9729056663555 99 1176
0 50 0
30.6774740170211 168 1513
46.7084152112559 181 2809
17.9959359351469 111 900
37.3024019458828 143 2116
4.09111279427688 84 276
0 50 0
24.6477026798666 145 925
0 50 0
19.1461694229066 138 1256
0 50 0
9.87968943540233 109 573
31.9836545299812 140 1996
25.9729056663555 99 1176
52.2020087908993 147 2304
0 50 0
7.97755243188505 95 990
42.4391254955571 145 2209
25.9729056663555 99 1176
18.6574140305461 113 961
175.709939387641 390 6676
9.77721087130661 96 1035
29.5563776587825 143 2118
0.512271448119125 66 120
31.6546644935965 139 1936
11.3034100802617 106 757
0 50 0
0 50 0
0 50 0
0 50 0
0 50 0
0 50 0
0 50 0
103.961814703492 274 4925
23.0896178132755 125 1369
10.8992691898915 121 704
0.10435813705435 54 6
0 50 0
0 50 0
27.0289824640057 137 1304
25.4259862337872 135 1166
3.47757828715686 89 741
0 50 0
41.170220308585 144 1660
0 50 0
0 50 0
4.97782026749524 92 861
41.9582268582963 158 1891
25.9729056663555 99 1176
0.159231604010791 56 15
58.7917196260263 189 3153
25.9729056663555 99 1176
68.272173135021 224 3768
0 50 0
6.65648691250498 125 1021
40.4316943069172 183 2888
0 50 0
25.9729056663555 99 1176
0 50 0
3.47757828715686 89 741
7.97755243188505 95 990
25.9729056663555 99 1176
0 50 0
0 50 0
5.07400545095045 103 886
0 50 0
16.9754288113111 98 1128
7.97755243188505 95 990
117.25872868871 327 4357
0 50 0
0.77220820453145 71 210
25.9729056663555 99 1176
0 50 0
6.69201936598739 94 946
1.54704447614289 80 435
35.9678994750836 210 2755
0 50 0
0 50 0
0 50 0
0 50 0
0 50 0
25.9729056663555 99 1176
20.7772745761058 134 1758
0 50 0
0 50 0
26.1840151096666 125 1297
0 50 0
1.67590200888783 81 465
16.9754288113111 98 1128
26.5688370578452 119 760
37.3024019458828 143 2116
0 50 0
34.0160091567036 141 2025
4.37777663630955 91 820
0 50 0
0 50 0
0 50 0
0 50 0
7.97755243188505 95 990
0 50 0
0 50 0
0 50 0
25.9729056663555 99 1176
0 50 0
24.7029664057417 146 1355
0 50 0
16.9754288113111 98 1128
0 50 0
12.9854383736654 100 1084
6.69201936598739 94 946
39.9606523804481 208 3136
2.35188405662817 85 595
0.10435813705435 54 6
21.1987206088145 153 1971
0 50 0
0.901685789078605 73 253
0 50 0
42.4391254955571 145 2209
25.9729056663555 99 1176
7.97755243188505 95 990
31.6546644935965 139 1936
2.83441511293952 87 666
0 50 0
52.2020087908993 147 2304
43.4604781145607 146 2257
46.2453855025652 165 1876
16.9754288113111 98 1128
25.9729056663555 99 1176
31.4987895966902 157 1424
5.72781228223944 93 903
51.7312102928233 196 2740
0 50 0
19.8207968482972 126 1410
0 50 0
0 50 0
1.42985878311269 79 406
20.2634995114444 113 404
0 50 0
16.9754288113111 98 1128
3.47757828715686 89 741
0 50 0
0 50 0
25.9729056663555 99 1176
0 50 0
0 50 0
0 50 0
25.9729056663555 99 1176
6.69201936598739 94 946
0 50 0
52.2020087908993 147 2304
0.351002317509689 62 66
0 50 0
0 50 0
0 50 0
0 50 0
70.8058541719395 247 3974
34.6470054363663 122 1297
0 50 0
43.0595362744797 200 2928
13.6531805585128 97 529
32.8352373753092 198 2747
25.9729056663555 99 1176
6.69201936598739 94 946
0 50 0
0 50 0
0 50 0
0 50 0
5.72781228223944 93 903
0 50 0
11.1025727782409 117 1091
0 50 0
12.5875237695225 128 1531
43.536695820441 181 2819
0 50 0
25.9729056663555 99 1176
43.4604781145607 146 2257
11.6633077780517 130 1569
0 50 0
70.1610035441753 247 3437
0 50 0
18.4577739312785 130 1561
43.4604781145607 146 2257
12.4765931772739 97 1081
0 50 0
0 50 0
0 50 0
18.8931060972673 111 1184
8.29058409250273 97 991
0.77220820453145 71 210
25.9729056663555 99 1176
4.37777663630955 91 820
3.13128285973612 88 703
0 50 0
0 50 0
8.9084834649556 125 1399
23.5351938590625 138 1893
0 50 0
0 50 0
43.4604781145607 146 2257
0 50 0
25.9079206560763 131 1600
10.6011831509818 122 1264
0 50 0
6.04019282974103 115 1044
63.6743926224487 230 2758
0 50 0
39.84435517364 178 2709
0 50 0
0 50 0
5.72781228223944 93 903
0 50 0
0 50 0
0.901685789078605 73 253
33.8064661820065 161 1702
0 50 0
0 50 0
0 50 0
9.77721087130661 96 1035
12.4765931772739 97 1081
4.97782026749524 92 861
42.4391254955571 145 2209
37.2829239833717 131 1340
0 50 0
0 50 0
56.0079810316531 189 3157
9.77721087130661 96 1035
90.5431744913405 257 3940
0 50 0
15.0675908683862 132 1097
30.0973963615289 176 1960
31.9836545299812 140 1996
0 50 0
25.9729056663555 99 1176
25.9729056663555 99 1176
0 50 0
0 50 0
0 50 0
29.5799112746702 173 2473
0 50 0
0 50 0
55.1957802668294 216 3454
12.4765931772739 97 1081
16.9754288113111 98 1128
0 50 0
0 50 0
0 50 0
25.9729056663555 99 1176
0 50 0
0 50 0
101.0232573648 267 2917
0 50 0
16.9754288113111 98 1128
0 50 0
3.56268302183344 80 214
0 50 0
0 50 0
88.2792948303267 234 4153
0.0520703002843276 52 1
16.9754288113111 98 1128
0 50 0
4.37777663630955 91 820
46.7000494945279 180 2754
18.920560666109 122 1404
24.6482758913445 141 2027
17.6246250076183 101 1131
0 50 0
25.9729056663555 99 1176
0.249075004088916 59 36
0.658692324576031 69 171
0.217952345711649 58 28
0 50 0
0 50 0
0 50 0
0 50 0
57.4177248462836 213 3190
66.5067108942559 220 3580
0 50 0
19.9266400218841 88 134
12.4765931772739 97 1081
29.8218124106503 137 1849
0 50 0
0 50 0
0 50 0
25.9729056663555 99 1176
51.2103876645032 219 3203
16.3135310156359 136 1815
0 50 0
3.88678427040653 90 780
5.72781228223944 93 903
0 50 0
0 50 0
13.3315642617195 105 487
61.7407924423653 219 2731
25.9729056663555 99 1176
0 50 0
16.9754288113111 98 1128
0 50 0
8.73735548957281 119 1162
28.8095169788056 128 1582
0 50 0
28.1807556623543 121 1407
64.1976429953642 190 3201
6.23128522877703 82 241
16.9754288113111 98 1128
0 50 0
0 50 0
7.12226390197717 99 956
18.7630108483135 120 1359
46.5281837582595 167 2467
0 50 0
52.2020087908993 147 2304
0 50 0
45.5065746535115 178 2669
12.4765931772739 97 1081
14.7565296003908 134 1738
9.77721087130661 96 1035
0 50 0
14.2517814356448 99 576
12.4765931772739 97 1081
0 50 0
1.22465676692564 77 351
57.9534419527599 184 2970
4.9801279109508 110 895
2.83441511293952 87 666
0 50 0
0 50 0
25.9729056663555 99 1176
25.9729056663555 99 1176
34.4433093582583 160 2088
0 50 0
29.2084340242303 131 1672
46.1388490462391 203 2311
25.9729056663555 99 1176
0 50 0
2.35188405662817 85 595
0 50 0
34.812134798184 143 2122
0 50 0
12.2456591566151 110 871
25.9729056663555 99 1176
6.40668474351747 104 958
21.7900610406139 118 965
0 50 0
0 50 0
0 50 0
0 50 0
2.35188405662817 85 595
0 50 0
32.6862144374612 141 2037
0 50 0
12.8124804556239 132 1649
17.347891278164 109 841
0 50 0
12.4765931772739 97 1081
72.8295935695149 215 3520
0 50 0
0 50 0
47.1480234961103 213 2808
0 50 0
25.9729056663555 99 1176
10.7212101579501 87 324
0 50 0
0 50 0
0 50 0
2.89858474249971 97 619
0 50 0
0 50 0
0.834742866374229 72 231
0 50 0
83.2562809377137 228 3874
4.97782026749524 92 861
0 50 0
0 50 0
57.4102375972265 182 2899
0 50 0
0 50 0
4.97782026749524 92 861
66.9452114132349 222 3685
6.10627365174268 114 1008
1.54704447614289 80 435
0 50 0
9.77721087130661 96 1035
46.3310195431571 156 1354
13.9271201990904 117 1271
71.8413602086595 212 3185
11.4323337571864 129 1551
32.6862144374612 141 2037
0 50 0
42.0462289648365 179 2740
20.1944018286313 172 1966
0 50 0
46.7084152112559 181 2809
0 50 0
49.6742054882994 198 2547
0 50 0
0 50 0
0 50 0
28.8095169788056 128 1582
29.5563776587825 143 2118
10.1993594131143 113 963
29.5993804068422 146 1459
36.5275161030102 144 2166
45.1236803869465 185 2974
6.69201936598739 94 946
0 50 0
17.7872382404604 132 1210
26.9980695590816 142 2074
18.6574140305461 113 961
50.5690307217924 209 3109
0 50 0
0 50 0
75.0397609802907 228 3890
33.8385923645649 144 2163
25.9729056663555 99 1176
0 50 0
19.1011815945072 124 1453
0 50 0
0 50 0
33.4096583786469 159 1732
29.0749146134239 121 1350
140.280525687395 323 6093
55.6856554646771 189 3155
25.9729056663555 99 1176
0 50 0
40.1234406027619 195 2600
34.0160091567036 141 2025
94.2677156376552 304 3985
52.2020087908993 147 2304
23.7630847176059 137 1345
0 50 0
17.4849321025655 137 1855
0 50 0
18.6373138253536 137 1279
25.9729056663555 99 1176
0 50 0
20.974567885453 113 1171
3.47757828715686 89 741
0.901685789078605 73 253
33.5943247267739 142 2079
25.9729056663555 99 1176
0 50 0
86.173003691961 287 4688
16.5752943399895 108 1106
24.9804363198481 137 1435
62.38308795307 188 3106
34.6945440122975 166 1637
0 50 0
14.6804398923574 109 1115
34.4552673743867 153 1114
0 50 0
25.9729056663555 99 1176
45.1971461052054 175 2583
0 50 0
78.6867261345416 194 3385
51.3215171541486 174 2545
42.4391254955571 145 2209
1.32281991202835 78 378
1.42985878311269 79 406
12.4765931772739 97 1081
3.88678427040653 90 780
1.8182771790558 82 496
2.23696832361077 62 31
25.9729056663555 99 1176
37.3024019458828 143 2116
101.205863459586 270 4750
12.4765931772739 97 1081
24.6482758913445 141 2027
0 50 0
25.9729056663555 99 1176
54.1548656663098 151 2310
29.5563776587825 143 2118
0 50 0
77.6319303462442 257 4242
20.532768130664 134 1723
93.1616529665753 238 4331
31.5499030833612 172 2426
0 50 0
60.8344248640336 191 3247
0 50 0
0 50 0
49.0810076996099 167 1949
0 50 0
0 50 0
0 50 0
62.0901028696441 210 3185
25.9729056663555 99 1176
38.0844678380658 172 2424
0 50 0
21.8683252007837 136 1807
26.0119057009745 155 1846
12.4765931772739 97 1081
37.3024019458828 143 2116
0 50 0
0 50 0
1.82713305434444 60 21
0 50 0
0 50 0
9.77721087130661 96 1035
0.217952345711649 58 28
7.51788190498045 99 578
8.00436368769032 110 874
1.32281991202835 78 378
16.9754288113111 98 1128
33.0895517086335 169 2315
20.065201487706 105 1137
6.69201936598739 94 946
0 50 0
0 50 0
0 50 0
0 50 0
0 50 0
0.351002317509689 62 66
25.9729056663555 99 1176
2.35188405662817 85 595
0 50 0
11.9604596778564 85 189
3.47757828715686 89 741
51.0640144055073 219 3073
0 50 0
9.77721087130661 96 1035
0 50 0
52.2020087908993 147 2304
0 50 0
3.13128285973612 88 703
0 50 0
0 50 0
0 50 0
36.5275161030102 144 2166
0 50 0
15.614487293408 131 1602
3.88678427040653 90 780
25.9729056663555 99 1176
0 50 0
1.32281991202835 78 378
2.23696832361077 62 31
0 50 0
0 50 0
0.834742866374229 72 231
0 50 0
15.9908688783932 132 1676
0 50 0
0 50 0
0 50 0
11.3546183989607 131 1092
25.9729056663555 99 1176
70.2007965463054 193 3339
7.97755243188505 95 990
0 50 0
0 50 0
52.2020087908993 147 2304
18.6009526574978 139 1285
25.9729056663555 99 1176
58.509262916833 185 2971
0 50 0
0 50 0
0 50 0
0 50 0
12.4765931772739 97 1081
78.081225470032 204 3364
0 50 0
0 50 0
133.998467466835 352 5793
0 50 0
78.6867261345416 194 3385
52.2020087908993 147 2304
8.4509643677303 100 1000
43.4604781145607 146 2257
0 50 0
0 50 0
52.4225812526803 184 2516
68.0711993005142 234 3015
1.22465676692564 77 351
46.126211297584 176 1930
0 50 0
0 50 0
0 50 0
0 50 0
0.0779930912630975 53 3
2.35188405662817 85 595
0.60750660105174 63 56
79.8080007618385 222 3673
53.1720733703553 186 3017
0 50 0
89.5325428819869 234 4147
80.2541959543987 232 4058
0 50 0
0 50 0
25.4130161915264 172 2456
0 50 0
25.9729056663555 99 1176
0 50 0
2.57708745914392 86 630
0 50 0
12.4765931772739 97 1081
2.83441511293952 87 666
0.0779930912630975 53 3
5.72781228223944 93 903
37.7028032021231 175 2556
37.7322356333511 194 2793
0 50 0
35.0783708797042 182 2377
16.7113518378981 107 784
25.9729056663555 99 1176
83.2501724380366 263 4477
77.4381258564791 225 3525
25.3147049324486 190 2027
20.0585333618303 131 1656
26.9980695590816 142 2074
0 50 0
27.04299193367 135 1164
50.6549774288506 186 3037
78.6272725156983 222 3637
89.6810367353333 242 4058
25.9729056663555 99 1176
0 50 0
2.1531338102055 84 561
25.9729056663555 99 1176
16.9754288113111 98 1128
0 50 0
0 50 0
1.42985878311269 79 406
64.1976429953642 190 3201
4.35922570013566 86 310
64.9115260896263 227 3859
0 50 0
63.532276809446 191 3250
0.974906895128842 73 193
25.9729056663555 99 1176
0 50 0
25.9729056663555 99 1176
33.2138715772366 151 1652
0 50 0
6.69201936598739 94 946
0.973531409028659 74 276
0 50 0
7.35859628411056 116 1065
25.9729056663555 99 1176
0 50 0
0 50 0
0 50 0
0 50 0
0 50 0
0 50 0
0 50 0
0 50 0
0 50 0
0 50 0
25.9729056663555 99 1176
0 50 0
25.9729056663555 99 1176
0 50 0
0 50 0
1.38203255337986 55 4
9.77721087130661 96 1035
0 50 0
73.5039596911052 232 3568
0 50 0
0.607000499715637 68 153
0 50 0
0 50 0
77.3604324537639 229 3139
4.97782026749524 92 861
0 50 0
53.5190959770619 191 2585
2.35188405662817 85 595
18.6355277923185 153 1918
0 50 0
10.4125773830456 103 1056
6.69201936598739 94 946
4.97782026749524 92 861
0 50 0
0 50 0
112.513046383133 331 5388
51.7852942703552 212 2590
0.427473049754606 64 91
58.7917196260263 189 3153
0 50 0
0 50 0
0.10435813705435 54 6
44.8392364190645 182 2877
2.07874255993188 65 51
1.13430135669904 76 325
0 50 0
3.13128285973612 88 703
16.9754288113111 98 1128
76.0611135992944 229 3938
0 50 0
25.9729056663555 99 1176
0.558280771088362 67 136
0 50 0
7.97755243188505 95 990
25.9729056663555 99 1176
0 50 0
32.6862144374612 141 2037
0 50 0
0 50 0
25.2630894376499 161 1549
39.6822902983274 180 2488
28.5973849635219 126 1527
125.583034724737 335 5064
14.9507034057598 103 452
0 50 0
0 50 0
0.77220820453145 71 210
0 50 0
0 50 0
18.4675364428353 158 1929
1.7074255161289 82 436
25.9729056663555 99 1176
39.718039248063 140 970
16.9754288113111 98 1128
0 50 0
25.9079206560763 131 1600
0 50 0
25.9729056663555 99 1176
3.13128285973612 88 703
0 50 0
7.0409327886816 120 1226
0 50 0
0 50 0
0 50 0
0 50 0
83.9913373236415 249 4066
0.131382429960562 55 10
0 50 0
0 50 0
59.4391833812537 216 3392
0 50 0
10.0879364187439 120 1194
0 50 0
16.9754288113111 98 1128
25.9729056663555 99 1176
0 50 0
0 50 0
1.13430135669904 76 325
0 50 0
53.2367229196449 188 3112
52.2020087908993 147 2304
41.8297484109725 185 2979
12.4765931772739 97 1081
63.532276809446 191 3250
25.9729056663555 99 1176
1.13430135669904 76 325
4.97782026749524 92 861
0 50 0
34.0160091567036 141 2025
0 50 0
25.9729056663555 99 1176
31.9836545299812 140 1996
0 50 0
0 50 0
78.6867261345416 194 3385
0 50 0
62.38308795307 188 3106
0 50 0
0 50 0
0 50 0
0 50 0
1.67590200888783 81 465
21.2055000030656 136 880
0 50 0
27.9780377461733 118 1347
0 50 0
6.69201936598739 94 946
0 50 0
25.9729056663555 99 1176
39.116956988177 145 2211
3.13128285973612 88 703
52.2020087908993 147 2304
52.2020087908993 147 2304
0 50 0
46.6575154462308 188 2538
16.9754288113111 98 1128
0 50 0
16.9754288113111 98 1128
6.69201936598739 94 946
45.0989706709469 166 1629
25.9729056663555 99 1176
61.9522609995952 235 3407
47.6900446902229 170 2341
8.19304049540941 122 1051
1.32281991202835 78 378
22.6083589733241 108 406
0 50 0
0 50 0
13.3358097636201 130 1564
29.8218124106503 137 1849
0 50 0
70.2007965463054 193 3339
0 50 0
0 50 0
37.3024019458828 143 2116
52.2020087908993 147 2304
5.72781228223944 93 903
38.7119835748312 199 2258
0 50 0
25.9729056663555 99 1176
16.07408437675 157 1913
0.427473049754606 64 91
0 50 0
63.4757831940094 189 2482
1.67590200888783 81 465
25.9729056663555 99 1176
7.97755243188505 95 990
26.2816602476238 147 1268
52.2020087908993 147 2304
0 50 0
44.2273101011585 189 2038
0 50 0
28.4149758768724 124 1476
48.4237450743571 198 2847
0 50 0
30.5901068777712 137 1879
25.9729056663555 99 1176
0 50 0
31.9559418250751 150 1857
51.5904589737543 184 2368
2.35188405662817 85 595
0 50 0
0 50 0
29.3712904738299 132 1704
1.13430135669904 76 325
16.9754288113111 98 1128
36.8209694724796 151 1310
11.0533937007039 115 1206
0.77220820453145 71 210
21.6010907043729 139 1938
0 50 0
0 50 0
15.7331469188457 156 1946
0 50 0
25.9729056663555 99 1176
0 50 0
25.9729056663555 99 1176
16.9754288113111 98 1128
25.9729056663555 99 1176
28.8232231831785 174 2555
25.9729056663555 99 1176
0 50 0
0 50 0
0 50 0
25.9729056663555 99 1176
15.589514317765 114 631
0 50 0
0.468738804949978 65 105
0 50 0
0 50 0
7.97755243188505 95 990
25.9729056663555 99 1176
52.2020087908993 147 2304
0 50 0
34.0456296083765 120 1276
0 50 0
0 50 0
25.9729056663555 99 1176
22.4891064903434 138 1908
25.9729056663555 99 1176
39.116956988177 145 2211
0 50 0
0 50 0
18.8230251885952 84 106
0 50 0
0 50 0
16.9754288113111 98 1128
0 50 0
0 50 0
0 50 0
25.9729056663555 99 1176
58.0446232195372 198 2669
0 50 0
0 50 0
0 50 0
78.6867261345416 194 3385
0 50 0
0 50 0
9.17293191059615 125 1381
4.37777663630955 91 820
0 50 0
0 50 0
0 50 0
49.6041584569566 209 3239
16.9754288113111 98 1128
3.13128285973612 88 703
25.9729056663555 99 1176
18.0800663391775 125 1028
91.6367973578453 271 4814
14.7378202559548 129 1523
25.9729056663555 99 1176
28.3191695939022 135 1764
0 50 0
0 50 0
0 50 0
0 50 0
7.97755243188505 95 990
0 50 0
0 50 0
28.3040555721373 168 2382
0.351002317509689 62 66
0 50 0
0 50 0
39.116956988177 145 2211
18.6910673042918 119 1338
1.9764257029858 83 528
25.9729056663555 99 1176
0 50 0
39.116956988177 145 2211
25.9729056663555 99 1176
79.7833190980842 231 4009
60.7747672765956 237 3682
28.4136458168082 132 806
52.2020087908993 147 2304
0 50 0
0.973531409028659 74 276
0 50 0
0 50 0
25.9729056663555 99 1176
0.973531409028659 74 276
0 50 0
0 50 0
0 50 0
0 50 0
9.77721087130661 96 1035
3.30610493169103 100 700
0 50 0
35.0477467011052 181 2815
0 50 0
7.65012019046313 108 816
0 50 0
0 50 0
57.1938124268917 181 2865
52.2020087908993 147 2304
16.9754288113111 98 1128
0 50 0
70.2007965463054 193 3339
0 50 0
0 50 0
0 50 0
0 50 0
0 50 0
0 50 0
12.4765931772739 97 1081
20.5034167422797 133 1723
0 50 0
0 50 0
7.97755243188505 95 990
0.131382429960562 55 10
54.8456776719861 157 2349
0 50 0
0 50 0
0.713650644104707 70 190
53.2367229196449 188 3112
43.4604781145607 146 2257
34.0160091567036 141 2025
0 50 0
17.8990985628667 135 1766
0 50 0
25.9729056663555 99 1176
0 50 0
1.32281991202835 78 378
105.426442854862 240 4420
9.77721087130661 96 1035
25.9729056663555 99 1176
0 50 0
0 50 0
20.4581815482285 139 1942
94.7155632468071 296 5020
0.10435813705435 54 6
67.9527577009861 227 3257
0 50 0
1.8182771790558 82 496
0 50 0
9.77721087130661 96 1035
31.4242964208878 139 1956
45.4306180710083 165 2399
25.9729056663555 99 1176
0 50 0
0 50 0
41.9582268582963 158 1891
0 50 0
0 50 0
0 50 0
51.3684136417987 168 1684
2.83441511293952 87 666
0 50 0
52.2020087908993 147 2304
25.9729056663555 99 1176
23.9581820791599 127 1444
25.9729056663555 99 1176
0 50 0
3.99002524412778 59 10
25.9729056663555 99 1176
25.9729056663555 99 1176
31.1601375282428 172 1796
37.2035459454763 145 1498
3.35487527342483 96 702
0 50 0
0.281537572497789 60 45
0 50 0
5.72781228223944 93 903
3.88678427040653 90 780
0 50 0
26.1017793038118 157 1952
0 50 0
25.9729056663555 99 1176
12.4765931772739 97 1081
0 50 0
0 50 0
0 50 0
1.13430135669904 76 325
0 50 0
4.10254536242353 100 616
6.69201936598739 94 946
33.4868058724031 173 1844
9.610270408882 119 1266
0 50 0
121.728984533227 330 5381
0 50 0
0 50 0
16.9754288113111 98 1128
14.3160124075631 118 1123
0 50 0
1.42985878311269 79 406
49.063055743822 183 2923
0 50 0
15.6147581462573 99 378
0.427473049754606 64 91
37.6695942869148 158 2019
17.8990985628667 135 1766
0 50 0
0 50 0
0 50 0
0 50 0
0 50 0
0 50 0
10.4669535826567 96 294
25.9729056663555 99 1176
0 50 0
2.35188405662817 85 595
27.1948315883636 135 1344
0 50 0
27.0365733012175 133 1681
34.485222006207 186 2275
0 50 0
0 50 0
42.4391254955571 145 2209
74.0467702811255 218 3617
0 50 0
0 50 0
33.8385923645649 144 2163
52.2020087908993 147 2304
16.9754288113111 98 1128
58.509262916833 185 2971
28.3191695939022 135 1764
0 50 0
0 50 0
0 50 0
0 50 0
1.67368669537517 82 289
0 50 0
7.97755243188505 95 990
0 50 0
0 50 0
16.9754288113111 98 1128
0 50 0
23.241906396813 146 1999
0 50 0
0 50 0
59.0117195638437 187 2943
54.4648747031638 228 3150
25.9729056663555 99 1176
0 50 0
36.286618375818 173 2479
68.1719127553079 241 3593
35.8908302602031 169 2402
0 50 0
22.0879398650768 112 686
45.8227074389741 186 3021
29.8218124106503 137 1849
0 50 0
0 50 0
0 50 0
12.4765931772739 97 1081
16.9754288113111 98 1128
100.510608586985 284 3625
67.010842504721 216 2731
0 50 0
0 50 0
52.2020087908993 147 2304
31.1276373304082 156 1922
28.3324159053855 123 1452
25.9729056663555 99 1176
7.97755243188505 95 990
52.2020087908993 147 2304
0 50 0
37.3024019458828 143 2116
20.2661755687972 132 1689
12.4765931772739 97 1081
55.9891574675656 187 2738
0 50 0
25.9729056663555 99 1176
0 50 0
9.30879230878545 124 1341
29.5563776587825 143 2118
0 50 0
12.4765931772739 97 1081
63.115850738425 218 3469
0 50 0
36.2003218921866 160 1508
0 50 0
16.9754288113111 98 1128
0 50 0
4.20828349234836 103 696
0 50 0
17.0591129628327 136 1810
0 50 0
3.96944778542068 101 645
6.69201936598739 94 946
0 50 0
0 50 0
0 50 0
25.9729056663555 99 1176
10.2026441607951 99 1038
16.9754288113111 98 1128
0 50 0
0 50 0
0 50 0
6.69201936598739 94 946
0 50 0
0 50 0
37.3024019458828 143 2116
0 50 0
28.4298332003381 150 2102
128.168117064552 323 5328
0 50 0
6.69201936598739 94 946
0.901685789078605 73 253
21.6010907043729 139 1938
27.0365733012175 133 1681
0 50 0
6.69201936598739 94 946
76.2991040951052 259 4282
25.9729056663555 99 1176
7.97755243188505 95 990
25.9729056663555 99 1176
17.6945146137808 151 1396
0.388284854804828 63 78
25.9729056663555 99 1176
64.9845222563997 226 3433
0 50 0
0 50 0
25.9729056663555 99 1176
57.6604211795667 183 2934
17.9451565770192 106 1156
9.74793720841386 123 1302
22.8371371587951 133 1247
8.99232825173193 81 225
25.9729056663555 99 1176
0 50 0
0 50 0
0 50 0
81.5978741403784 233 4104
16.9754288113111 98 1128
0 50 0
34.812134798184 143 2122
0 50 0
0 50 0
78.6867261345416 194 3385
80.8538938628261 257 4248
52.2020087908993 147 2304
25.9729056663555 99 1176
0 50 0
0.713650644104707 70 190
0 50 0
25.9729056663555 99 1176
25.9729056663555 99 1176
42.4391254955571 145 2209
90.8864357443322 274 3432
69.4182889851263 220 3636
14.3160124075631 118 1123
3.47757828715686 89 741
0 50 0
68.1580913082981 191 3244
16.9754288113111 98 1128
0 50 0
0 50 0
50.8672241549038 198 2353
1.38203255337986 55 4
0 50 0
0 50 0
61.0207698631395 188 3112
3.88678427040653 90 780
0 50 0
62.9058143078366 194 3250
0 50 0
0 50 0
49.8850806377252 235 3455
13.2427749791625 114 993
0.159231604010791 56 15
0 50 0
6.69201936598739 94 946
25.9729056663555 99 1176
0 50 0
12.4765931772739 97 1081
0 50 0
0.77220820453145 71 210
29.0622046598714 130 1641
25.9729056663555 99 1176
9.77721087130661 96 1035
0 50 0
9.77721087130661 96 1035
0 50 0
46.3310195431571 156 1354
3.88678427040653 90 780
25.9729056663555 99 1176
16.9754288113111 98 1128
23.1644008871255 145 1994
0 50 0
52.2020087908993 147 2304
12.4765931772739 97 1081
0 50 0
0 50 0
53.8766196220155 224 2720
49.6336248098469 185 2989
0 50 0
2.69990729907911 69 83
4.23150515533448 95 790
0 50 0
7.0373450285108 86 307
54.2828999259468 234 3414
0 50 0
0 50 0
0 50 0
0 50 0
86.0418026102786 235 4190
10.6549639258679 108 1101
0 50 0
50.878872418119 185 2983
9.77721087130661 96 1035
12.7362377740333 112 931
0 50 0
0 50 0
1.9764257029858 83 528
25.9729056663555 99 1176
0 50 0
0 50 0
0 50 0
0 50 0
25.9729056663555 99 1176
63.5680421581507 245 3832
0 50 0
0 50 0
0 50 0
0 50 0
1.67590200888783 81 465
2.35188405662817 85 595
0 50 0
27.2406723572165 106 1197
7.80228648491407 112 1099
3.95101357749995 102 794
25.9729056663555 99 1176
7.97755243188505 95 990
0 50 0
0 50 0
0 50 0
52.2020087908993 147 2304
46.652299860609 185 2986
70.7001316231794 257 4288
0 50 0
29.9975724988367 135 1806
0 50 0
6.12678029475687 98 913
36.5275161030102 144 2166
0.10435813705435 54 6
33.8385923645649 144 2163
6.90377016960799 104 538
0 50 0
38.6145306373359 151 1827
0 50 0
53.1720733703553 186 3017
25.9729056663555 99 1176
0 50 0
16.9754288113111 98 1128
6.69201936598739 94 946
0 50 0
57.9724244533913 223 3103
4.51101364406439 106 877
0 50 0
6.69201936598739 94 946
0 50 0
52.2020087908993 147 2304
0 50 0
0 50 0
5.68296107831932 106 765
0 50 0
25.9729056663555 99 1176
0 50 0
25.9729056663555 99 1176
0 50 0
16.9754288113111 98 1128
13.2589312083671 101 412
0 50 0
0 50 0
0 50 0
78.6867261345416 194 3385
40.5270009454296 168 2416
0.901685789078605 73 253
16.9754288113111 98 1128
40.494244197902 169 2303
97.3173478774254 296 4981
69.4141205278991 254 4095
0 50 0
0 50 0
43.2195358954033 156 1090
2.21991887597971 73 127
66.5751405750302 176 2454
20.0306023485002 117 1089
4.97782026749524 92 861
0 50 0
0 50 0
0 50 0
6.69834351465268 73 121
6.1238823658632 71 100
0 50 0
20.7772745761058 134 1758
39.116956988177 145 2211
27.2962977255012 164 1864
3.67198677282072 91 742
0 50 0
22.1310221606085 140 1984
0 50 0
25.9729056663555 99 1176
0 50 0
72.265336032519 237 3640
0 50 0
49.5454733415009 187 3072
1.13430135669904 76 325
25.9729056663555 99 1176
68.1580913082981 191 3244
0 50 0
0 50 0
0 50 0
0 50 0
25.9729056663555 99 1176
1.54704447614289 80 435
1.13430135669904 76 325
0 50 0
42.4391254955571 145 2209
0 50 0
0 50 0
6.69201936598739 94 946
25.9729056663555 99 1176
0 50 0
0 50 0
0 50 0
0.0779930912630975 53 3
12.4699399938295 93 441
8.13856249106676 122 1309
0 50 0
40.6594080772168 155 1786
38.0983783140033 165 2149
47.7309182992067 185 2977
40.3281214629039 162 1213
0 50 0
0 50 0
2.61593848226588 92 456
7.97755243188505 95 990
2.57708745914392 86 630
31.9836545299812 140 1996
25.9729056663555 99 1176
12.4765931772739 97 1081
9.77721087130661 96 1035
0 50 0
0 50 0
3.47757828715686 89 741
52.2020087908993 147 2304
0 50 0
23.9581820791599 127 1444
0 50 0
0 50 0
10.7055852771737 109 1113
0 50 0
25.9729056663555 99 1176
0 50 0
0 50 0
4.97782026749524 92 861
30.2725910461335 161 2035
0.315468234582345 61 55
0 50 0
0 50 0
0 50 0
25.9729056663555 99 1176
21.2946369983843 174 2171
0 50 0
0 50 0
14.5042857643536 121 997
24.6771055754265 173 2485
0 50 0
0 50 0
0 50 0
63.532276809446 191 3250
0 50 0
28.8573506067549 142 2071
94.5013546150979 280 4383
16.9754288113111 98 1128
0 50 0
110.277014215121 311 5083
52.2020087908993 147 2304
16.9754288113111 98 1128
37.3024019458828 143 2116
2.1531338102055 84 561
7.87092786449879 101 627
11.592615336456 119 1158
0 50 0
16.9754288113111 98 1128
0 50 0
33.2402076323107 162 2105
52.2020087908993 147 2304
7.87293943190476 113 1117
0 50 0
25.9729056663555 99 1176
0.901685789078605 73 253
0 50 0
25.9729056663555 99 1176
5.55751535113986 115 905
74.1063771770135 266 4137
0 50 0
0 50 0
16.9754288113111 98 1128
0 50 0
25.9729056663555 99 1176
69.4169237125132 201 2800
29.5563776587825 143 2118
0 50 0
0 50 0
7.97755243188505 95 990
0 50 0
0 50 0
44.2013061028724 176 2568
25.9729056663555 99 1176
39.116956988177 145 2211
4.37777663630955 91 820
32.6862144374612 141 2037
0 50 0
0 50 0
46.1469055884841 167 2224
52.2020087908993 147 2304
0 50 0
85.2894876404782 259 4430
0 50 0
0 50 0
0 50 0
0 50 0
0.512271448119125 66 120
105.426442854862 240 4420
0 50 0
0 50 0
0 50 0
46.7000494945279 180 2754
2.83441511293952 87 666
36.9283975006759 176 2587
16.9754288113111 98 1128
0 50 0
0 50 0
0.512271448119125 66 120
16.9754288113111 98 1128
47.4960389919984 164 2200
0 50 0
0 50 0
41.9642879526198 173 2497
0 50 0
0 50 0
19.4180195865018 132 1641
0 50 0
11.195765477451 117 1245
37.2582685596481 173 2159
0 50 0
9.77721087130661 96 1035
0 50 0
7.0359071037527 103 851
0 50 0
0.607000499715637 68 153
21.702560606704 131 1144
15.4369454930319 135 1776
1.05084969958848 75 300
0 50 0
80.9250086050659 246 3622
16.9754288113111 98 1128
0 50 0
0 50 0
0 50 0
25.9729056663555 99 1176
25.9729056663555 99 1176
25.9729056663555 99 1176
16.1469742393956 124 1333
