"COLLES.MDM.LN" "SACKIN" "COPHENETIC"
30.2575740641098 145 1760
21.3773134872359 81 780
4.62803895678148 88 601
18.3839568029144 111 1206
10.1766692941424 79 703
0 41 0
0 41 0
0 41 0
4.5754093466867 75 561
11.4347905676334 107 1065
14.9153652428303 87 332
0 41 0
0 41 0
32.5884070975007 112 1005
0 41 0
0 41 0
0 41 0
23.4854323626665 115 1333
21.3773134872359 81 780
0 41 0
0 41 0
0 41 0
22.083941209289 115 1336
7.44683107545706 98 826
0 41 0
8.1896582158914 101 895
0 41 0
1.60718189348826 66 300
32.0621808705277 142 1247
0 41 0
0 41 0
0 41 0
0 41 0
21.3773134872359 81 780
0 41 0
0.759261848680172 58 136
0 41 0
0 41 0
0 41 0
63.5657712264998 176 1478
0 41 0
13.9103131486274 80 741
0 41 0
43.0066618028483 120 1521
10.1766692941424 79 703
43.0066618028483 120 1521
0 41 0
26.9207645913907 114 1308
30.0812142101041 117 1410
43.0066618028483 120 1521
0 41 0
12.3669170893331 108 1095
21.5977062006437 131 1381
0 41 0
23.5163647547961 130 1130
10.1766692941424 79 703
17.2400542845644 108 1119
0 41 0
0 41 0
21.3773134872359 81 780
21.3773134872359 81 780
7.26965329952303 94 482
0 41 0
22.6288475320815 122 1060
24.5065677090027 107 1105
0 41 0
13.9103131486274 80 741
10.1766692941424 79 703
0 41 0
0 41 0
0 41 0
0 41 0
22.7578052707515 89 808
0 41 0
3.9528514059716 74 528
39.034498878153 154 1283
7.93636231623064 78 666
19.2608361188624 114 1209
0 41 0
0 41 0
0 41 0
0.624985073266637 56 105
21.3773134872359 81 780
49.0692357568532 154 2074
80.7067362908441 243 2706
0 41 0
71.8112627217667 199 2536
21.3773134872359 81 780
0 41 0
55.7593587813722 176 2313
21.3773134872359 81 780
0 41 0
0 41 0
0 41 0
0 41 0
36.4126053083748 124 556
14.4865172454461 82 742
21.3773134872359 81 780
7.93636231623064 78 666
68.4648813898005 190 1802
0 41 0
0 41 0
0 41 0
6.4427186478598 77 630
0 41 0
0 41 0
43.0066618028483 120 1521
34.7727125517854 118 1444
0 41 0
22.3236903675631 84 783
0 41 0
42.5799336413851 171 2026
26.3427934426818 113 1276
22.5537197478318 108 1089
0 41 0
57.928472845799 157 2187
21.3773134872359 81 780
7.93636231623064 78 666
14.4524715709631 103 931
21.3773134872359 81 780
0 41 0
0 41 0
0 41 0
0 41 0
0 41 0
0 41 0
36.5985604838304 154 1733
38.201199466385 149 1691
16.5667622848824 114 861
57.2933640230967 177 2249
0 41 0
0.689596180160361 57 120
0 41 0
0 41 0
0 41 0
7.93636231623064 78 666
65.3551758518811 161 1298
0 41 0
21.3773134872359 81 780
0 41 0
38.7508887766828 143 1744
27.0996589779957 118 1240
34.6612259506612 128 1219
0 41 0
21.3773134872359 81 780
0 41 0
63.2986493480044 187 2612
0 41 0
0 41 0
10.1766692941424 79 703
0 41 0
0 41 0
0 41 0
0 41 0
0 41 0
21.3773134872359 81 780
3.35452366389797 75 281
0 41 0
0 41 0
0 41 0
30.0812142101041 117 1410
0 41 0
27.5697072637976 114 1296
2.84018564033394 75 288
0 41 0
0 41 0
0 41 0
0 41 0
0 41 0
6.12612154116466 90 582
0.0959914969391969 44 3
0 41 0
6.4427186478598 77 630
0.0959914969391969 44 3
2.80352911340524 60 83
23.3459517492604 135 1476
21.3773134872359 81 780
0 41 0
16.1131791964648 121 1109
25.5120040563558 112 1225
0 41 0
7.93636231623064 78 666
0 41 0
0 41 0
0 41 0
34.7727125517854 118 1444
0.689596180160361 57 120
0.916441495062304 60 171
46.161514600691 186 2115
7.93636231623064 78 666
0 41 0
3.9528514059716 74 528
0 41 0
21.3773134872359 81 780
9.09974831618864 99 816
0 41 0
13.9103131486274 80 741
13.1467012567621 109 1131
13.9103131486274 80 741
0 41 0
0 41 0
0 41 0
0.689596180160361 57 120
13.9103131486274 80 741
98.8599318744905 226 3335
2.29416659726618 53 31
0 41 0
0 41 0
0 41 0
51.3554083237119 176 2218
1.00559863487481 61 190
23.8951687420933 110 1156
63.8722096879348 186 2584
50.0905883758568 155 2113
0 41 0
24.9302149201295 109 1158
33.5775977790395 146 1789
0 41 0
0 41 0
7.93636231623064 78 666
21.3773134872359 81 780
32.2137749066421 118 1446
23.5100230528701 99 933
0.834625687109001 59 153
14.9523965048128 92 739
50.8718345728806 152 1999
0 41 0
55.0671017252882 175 1848
17.7490676568326 98 784
0 41 0
61.2983924431221 200 2336
0 41 0
21.3773134872359 81 780
21.3773134872359 81 780
43.0066618028483 120 1521
13.9103131486274 80 741
43.0391144634646 142 1680
0 41 0
1.86811351251092 69 303
34.6635816865735 169 1485
0 41 0
0 41 0
0 41 0
28.6694743609432 116 1375
0 41 0
0 41 0
12.086329330859 100 913
0 41 0
3.31367875400695 79 358
0 41 0
21.3773134872359 81 780
0 41 0
0 41 0
79.065003273346 221 3183
21.3773134872359 81 780
0 41 0
27.8520426732114 118 1110
3.9528514059716 74 528
17.7490676568326 98 784
21.3773134872359 81 780
0 41 0
0 41 0
12.9594383628977 105 1028
22.5537197478318 108 1089
0 41 0
0 41 0
10.1766692941424 79 703
21.3773134872359 81 780
43.0066618028483 120 1521
0 41 0
126.599347564365 295 4049
27.5697072637976 114 1296
0.0637861178483013 43 1
0 41 0
43.0066618028483 120 1521
0 41 0
21.3773134872359 81 780
0 41 0
21.3773134872359 81 780
0 41 0
7.93636231623064 78 666
0 41 0
0 41 0
21.3773134872359 81 780
0 41 0
0 41 0
30.4332261479891 104 374
14.3249263268348 90 728
21.3773134872359 81 780
0 41 0
1.3288001102211 64 253
43.0066618028483 120 1521
0.834625687109001 59 153
0 41 0
0 41 0
0 41 0
0 41 0
6.40892930541105 97 553
0 41 0
0 41 0
49.00345600375 172 2161
0 41 0
14.1004154501858 110 1162
0 41 0
21.3773134872359 81 780
21.3773134872359 81 780
24.719558948231 103 954
0.456303012762596 53 66
0 41 0
21.3773134872359 81 780
3.9528514059716 74 528
0 41 0
1.00559863487481 61 190
0 41 0
3.9528514059716 74 528
0 41 0
0 41 0
0 41 0
46.026157821137 153 2041
1.77234586984225 67 325
0 41 0
15.5281421511022 92 625
36.4618150268788 170 2055
43.0066618028483 120 1521
5.13285866718956 82 582
0 41 0
43.7101919857423 152 2005
25.5067802365109 111 1215
4.78558143485926 89 568
1.77234586984225 67 325
0 41 0
0 41 0
0 41 0
1.00559863487481 61 190
0 41 0
0 41 0
21.3773134872359 81 780
32.2137749066421 118 1446
0 41 0
13.9103131486274 80 741
21.3773134872359 81 780
0 41 0
0 41 0
35.794065170789 119 1483
0 41 0
0 41 0
0 41 0
0 41 0
0 41 0
0 41 0
34.7727125517854 118 1444
21.3773134872359 81 780
0 41 0
0 41 0
16.9775388545468 96 729
0 41 0
52.7047549509592 183 2088
0 41 0
0.624985073266637 56 105
43.0066618028483 120 1521
0 41 0
0 41 0
57.928472845799 157 2187
14.8389559488108 90 576
40.2577662708159 145 1307
0 41 0
6.4427186478598 77 630
21.3773134872359 81 780
13.9103131486274 80 741
39.6581324597593 162 1829
31.8629683467708 133 1397
3.9528514059716 74 528
35.5716040873632 145 1775
5.37573498657867 76 595
0 41 0
0 41 0
6.4427186478598 77 630
0 41 0
21.3773134872359 81 780
87.6103725880917 231 2167
26.7203833908551 110 982
0 41 0
0 41 0
13.9103131486274 80 741
0 41 0
7.93636231623064 78 666
19.6987946852876 113 1269
105.552683467154 238 2217
0 41 0
0 41 0
51.1449651065275 154 2082
0 41 0
7.67367057789481 93 455
2.41976101757533 70 406
97.5907415614794 223 2956
57.4896485397172 168 2074
3.04709456161423 72 465
0 41 0
5.64893643202774 72 150
2.70732783325005 71 435
0 41 0
13.9103131486274 80 741
0 41 0
7.65666769403961 99 848
0 41 0
7.90107973126472 100 871
0 41 0
43.0066618028483 120 1521
63.9478431368001 203 2586
13.0629363839349 79 224
0 41 0
0 41 0
23.8030203583919 102 990
0 41 0
0 41 0
0.916441495062304 60 171
7.71423054929554 99 821
27.5697072637976 114 1296
0 41 0
0 41 0
0 41 0
43.57109176983 161 1939
0 41 0
21.3773134872359 81 780
0 41 0
27.7024305143117 117 1407
0 41 0
43.0066618028483 120 1521
17.6850574526756 112 819
3.9528514059716 74 528
10.1766692941424 79 703
0 41 0
4.5754093466867 75 561
54.3339251612586 173 1763
50.3732980663287 192 2048
0 41 0
2.41976101757533 70 406
13.9103131486274 80 741
2.17320414118944 69 378
14.4865172454461 82 742
21.3773134872359 81 780
15.5682007218657 97 877
43.0066618028483 120 1521
0 41 0
0 41 0
0 41 0
35.794065170789 119 1483
0 41 0
0 41 0
0 41 0
12.3461334267008 97 757
0 41 0
1.10315457790207 62 210
0 41 0
13.9103131486274 80 741
27.7024305143117 117 1407
0 41 0
2.17320414118944 69 378
0 41 0
21.3773134872359 81 780
43.0066618028483 120 1521
0 41 0
0 41 0
52.0400482490589 174 2050
0 41 0
15.9797090916551 109 851
0 41 0
0 41 0
64.8871828357525 158 2224
24.8929076903178 140 1620
43.0066618028483 120 1521
0 41 0
0 41 0
13.9103131486274 80 741
4.07209142546263 59 58
21.3773134872359 81 780
3.9528514059716 74 528
0 41 0
21.3773134872359 81 780
2.17320414118944 69 378
0 41 0
0 41 0
0 41 0
0 41 0
19.2006124463402 142 1271
43.0066618028483 120 1521
0 41 0
60.656379450322 198 2024
0 41 0
52.0558205209927 172 1498
0 41 0
8.1896582158914 101 895
0 41 0
0.360720014762792 51 45
0 41 0
0 41 0
0 41 0
0 41 0
0 41 0
23.8951687420933 110 1156
1.77234586984225 67 325
13.1467012567621 109 1131
32.023286513395 122 1054
7.93636231623064 78 666
21.3773134872359 81 780
0 41 0
41.1089294013673 133 1207
0 41 0
1.77234586984225 67 325
0 41 0
0 41 0
43.911902120843 144 1466
21.3773134872359 81 780
21.3773134872359 81 780
10.1766692941424 79 703
2.17320414118944 69 378
0 41 0
0 41 0
0 41 0
21.3773134872359 81 780
9.65990228975272 98 856
1.95945082708102 68 351
21.3773134872359 81 780
19.4293650643124 102 900
0 41 0
0 41 0
0 41 0
18.9019776386886 129 1307
55.5242498484554 178 2330
0 41 0
0 41 0
111.670133215652 253 3310
0 41 0
9.25429506163955 97 440
0.407055786557864 52 55
3.9528514059716 74 528
0 41 0
39.8294489782324 147 1850
0 41 0
0 41 0
48.1089692303586 170 1697
64.8871828357525 158 2224
0 41 0
13.9103131486274 80 741
13.9103131486274 80 741
0 41 0
0 41 0
31.3923473794018 128 1311
0 41 0
21.3773134872359 81 780
0 41 0
5.37573498657867 76 595
0 41 0
0 41 0
23.2650884085376 96 885
0 41 0
0 41 0
0 41 0
0 41 0
0 41 0
0 41 0
21.3773134872359 81 780
1.10315457790207 62 210
0 41 0
3.11645424345904 61 87
0 41 0
64.8871828357525 158 2224
0 41 0
0 41 0
0 41 0
26.911426637296 141 1220
0 41 0
44.0609835794599 150 1314
21.3773134872359 81 780
51.1957742057927 161 1885
0 41 0
0 41 0
0.360720014762792 51 45
7.93636231623064 78 666
7.93636231623064 78 666
42.9404801813519 162 1777
0 41 0
21.3773134872359 81 780
15.9674096198769 101 951
73.872135570673 196 2448
0 41 0
22.0495006483167 103 862
0 41 0
0 41 0
3.9528514059716 74 528
21.3773134872359 81 780
21.3773134872359 81 780
44.0320581641108 144 1741
30.9735741105801 122 1194
0.624985073266637 56 105
0 41 0
2.17320414118944 69 378
3.9528514059716 74 528
26.7863024024875 135 1542
0 41 0
0 41 0
21.3773134872359 81 780
140.42178698273 287 2948
13.9103131486274 80 741
26.9207645913907 114 1308
1.8458661223056 57 60
0 41 0
3.04709456161423 72 465
5.06025826326306 82 514
0.360720014762792 51 45
62.2375372326501 182 2452
13.9103131486274 80 741
0 41 0
21.3773134872359 81 780
0 41 0
0 41 0
0 41 0
21.3773134872359 81 780
0 41 0
0 41 0
17.7490676568326 98 784
10.1766692941424 79 703
35.794065170789 119 1483
0.236400252463653 48 21
21.3773134872359 81 780
11.1784147677621 93 651
23.1167992468529 94 858
30.3992198643479 116 1369
36.4958485010722 142 1652
14.0697130267333 116 1012
0 41 0
21.3773134872359 81 780
0 41 0
0 41 0
0 41 0
21.3773134872359 81 780
0 41 0
3.9528514059716 74 528
27.7024305143117 117 1407
0 41 0
0 41 0
21.3773134872359 81 780
0 41 0
0 41 0
21.3773134872359 81 780
0 41 0
0 41 0
0.916441495062304 60 171
0 41 0
0.163340318329348 46 10
0 41 0
21.3773134872359 81 780
119.319115115633 277 3446
0 41 0
38.5209269198342 148 1871
1.60718189348826 66 300
1.68602388921133 68 211
20.6901114469087 114 1302
0 41 0
0 41 0
0 41 0
0 41 0
74.8477075739679 210 2806
0 41 0
10.1766692941424 79 703
21.7643117277624 108 831
0 41 0
3.9528514059716 74 528
0 41 0
3.9528514059716 74 528
0 41 0
57.2606955704277 191 2135
8.44588122070238 82 672
0 41 0
0 41 0
1.46029711354299 65 276
1.21037715624263 63 231
0 41 0
15.598374529096 101 787
0 41 0
2.70732783325005 71 435
0 41 0
27.7024305143117 117 1407
19.8175304513023 123 856
42.1336473627659 140 1621
0 41 0
2.41976101757533 70 406
0 41 0
10.1766692941424 79 703
25.5120040563558 112 1225
15.5834723742475 101 814
21.3773134872359 81 780
21.3773134872359 81 780
40.8508015972361 148 1889
0 41 0
0 41 0
13.9103131486274 80 741
0 41 0
42.4870529057526 145 1445
0 41 0
13.9103131486274 80 741
1.3288001102211 64 253
0 41 0
0 41 0
26.3427934426818 113 1276
0 41 0
5.04729045036206 58 64
0 41 0
0 41 0
12.8690076104655 84 441
6.14404515079058 86 640
6.4427186478598 77 630
0 41 0
101.200799102525 263 3644
0.236400252463653 48 21
13.9103131486274 80 741
32.2137749066421 118 1446
13.9103131486274 80 741
19.7797143555878 133 1377
0 41 0
17.452440136383 112 1227
43.0066618028483 120 1521
13.9103131486274 80 741
0 41 0
21.3773134872359 81 780
0 41 0
2.70732783325005 71 435
5.37573498657867 76 595
21.3773134872359 81 780
19.4293650643124 102 900
13.9103131486274 80 741
43.0066618028483 120 1521
0 41 0
32.2137749066421 118 1446
0 41 0
0 41 0
0 41 0
0 41 0
0 41 0
0 41 0
0 41 0
0 41 0
21.3773134872359 81 780
21.3773134872359 81 780
0 41 0
0 41 0
0 41 0
0 41 0
18.9255821168516 111 1191
26.7144006405573 135 921
10.1766692941424 79 703
3.9528514059716 74 528
0.360720014762792 51 45
22.0400217697514 112 989
11.2115657465327 90 758
0 41 0
0 41 0
13.9103131486274 80 741
0 41 0
0 41 0
10.8394693372783 84 713
10.1766692941424 79 703
12.2212454604556 101 934
21.3773134872359 81 780
22.6819950059262 88 801
0 41 0
3.9528514059716 74 528
44.8300244973526 146 1786
13.9103131486274 80 741
0 41 0
21.3773134872359 81 780
0 41 0
7.93636231623064 78 666
0 41 0
42.5809357431479 126 685
6.4427186478598 77 630
0 41 0
0 41 0
0 41 0
0 41 0
0 41 0
0 41 0
21.3773134872359 81 780
0 41 0
0 41 0
1.10315457790207 62 210
52.6863896151748 154 2076
11.6410779049957 95 676
9.13244623524329 94 678
13.8956727480701 108 1109
0 41 0
0 41 0
94.893047085797 245 3401
1.00559863487481 61 190
0.508787051123568 54 78
0 41 0
31.5427900340535 147 1540
0 41 0
0 41 0
6.4427186478598 77 630
56.9071202267953 156 2149
0 41 0
0 41 0
5.37573498657867 76 595
13.9103131486274 80 741
0 41 0
0 41 0
23.8030203583919 102 990
59.250774127477 171 2050
0 41 0
0 41 0
27.6676810582169 115 1341
8.53583544744552 102 920
1.95945082708102 68 351
0 41 0
0 41 0
32.2329873586513 135 1428
0 41 0
21.3773134872359 81 780
3.9528514059716 74 528
0 41 0
0 41 0
35.794065170789 119 1483
7.93636231623064 78 666
3.45472664020601 73 496
0 41 0
0 41 0
0 41 0
39.0266821622481 132 1405
1.87518028113435 51 21
0 41 0
0 41 0
5.37573498657867 76 595
0 41 0
0 41 0
21.3773134872359 81 780
0 41 0
0 41 0
0 41 0
0 41 0
0 41 0
0.407055786557864 52 55
1.21037715624263 63 231
8.95902460388978 103 946
78.5312520630365 238 2612
1.45991206891987 66 216
14.1444067741017 125 1165
0 41 0
108.118864244733 254 3695
27.1138509264373 141 1327
9.6220261252554 87 507
24.7035442240119 108 1131
43.0066618028483 120 1521
11.0740767584669 105 1017
0 41 0
32.2137749066421 118 1446
6.87954893908971 75 273
0 41 0
21.3773134872359 81 780
43.0066618028483 120 1521
48.4170438317153 193 2183
10.77388240666 83 709
4.45540011076569 56 49
0.0637861178483013 43 1
0 41 0
0 41 0
0 41 0
1.21037715624263 63 231
76.0190407019881 212 2102
21.3773134872359 81 780
16.3815599472882 123 1114
21.3773134872359 81 780
25.9298177331099 107 694
21.3773134872359 81 780
0 41 0
21.3773134872359 81 780
34.7727125517854 118 1444
0 41 0
0 41 0
13.9103131486274 80 741
3.67810608814066 80 373
0 41 0
0 41 0
24.9302149201295 109 1158
10.5545686796475 94 679
1.95945082708102 68 351
69.4244210913184 189 2287
64.8871828357525 158 2224
42.6889118596437 171 2101
21.3773134872359 81 780
21.3773134872359 81 780
0 41 0
0 41 0
0 41 0
47.4752972523251 146 1846
0 41 0
52.7053711908483 171 1772
33.4170708540111 143 1726
0 41 0
0 41 0
46.8895810988271 163 1808
0.275645613694144 49 28
22.083941209289 115 1336
1.46029711354299 65 276
39.7461902637289 164 1703
43.0066618028483 120 1521
11.0740767584669 105 1017
7.73685671558195 100 853
7.93636231623064 78 666
0 41 0
9.13839333566041 85 463
0 41 0
0 41 0
5.37573498657867 76 595
0 41 0
0 41 0
21.3773134872359 81 780
21.3773134872359 81 780
0 41 0
5.37573498657867 76 595
0 41 0
0 41 0
0.944800334843435 52 31
52.6005512737057 163 1636
0 41 0
6.4427186478598 77 630
0 41 0
0 41 0
39.060131192935 155 1578
17.452440136383 112 1227
43.0066618028483 120 1521
0 41 0
0 41 0
0 41 0
0.163340318329348 46 10
0 41 0
35.4744958820685 141 1619
13.5267930196821 107 1081
21.3773134872359 81 780
15.5720860291304 94 752
43.0066618028483 120 1521
2.17320414118944 69 378
10.1766692941424 79 703
0 41 0
0 41 0
46.2537930468527 176 2126
0.407055786557864 52 55
24.2724299743586 131 1456
13.9103131486274 80 741
5.66857384693276 78 596
13.9103131486274 80 741
12.3461334267008 97 757
21.3773134872359 81 780
6.19334153297736 94 732
23.0252352258526 132 1341
0 41 0
0 41 0
10.1766692941424 79 703
21.3773134872359 81 780
16.4490532163679 105 860
21.3773134872359 81 780
23.1899290250835 95 871
13.9103131486274 80 741
0 41 0
0 41 0
43.0066618028483 120 1521
6.4427186478598 77 630
14.8389559488108 90 576
0 41 0
0 41 0
21.3773134872359 81 780
0.759261848680172 58 136
1.3288001102211 64 253
0 41 0
0 41 0
0 41 0
1.00559863487481 61 190
4.5754093466867 75 561
10.1766692941424 79 703
13.9103131486274 80 741
30.6212806844932 161 1617
0 41 0
5.37573498657867 76 595
0 41 0
0 41 0
17.4756015085395 109 1123
28.6694743609432 116 1375
0 41 0
0 41 0
0 41 0
0 41 0
21.3773134872359 81 780
21.3773134872359 81 780
0 41 0
5.37573498657867 76 595
0 41 0
21.3773134872359 81 780
10.8394693372783 84 713
0 41 0
0.834625687109001 59 153
0.564875101461444 55 91
3.45472664020601 73 496
21.3773134872359 81 780
3.45472664020601 73 496
22.6819950059262 88 801
6.4427186478598 77 630
20.0412805634139 114 1298
21.3773134872359 81 780
0 41 0
0 41 0
0.759261848680172 58 136
0 41 0
0 41 0
6.45854707267099 56 31
21.3773134872359 81 780
21.3773134872359 81 780
0 41 0
0 41 0
0 41 0
20.0412805634139 114 1298
15.5281421511022 92 625
16.5537025351199 105 1041
0 41 0
0 41 0
0 41 0
0 41 0
0 41 0
21.3773134872359 81 780
13.9103131486274 80 741
0 41 0
22.891139085157 120 1081
30.923457401565 130 956
0 41 0
59.8394485522221 176 2278
0 41 0
0 41 0
3.45472664020601 73 496
6.4427186478598 77 630
43.0066618028483 120 1521
0 41 0
0 41 0
0.275645613694144 49 28
0 41 0
0 41 0
29.6398950481329 136 1487
0 41 0
0 41 0
18.9255821168516 111 1191
0 41 0
0 41 0
0 41 0
0 41 0
0 41 0
0 41 0
60.806667733655 185 2541
0 41 0
1.10315457790207 62 210
73.4325597190241 210 2865
6.4427186478598 77 630
4.44484677157425 70 198
28.9061078611083 142 1249
0 41 0
0 41 0
54.5971384407411 175 2002
0 41 0
16.2280456386881 103 994
0 41 0
28.6694743609432 116 1375
21.3773134872359 81 780
0 41 0
0 41 0
21.3773134872359 81 780
78.7218327384207 238 2776
2.03749506122383 48 9
30.0812142101041 117 1410
1.77234586984225 67 325
0 41 0
43.0066618028483 120 1521
13.9103131486274 80 741
21.3773134872359 81 780
0 41 0
22.1402659672219 122 1057
13.9103131486274 80 741
24.3334271985661 106 1080
0 41 0
13.9103131486274 80 741
0 41 0
14.3470414870172 109 1138
0 41 0
0 41 0
21.3773134872359 81 780
20.6901114469087 114 1302
13.9103131486274 80 741
0 41 0
21.3773134872359 81 780
0 41 0
0 41 0
6.4427186478598 77 630
0 41 0
1.21037715624263 63 231
0 41 0
0 41 0
0 41 0
0 41 0
0 41 0
0 41 0
21.3773134872359 81 780
0 41 0
21.3773134872359 81 780
12.7342981501816 108 880
0 41 0
35.5329313103995 151 1268
21.3773134872359 81 780
0 41 0
0 41 0
7.93636231623064 78 666
21.3773134872359 81 780
13.9103131486274 80 741
0 41 0
6.83598181822611 94 748
0 41 0
7.93636231623064 78 666
40.3109508674942 155 1618
0 41 0
25.1646173149628 127 1200
0 41 0
0 41 0
1.60718189348826 66 300
1.57499664522419 55 46
98.0079755364056 228 3418
0 41 0
23.6009466822989 100 951
0 41 0
0 41 0
21.3773134872359 81 780
43.5185505163417 169 2047
5.37573498657867 76 595
2.17320414118944 69 378
7.93636231623064 78 666
17.4756015085395 109 1123
0 41 0
0 41 0
96.5369746954693 246 3473
17.452440136383 112 1227
35.5716040873632 145 1775
0 41 0
0 41 0
0 41 0
21.3773134872359 81 780
13.9103131486274 80 741
0 41 0
34.7727125517854 118 1444
0 41 0
0 41 0
0 41 0
0 41 0
0 41 0
27.5697072637976 114 1296
0 41 0
23.5100230528701 99 933
1.00559863487481 61 190
0 41 0
27.1473480675692 123 1082
6.4427186478598 77 630
13.8581676275779 109 794
0 41 0
19.8076267399 90 295
46.3418070572106 134 1514
57.928472845799 157 2187
0 41 0
44.7315446047459 153 2044
0 41 0
0 41 0
0 41 0
0 41 0
0 41 0
23.0923622127533 151 1618
21.3773134872359 81 780
15.8549384765262 100 931
25.4446104845655 127 1260
0 41 0
13.9103131486274 80 741
0 41 0
0 41 0
11.4360654874775 106 1044
1.95945082708102 68 351
0 41 0
9.13244623524329 94 678
21.3773134872359 81 780
2.17320414118944 69 378
0.360720014762792 51 45
13.9103131486274 80 741
21.3773134872359 81 780
0 41 0
0.31700455065862 50 36
13.3899880737024 99 538
0 41 0
10.2059901722013 98 786
21.3773134872359 81 780
34.7727125517854 118 1444
3.45472664020601 73 496
43.0066618028483 120 1521
31.6671896474725 136 1565
21.3773134872359 81 780
0 41 0
25.5067802365109 111 1215
30.3992198643479 116 1369
6.4427186478598 77 630
23.8957798235227 142 1400
0 41 0
0 41 0
13.674596310453 109 1126
0 41 0
0 41 0
0 41 0
43.8902932620254 158 1933
21.3773134872359 81 780
21.3773134872359 81 780
6.4427186478598 77 630
6.4427186478598 77 630
25.5120040563558 112 1225
35.794065170789 119 1483
35.794065170789 119 1483
0 41 0
15.751855144908 99 912
0 41 0
25.6602814381113 130 1300
11.9647084551169 99 893
0 41 0
0 41 0
10.3306337663557 91 478
21.3773134872359 81 780
0 41 0
59.3923381110917 186 2567
52.4754880224127 155 2116
22.5537197478318 108 1089
21.3773134872359 81 780
43.0066618028483 120 1521
3.82109199718785 81 437
4.5754093466867 75 561
0 41 0
0 41 0
0 41 0
0 41 0
0 41 0
3.70104645852013 81 501
22.2066137392388 83 781
1.46029711354299 65 276
10.1766692941424 79 703
13.9103131486274 80 741
0 41 0
15.4389834171349 111 1194
41.5225430719868 151 1418
13.9103131486274 80 741
0.916441495062304 60 171
6.4427186478598 77 630
14.0195651937288 82 262
21.3749865187906 107 562
0 41 0
7.93636231623064 78 666
0 41 0
0 41 0
0 41 0
0 41 0
21.3773134872359 81 780
1.10315457790207 62 210
21.3773134872359 81 780
29.5890741327109 146 1794
27.3825988573264 120 665
42.1150772435171 172 2112
0 41 0
3.04709456161423 72 465
0 41 0
6.4427186478598 77 630
4.5754093466867 75 561
0 41 0
2.41976101757533 70 406
27.5697072637976 114 1296
23.4854323626665 115 1333
0 41 0
0 41 0
13.9103131486274 80 741
7.93636231623064 78 666
27.5697072637976 114 1296
32.2137749066421 118 1446
0 41 0
0 41 0
0 41 0
8.86945870543123 89 721
0 41 0
8.43270857269161 83 282
7.93636231623064 78 666
21.3773134872359 81 780
21.3773134872359 81 780
6.22618104866729 62 100
30.3992198643479 116 1369
0 41 0
0 41 0
7.93636231623064 78 666
0 41 0
0 41 0
26.9067554038028 142 1675
2.17320414118944 69 378
0 41 0
0 41 0
10.9161211712064 75 180
0.916441495062304 60 171
21.3957122139181 106 1024
14.167970314219 88 529
0 41 0
0 41 0
0 41 0
0 41 0
0 41 0
0 41 0
1.60718189348826 66 300
13.9103131486274 80 741
0 41 0
7.93636231623064 78 666
0 41 0
1.77234586984225 67 325
25.5120040563558 112 1225
3.9528514059716 74 528
0 41 0
34.7727125517854 118 1444
0 41 0
8.38390889449271 101 879
30.7383858295526 134 1462
0 41 0
0 41 0
13.9103131486274 80 741
0 41 0
0 41 0
0 41 0
0 41 0
1.77234586984225 67 325
40.4932648867633 144 792
0 41 0
66.454200547858 204 2664
21.919917052898 121 1107
21.3773134872359 81 780
0 41 0
0 41 0
13.9103131486274 80 741
0 41 0
12.2212454604556 101 934
24.1844594146941 116 1371
35.794065170789 119 1483
0.163340318329348 46 10
30.0812142101041 117 1410
21.3773134872359 81 780
34.7727125517854 118 1444
12.1551884929441 113 940
21.3773134872359 81 780
0 41 0
21.3773134872359 81 780
21.3773134872359 81 780
13.9103131486274 80 741
21.3773134872359 81 780
87.0179573041026 195 2890
0 41 0
20.6901114469087 114 1302
7.93636231623064 78 666
24.2863485005328 130 1290
21.3773134872359 81 780
13.9103131486274 80 741
35.794065170789 119 1483
5.19504817890913 92 667
0 41 0
2.38824159457974 61 94
0 41 0
0 41 0
1.46029711354299 65 276
44.8300244973526 146 1786
12.3669170893331 108 1095
0 41 0
0 41 0
17.8034612409976 107 700
6.81503716155442 64 121
60.9984261070894 200 2188
0 41 0
30.3992198643479 116 1369
87.0179573041026 195 2890
64.2135084948696 219 2725
0 41 0
10.1766692941424 79 703
3.26054690276287 52 25
0 41 0
0 41 0
0 41 0
0 41 0
0 41 0
43.0066618028483 120 1521
35.0622188161501 120 1141
0 41 0
0 41 0
31.8611125130177 133 1367
62.231520565775 162 2119
21.3773134872359 81 780
0 41 0
0 41 0
13.9103131486274 80 741
0 41 0
35.794065170789 119 1483
21.3773134872359 81 780
0 41 0
0 41 0
0 41 0
0 41 0
26.2803379530576 131 1342
10.1766692941424 79 703
0 41 0
87.0179573041026 195 2890
0 41 0
21.3773134872359 81 780
0 41 0
0.129074537935643 45 6
0 41 0
77.0217219689216 218 2977
25.9236613548315 140 1615
0 41 0
0 41 0
6.4427186478598 77 630
83.4074552803346 202 2397
27.391042390995 134 1444
7.93636231623064 78 666
5.64309120174022 83 424
53.2412762817506 193 2149
6.87954893908971 75 273
5.63721867604432 60 81
0 41 0
0 41 0
0 41 0
24.1844594146941 116 1371
0 41 0
25.5120040563558 112 1225
0 41 0
0 41 0
25.8823443428586 112 1245
0 41 0
0 41 0
0 41 0
15.656687288063 98 894
6.63499612720592 95 711
48.8156666303999 179 2332
0.508787051123568 54 78
0 41 0
43.0066618028483 120 1521
11.6131498795967 80 361
0 41 0
37.4753297408152 144 1719
0 41 0
10.1766692941424 79 703
74.8836488092792 205 2727
11.165769588979 100 620
0 41 0
0 41 0
21.3773134872359 81 780
11.2554753705134 107 742
48.0478831378495 153 2037
21.3773134872359 81 780
0.916441495062304 60 171
31.8309561682938 124 1431
0 41 0
3.9528514059716 74 528
0 41 0
25.5067802365109 111 1215
50.5635566281109 179 1941
0 41 0
10.6264238803604 91 422
0 41 0
0 41 0
21.3773134872359 81 780
15.9674096198769 101 951
1.21037715624263 63 231
0 41 0
29.7276426078742 144 1723
0 41 0
21.3957122139181 106 1024
35.304074262493 141 1641
0 41 0
7.93636231623064 78 666
10.1766692941424 79 703
0 41 0
0 41 0
0 41 0
0 41 0
0 41 0
5.37573498657867 76 595
0 41 0
0 41 0
64.8871828357525 158 2224
21.864082476648 119 994
21.3773134872359 81 780
0 41 0
0 41 0
7.93636231623064 78 666
21.3773134872359 81 780
0 41 0
29.1360223010861 132 1425
16.3014425561836 98 849
18.3839568029144 111 1206
0 41 0
54.500944657469 156 2151
21.3773134872359 81 780
0 41 0
0 41 0
0 41 0
0 41 0
0 41 0
0 41 0
21.3773134872359 81 780
21.3773134872359 81 780
1.00559863487481 61 190
0 41 0
16.6860424525742 126 1244
0 41 0
0 41 0
4.0355129945558 66 109
10.6385962077831 91 601
21.3773134872359 81 780
0 41 0
0 41 0
51.0880506237552 160 1981
0 41 0
0.689596180160361 57 120
52.6863896151748 154 2076
3.87153271661549 79 351
0 41 0
0 41 0
13.9103131486274 80 741
0 41 0
21.3773134872359 81 780
6.4427186478598 77 630
67.4283400943973 223 2221
7.93636231623064 78 666
46.4513258322366 183 2100
26.9207645913907 114 1308
11.6807450562798 81 261
0.689596180160361 57 120
64.8871828357525 158 2224
0 41 0
23.8951687420933 110 1156
31.7751830972248 119 1372
24.9302149201295 109 1158
76.9134949356732 199 2722
43.0066618028483 120 1521
1.10315457790207 62 210
0 41 0
15.3955150490056 125 1173
13.9103131486274 80 741
27.7024305143117 117 1407
15.1935455382795 92 807
0 41 0
0 41 0
26.3665530093378 131 1476
6.69292998513424 89 444
0 41 0
54.9671216838274 177 2287
0 41 0
21.3773134872359 81 780
0.564875101461444 55 91
27.3116611458645 151 1508
43.0066618028483 120 1521
0.0637861178483013 43 1
4.5754093466867 75 561
35.794065170789 119 1483
0 41 0
18.9254209389542 113 644
0 41 0
0 41 0
21.3773134872359 81 780
23.3384138809902 134 1250
0 41 0
0 41 0
24.1844594146941 116 1371
0 41 0
0 41 0
9.73181657081423 101 874
0 41 0
21.3773134872359 81 780
35.0867868643364 159 1843
49.9597231554856 151 1928
0 41 0
24.5065677090027 107 1105
27.5813212740316 119 1131
0 41 0
10.1766692941424 79 703
21.3773134872359 81 780
13.9103131486274 80 741
0 41 0
0 41 0
0 41 0
0 41 0
21.7324168612459 138 1564
5.27315802773177 93 637
0 41 0
29.5749895883226 131 1389
0.456303012762596 53 66
2.41976101757533 70 406
27.3608870557696 118 1260
21.3773134872359 81 780
0 41 0
13.9103131486274 80 741
0 41 0
50.8718345728806 152 1999
0 41 0
3.9528514059716 74 528
5.37573498657867 76 595
0 41 0
0 41 0
0.199039505013489 47 15
6.4427186478598 77 630
27.5697072637976 114 1296
5.37573498657867 76 595
0.31700455065862 50 36
21.3773134872359 81 780
1.77234586984225 67 325
16.7635041868425 94 292
19.4293650643124 102 900
63.2427304928084 188 2635
0 41 0
0 41 0
0 41 0
0 41 0
1.21037715624263 63 231
0.689596180160361 57 120
0 41 0
21.3773134872359 81 780
1.46029711354299 65 276
39.003460749573 166 1984
35.794065170789 119 1483
3.9528514059716 74 528
0 41 0
0 41 0
13.9103131486274 80 741
5.37573498657867 76 595
31.8115495478943 138 1570
0 41 0
5.37573498657867 76 595
13.6856821315332 101 871
7.99549328402443 68 169
2.17320414118944 69 378
0 41 0
0 41 0
1.46029711354299 65 276
1.58789215025612 65 157
0 41 0
25.0213670347927 91 801
0 41 0
0 41 0
43.8930079209739 163 2000
0 41 0
0 41 0
0 41 0
23.2650884085376 96 885
31.8028581730243 105 871
0 41 0
43.0066618028483 120 1521
28.6694743609432 116 1375
10.1766692941424 79 703
21.3773134872359 81 780
21.3773134872359 81 780
13.9103131486274 80 741
5.0063443429534 88 619
0 41 0
21.3773134872359 81 780
0 41 0
43.0066618028483 120 1521
0 41 0
77.2485169112879 191 2740
0 41 0
30.0812142101041 117 1410
10.1766692941424 79 703
6.4427186478598 77 630
1.77234586984225 67 325
0 41 0
22.6819950059262 88 801
0 41 0
27.7024305143117 117 1407
1.46029711354299 65 276
13.9103131486274 80 741
10.1948744665813 105 1008
1.21037715624263 63 231
10.1766692941424 79 703
0 41 0
4.5754093466867 75 561
0 41 0
0 41 0
0 41 0
5.37573498657867 76 595
0 41 0
0 41 0
0 41 0
1.46029711354299 65 276
62.0459792464918 185 2535
4.5754093466867 75 561
43.0066618028483 120 1521
0 41 0
0 41 0
19.166034439401 120 1202
30.82652523347 117 1087
21.3773134872359 81 780
0 41 0
21.3773134872359 81 780
30.3992198643479 116 1369
77.2485169112879 191 2740
0 41 0
14.9326125537704 88 769
0 41 0
6.4427186478598 77 630
13.9103131486274 80 741
2.70732783325005 71 435
13.9103131486274 80 741
18.873541271847 106 676
0 41 0
0 41 0
0 41 0
16.3811171620503 104 1017
34.7727125517854 118 1444
0 41 0
2.48034099898766 58 66
0 41 0
0 41 0
10.1766692941424 79 703
0 41 0
0 41 0
1.95945082708102 68 351
0 41 0
35.794065170789 119 1483
0 41 0
1.60718189348826 66 300
0 41 0
0 41 0
44.3125691750998 148 1655
11.2613388037139 79 266
22.4263240618465 124 992
27.6676810582169 115 1341
13.9103131486274 80 741
60.4113324415837 175 2300
24.7170758076242 102 922
0 41 0
0 41 0
13.5267930196821 107 1081
21.3773134872359 81 780
27.7024305143117 117 1407
21.3773134872359 81 780
2.17320414118944 69 378
90.7043472302443 232 2828
17.1596500505722 107 966
75.2226142765242 191 2746
0 41 0
21.3957122139181 106 1024
3.04709456161423 72 465
50.2723162965573 169 2045
0.0637861178483013 43 1
21.3773134872359 81 780
50.8718345728806 152 1999
13.4517305021372 114 868
0 41 0
21.3773134872359 81 780
39.0266821622481 132 1405
32.2137749066421 118 1446
1.00559863487481 61 190
0 41 0
79.4576244682169 191 1940
25.5120040563558 112 1225
0 41 0
0 41 0
13.4040183285827 97 509
15.146919344488 109 789
0 41 0
6.4427186478598 77 630
0 41 0
3.04709456161423 72 465
54.9577578529846 178 1977
3.9528514059716 74 528
27.0553535090805 137 1581
0 41 0
2.17320414118944 69 378
0 41 0
13.9103131486274 80 741
25.1943995747185 110 1186
0.0959914969391969 44 3
12.4329687227954 108 1101
3.74794918398389 76 499
24.0417316309752 104 1033
0 41 0
10.1766692941424 79 703
49.7389796084752 151 1818
1.30297896536208 53 34
55.2817072623255 162 2137
16.5347253109167 126 1244
0 41 0
0 41 0
48.9791393928744 151 1986
0 41 0
13.9103131486274 80 741
15.9837766543492 118 1070
0 41 0
34.5827574832196 144 1126
13.9103131486274 80 741
3.9528514059716 74 528
0.275645613694144 49 28
0 41 0
30.3992198643479 116 1369
0 41 0
0 41 0
64.2640831118121 189 2674
21.3773134872359 81 780
21.3773134872359 81 780
3.45472664020601 73 496
8.04278272315786 98 552
23.4243448894309 98 916
21.3773134872359 81 780
43.0066618028483 120 1521
0 41 0
0 41 0
34.7727125517854 118 1444
5.37573498657867 76 595
0 41 0
4.5754093466867 75 561
0 41 0
21.3773134872359 81 780
21.3773134872359 81 780
68.9006288511805 207 2688
0 41 0
21.3773134872359 81 780
15.5281421511022 92 625
0 41 0
0 41 0
0 41 0
0 41 0
0 41 0
33.4145097812346 170 2058
21.3773134872359 81 780
32.2137749066421 118 1446
0 41 0
0 41 0
5.37573498657867 76 595
7.93636231623064 78 666
0 41 0
0 41 0
0 41 0
0 41 0
21.3773134872359 81 780
0 41 0
28.4897475037008 143 1696
0 41 0
0 41 0
21.3773134872359 81 780
0 41 0
0 41 0
0 41 0
0 41 0
13.9103131486274 80 741
21.3773134872359 81 780
13.9103131486274 80 741
13.9103131486274 80 741
24.8904958726703 124 1111
0 41 0
13.9103131486274 80 741
25.5120040563558 112 1225
54.500944657469 156 2151
21.3773134872359 81 780
0 41 0
0 41 0
20.3659685780471 104 961
7.93636231623064 78 666
0 41 0
13.9103131486274 80 741
0 41 0
0 41 0
21.3773134872359 81 780
0 41 0
0 41 0
0 41 0
0 41 0
0 41 0
21.3773134872359 81 780
2.17320414118944 69 378
69.4060644692965 209 2807
52.6863896151748 154 2076
21.3773134872359 81 780
0 41 0
0 41 0
0 41 0
0.236400252463653 48 21
54.500944657469 156 2151
0 41 0
10.1766692941424 79 703
0.0637861178483013 43 1
0 41 0
21.3773134872359 81 780
0 41 0
51.96381598521 171 2190
25.5120040563558 112 1225
10.1766692941424 79 703
0 41 0
42.6189368174191 175 1569
50.2711581390114 156 1807
0 41 0
0 41 0
0 41 0
21.3773134872359 81 780
21.3773134872359 81 780
0 41 0
0 41 0
5.41005335617225 86 490
79.0438514789561 211 2906
0 41 0
0 41 0
0 41 0
0 41 0
0 41 0
0 41 0
0 41 0
21.3773134872359 81 780
0 41 0
0 41 0
9.02447680216086 85 358
21.3773134872359 81 780
0 41 0
0 41 0
0 41 0
1.77234586984225 67 325
0.624985073266637 56 105
0 41 0
17.452440136383 112 1227
60.6948691249619 162 2197
3.9528514059716 74 528
21.3773134872359 81 780
33.9170242321597 144 1753
85.8576583717258 220 3128
0.129074537935643 45 6
0 41 0
21.3773134872359 81 780
26.0923098454866 99 352
0 41 0
34.7727125517854 118 1444
0 41 0
0 41 0
0 41 0
12.3461334267008 97 757
0 41 0
6.4427186478598 77 630
0 41 0
57.0205846694098 185 2539
23.8030203583919 102 990
0 41 0
8.29718152018195 98 840
0 41 0
47.1797968724428 153 1619
21.3773134872359 81 780
0 41 0
13.9103131486274 80 741
1.40944824222985 62 120
0 41 0
45.3771636876696 182 2056
21.3773134872359 81 780
1.68602388921133 68 211
0 41 0
0 41 0
8.650682376632 92 627
65.9563811802674 179 2362
65.58415727291 188 2638
0 41 0
0 41 0
21.3773134872359 81 780
52.6771720821859 175 2192
21.3773134872359 81 780
39.4948103913632 150 1942
25.2591173457717 144 1135
12.2767353264785 104 963
0 41 0
63.3324165597295 181 1376
11.4360654874775 106 1044
6.95402751172584 94 682
6.22803231681889 96 759
0 41 0
34.6612259506612 128 1219
0 41 0
0 41 0
31.0323368785645 137 1545
0 41 0
0 41 0
0 41 0
13.6856821315332 101 871
30.3992198643479 116 1369
55.8857676077917 155 2110
21.3773134872359 81 780
36.9152383335433 147 1144
14.8003133625171 86 756
0 41 0
0 41 0
21.3773134872359 81 780
42.7343153254366 152 2007
0 41 0
10.1766692941424 79 703
21.3773134872359 81 780
0 41 0
21.3773134872359 81 780
33.4170708540111 143 1726
27.313418156588 120 1180
27.6676810582169 115 1341
0 41 0
20.6684221055564 130 1317
50.0905883758568 155 2113
12.4221677992402 112 947
0 41 0
0.129074537935643 45 6
0 41 0
0 41 0
27.7024305143117 117 1407
26.9207645913907 114 1308
0 41 0
1.60718189348826 66 300
0 41 0
26.9424473027242 143 1708
48.2110625349644 149 1927
23.3429764641016 97 900
3.9528514059716 74 528
31.0248834072177 131 1366
0 41 0
0 41 0
13.9103131486274 80 741
2.17320414118944 69 378
0 41 0
0 41 0
4.5754093466867 75 561
97.9035794770395 260 3374
3.04709456161423 72 465
22.7931808033391 131 1212
0 41 0
0 41 0
25.5120040563558 112 1225
0 41 0
21.3773134872359 81 780
13.9103131486274 80 741
21.3773134872359 81 780
0 41 0
33.8499961895185 123 1456
58.6584584208162 155 1712
20.0412805634139 114 1298
0 41 0
27.7024305143117 117 1407
0 41 0
20.3659685780471 104 961
0 41 0
0 41 0
36.2397373397509 166 1733
13.182369121853 106 1026
0 41 0
20.3659685780471 104 961
0 41 0
0 41 0
0 41 0
0 41 0
38.9674345331796 149 1897
2.80833474554945 75 416
0 41 0
43.0066618028483 120 1521
0 41 0
5.37573498657867 76 595
0 41 0
14.167970314219 88 529
6.4427186478598 77 630
20.3659685780471 104 961
0 41 0
21.3773134872359 81 780
17.452440136383 112 1227
0 41 0
2.41976101757533 70 406
1.77234586984225 67 325
18.3839568029144 111 1206
0 41 0
103.291432119414 226 2292
0 41 0
0 41 0
21.3773134872359 81 780
3.45472664020601 73 496
2.15712083669837 56 51
0 41 0
21.3773134872359 81 780
0 41 0
9.39296675927647 72 175
0 41 0
21.3773134872359 81 780
34.7727125517854 118 1444
0 41 0
0 41 0
12.2365666351076 82 400
4.5754093466867 75 561
0.129074537935643 45 6
0 41 0
10.1766692941424 79 703
0 41 0
0 41 0
0 41 0
34.1597282314151 126 1474
0 41 0
0 41 0
0 41 0
0 41 0
0 41 0
38.4966823598189 145 1753
0 41 0
0 41 0
0 41 0
0 41 0
30.7595539275722 140 1603
0 41 0
13.9103131486274 80 741
0 41 0
42.1336473627659 140 1621
0 41 0
51.6076141029879 182 2021
5.37573498657867 76 595
0 41 0
13.862686595048 90 406
22.083941209289 115 1336
0 41 0
0 41 0
21.3773134872359 81 780
0 41 0
23.5345804154469 135 1512
0 41 0
0 41 0
21.3773134872359 81 780
35.304074262493 141 1641
40.2511554912567 148 1879
0 41 0
7.93636231623064 78 666
34.7727125517854 118 1444
0 41 0
0 41 0
0 41 0
0 41 0
0 41 0
21.3773134872359 81 780
0 41 0
0 41 0
2.17320414118944 69 378
0 41 0
0 41 0
0 41 0
20.6901114469087 114 1302
14.5055420440928 77 199
0 41 0
52.6863896151748 154 2076
16.976433763411 107 1092
43.7467783193786 165 1672
41.2931507492725 138 1564
0 41 0
62.3800855647918 165 1843
0.129074537935643 45 6
0 41 0
0 41 0
6.87954893908971 75 273
17.2400542845644 108 1119
0 41 0
0 41 0
0 41 0
0 41 0
21.3773134872359 81 780
0.564875101461444 55 91
7.93636231623064 78 666
0 41 0
14.4524715709631 103 931
3.9528514059716 74 528
0 41 0
0 41 0
0 41 0
0 41 0
0 41 0
21.3773134872359 81 780
0 41 0
0 41 0
13.9103131486274 80 741
19.4293650643124 102 900
10.1766692941424 79 703
14.8003133625171 86 756
0 41 0
0 41 0
0 41 0
0 41 0
5.37573498657867 76 595
12.8690076104655 84 441
0 41 0
56.9344145654975 177 1578
21.3773134872359 81 780
0 41 0
0 41 0
0 41 0
21.3773134872359 81 780
21.3773134872359 81 780
7.93636231623064 78 666
0 41 0
0 41 0
21.3773134872359 81 780
47.4524741297997 149 1891
0 41 0
21.3773134872359 81 780
0 41 0
0 41 0
0.129074537935643 45 6
8.20077399517103 66 94
16.6145483175149 112 1231
0 41 0
0.689596180160361 57 120
0.163340318329348 46 10
16.5537025351199 105 1041
55.9791317511524 167 1600
12.3552697435431 107 1060
64.8871828357525 158 2224
0 41 0
0 41 0
15.6406425812949 111 1199
0 41 0
0 41 0
21.3773134872359 81 780
21.3773134872359 81 780
48.0958432444768 177 2297
4.5754093466867 75 561
46.0580861477056 134 1612
0 41 0
0 41 0
0 41 0
0 41 0
0 41 0
0 41 0
16.0386348537299 101 577
0.236400252463653 48 21
0 41 0
57.928472845799 157 2187
0 41 0
10.1948744665813 105 1008
0 41 0
13.9103131486274 80 741
19.3033006249938 103 596
0 41 0
0 41 0
0 41 0
20.6901114469087 114 1302
0 41 0
0 41 0
0 41 0
0 41 0
26.9207645913907 114 1308
22.2066137392388 83 781
10.1766692941424 79 703
0 41 0
76.8449996092958 195 2351
4.5754093466867 75 561
10.1766692941424 79 703
96.5424918002808 244 3464
35.794065170789 119 1483
8.650682376632 92 627
21.3773134872359 81 780
6.39046407956193 95 571
13.9103131486274 80 741
0 41 0
0 41 0
21.3773134872359 81 780
3.9528514059716 74 528
10.1766692941424 79 703
0.236400252463653 48 21
21.9163454287575 138 1329
0 41 0
19.4801003938064 131 1198
0 41 0
0 41 0
0 41 0
22.0955617097593 96 355
22.9028964693542 91 825
78.0259295783702 233 3131
43.0066618028483 120 1521
103.838491961941 251 3260
0 41 0
21.3773134872359 81 780
0 41 0
0 41 0
7.93636231623064 78 666
0 41 0
0 41 0
0 41 0
33.3612556516299 143 1719
0 41 0
13.9103131486274 80 741
34.7727125517854 118 1444
21.3773134872359 81 780
0 41 0
61.9777992451372 191 2447
0 41 0
17.92578489037 110 1176
0 41 0
0 41 0
0 41 0
23.8951687420933 110 1156
0 41 0
0 41 0
0.759261848680172 58 136
3.9528514059716 74 528
0 41 0
0 41 0
0 41 0
0 41 0
8.684375335107 86 694
0 41 0
13.9103131486274 80 741
74.7120871420809 206 2805
0.163340318329348 46 10
10.8385490423533 111 735
0 41 0
18.5554712205387 109 943
31.7776484042794 133 1417
0 41 0
0 41 0
3.9528514059716 74 528
0 41 0
27.7024305143117 117 1407
0 41 0
10.1766692941424 79 703
45.9871121023207 181 1815
0 41 0
48.8778766671138 191 1880
13.9103131486274 80 741
0 41 0
52.6863896151748 154 2076
0 41 0
0 41 0
0 41 0
0 41 0
0 41 0
1.3288001102211 64 253
0 41 0
21.3773134872359 81 780
56.9071202267953 156 2149
24.1844594146941 116 1371
47.8150358248854 141 1351
0 41 0
0 41 0
0 41 0
13.9103131486274 80 741
30.1460078061279 104 901
21.3773134872359 81 780
43.4186819944634 152 2011
0.564875101461444 55 91
6.4427186478598 77 630
0 41 0
21.3773134872359 81 780
0 41 0
4.5754093466867 75 561
2.17320414118944 69 378
85.8757644303742 247 3472
0 41 0
0 41 0
10.1766692941424 79 703
0 41 0
0 41 0
0 41 0
3.45472664020601 73 496
0 41 0
21.3773134872359 81 780
21.3773134872359 81 780
22.083941209289 115 1336
0 41 0
0.564875101461444 55 91
20.8181442926861 113 1261
5.37573498657867 76 595
0 41 0
30.3992198643479 116 1369
13.9103131486274 80 741
0 41 0
9.16535142832599 69 121
0 41 0
22.5537197478318 108 1089
0 41 0
0 41 0
0 41 0
21.3773134872359 81 780
0 41 0
22.083941209289 115 1336
20.6901114469087 114 1302
0 41 0
0 41 0
21.3773134872359 81 780
1.10315457790207 62 210
64.8871828357525 158 2224
5.37573498657867 76 595
42.6626067366545 143 1684
58.095554809908 169 2229
21.3773134872359 81 780
0 41 0
0 41 0
0 41 0
28.6708595708499 128 1321
0 41 0
10.1766692941424 79 703
0 41 0
26.3427934426818 113 1276
0 41 0
25.9298177331099 107 694
0 41 0
0 41 0
10.1766692941424 79 703
0 41 0
4.45540011076569 56 49
6.4427186478598 77 630
14.1004154501858 110 1162
27.6676810582169 115 1341
13.9103131486274 80 741
0 41 0
1.77234586984225 67 325
27.7024305143117 117 1407
0 41 0
0 41 0
47.3638349788207 188 2150
0 41 0
1.87518028113435 51 21
13.9103131486274 80 741
0 41 0
32.2137749066421 118 1446
0 41 0
10.1766692941424 79 703
0 41 0
10.1766692941424 79 703
0 41 0
50.2105985397965 154 1874
0 41 0
24.4838468049068 111 966
10.1766692941424 79 703
7.93636231623064 78 666
13.9103131486274 80 741
0 41 0
13.9103131486274 80 741
23.2650884085376 96 885
0 41 0
0 41 0
43.0066618028483 120 1521
0 41 0
21.3773134872359 81 780
0 41 0
10.1766692941424 79 703
0 41 0
16.0256831344084 97 565
0 41 0
29.5228352427172 116 901
0 41 0
49.5133479248846 152 2017
0 41 0
0 41 0
28.4631435888005 122 1186
0.759261848680172 58 136
12.086329330859 100 913
32.635858474939 141 1315
16.0704276378427 94 582
2.70732783325005 71 435
24.1796440741405 105 1056
31.7480024135434 133 1285
0 41 0
0 41 0
0 41 0
2.41976101757533 70 406
30.7572608387703 106 924
0 41 0
16.3021223151895 107 1057
60.3179972170354 185 2551
0 41 0
21.3773134872359 81 780
21.3773134872359 81 780
5.37573498657867 76 595
0 41 0
35.304074262493 141 1641
13.9103131486274 80 741
1.00559863487481 61 190
0 41 0
2.17320414118944 69 378
37.4753297408152 144 1719
0 41 0
25.5067802365109 111 1215
50.8240103500005 170 1619
7.93636231623064 78 666
30.3992198643479 116 1369
0 41 0
26.7514549992704 107 940
52.6863896151748 154 2076
5.37573498657867 76 595
0 41 0
0 41 0
0 41 0
5.37573498657867 76 595
0 41 0
7.93636231623064 78 666
24.3334271985661 106 1080
5.37573498657867 76 595
21.3773134872359 81 780
0 41 0
37.5227386986531 134 1396
1.77234586984225 67 325
0.0637861178483013 43 1
3.87652504530472 86 526
13.9103131486274 80 741
0 41 0
0 41 0
0 41 0
0 41 0
15.6406425812949 111 1199
0 41 0
0 41 0
0 41 0
34.0626635807241 158 1679
0 41 0
0 41 0
0 41 0
98.0079755364056 228 3418
3.9528514059716 74 528
0 41 0
4.5754093466867 75 561
0 41 0
0 41 0
0 41 0
0 41 0
0 41 0
11.6131498795967 80 361
27.6676810582169 115 1341
13.9103131486274 80 741
38.9587956675764 144 1769
0 41 0
28.2575975342549 126 805
0 41 0
21.3773134872359 81 780
0 41 0
0 41 0
5.37573498657867 76 595
0 41 0
0 41 0
21.3773134872359 81 780
43.0066618028483 120 1521
0 41 0
36.4460999926231 165 1891
21.3773134872359 81 780
0 41 0
0 41 0
0 41 0
0 41 0
35.794065170789 119 1483
0 41 0
0.31700455065862 50 36
0 41 0
0 41 0
0 41 0
49.9092745617047 166 1693
72.4324608254845 232 2858
67.924261948373 198 2205
7.93636231623064 78 666
3.21441073952642 76 251
0.508787051123568 54 78
1.60718189348826 66 300
0 41 0
0.689596180160361 57 120
0 41 0
0 41 0
5.37573498657867 76 595
80.2450774618145 232 2802
13.9103131486274 80 741
112.506597723126 268 3692
3.21494295671356 67 160
22.7578052707515 89 808
30.3992198643479 116 1369
34.7727125517854 118 1444
42.3973293754598 151 1972
0 41 0
21.3773134872359 81 780
9.18445393879696 72 225
0 41 0
0 41 0
0 41 0
1.30255388718127 64 211
0 41 0
0 41 0
30.474005756034 100 835
20.7821556525318 105 653
21.3773134872359 81 780
21.3773134872359 81 780
80.3125747682989 194 2854
43.0066618028483 120 1521
14.7432180662746 112 629
30.3992198643479 116 1369
0 41 0
62.8282060290042 184 2499
21.3773134872359 81 780
21.3773134872359 81 780
69.576918938862 176 2377
34.0917742022732 140 1645
0 41 0
35.794065170789 119 1483
10.1766692941424 79 703
0 41 0
0 41 0
25.5120040563558 112 1225
0.407055786557864 52 55
21.3773134872359 81 780
0 41 0
66.6336143219875 194 2474
0 41 0
3.31138561350888 60 67
0 41 0
14.1004154501858 110 1162
0 41 0
12.2638107684445 99 576
0 41 0
0 41 0
21.3773134872359 81 780
3.26054690276287 52 25
0 41 0
21.3773134872359 81 780
0 41 0
0 41 0
0 41 0
32.2137749066421 118 1446
0 41 0
48.6244491801798 133 1559
1.3288001102211 64 253
0 41 0
13.9103131486274 80 741
6.22618104866729 62 100
0 41 0
11.4347905676334 107 1065
21.3773134872359 81 780
10.6385962077831 91 601
15.656687288063 98 894
0 41 0
13.9103131486274 80 741
0 41 0
0 41 0
0 41 0
23.1841238766518 137 1516
58.0365407341501 179 2326
0 41 0
0 41 0
36.6727255262263 149 1894
63.2581417272775 210 2371
0 41 0
13.9103131486274 80 741
7.93636231623064 78 666
0 41 0
0 41 0
7.93636231623064 78 666
59.250774127477 171 2050
3.9528514059716 74 528
2.70732783325005 71 435
21.3773134872359 81 780
0 41 0
7.93636231623064 78 666
0 41 0
6.18529784327048 93 659
23.0252352258526 132 1341
25.5067802365109 111 1215
2.70732783325005 71 435
0 41 0
3.26621733396484 80 381
43.0066618028483 120 1521
3.9528514059716 74 528
0 41 0
21.3773134872359 81 780
0 41 0
80.3125747682989 194 2854
21.3773134872359 81 780
0 41 0
39.1925026468103 179 1917
21.3773134872359 81 780
16.2393655341652 94 676
64.8871828357525 158 2224
3.78290154694747 71 214
0 41 0
0 41 0
1.21037715624263 63 231
0 41 0
7.93636231623064 78 666
0 41 0
87.0179573041026 195 2890
9.7689290949663 103 638
0 41 0
0 41 0
0 41 0
6.4427186478598 77 630
13.9103131486274 80 741
34.7727125517854 118 1444
21.3773134872359 81 780
78.2698695302916 192 2779
0 41 0
0 41 0
0 41 0
0 41 0
14.8389559488108 90 576
13.9103131486274 80 741
14.4524715709631 103 931
0 41 0
0 41 0
0 41 0
0 41 0
0 41 0
2.17320414118944 69 378
77.5018025108282 218 2697
0 41 0
0 41 0
21.3773134872359 81 780
21.3773134872359 81 780
0 41 0
12.2767353264785 104 963
13.9103131486274 80 741
6.4427186478598 77 630
18.5624747761072 100 841
10.1766692941424 79 703
0 41 0
0 41 0
36.0034516750904 148 1118
0 41 0
21.3773134872359 81 780
0 41 0
24.7035442240119 108 1131
0 41 0
0 41 0
43.1577076802872 166 1786
0 41 0
0 41 0
0 41 0
0 41 0
31.8352519162446 130 1358
34.7727125517854 118 1444
33.5489015729526 142 1654
10.1766692941424 79 703
22.1269254603726 141 1252
22.9739560039237 92 835
35.7137572996834 127 1120
0 41 0
2.41976101757533 70 406
0 41 0
0 41 0
0 41 0
0 41 0
0 41 0
0 41 0
15.4389834171349 111 1194
18.9562559308937 120 1007
34.7727125517854 118 1444
7.93636231623064 78 666
21.3773134872359 81 780
0 41 0
14.8389559488108 90 576
6.12612154116466 90 582
1.95945082708102 68 351
0.407055786557864 52 55
20.5703806752336 124 1113
1.60718189348826 66 300
2.17320414118944 69 378
21.3773134872359 81 780
59.3923381110917 186 2567
40.751771644711 166 1961
0 41 0
0 41 0
13.9103131486274 80 741
0 41 0
21.3773134872359 81 780
0 41 0
0 41 0
34.0917742022732 140 1645
3.40667401878545 83 456
29.3388758205585 127 1192
0 41 0
1.21037715624263 63 231
93.4987580355218 240 3256
73.9529960652025 220 2688
0 41 0
0 41 0
0 41 0
74.2169299780043 230 2765
0 41 0
0 41 0
0 41 0
0 41 0
0 41 0
0 41 0
6.4427186478598 77 630
27.7024305143117 117 1407
3.9528514059716 74 528
0 41 0
43.2951041644179 158 1736
21.3773134872359 81 780
0 41 0
6.4427186478598 77 630
2.17320414118944 69 378
21.3773134872359 81 780
13.9103131486274 80 741
7.93636231623064 78 666
0 41 0
9.54063830122757 97 837
0 41 0
0 41 0
13.9103131486274 80 741
24.3334271985661 106 1080
21.3773134872359 81 780
42.0497431176803 126 1096
23.4854323626665 115 1333
10.1948744665813 105 1008
0 41 0
10.1766692941424 79 703
0 41 0
13.9103131486274 80 741
42.9013515441046 167 1996
0 41 0
0.834625687109001 59 153
17.2400542845644 108 1119
1.95945082708102 68 351
21.3773134872359 81 780
0 41 0
29.8585616475605 149 1726
0 41 0
13.9103131486274 80 741
17.7490676568326 98 784
0 41 0
14.4524715709631 103 931
0 41 0
0 41 0
4.5754093466867 75 561
10.1766692941424 79 703
23.1577539476586 147 1474
43.7101919857423 152 2005
69.1677197298661 172 2315
3.04709456161423 72 465
61.676866751682 175 2180
10.1766692941424 79 703
13.9103131486274 80 741
0 41 0
48.0478831378495 153 2037
0 41 0
30.048112364103 137 1495
0 41 0
0 41 0
4.5754093466867 75 561
15.6406648459859 110 1158
24.1796440741405 105 1056
12.3461334267008 97 757
21.3773134872359 81 780
0 41 0
0 41 0
22.831119229764 90 816
0 41 0
55.8857676077917 155 2110
22.083941209289 115 1336
0 41 0
26.3427934426818 113 1276
46.772733683579 158 1985
0.508787051123568 54 78
30.9091873709117 165 1905
0 41 0
10.1766692941424 79 703
0 41 0
0 41 0
0 41 0
0 41 0
29.9399672938437 160 1849
21.3773134872359 81 780
13.9103131486274 80 741
44.2046390832585 170 2053
0 41 0
52.6863896151748 154 2076
0 41 0
1.77234586984225 67 325
17.8968172082243 86 316
0 41 0
27.6676810582169 115 1341
24.5065677090027 107 1105
0 41 0
33.2507101937869 142 1686
98.5686754379642 214 2230
0 41 0
3.53384672331164 59 73
0 41 0
0 41 0
0 41 0
0 41 0
0.0959914969391969 44 3
56.4804402438969 158 2152
12.4968120801665 108 917
0 41 0
32.2137749066421 118 1446
0 41 0
0 41 0
0 41 0
23.4854323626665 115 1333
30.5387694819032 125 1411
0 41 0
17.9823715926186 113 1264
1.00559863487481 61 190
0 41 0
47.346256294335 171 2138
54.500944657469 156 2151
63.7607388546506 219 2734
87.9792811050789 228 2894
6.83168908395328 98 804
0.407055786557864 52 55
6.4427186478598 77 630
0 41 0
0 41 0
10.1766692941424 79 703
0 41 0
13.9103131486274 80 741
0 41 0
91.1892624356602 234 3103
57.9856936410001 150 1663
0 41 0
21.3773134872359 81 780
10.1766692941424 79 703
13.9103131486274 80 741
21.3773134872359 81 780
0 41 0
0 41 0
0 41 0
5.37573498657867 76 595
0 41 0
0 41 0
30.0478232634165 137 1139
9.18376663398888 103 939
31.0681062819716 118 599
0 41 0
0 41 0
1.00559863487481 61 190
18.9255821168516 111 1191
57.928472845799 157 2187
27.7024305143117 117 1407
29.5427090734796 129 1249
0 41 0
2.27947971257158 68 181
35.8333429493706 146 1792
0 41 0
13.9103131486274 80 741
0 41 0
0 41 0
0 41 0
1.00559863487481 61 190
13.9103131486274 80 741
21.3773134872359 81 780
12.3721258254801 102 956
52.6863896151748 154 2076
43.0066618028483 120 1521
0 41 0
4.67558615785002 77 310
0 41 0
1.10315457790207 62 210
0 41 0
17.8809176351152 113 1039
0 41 0
0 41 0
0.624985073266637 56 105
0 41 0
42.1336473627659 140 1621
1.83291042159765 54 38
0 41 0
0 41 0
0 41 0
0 41 0
0 41 0
10.1766692941424 79 703
21.3773134872359 81 780
21.593139076189 119 982
13.2570724307006 69 83
0 41 0
17.9823715926186 113 1264
1.60718189348826 66 300
49.5133479248846 152 2017
0 41 0
0 41 0
0 41 0
0 41 0
0 41 0
0 41 0
0 41 0
0 41 0
0 41 0
0 41 0
21.3773134872359 81 780
0 41 0
0.163340318329348 46 10
11.5003958741232 102 902
48.0478831378495 153 2037
55.8857676077917 155 2110
0 41 0
34.7727125517854 118 1444
13.9103131486274 80 741
8.58854577434364 70 196
0.236400252463653 48 21
3.04709456161423 72 465
0 41 0
84.7010947006079 208 2758
39.0849769353471 137 1489
0 41 0
6.4427186478598 77 630
30.5618576308975 124 1223
0 41 0
35.794065170789 119 1483
70.9412219502682 212 2897
0 41 0
1.95945082708102 68 351
21.3773134872359 81 780
20.3309548878695 121 1147
30.4614718554413 136 1578
0 41 0
0 41 0
21.3773134872359 81 780
13.9103131486274 80 741
13.9103131486274 80 741
0 41 0
0.236400252463653 48 21
0 41 0
8.80197723181485 62 64
4.21732473632956 77 234
0 41 0
21.3773134872359 81 780
0 41 0
0 41 0
13.9103131486274 80 741
0 41 0
0 41 0
0 41 0
41.1440941209334 154 1497
0 41 0
13.9103131486274 80 741
43.0066618028483 120 1521
21.3773134872359 81 780
0 41 0
10.8180045321818 100 843
0 41 0
0 41 0
0 41 0
0 41 0
25.5120040563558 112 1225
21.3773134872359 81 780
0 41 0
0 41 0
43.0066618028483 120 1521
7.93636231623064 78 666
0 41 0
0 41 0
21.3773134872359 81 780
4.5754093466867 75 561
0 41 0
47.4524741297997 149 1891
0 41 0
0 41 0
15.3128698990728 105 993
23.8030203583919 102 990
0 41 0
6.4427186478598 77 630
21.3773134872359 81 780
3.86033585865473 54 36
0 41 0
0 41 0
13.9103131486274 80 741
21.3773134872359 81 780
0 41 0
21.3773134872359 81 780
91.5294736943215 226 3345
0 41 0
21.3773134872359 81 780
0 41 0
21.3773134872359 81 780
33.3855885524187 147 1276
5.40180788388372 66 114
25.1779179726671 140 1597
0.456303012762596 53 66
28.5518787548463 144 1726
0 41 0
0 41 0
21.3773134872359 81 780
0 41 0
0 41 0
10.1766692941424 79 703
16.6145483175149 112 1231
51.1601531289297 182 2442
8.38390889449271 101 879
0 41 0
0 41 0
0 41 0
21.3773134872359 81 780
0 41 0
0.407055786557864 52 55
29.4181689299264 115 1058
21.3773134872359 81 780
10.7369190025733 106 1036
0 41 0
0.129074537935643 45 6
0 41 0
0 41 0
5.37573498657867 76 595
15.9500598991229 124 1207
40.2520581192383 150 1938
0 41 0
29.0495339691534 151 1528
0 41 0
14.7288999621448 98 778
18.9581473894779 112 1237
57.928472845799 157 2187
10.2578395439498 69 97
7.93636231623064 78 666
64.8871828357525 158 2224
21.3773134872359 81 780
2.68753367576342 73 409
36.7934403793495 125 1465
47.3856067944758 189 2295
0.407055786557864 52 55
0 41 0
0 41 0
0 41 0
7.13549334366598 91 604
10.1766692941424 79 703
0 41 0
0 41 0
34.2155238108523 131 1381
21.3773134872359 81 780
21.3773134872359 81 780
21.3773134872359 81 780
5.37573498657867 76 595
0 41 0
6.4427186478598 77 630
0 41 0
0 41 0
0 41 0
0 41 0
20.0412805634139 114 1298
0 41 0
40.2218583817433 146 1834
0 41 0
1.3288001102211 64 253
0 41 0
0 41 0
0 41 0
0 41 0
10.1766692941424 79 703
53.6073159455676 186 2190
22.083941209289 115 1336
0.129074537935643 45 6
46.1473954035936 135 1626
0 41 0
0.0959914969391969 44 3
0 41 0
0 41 0
43.0066618028483 120 1521
0 41 0
0 41 0
21.3773134872359 81 780
4.35723711923771 63 111
0 41 0
0 41 0
9.78398815800874 74 256
53.0747576225919 185 2000
0 41 0
0.456303012762596 53 66
16.3469024193215 119 1003
0 41 0
0 41 0
72.6066149068094 189 2677
21.3773134872359 81 780
0 41 0
0 41 0
15.3128698990728 105 993
3.31367875400695 79 358
0 41 0
22.9028964693542 91 825
0.0959914969391969 44 3
43.0066618028483 120 1521
21.3773134872359 81 780
38.4966823598189 145 1753
35.794065170789 119 1483
0 41 0
60.1343017033859 167 1916
43.0066618028483 120 1521
35.297121062354 138 1636
0 41 0
1.21037715624263 63 231
0 41 0
25.5120040563558 112 1225
0 41 0
0 41 0
0 41 0
17.1430302724338 128 1291
21.3773134872359 81 780
0 41 0
0 41 0
21.3773134872359 81 780
47.3559099502514 141 1213
0 41 0
45.1463030813256 146 1804
0.0637861178483013 43 1
0 41 0
13.9103131486274 80 741
0 41 0
0 41 0
0 41 0
78.7180226324099 206 2857
43.0066618028483 120 1521
1.95945082708102 68 351
34.7727125517854 118 1444
15.5682007218657 97 877
62.209392955109 184 1789
43.0066618028483 120 1521
0 41 0
15.6359548759418 80 235
10.1766692941424 79 703
0 41 0
0 41 0
54.909786592427 157 2079
0 41 0
0 41 0
10.2978950372084 102 942
0 41 0
5.19257345029559 83 589
35.794065170789 119 1483
1.40656567562921 46 4
0.275645613694144 49 28
9.18445393879696 72 225
0 41 0
41.2931507492725 138 1564
0 41 0
21.3773134872359 81 780
0 41 0
8.53826725813371 97 760
0 41 0
20.8181442926861 113 1261
0 41 0
43.8376905185964 148 1681
0 41 0
0 41 0
21.3773134872359 81 780
0 41 0
3.9528514059716 74 528
0 41 0
0 41 0
2.17320414118944 69 378
4.73776274897468 85 471
39.1052052408482 148 1859
0 41 0
43.0066618028483 120 1521
3.9528514059716 74 528
3.56942512356903 81 396
0.129074537935643 45 6
0 41 0
0 41 0
21.3773134872359 81 780
41.3730811402822 152 1840
0 41 0
108.742803931499 258 3836
34.1424819495453 149 1899
2.67283366287502 75 277
0 41 0
21.3773134872359 81 780
13.9103131486274 80 741
0 41 0
0 41 0
0 41 0
0 41 0
12.4329687227954 108 1101
8.76448977695468 94 430
0 41 0
21.3773134872359 81 780
0.682887794642055 51 29
21.3773134872359 81 780
30.4614718554413 136 1578
5.79574562713923 94 718
0 41 0
0 41 0
1.60718189348826 66 300
0 41 0
7.95561529818192 98 790
0 41 0
0 41 0
0 41 0
49.9639810761062 152 2005
21.3773134872359 81 780
32.2137749066421 118 1446
0 41 0
0 41 0
7.93636231623064 78 666
0 41 0
12.6857405322387 112 759
7.08466582915267 98 796
15.3357654039602 111 727
0.883923799830802 56 69
21.3773134872359 81 780
0 41 0
27.6676810582169 115 1341
0 41 0
0 41 0
0 41 0
0 41 0
13.9103131486274 80 741
0 41 0
0 41 0
0 41 0
5.37573498657867 76 595
55.8857676077917 155 2110
23.6009466822989 100 951
25.8823443428586 112 1245
0 41 0
0 41 0
0 41 0
49.9639810761062 152 2005
0 41 0
0 41 0
0 41 0
24.7035442240119 108 1131
0 41 0
0 41 0
21.3773134872359 81 780
0 41 0
0 41 0
7.93636231623064 78 666
0 41 0
0 41 0
21.3773134872359 81 780
0 41 0
1.46029711354299 65 276
0 41 0
0 41 0
0 41 0
0 41 0
27.8512822005666 144 1548
21.3773134872359 81 780
1.10315457790207 62 210
16.3882758127023 105 566
20.8311712102785 99 822
3.9528514059716 74 528
21.3773134872359 81 780
28.6694743609432 116 1375
21.3773134872359 81 780
0 41 0
0 41 0
27.5697072637976 114 1296
16.2393655341652 94 676
0 41 0
35.794065170789 119 1483
0 41 0
0 41 0
5.37573498657867 76 595
21.3773134872359 81 780
21.3773134872359 81 780
33.3612556516299 143 1719
0 41 0
54.9304608270959 189 2204
0 41 0
43.0066618028483 120 1521
0 41 0
13.9103131486274 80 741
0 41 0
0 41 0
19.6987946852876 113 1269
1.60718189348826 66 300
13.9103131486274 80 741
13.9103131486274 80 741
0 41 0
24.1796440741405 105 1056
0 41 0
43.0066618028483 120 1521
21.3773134872359 81 780
1.10315457790207 62 210
0 41 0
8.56645715964932 84 681
12.2365666351076 82 400
48.0478831378495 153 2037
0 41 0
6.4427186478598 77 630
21.3773134872359 81 780
0 41 0
0 41 0
21.3773134872359 81 780
0 41 0
0 41 0
0 41 0
26.3427934426818 113 1276
21.3773134872359 81 780
21.3773134872359 81 780
10.77388240666 83 709
30.3992198643479 116 1369
2.66135906710277 63 114
2.41976101757533 70 406
0 41 0
21.3773134872359 81 780
4.5754093466867 75 561
0 41 0
0 41 0
24.5065677090027 107 1105
21.3773134872359 81 780
6.4427186478598 77 630
7.93636231623064 78 666
0.916441495062304 60 171
0 41 0
0 41 0
10.1766692941424 79 703
36.6607404297557 147 1840
15.9354363338162 119 664
99.8213672652656 229 3451
4.45540011076569 56 49
0 41 0
24.3334271985661 106 1080
27.6676810582169 115 1341
0 41 0
7.93636231623064 78 666
15.3128698990728 105 993
0 41 0
0 41 0
0 41 0
0 41 0
2.17320414118944 69 378
3.45472664020601 73 496
43.0066618028483 120 1521
21.3773134872359 81 780
15.1547191530867 92 415
0 41 0
31.3923473794018 128 1311
0.689596180160361 57 120
52.0747453034679 152 1270
7.7576729910195 79 343
0 41 0
21.3773134872359 81 780
18.3839568029144 111 1206
0 41 0
15.5281421511022 92 625
0 41 0
0 41 0
0 41 0
0 41 0
0 41 0
26.9207645913907 114 1308
30.0812142101041 117 1410
2.93761379297645 79 423
13.9103131486274 80 741
0 41 0
0 41 0
1.95945082708102 68 351
35.4870517100266 153 1755
0 41 0
21.3773134872359 81 780
61.8583188606792 173 1797
0 41 0
0 41 0
6.24370384787587 78 280
0 41 0
0 41 0
3.45472664020601 73 496
0 41 0
0 41 0
54.1564887859015 186 2143
7.93636231623064 78 666
15.6406648459859 110 1158
34.7727125517854 118 1444
89.7149186520273 224 3276
0 41 0
30.1460078061279 104 901
0 41 0
46.7251848731646 154 2078
21.3773134872359 81 780
28.577642888288 145 1771
33.5775977790395 146 1789
27.7024305143117 117 1407
4.18324644091656 78 330
0 41 0
0 41 0
0 41 0
0 41 0
14.0195651937288 82 262
0 41 0
10.1766692941424 79 703
11.7454543271185 95 703
34.7727125517854 118 1444
16.9775388545468 96 729
0 41 0
0 41 0
5.37573498657867 76 595
5.37573498657867 76 595
1.01614244222018 47 7
0 41 0
13.9103131486274 80 741
34.0013536701795 139 1280
0 41 0
23.71988726771 125 1141
21.3773134872359 81 780
0 41 0
56.9071202267953 156 2149
0 41 0
0 41 0
0 41 0
17.7490676568326 98 784
46.026157821137 153 2041
13.9103131486274 80 741
0 41 0
0 41 0
31.0541280430854 124 851
0 41 0
0.129074537935643 45 6
0 41 0
0 41 0
1.10315457790207 62 210
13.9103131486274 80 741
22.602509891282 87 795
15.7441810409742 120 1058
0 41 0
1.77234586984225 67 325
0 41 0
21.3773134872359 81 780
12.899990199422 107 822
94.5918043965594 227 3378
21.3773134872359 81 780
0 41 0
13.674596310453 109 1126
26.2951737830829 130 1286
0.834625687109001 59 153
13.9103131486274 80 741
7.93636231623064 78 666
0 41 0
5.37573498657867 76 595
13.9103131486274 80 741
0 41 0
0 41 0
77.3570644654213 209 2747
0 41 0
0 41 0
0 41 0
49.9639810761062 152 2005
4.37136238504789 75 276
21.3773134872359 81 780
0.0637861178483013 43 1
0 41 0
4.5754093466867 75 561
2.41976101757533 70 406
0 41 0
1.07364545219932 56 61
45.3761213874301 127 1542
43.8892772118667 151 1966
0 41 0
50.8718345728806 152 1999
0 41 0
0 41 0
38.9961687379717 163 1880
35.794065170789 119 1483
11.6131498795967 80 361
1.21037715624263 63 231
21.3773134872359 81 780
0 41 0
0.564875101461444 55 91
0 41 0
3.45472664020601 73 496
0 41 0
13.9103131486274 80 741
0 41 0
21.5032486919098 129 1011
21.3773134872359 81 780
21.3773134872359 81 780
57.4156688836844 163 2132
94.5918043965594 227 3378
0 41 0
0 41 0
0 41 0
0.360720014762792 51 45
21.3773134872359 81 780
21.3773134872359 81 780
23.8030203583919 102 990
72.7773795499426 193 2375
21.3773134872359 81 780
0 41 0
0.916441495062304 60 171
56.9071202267953 156 2149
0 41 0
0 41 0
42.5908438302369 167 1898
0 41 0
25.5120040563558 112 1225
0 41 0
44.1603507509747 167 2050
64.8871828357525 158 2224
76.3100412059843 215 2952
4.5754093466867 75 561
22.9028964693542 91 825
70.7294806605646 216 2532
72.3519086581538 189 2689
0 41 0
1.95945082708102 68 351
30.3992198643479 116 1369
51.6181151078651 185 2154
0 41 0
0 41 0
0 41 0
0 41 0
11.3581210464518 119 1018
41.3738132866794 152 2002
7.93636231623064 78 666
0 41 0
0 41 0
17.7490676568326 98 784
21.3773134872359 81 780
1.3288001102211 64 253
3.45472664020601 73 496
21.3773134872359 81 780
0 41 0
54.708285716233 187 1895
21.3773134872359 81 780
155.060332100094 315 3776
0 41 0
8.02253705653223 96 801
12.5053335928859 101 765
15.4608426435706 111 947
0 41 0
0 41 0
50.6589393568606 180 2372
0 41 0
1.77234586984225 67 325
10.1766692941424 79 703
13.9103131486274 80 741
21.3773134872359 81 780
0 41 0
0 41 0
0 41 0
56.6753139575386 179 2336
21.3773134872359 81 780
21.3773134872359 81 780
5.37573498657867 76 595
0 41 0
0 41 0
21.3773134872359 81 780
7.93636231623064 78 666
0 41 0
24.5065677090027 107 1105
0 41 0
4.5754093466867 75 561
32.2137749066421 118 1446
7.93636231623064 78 666
35.794065170789 119 1483
0 41 0
21.3773134872359 81 780
49.2114485488923 194 2079
0 41 0
36.4958485010722 142 1652
21.3773134872359 81 780
0 41 0
28.1348466916796 106 403
64.8871828357525 158 2224
43.0066618028483 120 1521
0 41 0
0 41 0
1.10315457790207 62 210
0 41 0
34.7727125517854 118 1444
0 41 0
14.4524715709631 103 931
0 41 0
0.916441495062304 60 171
0 41 0
20.8181442926861 113 1261
21.3773134872359 81 780
36.9340534912716 142 1411
0 41 0
4.96270386377721 63 80
0 41 0
20.7756428813369 124 778
0 41 0
1.10315457790207 62 210
0 41 0
0 41 0
8.2080430224806 81 381
0 41 0
0 41 0
26.9093631361643 130 1346
46.4247827220082 138 1674
59.1936265352827 174 2224
28.297145267524 117 1090
3.26054690276287 52 25
13.9103131486274 80 741
29.1835751382644 129 1341
0 41 0
0 41 0
15.6406648459859 110 1158
0 41 0
8.43270857269161 83 282
21.3773134872359 81 780
0 41 0
0 41 0
0 41 0
28.6694743609432 116 1375
0 41 0
55.5486557088579 184 1998
0 41 0
73.5268835941469 234 3104
0.689596180160361 57 120
65.3728339623287 188 2645
5.63721867604432 60 81
2.66135906710277 63 114
0 41 0
0 41 0
0 41 0
0 41 0
35.794065170789 119 1483
1.95945082708102 68 351
64.8871828357525 158 2224
21.3773134872359 81 780
0 41 0
28.6694743609432 116 1375
1.21037715624263 63 231
0 41 0
3.9528514059716 74 528
0 41 0
21.3773134872359 81 780
0 41 0
3.9528514059716 74 528
0 41 0
0 41 0
4.77046374031365 65 133
0 41 0
6.63499612720592 95 711
0 41 0
48.5872887258732 160 2062
23.4077225722133 124 1131
13.9103131486274 80 741
46.7251848731646 154 2078
21.3773134872359 81 780
0 41 0
17.9184165289551 102 704
0 41 0
0 41 0
0 41 0
36.2198927986889 142 990
6.4427186478598 77 630
0 41 0
24.1796440741405 105 1056
0 41 0
21.3773134872359 81 780
0 41 0
4.5754093466867 75 561
2.57043907901575 74 276
0 41 0
40.7698085239142 190 1848
10.1766692941424 79 703
24.4873495645714 144 1328
0 41 0
34.8142262489167 149 1903
10.1766692941424 79 703
21.3773134872359 81 780
0 41 0
11.1884276825436 83 277
0 41 0
109.398003287557 231 3520
21.3773134872359 81 780
41.941624722732 173 1766
0 41 0
15.3128698990728 105 993
0 41 0
3.04709456161423 72 465
3.44523256747097 77 475
68.3176427044622 165 2245
0 41 0
2.17320414118944 69 378
10.1766692941424 79 703
26.1432333563063 131 1312
0 41 0
0 41 0
0 41 0
0 41 0
0 41 0
13.9103131486274 80 741
0 41 0
0 41 0
0 41 0
0 41 0
0 41 0
0 41 0
6.4427186478598 77 630
0 41 0
43.0066618028483 120 1521
3.45472664020601 73 496
15.3330059518086 94 832
39.7722413956864 144 1783
13.9103131486274 80 741
10.8097134083438 116 984
0.759261848680172 58 136
34.7727125517854 118 1444
0 41 0
0 41 0
0 41 0
24.5747803559545 93 814
1.40656567562921 46 4
13.9103131486274 80 741
44.0598338543916 153 1980
0 41 0
1.3288001102211 64 253
30.3992198643479 116 1369
0 41 0
22.9028964693542 91 825
33.9234749759738 138 1566
0.456303012762596 53 66
0.834625687109001 59 153
0 41 0
0 41 0
63.7486934468415 188 1914
21.3773134872359 81 780
0 41 0
0 41 0
13.9103131486274 80 741
12.7362267710766 104 1003
3.9528514059716 74 528
22.083941209289 115 1336
4.5754093466867 75 561
21.3773134872359 81 780
58.5611835416847 204 2641
0 41 0
1.46029711354299 65 276
1.60718189348826 66 300
12.2365666351076 82 400
2.17320414118944 69 378
0 41 0
20.6692750168672 123 1188
33.5775977790395 146 1789
57.928472845799 157 2187
13.9103131486274 80 741
4.5754093466867 75 561
0 41 0
0 41 0
0 41 0
34.7727125517854 118 1444
25.5067802365109 111 1215
0 41 0
11.0859760484083 88 739
28.6694743609432 116 1375
0.564875101461444 55 91
0 41 0
10.1766692941424 79 703
21.3773134872359 81 780
0 41 0
21.3773134872359 81 780
0 41 0
0 41 0
7.45481310783386 90 708
0 41 0
14.3520602095382 113 991
3.9528514059716 74 528
32.2137749066421 118 1446
0 41 0
5.37573498657867 76 595
2.70732783325005 71 435
21.3773134872359 81 780
72.5431615959391 213 2929
19.354519955241 127 890
0 41 0
21.3773134872359 81 780
20.1373039742337 102 371
0 41 0
2.41976101757533 70 406
0 41 0
25.9346200970947 132 1085
38.7113153302019 142 1367
29.7276426078742 144 1723
33.7485327246606 121 610
6.4427186478598 77 630
0 41 0
5.37573498657867 76 595
0 41 0
4.5754093466867 75 561
21.3773134872359 81 780
0 41 0
0 41 0
21.3773134872359 81 780
0 41 0
0 41 0
47.4524741297997 149 1891
16.9775388545468 96 729
0 41 0
20.0412805634139 114 1298
52.4754880224127 155 2116
0 41 0
30.0812142101041 117 1410
37.6489120777946 128 1309
0 41 0
0 41 0
73.8357320397706 204 2441
43.0066618028483 120 1521
0 41 0
5.37573498657867 76 595
53.651217369885 172 2119
0 41 0
20.6901114469087 114 1302
0 41 0
0 41 0
0 41 0
37.4753297408152 144 1719
0 41 0
0 41 0
0.834625687109001 59 153
44.4652025906102 145 1049
1.60718189348826 66 300
0 41 0
6.63499612720592 95 711
38.3207920128507 176 2118
0 41 0
43.0066618028483 120 1521
0.564875101461444 55 91
0 41 0
0 41 0
22.7578052707515 89 808
3.45472664020601 73 496
0 41 0
13.9103131486274 80 741
8.6828485213253 109 897
22.083941209289 115 1336
21.3773134872359 81 780
21.3773134872359 81 780
110.4804174205 258 3845
0 41 0
5.08956912198586 63 79
0 41 0
1.21037715624263 63 231
13.9103131486274 80 741
0 41 0
26.0315047614811 127 1194
20.8798137320118 115 1082
0 41 0
17.9823715926186 113 1264
0 41 0
30.3992198643479 116 1369
0 41 0
15.0593230868117 111 1094
0 41 0
0 41 0
0 41 0
10.1766692941424 79 703
0 41 0
1.46029711354299 65 276
15.8549384765262 100 931
30.5594460455306 142 1672
21.3773134872359 81 780
0 41 0
43.0066618028483 120 1521
0 41 0
0 41 0
19.7170843133053 112 764
0.624985073266637 56 105
10.1766692941424 79 703
0 41 0
6.4427186478598 77 630
9.00365794427834 90 560
0 41 0
21.3773134872359 81 780
6.4427186478598 77 630
13.9103131486274 80 741
21.3773134872359 81 780
21.3773134872359 81 780
0 41 0
0 41 0
21.3773134872359 81 780
25.5120040563558 112 1225
0 41 0
0 41 0
0 41 0
0 41 0
0 41 0
21.3773134872359 81 780
10.1948744665813 105 1008
48.5765409059186 140 1190
0 41 0
21.3773134872359 81 780
118.677601667941 277 3993
0 41 0
0 41 0
21.3773134872359 81 780
36.3361468323658 126 1132
0 41 0
6.4427186478598 77 630
0 41 0
0 41 0
0 41 0
21.3773134872359 81 780
0 41 0
21.3773134872359 81 780
0 41 0
0 41 0
0 41 0
44.7815729586027 163 1818
38.1031481527471 129 1528
21.3773134872359 81 780
48.7758948767879 169 2051
27.7024305143117 117 1407
13.9103131486274 80 741
0 41 0
139.581645205348 329 4564
48.5418485040289 167 1768
7.93636231623064 78 666
0 41 0
0 41 0
2.70732783325005 71 435
43.0066618028483 120 1521
0 41 0
0 41 0
24.7035442240119 108 1131
0 41 0
0 41 0
1.95945082708102 68 351
40.9542407418365 148 1857
15.2699693606456 91 532
0 41 0
0 41 0
0 41 0
21.3773134872359 81 780
43.0066618028483 120 1521
34.7727125517854 118 1444
0 41 0
60.8222310690677 178 2363
16.0215526428776 110 758
0 41 0
21.3773134872359 81 780
10.1766692941424 79 703
0 41 0
34.7727125517854 118 1444
42.1773315280488 175 2232
63.6178189710359 177 2269
0 41 0
61.7594122838428 179 1565
0 41 0
49.9639810761062 152 2005
5.37573498657867 76 595
0 41 0
0 41 0
27.6676810582169 115 1341
72.0555082334967 234 2566
0 41 0
38.4966823598189 145 1753
1.60718189348826 66 300
0 41 0
43.0066618028483 120 1521
21.3773134872359 81 780
0 41 0
38.5791590801376 127 884
13.1906473524419 104 739
1.3288001102211 64 253
28.6694743609432 116 1375
0 41 0
0 41 0
0 41 0
7.01171971069043 83 645
26.4628725258186 139 1558
2.70732783325005 71 435
4.5754093466867 75 561
0 41 0
0 41 0
0 41 0
21.3773134872359 81 780
2.41976101757533 70 406
21.3773134872359 81 780
0 41 0
0 41 0
6.4427186478598 77 630
0 41 0
0 41 0
0 41 0
13.9103131486274 80 741
0 41 0
84.0431033294315 218 3055
61.4721869466878 182 2432
23.0450294050881 93 846
0 41 0
21.3773134872359 81 780
0 41 0
0 41 0
21.3773134872359 81 780
0 41 0
13.9103131486274 80 741
17.92578489037 110 1176
0 41 0
20.0412805634139 114 1298
21.3773134872359 81 780
13.9103131486274 80 741
44.7315446047459 153 2044
72.6153670559807 215 2549
1.60718189348826 66 300
0 41 0
21.3773134872359 81 780
19.1177196356234 121 1075
24.5065677090027 107 1105
24.0417316309752 104 1033
0 41 0
0 41 0
0 41 0
0 41 0
13.9103131486274 80 741
27.6676810582169 115 1341
40.9197602831424 150 1930
0 41 0
23.8529040293069 112 1095
0 41 0
10.1766692941424 79 703
25.8823443428586 112 1245
0 41 0
18.8901437129305 133 1411
0 41 0
14.4524715709631 103 931
0 41 0
0 41 0
0 41 0
16.8450965331174 120 844
0 41 0
0 41 0
21.3773134872359 81 780
0 41 0
0 41 0
0 41 0
28.1666282902329 143 1711
45.5046556978105 167 2066
3.80530472016042 77 502
10.9024052140268 85 718
0 41 0
75.2155694603554 215 2984
64.2294972810187 198 2461
31.980580531742 122 916
0 41 0
44.8300244973526 146 1786
19.6812220197151 111 796
11.4360654874775 106 1044
5.37573498657867 76 595
18.9255821168516 111 1191
0 41 0
22.9739560039237 92 835
0 41 0
13.9103131486274 80 741
35.794065170789 119 1483
0 41 0
22.2066137392388 83 781
0 41 0
21.3773134872359 81 780
21.3773134872359 81 780
7.95561529818192 98 790
21.3773134872359 81 780
0.834625687109001 59 153
27.6676810582169 115 1341
21.3773134872359 81 780
0 41 0
0 41 0
0 41 0
0 41 0
0 41 0
0 41 0
0 41 0
7.71423054929554 99 821
4.5754093466867 75 561
5.37573498657867 76 595
1.3288001102211 64 253
43.0391144634646 142 1680
30.2571292825831 122 1390
6.21058082855948 87 650
0 41 0
0 41 0
0 41 0
0 41 0
0 41 0
48.9693925740804 172 2087
0 41 0
68.2997085942478 220 2850
21.3773134872359 81 780
1.77234586984225 67 325
0 41 0
13.9103131486274 80 741
0 41 0
0 41 0
22.602509891282 87 795
0 41 0
18.8517262581377 121 1263
1.60718189348826 66 300
21.3773134872359 81 780
0 41 0
10.1766692941424 79 703
15.9674096198769 101 951
28.6555466186435 137 1507
50.2076313689018 153 2049
23.4243448894309 98 916
3.04709456161423 72 465
17.452440136383 112 1227
0 41 0
0 41 0
4.86507096809553 88 541
2.48693542593771 76 361
33.4900400288802 120 750
55.7621964012105 174 2149
53.7219110545347 143 1642
0 41 0
0 41 0
79.4061848048817 221 2801
21.3773134872359 81 780
21.3773134872359 81 780
0 41 0
7.93636231623064 78 666
61.61044828566 208 2562
0 41 0
0 41 0
0 41 0
13.9103131486274 80 741
62.0514248100567 193 2553
0 41 0
43.8892772118667 151 1966
0 41 0
21.3773134872359 81 780
12.2767353264785 104 963
0.236400252463653 48 21
21.3773134872359 81 780
21.3773134872359 81 780
1.60718189348826 66 300
21.3773134872359 81 780
0 41 0
0 41 0
0 41 0
1.60718189348826 66 300
49.9639810761062 152 2005
0 41 0
47.4524741297997 149 1891
8.38390889449271 101 879
0 41 0
23.5100230528701 99 933
0 41 0
21.3773134872359 81 780
13.9103131486274 80 741
13.9103131486274 80 741
0 41 0
11.0859760484083 88 739
32.2137749066421 118 1446
55.8857676077917 155 2110
0 41 0
7.93636231623064 78 666
30.8816232232462 136 1527
0 41 0
13.9103131486274 80 741
57.776578414298 166 2196
0 41 0
0 41 0
57.8083982574907 223 2410
68.8153253323378 190 2712
0 41 0
22.4173811529454 101 823
34.7727125517854 118 1444
13.9103131486274 80 741
0 41 0
0 41 0
13.9103131486274 80 741
21.3773134872359 81 780
0 41 0
55.8857676077917 155 2110
0 41 0
0 41 0
0 41 0
1.10315457790207 62 210
0 41 0
0 41 0
0 41 0
33.7588258784808 138 1522
0 41 0
1.95945082708102 68 351
36.0937665768092 146 1804
0 41 0
21.3773134872359 81 780
0 41 0
0 41 0
0 41 0
0 41 0
0 41 0
0 41 0
0 41 0
0 41 0
7.93636231623064 78 666
21.3773134872359 81 780
21.3773134872359 81 780
0 41 0
0 41 0
27.6676810582169 115 1341
0 41 0
8.66773190647571 83 421
21.3773134872359 81 780
0 41 0
0 41 0
0 41 0
125.82567304613 265 4081
0 41 0
26.3427934426818 113 1276
0 41 0
30.9983091031636 153 1418
0 41 0
0 41 0
46.026157821137 153 2041
3.04709456161423 72 465
0 41 0
1.77234586984225 67 325
6.4427186478598 77 630
0 41 0
7.26453685394043 97 805
13.9103131486274 80 741
27.5697072637976 114 1296
21.3957122139181 106 1024
13.9103131486274 80 741
21.3773134872359 81 780
0 41 0
32.2137749066421 118 1446
5.37573498657867 76 595
21.3773134872359 81 780
0.236400252463653 48 21
0 41 0
0 41 0
0 41 0
7.93636231623064 78 666
0 41 0
0 41 0
30.3992198643479 116 1369
0 41 0
10.1766692941424 79 703
0 41 0
13.182369121853 106 1026
0 41 0
0 41 0
0 41 0
0 41 0
21.3773134872359 81 780
10.1766692941424 79 703
15.6406648459859 110 1158
0 41 0
2.17320414118944 69 378
22.083941209289 115 1336
13.9103131486274 80 741
42.6626067366545 143 1684
0 41 0
3.45472664020601 73 496
21.3773134872359 81 780
0 41 0
51.1449651065275 154 2082
0 41 0
21.3773134872359 81 780
0 41 0
0 41 0
46.3297552863019 137 1657
21.3773134872359 81 780
52.2039599355453 189 2215
0 41 0
0 41 0
0 41 0
21.3773134872359 81 780
43.0066618028483 120 1521
9.78398815800874 74 256
0 41 0
0 41 0
0 41 0
21.3773134872359 81 780
0 41 0
1.75262256136846 61 99
0 41 0
18.4807184017539 114 854
0 41 0
0 41 0
0 41 0
0 41 0
21.3773134872359 81 780
0.916441495062304 60 171
40.7818957963281 149 1909
78.2872195318575 232 2384
0 41 0
0 41 0
0 41 0
33.2849368236537 156 1705
22.7064887262714 116 1048
0 41 0
3.45472664020601 73 496
1.21037715624263 63 231
7.93636231623064 78 666
0 41 0
0 41 0
21.3773134872359 81 780
42.87906648032 165 1927
0 41 0
21.8037062144847 87 244
13.9103131486274 80 741
21.3773134872359 81 780
51.4957450912553 181 2401
3.9528514059716 74 528
46.1873999887093 174 2174
0 41 0
43.0066618028483 120 1521
13.9103131486274 80 741
7.93636231623064 78 666
14.1562283506821 126 1062
7.39419699180063 63 74
0 41 0
11.7897430526526 88 271
35.7245697185582 133 1019
10.1766692941424 79 703
10.1766692941424 79 703
0 41 0
27.5697072637976 114 1296
42.3543530499937 140 1585
60.069326881212 223 2801
27.6676810582169 115 1341
0 41 0
23.8951687420933 110 1156
21.3773134872359 81 780
0 41 0
0 41 0
10.1766692941424 79 703
36.4559275868731 146 1792
21.3773134872359 81 780
19.4293650643124 102 900
21.3773134872359 81 780
8.22644312081597 103 656
0 41 0
8.58854577434364 70 196
0 41 0
1.02836968066329 51 24
0 41 0
0 41 0
32.2137749066421 118 1446
13.9103131486274 80 741
0.0637861178483013 43 1
13.9103131486274 80 741
1.46029711354299 65 276
0 41 0
17.452440136383 112 1227
0 41 0
0 41 0
0 41 0
21.3773134872359 81 780
0 41 0
0 41 0
21.3773134872359 81 780
0 41 0
0 41 0
15.2637544651015 94 512
21.3773134872359 81 780
0 41 0
25.5067802365109 111 1215
21.3773134872359 81 780
1.46029711354299 65 276
0 41 0
14.4524715709631 103 931
10.1766692941424 79 703
7.93636231623064 78 666
6.4427186478598 77 630
1.95945082708102 68 351
0 41 0
70.7106011266131 187 2610
13.9103131486274 80 741
13.9103131486274 80 741
14.5763402137641 83 744
0 41 0
11.8788190387627 107 1072
7.99549328402443 68 169
24.1796440741405 105 1056
12.8781438968872 86 334
0 41 0
0 41 0
0 41 0
6.4427186478598 77 630
31.7396389676512 121 1161
0 41 0
0 41 0
0 41 0
30.0812142101041 117 1410
0 41 0
7.93636231623064 78 666
21.3773134872359 81 780
1.95945082708102 68 351
5.47517226346512 76 291
0 41 0
0 41 0
0 41 0
27.2928049734956 144 1402
124.813673917852 274 3264
0 41 0
24.1844594146941 116 1371
6.24370384787587 78 280
0 41 0
10.1766692941424 79 703
4.5754093466867 75 561
41.1986850394357 149 1897
13.9103131486274 80 741
0 41 0
0 41 0
54.5592280357096 149 1656
13.9103131486274 80 741
30.839759894014 132 1337
122.044299916669 258 3779
31.8539417767145 140 1641
32.2433689450354 153 1603
0 41 0
0.31700455065862 50 36
0 41 0
0 41 0
10.0706049642005 104 967
13.9103131486274 80 741
0 41 0
16.5282175312858 80 181
13.9103131486274 80 741
0 41 0
0 41 0
0 41 0
0 41 0
2.65393722497956 50 16
1.3288001102211 64 253
1.3288001102211 64 253
0 41 0
3.9528514059716 74 528
0 41 0
4.1375599960494 86 556
21.3773134872359 81 780
0 41 0
21.3773134872359 81 780
21.3773134872359 81 780
0.81434602072747 57 92
22.4258850503148 85 786
6.4427186478598 77 630
55.2674601023065 173 2253
0 41 0
10.1766692941424 79 703
17.7490676568326 98 784
0 41 0
2.62304169917482 65 175
52.4754880224127 155 2116
0 41 0
0 41 0
0 41 0
0 41 0
80.3125747682989 194 2854
0 41 0
0 41 0
0 41 0
0 41 0
0 41 0
0 41 0
11.2860614947067 117 955
27.5697072637976 114 1296
0 41 0
21.3773134872359 81 780
0 41 0
0 41 0
49.3455980866354 180 2365
48.7509181628245 175 2243
26.3427934426818 113 1276
44.7159484869629 157 1807
56.9071202267953 156 2149
35.794065170789 119 1483
60.7365492750785 182 2444
31.7850094142099 138 955
0 41 0
18.1086274862728 114 602
2.41138485238456 75 308
3.04709456161423 72 465
0 41 0
4.37136238504789 75 276
0 41 0
55.7243981990159 178 1919
13.9103131486274 80 741
34.7727125517854 118 1444
21.3773134872359 81 780
13.9103131486274 80 741
0 41 0
0 41 0
0 41 0
0 41 0
0 41 0
0 41 0
0 41 0
10.1766692941424 79 703
0 41 0
6.4427186478598 77 630
0 41 0
9.79227883152742 99 876
0 41 0
0 41 0
0 41 0
13.2195267311246 106 1054
0 41 0
0 41 0
0 41 0
0 41 0
5.10510905691114 89 633
0 41 0
0 41 0
28.6694743609432 116 1375
0 41 0
0 41 0
1.00559863487481 61 190
0 41 0
20.3659685780471 104 961
55.8857676077917 155 2110
0 41 0
13.9103131486274 80 741
21.3773134872359 81 780
0 41 0
0 41 0
25.5120040563558 112 1225
0.407055786557864 52 55
21.3546824443949 124 985
0 41 0
0 41 0
57.928472845799 157 2187
0 41 0
21.3773134872359 81 780
0 41 0
21.3773134872359 81 780
16.4379823593405 111 788
0.163340318329348 46 10
0 41 0
26.7863024024875 135 1542
0 41 0
21.3773134872359 81 780
0 41 0
0 41 0
3.45472664020601 73 496
0 41 0
0 41 0
0 41 0
22.831119229764 90 816
23.4243448894309 98 916
21.3773134872359 81 780
0 41 0
44.8300244973526 146 1786
5.37573498657867 76 595
0 41 0
21.3773134872359 81 780
54.7949616353633 202 2575
0 41 0
0 41 0
21.3773134872359 81 780
47.4524741297997 149 1891
86.5909482354447 223 3250
0 41 0
0 41 0
21.3773134872359 81 780
0 41 0
0 41 0
18.3839568029144 111 1206
0 41 0
4.5754093466867 75 561
0.129074537935643 45 6
0.564875101461444 55 91
0 41 0
0 41 0
0 41 0
0 41 0
5.37573498657867 76 595
0 41 0
20.0281679445826 133 1409
71.8388575113743 194 2067
0 41 0
0 41 0
0 41 0
0 41 0
0 41 0
0 41 0
15.2620039437694 93 819
4.5754093466867 75 561
0 41 0
29.2140648325368 150 1555
0 41 0
0 41 0
0 41 0
21.3773134872359 81 780
34.7801784974844 139 1554
0 41 0
21.3773134872359 81 780
29.6398950481329 136 1487
9.64802704544828 96 731
21.3773134872359 81 780
7.10612228439325 101 709
0 41 0
0 41 0
0 41 0
0 41 0
0 41 0
0 41 0
0 41 0
0 41 0
21.3773134872359 81 780
48.7118144849148 164 2094
0 41 0
0 41 0
0 41 0
0 41 0
0 41 0
5.37573498657867 76 595
27.6676810582169 115 1341
21.3773134872359 81 780
13.9103131486274 80 741
4.5754093466867 75 561
6.18529784327048 93 659
0 41 0
0 41 0
10.1766692941424 79 703
21.3773134872359 81 780
0 41 0
47.7283824325828 177 2307
0 41 0
0 41 0
32.7465362436517 160 1745
16.9775388545468 96 729
14.3470414870172 109 1138
74.5305269378232 204 2522
0 41 0
11.0794208349981 106 1030
4.5754093466867 75 561
30.0812142101041 117 1410
0 41 0
0 41 0
15.6406425812949 111 1199
0 41 0
48.3752327018607 161 1423
1.34252240280937 64 163
0.31700455065862 50 36
0 41 0
7.93636231623064 78 666
1.95945082708102 68 351
0 41 0
0 41 0
0 41 0
2.22079743988708 71 354
2.41976101757533 70 406
21.3957122139181 106 1024
27.7024305143117 117 1407
0 41 0
0 41 0
21.3773134872359 81 780
0 41 0
0 41 0
0 41 0
0 41 0
43.0066618028483 120 1521
12.3461334267008 97 757
0 41 0
0 41 0
31.2882069074644 133 1511
0.759261848680172 58 136
0 41 0
0 41 0
32.2137749066421 118 1446
40.8985518737908 118 481
20.0412805634139 114 1298
0 41 0
9.13839333566041 85 463
21.3773134872359 81 780
43.8892772118667 151 1966
21.3773134872359 81 780
0 41 0
0 41 0
0 41 0
32.2137749066421 118 1446
27.5697072637976 114 1296
21.3773134872359 81 780
21.3773134872359 81 780
43.1800237931252 170 2032
2.70732783325005 71 435
21.3773134872359 81 780
24.9357723801498 104 943
0 41 0
0.624985073266637 56 105
21.3773134872359 81 780
30.3992198643479 116 1369
0 41 0
34.7727125517854 118 1444
0 41 0
21.3773134872359 81 780
17.452440136383 112 1227
7.22956173005008 63 72
54.2232008264087 177 2275
0 41 0
64.8871828357525 158 2224
0 41 0
0 41 0
10.1766692941424 79 703
13.9103131486274 80 741
0 41 0
48.1182543667201 182 2433
1.40656567562921 46 4
0.31700455065862 50 36
0 41 0
13.9103131486274 80 741
23.1899290250835 95 871
0 41 0
0 41 0
21.3773134872359 81 780
0.916441495062304 60 171
21.3773134872359 81 780
6.4427186478598 77 630
6.4427186478598 77 630
21.3773134872359 81 780
0 41 0
0 41 0
0 41 0
21.3773134872359 81 780
21.3773134872359 81 780
21.3773134872359 81 780
0 41 0
27.7024305143117 117 1407
17.9823715926186 113 1264
0 41 0
21.3773134872359 81 780
49.6803829704518 165 1921
0 41 0
0 41 0
0 41 0
0 41 0
0 41 0
0 41 0
0 41 0
0 41 0
7.26453685394043 97 805
0 41 0
21.3773134872359 81 780
0 41 0
0 41 0
0 41 0
87.0960392460207 254 3263
81.9847376588101 214 2551
2.41976101757533 70 406
0 41 0
7.93636231623064 78 666
2.41976101757533 70 406
0 41 0
0 41 0
22.6819950059262 88 801
0.689596180160361 57 120
0 41 0
16.8179881963226 117 1179
0 41 0
0 41 0
43.0066618028483 120 1521
0 41 0
0 41 0
0 41 0
0 41 0
97.2275953628031 247 3522
13.9103131486274 80 741
27.7625189510379 109 999
28.6694743609432 116 1375
0 41 0
17.7490676568326 98 784
2.41976101757533 70 406
7.26453685394043 97 805
1.21037715624263 63 231
0 41 0
0 41 0
0 41 0
0 41 0
7.93636231623064 78 666
0 41 0
0 41 0
1.21037715624263 63 231
0 41 0
26.9207645913907 114 1308
13.9103131486274 80 741
0 41 0
21.3773134872359 81 780
16.9775388545468 96 729
0 41 0
1.77234586984225 67 325
21.3773134872359 81 780
21.3773134872359 81 780
27.8364627844247 119 1291
47.2938843370856 145 1821
0 41 0
0 41 0
0 41 0
23.6009466822989 100 951
0 41 0
20.9981380439891 109 921
1.21037715624263 63 231
0 41 0
0 41 0
24.1796440741405 105 1056
0 41 0
0 41 0
0.236400252463653 48 21
0 41 0
26.3427934426818 113 1276
21.3773134872359 81 780
35.794065170789 119 1483
0 41 0
0 41 0
21.3773134872359 81 780
21.3773134872359 81 780
46.4180026120491 189 1858
21.3773134872359 81 780
13.9103131486274 80 741
10.1766692941424 79 703
10.7369190025733 106 1036
0 41 0
27.7024305143117 117 1407
21.3773134872359 81 780
0 41 0
63.5704881054317 167 1664
45.786473568163 131 1576
17.9482891547246 103 614
21.3773134872359 81 780
21.3773134872359 81 780
0 41 0
77.7084502112357 210 2779
0 41 0
0 41 0
0 41 0
6.81503716155442 64 121
13.9103131486274 80 741
23.6009466822989 100 951
35.794065170789 119 1483
0 41 0
1.77234586984225 67 325
2.70732783325005 71 435
0 41 0
25.5120040563558 112 1225
0 41 0
23.4854323626665 115 1333
21.3773134872359 81 780
13.674596310453 109 1126
0 41 0
21.3773134872359 81 780
0 41 0
3.9528514059716 74 528
0.0637861178483013 43 1
1.77234586984225 67 325
0 41 0
0 41 0
57.0772795172833 177 2347
47.98749480194 150 1936
5.64309120174022 83 424
0 41 0
3.04709456161423 72 465
21.3773134872359 81 780
0 41 0
0 41 0
16.3021223151895 107 1057
21.3773134872359 81 780
51.5993799101762 150 1360
0 41 0
33.5775977790395 146 1789
0 41 0
0 41 0
0 41 0
21.3773134872359 81 780
0 41 0
0 41 0
29.9362051350241 135 1507
37.6210135547328 167 1628
0 41 0
0 41 0
44.1129972205828 172 2141
0 41 0
0 41 0
0 41 0
57.928472845799 157 2187
0 41 0
21.3773134872359 81 780
0 41 0
0.874183106705224 55 58
0.163340318329348 46 10
2.41976101757533 70 406
0 41 0
0 41 0
13.9103131486274 80 741
25.5067802365109 111 1215
0 41 0
0.407055786557864 52 55
36.4958485010722 142 1652
0 41 0
0 41 0
1.21037715624263 63 231
13.9103131486274 80 741
29.9301116342727 126 1185
0 41 0
0 41 0
32.2137749066421 118 1446
0 41 0
0 41 0
13.9103131486274 80 741
0 41 0
0 41 0
0 41 0
14.3662332558981 128 1254
87.1610997612474 237 3155
0.199039505013489 47 15
0 41 0
52.4754880224127 155 2116
0 41 0
11.0847907086738 75 178
0 41 0
0 41 0
7.93636231623064 78 666
38.1624072404956 116 530
43.0066618028483 120 1521
10.1766692941424 79 703
21.1837894516562 119 979
0 41 0
0 41 0
21.3773134872359 81 780
23.6981923357493 101 970
26.2313942140165 128 1225
0 41 0
