"COLLES.MDM.LN" "SACKIN" "COPHENETIC"
10.5390771932165 39 171
0 20 0
10.5390771932165 39 171
0 20 0
0 20 0
0 20 0
37.7471111033608 91 490
0 20 0
5.65804832080177 45 146
0 20 0
36.9689500263653 85 515
0 20 0
0 20 0
10.5390771932165 39 171
0 20 0
0 20 0
16.6684367521476 55 289
0 20 0
0.477694812032373 26 15
15.8995417339043 55 291
0 20 0
0.377724486136616 25 10
10.5390771932165 39 171
0 20 0
10.5390771932165 39 171
10.0639213344288 52 164
2.81243282969987 35 105
0.720919297353916 28 28
6.67700549687201 38 153
21.5321097235969 68 373
1.26187293832938 31 55
0 20 0
5.97536717635567 44 157
0 20 0
0 20 0
6.67700549687201 38 153
0 20 0
0 20 0
0 20 0
0 20 0
6.67700549687201 38 153
23.4653325763886 67 290
0 20 0
6.67700549687201 38 153
0 20 0
10.5390771932165 39 171
0 20 0
0 20 0
0 20 0
10.9695760129356 49 196
0 20 0
0 20 0
0 20 0
0.871762514311206 29 36
0 20 0
7.8579352092655 44 168
21.4218936003592 64 315
6.67700549687201 38 153
0 20 0
15.2046446717955 64 307
31.0755103705814 78 406
0 20 0
3.58590013683387 36 120
0 20 0
2.81243282969987 35 105
6.67700549687201 38 153
0 20 0
14.1270463175231 53 262
0 20 0
0 20 0
4.74538655425108 37 136
0 20 0
4.74538655425108 37 136
11.2676176747855 49 101
14.2120924745983 51 205
0 20 0
0 20 0
0 20 0
16.6684367521476 55 289
10.5390771932165 39 171
37.3577259863406 78 353
0.871762514311206 29 36
22.0723866836032 69 380
0 20 0
10.5390771932165 39 171
10.5390771932165 39 171
1.26187293832938 31 55
0 20 0
0.477694812032373 26 15
0 20 0
8.81684627285857 46 110
4.74538655425108 37 136
0 20 0
0 20 0
0 20 0
54.6614482679093 108 656
9.84973641222252 47 169
0 20 0
15.8995417339043 55 291
0 20 0
21.3067388475821 57 324
6.67700549687201 38 153
10.5390771932165 39 171
0 20 0
6.41353825729147 39 81
0 20 0
10.5390771932165 39 171
0 20 0
0 20 0
0 20 0
0 20 0
10.5390771932165 39 171
17.055741509803 61 297
58.1930348697647 107 634
13.9280121140217 47 184
24.5624730535998 67 369
0 20 0
21.0851249994339 67 362
0 20 0
0 20 0
10.5390771932165 39 171
4.74538655425108 37 136
0 20 0
14.3227550178614 57 240
2.25950040584578 34 91
0 20 0
0 20 0
6.67700549687201 38 153
0 20 0
14.1270463175231 53 262
0.871762514311206 29 36
0 20 0
17.6897893711513 56 307
0 20 0
32.2994863964045 74 460
0 20 0
30.2901478326792 80 433
0 20 0
0 20 0
3.85970150963281 42 119
0 20 0
10.5390771932165 39 171
0 20 0
6.67700549687201 38 153
25.1437352060006 74 352
0 20 0
10.5390771932165 39 171
0 20 0
0 20 0
7.99606381411013 52 181
0 20 0
0 20 0
0 20 0
10.0499616955268 50 172
10.5390771932165 39 171
17.6897893711513 56 307
0 20 0
0 20 0
0 20 0
6.67700549687201 38 153
26.8826864118132 71 409
0 20 0
14.08498669161 53 256
0 20 0
0.477694812032373 26 15
10.5390771932165 39 171
0 20 0
21.3067388475821 57 324
0 20 0
11.7237185904591 43 177
0 20 0
0 20 0
13.2008899163225 54 273
0 20 0
21.3067388475821 57 324
10.5390771932165 39 171
10.5390771932165 39 171
0 20 0
0 20 0
5.67959173109487 37 64
0 20 0
0 20 0
0 20 0
6.67700549687201 38 153
0 20 0
0 20 0
0 20 0
0 20 0
1.26187293832938 31 55
0 20 0
2.79721009695807 35 51
31.304168997846 79 414
0 20 0
21.3067388475821 57 324
0 20 0
0 20 0
0.591000631159132 27 21
1.04936731567358 30 45
0 20 0
0 20 0
0 20 0
0 20 0
15.747327211931 56 237
0 20 0
16.6684367521476 55 289
0 20 0
0 20 0
21.3067388475821 57 324
14.399283763015 53 238
0 20 0
12.3115165297061 47 199
0.720919297353916 28 28
0 20 0
3.58590013683387 36 120
34.42069521391 79 436
0 20 0
0 20 0
10.5390771932165 39 171
0 20 0
26.8826864118132 71 409
6.67700549687201 38 153
0 20 0
3.77066604711576 39 83
0 20 0
14.1270463175231 53 262
12.9420208201023 50 226
0 20 0
0 20 0
15.8995417339043 55 291
34.3290814086264 85 503
23.6572350297337 70 394
0 20 0
2.81243282969987 35 105
0 20 0
10.5390771932165 39 171
0 20 0
24.6785876487373 71 412
10.5390771932165 39 171
1.04936731567358 30 45
6.67700549687201 38 153
0 20 0
0 20 0
4.79081074535022 43 141
0.720919297353916 28 28
9.27661741344637 50 219
0 20 0
0 20 0
35.3376479876828 87 424
1.26187293832938 31 55
21.3067388475821 57 324
1.52101004254199 32 66
0 20 0
0 20 0
11.4784590511344 53 258
4.32261894441017 41 102
0 20 0
0 20 0
0 20 0
14.08498669161 53 256
0 20 0
2.81243282969987 35 105
10.9695760129356 49 196
0 20 0
9.6136372826932 47 115
10.5390771932165 39 171
21.3067388475821 57 324
0 20 0
6.67700549687201 38 153
0 20 0
26.2991175442564 71 415
6.67700549687201 38 153
0 20 0
6.67700549687201 38 153
0 20 0
10.5390771932165 39 171
0 20 0
0 20 0
0 20 0
24.8437437787724 68 379
0 20 0
4.29547748006708 43 133
0 20 0
3.58590013683387 36 120
0 20 0
10.5390771932165 39 171
0 20 0
0 20 0
2.25950040584578 34 91
0 20 0
4.74538655425108 37 136
0 20 0
0 20 0
0 20 0
5.67959173109487 37 64
0 20 0
3.59479832190079 31 25
0 20 0
0 20 0
0 20 0
0 20 0
10.5390771932165 39 171
0 20 0
2.81243282969987 35 105
0 20 0
0 20 0
0.720919297353916 28 28
4.74538655425108 37 136
4.2774220204155 29 10
16.6684367521476 55 289
10.5390771932165 39 171
0 20 0
10.5390771932165 39 171
19.5601712215491 68 364
10.5390771932165 39 171
0 20 0
11.5828230859123 42 174
0.207981576701593 23 3
10.5390771932165 39 171
0.477694812032373 26 15
0 20 0
0 20 0
0 20 0
0 20 0
26.8826864118132 71 409
0 20 0
4.04186081646348 42 126
3.59479832190079 31 25
0 20 0
0 20 0
10.5390771932165 39 171
6.67700549687201 38 153
0 20 0
0 20 0
6.67700549687201 38 153
0 20 0
0 20 0
0 20 0
0 20 0
0 20 0
0 20 0
2.81243282969987 35 105
0 20 0
0 20 0
0 20 0
21.3067388475821 57 324
0.871762514311206 29 36
2.81243282969987 35 105
0 20 0
16.6684367521476 55 289
0 20 0
1.44782368746963 30 24
0 20 0
7.99493959133865 43 121
0 20 0
0 20 0
0 20 0
25.6802437489534 69 303
13.2008899163225 54 273
0 20 0
10.5390771932165 39 171
0 20 0
1.26187293832938 31 55
0 20 0
5.82102041250482 47 129
1.91752441914013 34 67
0 20 0
0 20 0
43.1166131242016 97 569
12.3115165297061 47 199
0 20 0
4.74538655425108 37 136
0 20 0
0 20 0
0 20 0
6.67700549687201 38 153
1.84435306032293 33 78
0 20 0
0 20 0
0 20 0
0 20 0
10.5390771932165 39 171
7.02586018106523 48 191
0 20 0
0 20 0
10.7794319991067 52 241
32.0247464575813 83 475
0 20 0
0 20 0
7.99493959133865 43 121
0 20 0
0.377724486136616 25 10
0 20 0
0 20 0
3.58590013683387 36 120
16.6684367521476 55 289
0 20 0
10.5390771932165 39 171
0 20 0
13.2416569220991 51 237
32.2994863964045 74 460
0 20 0
0 20 0
10.5390771932165 39 171
10.5390771932165 39 171
19.9901325904569 70 312
1.84435306032293 33 78
16.1096540916545 56 199
0 20 0
0 20 0
0 20 0
0 20 0
0 20 0
1.84435306032293 33 78
10.5390771932165 39 171
1.26187293832938 31 55
10.5390771932165 39 171
43.0626613127647 99 506
0.591000631159132 27 21
1.71584800778814 28 13
0 20 0
0 20 0
0 20 0
0 20 0
1.84435306032293 33 78
0 20 0
10.5390771932165 39 171
6.67700549687201 38 153
0 20 0
1.84435306032293 33 78
0 20 0
4.74538655425108 37 136
1.26187293832938 31 55
24.014010956779 73 383
0 20 0
6.41353825729147 39 81
0 20 0
9.13445953084883 51 227
0.720919297353916 28 28
16.6684367521476 55 289
0 20 0
37.9738107972238 93 519
0 20 0
1.84435306032293 33 78
0 20 0
0 20 0
0 20 0
0 20 0
0 20 0
0 20 0
1.84435306032293 33 78
0 20 0
0 20 0
0 20 0
0 20 0
0 20 0
0 20 0
2.25950040584578 34 91
0 20 0
0 20 0
23.9283223124241 64 345
0 20 0
6.67700549687201 38 153
0.591000631159132 27 21
7.18096875483881 41 100
3.58590013683387 36 120
0 20 0
10.5390771932165 39 171
24.1199295958116 72 343
23.6446909366811 68 361
10.5390771932165 39 171
14.08498669161 53 256
0 20 0
4.60823232916366 42 135
0 20 0
0 20 0
23.0937393026069 70 398
0 20 0
0 20 0
0 20 0
16.6684367521476 55 289
0 20 0
4.74538655425108 37 136
0 20 0
10.5390771932165 39 171
10.5390771932165 39 171
10.5554064435509 53 172
0 20 0
0 20 0
0 20 0
0 20 0
10.5390771932165 39 171
21.3067388475821 57 324
0 20 0
1.52101004254199 32 66
2.63390388688543 36 60
13.2416569220991 51 237
4.74538655425108 37 136
17.6493812842356 59 235
0 20 0
0.288519555385556 24 6
4.74538655425108 37 136
0 20 0
19.6153918248361 60 271
6.49601746631163 43 83
7.45836896205531 41 156
0 20 0
17.6897893711513 56 307
9.84973641222252 47 169
10.5390771932165 39 171
3.58590013683387 36 120
0 20 0
11.7237185904591 43 177
12.3225068275259 51 225
0 20 0
0 20 0
0 20 0
0 20 0
14.1270463175231 53 262
10.5390771932165 39 171
4.74538655425108 37 136
0 20 0
10.5390771932165 39 171
2.25950040584578 34 91
0 20 0
17.6897893711513 56 307
0 20 0
0 20 0
20.4694344956201 65 343
0 20 0
0 20 0
0 20 0
0 20 0
10.5390771932165 39 171
0 20 0
1.04936731567358 30 45
0 20 0
0 20 0
0 20 0
21.3067388475821 57 324
2.25950040584578 34 91
0 20 0
0 20 0
1.26187293832938 31 55
0 20 0
0 20 0
7.18096875483881 41 100
0 20 0
2.25950040584578 34 91
0 20 0
0 20 0
1.26187293832938 31 55
0 20 0
0 20 0
0 20 0
12.9724470405227 55 211
0 20 0
10.5390771932165 39 171
0 20 0
23.7876105979499 68 367
0 20 0
21.3067388475821 57 324
13.6222487283462 52 249
0 20 0
10.5390771932165 39 171
0 20 0
1.26187293832938 31 55
0 20 0
1.04936731567358 30 45
21.3067388475821 57 324
0 20 0
10.5390771932165 39 171
0.288519555385556 24 6
0 20 0
0 20 0
30.8679357541357 79 435
0 20 0
10.5390771932165 39 171
0 20 0
20.5513774493369 67 254
0 20 0
0 20 0
0 20 0
0 20 0
0 20 0
0 20 0
6.68435450878832 48 186
10.5390771932165 39 171
6.41353825729147 39 81
0 20 0
19.5601712215491 68 364
0 20 0
0 20 0
0 20 0
20.8890157208693 67 354
11.4329775308258 41 172
10.7794319991067 52 241
0 20 0
0 20 0
4.17943912864044 39 123
0 20 0
3.58590013683387 36 120
6.67700549687201 38 153
6.67700549687201 38 153
0 20 0
12.9420208201023 50 226
10.5390771932165 39 171
2.81243282969987 35 105
14.1270463175231 53 262
0 20 0
0 20 0
12.49095342949 48 207
14.08498669161 53 256
2.25950040584578 34 91
10.5390771932165 39 171
10.5390771932165 39 171
0 20 0
0 20 0
0 20 0
0 20 0
0.377724486136616 25 10
0 20 0
2.81243282969987 35 105
0 20 0
0 20 0
0 20 0
10.5390771932165 39 171
10.5390771932165 39 171
14.08498669161 53 256
10.5390771932165 39 171
2.81243282969987 35 105
6.67700549687201 38 153
10.5390771932165 39 171
2.25950040584578 34 91
0 20 0
10.5390771932165 39 171
26.8826864118132 71 409
0 20 0
0 20 0
29.4239253941181 75 370
26.2991175442564 71 415
0 20 0
0 20 0
0 20 0
0 20 0
0 20 0
0 20 0
0 20 0
0 20 0
10.5390771932165 39 171
0 20 0
19.4899587667735 60 313
15.9570170412966 59 270
10.5390771932165 39 171
1.26187293832938 31 55
23.0937393026069 70 398
0 20 0
0 20 0
2.25950040584578 34 91
14.1270463175231 53 262
13.72080377986 55 189
4.96973161428007 35 49
12.3225068275259 51 225
16.9483075156085 63 291
0 20 0
0 20 0
0 20 0
0 20 0
1.52101004254199 32 66
5.67959173109487 37 64
0 20 0
0 20 0
0 20 0
21.3690866307124 67 223
0 20 0
0 20 0
0 20 0
2.25950040584578 34 91
10.5390771932165 39 171
0 20 0
0 20 0
10.5390771932165 39 171
0 20 0
22.9817976263111 70 302
0 20 0
0 20 0
0 20 0
2.81243282969987 35 105
0 20 0
6.67700549687201 38 153
6.67700549687201 38 153
4.74538655425108 37 136
0.288519555385556 24 6
16.6684367521476 55 289
0 20 0
10.5390771932165 39 171
0 20 0
0 20 0
13.2355996672993 61 248
12.6973445196503 49 216
13.6222487283462 52 249
28.9253916498205 73 444
0 20 0
10.5390771932165 39 171
9.13445953084883 51 227
0 20 0
3.58590013683387 36 120
0 20 0
3.59479832190079 31 25
0 20 0
6.67700549687201 38 153
0 20 0
0 20 0
0 20 0
16.1096540916545 56 199
2.81243282969987 35 105
0 20 0
15.2622976813776 60 251
0 20 0
10.5390771932165 39 171
0 20 0
10.5390771932165 39 171
3.58590013683387 36 120
0 20 0
0 20 0
10.5390771932165 39 171
3.58590013683387 36 120
12.1590185613271 51 197
0 20 0
0 20 0
0 20 0
26.8826864118132 71 409
8.96473061363953 43 79
10.5390771932165 39 171
0 20 0
0 20 0
0 20 0
11.4784590511344 53 258
54.9437160151583 105 685
7.7649462115244 51 177
0 20 0
0 20 0
0 20 0
0 20 0
0 20 0
0 20 0
2.96284940332151 39 93
10.5390771932165 39 171
5.53067899501547 41 142
1.22078234157896 26 7
22.7857708925755 70 320
0 20 0
0 20 0
0 20 0
0 20 0
13.6222487283462 52 249
4.74538655425108 37 136
0 20 0
0 20 0
10.5390771932165 39 171
0 20 0
36.0753875154303 82 347
0 20 0
10.5390771932165 39 171
0 20 0
0 20 0
0 20 0
2.81243282969987 35 105
0 20 0
10.5390771932165 39 171
12.3225068275259 51 225
24.0953107031048 69 324
21.3067388475821 57 324
0 20 0
3.58590013683387 36 120
0 20 0
0 20 0
0 20 0
10.5390771932165 39 171
6.67700549687201 38 153
10.5390771932165 39 171
2.25950040584578 34 91
0 20 0
5.40414423174888 40 139
3.58590013683387 36 120
12.9420208201023 50 226
0 20 0
10.5390771932165 39 171
4.82098413028118 44 136
34.3290814086264 85 500
0 20 0
14.08498669161 53 256
0 20 0
0 20 0
0 20 0
17.6897893711513 56 307
0 20 0
0 20 0
0 20 0
10.5390771932165 39 171
0 20 0
0 20 0
0 20 0
0 20 0
17.8398414816571 61 272
18.7452499535311 65 302
21.3067388475821 57 324
12.3225068275259 51 225
0 20 0
3.58590013683387 36 120
6.67700549687201 38 153
0 20 0
0 20 0
0 20 0
16.6684367521476 55 289
0 20 0
0.134286563891161 22 1
0 20 0
0.871762514311206 29 36
7.62063750547345 49 198
0 20 0
0 20 0
0 20 0
7.99493959133865 43 121
11.4299137440111 51 147
22.9743342828987 74 370
10.5390771932165 39 171
10.9695760129356 49 196
0 20 0
8.18222228286801 46 181
10.5390771932165 39 171
9.84973641222252 47 169
0 20 0
3.58590013683387 36 120
27.9040390308169 72 427
0 20 0
4.74538655425108 37 136
0 20 0
0 20 0
0 20 0
10.5390771932165 39 171
0 20 0
0 20 0
12.49095342949 48 207
32.2994863964045 74 460
10.5390771932165 39 171
10.5390771932165 39 171
0 20 0
0 20 0
0 20 0
15.6636839295499 62 280
0 20 0
0 20 0
10.5390771932165 39 171
0 20 0
14.8340137738324 54 276
0 20 0
0 20 0
0 20 0
0 20 0
0 20 0
3.08656182868694 38 76
6.67700549687201 38 153
0 20 0
0 20 0
0 20 0
3.58590013683387 36 120
1.26187293832938 31 55
14.8340137738324 54 276
4.15532277808694 42 114
17.6897893711513 56 307
0 20 0
0 20 0
10.5390771932165 39 171
0 20 0
0 20 0
1.55921621406959 25 4
0 20 0
0 20 0
0 20 0
0 20 0
3.58590013683387 36 120
28.9253916498205 73 444
5.53067899501547 41 142
6.67700549687201 38 153
0 20 0
21.3067388475821 57 324
21.3067388475821 57 324
16.258715384159 57 279
1.84435306032293 33 78
38.5424242068765 91 448
10.0450031961638 52 204
6.67700549687201 38 153
0 20 0
0 20 0
0 20 0
0 20 0
44.1894375759099 98 578
1.53628287006595 32 39
3.58590013683387 36 120
9.84973641222252 47 169
0 20 0
0 20 0
0 20 0
20.8890157208693 67 354
0 20 0
0 20 0
6.67700549687201 38 153
10.5390771932165 39 171
4.74538655425108 37 136
19.5601712215491 68 364
1.84435306032293 33 78
10.5390771932165 39 171
12.9420208201023 50 226
10.5390771932165 39 171
0 20 0
2.81243282969987 35 105
4.74538655425108 37 136
21.3067388475821 57 324
10.5390771932165 39 171
17.0974803677431 48 181
0 20 0
0 20 0
23.1368941218552 70 278
12.49095342949 48 207
0 20 0
0 20 0
14.058236926363 62 294
0 20 0
12.9420208201023 50 226
6.67700549687201 38 153
0 20 0
0 20 0
1.55921621406959 25 4
0 20 0
8.00135697139651 48 183
6.67700549687201 38 153
0.134286563891161 22 1
11.7982008739325 60 259
3.58590013683387 36 120
0 20 0
1.84435306032293 33 78
0 20 0
2.21598365200148 34 46
0 20 0
45.0211017506 95 518
0 20 0
10.235469107778 49 136
10.5390771932165 39 171
16.6684367521476 55 289
0 20 0
22.350000159259 71 288
0 20 0
15.8995417339043 55 291
0.134286563891161 22 1
0 20 0
0 20 0
3.58590013683387 36 120
0 20 0
0 20 0
0 20 0
0 20 0
0 20 0
0 20 0
0 20 0
18.0430335302807 67 351
10.5390771932165 39 171
4.74538655425108 37 136
4.74538655425108 37 136
10.5390771932165 39 171
0 20 0
2.24213496058262 27 9
0 20 0
0 20 0
0 20 0
0 20 0
0 20 0
0 20 0
0 20 0
0 20 0
0 20 0
0 20 0
0 20 0
0 20 0
0 20 0
4.74538655425108 37 136
10.5390771932165 39 171
0 20 0
4.74538655425108 37 136
13.2008899163225 54 273
14.08498669161 53 256
0 20 0
0 20 0
0 20 0
0 20 0
0 20 0
21.3067388475821 57 324
0 20 0
2.25950040584578 34 91
13.2416569220991 51 237
16.6684367521476 55 289
0 20 0
0 20 0
0 20 0
0 20 0
35.35043402763 86 518
19.4263541992463 63 190
10.5390771932165 39 171
6.68435450878832 48 186
0 20 0
6.67700549687201 38 153
0 20 0
10.5390771932165 39 171
21.3067388475821 57 324
0 20 0
10.5390771932165 39 171
0.720919297353916 28 28
0.134286563891161 22 1
0 20 0
0 20 0
23.6446909366811 68 361
3.58590013683387 36 120
0 20 0
1.26187293832938 31 55
0 20 0
1.52101004254199 32 66
0 20 0
10.5390771932165 39 171
0 20 0
0 20 0
0 20 0
0 20 0
16.6684367521476 55 289
0 20 0
0 20 0
10.5390771932165 39 171
0 20 0
10.5390771932165 39 171
14.08498669161 53 256
38.4071355214036 91 462
0 20 0
0 20 0
2.25950040584578 34 91
9.76820483732384 54 182
20.9624592912241 68 277
10.5390771932165 39 171
19.5934565524335 65 293
0 20 0
8.00135697139651 48 183
0 20 0
6.67700549687201 38 153
10.5390771932165 39 171
9.13445953084883 51 227
14.1270463175231 53 262
1.04936731567358 30 45
8.90756792254329 49 208
0 20 0
0.591000631159132 27 21
0 20 0
0 20 0
0 20 0
0 20 0
0 20 0
10.5390771932165 39 171
0 20 0
0 20 0
0 20 0
17.6897893711513 56 307
7.20020128358244 40 67
14.08498669161 53 256
0 20 0
0 20 0
0 20 0
13.2416569220991 51 237
0 20 0
0 20 0
0 20 0
0 20 0
0.477694812032373 26 15
10.5390771932165 39 171
0 20 0
16.2906315673985 55 146
0 20 0
0 20 0
0 20 0
0 20 0
4.29547748006708 43 133
0 20 0
0 20 0
0 20 0
0.288519555385556 24 6
17.3561561555591 63 289
0 20 0
0.871762514311206 29 36
0 20 0
1.84435306032293 33 78
17.3251586019585 66 280
0 20 0
22.7188869035304 69 310
6.67700549687201 38 153
10.5390771932165 39 171
24.1183981390972 65 352
12.9420208201023 50 226
21.3067388475821 57 324
0 20 0
1.26187293832938 31 55
0 20 0
0 20 0
0 20 0
0 20 0
6.67700549687201 38 153
0 20 0
3.58590013683387 36 120
0.134286563891161 22 1
0 20 0
21.9943743003835 68 289
0 20 0
6.67700549687201 38 153
10.5390771932165 39 171
6.67700549687201 38 153
10.5390771932165 39 171
0.207981576701593 23 3
0 20 0
0 20 0
0 20 0
10.5390771932165 39 171
0 20 0
0 20 0
0 20 0
10.5390771932165 39 171
0 20 0
12.9420208201023 50 226
12.6973445196503 49 216
16.6684367521476 55 289
0 20 0
0 20 0
0 20 0
17.0772843536786 62 298
0 20 0
0 20 0
0 20 0
0 20 0
1.04936731567358 30 45
0.288519555385556 24 6
0 20 0
16.6684367521476 55 289
15.2046446717955 64 307
0 20 0
0 20 0
5.04191718755071 45 150
19.3401658246241 62 274
10.5390771932165 39 171
0 20 0
10.5390771932165 39 171
0 20 0
10.5390771932165 39 171
0 20 0
1.84435306032293 33 78
0 20 0
0 20 0
0 20 0
0 20 0
10.5390771932165 39 171
0 20 0
0 20 0
5.6644957404374 42 146
0 20 0
1.26187293832938 31 55
6.67700549687201 38 153
2.81243282969987 35 105
2.24213496058262 27 9
7.32774862681793 40 154
1.52101004254199 32 66
0 20 0
11.4329775308258 41 172
0 20 0
8.87461207854018 45 144
0 20 0
0 20 0
1.52101004254199 32 66
0 20 0
9.27661741344637 50 219
9.78417271425878 51 201
10.5390771932165 39 171
8.18222228286801 46 181
16.6684367521476 55 289
3.6291634416943 41 106
10.5390771932165 39 171
10.5390771932165 39 171
1.52101004254199 32 66
0 20 0
0 20 0
0 20 0
12.6973445196503 49 216
0.591000631159132 27 21
0.720919297353916 28 28
4.74538655425108 37 136
1.08329137559427 28 16
0 20 0
0 20 0
10.5390771932165 39 171
6.67700549687201 38 153
0 20 0
0.871762514311206 29 36
0 20 0
16.6684367521476 55 289
1.84435306032293 33 78
10.5390771932165 39 171
0 20 0
0 20 0
16.6684367521476 55 289
3.58590013683387 36 120
0 20 0
0 20 0
0.720919297353916 28 28
10.5390771932165 39 171
0 20 0
0 20 0
0 20 0
1.52101004254199 32 66
16.6684367521476 55 289
28.9253916498205 73 444
0 20 0
4.05169606354645 41 84
32.4073906627693 83 474
0 20 0
4.74538655425108 37 136
17.6897893711513 56 307
0 20 0
0 20 0
21.3067388475821 57 324
2.25950040584578 34 91
0 20 0
21.3067388475821 57 324
0 20 0
0 20 0
0 20 0
0.134286563891161 22 1
0 20 0
0 20 0
0 20 0
3.59479832190079 31 25
0 20 0
0 20 0
0 20 0
6.67700549687201 38 153
10.5390771932165 39 171
0 20 0
0.288519555385556 24 6
24.4893552573102 76 377
0 20 0
0 20 0
0 20 0
3.58590013683387 36 120
0 20 0
6.67700549687201 38 153
1.52101004254199 32 66
10.5390771932165 39 171
0.134286563891161 22 1
0 20 0
0 20 0
6.67700549687201 38 153
6.67700549687201 38 153
0 20 0
14.789968801748 54 250
10.2309514471195 48 121
0.134286563891161 22 1
0.591000631159132 27 21
0 20 0
0 20 0
10.5390771932165 39 171
13.2008899163225 54 273
0 20 0
0 20 0
0 20 0
0.477694812032373 26 15
16.6684367521476 55 289
0 20 0
21.8725252686019 61 235
0 20 0
0 20 0
10.5390771932165 39 171
0 20 0
0 20 0
0 20 0
0 20 0
12.9420208201023 50 226
17.9524766835719 59 181
1.04936731567358 30 45
2.81243282969987 35 105
3.58590013683387 36 120
0 20 0
10.5390771932165 39 171
0 20 0
0 20 0
0 20 0
0 20 0
7.18096875483881 41 100
0 20 0
0 20 0
12.0027783807377 45 186
0 20 0
0 20 0
0.207981576701593 23 3
0 20 0
21.3067388475821 57 324
0 20 0
0 20 0
0 20 0
0 20 0
30.2901478326792 80 433
10.5390771932165 39 171
17.6493812842356 59 235
0 20 0
10.5390771932165 39 171
14.08498669161 53 256
0 20 0
0 20 0
21.3067388475821 57 324
6.67700549687201 38 153
0 20 0
0 20 0
4.74538655425108 37 136
0 20 0
0 20 0
2.25950040584578 34 91
0 20 0
0 20 0
21.4218936003592 64 315
0 20 0
0 20 0
0 20 0
3.58590013683387 36 120
3.58590013683387 36 120
2.81243282969987 35 105
16.6684367521476 55 289
10.5390771932165 39 171
10.5390771932165 39 171
10.5390771932165 39 171
22.0342417892379 70 306
4.74538655425108 37 136
3.58590013683387 36 120
0 20 0
10.5390771932165 39 171
0 20 0
4.74538655425108 37 136
0 20 0
0 20 0
0 20 0
19.9608947083078 61 176
1.44782368746963 30 24
0 20 0
4.74538655425108 37 136
23.6572350297337 70 394
6.67700549687201 38 153
10.5390771932165 39 171
10.5390771932165 39 171
2.81243282969987 35 105
1.52101004254199 32 66
10.5390771932165 39 171
0 20 0
0 20 0
10.5390771932165 39 171
4.74538655425108 37 136
0 20 0
0 20 0
21.3067388475821 57 324
0 20 0
0 20 0
0 20 0
8.18222228286801 46 181
2.80236647412476 37 94
0 20 0
10.5390771932165 39 171
6.67700549687201 38 153
0 20 0
0 20 0
0 20 0
0 20 0
21.3067388475821 57 324
0.871762514311206 29 36
0 20 0
3.58590013683387 36 120
0.134286563891161 22 1
0 20 0
4.74538655425108 37 136
0 20 0
0 20 0
0 20 0
10.1013218761211 48 174
10.5390771932165 39 171
16.6684367521476 55 289
10.5390771932165 39 171
0 20 0
0 20 0
0 20 0
4.74538655425108 37 136
8.18222228286801 46 181
0 20 0
8.90756792254329 49 208
10.5390771932165 39 171
0 20 0
0 20 0
25.4592459789753 70 396
5.00794808142273 44 148
11.4784590511344 53 258
0 20 0
14.08498669161 53 256
2.25950040584578 34 91
0 20 0
0 20 0
0 20 0
0 20 0
6.41353825729147 39 81
21.3067388475821 57 324
0 20 0
15.8995417339043 55 291
6.67700549687201 38 153
1.52101004254199 32 66
13.2008899163225 54 273
10.5390771932165 39 171
0 20 0
10.5390771932165 39 171
0 20 0
0 20 0
0 20 0
0.377724486136616 25 10
4.74538655425108 37 136
10.5390771932165 39 171
18.4686061477698 59 295
0 20 0
2.25950040584578 34 91
0 20 0
0 20 0
18.2396689178129 58 232
21.3067388475821 57 324
0 20 0
0 20 0
6.67700549687201 38 153
0 20 0
25.8727786330423 78 398
10.5390771932165 39 171
0 20 0
0 20 0
32.7805197746497 84 428
9.1557282503207 45 96
0 20 0
13.2416569220991 51 237
0 20 0
0 20 0
1.84435306032293 33 78
0 20 0
0 20 0
0 20 0
6.67700549687201 38 153
0 20 0
6.67700549687201 38 153
1.52101004254199 32 66
4.74538655425108 37 136
0 20 0
0 20 0
0 20 0
3.58590013683387 36 120
10.5390771932165 39 171
10.5390771932165 39 171
26.8826864118132 71 409
0.591000631159132 27 21
7.87464338018876 50 163
10.5390771932165 39 171
0.288519555385556 24 6
0 20 0
2.81243282969987 35 105
0 20 0
35.4642494122622 84 493
0 20 0
3.58590013683387 36 120
11.1028937612992 55 237
6.67700549687201 38 153
0 20 0
0 20 0
0 20 0
0 20 0
4.79081074535022 43 141
0 20 0
2.81243282969987 35 105
0.477694812032373 26 15
0 20 0
0 20 0
0 20 0
0 20 0
6.67700549687201 38 153
0 20 0
0 20 0
1.52101004254199 32 66
0 20 0
23.6446909366811 68 361
0 20 0
2.21151086866369 30 21
9.13445953084883 51 227
21.3067388475821 57 324
0 20 0
0 20 0
0 20 0
6.67700549687201 38 153
0 20 0
10.5390771932165 39 171
0 20 0
0 20 0
10.5390771932165 39 171
0 20 0
0 20 0
6.67700549687201 38 153
0 20 0
10.5390771932165 39 171
4.74538655425108 37 136
10.5390771932165 39 171
3.61248966861945 40 82
0 20 0
10.5390771932165 39 171
0 20 0
4.74538655425108 37 136
0 20 0
17.6897893711513 56 307
0 20 0
0 20 0
0.207981576701593 23 3
0 20 0
0 20 0
16.4462779029918 58 282
32.4073906627693 83 474
0 20 0
10.5390771932165 39 171
0 20 0
0 20 0
16.6101100889523 61 262
6.67700549687201 38 153
0 20 0
20.257831641309 67 349
6.67700549687201 38 153
12.6973445196503 49 216
0 20 0
4.74538655425108 37 136
0 20 0
11.2484996409979 49 128
10.5405271743679 54 217
0 20 0
0 20 0
1.52101004254199 32 66
0 20 0
6.67700549687201 38 153
0.134286563891161 22 1
6.67700549687201 38 153
1.52101004254199 32 66
10.5390771932165 39 171
0 20 0
0.134286563891161 22 1
0 20 0
21.2761036516434 65 316
3.58590013683387 36 120
0 20 0
0 20 0
1.52101004254199 32 66
10.7794319991067 52 241
1.26187293832938 31 55
0 20 0
1.52101004254199 32 66
0 20 0
0 20 0
0 20 0
4.74538655425108 37 136
0 20 0
0 20 0
10.5390771932165 39 171
0 20 0
1.04936731567358 30 45
0 20 0
0 20 0
43.0965404687183 97 571
14.08498669161 53 256
0 20 0
0 20 0
4.74538655425108 37 136
0 20 0
0 20 0
0 20 0
0 20 0
0 20 0
15.8995417339043 55 291
3.59479832190079 31 25
2.25950040584578 34 91
0 20 0
10.5390771932165 39 171
10.5390771932165 39 171
0 20 0
14.1270463175231 53 262
27.9040390308169 72 427
13.2008899163225 54 273
0 20 0
0 20 0
0 20 0
11.7237185904591 43 177
0 20 0
8.4119924090493 49 140
0 20 0
10.5390771932165 39 171
0 20 0
10.9695760129356 49 196
0 20 0
0 20 0
6.67700549687201 38 153
0 20 0
4.74538655425108 37 136
21.3067388475821 57 324
0 20 0
2.81243282969987 35 105
0 20 0
0 20 0
24.6785876487373 71 412
0 20 0
0 20 0
21.3067388475821 57 324
19.3401658246241 62 274
0 20 0
4.74538655425108 37 136
10.5390771932165 39 171
6.67700549687201 38 153
0 20 0
10.5390771932165 39 171
0 20 0
21.3067388475821 57 324
10.5390771932165 39 171
3.58590013683387 36 120
32.8782675190838 84 487
0 20 0
13.2008899163225 54 273
3.58590013683387 36 120
0 20 0
9.62129882222614 47 127
0 20 0
0 20 0
0 20 0
0 20 0
0 20 0
20.2100894276029 68 322
17.6897893711513 56 307
0.288519555385556 24 6
9.7658863014536 51 231
0 20 0
0.591000631159132 27 21
0 20 0
0 20 0
0 20 0
9.7658863014536 51 231
0 20 0
0 20 0
0 20 0
6.67700549687201 38 153
0 20 0
0 20 0
4.97787129803017 40 109
21.4153663971126 72 271
29.0338437366402 81 375
10.5390771932165 39 171
0 20 0
6.67700549687201 38 153
0 20 0
0 20 0
0 20 0
3.58590013683387 36 120
0 20 0
6.67700549687201 38 153
0 20 0
1.84435306032293 33 78
0 20 0
0 20 0
0 20 0
0 20 0
3.58590013683387 36 120
0 20 0
0 20 0
0 20 0
0 20 0
0 20 0
0.720919297353916 28 28
13.7004603414012 55 217
0 20 0
0 20 0
0 20 0
9.27661741344637 50 219
15.8995417339043 55 291
0 20 0
0 20 0
0 20 0
14.8340137738324 54 276
0 20 0
21.3067388475821 57 324
2.81243282969987 35 105
0 20 0
0 20 0
16.6684367521476 55 289
0 20 0
0 20 0
2.63390388688543 36 60
0 20 0
10.5390771932165 39 171
0.288519555385556 24 6
0 20 0
0 20 0
35.2341856202521 84 487
10.5390771932165 39 171
0 20 0
17.8015883374783 69 304
0 20 0
13.7861689854363 48 189
0 20 0
8.87461207854018 45 144
0 20 0
13.9280121140217 47 184
0.477694812032373 26 15
0 20 0
0 20 0
0 20 0
0 20 0
0 20 0
0 20 0
16.6684367521476 55 289
10.5390771932165 39 171
0 20 0
12.3225068275259 51 225
0 20 0
15.8995417339043 55 291
0 20 0
0 20 0
0 20 0
0 20 0
0 20 0
0 20 0
14.0680668875585 57 212
19.5588045892813 66 332
0 20 0
0 20 0
0 20 0
0 20 0
13.6222487283462 52 249
0.720919297353916 28 28
3.65980429462714 40 115
0 20 0
0 20 0
21.3067388475821 57 324
11.7237185904591 43 177
0 20 0
0 20 0
22.1924984288554 69 335
0 20 0
2.25950040584578 34 91
10.5390771932165 39 171
0 20 0
9.13445953084883 51 227
6.67700549687201 38 153
27.2738010212695 72 429
0 20 0
0 20 0
13.72080377986 55 189
21.3067388475821 57 324
10.5390771932165 39 171
15.8995417339043 55 291
0 20 0
0 20 0
0 20 0
0 20 0
12.3225068275259 51 225
24.3260280182833 66 360
3.25050347137523 40 99
1.52101004254199 32 66
2.81243282969987 35 105
6.67700549687201 38 153
0 20 0
6.67700549687201 38 153
0 20 0
10.5390771932165 39 171
0 20 0
0 20 0
0 20 0
0 20 0
0.720919297353916 28 28
0 20 0
10.5390771932165 39 171
7.20020128358244 40 67
0.207981576701593 23 3
21.3067388475821 57 324
3.58590013683387 36 120
0 20 0
0.871762514311206 29 36
0 20 0
0 20 0
0 20 0
14.7316222128313 58 279
0 20 0
1.04936731567358 30 45
0 20 0
0 20 0
0 20 0
0 20 0
0 20 0
0 20 0
10.5390771932165 39 171
0 20 0
23.1137657614712 77 400
0 20 0
0 20 0
19.3108807238959 67 307
0 20 0
13.6222487283462 52 249
0 20 0
0 20 0
0 20 0
10.5390771932165 39 171
0 20 0
0 20 0
13.6222487283462 52 249
0 20 0
0 20 0
0 20 0
0 20 0
10.5390771932165 39 171
0 20 0
6.16594292106265 45 164
0 20 0
0 20 0
0 20 0
0.207981576701593 23 3
0 20 0
0 20 0
0 20 0
11.4784590511344 53 258
0.720919297353916 28 28
10.5390771932165 39 171
4.2774220204155 29 10
0 20 0
10.5390771932165 39 171
0 20 0
0 20 0
0 20 0
0 20 0
7.58679863602152 42 159
0 20 0
0 20 0
0 20 0
10.5390771932165 39 171
7.32774862681793 40 154
10.5390771932165 39 171
6.67700549687201 38 153
0 20 0
17.6897893711513 56 307
0 20 0
21.3067388475821 57 324
0 20 0
16.2912600643066 61 274
13.72080377986 55 189
10.5390771932165 39 171
0 20 0
6.67700549687201 38 153
0 20 0
17.6897893711513 56 307
0 20 0
0 20 0
0 20 0
0 20 0
0 20 0
10.5147076262189 58 242
0 20 0
0 20 0
31.0283088867047 78 442
4.74538655425108 37 136
10.5390771932165 39 171
0 20 0
21.3067388475821 57 324
23.5413996062878 66 244
0 20 0
0 20 0
0 20 0
2.81243282969987 35 105
3.26657868885535 37 66
2.81243282969987 35 105
0 20 0
0 20 0
0 20 0
47.6564468993576 98 551
0 20 0
0 20 0
10.5390771932165 39 171
14.08498669161 53 256
14.08498669161 53 256
13.2008899163225 54 273
0 20 0
0 20 0
21.3067388475821 57 324
0 20 0
2.81243282969987 35 105
0 20 0
0 20 0
1.52101004254199 32 66
1.04936731567358 30 45
17.2567549499381 64 305
0 20 0
10.5390771932165 39 171
0 20 0
0 20 0
7.02586018106523 48 191
13.2008899163225 54 273
0 20 0
0.377724486136616 25 10
15.7776005899 63 309
4.74538655425108 37 136
0 20 0
0 20 0
2.81243282969987 35 105
0 20 0
0 20 0
2.81243282969987 35 105
6.67700549687201 38 153
0 20 0
0 20 0
8.01053380938756 45 174
0 20 0
10.5390771932165 39 171
0 20 0
29.0118425918422 82 386
0 20 0
10.5390771932165 39 171
14.08498669161 53 256
0 20 0
0 20 0
12.9420208201023 50 226
0 20 0
6.67700549687201 38 153
0 20 0
0 20 0
0 20 0
13.4965827335974 52 173
0 20 0
10.5390771932165 39 171
3.59479832190079 31 25
10.5390771932165 39 171
0 20 0
0 20 0
0 20 0
8.00135697139651 48 183
0 20 0
10.5390771932165 39 171
0 20 0
0 20 0
10.5390771932165 39 171
0 20 0
0 20 0
0 20 0
34.3290814086264 85 500
6.67700549687201 38 153
0 20 0
6.67700549687201 38 153
0 20 0
21.3067388475821 57 324
3.59479832190079 31 25
0 20 0
0 20 0
1.26187293832938 31 55
0 20 0
0 20 0
13.6222487283462 52 249
15.8995417339043 55 291
0 20 0
0 20 0
0 20 0
0 20 0
9.13445953084883 51 227
2.24213496058262 27 9
0 20 0
28.9253916498205 73 444
32.2994863964045 74 460
0 20 0
0 20 0
0 20 0
6.41353825729147 39 81
6.67162789355373 47 181
0.207981576701593 23 3
0 20 0
6.67700549687201 38 153
2.81243282969987 35 105
0 20 0
0 20 0
15.5300528785477 61 270
0 20 0
17.6897893711513 56 307
10.5390771932165 39 171
0 20 0
0.591000631159132 27 21
0 20 0
1.04936731567358 30 45
19.3401658246241 62 274
6.67700549687201 38 153
12.3725825739603 57 220
10.9695760129356 49 196
0 20 0
0 20 0
23.0937393026069 70 398
0 20 0
17.6897893711513 56 307
0 20 0
0 20 0
21.3067388475821 57 324
2.91843354299513 29 16
0 20 0
0 20 0
0 20 0
22.4976361292115 66 340
10.5390771932165 39 171
0 20 0
0.207981576701593 23 3
6.67700549687201 38 153
0 20 0
0.871762514311206 29 36
0 20 0
0 20 0
21.1334600184685 68 367
0 20 0
0 20 0
1.26187293832938 31 55
0 20 0
0 20 0
0 20 0
0 20 0
10.5390771932165 39 171
10.5390771932165 39 171
0 20 0
1.84435306032293 33 78
10.5390771932165 39 171
11.91793952431 44 67
0 20 0
3.22763487255527 34 43
14.8340137738324 54 276
15.8995417339043 55 291
0 20 0
0 20 0
0 20 0
0 20 0
4.74538655425108 37 136
0 20 0
2.81243282969987 35 105
0 20 0
0 20 0
0 20 0
11.4784590511344 53 258
0 20 0
0.477694812032373 26 15
8.18222228286801 46 181
0 20 0
8.87461207854018 45 144
10.5390771932165 39 171
10.5390771932165 39 171
0 20 0
15.8995417339043 55 291
0 20 0
10.5390771932165 39 171
10.5390771932165 39 171
27.9040390308169 72 427
0 20 0
0 20 0
0 20 0
6.67700549687201 38 153
0 20 0
0 20 0
0 20 0
0.871762514311206 29 36
10.5390771932165 39 171
32.2994863964045 74 460
0 20 0
0 20 0
0 20 0
20.1697681646209 73 357
0 20 0
0 20 0
0 20 0
0 20 0
0 20 0
0 20 0
0 20 0
0 20 0
15.8587788143405 64 241
44.1063478464757 96 428
0 20 0
18.0415598248543 64 321
21.4218936003592 64 315
0 20 0
0 20 0
31.0637124767896 82 458
0 20 0
0 20 0
10.5390771932165 39 171
6.52125973312486 47 171
2.73912407525975 38 81
0 20 0
1.84435306032293 33 78
0 20 0
34.1180010187723 87 426
0 20 0
0 20 0
0 20 0
0 20 0
0 20 0
22.4976361292115 66 340
12.0027783807377 45 186
0 20 0
10.5390771932165 39 171
25.4592459789753 70 396
0 20 0
0 20 0
32.2994863964045 74 460
0 20 0
0 20 0
0 20 0
13.9280121140217 47 184
0 20 0
0.207981576701593 23 3
0.477694812032373 26 15
0 20 0
0 20 0
14.2210239676342 54 160
0 20 0
3.58590013683387 36 120
0 20 0
0.377724486136616 25 10
0 20 0
21.3067388475821 57 324
17.1408289774943 66 339
0 20 0
0 20 0
4.74538655425108 37 136
1.46310554249819 31 31
0 20 0
0 20 0
0 20 0
16.6684367521476 55 289
0 20 0
21.3067388475821 57 324
0 20 0
10.5390771932165 39 171
0 20 0
0 20 0
17.6897893711513 56 307
26.2991175442564 71 415
0 20 0
4.74538655425108 37 136
0 20 0
4.74538655425108 37 136
0.288519555385556 24 6
0 20 0
1.84435306032293 33 78
0 20 0
15.8995417339043 55 291
2.25950040584578 34 91
12.0027783807377 45 186
0 20 0
6.67700549687201 38 153
0 20 0
1.52101004254199 32 66
2.81243282969987 35 105
4.74538655425108 37 136
10.2271470219943 48 119
0 20 0
0 20 0
10.5390771932165 39 171
10.5390771932165 39 171
27.2738010212695 72 429
2.25950040584578 34 91
0 20 0
0 20 0
0 20 0
1.55921621406959 25 4
0 20 0
0 20 0
0 20 0
16.6684367521476 55 289
0 20 0
0 20 0
0 20 0
0 20 0
0.288519555385556 24 6
12.3115165297061 47 199
0 20 0
0 20 0
17.6897893711513 56 307
0 20 0
0 20 0
8.90756792254329 49 208
10.5390771932165 39 171
0 20 0
0 20 0
16.6684367521476 55 289
2.81243282969987 35 105
0.477694812032373 26 15
23.3800781498273 73 335
0 20 0
20.5107571045932 67 355
27.9040390308169 72 427
0 20 0
10.5390771932165 39 171
0 20 0
0 20 0
16.4738458629243 61 200
0 20 0
0 20 0
10.5390771932165 39 171
21.3067388475821 57 324
1.84435306032293 33 78
10.5390771932165 39 171
6.67700549687201 38 153
0 20 0
1.84435306032293 33 78
10.5390771932165 39 171
10.5390771932165 39 171
0.207981576701593 23 3
21.3067388475821 57 324
6.67700549687201 38 153
0 20 0
0 20 0
8.15056896170903 50 214
2.81243282969987 35 105
0 20 0
0 20 0
1.52101004254199 32 66
0 20 0
0 20 0
21.3067388475821 57 324
4.74538655425108 37 136
0 20 0
0 20 0
10.5390771932165 39 171
0 20 0
0 20 0
21.3067388475821 57 324
25.4116954548733 74 358
1.52101004254199 32 66
11.6461935530867 52 179
21.3067388475821 57 324
0 20 0
0 20 0
0 20 0
17.6897893711513 56 307
0 20 0
6.67700549687201 38 153
0 20 0
0 20 0
10.5390771932165 39 171
0 20 0
3.58590013683387 36 120
10.5390771932165 39 171
8.87461207854018 45 144
0 20 0
20.4766989352135 62 292
10.5390771932165 39 171
0.288519555385556 24 6
38.8632957048405 88 551
5.53067899501547 41 142
0 20 0
8.025365811759 48 141
1.84435306032293 33 78
0 20 0
0 20 0
0 20 0
0 20 0
0 20 0
0 20 0
10.5390771932165 39 171
0 20 0
14.8025140128278 59 253
0 20 0
0 20 0
0 20 0
0 20 0
0 20 0
0 20 0
12.6798836391404 59 201
0 20 0
10.5390771932165 39 171
20.4694344956201 65 343
0 20 0
10.5390771932165 39 171
4.74538655425108 37 136
35.1379031359259 90 470
10.5390771932165 39 171
2.25950040584578 34 91
0 20 0
19.3401658246241 62 274
0 20 0
0.134286563891161 22 1
0 20 0
0 20 0
0 20 0
0 20 0
0 20 0
0 20 0
0 20 0
0 20 0
4.74538655425108 37 136
6.67700549687201 38 153
0 20 0
0 20 0
0 20 0
1.52101004254199 32 66
10.5390771932165 39 171
0 20 0
1.26187293832938 31 55
0 20 0
4.74538655425108 37 136
10.5390771932165 39 171
2.81243282969987 35 105
4.74538655425108 37 136
0 20 0
0 20 0
0 20 0
0 20 0
31.489973193374 82 474
10.5390771932165 39 171
0.288519555385556 24 6
0 20 0
4.74538655425108 37 136
12.150878877577 46 192
6.2515428482549 44 133
0 20 0
0 20 0
0 20 0
22.4422048337612 60 235
5.67959173109487 37 64
0 20 0
0 20 0
4.74538655425108 37 136
0 20 0
0 20 0
0 20 0
0 20 0
7.58679863602152 42 159
6.67700549687201 38 153
0 20 0
6.67700549687201 38 153
19.6153918248361 60 271
0 20 0
10.5390771932165 39 171
0 20 0
0.288519555385556 24 6
3.58590013683387 36 120
10.5390771932165 39 171
0 20 0
0 20 0
4.74538655425108 37 136
0 20 0
6.67700549687201 38 153
10.5390771932165 39 171
6.67700549687201 38 153
0 20 0
10.5390771932165 39 171
21.3067388475821 57 324
0 20 0
10.5390771932165 39 171
10.4499987745529 52 244
10.9922067147568 51 159
15.6638505774445 58 264
0 20 0
0 20 0
1.26187293832938 31 55
0 20 0
0 20 0
0 20 0
34.044605237328 87 403
3.58590013683387 36 120
6.67700549687201 38 153
0 20 0
0 20 0
0 20 0
0 20 0
0 20 0
33.3122795090103 80 308
0 20 0
0 20 0
0 20 0
0 20 0
0 20 0
10.5390771932165 39 171
16.6449794262254 65 319
0 20 0
4.74538655425108 37 136
0 20 0
0 20 0
2.91843354299513 29 16
10.5390771932165 39 171
0 20 0
0.134286563891161 22 1
12.3225068275259 51 225
0 20 0
0 20 0
0 20 0
0 20 0
1.84435306032293 33 78
10.5390771932165 39 171
2.25950040584578 34 91
0 20 0
10.5390771932165 39 171
0.377724486136616 25 10
28.5737966849996 76 411
18.1057343537937 59 258
0 20 0
0 20 0
0 20 0
13.6222487283462 52 249
0 20 0
18.2819472623758 58 292
0 20 0
7.8579352092655 44 168
0 20 0
10.5390771932165 39 171
0 20 0
0 20 0
10.5390771932165 39 171
9.84973641222252 47 169
0 20 0
13.2008899163225 54 273
6.67700549687201 38 153
0 20 0
0 20 0
0 20 0
4.74538655425108 37 136
0 20 0
4.32261894441017 41 102
21.4218936003592 64 315
10.5390771932165 39 171
0 20 0
32.2994863964045 74 460
17.6897893711513 56 307
0 20 0
0 20 0
21.3067388475821 57 324
21.5321097235969 68 373
1.04936731567358 30 45
0 20 0
10.5390771932165 39 171
10.5390771932165 39 171
1.84435306032293 33 78
32.2994863964045 74 460
37.7412002100474 93 523
0 20 0
0 20 0
10.5390771932165 39 171
4.74538655425108 37 136
0 20 0
9.84973641222252 47 169
2.81243282969987 35 105
0 20 0
0 20 0
27.2738010212695 72 429
6.67700549687201 38 153
0.207981576701593 23 3
0 20 0
9.11500501495708 55 199
0 20 0
16.6684367521476 55 289
13.6222487283462 52 249
6.67700549687201 38 153
0 20 0
0 20 0
4.74538655425108 37 136
0 20 0
0 20 0
0 20 0
0 20 0
16.6684367521476 55 289
0 20 0
0 20 0
10.5390771932165 39 171
1.52101004254199 32 66
4.74538655425108 37 136
3.75947604681399 36 57
0 20 0
0 20 0
4.96973161428007 35 49
0.288519555385556 24 6
0 20 0
0.288519555385556 24 6
0 20 0
21.9943743003835 68 289
0 20 0
6.67700549687201 38 153
19.9897459181506 67 357
0.134286563891161 22 1
0 20 0
6.67700549687201 38 153
6.67700549687201 38 153
0 20 0
28.8403617186212 80 364
40.2606328074204 94 524
0 20 0
0 20 0
32.9527424659557 81 445
0.477694812032373 26 15
16.6684367521476 55 289
0 20 0
1.04936731567358 30 45
23.6446909366811 68 361
0 20 0
0 20 0
0 20 0
0.591000631159132 27 21
0 20 0
0 20 0
6.67700549687201 38 153
2.91843354299513 29 16
23.1828706955534 60 327
0 20 0
0.591000631159132 27 21
1.26187293832938 31 55
0 20 0
0 20 0
2.81243282969987 35 105
0 20 0
0 20 0
1.84435306032293 33 78
0 20 0
1.82315296675245 32 34
1.26187293832938 31 55
0 20 0
4.27677301127263 33 36
0 20 0
6.67700549687201 38 153
21.3067388475821 57 324
0 20 0
10.5390771932165 39 171
0 20 0
0 20 0
3.58590013683387 36 120
13.2416569220991 51 237
1.26187293832938 31 55
0.134286563891161 22 1
0 20 0
0 20 0
0 20 0
0 20 0
0 20 0
10.5390771932165 39 171
15.2011202498175 56 255
0 20 0
12.0027783807377 45 186
0 20 0
0 20 0
17.2567549499381 64 305
6.67700549687201 38 153
0 20 0
0 20 0
0 20 0
0.288519555385556 24 6
0 20 0
0 20 0
0 20 0
6.67700549687201 38 153
0 20 0
20.2381887252163 64 335
0 20 0
0 20 0
0 20 0
14.8340137738324 54 276
0 20 0
0 20 0
0 20 0
16.6684367521476 55 289
0 20 0
0 20 0
6.67700549687201 38 153
3.58590013683387 36 120
10.5390771932165 39 171
0 20 0
0 20 0
0 20 0
0 20 0
0 20 0
0 20 0
21.3067388475821 57 324
0 20 0
0 20 0
12.150878877577 46 192
1.52101004254199 32 66
6.67700549687201 38 153
0 20 0
10.5390771932165 39 171
0 20 0
0.207981576701593 23 3
1.44782368746963 30 24
2.81243282969987 35 105
14.8340137738324 54 276
0 20 0
21.3067388475821 57 324
4.30922618802408 40 126
13.2932764886604 50 136
10.5390771932165 39 171
0 20 0
0 20 0
0 20 0
4.74538655425108 37 136
14.1270463175231 53 262
0.288519555385556 24 6
0.720919297353916 28 28
0.477694812032373 26 15
43.5133355101349 90 580
2.81243282969987 35 105
46.3059225153011 92 396
22.3947122505792 69 382
0 20 0
3.58590013683387 36 120
0 20 0
0 20 0
0 20 0
0 20 0
14.08498669161 53 256
0 20 0
15.8995417339043 55 291
0 20 0
0 20 0
1.22078234157896 26 7
27.9040390308169 72 427
10.5390771932165 39 171
10.5390771932165 39 171
3.58590013683387 36 120
0 20 0
0 20 0
0 20 0
0 20 0
0 20 0
0.871762514311206 29 36
0 20 0
2.81243282969987 35 105
0 20 0
0 20 0
14.8340137738324 54 276
12.0084977246904 59 247
0 20 0
0 20 0
2.81243282969987 35 105
0 20 0
0 20 0
10.5390771932165 39 171
18.3685698727344 63 319
0 20 0
1.52101004254199 32 66
0.207981576701593 23 3
0 20 0
0 20 0
32.1062394932717 81 439
0 20 0
15.8995417339043 55 291
0 20 0
0 20 0
1.52101004254199 32 66
10.5390771932165 39 171
0 20 0
21.3067388475821 57 324
1.04936731567358 30 45
6.67700549687201 38 153
10.5390771932165 39 171
6.67700549687201 38 153
48.7803629637035 105 585
0 20 0
12.4202739202078 59 217
1.84435306032293 33 78
0 20 0
0 20 0
32.2994863964045 74 460
21.3067388475821 57 324
10.9695760129356 49 196
0 20 0
16.6684367521476 55 289
24.8437437787724 68 379
0 20 0
0 20 0
0 20 0
0 20 0
0 20 0
12.6973445196503 49 216
10.5390771932165 39 171
8.61729026720453 48 198
0.591000631159132 27 21
6.67700549687201 38 153
0 20 0
0 20 0
15.7598986747829 57 262
0 20 0
12.9420208201023 50 226
0 20 0
25.0325519399857 78 340
0 20 0
0 20 0
0 20 0
0 20 0
24.6785876487373 71 412
0 20 0
0 20 0
10.5390771932165 39 171
2.25950040584578 34 91
19.5588045892813 66 332
0 20 0
0 20 0
0 20 0
4.74538655425108 37 136
0 20 0
6.67700549687201 38 153
10.5390771932165 39 171
2.25950040584578 34 91
0 20 0
0 20 0
6.67700549687201 38 153
0 20 0
0 20 0
1.10387850070092 27 11
0 20 0
16.6684367521476 55 289
0 20 0
0 20 0
0 20 0
15.8995417339043 55 291
0 20 0
16.6684367521476 55 289
10.5390771932165 39 171
4.74538655425108 37 136
0 20 0
6.67700549687201 38 153
0 20 0
0 20 0
10.5390771932165 39 171
16.3280490435837 60 277
19.1892831563343 67 282
0 20 0
0 20 0
10.5390771932165 39 171
24.6785876487373 71 412
0 20 0
0 20 0
4.74538655425108 37 136
0 20 0
0 20 0
10.5390771932165 39 171
0 20 0
3.59479832190079 31 25
0 20 0
0 20 0
1.84435306032293 33 78
0 20 0
2.81243282969987 35 105
10.5390771932165 39 171
12.150878877577 46 192
0 20 0
0 20 0
6.67700549687201 38 153
17.6897893711513 56 307
0 20 0
43.5133355101349 90 580
0.288519555385556 24 6
0 20 0
0 20 0
7.05342423669833 46 157
0 20 0
0 20 0
1.26187293832938 31 55
20.4766989352135 62 292
0 20 0
28.9253916498205 73 444
0 20 0
11.9467634342275 56 205
1.26187293832938 31 55
0.871762514311206 29 36
0 20 0
3.83461932686438 41 120
8.11549136415545 38 46
16.6684367521476 55 289
0 20 0
0 20 0
6.67700549687201 38 153
3.58590013683387 36 120
0 20 0
21.3067388475821 57 324
16.6684367521476 55 289
0 20 0
0 20 0
3.58590013683387 36 120
3.24357064347056 37 106
16.6684367521476 55 289
0 20 0
0 20 0
10.8116732787722 52 185
0.288519555385556 24 6
10.5390771932165 39 171
0 20 0
0 20 0
0 20 0
0 20 0
0 20 0
0 20 0
0 20 0
1.52101004254199 32 66
21.1273886107032 57 217
0 20 0
0 20 0
0 20 0
4.54588303362054 35 34
25.9536294066198 73 351
0.871762514311206 29 36
10.5390771932165 39 171
6.67700549687201 38 153
0 20 0
12.3115165297061 47 199
10.5390771932165 39 171
0 20 0
0 20 0
0 20 0
0 20 0
0 20 0
6.67700549687201 38 153
0 20 0
0.720919297353916 28 28
32.2994863964045 74 460
0 20 0
0 20 0
9.84973641222252 47 169
10.5390771932165 39 171
21.3067388475821 57 324
0 20 0
0 20 0
0 20 0
6.82086473479445 45 101
21.3067388475821 57 324
0 20 0
25.4592459789753 70 396
10.5390771932165 39 171
0 20 0
26.2991175442564 71 415
0 20 0
0 20 0
0 20 0
0 20 0
10.5390771932165 39 171
4.74538655425108 37 136
0 20 0
0 20 0
3.58590013683387 36 120
14.08498669161 53 256
0 20 0
0 20 0
16.6684367521476 55 289
10.5390771932165 39 171
0 20 0
0 20 0
0 20 0
0 20 0
2.21151086866369 30 21
0 20 0
0 20 0
4.74538655425108 37 136
0 20 0
0 20 0
26.2991175442564 71 415
3.58590013683387 36 120
10.5390771932165 39 171
3.58590013683387 36 120
0 20 0
10.5390771932165 39 171
0.477694812032373 26 15
23.9622653071727 76 385
0 20 0
24.8437437787724 68 379
14.08498669161 53 256
0 20 0
12.6973445196503 49 216
0 20 0
23.7876105979499 68 367
0 20 0
0.477694812032373 26 15
10.5390771932165 39 171
7.05342423669833 46 157
10.5390771932165 39 171
10.5390771932165 39 171
3.58590013683387 36 120
1.04936731567358 30 45
10.5390771932165 39 171
0 20 0
0 20 0
0 20 0
3.58590013683387 36 120
0 20 0
24.244910959711 75 358
0 20 0
10.5390771932165 39 171
0 20 0
0 20 0
10.5390771932165 39 171
0 20 0
0 20 0
0 20 0
0.477694812032373 26 15
0 20 0
0.591000631159132 27 21
0 20 0
17.5790964151998 64 311
1.04936731567358 30 45
4.82098413028118 44 136
0 20 0
10.4499987745529 52 244
0 20 0
14.08498669161 53 256
10.5390771932165 39 171
1.84435306032293 33 78
0 20 0
0 20 0
10.5390771932165 39 171
4.74538655425108 37 136
3.58590013683387 36 120
21.3067388475821 57 324
2.81243282969987 35 105
13.3562330290858 45 178
15.3554762351448 59 253
0 20 0
0 20 0
15.8995417339043 55 291
10.7794319991067 52 241
0 20 0
26.8826864118132 71 409
0 20 0
12.9420208201023 50 226
0 20 0
0 20 0
2.81243282969987 35 105
1.26187293832938 31 55
0 20 0
1.84435306032293 33 78
6.67700549687201 38 153
17.5790964151998 64 311
10.7794319991067 52 241
0 20 0
10.5390771932165 39 171
12.3115165297061 47 199
10.5390771932165 39 171
0 20 0
1.04936731567358 30 45
10.5390771932165 39 171
10.5390771932165 39 171
0 20 0
10.5390771932165 39 171
0 20 0
0 20 0
3.58590013683387 36 120
22.82349598857 71 332
0 20 0
0 20 0
0 20 0
0 20 0
20.7809685618537 60 293
0 20 0
0 20 0
10.5390771932165 39 171
0 20 0
0 20 0
0 20 0
0 20 0
4.74538655425108 37 136
0 20 0
10.5390771932165 39 171
0 20 0
17.6862115050602 54 130
0 20 0
0 20 0
0 20 0
4.74538655425108 37 136
26.4792567781802 76 371
8.18222228286801 46 181
0 20 0
0 20 0
12.3225068275259 51 225
0 20 0
32.2994863964045 74 460
17.6493812842356 59 235
4.82098413028118 44 136
10.9695760129356 49 196
0 20 0
10.5390771932165 39 171
0 20 0
0 20 0
6.67700549687201 38 153
0 20 0
14.08498669161 53 256
14.08498669161 53 256
0 20 0
0 20 0
10.5390771932165 39 171
0 20 0
0.477694812032373 26 15
0 20 0
3.08656182868694 38 76
0 20 0
9.27211631688536 43 157
2.81243282969987 35 105
0.134286563891161 22 1
0 20 0
6.67700549687201 38 153
0 20 0
14.6092351442885 62 277
0 20 0
6.67700549687201 38 153
1.52101004254199 32 66
2.38563320963837 36 81
9.84973641222252 47 169
0 20 0
10.7794319991067 52 241
0 20 0
0 20 0
13.6222487283462 52 249
13.2416569220991 51 237
0 20 0
0 20 0
10.9695760129356 49 196
10.5390771932165 39 171
0 20 0
0 20 0
6.67700549687201 38 153
10.5390771932165 39 171
0 20 0
10.5390771932165 39 171
0 20 0
10.5390771932165 39 171
10.5390771932165 39 171
19.3401658246241 62 274
10.5390771932165 39 171
0 20 0
0 20 0
0 20 0
7.12813658621861 43 83
0 20 0
6.67700549687201 38 153
10.5390771932165 39 171
6.67700549687201 38 153
0 20 0
10.5390771932165 39 171
24.5624730535998 67 369
6.67700549687201 38 153
10.5390771932165 39 171
0 20 0
0 20 0
0 20 0
0 20 0
1.52101004254199 32 66
0.591000631159132 27 21
0 20 0
0.134286563891161 22 1
10.5390771932165 39 171
16.5403115910299 56 139
13.2416569220991 51 237
10.5390771932165 39 171
12.3225068275259 51 225
0 20 0
0 20 0
0 20 0
3.09449380789502 39 87
10.5390771932165 39 171
0 20 0
10.5390771932165 39 171
0 20 0
10.5390771932165 39 171
1.84435306032293 33 78
3.58590013683387 36 120
0.477694812032373 26 15
0 20 0
0 20 0
16.5660080783139 52 207
0 20 0
1.26187293832938 31 55
10.5390771932165 39 171
8.87461207854018 45 144
4.74538655425108 37 136
0 20 0
0 20 0
0 20 0
23.6572350297337 70 394
6.68435450878832 48 186
0 20 0
2.81243282969987 35 105
7.62063750547345 49 198
0.720919297353916 28 28
6.67700549687201 38 153
0 20 0
10.7794319991067 52 241
10.5390771932165 39 171
8.48413761745795 52 164
7.94005035029866 47 157
0 20 0
0 20 0
0 20 0
3.58590013683387 36 120
0.591000631159132 27 21
0 20 0
1.55921621406959 25 4
0 20 0
14.1233311902027 56 235
0 20 0
0 20 0
7.3569065752372 44 88
14.08498669161 53 256
21.3067388475821 57 324
6.67700549687201 38 153
6.67700549687201 38 153
0 20 0
2.81243282969987 35 105
0 20 0
0 20 0
1.26187293832938 31 55
0 20 0
0 20 0
0 20 0
0 20 0
0 20 0
0 20 0
0 20 0
14.8340137738324 54 276
3.58590013683387 36 120
0 20 0
0 20 0
39.7897559511059 93 505
10.5390771932165 39 171
0 20 0
9.84973641222252 47 169
0 20 0
0 20 0
6.67700549687201 38 153
37.3910746623317 91 506
0 20 0
4.2774220204155 29 10
0 20 0
1.04936731567358 30 45
0 20 0
17.055741509803 61 297
20.0637723804302 66 344
4.74538655425108 37 136
10.5390771932165 39 171
0 20 0
1.26187293832938 31 55
6.84773625648171 35 31
20.0346319947243 63 328
21.3067388475821 57 324
4.74538655425108 37 136
27.9040390308169 72 427
21.3067388475821 57 324
0 20 0
0 20 0
3.58590013683387 36 120
0 20 0
10.5390771932165 39 171
0 20 0
0 20 0
0 20 0
0 20 0
6.67700549687201 38 153
15.5887574699487 60 249
2.81243282969987 35 105
21.3067388475821 57 324
3.58590013683387 36 120
1.84435306032293 33 78
0 20 0
0 20 0
14.7759160698877 62 286
0 20 0
10.5390771932165 39 171
23.7876105979499 68 367
0 20 0
0 20 0
26.2991175442564 71 415
32.2994863964045 74 460
27.2738010212695 72 429
6.67700549687201 38 153
10.5390771932165 39 171
0.591000631159132 27 21
0 20 0
0 20 0
0 20 0
10.5390771932165 39 171
22.63588241073 69 378
0 20 0
0 20 0
10.5390771932165 39 171
0 20 0
0 20 0
1.55921621406959 25 4
12.3225068275259 51 225
10.5390771932165 39 171
0 20 0
0 20 0
0 20 0
0 20 0
0 20 0
6.67700549687201 38 153
0 20 0
2.25950040584578 34 91
20.4694344956201 65 343
0 20 0
0 20 0
0 20 0
0 20 0
0 20 0
10.9102504490845 41 49
14.8340137738324 54 276
19.0982877328296 61 263
0 20 0
0 20 0
5.29744224878195 40 74
16.6684367521476 55 289
0.591000631159132 27 21
0 20 0
0 20 0
28.4273498184359 81 442
6.67700549687201 38 153
2.81243282969987 35 105
10.5390771932165 39 171
0.288519555385556 24 6
10.5390771932165 39 171
10.9695760129356 49 196
10.5390771932165 39 171
25.1944059164829 69 390
0 20 0
0 20 0
1.52101004254199 32 66
21.3067388475821 57 324
0 20 0
0 20 0
0 20 0
0.591000631159132 27 21
0 20 0
0 20 0
3.58590013683387 36 120
0 20 0
4.74538655425108 37 136
2.81243282969987 35 105
0 20 0
0.591000631159132 27 21
0 20 0
0 20 0
0 20 0
10.5390771932165 39 171
0 20 0
13.6222487283462 52 249
0 20 0
0 20 0
0 20 0
0 20 0
0 20 0
16.0976596324809 62 280
0 20 0
0.720919297353916 28 28
0 20 0
4.74538655425108 37 136
13.8850682709924 60 264
22.5514440106079 64 268
10.5390771932165 39 171
12.5576522996937 55 197
1.84435306032293 33 78
0 20 0
0 20 0
0.477694812032373 26 15
0 20 0
10.5554064435509 53 172
11.7237185904591 43 177
0 20 0
0 20 0
4.12474207674347 40 98
0 20 0
0 20 0
0 20 0
2.25950040584578 34 91
0 20 0
10.7794319991067 52 241
1.84435306032293 33 78
0 20 0
0 20 0
0 20 0
0 20 0
0.207981576701593 23 3
6.67700549687201 38 153
14.08498669161 53 256
10.5390771932165 39 171
10.5390771932165 39 171
2.25950040584578 34 91
6.68435450878832 48 186
0 20 0
32.2994863964045 74 460
0 20 0
9.59715333473279 51 169
4.74538655425108 37 136
6.67700549687201 38 153
0 20 0
0 20 0
23.6446909366811 68 361
0 20 0
6.67700549687201 38 153
0 20 0
8.19010614280459 48 127
0 20 0
0 20 0
0 20 0
17.6897893711513 56 307
0 20 0
2.81243282969987 35 105
0.591000631159132 27 21
10.5390771932165 39 171
10.5390771932165 39 171
10.5390771932165 39 171
10.5390771932165 39 171
0 20 0
0 20 0
0 20 0
0 20 0
19.6410305298468 67 308
3.58590013683387 36 120
10.5390771932165 39 171
16.8203307279514 62 292
0 20 0
1.26187293832938 31 55
0 20 0
3.58590013683387 36 120
0 20 0
0 20 0
0 20 0
4.60823232916366 42 135
5.65804832080177 45 146
3.58590013683387 36 120
10.5390771932165 39 171
0 20 0
0 20 0
0 20 0
4.74538655425108 37 136
2.63390388688543 36 60
3.58590013683387 36 120
0 20 0
21.6318683817372 71 338
20.4766989352135 62 292
35.35043402763 86 518
0 20 0
24.4005584949472 72 317
2.81243282969987 35 105
5.67959173109487 37 64
10.5390771932165 39 171
6.67700549687201 38 153
11.4784590511344 53 258
1.52101004254199 32 66
0 20 0
8.38084523188805 47 189
0 20 0
10.7234022231865 52 159
0 20 0
0.134286563891161 22 1
14.8340137738324 54 276
14.1270463175231 53 262
0 20 0
0 20 0
0 20 0
10.5390771932165 39 171
0 20 0
21.3067388475821 57 324
0 20 0
10.5390771932165 39 171
0 20 0
0 20 0
0 20 0
26.8219396844433 76 346
10.5390771932165 39 171
3.58590013683387 36 120
17.5607427781717 63 252
9.6136372826932 47 115
3.58590013683387 36 120
1.10387850070092 27 11
0 20 0
0 20 0
0 20 0
29.5916453683532 75 432
0 20 0
0 20 0
10.5390771932165 39 171
0 20 0
10.5390771932165 39 171
13.7861689854363 48 189
0 20 0
0 20 0
0 20 0
0 20 0
0 20 0
12.0027783807377 45 186
3.58590013683387 36 120
4.74538655425108 37 136
6.2515428482549 44 133
10.5390771932165 39 171
0 20 0
0 20 0
21.3067388475821 57 324
0 20 0
10.5390771932165 39 171
2.21151086866369 30 21
0 20 0
43.404133941541 95 530
0 20 0
0 20 0
10.5390771932165 39 171
10.5390771932165 39 171
13.2008899163225 54 273
0 20 0
10.5390771932165 39 171
3.58590013683387 36 120
0 20 0
0 20 0
0 20 0
6.67700549687201 38 153
13.0113867398306 59 238
0 20 0
26.2991175442564 71 415
0 20 0
0 20 0
0 20 0
16.6684367521476 55 289
0 20 0
11.733641305189 58 228
0.591000631159132 27 21
10.5390771932165 39 171
0 20 0
0 20 0
8.29219532027916 34 20
19.6153918248361 60 271
0 20 0
0 20 0
0 20 0
0 20 0
10.5390771932165 39 171
0 20 0
0 20 0
0 20 0
0 20 0
14.1270463175231 53 262
4.74538655425108 37 136
0 20 0
10.5390771932165 39 171
4.74538655425108 37 136
14.08498669161 53 256
0.134286563891161 22 1
14.2592599509902 52 213
0 20 0
0 20 0
0 20 0
19.5095701509505 70 293
0 20 0
10.5390771932165 39 171
2.63390388688543 36 60
0 20 0
13.7861689854363 48 189
12.3225068275259 51 225
0 20 0
21.3067388475821 57 324
9.45054069924677 51 176
0 20 0
26.2991175442564 71 415
8.90756792254329 49 208
0 20 0
0 20 0
12.49095342949 48 207
0 20 0
4.82098413028118 44 136
10.5390771932165 39 171
0 20 0
0 20 0
0 20 0
0 20 0
8.87461207854018 45 144
0 20 0
0 20 0
0 20 0
0 20 0
21.3067388475821 57 324
10.5390771932165 39 171
0 20 0
0 20 0
1.04936731567358 30 45
0 20 0
0 20 0
0 20 0
10.5390771932165 39 171
4.74538655425108 37 136
0 20 0
10.5390771932165 39 171
0 20 0
23.7876105979499 68 367
0 20 0
10.5390771932165 39 171
10.5390771932165 39 171
0.871762514311206 29 36
0 20 0
6.67162789355373 47 181
0.477694812032373 26 15
10.5390771932165 39 171
0 20 0
0 20 0
0.477694812032373 26 15
0 20 0
6.67700549687201 38 153
10.5390771932165 39 171
0 20 0
10.5390771932165 39 171
17.0974803677431 48 181
8.58309452203246 44 91
0.591000631159132 27 21
0 20 0
0 20 0
0.591000631159132 27 21
10.5390771932165 39 171
0 20 0
0 20 0
10.9695760129356 49 196
12.9420208201023 50 226
10.5390771932165 39 171
10.5390771932165 39 171
0 20 0
3.58590013683387 36 120
0 20 0
3.58590013683387 36 120
6.67700549687201 38 153
10.1033844820157 42 58
0 20 0
0 20 0
0 20 0
14.1270463175231 53 262
0 20 0
26.4788051476558 69 307
14.08498669161 53 256
0 20 0
15.3032743815552 59 188
2.25950040584578 34 91
4.74538655425108 37 136
10.5390771932165 39 171
0.720919297353916 28 28
0 20 0
0 20 0
23.263238255145 75 368
0 20 0
0 20 0
17.6897893711513 56 307
10.5390771932165 39 171
0 20 0
0 20 0
4.74538655425108 37 136
0 20 0
10.5390771932165 39 171
17.3440064782531 66 336
15.8995417339043 55 291
4.74538655425108 37 136
0 20 0
0 20 0
0 20 0
0 20 0
13.2008899163225 54 273
0 20 0
36.1368491644735 82 488
5.26734009403661 37 44
26.8826864118132 71 409
0.871762514311206 29 36
0 20 0
0 20 0
0 20 0
55.5429181571317 111 674
10.5390771932165 39 171
0 20 0
10.5390771932165 39 171
10.5390771932165 39 171
0 20 0
11.4329775308258 41 172
0 20 0
2.25950040584578 34 91
10.5390771932165 39 171
0 20 0
0 20 0
53.8075271523472 111 672
10.5390771932165 39 171
0 20 0
3.22763487255527 34 43
0 20 0
10.5390771932165 39 171
0.871762514311206 29 36
11.1337446934374 56 234
0 20 0
6.39292510494885 46 172
0 20 0
0 20 0
0 20 0
6.67700549687201 38 153
6.67700549687201 38 153
6.67700549687201 38 153
0 20 0
1.22078234157896 26 7
0.871762514311206 29 36
1.04936731567358 30 45
29.4239253941181 75 370
0 20 0
6.67700549687201 38 153
5.6644957404374 42 146
21.0340560975786 70 294
0 20 0
0.207981576701593 23 3
0 20 0
17.3983475917784 59 262
10.5390771932165 39 171
10.5390771932165 39 171
0 20 0
12.3225068275259 51 225
0 20 0
0 20 0
0 20 0
0 20 0
0.477694812032373 26 15
14.08498669161 53 256
10.5390771932165 39 171
10.5390771932165 39 171
3.37105663468628 38 108
0 20 0
0 20 0
15.5887574699487 60 249
0.377724486136616 25 10
0 20 0
10.5390771932165 39 171
9.13445953084883 51 227
1.84435306032293 33 78
0 20 0
16.6684367521476 55 289
1.52101004254199 32 66
0 20 0
0.207981576701593 23 3
1.04936731567358 30 45
0 20 0
0 20 0
0 20 0
0 20 0
1.84435306032293 33 78
0 20 0
14.08498669161 53 256
0 20 0
10.5390771932165 39 171
18.2289501109081 61 157
0.377724486136616 25 10
2.81243282969987 35 105
10.5390771932165 39 171
0 20 0
0 20 0
0 20 0
21.3067388475821 57 324
6.6378339337293 36 31
0 20 0
30.9083885538835 78 412
0 20 0
0 20 0
0 20 0
0 20 0
0 20 0
10.5390771932165 39 171
0 20 0
0 20 0
6.67700549687201 38 153
0 20 0
2.25950040584578 34 91
16.6684367521476 55 289
0 20 0
0 20 0
0 20 0
6.03034783837293 42 80
10.5390771932165 39 171
0 20 0
32.2994863964045 74 460
0 20 0
0 20 0
0 20 0
0 20 0
0 20 0
0 20 0
0 20 0
0 20 0
6.67700549687201 38 153
16.6684367521476 55 289
0.591000631159132 27 21
0 20 0
2.81243282969987 35 105
21.3067388475821 57 324
3.59479832190079 31 25
0.591000631159132 27 21
9.13445953084883 51 227
0 20 0
0 20 0
0 20 0
2.25950040584578 34 91
0 20 0
7.62063750547345 49 198
0 20 0
21.3067388475821 57 324
0 20 0
0 20 0
13.1588942092017 61 280
0.871762514311206 29 36
0 20 0
0 20 0
0 20 0
8.01053380938756 45 174
0 20 0
0 20 0
0.377724486136616 25 10
1.84435306032293 33 78
0 20 0
23.6446909366811 68 361
0 20 0
10.5390771932165 39 171
0 20 0
0 20 0
4.74538655425108 37 136
0 20 0
0 20 0
16.6684367521476 55 289
9.27661741344637 50 219
0 20 0
2.71362060407251 32 31
25.1944059164829 69 390
0 20 0
10.5390771932165 39 171
0 20 0
21.4218936003592 64 315
15.8995417339043 55 291
6.67700549687201 38 153
26.8826864118132 71 409
2.25950040584578 34 91
6.67700549687201 38 153
0 20 0
0 20 0
0 20 0
10.5390771932165 39 171
0.288519555385556 24 6
0 20 0
0 20 0
0 20 0
32.2863761706191 83 469
26.2991175442564 71 415
39.4136368214169 92 515
0 20 0
6.67700549687201 38 153
11.4784590511344 53 258
0 20 0
0 20 0
0 20 0
19.7225210787037 65 334
24.5057029892618 72 337
19.4899587667735 60 313
1.84435306032293 33 78
0 20 0
2.79721009695807 35 51
0 20 0
0 20 0
0 20 0
28.9253916498205 73 444
0 20 0
0 20 0
0 20 0
0 20 0
11.2966888600891 54 170
0 20 0
0 20 0
13.2008899163225 54 273
0.720919297353916 28 28
11.7237185904591 43 177
1.26187293832938 31 55
16.1096540916545 56 199
0 20 0
6.67700549687201 38 153
10.5390771932165 39 171
0 20 0
10.5390771932165 39 171
32.2994863964045 74 460
0 20 0
0 20 0
10.5390771932165 39 171
10.5390771932165 39 171
10.5390771932165 39 171
0 20 0
10.5390771932165 39 171
0 20 0
0 20 0
0 20 0
0 20 0
10.7794319991067 52 241
10.5390771932165 39 171
0 20 0
0 20 0
1.04936731567358 30 45
10.5390771932165 39 171
0 20 0
2.81243282969987 35 105
0 20 0
0 20 0
0 20 0
0 20 0
10.5390771932165 39 171
0 20 0
0 20 0
10.5390771932165 39 171
6.67700549687201 38 153
2.25950040584578 34 91
3.58722824465204 40 94
0 20 0
0 20 0
6.67700549687201 38 153
3.58590013683387 36 120
0 20 0
0 20 0
0 20 0
0 20 0
0 20 0
0 20 0
0 20 0
0 20 0
0 20 0
6.67700549687201 38 153
0 20 0
10.5390771932165 39 171
10.4499987745529 52 244
15.8995417339043 55 291
25.1944059164829 69 390
21.3067388475821 57 324
0 20 0
0 20 0
26.8826864118132 71 409
4.74538655425108 37 136
2.81243282969987 35 105
15.8995417339043 55 291
10.5390771932165 39 171
17.6897893711513 56 307
9.18420185794997 50 211
0 20 0
0 20 0
0 20 0
0 20 0
0 20 0
0 20 0
0 20 0
0 20 0
0 20 0
10.5390771932165 39 171
7.58679863602152 42 159
0 20 0
12.3115165297061 47 199
0 20 0
10.5390771932165 39 171
21.3067388475821 57 324
10.9695760129356 49 196
12.8901351648999 57 264
4.74538655425108 37 136
2.81243282969987 35 105
0 20 0
10.5390771932165 39 171
10.5390771932165 39 171
0 20 0
0 20 0
0 20 0
0 20 0
0 20 0
0 20 0
0 20 0
6.67700549687201 38 153
0 20 0
6.67700549687201 38 153
0 20 0
0 20 0
0 20 0
0 20 0
3.26657868885535 37 66
0 20 0
0 20 0
0 20 0
10.5390771932165 39 171
0 20 0
0 20 0
14.8340137738324 54 276
0 20 0
0 20 0
10.5390771932165 39 171
1.04936731567358 30 45
0.134286563891161 22 1
0 20 0
0 20 0
13.162286249892 60 223
17.3440064782531 66 336
6.67700549687201 38 153
0 20 0
17.6897893711513 56 307
6.67700549687201 38 153
0 20 0
7.45836896205531 41 156
10.5390771932165 39 171
10.5390771932165 39 171
0 20 0
4.74538655425108 37 136
1.10387850070092 27 11
17.6897893711513 56 307
0 20 0
0 20 0
4.74538655425108 37 136
11.7237185904591 43 177
0 20 0
2.25950040584578 34 91
12.3225068275259 51 225
0.591000631159132 27 21
0 20 0
12.49095342949 48 207
10.5390771932165 39 171
0 20 0
35.7629479945098 85 478
0 20 0
6.67700549687201 38 153
0 20 0
9.84973641222252 47 169
0 20 0
0 20 0
0 20 0
0 20 0
21.3067388475821 57 324
2.80236647412476 37 94
0 20 0
50.6623541107179 103 658
0 20 0
0 20 0
0 20 0
0 20 0
17.5963971237644 62 294
0 20 0
0 20 0
1.04936731567358 30 45
21.3067388475821 57 324
0 20 0
6.67700549687201 38 153
0 20 0
2.81243282969987 35 105
14.8340137738324 54 276
0 20 0
10.5390771932165 39 171
0 20 0
0 20 0
0 20 0
0 20 0
13.2647562460888 59 273
2.91843354299513 29 16
0.720919297353916 28 28
0 20 0
4.74538655425108 37 136
10.5390771932165 39 171
17.6493812842356 59 235
4.74538655425108 37 136
10.5390771932165 39 171
1.04936731567358 30 45
10.5390771932165 39 171
0 20 0
2.73460294131625 38 88
5.27426397893389 45 156
13.6222487283462 52 249
0 20 0
4.74538655425108 37 136
2.25950040584578 34 91
0 20 0
0 20 0
0 20 0
0 20 0
0 20 0
14.1270463175231 53 262
2.81243282969987 35 105
10.5390771932165 39 171
1.04936731567358 30 45
0 20 0
0 20 0
0 20 0
10.5390771932165 39 171
0 20 0
4.60823232916366 42 135
6.67700549687201 38 153
0 20 0
8.61729026720453 48 198
0 20 0
0 20 0
17.5291790572196 61 209
6.67700549687201 38 153
6.67700549687201 38 153
0 20 0
0 20 0
10.5390771932165 39 171
0 20 0
10.5390771932165 39 171
4.74538655425108 37 136
0 20 0
28.1874658777768 69 283
13.2008899163225 54 273
0 20 0
0 20 0
0 20 0
17.6897893711513 56 307
0 20 0
0 20 0
4.74538655425108 37 136
0 20 0
0 20 0
6.67700549687201 38 153
3.58590013683387 36 120
1.22078234157896 26 7
18.3775087745627 64 303
0 20 0
1.84435306032293 33 78
10.0888884864861 57 230
11.0346142531614 57 216
3.58590013683387 36 120
0 20 0
0 20 0
2.25950040584578 34 91
32.7428182387767 78 394
10.5390771932165 39 171
0 20 0
0 20 0
2.25231278387149 36 72
8.27420007062571 53 186
6.67700549687201 38 153
32.2994863964045 74 460
7.49514320465385 49 202
0 20 0
21.3067388475821 57 324
0 20 0
0 20 0
0 20 0
25.4060444777782 72 337
6.67700549687201 38 153
0 20 0
10.5390771932165 39 171
0 20 0
25.4219111139508 73 329
6.67700549687201 38 153
10.5390771932165 39 171
4.74538655425108 37 136
0 20 0
6.67700549687201 38 153
0 20 0
16.6684367521476 55 289
12.3225068275259 51 225
2.25950040584578 34 91
0 20 0
0.871762514311206 29 36
6.67700549687201 38 153
6.67700549687201 38 153
0 20 0
0 20 0
10.5390771932165 39 171
10.5390771932165 39 171
1.9268984591821 31 27
0 20 0
0 20 0
20.8858650345265 68 369
10.5390771932165 39 171
2.81243282969987 35 105
0 20 0
0 20 0
1.04936731567358 30 45
6.41353825729147 39 81
0 20 0
0 20 0
0 20 0
1.52101004254199 32 66
17.3251586019585 66 280
0 20 0
13.2008899163225 54 273
0 20 0
8.96473061363953 43 79
0 20 0
0.134286563891161 22 1
0 20 0
0 20 0
0 20 0
10.5390771932165 39 171
19.3936514574941 66 346
25.4592459789753 70 396
0 20 0
16.6684367521476 55 289
3.58590013683387 36 120
12.6973445196503 49 216
7.62063750547345 49 198
0 20 0
0 20 0
10.9695760129356 49 196
0 20 0
6.67700549687201 38 153
0 20 0
0 20 0
9.13445953084883 51 227
10.5390771932165 39 171
0 20 0
0 20 0
0 20 0
0 20 0
0 20 0
0 20 0
10.5390771932165 39 171
0 20 0
25.8915850961338 76 377
1.52101004254199 32 66
1.84435306032293 33 78
3.09449380789502 39 87
11.4329775308258 41 172
32.2994863964045 74 460
0.591000631159132 27 21
6.67700549687201 38 153
0 20 0
17.6897893711513 56 307
14.337156576992 64 262
0 20 0
0 20 0
6.67700549687201 38 153
2.96284940332151 39 93
2.25950040584578 34 91
0 20 0
0.377724486136616 25 10
0 20 0
3.52959536261819 30 14
2.81243282969987 35 105
0 20 0
0 20 0
0 20 0
0 20 0
0 20 0
6.52125973312486 47 171
21.3067388475821 57 324
10.5390771932165 39 171
2.81243282969987 35 105
27.2738010212695 72 429
3.58590013683387 36 120
0 20 0
0 20 0
0 20 0
10.5390771932165 39 171
34.2803452533488 89 453
0 20 0
0 20 0
22.4840207767525 69 300
0 20 0
0 20 0
0 20 0
0 20 0
0 20 0
9.13445953084883 51 227
0 20 0
2.25950040584578 34 91
11.4784590511344 53 258
0 20 0
6.67700549687201 38 153
0 20 0
0 20 0
0 20 0
6.67700549687201 38 153
0 20 0
0 20 0
0 20 0
4.74538655425108 37 136
0 20 0
7.99493959133865 43 121
0 20 0
0 20 0
13.2008899163225 54 273
0 20 0
0 20 0
12.0084977246904 59 247
0 20 0
0 20 0
0 20 0
0 20 0
0 20 0
6.52125973312486 47 171
0.591000631159132 27 21
0 20 0
0 20 0
0 20 0
0 20 0
0 20 0
18.9271425140607 63 268
1.52101004254199 32 66
10.5390771932165 39 171
10.5390771932165 39 171
17.6897893711513 56 307
29.4337664241559 75 397
5.67959173109487 37 64
25.3551636222725 77 402
0 20 0
10.5390771932165 39 171
10.7794319991067 52 241
14.08498669161 53 256
0 20 0
6.67700549687201 38 153
10.5390771932165 39 171
1.55921621406959 25 4
0 20 0
6.67700549687201 38 153
0 20 0
10.5390771932165 39 171
25.4592459789753 70 396
0 20 0
0 20 0
11.4784590511344 53 258
0 20 0
0 20 0
0 20 0
30.731880930348 81 460
0 20 0
0 20 0
6.67700549687201 38 153
0 20 0
15.8995417339043 55 291
0 20 0
10.5390771932165 39 171
19.9629898580614 66 292
0 20 0
2.25950040584578 34 91
0 20 0
0 20 0
6.67700549687201 38 153
4.74538655425108 37 136
0 20 0
8.87461207854018 45 144
11.8620004967383 44 181
0 20 0
0 20 0
1.26187293832938 31 55
0 20 0
1.04936731567358 30 45
4.74538655425108 37 136
0 20 0
19.9897459181506 67 357
3.58590013683387 36 120
0 20 0
0 20 0
0 20 0
0.377724486136616 25 10
10.5390771932165 39 171
0 20 0
1.46310554249819 31 31
10.5390771932165 39 171
0 20 0
0 20 0
0 20 0
0 20 0
0 20 0
0 20 0
10.5390771932165 39 171
0 20 0
16.6684367521476 55 289
0 20 0
0 20 0
0 20 0
17.6897893711513 56 307
15.8995417339043 55 291
6.41353825729147 39 81
4.74538655425108 37 136
0 20 0
21.3067388475821 57 324
50.6623541107179 103 658
0 20 0
52.0468441985345 104 671
0 20 0
0 20 0
3.58590013683387 36 120
2.91843354299513 29 16
0 20 0
10.5390771932165 39 171
21.5321097235969 68 373
0 20 0
0 20 0
10.5390771932165 39 171
16.0616052284848 56 277
0 20 0
6.83593919718966 39 53
10.5390771932165 39 171
6.67700549687201 38 153
0 20 0
0.871762514311206 29 36
10.7794319991067 52 241
0 20 0
10.5390771932165 39 171
0 20 0
0 20 0
0 20 0
10.5390771932165 39 171
0 20 0
0 20 0
21.3067388475821 57 324
0 20 0
3.58590013683387 36 120
0 20 0
13.6222487283462 52 249
0 20 0
0 20 0
0 20 0
0 20 0
0 20 0
21.3067388475821 57 324
3.58590013683387 36 120
6.67700549687201 38 153
10.5390771932165 39 171
0 20 0
10.5390771932165 39 171
9.8965089310496 48 131
0 20 0
0 20 0
0 20 0
10.5390771932165 39 171
0 20 0
1.52101004254199 32 66
16.6684367521476 55 289
6.67700549687201 38 153
10.5390771932165 39 171
21.3067388475821 57 324
0.720919297353916 28 28
0 20 0
0 20 0
0 20 0
0 20 0
0 20 0
14.08498669161 53 256
1.04936731567358 30 45
0 20 0
14.8340137738324 54 276
0 20 0
4.74538655425108 37 136
0 20 0
1.22078234157896 26 7
4.74538655425108 37 136
9.18420185794997 50 211
0 20 0
1.52101004254199 32 66
14.08498669161 53 256
0 20 0
0 20 0
11.6618750942444 56 202
0 20 0
0 20 0
0 20 0
0 20 0
2.81243282969987 35 105
0 20 0
0 20 0
0 20 0
10.5390771932165 39 171
14.7420239308339 52 209
0 20 0
1.04936731567358 30 45
0 20 0
2.91843354299513 29 16
12.5137663870163 47 163
10.5390771932165 39 171
3.58590013683387 36 120
11.4329775308258 41 172
0 20 0
14.8340137738324 54 276
10.5390771932165 39 171
2.63390388688543 36 60
10.5390771932165 39 171
0 20 0
0 20 0
4.74538655425108 37 136
0 20 0
0.377724486136616 25 10
10.5390771932165 39 171
0 20 0
0 20 0
0 20 0
22.7406754393895 72 269
43.7493129058541 95 500
1.84435306032293 33 78
0 20 0
10.5390771932165 39 171
0 20 0
8.025365811759 48 141
0 20 0
11.4784590511344 53 258
0 20 0
1.52101004254199 32 66
0.591000631159132 27 21
2.25950040584578 34 91
0 20 0
0 20 0
0 20 0
0 20 0
10.5390771932165 39 171
0 20 0
0 20 0
14.7759160698877 62 286
4.27677301127263 33 36
2.25950040584578 34 91
0 20 0
0 20 0
10.5390771932165 39 171
0 20 0
9.78417271425878 51 201
0 20 0
0 20 0
0 20 0
10.5390771932165 39 171
0 20 0
0 20 0
0 20 0
26.8826864118132 71 409
0 20 0
6.67700549687201 38 153
2.21598365200148 34 46
4.74538655425108 37 136
1.26187293832938 31 55
0 20 0
0 20 0
2.91843354299513 29 16
0 20 0
0 20 0
0 20 0
0 20 0
0 20 0
10.5390771932165 39 171
26.2991175442564 71 415
0 20 0
21.3067388475821 57 324
0 20 0
0.134286563891161 22 1
0 20 0
0 20 0
9.01578043633779 53 148
0 20 0
4.74538655425108 37 136
0 20 0
6.6378339337293 36 31
0 20 0
10.7794319991067 52 241
0 20 0
0 20 0
9.33341549784223 49 190
0 20 0
0 20 0
10.7794319991067 52 241
32.0697763118801 82 472
0 20 0
10.5390771932165 39 171
0 20 0
21.3067388475821 57 324
6.67700549687201 38 153
4.74538655425108 37 136
0 20 0
0 20 0
23.6446909366811 68 361
16.6684367521476 55 289
0 20 0
2.24213496058262 27 9
4.74538655425108 37 136
0 20 0
0 20 0
12.9420208201023 50 226
1.26187293832938 31 55
7.71838333338204 43 163
0 20 0
4.74538655425108 37 136
3.58590013683387 36 120
20.185999514783 64 191
10.5390771932165 39 171
0 20 0
0 20 0
10.5390771932165 39 171
0 20 0
0 20 0
0 20 0
21.3067388475821 57 324
0 20 0
14.08498669161 53 256
0 20 0
10.5390771932165 39 171
0 20 0
7.85729181619332 40 59
3.58590013683387 36 120
0 20 0
0 20 0
0 20 0
10.5390771932165 39 171
8.18222228286801 46 181
0 20 0
0 20 0
0.288519555385556 24 6
0 20 0
10.5390771932165 39 171
13.2008899163225 54 273
20.257831641309 67 349
0 20 0
2.25950040584578 34 91
16.6684367521476 55 289
0 20 0
0 20 0
0 20 0
10.5390771932165 39 171
0 20 0
0 20 0
0 20 0
4.74538655425108 37 136
10.5390771932165 39 171
0 20 0
1.26187293832938 31 55
0 20 0
14.1270463175231 53 262
10.5390771932165 39 171
10.5390771932165 39 171
0 20 0
7.05342423669833 46 157
10.5390771932165 39 171
2.81243282969987 35 105
10.5390771932165 39 171
4.74538655425108 37 136
6.68435450878832 48 186
6.67700549687201 38 153
10.5390771932165 39 171
10.5390771932165 39 171
13.2416569220991 51 237
4.79081074535022 43 141
45.2107901949136 99 596
0 20 0
13.1215755156116 58 244
0 20 0
0 20 0
14.08498669161 53 256
0 20 0
0.871762514311206 29 36
0 20 0
0 20 0
16.2906315673985 55 146
0.134286563891161 22 1
21.3067388475821 57 324
6.32899092912353 49 151
0 20 0
21.3067388475821 57 324
0 20 0
10.5390771932165 39 171
0 20 0
0 20 0
3.58722824465204 40 94
0 20 0
0 20 0
0 20 0
1.04936731567358 30 45
3.65980429462714 40 115
0 20 0
2.66858914892556 36 92
0.720919297353916 28 28
0 20 0
23.6572350297337 70 394
20.7809685618537 60 293
0 20 0
0 20 0
0 20 0
10.5390771932165 39 171
32.0697763118801 82 472
10.5390771932165 39 171
0.377724486136616 25 10
26.2991175442564 71 415
10.5390771932165 39 171
0 20 0
10.6644727152015 44 85
10.5390771932165 39 171
0.477694812032373 26 15
3.58590013683387 36 120
0 20 0
0 20 0
0 20 0
0 20 0
0 20 0
0 20 0
0 20 0
10.5390771932165 39 171
19.7538365902439 68 278
10.5390771932165 39 171
8.00135697139651 48 183
0 20 0
0 20 0
47.0332440261294 99 598
14.08498669161 53 256
10.5390771932165 39 171
0.377724486136616 25 10
4.27677301127263 33 36
0 20 0
2.20808474715262 35 55
0 20 0
0 20 0
0.591000631159132 27 21
0 20 0
0 20 0
0 20 0
0 20 0
17.6897893711513 56 307
0 20 0
0 20 0
15.6636839295499 62 280
1.84435306032293 33 78
45.2107901949136 99 596
0 20 0
0 20 0
2.81243282969987 35 105
12.9420208201023 50 226
17.6897893711513 56 307
0 20 0
0 20 0
0 20 0
0 20 0
1.51248381663605 29 18
47.1638335807555 102 497
6.05995187663817 47 175
4.61697652586055 44 141
0 20 0
0.288519555385556 24 6
0 20 0
10.5390771932165 39 171
0 20 0
10.5390771932165 39 171
0 20 0
10.9695760129356 49 196
0 20 0
27.9040390308169 72 427
16.6684367521476 55 289
0 20 0
0.591000631159132 27 21
0 20 0
10.5390771932165 39 171
0 20 0
10.5390771932165 39 171
0 20 0
2.81243282969987 35 105
6.67700549687201 38 153
0 20 0
12.3225068275259 51 225
0 20 0
10.5390771932165 39 171
6.67700549687201 38 153
20.5114777767355 74 367
0 20 0
0 20 0
0 20 0
0 20 0
16.6684367521476 55 289
4.74538655425108 37 136
10.5390771932165 39 171
0 20 0
3.58590013683387 36 120
10.5390771932165 39 171
0 20 0
0 20 0
2.81243282969987 35 105
0 20 0
0 20 0
0 20 0
10.5390771932165 39 171
9.38486081501698 41 64
6.67700549687201 38 153
0 20 0
1.51248381663605 29 18
0.591000631159132 27 21
10.5390771932165 39 171
0 20 0
0 20 0
2.38563320963837 36 81
0 20 0
1.55921621406959 25 4
5.67959173109487 37 64
0 20 0
3.58590013683387 36 120
0 20 0
0 20 0
0 20 0
16.6684367521476 55 289
43.5133355101349 90 580
84.7400600110967 134 699
0 20 0
3.58590013683387 36 120
17.6897893711513 56 307
15.1422574869746 54 128
10.5390771932165 39 171
10.5390771932165 39 171
17.6897893711513 56 307
0 20 0
0 20 0
0 20 0
0 20 0
0 20 0
3.58590013683387 36 120
32.2994863964045 74 460
0 20 0
1.52101004254199 32 66
11.4784590511344 53 258
1.26187293832938 31 55
2.25950040584578 34 91
0 20 0
1.52101004254199 32 66
0 20 0
0 20 0
0 20 0
7.05342423669833 46 157
2.81243282969987 35 105
0.377724486136616 25 10
0 20 0
15.8750320608914 64 310
21.0851249994339 67 362
0 20 0
4.82098413028118 44 136
0 20 0
0 20 0
0 20 0
0 20 0
0 20 0
0.288519555385556 24 6
0.377724486136616 25 10
6.67700549687201 38 153
10.5390771932165 39 171
0 20 0
1.84435306032293 33 78
10.5390771932165 39 171
0 20 0
0 20 0
21.3067388475821 57 324
0 20 0
0 20 0
12.9420208201023 50 226
0 20 0
0 20 0
13.2932764886604 50 136
7.99493959133865 43 121
3.58590013683387 36 120
0 20 0
30.2826753326877 78 444
0 20 0
3.58590013683387 36 120
34.9209727570911 86 522
0.720919297353916 28 28
16.6684367521476 55 289
4.74538655425108 37 136
14.9960221840693 55 252
13.2008899163225 54 273
0 20 0
10.5390771932165 39 171
0 20 0
0 20 0
0 20 0
3.58590013683387 36 120
0 20 0
0 20 0
6.67700549687201 38 153
0 20 0
0 20 0
0 20 0
0 20 0
0 20 0
0 20 0
10.5390771932165 39 171
10.5390771932165 39 171
10.5390771932165 39 171
10.5390771932165 39 171
16.1920852332657 68 281
0 20 0
4.74538655425108 37 136
34.708050462671 76 461
0 20 0
18.3775087745627 64 303
0 20 0
0.134286563891161 22 1
19.0132793757206 62 310
0.134286563891161 22 1
0 20 0
0 20 0
0 20 0
18.3775087745627 64 303
0 20 0
14.8340137738324 54 276
0 20 0
0 20 0
0 20 0
0 20 0
10.5390771932165 39 171
1.84435306032293 33 78
0.134286563891161 22 1
0 20 0
3.58590013683387 36 120
13.6565428988337 61 203
10.5390771932165 39 171
0 20 0
0 20 0
0 20 0
0 20 0
4.74538655425108 37 136
6.67700549687201 38 153
10.5390771932165 39 171
11.5828230859123 42 174
14.08498669161 53 256
0 20 0
0.288519555385556 24 6
23.1828706955534 60 327
16.6684367521476 55 289
4.90753191248114 40 91
0 20 0
0 20 0
10.5390771932165 39 171
10.5390771932165 39 171
7.45836896205531 41 156
0.720919297353916 28 28
0 20 0
0 20 0
13.6222487283462 52 249
0 20 0
6.67700549687201 38 153
0 20 0
1.04936731567358 30 45
0 20 0
0 20 0
0 20 0
0 20 0
0 20 0
0 20 0
5.89250198373121 47 124
0 20 0
10.5390771932165 39 171
8.61729026720453 48 198
0 20 0
17.6897893711513 56 307
4.74538655425108 37 136
0 20 0
0 20 0
4.96973161428007 35 49
24.7267466886577 70 318
0.207981576701593 23 3
0 20 0
0 20 0
0 20 0
10.5390771932165 39 171
0 20 0
23.6446909366811 68 361
33.8996201380875 85 505
2.25950040584578 34 91
21.3067388475821 57 324
21.3067388475821 57 324
0.288519555385556 24 6
20.580157208285 67 347
0 20 0
27.9040390308169 72 427
0 20 0
0 20 0
0 20 0
24.3260280182833 66 360
10.7794319991067 52 241
0 20 0
0 20 0
0 20 0
40.7433582829055 92 513
10.5390771932165 39 171
0 20 0
21.3067388475821 57 324
2.81243282969987 35 105
0 20 0
0.477694812032373 26 15
10.7794319991067 52 241
0 20 0
2.71362060407251 32 31
15.5966554122508 53 214
0 20 0
0 20 0
1.52101004254199 32 66
32.2994863964045 74 460
0 20 0
0 20 0
0 20 0
6.67700549687201 38 153
0 20 0
0 20 0
0 20 0
10.5390771932165 39 171
0 20 0
0 20 0
24.168427576988 75 388
24.1183981390972 65 352
0 20 0
0 20 0
0 20 0
15.8995417339043 55 291
0 20 0
0 20 0
0 20 0
0 20 0
12.3225068275259 51 225
4.74538655425108 37 136
1.52101004254199 32 66
0 20 0
0 20 0
0 20 0
2.81243282969987 35 105
16.6684367521476 55 289
4.73111469564167 40 87
7.68443974659672 44 80
10.5390771932165 39 171
0 20 0
0 20 0
0 20 0
0 20 0
0 20 0
0 20 0
4.74538655425108 37 136
2.81243282969987 35 105
0 20 0
12.9673018971259 53 150
0 20 0
0 20 0
0 20 0
19.6687394162005 61 317
10.5390771932165 39 171
0 20 0
0 20 0
0 20 0
10.5390771932165 39 171
21.3067388475821 57 324
10.5390771932165 39 171
4.90753191248114 40 91
10.5390771932165 39 171
0 20 0
0 20 0
0 20 0
0 20 0
0.477694812032373 26 15
0.720919297353916 28 28
0 20 0
0 20 0
0 20 0
0 20 0
0 20 0
29.8410418494573 72 373
23.0937393026069 70 398
0 20 0
21.3067388475821 57 324
0 20 0
0.134286563891161 22 1
6.05995187663817 47 175
10.5390771932165 39 171
21.3067388475821 57 324
6.67700549687201 38 153
10.5390771932165 39 171
1.52101004254199 32 66
19.5588045892813 66 332
0 20 0
0 20 0
0 20 0
14.1270463175231 53 262
1.04936731567358 30 45
14.1270463175231 53 262
0 20 0
0 20 0
9.84973641222252 47 169
0 20 0
33.3077287896227 84 485
12.9420208201023 50 226
0 20 0
2.91843354299513 29 16
17.6897893711513 56 307
0 20 0
0 20 0
0 20 0
0 20 0
17.6493812842356 59 235
0 20 0
0 20 0
10.5390771932165 39 171
10.5390771932165 39 171
0 20 0
0 20 0
4.74538655425108 37 136
0 20 0
0 20 0
0 20 0
3.58590013683387 36 120
3.85970150963281 42 119
0 20 0
2.81243282969987 35 105
0 20 0
4.74538655425108 37 136
0 20 0
0 20 0
5.40414423174888 40 139
12.3225068275259 51 225
0 20 0
0 20 0
10.5390771932165 39 171
1.55921621406959 25 4
0 20 0
0 20 0
