"COLLES.MDM.LN" "SACKIN" "COPHENETIC"
3.58590013683387 36 120
0 20 0
0 20 0
9.84973641222252 47 169
0 20 0
4.74538655425108 37 136
21.3067388475821 57 324
27.2738010212695 72 429
0 20 0
0 20 0
0 20 0
27.0008622036167 79 422
29.0418843877846 77 418
0 20 0
0 20 0
4.74538655425108 37 136
0 20 0
0 20 0
31.0908759746985 75 445
11.3444231068988 56 211
30.4700550564432 83 472
0 20 0
26.8826864118132 71 409
0 20 0
56.4430490109168 112 685
10.5390771932165 39 171
0 20 0
0 20 0
2.25950040584578 34 91
15.8995417339043 55 291
16.6684367521476 55 289
0 20 0
0 20 0
43.5133355101349 90 580
0.134286563891161 22 1
0 20 0
10.5390771932165 39 171
0 20 0
4.74538655425108 37 136
15.3774887618436 55 257
0 20 0
0 20 0
0 20 0
0 20 0
5.97559048372375 45 138
26.9792611029315 67 345
0 20 0
6.67700549687201 38 153
21.4218936003592 64 315
23.1828706955534 60 327
17.6897893711513 56 307
28.6124467228923 72 327
39.358078149536 88 549
35.9998793925953 81 413
34.2329806751688 82 468
20.4700972599616 72 315
0 20 0
19.8495978024815 62 238
30.7228284368496 78 316
0 20 0
0.134286563891161 22 1
0 20 0
10.5390771932165 39 171
0 20 0
6.67700549687201 38 153
0 20 0
0 20 0
0 20 0
10.5390771932165 39 171
0.288519555385556 24 6
0.591000631159132 27 21
18.6641860110286 66 216
10.5390771932165 39 171
0 20 0
23.9283223124241 64 345
8.90756792254329 49 208
0 20 0
1.26187293832938 31 55
3.58590013683387 36 120
33.9770206892781 80 311
0.477694812032373 26 15
57.7651422936743 115 572
0 20 0
1.84435306032293 33 78
0 20 0
0 20 0
4.74538655425108 37 136
25.4592459789753 70 396
19.5256427000341 64 211
0.591000631159132 27 21
26.8826864118132 71 409
10.5390771932165 39 171
3.58590013683387 36 120
22.9587982710749 59 325
21.3067388475821 57 324
8.1764334979621 47 115
24.5380718207307 75 364
28.3436933746611 80 448
0 20 0
10.5390771932165 39 171
2.91843354299513 29 16
31.0939535830069 81 465
0 20 0
26.8826864118132 71 409
0 20 0
12.3115165297061 47 199
21.3067388475821 57 324
0 20 0
0 20 0
0 20 0
19.9897459181506 67 357
6.52125973312486 47 171
4.73111469564167 40 87
0 20 0
6.67700549687201 38 153
3.22425595467338 33 28
28.9253916498205 73 444
6.67700549687201 38 153
6.67700549687201 38 153
0 20 0
28.8127909528901 76 317
4.05530465268839 38 121
0 20 0
6.67700549687201 38 153
0 20 0
10.5390771932165 39 171
0 20 0
21.0956319176607 55 110
14.8340137738324 54 276
0 20 0
81.0572452628983 136 798
0 20 0
21.3067388475821 57 324
0 20 0
0 20 0
5.67959173109487 37 64
30.7228284368496 78 316
43.088652304839 97 479
0 20 0
0 20 0
0 20 0
0 20 0
0 20 0
0 20 0
18.5880688111931 60 205
30.3736998189046 84 403
26.8826864118132 71 409
18.3518420599714 63 217
0 20 0
10.5390771932165 39 171
14.08498669161 53 256
10.5390771932165 39 171
13.6222487283462 52 249
14.08498669161 53 256
51.482421955917 102 443
6.06016361597125 36 39
0 20 0
3.31423978465682 40 106
21.3067388475821 57 324
25.1060675880322 75 306
10.5390771932165 39 171
0 20 0
13.2416569220991 51 237
0 20 0
0 20 0
20.4766989352135 62 292
15.1117421645674 56 169
0 20 0
7.08189513633083 39 55
34.1658986522301 82 451
26.8826864118132 71 409
16.0616052284848 56 277
13.2008899163225 54 273
0 20 0
12.5535091938773 53 202
0 20 0
2.81243282969987 35 105
13.4477426390834 58 226
0 20 0
7.32774862681793 40 154
0 20 0
35.2341856202521 84 487
6.67700549687201 38 153
0 20 0
50.435374923366 104 586
16.6684367521476 55 289
13.6222487283462 52 249
18.8263605558207 61 304
6.2515428482549 44 133
0.207981576701593 23 3
16.6684367521476 55 289
3.58590013683387 36 120
0 20 0
2.25950040584578 34 91
12.9420208201023 50 226
21.3067388475821 57 324
0 20 0
27.2759113767528 76 389
18.9010002056971 60 213
0 20 0
0 20 0
10.4499987745529 52 244
26.4792567781802 76 371
6.67700549687201 38 153
0.207981576701593 23 3
0 20 0
0 20 0
0 20 0
0 20 0
0 20 0
0 20 0
27.9040390308169 72 427
13.2008899163225 54 273
10.5390771932165 39 171
14.399283763015 53 238
4.74538655425108 37 136
10.5390771932165 39 171
6.41353825729147 39 81
46.5325508752075 91 502
16.4270334134996 49 185
21.3067388475821 57 324
11.4329775308258 41 172
0 20 0
0 20 0
0 20 0
10.5390771932165 39 171
0 20 0
0 20 0
0 20 0
20.6344811805705 67 251
0 20 0
27.9040390308169 72 427
0 20 0
10.7794319991067 52 241
0 20 0
0 20 0
10.5390771932165 39 171
19.0713099922323 66 334
17.0502701865062 56 220
10.5390771932165 39 171
0.207981576701593 23 3
0 20 0
0 20 0
1.26187293832938 31 55
12.3225068275259 51 225
10.5390771932165 39 171
0 20 0
0 20 0
21.3067388475821 57 324
10.5390771932165 39 171
15.8743057061842 57 232
46.0834621027084 99 534
2.07289004395598 35 69
0 20 0
10.5390771932165 39 171
0 20 0
0 20 0
19.807504430077 54 202
8.87461207854018 45 144
0 20 0
19.459814461915 66 342
0 20 0
10.5390771932165 39 171
10.5390771932165 39 171
27.2738010212695 72 429
0 20 0
4.96973161428007 35 49
21.3067388475821 57 324
34.3290814086264 85 500
17.6897893711513 56 307
11.4784590511344 53 258
0 20 0
91.0529391854923 138 777
0.288519555385556 24 6
16.6684367521476 55 289
0 20 0
0 20 0
0 20 0
12.49095342949 48 207
6.67700549687201 38 153
21.5459224996107 70 302
14.6683105960724 53 166
11.7237185904591 43 177
17.6897893711513 56 307
0.134286563891161 22 1
28.9253916498205 73 444
0 20 0
0 20 0
37.3153729115287 86 514
21.3067388475821 57 324
15.5887574699487 60 249
0.377724486136616 25 10
2.25950040584578 34 91
25.5504530660663 78 402
0 20 0
6.67700549687201 38 153
0 20 0
3.70976207663801 39 85
42.8005589067083 95 562
10.5390771932165 39 171
0 20 0
0 20 0
1.84435306032293 33 78
8.79507022934377 49 122
16.6684367521476 55 289
0 20 0
0 20 0
43.4147828616589 91 524
1.52101004254199 32 66
0 20 0
10.5390771932165 39 171
10.9695760129356 49 196
10.5390771932165 39 171
0 20 0
0 20 0
17.6897893711513 56 307
28.9253916498205 73 444
6.67700549687201 38 153
17.6897893711513 56 307
0 20 0
0 20 0
0 20 0
10.4499987745529 52 244
5.67959173109487 37 64
0 20 0
0 20 0
2.46828704380509 37 76
21.3067388475821 57 324
0 20 0
31.3643598167196 81 349
19.5601712215491 68 364
0 20 0
0.207981576701593 23 3
0 20 0
10.9695760129356 49 196
0 20 0
10.5390771932165 39 171
8.18222228286801 46 181
0.377724486136616 25 10
0 20 0
29.7546849082033 77 339
21.3067388475821 57 324
0 20 0
0 20 0
0 20 0
21.8480273823693 70 284
2.91843354299513 29 16
0.207981576701593 23 3
0 20 0
19.5934565524335 65 293
38.0375417205383 86 488
10.5390771932165 39 171
10.5390771932165 39 171
3.58590013683387 36 120
22.63588241073 69 378
0 20 0
24.6785876487373 71 412
0 20 0
4.74538655425108 37 136
0 20 0
7.99493959133865 43 121
2.81243282969987 35 105
0.720919297353916 28 28
6.67700549687201 38 153
27.2738010212695 72 429
10.5390771932165 39 171
37.6422422143272 87 466
10.5390771932165 39 171
8.11009913222265 42 74
10.5390771932165 39 171
6.87395198270728 50 171
0.207981576701593 23 3
0 20 0
49.6291985290418 102 527
4.74538655425108 37 136
1.66459299002734 33 56
0 20 0
0 20 0
0 20 0
12.9420208201023 50 226
21.3067388475821 57 324
21.3067388475821 57 324
10.5390771932165 39 171
6.67700549687201 38 153
0 20 0
0 20 0
0 20 0
1.04936731567358 30 45
16.7291995279326 70 310
23.6672912251733 77 326
0 20 0
13.6222487283462 52 249
35.49159825195 85 359
12.3225068275259 51 225
10.5390771932165 39 171
0 20 0
0 20 0
7.99493959133865 43 121
25.655106433799 70 402
0 20 0
0 20 0
17.3440064782531 66 336
0 20 0
0 20 0
0 20 0
10.5390771932165 39 171
0 20 0
14.8340137738324 54 276
0 20 0
0 20 0
4.74538655425108 37 136
12.9358642035221 53 202
0 20 0
21.3067388475821 57 324
0 20 0
14.8340137738324 54 276
26.8826864118132 71 409
0 20 0
35.4642494122622 84 493
13.6739381233397 50 208
52.1969434397082 106 604
21.2761036516434 65 316
11.3511824834321 51 149
10.5390771932165 39 171
21.3067388475821 57 324
14.08498669161 53 256
6.67700549687201 38 153
0 20 0
21.4968597555374 67 263
9.13445953084883 51 227
45.2609216677863 101 533
0 20 0
0 20 0
0 20 0
18.7754718090072 71 331
0 20 0
36.4636434180762 86 385
10.5390771932165 39 171
0 20 0
0 20 0
6.05995187663817 47 175
1.52101004254199 32 66
0 20 0
23.6572350297337 70 394
0 20 0
4.27677301127263 33 36
6.67700549687201 38 153
0 20 0
0 20 0
15.7406691695936 66 268
26.5758047396131 81 389
0 20 0
41.3940021998527 92 529
17.6897893711513 56 307
16.6684367521476 55 289
0 20 0
11.8661571331854 55 209
0 20 0
0 20 0
0 20 0
12.9420208201023 50 226
10.5390771932165 39 171
28.9253916498205 73 444
0 20 0
28.9253916498205 73 444
21.8087708027997 67 312
49.3792376184855 101 515
31.3860380437656 82 460
17.6897893711513 56 307
2.81243282969987 35 105
1.26187293832938 31 55
4.31631264425148 38 73
10.9695760129356 49 196
0 20 0
27.7958231559723 78 355
0 20 0
21.3067388475821 57 324
0 20 0
21.3067388475821 57 324
25.655106433799 70 402
1.84435306032293 33 78
26.8826864118132 71 409
31.1600006136979 75 280
0 20 0
0 20 0
17.3983475917784 59 262
0 20 0
10.5390771932165 39 171
10.5390771932165 39 171
10.5390771932165 39 171
10.5390771932165 39 171
0 20 0
21.3067388475821 57 324
11.7237185904591 43 177
21.3067388475821 57 324
32.752949110666 84 442
59.3597855265244 115 722
0.871762514311206 29 36
19.7225210787037 65 334
2.81243282969987 35 105
14.0502847979686 54 134
0 20 0
6.41353825729147 39 81
0.591000631159132 27 21
1.82332662542908 33 42
36.3245660237058 84 420
18.6091665787874 65 331
13.2008899163225 54 273
10.5390771932165 39 171
10.5390771932165 39 171
55.1446340369549 100 536
29.624977228536 81 363
8.38084523188805 47 189
36.1368491644735 82 488
10.5390771932165 39 171
9.84973641222252 47 169
0 20 0
4.74538655425108 37 136
0 20 0
0 20 0
14.5010006478527 57 234
0 20 0
0 20 0
33.8996201380875 85 505
7.62063750547345 49 198
0 20 0
10.5390771932165 39 171
11.5828230859123 42 174
0 20 0
10.5390771932165 39 171
10.9102504490845 41 49
10.5390771932165 39 171
0 20 0
0 20 0
14.8340137738324 54 276
60.7949476158894 116 666
2.25950040584578 34 91
0 20 0
23.5404679118492 73 331
0 20 0
14.5442345634965 58 246
42.9259752782247 89 353
4.74538655425108 37 136
5.67959173109487 37 64
4.74538655425108 37 136
1.66028756996309 33 48
0 20 0
0 20 0
0 20 0
0.477694812032373 26 15
10.5390771932165 39 171
1.52101004254199 32 66
0 20 0
0 20 0
4.27677301127263 33 36
0 20 0
0 20 0
0 20 0
4.74538655425108 37 136
35.0875748328162 87 442
10.5390771932165 39 171
2.81243282969987 35 105
8.15056896170903 50 214
10.5390771932165 39 171
8.90756792254329 49 208
0 20 0
10.5390771932165 39 171
0 20 0
32.2994863964045 74 460
6.67700549687201 38 153
50.9320052134062 85 247
10.5390771932165 39 171
0 20 0
2.81243282969987 35 105
8.30363324726633 52 191
6.67700549687201 38 153
10.5390771932165 39 171
10.5390771932165 39 171
0 20 0
0 20 0
1.10387850070092 27 11
10.5390771932165 39 171
0 20 0
21.3067388475821 57 324
0 20 0
6.67700549687201 38 153
0.591000631159132 27 21
108.933797675926 150 792
1.55921621406959 25 4
0 20 0
79.4797515895853 133 764
0 20 0
21.4218936003592 64 315
0 20 0
7.05342423669833 46 157
43.5133355101349 90 580
1.84435306032293 33 78
0 20 0
0 20 0
10.5390771932165 39 171
58.3746332398538 116 671
10.5390771932165 39 171
4.94174423234781 43 123
1.52101004254199 32 66
36.3417397879288 90 462
10.5390771932165 39 171
0 20 0
10.5390771932165 39 171
17.6897893711513 56 307
33.8473892763488 80 335
28.1208128478981 74 408
10.5390771932165 39 171
21.3067388475821 57 324
6.67162789355373 47 181
0.591000631159132 27 21
0 20 0
0 20 0
12.9724470405227 55 211
10.5390771932165 39 171
0 20 0
11.4784590511344 53 258
14.0920834782292 59 199
13.2416569220991 51 237
47.042081469225 93 583
19.5588045892813 66 332
10.5390771932165 39 171
0 20 0
10.9695760129356 49 196
21.1334600184685 68 367
0 20 0
0 20 0
11.5828230859123 42 174
14.8340137738324 54 276
6.67700549687201 38 153
5.0331812141875 33 26
10.5390771932165 39 171
3.22763487255527 34 43
33.1230674730922 69 251
23.6572350297337 70 394
13.2008899163225 54 273
18.1751908758564 65 322
11.8620004967383 44 181
0 20 0
21.3067388475821 57 324
0 20 0
4.4501690803949 41 130
0.477694812032373 26 15
21.5983133098518 62 298
0 20 0
32.2994863964045 74 460
28.0769973839842 83 393
0 20 0
0 20 0
0 20 0
0 20 0
14.6683105960724 53 166
0 20 0
0 20 0
13.2416569220991 51 237
10.5390771932165 39 171
43.5133355101349 90 580
0 20 0
36.1368491644735 82 488
4.74538655425108 37 136
0 20 0
19.0131429591167 65 291
0 20 0
0 20 0
0 20 0
0 20 0
0 20 0
10.5390771932165 39 171
11.6461935530867 52 179
21.3067388475821 57 324
0 20 0
35.4642494122622 84 493
6.05995187663817 47 175
0.134286563891161 22 1
21.3067388475821 57 324
10.5390771932165 39 171
0 20 0
31.0484236928764 81 454
0 20 0
0 20 0
0 20 0
1.84435306032293 33 78
0 20 0
6.67700549687201 38 153
0 20 0
6.68435450878832 48 186
14.08498669161 53 256
43.3209816456317 101 537
4.96973161428007 35 49
9.27661741344637 50 219
21.3067388475821 57 324
3.75947604681399 36 57
10.5390771932165 39 171
0 20 0
32.2994863964045 74 460
0 20 0
10.5390771932165 39 171
0 20 0
22.8704422736638 68 301
2.24213496058262 27 9
3.58590013683387 36 120
29.6161682901075 81 327
0 20 0
0 20 0
6.67700549687201 38 153
0 20 0
27.3223407556575 79 430
10.5390771932165 39 171
0 20 0
0 20 0
7.99493959133865 43 121
0 20 0
19.3401658246241 62 274
0 20 0
4.74538655425108 37 136
3.58590013683387 36 120
9.7658863014536 51 231
39.358078149536 88 549
6.67700549687201 38 153
10.5390771932165 39 171
13.6222487283462 52 249
15.8995417339043 55 291
0 20 0
13.6181101457452 44 175
15.1149384313192 48 187
8.18222228286801 46 181
0 20 0
0 20 0
10.5390771932165 39 171
26.2991175442564 71 415
10.5390771932165 39 171
14.08498669161 53 256
17.6149031995459 52 195
14.7832729094484 64 283
0 20 0
25.655106433799 70 402
0.871762514311206 29 36
10.5390771932165 39 171
0 20 0
16.6684367521476 55 289
0 20 0
19.2300204716226 62 214
0 20 0
10.5390771932165 39 171
10.5390771932165 39 171
0 20 0
10.5390771932165 39 171
4.74538655425108 37 136
5.5723006006255 32 19
10.5390771932165 39 171
16.0616052284848 56 277
0 20 0
43.7878671111499 85 337
27.9274558724652 78 338
7.71838333338204 43 163
0 20 0
0 20 0
0 20 0
2.81243282969987 35 105
17.6897893711513 56 307
0 20 0
0 20 0
10.8541865099619 55 229
4.74538655425108 37 136
0 20 0
0 20 0
41.2192413728812 96 493
17.6897893711513 56 307
1.52101004254199 32 66
4.74538655425108 37 136
0 20 0
0 20 0
0 20 0
0 20 0
0 20 0
10.5390771932165 39 171
13.2416569220991 51 237
21.3067388475821 57 324
0 20 0
0 20 0
26.4788051476558 69 370
0 20 0
16.6684367521476 55 289
6.41353825729147 39 81
0 20 0
0.207981576701593 23 3
0 20 0
3.58590013683387 36 120
0 20 0
0 20 0
0 20 0
8.15056896170903 50 214
10.5390771932165 39 171
26.7403865164446 84 409
10.5390771932165 39 171
0 20 0
24.6785876487373 71 412
39.433779900339 93 539
11.5828230859123 42 174
9.1557282503207 45 96
10.5390771932165 39 171
13.2416569220991 51 237
6.67700549687201 38 153
10.5390771932165 39 171
13.2008899163225 54 273
14.08498669161 53 256
0 20 0
21.3067388475821 57 324
39.358078149536 88 549
21.3067388475821 57 324
0 20 0
0 20 0
17.0974803677431 48 181
0 20 0
0 20 0
15.0761385574404 56 247
11.4784590511344 53 258
0 20 0
36.0007249243801 91 482
5.54620336336289 42 111
0 20 0
0 20 0
0 20 0
0 20 0
0 20 0
8.87461207854018 45 144
21.80700733221 63 262
26.8826864118132 71 409
0 20 0
0 20 0
9.85397912407522 48 109
40.3648135073039 95 555
0 20 0
16.7648754058094 57 244
0 20 0
0 20 0
10.5390771932165 39 171
10.5390771932165 39 171
0 20 0
0 20 0
0 20 0
21.3067388475821 57 324
38.3367255305323 87 532
3.58590013683387 36 120
48.928914253042 106 603
72.1583291057945 125 708
21.3067388475821 57 324
0 20 0
6.67700549687201 38 153
12.49095342949 48 207
16.4699415482582 66 266
0 20 0
21.3067388475821 57 324
22.63588241073 69 378
4.74538655425108 37 136
4.32261894441017 41 102
30.1067403983954 83 478
0 20 0
14.08498669161 53 256
67.5760015517586 124 744
2.25950040584578 34 91
0 20 0
10.5390771932165 39 171
0 20 0
2.81243282969987 35 105
6.41353825729147 39 81
21.3067388475821 57 324
16.1273768677253 59 271
25.0504986014648 73 384
0 20 0
31.4914076754469 84 490
17.6897893711513 56 307
22.3062774703727 65 195
0 20 0
4.61697652586055 44 141
0 20 0
8.61729026720453 48 198
7.59652295114117 41 82
0 20 0
2.81243282969987 35 105
26.1392679308986 74 368
0 20 0
0 20 0
15.7109794984648 57 268
0 20 0
10.5390771932165 39 171
24.1183981390972 65 352
32.2994863964045 74 460
11.4784590511344 53 258
10.5390771932165 39 171
3.59479832190079 31 25
13.6222487283462 52 249
2.25950040584578 34 91
0.377724486136616 25 10
3.26657868885535 37 66
0 20 0
0 20 0
26.8826864118132 71 409
0 20 0
6.67700549687201 38 153
0 20 0
11.4784590511344 53 258
0 20 0
23.7471553416109 63 339
0 20 0
10.9695760129356 49 196
0 20 0
0 20 0
9.64130950400458 45 76
6.67700549687201 38 153
0 20 0
0 20 0
1.52101004254199 32 66
24.4459146362407 70 330
20.8890157208693 67 354
0 20 0
0 20 0
25.4592459789753 70 396
21.3067388475821 57 324
10.5390771932165 39 171
27.2856862358607 75 282
10.5390771932165 39 171
0.871762514311206 29 36
0 20 0
27.328728789066 83 388
0 20 0
0 20 0
21.3067388475821 57 324
6.42228258120596 44 97
0 20 0
17.4636152775449 57 235
0 20 0
0 20 0
10.5390771932165 39 171
6.67700549687201 38 153
0 20 0
2.25950040584578 34 91
10.5390771932165 39 171
7.45836896205531 41 156
0 20 0
0 20 0
0 20 0
10.5390771932165 39 171
0 20 0
13.2416569220991 51 237
10.5390771932165 39 171
0 20 0
6.67700549687201 38 153
9.84973641222252 47 169
10.5390771932165 39 171
10.1013218761211 48 174
0 20 0
6.67700549687201 38 153
0 20 0
37.8152220831072 94 466
7.45836896205531 41 156
5.52056987617835 42 94
10.5390771932165 39 171
0 20 0
17.8894345135082 70 288
27.9040390308169 72 427
0.720919297353916 28 28
0 20 0
0 20 0
1.04936731567358 30 45
0 20 0
4.24560857367703 34 30
4.74538655425108 37 136
4.74538655425108 37 136
6.67700549687201 38 153
0 20 0
27.3223407556575 79 430
3.58590013683387 36 120
10.5390771932165 39 171
13.2008899163225 54 273
0.477694812032373 26 15
0 20 0
30.4412355196492 78 394
0 20 0
20.4694344956201 65 343
0 20 0
21.2761036516434 65 316
5.97536717635567 44 157
10.5390771932165 39 171
6.67700549687201 38 153
0 20 0
10.5390771932165 39 171
13.0113867398306 59 238
16.6449794262254 65 319
0 20 0
13.2008899163225 54 273
21.3067388475821 57 324
0 20 0
32.9527424659557 81 445
10.5390771932165 39 171
0 20 0
4.26160679322528 43 127
26.2991175442564 71 415
10.5390771932165 39 171
0 20 0
0 20 0
19.5877218700391 58 164
10.5390771932165 39 171
0 20 0
24.4866851953922 68 299
6.67700549687201 38 153
24.9508937145061 69 343
17.6493812842356 59 235
10.5390771932165 39 171
10.5390771932165 39 171
0 20 0
23.8038138685515 63 238
40.3794307685396 89 565
3.58590013683387 36 120
10.5390771932165 39 171
51.0254915795309 103 656
0 20 0
41.885584979159 94 453
14.08498669161 53 256
11.4784590511344 53 258
18.5182513476249 60 185
0 20 0
0 20 0
3.58590013683387 36 120
3.24357064347056 37 106
36.9689500263653 85 515
1.04936731567358 30 45
0 20 0
21.3067388475821 57 324
10.5390771932165 39 171
6.67700549687201 38 153
10.5390771932165 39 171
5.29744224878195 40 74
21.3067388475821 57 324
0 20 0
17.6897893711513 56 307
0.288519555385556 24 6
10.5390771932165 39 171
0 20 0
0 20 0
12.9420208201023 50 226
0 20 0
4.29547748006708 43 133
10.8694793721419 53 204
0 20 0
0 20 0
0 20 0
9.84973641222252 47 169
10.5390771932165 39 171
12.9358642035221 53 202
12.9420208201023 50 226
5.6644957404374 42 146
0 20 0
41.626463271167 95 476
0 20 0
29.7582583004536 77 341
9.18420185794997 50 211
6.47609402167877 44 121
32.2991408655625 88 463
0 20 0
0 20 0
0 20 0
32.0247464575813 83 475
0 20 0
0 20 0
0 20 0
4.74538655425108 37 136
0 20 0
10.5390771932165 39 171
6.67700549687201 38 153
17.6493812842356 59 235
0 20 0
0 20 0
0 20 0
18.0415598248543 64 321
28.6337093548667 71 338
21.2761036516434 65 316
10.5390771932165 39 171
6.67700549687201 38 153
1.84435306032293 33 78
18.4882423562602 62 250
0 20 0
58.452269628184 109 648
11.8620004967383 44 181
25.278994504228 78 365
10.5390771932165 39 171
0 20 0
0 20 0
9.40117113093726 47 124
18.3775087745627 64 303
0 20 0
0.134286563891161 22 1
10.5390771932165 39 171
12.3115165297061 47 199
0 20 0
0 20 0
0 20 0
30.4981276308444 80 368
0 20 0
19.8516940672478 65 280
0 20 0
39.5645811570258 88 400
9.64153276303304 47 97
17.3026629776288 64 281
0 20 0
43.5133355101349 90 580
10.5390771932165 39 171
0 20 0
0 20 0
0 20 0
0 20 0
17.1770658403899 64 257
0 20 0
52.0468441985345 104 671
28.4502934216984 83 420
0.134286563891161 22 1
13.6222487283462 52 249
4.74538655425108 37 136
11.4329775308258 41 172
10.5390771932165 39 171
0 20 0
3.58590013683387 36 120
0 20 0
0.134286563891161 22 1
10.5390771932165 39 171
0 20 0
14.8236915584184 62 220
0 20 0
15.8995417339043 55 291
0 20 0
10.5390771932165 39 171
6.67700549687201 38 153
0 20 0
36.2557740803874 84 321
17.6897893711513 56 307
5.55506781819157 43 86
10.5390771932165 39 171
0 20 0
80.3894916855255 124 667
21.3067388475821 57 324
7.50139191926758 50 148
0.477694812032373 26 15
0 20 0
1.04936731567358 30 45
7.18096875483881 41 100
10.5390771932165 39 171
0 20 0
28.9253916498205 73 444
13.2416569220991 51 237
21.3067388475821 57 324
0 20 0
6.08252046948826 48 142
0 20 0
10.5390771932165 39 171
2.25950040584578 34 91
0.288519555385556 24 6
3.58590013683387 36 120
6.67700549687201 38 153
38.4677016328952 84 433
19.3032998813795 59 310
10.5390771932165 39 171
9.84973641222252 47 169
21.3067388475821 57 324
0.207981576701593 23 3
6.67700549687201 38 153
0 20 0
8.15056896170903 50 214
0 20 0
1.84435306032293 33 78
17.6897893711513 56 307
0 20 0
51.0889303362076 96 587
0 20 0
28.9253916498205 73 444
24.7037609758595 73 328
8.61729026720453 48 198
0 20 0
0 20 0
1.19721929815644 30 29
0 20 0
10.5390771932165 39 171
0 20 0
0 20 0
40.5771453585325 94 460
0 20 0
0 20 0
8.0222656701601 44 115
17.6897893711513 56 307
0 20 0
9.84973641222252 47 169
6.67700549687201 38 153
1.55921621406959 25 4
1.84435306032293 33 78
0 20 0
0 20 0
0.207981576701593 23 3
4.96973161428007 35 49
7.99493959133865 43 121
10.5390771932165 39 171
21.3067388475821 57 324
13.6222487283462 52 249
14.7316222128313 58 279
0 20 0
0.288519555385556 24 6
103.285733556438 149 841
43.5133355101349 90 580
0 20 0
0 20 0
0 20 0
1.84435306032293 33 78
12.49095342949 48 207
10.5390771932165 39 171
0 20 0
0 20 0
0 20 0
0 20 0
0 20 0
1.66459299002734 33 56
1.26187293832938 31 55
27.5580287995346 76 383
0 20 0
0 20 0
11.8620004967383 44 181
42.3229957015797 93 511
11.3392298484437 51 124
0 20 0
0.720919297353916 28 28
6.67700549687201 38 153
1.52101004254199 32 66
6.67700549687201 38 153
0.134286563891161 22 1
29.5132395112748 80 433
17.2798499373673 51 94
27.3827717629461 75 388
0 20 0
0 20 0
9.11500501495708 55 199
3.58590013683387 36 120
45.66535791755 99 610
1.04936731567358 30 45
0.720919297353916 28 28
0.207981576701593 23 3
0 20 0
22.3727637981192 71 283
13.6181101457452 44 175
66.5853438772517 119 776
0 20 0
55.4638271101711 111 594
43.5133355101349 90 580
16.8203307279514 62 292
0 20 0
0 20 0
0 20 0
0 20 0
32.2994863964045 74 460
28.9907637244867 79 422
0 20 0
12.0027783807377 45 186
0 20 0
10.5390771932165 39 171
6.92809896445909 41 62
2.66858914892556 36 92
0 20 0
0 20 0
3.58590013683387 36 120
16.5404453999448 65 328
4.96973161428007 35 49
6.67700549687201 38 153
27.2738010212695 72 429
0 20 0
9.38017945917312 46 124
6.67700549687201 38 153
2.81243282969987 35 105
37.5004609312146 93 508
10.5390771932165 39 171
0 20 0
13.2008899163225 54 273
0 20 0
16.6684367521476 55 289
2.81243282969987 35 105
36.6825941719557 84 386
0 20 0
0 20 0
47.9614337225199 100 605
46.2321428139172 100 613
1.04936731567358 30 45
14.3183589073991 49 95
1.26187293832938 31 55
15.8995417339043 55 291
0 20 0
39.2202174073997 85 491
12.3225068275259 51 225
0.134286563891161 22 1
0 20 0
16.6684367521476 55 289
24.1183981390972 65 352
15.0384390794903 51 202
0 20 0
33.6516158893854 82 341
0 20 0
0 20 0
6.29554408992844 40 61
10.5390771932165 39 171
18.8769672274146 62 257
0 20 0
0 20 0
14.08498669161 53 256
0 20 0
3.58590013683387 36 120
47.9955808486994 101 539
37.3153729115287 86 514
0 20 0
21.3067388475821 57 324
9.27661741344637 50 219
1.52101004254199 32 66
0.288519555385556 24 6
31.325384055142 87 391
0 20 0
10.5390771932165 39 171
0 20 0
16.1273768677253 59 271
0 20 0
0 20 0
0 20 0
10.5390771932165 39 171
38.1010465363566 94 495
21.3067388475821 57 324
0 20 0
29.4643612462062 71 359
0 20 0
22.63588241073 69 378
13.6222487283462 52 249
32.2994863964045 74 460
10.5390771932165 39 171
0 20 0
48.6208198810718 102 551
3.58590013683387 36 120
0 20 0
6.2515428482549 44 133
29.312798244491 82 406
0 20 0
6.67700549687201 38 153
40.2881483865396 95 484
1.26187293832938 31 55
4.74538655425108 37 136
0 20 0
6.67700549687201 38 153
6.36867455668932 39 55
19.7675803935398 65 328
0.871762514311206 29 36
0 20 0
0 20 0
0 20 0
0 20 0
0 20 0
10.467651104942 49 150
6.67700549687201 38 153
10.5390771932165 39 171
0 20 0
7.49514320465385 49 202
17.0974803677431 48 181
6.67700549687201 38 153
10.5390771932165 39 171
0 20 0
0 20 0
32.0697763118801 82 472
8.01053380938756 45 174
4.74538655425108 37 136
0 20 0
16.6684367521476 55 289
6.67700549687201 38 153
0 20 0
18.0409829668986 56 235
11.4662395338999 49 178
4.74538655425108 37 136
6.67700549687201 38 153
16.618611397955 65 260
10.5390771932165 39 171
34.1875178920811 85 425
4.74538655425108 37 136
0 20 0
0 20 0
0 20 0
14.2592599509902 52 213
34.1673893214369 87 454
29.5668562016344 75 415
24.1183981390972 65 352
37.3153729115287 86 514
0.871762514311206 29 36
9.70669900512052 54 192
10.5390771932165 39 171
0 20 0
7.62063750547345 49 198
18.918528267455 68 337
0 20 0
21.3067388475821 57 324
0 20 0
0.377724486136616 25 10
0 20 0
0 20 0
0 20 0
0 20 0
6.67700549687201 38 153
0 20 0
21.3067388475821 57 324
10.5390771932165 39 171
10.5390771932165 39 171
10.5390771932165 39 171
2.81243282969987 35 105
7.94337799463587 42 72
0 20 0
10.5390771932165 39 171
10.5390771932165 39 171
0 20 0
0 20 0
52.0468441985345 104 671
11.8620004967383 44 181
23.3821406061566 61 330
25.4592459789753 70 396
0 20 0
3.58590013683387 36 120
0 20 0
5.0331812141875 33 26
10.5390771932165 39 171
1.84435306032293 33 78
0 20 0
0 20 0
10.5390771932165 39 171
0 20 0
20.8890157208693 67 354
10.5390771932165 39 171
64.8891827994518 116 620
0 20 0
2.81243282969987 35 105
0 20 0
10.5390771932165 39 171
0 20 0
0 20 0
0 20 0
32.2994863964045 74 460
20.7809685618537 60 293
10.5390771932165 39 171
0 20 0
0 20 0
0 20 0
11.4784590511344 53 258
26.8826864118132 71 409
10.5390771932165 39 171
0 20 0
24.6785876487373 71 412
2.91843354299513 29 16
18.7767612206309 55 208
12.3225068275259 51 225
10.2271470219943 48 119
4.27677301127263 33 36
4.96973161428007 35 49
0 20 0
0 20 0
16.1043747180902 51 196
0 20 0
0 20 0
10.5390771932165 39 171
5.0331812141875 33 26
14.08498669161 53 256
6.67700549687201 38 153
43.9008285874929 96 571
0 20 0
0 20 0
26.8826864118132 71 409
31.0755103705814 78 406
0 20 0
43.5133355101349 90 580
25.4592459789753 70 396
32.2994863964045 74 460
17.3440064782531 66 336
0 20 0
0 20 0
49.7088837823938 102 574
25.4592459789753 70 396
12.3225068275259 51 225
48.9183705380734 96 470
10.5390771932165 39 171
0 20 0
16.1096540916545 56 199
0 20 0
21.1371894832878 66 292
0 20 0
33.3993425949064 78 418
10.5390771932165 39 171
4.74538655425108 37 136
17.6897893711513 56 307
34.3290814086264 85 500
16.6684367521476 55 289
0 20 0
10.9695760129356 49 196
37.3100970363718 91 510
0 20 0
9.9847761699833 57 226
4.74538655425108 37 136
27.2453065012159 80 433
10.5390771932165 39 171
0 20 0
41.3438027658779 94 383
25.9625352837648 71 364
14.6683105960724 53 166
4.74538655425108 37 136
1.82332662542908 33 42
0 20 0
0 20 0
0 20 0
10.5390771932165 39 171
0 20 0
4.74538655425108 37 136
0 20 0
10.5390771932165 39 171
0 20 0
13.8321260821937 50 202
0.477694812032373 26 15
17.6897893711513 56 307
7.71732910101308 46 89
8.90756792254329 49 208
0 20 0
0 20 0
10.5390771932165 39 171
10.5390771932165 39 171
21.3067388475821 57 324
0 20 0
0 20 0
19.5877218700391 58 164
31.6095614396418 77 450
10.5390771932165 39 171
4.74538655425108 37 136
0 20 0
1.19721929815644 30 29
35.0041430011818 77 463
0 20 0
4.74538655425108 37 136
30.0942114223457 87 424
22.63588241073 69 378
12.3115165297061 47 199
0 20 0
47.6900744235716 105 608
19.0713099922323 66 334
0 20 0
0 20 0
1.84435306032293 33 78
10.5390771932165 39 171
0 20 0
13.2008899163225 54 273
6.67700549687201 38 153
4.61697652586055 44 141
12.5576522996937 55 197
23.0937393026069 70 398
0 20 0
10.5390771932165 39 171
1.04936731567358 30 45
10.5390771932165 39 171
10.5390771932165 39 171
66.1451264979405 119 724
0 20 0
41.3306072817806 92 376
3.50772317420159 39 111
0 20 0
38.4789672571354 88 383
10.5390771932165 39 171
0 20 0
0 20 0
0 20 0
25.4592459789753 70 396
0 20 0
25.689975202907 66 190
0 20 0
0 20 0
0 20 0
2.24213496058262 27 9
26.2991175442564 71 415
0 20 0
0 20 0
4.74538655425108 37 136
21.3067388475821 57 324
26.2991175442564 71 415
6.67700549687201 38 153
0 20 0
0 20 0
34.2329806751688 82 468
22.9587982710749 59 325
33.8996201380875 85 505
0 20 0
1.52101004254199 32 66
0 20 0
10.5390771932165 39 171
93.5515919340525 139 829
0 20 0
0 20 0
0 20 0
1.04936731567358 30 45
0.720919297353916 28 28
14.1270463175231 53 262
14.8340137738324 54 276
10.5390771932165 39 171
5.86505111183521 45 126
0 20 0
6.67700549687201 38 153
26.095914543478 67 268
0 20 0
10.4338828811359 55 233
14.1270463175231 53 262
0 20 0
9.18420185794997 50 211
29.0418394149471 73 365
0 20 0
0 20 0
10.7794319991067 52 241
10.5390771932165 39 171
8.78825603992647 52 141
0 20 0
27.126640572503 75 310
0 20 0
17.7077042946514 63 247
0 20 0
0 20 0
0 20 0
0.871762514311206 29 36
32.4073906627693 83 474
0 20 0
31.7368517231258 81 457
0 20 0
2.25950040584578 34 91
6.67700549687201 38 153
0 20 0
24.8437437787724 68 379
5.62554084340304 40 63
0 20 0
0 20 0
0 20 0
0 20 0
0 20 0
38.3367255305323 87 532
15.0075689036911 52 117
0 20 0
10.5390771932165 39 171
0 20 0
0 20 0
0 20 0
0 20 0
26.2137252628289 74 286
5.67959173109487 37 64
16.1687223561078 55 228
0.871762514311206 29 36
14.8340137738324 54 276
0 20 0
12.150878877577 46 192
10.5390771932165 39 171
21.5321097235969 68 373
16.6684367521476 55 289
0.377724486136616 25 10
21.3067388475821 57 324
3.39911403113301 36 59
6.67700549687201 38 153
10.5390771932165 39 171
0 20 0
27.1476527078923 72 313
79.7613859571296 135 722
22.7046603042443 65 242
0 20 0
0 20 0
21.3067388475821 57 324
41.0954945890245 95 500
0 20 0
0 20 0
3.58590013683387 36 120
10.5390771932165 39 171
0 20 0
4.90753191248114 40 91
43.5133355101349 90 580
0 20 0
10.5390771932165 39 171
0 20 0
28.2666591202196 81 449
20.9619349086007 67 195
35.0648695097248 82 434
12.49095342949 48 207
13.0669133898574 56 205
21.3067388475821 57 324
6.67700549687201 38 153
11.7237185904591 43 177
12.3225068275259 51 225
10.5390771932165 39 171
7.05342423669833 46 157
6.67700549687201 38 153
4.74538655425108 37 136
0 20 0
9.18118385766576 37 32
57.0664092276159 108 618
10.5390771932165 39 171
11.4329775308258 41 172
4.96973161428007 35 49
0 20 0
32.2994863964045 74 460
15.8995417339043 55 291
0 20 0
0 20 0
16.6449794262254 65 319
4.74538655425108 37 136
0 20 0
4.36682311317448 43 113
10.5390771932165 39 171
0 20 0
14.08498669161 53 256
10.4499987745529 52 244
14.0680668875585 57 212
0 20 0
12.1033275911952 59 193
13.6181101457452 44 175
4.74538655425108 37 136
0.377724486136616 25 10
0 20 0
0.377724486136616 25 10
0 20 0
10.5390771932165 39 171
30.1741820203406 82 403
0 20 0
6.67700549687201 38 153
0 20 0
10.5390771932165 39 171
15.8414967336205 50 196
0 20 0
25.4646735840092 78 414
0 20 0
0 20 0
0 20 0
26.7369408263444 64 333
0.377724486136616 25 10
0 20 0
10.5390771932165 39 171
31.5022706707932 82 470
0 20 0
0 20 0
10.5390771932165 39 171
2.73460294131625 38 88
41.5727719725983 96 482
3.58590013683387 36 120
2.24213496058262 27 9
11.9467634342275 56 205
12.6973445196503 49 216
0 20 0
11.3468379567699 55 201
0 20 0
0 20 0
0 20 0
6.16594292106265 45 164
64.816695776398 122 737
0 20 0
10.5390771932165 39 171
75.9633588109103 127 729
0 20 0
11.1710820543222 58 231
10.5390771932165 39 171
41.5858714072292 97 566
0 20 0
23.8640653608298 57 205
16.6449794262254 65 319
7.02586018106523 48 191
1.84435306032293 33 78
24.4840799296052 77 394
0 20 0
11.4784590511344 53 258
4.74538655425108 37 136
0 20 0
0 20 0
0 20 0
0 20 0
3.58590013683387 36 120
0 20 0
4.74538655425108 37 136
0 20 0
0 20 0
1.84435306032293 33 78
10.5390771932165 39 171
0 20 0
0 20 0
58.6736825723943 109 510
0 20 0
4.26160679322528 43 127
26.5476391580506 70 320
24.3060820975018 74 388
10.5390771932165 39 171
3.58590013683387 36 120
10.5390771932165 39 171
21.3067388475821 57 324
13.2416569220991 51 237
22.82349598857 71 332
0 20 0
0 20 0
29.5714830014714 80 425
0 20 0
0 20 0
0 20 0
2.81243282969987 35 105
13.6222487283462 52 249
0 20 0
49.4824542036846 107 530
0 20 0
10.5390771932165 39 171
13.2008899163225 54 273
0 20 0
0 20 0
1.04936731567358 30 45
16.9483075156085 63 291
16.258715384159 57 279
20.3597018450988 64 225
25.5951884217297 68 218
0.134286563891161 22 1
0 20 0
0 20 0
26.8826864118132 71 409
10.9695760129356 49 196
20.4766989352135 62 292
3.58590013683387 36 120
0 20 0
10.1013218761211 48 174
2.81243282969987 35 105
0 20 0
0 20 0
12.3225068275259 51 225
0 20 0
3.58590013683387 36 120
0 20 0
1.04936731567358 30 45
1.84435306032293 33 78
10.5390771932165 39 171
16.6684367521476 55 289
21.3067388475821 57 324
0 20 0
19.9223528247007 61 215
0.288519555385556 24 6
3.58590013683387 36 120
2.25950040584578 34 91
0 20 0
0 20 0
37.9867146148561 95 462
6.67700549687201 38 153
0 20 0
0 20 0
19.4899587667735 60 313
17.3899495212697 58 294
10.5390771932165 39 171
11.8620004967383 44 181
0.377724486136616 25 10
73.7843879854719 116 646
2.25950040584578 34 91
18.3775087745627 64 303
1.22078234157896 26 7
21.3067388475821 57 324
6.52125973312486 47 171
0 20 0
9.7658863014536 51 231
2.25950040584578 34 91
10.5390771932165 39 171
21.3067388475821 57 324
0 20 0
10.5390771932165 39 171
3.58590013683387 36 120
28.6416432605568 71 308
32.2994863964045 74 460
0 20 0
32.2994863964045 74 460
0 20 0
0 20 0
10.5390771932165 39 171
0.134286563891161 22 1
0 20 0
10.5390771932165 39 171
4.74538655425108 37 136
10.5390771932165 39 171
3.58590013683387 36 120
0 20 0
11.4128150564273 55 219
6.67700549687201 38 153
10.5390771932165 39 171
0 20 0
27.2738010212695 72 429
10.5390771932165 39 171
17.2567549499381 64 305
23.6446909366811 68 361
0 20 0
17.5275325928442 68 279
0 20 0
37.4664691178409 88 454
27.2738010212695 72 429
9.84973641222252 47 169
10.5390771932165 39 171
0 20 0
10.5390771932165 39 171
0 20 0
0 20 0
3.09449380789502 39 87
0 20 0
1.04936731567358 30 45
0 20 0
38.5665525668958 94 530
0 20 0
0 20 0
0 20 0
1.52101004254199 32 66
0 20 0
4.94174423234781 43 123
0 20 0
29.3595381820861 68 343
10.5390771932165 39 171
44.1894375759099 98 581
0 20 0
10.7794319991067 52 241
7.86811400716119 42 84
21.3067388475821 57 324
0 20 0
13.2008899163225 54 273
0 20 0
10.5390771932165 39 171
6.67700549687201 38 153
0 20 0
0 20 0
0 20 0
6.67700549687201 38 153
0 20 0
6.46963726955765 48 129
0 20 0
6.67700549687201 38 153
11.4784590511344 53 258
0 20 0
14.8340137738324 54 276
0 20 0
10.5390771932165 39 171
4.27677301127263 33 36
0 20 0
0 20 0
0 20 0
4.26160679322528 43 127
0 20 0
0 20 0
1.26187293832938 31 55
4.32337663363991 41 91
11.7237185904591 43 177
6.41353825729147 39 81
10.5390771932165 39 171
10.5390771932165 39 171
0.207981576701593 23 3
0 20 0
0.288519555385556 24 6
22.6252567357934 71 257
90.4765875265602 144 920
10.5390771932165 39 171
3.58590013683387 36 120
0 20 0
10.5390771932165 39 171
17.6897893711513 56 307
0 20 0
21.3067388475821 57 324
16.459437086005 66 276
27.9180400659939 74 340
0.207981576701593 23 3
21.3067388475821 57 324
3.26657868885535 37 66
0 20 0
4.74538655425108 37 136
9.9847761699833 57 226
17.6897893711513 56 307
0 20 0
0 20 0
56.0271098089016 107 578
24.1183981390972 65 352
0 20 0
3.58590013683387 36 120
15.8995417339043 55 291
6.67700549687201 38 153
1.04936731567358 30 45
10.4499987745529 52 244
22.63588241073 69 378
56.8291414219991 111 608
21.3989057051023 62 240
0 20 0
0 20 0
0.871762514311206 29 36
11.8327992198163 54 242
3.6291634416943 41 106
3.58590013683387 36 120
0 20 0
47.3460095941927 99 604
0 20 0
0 20 0
0 20 0
0.591000631159132 27 21
0 20 0
25.0813168061754 77 338
0 20 0
0 20 0
19.7225210787037 65 334
8.61729026720453 48 198
0 20 0
19.3401658246241 62 274
21.5321097235969 68 373
21.3067388475821 57 324
0 20 0
6.67700549687201 38 153
45.9911468334093 99 530
0 20 0
24.1183981390972 65 352
0 20 0
37.9757563585688 87 538
13.5861526861744 59 241
0 20 0
30.6072623339104 74 291
6.67700549687201 38 153
0 20 0
0 20 0
0 20 0
0 20 0
24.6785876487373 71 412
0 20 0
22.9587982710749 59 325
0 20 0
12.7137061415428 56 261
12.150878877577 46 192
32.2994863964045 74 460
0 20 0
16.6888423878106 60 187
0 20 0
0 20 0
0 20 0
0 20 0
6.67700549687201 38 153
1.55921621406959 25 4
6.67700549687201 38 153
0 20 0
22.4976361292115 66 340
10.5390771932165 39 171
2.24213496058262 27 9
0 20 0
0 20 0
6.67700549687201 38 153
6.67700549687201 38 153
0 20 0
10.5390771932165 39 171
1.84435306032293 33 78
0 20 0
4.74538655425108 37 136
0 20 0
0 20 0
0 20 0
11.7237185904591 43 177
6.68435450878832 48 186
0 20 0
1.55921621406959 25 4
4.9265137913754 39 57
28.9253916498205 73 444
0 20 0
0 20 0
19.3032998813795 59 310
0 20 0
27.9040390308169 72 427
0 20 0
10.5390771932165 39 171
7.49514320465385 49 202
0.207981576701593 23 3
27.3233830970214 71 370
1.46310554249819 31 31
2.81243282969987 35 105
17.6897893711513 56 307
63.8899406682953 120 698
34.076002698088 87 427
21.3067388475821 57 324
35.431695568833 84 458
10.5390771932165 39 171
46.9538007490198 101 631
38.5588560177842 90 487
0 20 0
0 20 0
10.5390771932165 39 171
0 20 0
22.8784016381984 72 259
10.5390771932165 39 171
0 20 0
14.660509694231 53 217
4.27677301127263 33 36
51.9454313502902 111 602
0 20 0
32.4073906627693 83 474
10.5390771932165 39 171
4.07998795328391 35 37
0.377724486136616 25 10
18.087848623419 61 282
16.6684367521476 55 289
28.9253916498205 73 444
6.67700549687201 38 153
0 20 0
16.8203307279514 62 292
0 20 0
10.5390771932165 39 171
1.04936731567358 30 45
0 20 0
3.58590013683387 36 120
14.08498669161 53 256
15.8995417339043 55 291
12.1735468688935 54 156
0 20 0
11.9635677947001 47 109
0.288519555385556 24 6
0.377724486136616 25 10
35.2595151690072 78 466
21.4218936003592 64 315
27.9040390308169 72 427
0 20 0
6.67162789355373 47 181
48.094112533652 103 572
0 20 0
10.5390771932165 39 171
0 20 0
0 20 0
32.624321041604 87 434
0 20 0
0 20 0
0.477694812032373 26 15
6.67700549687201 38 153
20.1386581457029 66 274
0 20 0
0 20 0
10.5390771932165 39 171
0 20 0
21.3067388475821 57 324
6.67700549687201 38 153
10.5390771932165 39 171
6.67700549687201 38 153
3.58590013683387 36 120
0 20 0
0 20 0
0 20 0
0 20 0
33.9305431709754 84 463
18.621953072162 65 322
0.477694812032373 26 15
32.2994863964045 74 460
10.5390771932165 39 171
1.26187293832938 31 55
10.5390771932165 39 171
11.4347344010997 43 65
0 20 0
10.5390771932165 39 171
21.3067388475821 57 324
0 20 0
30.2901478326792 80 433
15.8995417339043 55 291
29.5916453683532 75 432
0 20 0
0.377724486136616 25 10
31.1600006136979 75 280
10.5390771932165 39 171
0.288519555385556 24 6
0.871762514311206 29 36
57.2206380995779 111 664
7.18096875483881 41 100
0 20 0
0.207981576701593 23 3
9.13445953084883 51 227
38.3367255305323 87 532
2.81243282969987 35 105
0.134286563891161 22 1
0 20 0
0 20 0
0 20 0
0 20 0
15.7598986747829 57 262
8.87461207854018 45 144
22.0723866836032 69 380
14.9727376374075 60 237
14.08498669161 53 256
3.58590013683387 36 120
16.9050021090396 60 273
14.8340137738324 54 276
0 20 0
0 20 0
0 20 0
43.5133355101349 90 580
0 20 0
0 20 0
43.5133355101349 90 580
0 20 0
0 20 0
14.8340137738324 54 276
4.74538655425108 37 136
13.2008899163225 54 273
21.3067388475821 57 324
0 20 0
0 20 0
0 20 0
38.9786591181937 90 427
0 20 0
0 20 0
0 20 0
14.6183079656719 58 206
1.52101004254199 32 66
0 20 0
0 20 0
37.3153729115287 86 514
4.04273097899499 36 45
0 20 0
6.67700549687201 38 153
0 20 0
17.6493812842356 59 235
0 20 0
10.5390771932165 39 171
6.67162789355373 47 181
10.5390771932165 39 171
1.26187293832938 31 55
10.5390771932165 39 171
0.377724486136616 25 10
0 20 0
0 20 0
4.15532277808694 42 114
13.6222487283462 52 249
2.81243282969987 35 105
0 20 0
23.7876105979499 68 367
17.6897893711513 56 307
38.9057873487037 88 444
0.591000631159132 27 21
27.4015657978977 78 400
0 20 0
0 20 0
0 20 0
0 20 0
16.4270334134996 49 185
0 20 0
8.61729026720453 48 198
4.74538655425108 37 136
27.7205850622802 80 439
27.9040390308169 72 427
45.6648687576952 95 440
33.9231613653369 87 458
10.5390771932165 39 171
21.3067388475821 57 324
0 20 0
1.26187293832938 31 55
15.8995417339043 55 291
5.47102153941087 38 49
10.4499987745529 52 244
34.3418461035698 90 493
19.2172170246504 61 250
20.8240103695409 65 312
5.02437447420425 39 61
0.591000631159132 27 21
17.6897893711513 56 307
26.5718056850699 79 415
13.2837895608281 50 140
0.871762514311206 29 36
14.08498669161 53 256
33.3077287896227 84 485
0 20 0
10.4499987745529 52 244
21.3067388475821 57 324
0 20 0
25.4592459789753 70 396
10.5390771932165 39 171
0 20 0
0 20 0
7.05342423669833 46 157
23.706947431012 73 268
4.27677301127263 33 36
43.6285766452365 99 601
0 20 0
0 20 0
25.655106433799 70 402
0 20 0
0 20 0
47.6233311121058 95 590
0 20 0
0 20 0
19.6543965239513 63 307
0 20 0
0 20 0
0 20 0
10.5390771932165 39 171
3.58590013683387 36 120
10.5390771932165 39 171
24.6785876487373 71 412
0 20 0
4.74538655425108 37 136
6.67700549687201 38 153
0 20 0
4.74538655425108 37 136
0 20 0
0 20 0
10.5390771932165 39 171
0 20 0
0 20 0
26.8826864118132 71 409
1.66028756996309 33 48
0 20 0
0 20 0
1.52101004254199 32 66
0 20 0
24.2011491126701 72 319
0 20 0
29.7261417227434 78 426
0 20 0
23.6446909366811 68 361
0 20 0
2.81243282969987 35 105
0 20 0
5.65804832080177 45 146
33.179835796449 82 446
6.10711961914139 44 133
0 20 0
18.8096522534718 58 252
0 20 0
23.3229111218884 69 280
19.4571149827575 59 232
11.7237185904591 43 177
0.871762514311206 29 36
0 20 0
21.9913996527544 73 334
6.67700549687201 38 153
10.5390771932165 39 171
18.8619318226858 63 304
10.5390771932165 39 171
43.6313040412672 92 390
0 20 0
0 20 0
15.8995417339043 55 291
32.0322021270288 83 484
10.5390771932165 39 171
0 20 0
9.84973641222252 47 169
0 20 0
0 20 0
0 20 0
21.3067388475821 57 324
14.8340137738324 54 276
0 20 0
10.5390771932165 39 171
39.6462487960191 94 422
0 20 0
39.1541671548216 83 350
0 20 0
0 20 0
4.74538655425108 37 136
13.5500982821783 53 226
0 20 0
4.05530465268839 38 121
4.74538655425108 37 136
4.74538655425108 37 136
35.2413895299684 83 344
6.67700549687201 38 153
5.6608099391842 34 28
10.5390771932165 39 171
0 20 0
25.7761122624388 68 215
0 20 0
0 20 0
10.5390771932165 39 171
10.8287459801 47 95
1.84435306032293 33 78
18.8263605558207 61 304
0 20 0
26.8826864118132 71 409
14.2630423996278 50 198
0 20 0
1.52101004254199 32 66
0 20 0
0 20 0
18.3775087745627 64 303
1.84435306032293 33 78
14.1270463175231 53 262
12.3115165297061 47 199
13.37714162561 58 236
21.3067388475821 57 324
0 20 0
0 20 0
0.377724486136616 25 10
6.67700549687201 38 153
0 20 0
0 20 0
0 20 0
17.9484387443794 62 232
15.8995417339043 55 291
0 20 0
6.67700549687201 38 153
0 20 0
0 20 0
6.67700549687201 38 153
25.1944059164829 69 390
0 20 0
53.3609379481451 100 564
0 20 0
4.74538655425108 37 136
13.6077051409709 40 35
0 20 0
76.0786382642257 130 795
0.134286563891161 22 1
32.2994863964045 74 460
45.7713435446496 93 555
32.9527424659557 81 445
0 20 0
1.26187293832938 31 55
0 20 0
0 20 0
12.6973445196503 49 216
0 20 0
32.2994863964045 74 460
4.74538655425108 37 136
10.5390771932165 39 171
2.81243282969987 35 105
0.477694812032373 26 15
20.317952472399 64 227
0.207981576701593 23 3
0 20 0
10.5390771932165 39 171
16.5404453999448 65 328
10.5390771932165 39 171
0 20 0
35.2341856202521 84 487
0 20 0
0 20 0
21.0851249994339 67 362
9.75555172774149 52 169
0 20 0
1.84435306032293 33 78
10.5390771932165 39 171
12.9358642035221 53 202
21.3067388475821 57 324
0 20 0
19.3401658246241 62 274
21.3067388475821 57 324
22.1548126374721 69 385
10.5390771932165 39 171
0 20 0
3.22763487255527 34 43
31.0637124767896 82 458
38.8632957048405 88 551
0 20 0
0 20 0
10.5390771932165 39 171
0 20 0
0 20 0
0 20 0
19.807504430077 54 202
0 20 0
6.41353825729147 39 81
21.3067388475821 57 324
0 20 0
95.0781762150212 141 794
70.0524120323993 120 692
0 20 0
0 20 0
0 20 0
10.5390771932165 39 171
6.67700549687201 38 153
0 20 0
6.52125973312486 47 171
0 20 0
0 20 0
22.3947122505792 69 382
46.9538007490198 101 631
28.9253916498205 73 444
0 20 0
0 20 0
0 20 0
0 20 0
21.3067388475821 57 324
27.7061401384281 78 412
21.2761036516434 65 316
5.06866072968055 38 52
44.6378624368895 96 537
21.3067388475821 57 324
6.67162789355373 47 181
10.5390771932165 39 171
0 20 0
0 20 0
0 20 0
0.207981576701593 23 3
0 20 0
10.5390771932165 39 171
0 20 0
0 20 0
0 20 0
0 20 0
0 20 0
17.6897893711513 56 307
0 20 0
32.6351229676347 79 358
2.25950040584578 34 91
0 20 0
0 20 0
0 20 0
0 20 0
4.74538655425108 37 136
0 20 0
0 20 0
40.3794307685396 89 565
0 20 0
0 20 0
21.3067388475821 57 324
21.2761036516434 65 316
14.3775856480894 46 180
21.3067388475821 57 324
6.67700549687201 38 153
39.7696186718109 92 437
1.08329137559427 28 16
1.52101004254199 32 66
0 20 0
0.871762514311206 29 36
12.6973445196503 49 216
4.74538655425108 37 136
17.6897893711513 56 307
13.2416569220991 51 237
17.6157406851215 63 307
10.5390771932165 39 171
0 20 0
8.62963383411994 51 145
43.0990963159586 95 572
0 20 0
0 20 0
0 20 0
10.5390771932165 39 171
1.22078234157896 26 7
17.1920438041378 57 292
12.9420208201023 50 226
11.4784590511344 53 258
55.5647382632098 102 549
32.2994863964045 74 460
6.67700549687201 38 153
0.207981576701593 23 3
3.58590013683387 36 120
35.35043402763 86 518
25.902765415207 62 328
23.5643785969686 60 145
78.170709601791 132 764
61.8790253172111 116 734
52.9323808393766 108 606
13.2932764886604 50 136
16.6684367521476 55 289
9.84973641222252 47 169
0 20 0
4.74538655425108 37 136
39.358078149536 88 549
14.08498669161 53 256
0 20 0
1.46645702852779 32 46
0 20 0
17.6897893711513 56 307
0.207981576701593 23 3
26.8826864118132 71 409
0 20 0
10.5390771932165 39 171
1.04936731567358 30 45
6.67700549687201 38 153
0 20 0
0 20 0
37.6030355339746 90 493
44.9148740646096 98 593
39.96782021528 89 489
27.9040390308169 72 427
0 20 0
0 20 0
0 20 0
0 20 0
0 20 0
0 20 0
0 20 0
10.5390771932165 39 171
0 20 0
0 20 0
10.5390771932165 39 171
10.4499987745529 52 244
10.5390771932165 39 171
0 20 0
4.74538655425108 37 136
0.134286563891161 22 1
0 20 0
24.6785876487373 71 412
35.2341856202521 84 487
0 20 0
35.4642494122622 84 493
23.9117747359786 61 229
6.67700549687201 38 153
28.5501303824677 79 410
12.3225068275259 51 225
2.25950040584578 34 91
6.6971179334822 48 149
0.207981576701593 23 3
14.1233311902027 56 235
32.4073906627693 83 474
16.6684367521476 55 289
0 20 0
21.3067388475821 57 324
20.5107571045932 67 355
0 20 0
37.2256235299916 82 301
21.3067388475821 57 324
0 20 0
13.6222487283462 52 249
13.9347709566852 55 231
10.5390771932165 39 171
21.6874046008309 64 239
1.52101004254199 32 66
0 20 0
3.22763487255527 34 43
13.2932764886604 50 136
0.134286563891161 22 1
0 20 0
0 20 0
54.9437160151583 105 685
6.67700549687201 38 153
0 20 0
10.5390771932165 39 171
0 20 0
0 20 0
16.6684367521476 55 289
1.31254688753592 31 37
10.5390771932165 39 171
47.2872762342203 94 437
10.5390771932165 39 171
6.67700549687201 38 153
0.871762514311206 29 36
62.9003779362148 117 749
6.67700549687201 38 153
0 20 0
0 20 0
4.61697652586055 44 141
0 20 0
0.720919297353916 28 28
0 20 0
0 20 0
11.4784590511344 53 258
10.5390771932165 39 171
0 20 0
0 20 0
0 20 0
21.3067388475821 57 324
2.24213496058262 27 9
2.81243282969987 35 105
19.7225210787037 65 334
16.6684367521476 55 289
43.5133355101349 90 580
10.5390771932165 39 171
13.5503206998037 62 217
13.2008899163225 54 273
39.3672221140935 92 456
6.67700549687201 38 153
0.477694812032373 26 15
0 20 0
17.6897893711513 56 307
18.2819472623758 58 292
10.5390771932165 39 171
0 20 0
16.6101100889523 61 262
0 20 0
4.61697652586055 44 141
4.74538655425108 37 136
2.25950040584578 34 91
4.65775325114888 41 76
0 20 0
0 20 0
10.5390771932165 39 171
0 20 0
1.55921621406959 25 4
1.52101004254199 32 66
0 20 0
22.3015585028847 68 269
1.52101004254199 32 66
54.1646999427904 102 497
31.8311186183135 86 416
16.0976596324809 62 280
37.3808545163368 79 392
7.32774862681793 40 154
41.3791361993201 90 419
0 20 0
21.3067388475821 57 324
0.720919297353916 28 28
0 20 0
10.5390771932165 39 171
25.4592459789753 70 396
14.8340137738324 54 276
16.5660080783139 52 207
35.35043402763 86 518
0 20 0
39.358078149536 88 549
0 20 0
13.6181101457452 44 175
16.6684367521476 55 289
14.08498669161 53 256
14.8340137738324 54 276
0 20 0
18.3716779660283 56 215
0 20 0
1.52101004254199 32 66
3.26657868885535 37 66
0 20 0
6.67700549687201 38 153
34.3290814086264 85 500
10.5390771932165 39 171
0 20 0
44.2255276310139 95 464
11.8620004967383 44 181
0 20 0
0 20 0
10.5390771932165 39 171
0 20 0
0 20 0
2.81243282969987 35 105
1.52101004254199 32 66
1.55921621406959 25 4
10.5390771932165 39 171
0.134286563891161 22 1
32.2994863964045 74 460
10.5390771932165 39 171
0 20 0
0.207981576701593 23 3
12.3115165297061 47 199
2.21151086866369 30 21
12.9420208201023 50 226
1.84435306032293 33 78
0 20 0
0 20 0
0 20 0
23.8640653608298 57 205
6.67700549687201 38 153
4.82098413028118 44 136
37.3153729115287 86 514
13.2008899163225 54 273
8.59247456670954 44 103
0 20 0
26.8826864118132 71 409
0 20 0
4.74538655425108 37 136
0 20 0
3.50772317420159 39 111
0 20 0
0 20 0
6.67700549687201 38 153
32.2994863964045 74 460
9.7658863014536 51 231
37.0487406625463 86 520
10.9695760129356 49 196
17.6493812842356 59 235
0 20 0
0 20 0
23.5413996062878 66 244
0 20 0
29.4077133463678 82 464
21.3067388475821 57 324
0 20 0
10.5390771932165 39 171
7.99493959133865 43 121
0 20 0
10.5390771932165 39 171
10.5390771932165 39 171
0.871762514311206 29 36
0 20 0
0 20 0
10.5390771932165 39 171
12.1845047251729 54 190
21.3067388475821 57 324
0 20 0
30.5774392217825 81 377
16.8626371580059 56 125
14.8340137738324 54 276
0 20 0
0.591000631159132 27 21
45.7887858042418 97 489
0 20 0
0 20 0
27.2738010212695 72 429
10.5390771932165 39 171
21.3067388475821 57 324
1.26187293832938 31 55
22.1548126374721 69 385
2.81243282969987 35 105
36.9021298751104 89 467
23.6572350297337 70 394
10.5390771932165 39 171
1.52101004254199 32 66
0 20 0
10.5390771932165 39 171
6.67700549687201 38 153
10.5390771932165 39 171
0 20 0
43.6970943275579 94 384
13.6222487283462 52 249
10.5390771932165 39 171
0 20 0
6.67700549687201 38 153
25.5841534533636 78 402
0 20 0
11.4784590511344 53 258
0 20 0
0 20 0
13.6222487283462 52 249
0 20 0
1.26187293832938 31 55
10.5390771932165 39 171
0 20 0
0 20 0
2.25950040584578 34 91
0 20 0
0 20 0
10.5390771932165 39 171
13.2416569220991 51 237
9.26592124932466 53 178
10.5390771932165 39 171
3.21862617189329 31 19
14.8340137738324 54 276
0 20 0
44.3905827266563 98 475
39.358078149536 88 549
14.5056176197679 63 293
29.4239253941181 75 370
7.6245882852191 48 139
0.134286563891161 22 1
57.747248489385 113 591
0 20 0
0 20 0
7.18096875483881 41 100
0 20 0
3.09449380789502 39 87
0 20 0
4.74538655425108 37 136
0 20 0
0 20 0
10.5390771932165 39 171
0 20 0
0 20 0
18.4613464896355 66 304
1.84435306032293 33 78
0 20 0
0 20 0
12.6973445196503 49 216
10.5390771932165 39 171
0 20 0
0 20 0
0 20 0
10.5390771932165 39 171
2.81243282969987 35 105
1.04936731567358 30 45
10.5390771932165 39 171
3.58590013683387 36 120
62.9003779362148 117 749
11.4329775308258 41 172
21.3067388475821 57 324
0 20 0
0 20 0
0 20 0
2.25950040584578 34 91
27.9040390308169 72 427
32.2994863964045 74 460
10.5390771932165 39 171
2.66858914892556 36 92
10.5390771932165 39 171
10.5390771932165 39 171
1.89876682859188 34 51
15.8995417339043 55 291
10.9344973786188 44 65
9.24238090757291 47 137
0 20 0
2.81243282969987 35 105
0 20 0
33.9137920576545 85 379
77.4884601062746 130 781
8.87461207854018 45 144
0.134286563891161 22 1
34.2329806751688 82 468
0 20 0
10.5390771932165 39 171
17.6897893711513 56 307
12.150878877577 46 192
4.74538655425108 37 136
6.67700549687201 38 153
0 20 0
6.67700549687201 38 153
0 20 0
0 20 0
12.3115165297061 47 199
0 20 0
0 20 0
3.58590013683387 36 120
20.9093585894218 68 306
0 20 0
0 20 0
0 20 0
13.2255368445295 52 119
0 20 0
0 20 0
10.5390771932165 39 171
16.6684367521476 55 289
0 20 0
3.58590013683387 36 120
0 20 0
34.3290814086264 85 503
2.25950040584578 34 91
0 20 0
0 20 0
1.04936731567358 30 45
0 20 0
0 20 0
18.087848623419 61 282
0 20 0
12.49095342949 48 207
0 20 0
37.617666469528 91 520
15.2045616750405 53 184
12.9420208201023 50 226
0 20 0
4.96973161428007 35 49
43.5133355101349 90 580
0 20 0
7.18096875483881 41 100
7.18096875483881 41 100
0.477694812032373 26 15
53.3220294526698 105 489
10.5390771932165 39 171
17.6897893711513 56 307
21.8553930820517 71 352
0 20 0
10.4499987745529 52 244
3.58722824465204 40 94
0 20 0
1.10387850070092 27 11
0 20 0
6.43038766941602 48 161
9.18420185794997 50 211
1.52101004254199 32 66
1.04936731567358 30 45
16.6684367521476 55 289
0 20 0
0 20 0
0 20 0
0 20 0
9.18420185794997 50 211
10.5390771932165 39 171
0 20 0
0 20 0
0 20 0
10.5390771932165 39 171
0 20 0
8.87461207854018 45 144
6.34204887032252 44 103
1.04936731567358 30 45
10.5390771932165 39 171
47.9871605404129 104 563
0 20 0
0 20 0
12.6973445196503 49 216
10.5390771932165 39 171
14.4216261106124 60 257
0 20 0
0 20 0
4.74538655425108 37 136
0 20 0
4.74538655425108 37 136
15.8995417339043 55 291
0 20 0
46.4590875461053 102 517
0 20 0
3.58590013683387 36 120
15.8995417339043 55 291
0 20 0
6.67700549687201 38 153
0 20 0
7.71838333338204 43 163
10.5390771932165 39 171
26.7472250462604 77 415
0 20 0
0 20 0
0 20 0
10.5390771932165 39 171
0 20 0
0 20 0
0 20 0
6.67700549687201 38 153
0 20 0
16.5404453999448 65 328
10.5390771932165 39 171
14.8340137738324 54 276
38.8632957048405 88 551
0 20 0
48.5095423387441 99 576
15.8995417339043 55 291
0 20 0
0.377724486136616 25 10
11.4329775308258 41 172
0.871762514311206 29 36
25.7414283857133 77 329
0 20 0
25.5504530660663 78 402
0 20 0
40.5313391410818 93 529
0 20 0
0 20 0
10.5390771932165 39 171
0 20 0
28.9253916498205 73 444
10.5390771932165 39 171
0 20 0
21.3067388475821 57 324
21.3067388475821 57 324
0 20 0
2.25950040584578 34 91
46.1806709812125 100 620
10.5390771932165 39 171
0 20 0
0 20 0
0 20 0
3.77066604711576 39 83
2.81243282969987 35 105
10.5390771932165 39 171
0 20 0
1.04936731567358 30 45
2.21598365200148 34 46
43.5133355101349 90 580
0.591000631159132 27 21
0.134286563891161 22 1
11.4329775308258 41 172
0 20 0
1.52101004254199 32 66
0 20 0
10.5390771932165 39 171
10.5390771932165 39 171
40.9133575736571 91 430
10.5390771932165 39 171
0 20 0
19.1378283412514 59 146
15.5300528785477 61 270
18.2819472623758 58 292
10.5390771932165 39 171
0 20 0
0 20 0
1.52101004254199 32 66
2.81243282969987 35 105
3.58590013683387 36 120
14.08498669161 53 256
10.5390771932165 39 171
0 20 0
10.5390771932165 39 171
0 20 0
7.32774862681793 40 154
0 20 0
6.41353825729147 39 81
34.689469385018 87 418
0.720919297353916 28 28
60.3811381455281 116 737
0 20 0
10.5390771932165 39 171
0 20 0
18.087848623419 61 282
3.55510249050402 41 112
6.67700549687201 38 153
14.6145353040121 54 240
37.546880640008 88 473
39.8940903008158 87 460
4.9265137913754 39 57
1.26187293832938 31 55
4.32261894441017 41 102
0 20 0
10.5390771932165 39 171
6.67700549687201 38 153
0 20 0
0 20 0
82.0683217376448 136 777
10.5390771932165 39 171
6.67700549687201 38 153
0 20 0
0 20 0
10.5390771932165 39 171
14.1270463175231 53 262
1.10387850070092 27 11
2.81243282969987 35 105
38.7665801173261 92 419
0 20 0
27.9180400659939 74 340
0 20 0
16.6684367521476 55 289
0 20 0
21.3067388475821 57 324
0 20 0
9.18118385766576 37 32
6.41353825729147 39 81
7.02586018106523 48 191
2.81243282969987 35 105
4.74538655425108 37 136
15.8995417339043 55 291
5.63413273690536 46 160
18.3519566204187 65 242
0 20 0
0 20 0
10.5390771932165 39 171
0 20 0
0.377724486136616 25 10
0 20 0
0 20 0
10.5390771932165 39 171
33.5683936667022 81 301
0 20 0
21.3067388475821 57 324
10.5390771932165 39 171
19.4480818766164 64 325
0.377724486136616 25 10
26.2991175442564 71 415
6.67700549687201 38 153
0.207981576701593 23 3
0 20 0
27.9040390308169 72 427
0 20 0
21.3067388475821 57 324
54.2530224315062 110 644
0 20 0
21.3067388475821 57 324
0 20 0
2.25950040584578 34 91
10.5390771932165 39 171
44.5283696015448 84 270
3.77066604711576 39 83
0 20 0
0 20 0
10.5390771932165 39 171
0 20 0
4.74538655425108 37 136
0 20 0
64.2984058129307 113 554
21.3067388475821 57 324
0.134286563891161 22 1
0 20 0
10.5390771932165 39 171
10.5390771932165 39 171
23.0937393026069 70 398
2.29513031546792 36 65
0 20 0
0 20 0
10.5390771932165 39 171
4.74538655425108 37 136
13.9455291793597 51 210
10.5390771932165 39 171
0 20 0
19.7225210787037 65 334
3.58590013683387 36 120
0 20 0
0 20 0
0 20 0
16.5846426901284 55 230
22.4422048337612 60 235
0 20 0
0 20 0
30.4412355196492 78 394
0 20 0
0 20 0
14.08498669161 53 256
6.67700549687201 38 153
27.9040390308169 72 427
0 20 0
21.3067388475821 57 324
0 20 0
11.8620004967383 44 181
21.3067388475821 57 324
0 20 0
0 20 0
3.58590013683387 36 120
1.08329137559427 28 16
17.6897893711513 56 307
21.3067388475821 57 324
10.5390771932165 39 171
0 20 0
0 20 0
32.2994863964045 74 460
4.27677301127263 33 36
31.0637124767896 82 458
20.4766989352135 62 292
0 20 0
46.2321428139172 100 610
26.6579060428833 78 382
0 20 0
0 20 0
0 20 0
2.25950040584578 34 91
0 20 0
10.9695760129356 49 196
4.74538655425108 37 136
8.90756792254329 49 208
32.2754892934057 78 424
0 20 0
0 20 0
10.358177381715 53 214
11.5828230859123 42 174
0.288519555385556 24 6
0 20 0
0 20 0
10.5390771932165 39 171
42.6013000605391 96 559
20.4694344956201 65 343
23.0937393026069 70 398
0 20 0
0 20 0
0 20 0
0 20 0
0 20 0
0 20 0
0 20 0
50.7387158738615 102 581
93.6709398775925 136 739
9.84973641222252 47 169
0.591000631159132 27 21
10.5390771932165 39 171
38.4093116654833 79 464
17.6897893711513 56 307
0 20 0
10.5390771932165 39 171
0 20 0
4.29547748006708 43 133
15.2331434225192 54 222
12.9724470405227 55 211
0 20 0
5.27956746259754 43 118
5.63413273690536 46 160
17.3440064782531 66 336
0 20 0
17.2963975138128 54 220
11.7237185904591 43 177
29.2161208401919 80 427
35.4642494122622 84 493
0 20 0
0 20 0
0 20 0
0 20 0
4.74538655425108 37 136
14.2120924745983 51 205
0 20 0
32.2994863964045 74 460
46.2547736969922 100 617
10.5390771932165 39 171
0.207981576701593 23 3
0 20 0
0.288519555385556 24 6
43.9402641900966 93 571
74.2843092918609 124 648
0 20 0
0 20 0
0.134286563891161 22 1
6.67700549687201 38 153
17.6897893711513 56 307
22.2864154382507 64 185
0 20 0
21.2761036516434 65 316
0 20 0
0.720919297353916 28 28
0.134286563891161 22 1
0 20 0
9.59715333473279 51 169
5.06866072968055 38 52
15.2622976813776 60 251
0 20 0
22.9293597458629 72 359
17.6897893711513 56 307
0.591000631159132 27 21
17.5744537170772 59 297
0 20 0
12.5379572654807 54 180
13.2008899163225 54 273
6.67700549687201 38 153
0 20 0
1.52101004254199 32 66
9.84973641222252 47 169
13.6222487283462 52 249
0 20 0
17.6897893711513 56 307
13.6222487283462 52 249
15.8995417339043 55 291
30.0972175820799 77 311
0 20 0
4.74538655425108 37 136
18.7813880204679 60 265
0 20 0
0 20 0
0 20 0
1.84435306032293 33 78
3.55510249050402 41 112
24.3260280182833 66 360
17.5744537170772 59 297
18.9994929527603 61 161
12.3225068275259 51 225
1.26187293832938 31 55
2.25950040584578 34 91
0 20 0
0 20 0
13.0707155924285 58 268
10.5390771932165 39 171
0 20 0
7.49514320465385 49 202
6.67700549687201 38 153
33.4196305779579 82 452
11.4329775308258 41 172
10.5390771932165 39 171
21.3067388475821 57 324
16.6684367521476 55 289
41.3762211879492 95 542
10.5390771932165 39 171
0 20 0
0 20 0
21.5321097235969 68 373
0 20 0
0 20 0
26.8826864118132 71 409
15.8873283345702 56 143
13.3815133023636 58 219
3.58590013683387 36 120
0 20 0
0 20 0
0 20 0
21.3067388475821 57 324
2.81243282969987 35 105
3.58590013683387 36 120
0 20 0
4.74538655425108 37 136
0.720919297353916 28 28
0 20 0
1.84435306032293 33 78
13.3846279108774 60 199
21.3067388475821 57 324
32.2994863964045 74 460
16.6684367521476 55 289
10.5390771932165 39 171
10.5390771932165 39 171
15.8995417339043 55 291
9.84973641222252 47 169
0 20 0
12.3225068275259 51 225
1.84435306032293 33 78
32.6126374705468 83 452
6.41353825729147 39 81
7.62367174341963 50 144
6.67700549687201 38 153
0 20 0
32.2863761706191 83 469
4.74538655425108 37 136
8.15056896170903 50 214
2.25950040584578 34 91
2.81243282969987 35 105
0 20 0
0 20 0
10.5390771932165 39 171
0.871762514311206 29 36
14.08498669161 53 256
0 20 0
0 20 0
0 20 0
6.16594292106265 45 164
20.8107016934992 69 234
18.2289501109081 61 154
50.0041389605272 102 640
0 20 0
12.150878877577 46 192
11.4329775308258 41 172
25.7768203494669 78 416
10.5390771932165 39 171
0 20 0
23.7876105979499 68 367
0 20 0
23.5675021030856 62 334
10.5390771932165 39 171
10.5390771932165 39 171
21.4218936003592 64 315
21.5459224996107 70 302
0 20 0
6.67700549687201 38 153
0 20 0
0 20 0
20.8858650345265 68 369
6.67700549687201 38 153
0 20 0
21.3067388475821 57 324
10.5390771932165 39 171
17.3983475917784 59 262
30.2176470847346 81 451
3.58590013683387 36 120
0 20 0
0 20 0
0.207981576701593 23 3
6.56606117455554 43 129
0 20 0
28.3863607273641 81 446
17.6897893711513 56 307
0.591000631159132 27 21
21.1334600184685 68 367
15.8995417339043 55 291
0.591000631159132 27 21
21.3067388475821 57 324
6.67700549687201 38 153
12.49095342949 48 207
21.3067388475821 57 324
32.9396333489474 70 181
11.8620004967383 44 181
0 20 0
0 20 0
2.81243282969987 35 105
0 20 0
32.9355646719532 78 269
10.0499616955268 50 172
3.58590013683387 36 120
0 20 0
0 20 0
6.67700549687201 38 153
0 20 0
17.2567549499381 64 305
0 20 0
0 20 0
0 20 0
0 20 0
10.5390771932165 39 171
0.871762514311206 29 36
12.9420208201023 50 226
10.5390771932165 39 171
10.5390771932165 39 171
0 20 0
36.0922876626751 86 470
27.9040390308169 72 427
0 20 0
0 20 0
12.9420208201023 50 226
10.5390771932165 39 171
0 20 0
3.59479832190079 31 25
25.9782233458398 77 370
0 20 0
22.4976361292115 66 340
0 20 0
0 20 0
0 20 0
59.0351931418721 113 695
0 20 0
15.1694548326755 59 190
14.8340137738324 54 276
7.08189513633083 39 55
0 20 0
10.5390771932165 39 171
10.5390771932165 39 171
0 20 0
37.2703233537329 92 510
32.2994863964045 74 460
0 20 0
0 20 0
12.3115165297061 47 199
3.75947604681399 36 57
0.871762514311206 29 36
1.04936731567358 30 45
23.7471553416109 63 339
1.26187293832938 31 55
0 20 0
0 20 0
0 20 0
20.4766989352135 62 292
10.5390771932165 39 171
21.3067388475821 57 324
31.2481714137301 79 448
0 20 0
15.8995417339043 55 291
0 20 0
20.4766989352135 62 292
1.52101004254199 32 66
21.3067388475821 57 324
10.5390771932165 39 171
15.8995417339043 55 291
0 20 0
10.5390771932165 39 171
0 20 0
15.0847834515872 61 227
27.7786408863727 77 382
27.2738010212695 72 429
1.52101004254199 32 66
10.5390771932165 39 171
0 20 0
0 20 0
0 20 0
51.9991758095737 108 560
9.83199564869258 50 187
0 20 0
0 20 0
6.67700549687201 38 153
10.5390771932165 39 171
35.0163765003767 84 421
17.3561561555591 63 289
21.3067388475821 57 324
0.720919297353916 28 28
3.58590013683387 36 120
13.2008899163225 54 273
25.1917120938253 74 352
0 20 0
0 20 0
10.5390771932165 39 171
45.0053312725376 99 606
0 20 0
4.74538655425108 37 136
0 20 0
0 20 0
17.6897893711513 56 307
0.207981576701593 23 3
0 20 0
10.5390771932165 39 171
0 20 0
0 20 0
0.288519555385556 24 6
2.25231278387149 36 72
10.5390771932165 39 171
58.8149674602002 113 683
10.5390771932165 39 171
0.871762514311206 29 36
9.27661741344637 50 219
8.22102828856926 46 134
14.08498669161 53 256
13.2008899163225 54 273
0 20 0
0 20 0
6.67700549687201 38 153
0.871762514311206 29 36
10.5390771932165 39 171
0 20 0
11.7237185904591 43 177
26.6407274610996 71 234
0 20 0
0 20 0
6.67700549687201 38 153
1.52101004254199 32 66
7.99493959133865 43 121
0 20 0
0 20 0
17.6897893711513 56 307
21.3067388475821 57 324
0 20 0
17.6897893711513 56 307
0 20 0
11.4329775308258 41 172
12.49095342949 48 207
2.81243282969987 35 105
10.5390771932165 39 171
15.8995417339043 55 291
10.5390771932165 39 171
0 20 0
10.5390771932165 39 171
34.1853243503011 79 378
0 20 0
0 20 0
0 20 0
10.5390771932165 39 171
0 20 0
30.7301581628091 73 368
16.1096540916545 56 199
0 20 0
16.6684367521476 55 289
0 20 0
0 20 0
32.2994863964045 74 460
21.3067388475821 57 324
0.477694812032373 26 15
21.3067388475821 57 324
18.2850305543465 67 230
0 20 0
2.81243282969987 35 105
12.3225068275259 51 225
0 20 0
14.08498669161 53 256
10.5390771932165 39 171
0 20 0
14.08498669161 53 256
65.5332963137513 122 717
27.0172099355684 75 388
27.9040390308169 72 427
18.0409829668986 56 235
0.591000631159132 27 21
17.1408289774943 66 339
14.3775856480894 46 180
3.08656182868694 38 76
35.2341856202521 84 487
37.3248637037441 81 439
10.5390771932165 39 171
28.9253916498205 73 444
32.9096006522184 83 440
3.58590013683387 36 120
0 20 0
10.5390771932165 39 171
4.74538655425108 37 136
10.5390771932165 39 171
4.74538655425108 37 136
0 20 0
48.034006040176 99 550
4.74538655425108 37 136
0 20 0
2.81243282969987 35 105
14.08498669161 53 256
10.5390771932165 39 171
16.6684367521476 55 289
0 20 0
10.5390771932165 39 171
27.0440572473787 71 382
17.6897893711513 56 307
26.2991175442564 71 415
16.3301646158173 60 277
0 20 0
0 20 0
0 20 0
17.3561561555591 63 289
21.3067388475821 57 324
4.74538655425108 37 136
0 20 0
10.5390771932165 39 171
0.207981576701593 23 3
0 20 0
0.871762514311206 29 36
0 20 0
83.2304074430986 134 765
0 20 0
5.67959173109487 37 64
0 20 0
13.6222487283462 52 249
10.5390771932165 39 171
0 20 0
10.5390771932165 39 171
12.3115165297061 47 199
16.6684367521476 55 289
25.8915850961338 76 377
0 20 0
10.5390771932165 39 171
6.67700549687201 38 153
14.652672101297 57 163
11.5828230859123 42 174
0 20 0
0 20 0
51.8392094435136 105 613
0 20 0
10.5390771932165 39 171
3.65980429462714 40 115
0 20 0
8.15056896170903 50 214
29.2687952136755 79 420
9.84973641222252 47 169
14.1270463175231 53 262
21.3067388475821 57 324
0 20 0
0 20 0
6.67700549687201 38 153
7.05342423669833 46 157
9.84973641222252 47 169
0.377724486136616 25 10
13.6077051409709 40 35
10.5390771932165 39 171
2.25950040584578 34 91
6.68435450878832 48 186
32.4425565960009 73 233
0 20 0
0 20 0
0 20 0
74.7181786988303 122 625
6.67700549687201 38 153
10.5390771932165 39 171
0 20 0
0 20 0
0 20 0
10.5390771932165 39 171
10.5390771932165 39 171
10.5390771932165 39 171
0.288519555385556 24 6
0 20 0
0 20 0
10.5390771932165 39 171
21.3067388475821 57 324
0.134286563891161 22 1
0 20 0
28.9253916498205 73 444
10.5390771932165 39 171
20.4694344956201 65 343
0 20 0
0 20 0
18.6348857702456 64 327
4.38553168701308 39 95
0.591000631159132 27 21
0 20 0
27.40206808798 78 306
0 20 0
0 20 0
0 20 0
9.13445953084883 51 227
10.5390771932165 39 171
3.58590013683387 36 120
37.9321743620383 88 423
0 20 0
21.3067388475821 57 324
0 20 0
0 20 0
44.8345026478862 96 559
10.5390771932165 39 171
0 20 0
17.5744537170772 59 297
0 20 0
13.2008899163225 54 273
10.5390771932165 39 171
0 20 0
10.5390771932165 39 171
30.7317431088993 84 409
0 20 0
8.87461207854018 45 144
10.5390771932165 39 171
6.67700549687201 38 153
21.3067388475821 57 324
6.67700549687201 38 153
6.67700549687201 38 153
31.0637124767896 82 458
1.89876682859188 34 51
0 20 0
4.74538655425108 37 136
10.4499987745529 52 244
0 20 0
6.67700549687201 38 153
10.5390771932165 39 171
1.04936731567358 30 45
0 20 0
1.04936731567358 30 45
0 20 0
1.84435306032293 33 78
29.4239253941181 75 370
32.6407624676119 86 435
10.5390771932165 39 171
0 20 0
1.22078234157896 26 7
0 20 0
17.6897893711513 56 307
17.6897893711513 56 307
13.6181101457452 44 175
0 20 0
21.8553930820517 71 352
0 20 0
16.1096540916545 56 199
29.0741296323725 70 360
0.377724486136616 25 10
1.84435306032293 33 78
0 20 0
6.67700549687201 38 153
0 20 0
0 20 0
29.2161208401919 80 427
20.4766989352135 62 292
16.4070480626438 62 196
21.3067388475821 57 324
19.6153918248361 60 271
47.7437951164969 100 478
0 20 0
12.9420208201023 50 226
0 20 0
0 20 0
0 20 0
9.18420185794997 50 211
9.08203186301209 41 56
0.591000631159132 27 21
1.26187293832938 31 55
17.3440064782531 66 336
19.0132793757206 62 310
0 20 0
0 20 0
0 20 0
10.8116732787722 52 185
0 20 0
17.1408289774943 66 339
7.99493959133865 43 121
1.26187293832938 31 55
10.5390771932165 39 171
0 20 0
6.39975672800623 48 166
8.18222228286801 46 181
0 20 0
3.83461932686438 41 120
12.0027783807377 45 186
4.74538655425108 37 136
10.4354691692688 53 184
0 20 0
0 20 0
0 20 0
0 20 0
26.7591135285942 70 380
10.5390771932165 39 171
10.5390771932165 39 171
79.4559222118693 131 697
16.6684367521476 55 289
33.3077287896227 84 485
0 20 0
22.0259117320486 73 350
0 20 0
11.4329775308258 41 172
21.3067388475821 57 324
17.6897893711513 56 307
14.08498669161 53 256
10.9695760129356 49 196
19.916369458766 74 360
6.67700549687201 38 153
0 20 0
12.6973445196503 49 216
21.2761036516434 65 316
14.08498669161 53 256
21.3067388475821 57 324
38.1140647739462 90 480
8.15056896170903 50 214
0 20 0
27.9040390308169 72 427
0 20 0
3.58590013683387 36 120
24.089403633604 66 308
8.29219532027916 34 20
15.9179173160401 57 169
35.3376479876828 87 424
10.5390771932165 39 171
11.4784590511344 53 258
0 20 0
2.21151086866369 30 21
10.5390771932165 39 171
15.3592515583157 57 252
0 20 0
15.8995417339043 55 291
15.8995417339043 55 291
0 20 0
10.5390771932165 39 171
10.5390771932165 39 171
13.2416569220991 51 237
11.4329775308258 41 172
0 20 0
23.7471553416109 63 339
0 20 0
53.5915280149895 107 596
49.850004625627 106 611
40.3794307685396 89 565
41.9046391791173 94 461
25.6936252084928 70 362
10.5390771932165 39 171
6.67700549687201 38 153
0 20 0
0 20 0
0 20 0
12.3670243509819 57 177
6.67700549687201 38 153
0.720919297353916 28 28
0 20 0
1.89876682859188 34 51
10.5390771932165 39 171
0.720919297353916 28 28
6.67700549687201 38 153
1.84435306032293 33 78
8.90756792254329 49 208
16.8117986977864 48 75
4.74538655425108 37 136
21.5983133098518 62 298
0 20 0
1.26187293832938 31 55
0 20 0
13.6222487283462 52 249
16.2982637121957 58 254
0 20 0
0 20 0
0 20 0
9.84973641222252 47 169
46.6765138403208 92 581
10.5390771932165 39 171
26.2991175442564 71 415
0 20 0
14.08498669161 53 256
13.2008899163225 54 273
73.3057284852967 124 650
0 20 0
2.81243282969987 35 105
6.67700549687201 38 153
1.08329137559427 28 16
51.0254915795309 103 656
3.58590013683387 36 120
0 20 0
0 20 0
41.0520120159349 95 452
0 20 0
14.8340137738324 54 276
10.5390771932165 39 171
0 20 0
3.58590013683387 36 120
30.6387510021334 84 405
10.5390771932165 39 171
17.0974803677431 48 181
8.01053380938756 45 174
13.2008899163225 54 273
13.2416569220991 51 237
14.08498669161 53 256
37.3153729115287 86 514
0.288519555385556 24 6
0 20 0
24.6785876487373 71 412
0 20 0
0 20 0
0 20 0
10.5390771932165 39 171
0 20 0
10.5390771932165 39 171
11.7237185904591 43 177
1.46645702852779 32 46
16.6684367521476 55 289
0.288519555385556 24 6
30.4412355196492 78 394
0 20 0
24.9538781443922 62 155
0 20 0
21.0851249994339 67 362
0 20 0
8.61729026720453 48 198
0 20 0
20.4766989352135 62 292
14.08498669161 53 256
0 20 0
6.68435450878832 48 186
28.0036533348207 81 400
0 20 0
0 20 0
10.5390771932165 39 171
0 20 0
8.11549136415545 38 46
0 20 0
10.5390771932165 39 171
0 20 0
0.591000631159132 27 21
0 20 0
21.3067388475821 57 324
2.24213496058262 27 9
0.288519555385556 24 6
21.2761036516434 65 316
2.21151086866369 30 21
44.3664377067407 89 494
0 20 0
27.777090326059 73 399
0 20 0
12.6607952255488 57 197
0 20 0
15.5300528785477 61 270
32.2994863964045 74 460
0 20 0
0 20 0
10.5390771932165 39 171
10.5390771932165 39 171
21.3067388475821 57 324
0 20 0
0 20 0
3.58590013683387 36 120
10.9695760129356 49 196
10.5390771932165 39 171
10.5390771932165 39 171
23.9283223124241 64 345
27.0763829286818 80 435
6.67700549687201 38 153
7.99493959133865 43 121
1.44782368746963 30 24
35.0975159518218 78 251
29.0853877793918 82 460
0 20 0
1.04936731567358 30 45
0 20 0
21.3067388475821 57 324
17.6897893711513 56 307
39.6762062242344 91 402
0 20 0
0 20 0
10.5390771932165 39 171
0.207981576701593 23 3
32.5048533279975 81 472
24.1183981390972 65 352
0 20 0
0 20 0
0 20 0
0 20 0
34.112090125459 89 463
1.26187293832938 31 55
23.0937393026069 70 398
0 20 0
13.0462966228771 62 226
41.6387085677335 90 517
17.055741509803 61 297
0 20 0
0.134286563891161 22 1
48.3297707908586 102 497
10.5390771932165 39 171
0 20 0
31.4586758151755 82 464
0 20 0
0 20 0
10.5390771932165 39 171
16.6684367521476 55 289
0 20 0
0.720919297353916 28 28
26.8826864118132 71 409
27.4558516013334 81 364
17.6897893711513 56 307
33.7426734265961 85 435
0 20 0
11.5828230859123 42 174
0 20 0
13.6222487283462 52 249
0 20 0
1.26187293832938 31 55
17.852125923304 59 217
0 20 0
22.63588241073 69 378
10.5390771932165 39 171
1.04936731567358 30 45
0 20 0
10.5390771932165 39 171
0 20 0
5.27956746259754 43 118
36.8645118902382 90 502
28.9253916498205 73 444
0 20 0
0 20 0
15.8995417339043 55 291
0 20 0
23.6446909366811 68 361
30.4621480899902 79 437
0 20 0
13.6222487283462 52 249
0 20 0
23.5237845753868 68 231
26.8826864118132 71 409
0 20 0
0 20 0
0 20 0
4.74538655425108 37 136
0 20 0
3.58590013683387 36 120
11.9635677947001 47 109
0 20 0
0.288519555385556 24 6
10.5390771932165 39 171
2.24213496058262 27 9
1.26187293832938 31 55
0 20 0
10.5390771932165 39 171
27.9040390308169 72 427
0 20 0
18.5904479393618 59 280
0 20 0
16.6684367521476 55 289
54.9437160151583 105 685
10.5390771932165 39 171
23.6446909366811 68 361
8.87461207854018 45 144
0 20 0
0 20 0
12.3225068275259 51 225
0 20 0
8.15983123866211 36 29
0 20 0
0 20 0
0 20 0
11.5828230859123 42 174
0 20 0
1.84435306032293 33 78
22.9342993728541 73 305
0 20 0
20.257831641309 67 349
14.2739332557651 55 182
14.8340137738324 54 276
14.9347690928396 57 141
10.5390771932165 39 171
0 20 0
3.58590013683387 36 120
31.1859890693675 87 438
3.58590013683387 36 120
27.4649696676541 75 290
4.74538655425108 37 136
10.5390771932165 39 171
10.5390771932165 39 171
24.6785876487373 71 412
0 20 0
32.2994863964045 74 460
12.3115165297061 47 199
21.3067388475821 57 324
11.4329775308258 41 172
0 20 0
4.74538655425108 37 136
10.5390771932165 39 171
0 20 0
10.5390771932165 39 171
0 20 0
0 20 0
0 20 0
20.265144719563 73 356
21.3067388475821 57 324
48.5762960299885 107 620
0 20 0
0 20 0
14.8340137738324 54 276
21.5317239188921 62 202
10.5390771932165 39 171
29.9277957213237 84 433
32.2994863964045 74 460
0 20 0
12.3225068275259 51 225
28.9253916498205 73 444
10.5390771932165 39 171
30.1646364503639 86 423
0 20 0
15.8995417339043 55 291
0 20 0
15.8995417339043 55 291
15.8995417339043 55 291
26.8826864118132 71 409
6.67700549687201 38 153
0 20 0
14.3460169826791 63 296
19.4703698090748 62 172
10.5390771932165 39 171
10.5390771932165 39 171
0 20 0
0.377724486136616 25 10
0 20 0
16.1516272240973 53 206
26.2991175442564 71 415
3.55510249050402 41 112
0.207981576701593 23 3
10.5390771932165 39 171
0 20 0
0 20 0
0 20 0
0 20 0
9.60957570323422 56 219
0.207981576701593 23 3
32.2994863964045 74 460
10.5390771932165 39 171
22.0801305032354 74 316
18.4686061477698 59 295
57.2627077035788 106 633
0 20 0
21.3067388475821 57 324
21.2761036516434 65 316
44.4764744534756 97 505
6.67700549687201 38 153
0 20 0
35.2341856202521 84 487
0 20 0
0 20 0
37.3153729115287 86 514
16.6668570171362 62 214
0 20 0
0 20 0
2.81243282969987 35 105
18.3775087745627 64 303
10.5390771932165 39 171
11.8620004967383 44 181
33.6732553864917 84 349
0 20 0
0 20 0
0 20 0
10.5390771932165 39 171
0 20 0
0 20 0
31.0755103705814 78 406
15.8995417339043 55 291
11.4784590511344 53 258
10.7794319991067 52 241
12.9420208201023 50 226
4.74538655425108 37 136
46.9400341339792 97 551
7.23998198518141 47 160
36.4856182975334 87 442
10.5390771932165 39 171
17.6897893711513 56 307
0 20 0
10.5390771932165 39 171
17.6897893711513 56 307
0.477694812032373 26 15
8.18222228286801 46 181
16.0370590074212 66 256
10.5390771932165 39 171
21.3067388475821 57 324
4.74538655425108 37 136
14.8340137738324 54 276
0 20 0
0 20 0
0 20 0
8.90756792254329 49 208
0 20 0
2.24213496058262 27 9
1.52101004254199 32 66
0 20 0
28.9253916498205 73 444
32.9527424659557 81 445
6.67700549687201 38 153
17.6897893711513 56 307
17.3983475917784 59 262
13.6222487283462 52 249
0 20 0
5.54620336336289 42 111
6.67700549687201 38 153
11.4784590511344 53 258
0 20 0
0 20 0
18.129551229233 70 274
26.8826864118132 71 409
10.7794319991067 52 241
6.67700549687201 38 153
0 20 0
23.5675021030856 62 334
7.11028658700613 42 140
21.3067388475821 57 324
0 20 0
0 20 0
0 20 0
25.4592459789753 70 396
1.22078234157896 26 7
0.207981576701593 23 3
0 20 0
23.1543324597442 69 217
2.21598365200148 34 46
16.6684367521476 55 289
1.52101004254199 32 66
10.9695760129356 49 196
0 20 0
2.81243282969987 35 105
6.67700549687201 38 153
10.5390771932165 39 171
8.11549136415545 38 46
0.288519555385556 24 6
4.74538655425108 37 136
20.1776013862023 65 315
1.26187293832938 31 55
0 20 0
11.4329775308258 41 172
11.7982008739325 60 259
1.04936731567358 30 45
1.04936731567358 30 45
0 20 0
10.5390771932165 39 171
10.5390771932165 39 171
21.7841717467227 62 182
11.5131474023862 50 100
15.8995417339043 55 291
43.5133355101349 90 580
0 20 0
0 20 0
6.67700549687201 38 153
12.3225068275259 51 225
0 20 0
0 20 0
1.04936731567358 30 45
0 20 0
0 20 0
24.5943860552361 74 390
0 20 0
0 20 0
0 20 0
29.4239253941181 75 370
12.49095342949 48 207
0 20 0
10.5390771932165 39 171
0 20 0
21.3067388475821 57 324
0 20 0
0 20 0
0 20 0
0 20 0
10.9695760129356 49 196
10.5390771932165 39 171
18.8263605558207 61 304
0 20 0
24.3260280182833 66 360
22.9587982710749 59 325
0 20 0
0 20 0
0.720919297353916 28 28
46.2224156651831 99 440
0 20 0
4.60823232916366 42 135
0 20 0
0 20 0
15.4785863031358 56 205
13.9462413474062 46 74
45.3403227962031 90 383
13.329989787314 47 187
10.5390771932165 39 171
0 20 0
13.6181101457452 44 175
10.5390771932165 39 171
0 20 0
0 20 0
3.58722824465204 40 94
24.6785876487373 71 412
10.5390771932165 39 171
28.9253916498205 73 444
0 20 0
0 20 0
0 20 0
10.5390771932165 39 171
6.56606117455554 43 129
10.5390771932165 39 171
0 20 0
17.6897893711513 56 307
6.67700549687201 38 153
10.5390771932165 39 171
0 20 0
18.8096522534718 58 252
17.6897893711513 56 307
4.74538655425108 37 136
43.5738838226705 97 439
10.5390771932165 39 171
0 20 0
13.2008899163225 54 273
21.3067388475821 57 324
4.74538655425108 37 136
7.45836896205531 41 156
18.9362420173174 61 265
0 20 0
0 20 0
5.40414423174888 40 139
0 20 0
0 20 0
0 20 0
0 20 0
10.2025364766694 38 34
21.3067388475821 57 324
0 20 0
28.5501303824677 79 410
0 20 0
3.58590013683387 36 120
6.67700549687201 38 153
30.516089721845 80 447
13.2008899163225 54 273
58.3384329075208 114 709
38.7951156275762 83 342
0 20 0
0 20 0
0 20 0
0 20 0
3.58590013683387 36 120
0.288519555385556 24 6
10.5390771932165 39 171
15.8995417339043 55 291
1.52101004254199 32 66
5.59986611453142 46 116
10.5390771932165 39 171
0 20 0
22.049218740038 74 348
0 20 0
45.5679010991285 95 455
46.86582293399 101 533
0 20 0
10.5390771932165 39 171
10.5390771932165 39 171
8.38084523188805 47 189
10.5390771932165 39 171
0 20 0
6.67700549687201 38 153
18.0409829668986 56 235
1.53628287006595 32 39
3.58590013683387 36 120
54.9437160151583 105 685
6.67700549687201 38 153
4.61697652586055 44 141
3.58590013683387 36 120
24.6389680394874 69 229
0 20 0
23.6446909366811 68 361
25.8047702331283 65 317
10.5390771932165 39 171
1.04936731567358 30 45
0 20 0
0 20 0
0 20 0
0 20 0
16.6684367521476 55 289
24.664701735886 74 346
2.25950040584578 34 91
19.3032998813795 59 310
5.54620336336289 42 111
0 20 0
4.74538655425108 37 136
0 20 0
0 20 0
10.9695760129356 49 196
8.38084523188805 47 189
4.74538655425108 37 136
10.5390771932165 39 171
7.71838333338204 43 163
1.84435306032293 33 78
0.871762514311206 29 36
33.3555752842022 80 341
21.3067388475821 57 324
23.6572350297337 70 394
0 20 0
6.67700549687201 38 153
37.0487406625463 86 520
21.3067388475821 57 324
12.150878877577 46 192
16.8343654316889 59 277
0 20 0
0 20 0
5.00794808142273 44 148
0 20 0
0 20 0
16.9050021090396 60 273
0 20 0
36.167063432775 88 366
21.5317239188921 62 202
21.3067388475821 57 324
0 20 0
0.134286563891161 22 1
0 20 0
0 20 0
33.0549200297374 90 480
19.1172552756195 65 287
0 20 0
10.5390771932165 39 171
9.27661741344637 50 219
24.8437437787724 68 379
2.46828704380509 37 76
18.3996548265301 64 218
0.207981576701593 23 3
0 20 0
0 20 0
0 20 0
10.5390771932165 39 171
14.8340137738324 54 276
0 20 0
15.5753944789755 56 259
11.7237185904591 43 177
0 20 0
0 20 0
14.8340137738324 54 276
0 20 0
10.5390771932165 39 171
0 20 0
16.6855343484526 61 290
0 20 0
0 20 0
11.2484996409979 49 128
7.99493959133865 43 121
0 20 0
12.3225068275259 51 225
7.32774862681793 40 154
15.6636839295499 62 280
0 20 0
0 20 0
0 20 0
2.04078238590984 35 61
0 20 0
10.9695760129356 49 196
25.2128790211697 75 373
39.1587229103499 82 273
43.5133355101349 90 580
31.0939535830069 81 465
9.78417271425878 51 201
54.9437160151583 105 685
0 20 0
32.9854322588461 84 395
0 20 0
13.2008899163225 54 273
0 20 0
10.5390771932165 39 171
0 20 0
0 20 0
25.7687035156638 78 412
0 20 0
0 20 0
0.288519555385556 24 6
1.84435306032293 33 78
21.3067388475821 57 324
2.81243282969987 35 105
6.67700549687201 38 153
0 20 0
14.8340137738324 54 276
10.5390771932165 39 171
0 20 0
6.67700549687201 38 153
9.18420185794997 50 211
32.2994863964045 74 460
10.5390771932165 39 171
0 20 0
0 20 0
10.5390771932165 39 171
37.3904509797563 86 526
0 20 0
30.3089698374684 80 398
0 20 0
0 20 0
10.5390771932165 39 171
0 20 0
0 20 0
0 20 0
0 20 0
0 20 0
11.8327992198163 54 242
3.08656182868694 38 76
0 20 0
17.6897893711513 56 307
9.7658863014536 51 231
0 20 0
99.9259273035161 152 875
10.5390771932165 39 171
0 20 0
0 20 0
31.0755103705814 78 406
40.7433582829055 92 513
10.5390771932165 39 171
0 20 0
43.5133355101349 90 580
11.1360166975873 57 227
0 20 0
4.55094798162185 31 17
0 20 0
0 20 0
14.3775856480894 46 180
21.3067388475821 57 324
24.8294533408984 75 395
13.9280121140217 47 184
13.2008899163225 54 273
3.58590013683387 36 120
15.8995417339043 55 291
71.2735203824075 125 648
13.2008899163225 54 273
0 20 0
0 20 0
13.8220137140739 58 172
10.9695760129356 49 196
32.2681767139083 85 425
43.1680849569062 97 563
0 20 0
0 20 0
21.3067388475821 57 324
0 20 0
0 20 0
0 20 0
26.8826864118132 71 409
1.84435306032293 33 78
5.65804832080177 45 146
0 20 0
23.0937393026069 70 398
0 20 0
0 20 0
7.99493959133865 43 121
0 20 0
0 20 0
0 20 0
16.3301646158173 60 277
0 20 0
0 20 0
6.41353825729147 39 81
19.7675803935398 65 328
6.67700549687201 38 153
0 20 0
0 20 0
2.25950040584578 34 91
0.591000631159132 27 21
6.67700549687201 38 153
0 20 0
15.8995417339043 55 291
0 20 0
7.13847861965845 35 25
16.6684367521476 55 289
4.05530465268839 38 121
10.5390771932165 39 171
11.8133432301836 54 210
7.99493959133865 43 121
10.5390771932165 39 171
11.8620004967383 44 181
6.67700549687201 38 153
15.8995417339043 55 291
29.1124829465418 73 223
0 20 0
39.3075094419925 95 540
1.84435306032293 33 78
0.288519555385556 24 6
13.6222487283462 52 249
10.9344973786188 44 65
37.3153729115287 86 514
43.5133355101349 90 580
10.5390771932165 39 171
2.81243282969987 35 105
9.7658863014536 51 231
2.25950040584578 34 91
12.3115165297061 47 199
0 20 0
35.35043402763 86 518
10.5390771932165 39 171
0 20 0
10.5390771932165 39 171
10.5390771932165 39 171
0 20 0
23.3775914202064 67 248
20.4766989352135 62 292
37.5721433062691 88 411
0 20 0
0 20 0
4.74538655425108 37 136
11.4662395338999 49 178
29.5132395112748 80 433
0 20 0
3.77066604711576 39 83
4.74538655425108 37 136
0 20 0
27.2738010212695 72 429
33.8996201380875 85 505
0 20 0
0 20 0
0 20 0
0 20 0
0 20 0
8.00135697139651 48 183
10.5390771932165 39 171
7.62063750547345 49 198
12.9420208201023 50 226
10.5390771932165 39 171
1.26187293832938 31 55
0 20 0
0 20 0
0 20 0
16.6684367521476 55 289
27.9084444498467 72 337
2.25950040584578 34 91
10.5390771932165 39 171
1.84435306032293 33 78
10.5390771932165 39 171
25.6514130779945 70 290
0 20 0
4.74538655425108 37 136
0 20 0
16.6684367521476 55 289
0 20 0
30.6571118295256 84 403
0.288519555385556 24 6
31.4586758151755 82 464
42.3229957015797 93 511
18.1057343537937 59 258
10.5390771932165 39 171
16.5660080783139 52 207
37.3153729115287 86 514
0 20 0
10.5390771932165 39 171
10.5390771932165 39 171
18.8767714846504 66 256
18.3685698727344 63 319
33.8925467177894 84 451
10.5390771932165 39 171
0.871762514311206 29 36
0 20 0
10.5390771932165 39 171
28.9253916498205 73 444
0 20 0
33.7374637884227 88 463
21.3067388475821 57 324
18.8925000403711 65 290
51.5037716281718 97 430
10.9695760129356 49 196
46.7364066267009 99 574
1.55921621406959 25 4
0 20 0
0.477694812032373 26 15
10.5390771932165 39 171
59.8363200792038 114 701
10.5390771932165 39 171
1.52101004254199 32 66
0.134286563891161 22 1
0 20 0
21.3067388475821 57 324
2.81243282969987 35 105
0 20 0
12.3225068275259 51 225
21.3067388475821 57 324
0 20 0
22.1977538177653 63 208
77.0462992071588 122 570
58.295769930497 108 570
0 20 0
6.52125973312486 47 171
21.3067388475821 57 324
0 20 0
38.5682332590116 89 491
0 20 0
21.3067388475821 57 324
0.288519555385556 24 6
18.621953072162 65 322
0.720919297353916 28 28
0 20 0
17.6897893711513 56 307
0 20 0
10.5390771932165 39 171
3.58590013683387 36 120
0 20 0
16.8756929202238 56 241
4.74538655425108 37 136
40.6405201816648 94 532
0 20 0
0 20 0
2.25950040584578 34 91
0 20 0
6.67700549687201 38 153
0 20 0
0 20 0
7.62063750547345 49 198
21.3067388475821 57 324
1.26187293832938 31 55
2.24213496058262 27 9
12.1944357572094 51 189
17.6897893711513 56 307
5.6608099391842 34 28
18.3099675602608 59 202
17.6897893711513 56 307
0 20 0
27.2738010212695 72 429
10.5390771932165 39 171
0 20 0
9.55391941908906 50 199
16.1096540916545 56 199
17.1408289774943 66 339
21.3067388475821 57 324
10.5390771932165 39 171
0 20 0
0 20 0
28.9253916498205 73 444
3.58590013683387 36 120
12.49095342949 48 207
0 20 0
10.5390771932165 39 171
1.04936731567358 30 45
0 20 0
0 20 0
16.6684367521476 55 289
0 20 0
22.4976361292115 66 340
21.3067388475821 57 324
14.8340137738324 54 276
13.72080377986 55 189
21.3067388475821 57 324
11.8620004967383 44 181
15.2331434225192 54 222
102.722245597318 154 888
1.04936731567358 30 45
15.8995417339043 55 291
0 20 0
0 20 0
20.4694344956201 65 343
10.4338828811359 55 233
0 20 0
10.5390771932165 39 171
10.5390771932165 39 171
2.24268727992891 35 79
21.3067388475821 57 324
10.5390771932165 39 171
25.5504530660663 78 402
14.1270463175231 53 262
10.5390771932165 39 171
0.871762514311206 29 36
10.4499987745529 52 244
23.9283223124241 64 345
2.91843354299513 29 16
10.5390771932165 39 171
11.8620004967383 44 181
6.67700549687201 38 153
31.5674605431152 85 413
2.81243282969987 35 105
52.9038940023874 110 587
0.591000631159132 27 21
0.871762514311206 29 36
10.5390771932165 39 171
0.207981576701593 23 3
0 20 0
0.134286563891161 22 1
0 20 0
10.5390771932165 39 171
26.8941312520459 79 413
0 20 0
53.8850287355414 101 605
21.3067388475821 57 324
20.0654821457149 57 127
10.5390771932165 39 171
64.4705138491477 120 624
0 20 0
0 20 0
10.5390771932165 39 171
1.55921621406959 25 4
10.5390771932165 39 171
8.00135697139651 48 183
27.3987084956578 80 437
21.3067388475821 57 324
6.67700549687201 38 153
23.5413996062878 66 244
0 20 0
0 20 0
3.39911403113301 36 59
12.3115165297061 47 199
0 20 0
0 20 0
6.67700549687201 38 153
0 20 0
14.1270463175231 53 262
4.32261894441017 41 102
0 20 0
6.67700549687201 38 153
46.1682885286498 97 581
0 20 0
0 20 0
26.1592031872982 78 287
21.2973554312238 69 307
0 20 0
2.81243282969987 35 105
50.5471753106483 99 506
15.8995417339043 55 291
0 20 0
17.6897893711513 56 307
21.3067388475821 57 324
3.65980429462714 40 115
13.2008899163225 54 273
0 20 0
51.6623956966334 108 534
21.3067388475821 57 324
30.5279512487534 84 430
12.850955321383 49 170
0 20 0
1.26187293832938 31 55
0 20 0
0 20 0
6.16594292106265 45 164
0 20 0
9.84973641222252 47 169
13.6222487283462 52 249
10.5390771932165 39 171
27.9040390308169 72 427
0 20 0
28.9253916498205 73 444
2.81243282969987 35 105
21.3067388475821 57 324
0 20 0
0 20 0
6.67700549687201 38 153
13.9280121140217 47 184
10.5390771932165 39 171
2.25950040584578 34 91
0 20 0
0 20 0
0 20 0
15.8995417339043 55 291
0 20 0
32.2994863964045 74 460
7.50620465562874 49 182
23.6446909366811 68 361
6.67700549687201 38 153
4.74538655425108 37 136
13.6222487283462 52 249
28.0081077081358 77 284
70.4616674947952 124 714
12.3225068275259 51 225
39.1149518505922 92 506
34.2163622182758 86 395
6.39292510494885 46 172
10.5390771932165 39 171
0 20 0
1.26187293832938 31 55
0 20 0
0 20 0
6.67700549687201 38 153
44.3013841628168 97 475
6.41353825729147 39 81
2.25950040584578 34 91
1.04936731567358 30 45
0 20 0
0 20 0
10.5390771932165 39 171
0 20 0
17.6897893711513 56 307
0 20 0
34.3290814086264 85 503
21.3067388475821 57 324
2.35308442298803 33 38
0 20 0
9.18420185794997 50 211
0 20 0
1.26187293832938 31 55
0 20 0
10.5390771932165 39 171
0 20 0
0 20 0
4.74538655425108 37 136
32.8782675190838 84 487
47.1921057589722 101 565
0 20 0
0 20 0
34.3290814086264 85 500
34.2219457050635 85 507
25.1944059164829 69 390
32.2754892934057 78 424
6.67700549687201 38 153
0 20 0
31.8685039668685 81 383
0.207981576701593 23 3
10.5390771932165 39 171
0 20 0
15.8414967336205 50 196
0 20 0
0 20 0
13.2008899163225 54 273
0 20 0
3.58590013683387 36 120
0 20 0
7.18096875483881 41 100
1.04936731567358 30 45
0 20 0
14.08498669161 53 256
10.5390771932165 39 171
0 20 0
9.55391941908906 50 199
21.7929524540409 72 352
32.2994863964045 74 460
17.6493812842356 59 235
32.2994863964045 74 460
19.3401658246241 62 274
0 20 0
0 20 0
5.27426397893389 45 156
10.5390771932165 39 171
0 20 0
30.1067403983954 83 478
0 20 0
0.477694812032373 26 15
4.74538655425108 37 136
0 20 0
10.5390771932165 39 171
0 20 0
10.5390771932165 39 171
38.8632957048405 88 551
15.8995417339043 55 291
0 20 0
0 20 0
1.84435306032293 33 78
0 20 0
0 20 0
10.5390771932165 39 171
0 20 0
0.288519555385556 24 6
10.5390771932165 39 171
1.84435306032293 33 78
6.2515428482549 44 133
0.477694812032373 26 15
25.5150668612266 72 353
11.4329775308258 41 172
4.74538655425108 37 136
21.3067388475821 57 324
6.67700549687201 38 153
10.5390771932165 39 171
0 20 0
0 20 0
1.84435306032293 33 78
6.67700549687201 38 153
0 20 0
23.5675021030856 62 334
32.0322021270288 83 484
10.9695760129356 49 196
13.6222487283462 52 249
10.5390771932165 39 171
10.5390771932165 39 171
10.5390771932165 39 171
0 20 0
0 20 0
0 20 0
0 20 0
0 20 0
6.67700549687201 38 153
0 20 0
5.7271275277675 42 114
10.5390771932165 39 171
18.8619318226858 63 304
21.3067388475821 57 324
6.05995187663817 47 175
61.5991274547262 117 680
13.2008899163225 54 273
6.67700549687201 38 153
6.39292510494885 46 172
1.08329137559427 28 16
0 20 0
0 20 0
0 20 0
48.2353381306143 104 584
25.655106433799 70 402
15.5679364424429 64 263
10.7794319991067 52 241
0 20 0
0 20 0
0 20 0
0 20 0
5.5723006006255 32 19
34.2219457050635 85 507
10.5390771932165 39 171
0 20 0
13.2416569220991 51 237
3.58590013683387 36 120
21.3067388475821 57 324
1.84435306032293 33 78
0 20 0
