"COLLES.MDM.LN" "SACKIN" "COPHENETIC"
22.9112491289578 87 903
9.10716199572482 75 225
10.4582660555301 107 1033
10.1297638097492 103 843
0 44 0
1.49250178513032 70 325
0 44 0
11.4920552068802 99 831
2.58560012868383 80 331
0 44 0
46.0761047644231 129 1764
40.7668783594179 172 2225
0 44 0
14.5845136597722 93 576
0 44 0
17.3022635704888 111 1161
47.2314360918555 188 2572
22.9112491289578 87 903
0 44 0
46.0761047644231 129 1764
10.9444415907739 85 820
6.95515657431371 83 741
0 44 0
48.0372591788016 133 1770
0 44 0
20.3651924606961 109 1024
51.4702597001318 207 2766
19.8283549253381 147 1753
0 44 0
24.4791255187158 117 1296
14.6171597387743 134 1357
0 44 0
2.16586226660004 74 435
0 44 0
0 44 0
0 44 0
6.95515657431371 83 741
15.2529549446768 134 1438
4.29514576523987 80 630
0 44 0
59.120002464268 191 2658
0 44 0
30.7204958746225 125 1606
0 44 0
0 44 0
0 44 0
0.217737074637575 51 21
0 44 0
22.9112491289578 87 903
14.9334608024857 86 861
0 44 0
0 44 0
27.515197456896 139 1467
0 44 0
0 44 0
0.677912364893011 61 136
0 44 0
22.9112491289578 87 903
0 44 0
0 44 0
0 44 0
0 44 0
22.9112491289578 87 903
0 44 0
20.4648505206814 120 1407
4.29514576523987 80 630
0 44 0
61.0042074178868 168 2503
7.12827956148578 89 486
10.9472757334223 112 834
38.6079336029621 158 2116
1.78969752803836 72 378
30.7204958746225 125 1606
0.618258644281703 60 120
30.7636097512593 172 2081
0 44 0
27.5630255700351 121 1444
26.4926573021267 139 1509
0 44 0
0 44 0
6.95515657431371 83 741
2.9646385544787 77 528
0 44 0
0 44 0
2.9646385544787 77 528
0 44 0
34.5183864516311 127 1683
0 44 0
0 44 0
1.78969752803836 72 378
0 44 0
0 44 0
0 44 0
0 44 0
0 44 0
0 44 0
84.9280393402883 208 3285
6.95515657431371 83 741
4.96022644764415 81 666
24.7470836390205 148 1823
14.9334608024857 86 861
0 44 0
0 44 0
62.0116501716 233 2991
1.96605582677995 73 406
19.3677131560654 122 1486
65.6719746505242 190 2538
58.3520977514646 188 2623
13.320089191462 89 484
0 44 0
6.43367361986729 92 556
0.741889499652446 62 153
22.9112491289578 87 903
0 44 0
81.9593552882944 228 3364
0 44 0
0 44 0
48.8360534355479 140 1819
112.312315729969 304 3855
0 44 0
22.9112491289578 87 903
0 44 0
0 44 0
0 44 0
14.9334608024857 86 861
32.8234005028114 128 1135
0 44 0
0 44 0
2.39414572698261 75 465
3.76301449060507 79 595
53.6558198007289 164 2347
1.49250178513032 70 325
27.5630255700351 121 1444
46.1833487176995 155 1999
0 44 0
22.9112491289578 87 903
0 44 0
49.981579177189 152 1775
0 44 0
30.4086603180968 139 1569
53.0863644535769 172 1795
46.0761047644231 129 1764
0 44 0
22.9112491289578 87 903
0 44 0
0 44 0
22.9112491289578 87 903
22.9112491289578 87 903
69.4938166155414 170 2584
0 44 0
0 44 0
1.49250178513032 70 325
14.9334608024857 86 861
8.55092539489437 84 780
0 44 0
32.2334535012105 126 1644
25.3078859941641 109 1134
22.9112491289578 87 903
3.76301449060507 79 595
9.26168650562385 80 205
10.1113675047925 104 970
46.0761047644231 129 1764
0.0593359235798151 46 1
0.151089794454646 49 10
0 44 0
0 44 0
0 44 0
25.2789651052552 124 1561
108.114706101346 267 4134
1.78969752803836 72 378
69.6558513486214 219 3028
3.76301449060507 79 595
22.9112491289578 87 903
49.0367422138898 165 2384
17.6561411473589 124 1161
0 44 0
0 44 0
0 44 0
40.6100841920043 160 2211
22.9112491289578 87 903
14.9765557069604 126 1096
0 44 0
29.7509741098575 126 1641
10.9444415907739 85 820
14.9334608024857 86 861
60.7931950592529 195 2785
25.5963743928175 123 1003
38.2327587646134 157 2096
0 44 0
22.9112491289578 87 903
0.151089794454646 49 10
10.5150129485655 96 447
8.98858670040357 87 783
10.9444415907739 85 820
14.9334608024857 86 861
0.183728773858605 50 15
10.9444415907739 85 820
0 44 0
0 44 0
0 44 0
0 44 0
0 44 0
21.165770510723 122 1491
0 44 0
14.9334608024857 86 861
0 44 0
0 44 0
8.55092539489437 84 780
19.1514293935085 124 1033
36.7155090327288 150 1822
22.9112491289578 87 903
51.6349486230269 165 2382
0 44 0
0 44 0
17.7151082961851 116 1261
0 44 0
0 44 0
0 44 0
1.05250187499359 66 231
8.2033330092035 105 906
0 44 0
22.9112491289578 87 903
69.4938166155414 170 2584
4.64646407447425 84 636
0 44 0
53.8133924766625 178 2352
0 44 0
24.4791255187158 117 1296
0 44 0
0 44 0
0 44 0
22.9112491289578 87 903
38.3533061595606 128 1723
10.9444415907739 85 820
0 44 0
0 44 0
0 44 0
0 44 0
22.9112491289578 87 903
0 44 0
0 44 0
39.5012513962756 176 1807
0 44 0
0 44 0
17.0524841251923 109 1114
0 44 0
0 44 0
22.9112491289578 87 903
0.371139099508641 55 55
0 44 0
0 44 0
0 44 0
46.0761047644231 129 1764
0 44 0
34.7902499896486 155 1217
22.9112491289578 87 903
46.0761047644231 129 1764
46.0761047644231 129 1764
15.9435567953132 115 835
0 44 0
0 44 0
4.29514576523987 80 630
46.0761047644231 129 1764
0 44 0
0 44 0
0 44 0
10.9719638064949 113 1162
10.9444415907739 85 820
38.3581192172178 177 2197
0 44 0
61.2496593372132 195 2806
0 44 0
0 44 0
0 44 0
68.2010819519551 221 2705
0 44 0
22.9112491289578 87 903
29.7509741098575 126 1641
77.6447936781508 218 3084
0 44 0
27.7334851003008 121 1464
8.222588605928 84 269
27.7871177518496 140 1549
17.7484618355969 134 1333
13.3231849475655 77 166
13.3026108247649 107 643
0 44 0
3.32757043395396 78 561
27.1294495558052 163 1875
14.9334608024857 86 861
10.9444415907739 85 820
1.14760009519095 67 253
0 44 0
0 44 0
0 44 0
0 44 0
0 44 0
0 44 0
11.7694520234678 93 848
0.08913496144354 47 3
14.9334608024857 86 861
0 44 0
49.4162731651774 161 1909
1.63287568923419 71 351
22.9112491289578 87 903
25.2139522079393 108 1113
42.7794949576763 153 1840
22.9112491289578 87 903
0 44 0
0 44 0
16.1772937476161 98 927
0 44 0
69.4938166155414 170 2584
0.0593359235798151 46 1
2.6574820309277 76 496
0 44 0
20.4648505206814 120 1407
10.9444415907739 85 820
4.5151251810639 91 541
4.29514576523987 80 630
22.9112491289578 87 903
14.9334608024857 86 861
0.414820920693269 56 66
15.4128642210556 97 544
22.9112491289578 87 903
14.2515839287197 115 1255
6.95515657431371 83 741
0 44 0
0 44 0
16.0560234806091 96 906
22.9112491289578 87 903
0 44 0
33.1919687632731 141 987
22.9112491289578 87 903
34.5183864516311 127 1683
15.4620546123413 118 1348
76.0318392815308 226 3246
16.8442742749295 107 1071
62.1581376041313 196 2825
0 44 0
0 44 0
0 44 0
22.9112491289578 87 903
22.9112491289578 87 903
19.5335958497774 107 961
0 44 0
0 44 0
6.77921019341935 78 273
8.55092539489437 84 780
59.9291094164907 199 2198
0 44 0
0 44 0
37.6764466382238 148 1307
49.9818215125619 172 2129
0 44 0
0 44 0
16.2197938511146 129 1174
22.9112491289578 87 903
22.9112491289578 87 903
18.4643224045178 129 1150
75.2225333201554 247 3194
75.8160080496599 219 3088
0 44 0
22.9112491289578 87 903
0 44 0
0 44 0
22.9112491289578 87 903
0 44 0
0 44 0
0.290587504770402 53 36
0 44 0
14.9334608024857 86 861
0 44 0
0.741889499652446 62 153
22.9112491289578 87 903
10.9444415907739 85 820
0.0593359235798151 46 1
0 44 0
0 44 0
0 44 0
48.67099822228 170 1626
0 44 0
10.9444415907739 85 820
0 44 0
22.9112491289578 87 903
51.1443128544224 161 2224
34.9760817501806 135 1456
0 44 0
0 44 0
14.3393320952544 115 1227
0 44 0
0 44 0
0 44 0
52.6563012420306 166 2422
0 44 0
3.76301449060507 79 595
6.8688872549793 102 821
36.8641360824391 140 1761
0 44 0
0 44 0
0 44 0
8.55092539489437 84 780
46.3295859302027 166 1450
0 44 0
28.0404290272702 116 829
48.614541398315 158 2128
22.9112491289578 87 903
0 44 0
21.8070327744467 121 1152
14.9334608024857 86 861
3.76301449060507 79 595
13.3953286212455 117 1302
0 44 0
0.0593359235798151 46 1
42.1837420485079 160 2189
8.55092539489437 84 780
22.9112491289578 87 903
10.9444415907739 85 820
13.6866148236412 121 1110
22.9112491289578 87 903
0 44 0
74.8898065738433 195 2884
6.95515657431371 83 741
0 44 0
0 44 0
49.0367422138898 165 2384
0.290587504770402 53 36
22.9112491289578 87 903
3.48688733286689 88 562
0 44 0
4.96022644764415 81 666
83.6413167682409 236 3629
0.461088265080733 57 78
24.1246134201193 93 918
0 44 0
22.9112491289578 87 903
0 44 0
0 44 0
0 44 0
10.9444415907739 85 820
22.9112491289578 87 903
22.9112491289578 87 903
25.8742281184459 119 1369
0 44 0
0 44 0
25.8742281184459 119 1369
0 44 0
38.3533061595606 128 1723
56.1673267470354 167 2467
0 44 0
0 44 0
22.4589615036295 122 1483
58.3442291058733 168 2505
26.7147431130744 118 1368
14.9334608024857 86 861
22.9112491289578 87 903
38.7621205131272 176 2173
0 44 0
21.165770510723 122 1491
41.3394181814245 161 2244
4.29514576523987 80 630
22.9112491289578 87 903
0 44 0
32.1425641026668 156 2041
46.0761047644231 129 1764
0 44 0
6.95515657431371 83 741
30.7204958746225 125 1606
38.3533061595606 128 1723
0 44 0
0 44 0
15.2308042349824 119 1375
0 44 0
0 44 0
0 44 0
22.9112491289578 87 903
5.8152395966528 82 703
35.1162157901293 138 1508
0 44 0
9.69544913983503 99 885
0 44 0
46.0761047644231 129 1764
38.3533061595606 128 1723
20.4648505206814 120 1407
22.9112491289578 87 903
0 44 0
0 44 0
8.55092539489437 84 780
57.9540445167873 192 2689
0.217737074637575 51 21
0 44 0
0 44 0
0.183728773858605 50 15
22.9112491289578 87 903
0 44 0
38.3533061595606 128 1723
0 44 0
29.6467404345696 124 1569
22.9112491289578 87 903
17.8981521647709 121 1450
10.3422572299107 94 601
0 44 0
0 44 0
14.9334608024857 86 861
0 44 0
0.0593359235798151 46 1
86.0104605946759 244 2727
0 44 0
0.119630059550108 48 6
0.562486565939974 59 105
0 44 0
22.9112491289578 87 903
0 44 0
0 44 0
0 44 0
49.8486053422276 182 2318
22.2171093354894 113 1156
84.2268919601822 254 3249
22.9112491289578 87 903
0.741889499652446 62 153
0 44 0
25.8742281184459 119 1369
4.96022644764415 81 666
0 44 0
0 44 0
38.933311698335 156 2089
1.80680130183674 57 38
0 44 0
59.6571374236764 193 2772
37.5435073777034 161 1721
45.8937230233971 155 1780
0.884926798689837 64 190
0 44 0
22.5799611717198 112 739
0 44 0
0 44 0
32.7038314093369 125 1600
10.9444415907739 85 820
84.9280393402883 208 3285
14.9334608024857 86 861
0 44 0
0 44 0
61.0042074178868 168 2503
0 44 0
22.9112491289578 87 903
0 44 0
22.9112491289578 87 903
22.9112491289578 87 903
0 44 0
0 44 0
0 44 0
22.9112491289578 87 903
0 44 0
25.7783038533918 137 1094
114.593343942909 276 4402
0 44 0
22.9112491289578 87 903
14.9334608024857 86 861
21.165770510723 122 1491
0 44 0
0 44 0
0 44 0
0 44 0
0 44 0
5.3855459487848 86 676
0 44 0
22.9112491289578 87 903
8.55092539489437 84 780
0 44 0
0 44 0
0 44 0
22.3407853426164 143 1633
100.009098194312 236 3689
0 44 0
49.3590677808658 165 2386
66.6669530966133 200 2979
10.9444415907739 85 820
87.3883618335937 240 3767
30.7204958746225 125 1606
0 44 0
8.55092539489437 84 780
14.9334608024857 86 861
0 44 0
0 44 0
14.9334608024857 86 861
0 44 0
8.55092539489437 84 780
0 44 0
0 44 0
46.7454922309603 159 1702
7.9987357627246 90 346
0 44 0
0 44 0
53.6558198007289 164 2347
0 44 0
0 44 0
0 44 0
60.5303680926548 202 2435
0 44 0
0 44 0
0 44 0
0 44 0
2.39414572698261 75 465
0 44 0
38.3533061595606 128 1723
37.7854756838831 156 2065
0 44 0
46.0761047644231 129 1764
4.96022644764415 81 666
22.9112491289578 87 903
3.50458338060004 85 556
0 44 0
0.151089794454646 49 10
54.2000072216843 189 2303
0 44 0
0 44 0
26.2628713185712 116 1309
22.9112491289578 87 903
0 44 0
14.6147539573713 116 1015
60.9546036008651 195 2800
5.8152395966528 82 703
0 44 0
0 44 0
46.0761047644231 129 1764
10.9444415907739 85 820
0 44 0
46.0761047644231 129 1764
0 44 0
14.9334608024857 86 861
0 44 0
9.52435013953428 97 556
0 44 0
0 44 0
24.470479228603 137 1588
0 44 0
22.9112491289578 87 903
27.5630255700351 121 1444
0 44 0
36.1705281515797 148 1753
1.14760009519095 67 253
22.9112491289578 87 903
42.6784942936749 176 2203
22.9112491289578 87 903
0 44 0
25.9408371433966 139 1177
0 44 0
10.9444415907739 85 820
0 44 0
0 44 0
0 44 0
0 44 0
0 44 0
0 44 0
30.4934979277182 140 1635
0 44 0
0 44 0
14.9334608024857 86 861
53.6776538610342 167 2464
68.869197991772 201 3040
14.2778224391176 108 993
5.38395553566835 81 244
20.4648505206814 120 1407
0 44 0
0 44 0
10.9444415907739 85 820
3.76301449060507 79 595
19.5335958497774 107 961
0 44 0
34.1444852518876 141 1162
0 44 0
0 44 0
14.9334608024857 86 861
59.6466306578248 193 2711
0 44 0
0 44 0
14.9334608024857 86 861
0 44 0
22.9112491289578 87 903
0 44 0
22.9112491289578 87 903
27.5630255700351 121 1444
0 44 0
0 44 0
8.2884731037979 109 1044
0 44 0
0 44 0
0 44 0
38.3588025240516 167 1967
0 44 0
0 44 0
0 44 0
0 44 0
0 44 0
21.253931996661 111 1089
0 44 0
22.9112491289578 87 903
10.9444415907739 85 820
38.3533061595606 128 1723
25.5185264076986 111 1179
9.63438025807183 101 786
0 44 0
1.96605582677995 73 406
6.76906693701737 67 121
0 44 0
0 44 0
0 44 0
0 44 0
3.24218144017288 55 25
0 44 0
3.32757043395396 78 561
0 44 0
51.3463013334818 192 2679
0 44 0
0 44 0
17.9327936905235 111 802
5.78090051405931 101 804
14.9334608024857 86 861
0 44 0
0 44 0
0 44 0
0.741889499652446 62 153
0 44 0
26.1253861389062 132 1349
25.9155815119754 114 1254
0 44 0
22.9112491289578 87 903
0.562486565939974 59 105
62.9690407037103 187 2577
0 44 0
24.9646989152236 105 1056
0 44 0
74.1263513022881 220 3225
0 44 0
18.0165664403741 99 899
1.07722867101584 58 51
4.96022644764415 81 666
0.810698245632039 63 171
0 44 0
0 44 0
0 44 0
0 44 0
21.253931996661 111 1089
0 44 0
22.9112491289578 87 903
51.5791210775429 162 2272
0 44 0
46.0761047644231 129 1764
0 44 0
2.39414572698261 75 465
7.03266746129794 99 839
30.3823176230442 160 1661
10.9444415907739 85 820
52.6563012420306 166 2422
0 44 0
0 44 0
1.15275692420463 57 42
0 44 0
22.9112491289578 87 903
33.5873461048945 129 1324
0.371139099508641 55 55
0 44 0
2.00575764077644 77 312
27.5630255700351 121 1444
0 44 0
0 44 0
3.32757043395396 78 561
0 44 0
0 44 0
0 44 0
0 44 0
0 44 0
69.4938166155414 170 2584
0 44 0
13.6080522347847 129 1187
0 44 0
0 44 0
27.5630255700351 121 1444
0 44 0
0 44 0
25.3136858089804 130 1194
22.9112491289578 87 903
10.9444415907739 85 820
1.63287568923419 71 351
0 44 0
16.6712431105007 120 1410
0 44 0
0 44 0
6.44573467172349 100 765
22.9112491289578 87 903
12.9952161336729 131 1315
46.0761047644231 129 1764
14.2114993684917 116 841
0 44 0
45.599271102937 169 2153
14.9334608024857 86 861
17.8546114845839 122 1146
10.9444415907739 85 820
22.9112491289578 87 903
0 44 0
0 44 0
0 44 0
22.9112491289578 87 903
0 44 0
72.5226857520464 230 3106
12.4633887648727 100 383
53.7283733499468 165 2394
32.2334535012105 126 1644
8.55092539489437 84 780
0 44 0
22.9112491289578 87 903
62.3734300105925 191 2656
0 44 0
29.6818494501245 142 1604
0 44 0
0 44 0
22.9112491289578 87 903
17.7088710878965 132 1264
22.9112491289578 87 903
69.1107254255133 223 3140
10.3168965998421 113 1168
0 44 0
28.8461703622747 123 1533
22.9112491289578 87 903
0 44 0
0 44 0
0 44 0
42.6250523248395 179 1668
47.4566267552706 170 1930
0 44 0
2.39414572698261 75 465
87.6934220264848 236 3605
0 44 0
0 44 0
3.76301449060507 79 595
22.9112491289578 87 903
36.1853115117302 153 1995
0 44 0
27.5630255700351 121 1444
29.6467404345696 124 1569
5.8152395966528 82 703
0.562486565939974 59 105
14.9334608024857 86 861
0 44 0
4.29514576523987 80 630
0 44 0
23.354407653374 144 1651
90.7553274262791 229 3495
22.9112491289578 87 903
59.00016194369 164 1960
82.5061810378917 226 3230
0 44 0
0 44 0
0 44 0
99.2192622418147 243 3872
0 44 0
16.2471720761465 135 1389
46.5231601195679 162 2264
112.292141626936 285 4100
30.9513946669083 141 1669
25.2789651052552 124 1561
0 44 0
0 44 0
0 44 0
22.9112491289578 87 903
0 44 0
0 44 0
0 44 0
47.6067216100267 179 2449
13.4364805355871 117 1308
1.2516832401797 68 276
0 44 0
9.5043015541594 116 1087
22.9112491289578 87 903
38.3533061595606 128 1723
46.4993312278778 164 2353
0 44 0
18.2866383632495 138 1354
25.9779921572828 125 1602
0 44 0
22.9112491289578 87 903
6.95515657431371 83 741
0 44 0
0 44 0
0 44 0
29.721946554904 123 1521
0 44 0
22.9112491289578 87 903
0 44 0
21.253931996661 111 1089
0 44 0
0 44 0
20.8030605339439 116 799
26.3686272993668 127 1564
0.677912364893011 61 136
36.7474538109065 158 1710
0 44 0
38.3533061595606 128 1723
0 44 0
0 44 0
0 44 0
0 44 0
0 44 0
0.08913496144354 47 3
22.9112491289578 87 903
13.8720285565835 87 289
10.9444415907739 85 820
38.3533061595606 128 1723
0 44 0
0 44 0
0 44 0
0 44 0
27.7334851003008 121 1464
4.96022644764415 81 666
0 44 0
14.9334608024857 86 861
0 44 0
4.96022644764415 81 666
23.2796935219123 115 1225
8.13902952275101 113 876
0 44 0
22.9112491289578 87 903
0 44 0
0 44 0
29.721946554904 123 1521
22.9112491289578 87 903
0.461088265080733 57 78
33.0299264176053 147 1721
0 44 0
22.9112491289578 87 903
6.67980838277911 104 886
8.55092539489437 84 780
30.5288170310022 154 1968
3.76301449060507 79 595
26.0787329539515 115 1281
0 44 0
22.9112491289578 87 903
0 44 0
33.8126814247201 164 1887
0 44 0
22.9112491289578 87 903
26.7147431130744 118 1368
0.810698245632039 63 171
0 44 0
0 44 0
22.9112491289578 87 903
12.4167973252334 97 456
10.9444415907739 85 820
22.9112491289578 87 903
14.9334608024857 86 861
46.0761047644231 129 1764
0 44 0
10.9444415907739 85 820
4.37614334020469 87 552
0 44 0
8.55092539489437 84 780
15.3261965233158 110 712
0.0593359235798151 46 1
29.7509741098575 126 1641
22.9112491289578 87 903
5.8152395966528 82 703
28.226774750676 122 1498
44.4796780097881 162 2276
0 44 0
8.5205163389553 73 196
0 44 0
22.9112491289578 87 903
0 44 0
2.39414572698261 75 465
0 44 0
81.9595337555556 252 3632
22.9112491289578 87 903
1.05250187499359 66 231
22.9112491289578 87 903
22.9112491289578 87 903
15.6846723366124 120 721
30.0587540959705 138 1548
77.8401274798308 204 3133
6.95515657431371 83 741
22.9112491289578 87 903
0.371139099508641 55 55
0 44 0
49.0367422138898 165 2384
0 44 0
3.38980384061593 89 526
6.95515657431371 83 741
16.6840852749559 114 1191
0 44 0
0 44 0
62.0010768416091 195 2422
12.4977806152208 104 991
42.3448841004668 158 2146
6.95515657431371 83 741
0 44 0
4.83902332653378 82 346
28.8461703622747 123 1533
1.2516832401797 68 276
32.8508841508605 149 1849
6.95515657431371 83 741
92.0818250021491 247 3508
18.6613447900182 119 1207
22.9112491289578 87 903
37.331953540557 127 1681
69.4938166155414 170 2584
22.9112491289578 87 903
0 44 0
14.4482523281085 80 199
32.7038314093369 125 1600
22.9112491289578 87 903
2.6574820309277 76 496
0 44 0
22.9112491289578 87 903
8.55092539489437 84 780
3.76301449060507 79 595
3.76301449060507 79 595
34.5183864516311 127 1683
10.9444415907739 85 820
0 44 0
0 44 0
30.6450584012881 141 1654
0 44 0
22.9112491289578 87 903
22.9112491289578 87 903
0 44 0
13.4364805355871 117 1308
1.72522790972584 68 148
112.305383718494 287 4128
0.290587504770402 53 36
72.5398730084751 224 3170
50.0580948328934 166 2426
133.655274010526 300 4676
0.510209769061949 58 91
24.6123944102533 100 981
0 44 0
22.9112491289578 87 903
29.8716467375052 143 1591
64.4058811659874 228 2878
46.4356159836828 154 1992
0 44 0
71.8881564863244 196 2853
0 44 0
0 44 0
0 44 0
0 44 0
2.16586226660004 74 435
0 44 0
0 44 0
0 44 0
0 44 0
4.69417339888993 75 227
0 44 0
0 44 0
10.9444415907739 85 820
49.2610410282459 145 1884
42.7876195301439 162 2096
0 44 0
38.8526129023812 157 2076
147.352449676356 337 4147
0 44 0
0 44 0
0 44 0
28.226774750676 122 1498
37.331953540557 127 1681
25.8322412641943 138 1220
1.36610460946502 69 300
0 44 0
16.6712431105007 120 1410
33.7080514568783 154 2019
33.8542330087947 155 2002
0 44 0
0 44 0
4.96022644764415 81 666
2.9646385544787 77 528
0 44 0
22.9112491289578 87 903
0 44 0
22.9112491289578 87 903
0 44 0
0 44 0
2.16586226660004 74 435
23.7247584202324 124 1564
0 44 0
0 44 0
0 44 0
6.95515657431371 83 741
2.39414572698261 75 465
0 44 0
0 44 0
0 44 0
0 44 0
0 44 0
0 44 0
0 44 0
0 44 0
61.0042074178868 168 2503
53.6776538610342 167 2464
35.0781560326479 118 1062
0 44 0
34.6596577775061 120 1159
2.16586226660004 74 435
4.96022644764415 81 666
22.9112491289578 87 903
56.5296740635791 166 2424
22.9112491289578 87 903
14.9334608024857 86 861
0 44 0
2.6574820309277 76 496
14.9334608024857 86 861
6.95515657431371 83 741
2.16586226660004 74 435
22.9112491289578 87 903
28.5431120814128 134 820
0 44 0
0 44 0
55.4998577132612 180 1774
46.0761047644231 129 1764
29.1031369100692 164 1861
0 44 0
2.16586226660004 74 435
37.331953540557 127 1681
100.240614860818 244 3910
50.9602526151205 195 2496
0 44 0
0 44 0
0 44 0
24.4791255187158 117 1296
0 44 0
0 44 0
0 44 0
7.12827956148578 89 486
0 44 0
22.9112491289578 87 903
42.0386630561261 157 2116
0 44 0
0 44 0
62.7420548337578 196 2343
0 44 0
46.1315713423405 137 1162
13.3917484518027 113 1158
0 44 0
46.0761047644231 129 1764
0 44 0
0 44 0
11.5620819844845 118 992
29.6467404345696 124 1569
0 44 0
0 44 0
0 44 0
0.329801156354552 54 45
38.3533061595606 128 1723
38.1894285772381 156 2039
22.9112491289578 87 903
14.8049850952496 118 1336
9.01575144325481 121 1022
14.9334608024857 86 861
29.870296340927 157 2084
14.9334608024857 86 861
2.02537353408411 51 9
0 44 0
0 44 0
13.7013834584698 95 841
6.8688872549793 102 821
0 44 0
0.119630059550108 48 6
16.1578876084164 107 901
0 44 0
0 44 0
3.05523600255453 86 456
0 44 0
3.76301449060507 79 595
0 44 0
0 44 0
27.5440740569748 121 1211
0 44 0
5.8152395966528 82 703
0 44 0
32.7038314093369 125 1600
22.9112491289578 87 903
0 44 0
31.6934806588917 136 1635
64.3013556509429 195 2218
16.2572490647583 123 832
3.19784944479971 54 14
0 44 0
0 44 0
6.95515657431371 83 741
1.96605582677995 73 406
10.9444415907739 85 820
0 44 0
12.698317822448 103 581
10.9444415907739 85 820
0 44 0
22.9112491289578 87 903
14.9334608024857 86 861
0 44 0
0 44 0
53.9235986684617 200 2453
5.8152395966528 82 703
22.9112491289578 87 903
10.9444415907739 85 820
105.056352475861 278 3571
22.9112491289578 87 903
119.405509883078 286 4119
29.7509741098575 126 1641
0 44 0
0 44 0
0 44 0
22.9112491289578 87 903
0 44 0
0 44 0
2.97645402064091 86 484
1.14760009519095 67 253
56.5296740635791 166 2424
0 44 0
0 44 0
0 44 0
8.55092539489437 84 780
0 44 0
46.0761047644231 129 1764
0.371139099508641 55 55
24.2903406987203 142 1438
0 44 0
0 44 0
0 44 0
4.96022644764415 81 666
0.183728773858605 50 15
0 44 0
0 44 0
0 44 0
10.6612791278916 105 902
0 44 0
0 44 0
0 44 0
8.55092539489437 84 780
0 44 0
46.0761047644231 129 1764
0.677912364893011 61 136
3.97293370222506 76 244
49.9558610338232 160 2199
0 44 0
53.8029708190269 204 2654
0 44 0
0 44 0
0 44 0
22.9112491289578 87 903
12.3175393347402 114 1194
56.6131065441332 197 2891
0 44 0
0 44 0
0 44 0
10.9444415907739 85 820
93.4576752823638 260 3529
1.49250178513032 70 325
27.3313471688595 120 1431
48.802784641962 167 2274
0 44 0
145.172506274431 325 4592
11.7582284685516 92 751
17.0205789077291 92 868
0 44 0
0 44 0
36.7030380702745 138 1738
22.9112491289578 87 903
14.9334608024857 86 861
0 44 0
25.0329547009037 148 1800
14.9334608024857 86 861
22.1794722052149 115 614
22.9112491289578 87 903
14.5812869518768 116 1285
14.5845136597722 93 576
6.27082413176355 99 819
25.0329547009037 148 1800
0 44 0
14.9334608024857 86 861
2.16586226660004 74 435
32.9376696387321 151 1865
58.6732592822373 192 2689
0 44 0
0.562486565939974 59 105
23.6287193932695 111 1005
26.4727851341749 117 1338
0 44 0
3.32757043395396 78 561
14.9334608024857 86 861
0 44 0
0 44 0
29.9034855216317 153 1980
48.3141506308446 186 2502
30.1355690667799 148 1765
14.9334608024857 86 861
46.0761047644231 129 1764
63.5656046461184 168 2089
82.5832106199917 217 2553
0 44 0
37.5132906979349 160 2194
1.14760009519095 67 253
10.9444415907739 85 820
0 44 0
38.3533061595606 128 1723
0 44 0
4.42958424379392 59 49
0 44 0
46.0761047644231 129 1764
10.9444415907739 85 820
11.2380473697964 107 963
0 44 0
29.6467404345696 124 1569
0 44 0
30.0431441898932 130 888
2.9646385544787 77 528
0 44 0
38.3533061595606 128 1723
0 44 0
12.7012835397055 87 441
0 44 0
2.9646385544787 77 528
0 44 0
22.9112491289578 87 903
0 44 0
50.279297935886 170 2014
0.217737074637575 51 21
22.9112491289578 87 903
0 44 0
30.3992024138866 122 976
37.1187566560408 154 2006
14.9334608024857 86 861
26.7147431130744 118 1368
0 44 0
69.4938166155414 170 2584
25.4089718338437 110 1156
22.9112491289578 87 903
0 44 0
4.86353511011592 97 732
0 44 0
77.3654148762265 204 3145
0 44 0
0 44 0
3.32757043395396 78 561
6.95515657431371 83 741
22.9112491289578 87 903
14.9334608024857 86 861
0 44 0
22.9112491289578 87 903
47.4600966038186 156 2059
69.4938166155414 170 2584
10.9444415907739 85 820
8.55092539489437 84 780
0 44 0
0 44 0
22.0338375959725 137 1072
3.87002668691018 86 469
0 44 0
8.73496578374663 110 1072
0 44 0
0 44 0
6.59202900902863 107 858
0 44 0
24.3445375437993 96 939
0 44 0
8.55092539489437 84 780
27.7087266999487 152 1903
0 44 0
0 44 0
38.989147457683 131 1687
29.6467404345696 124 1569
2.19871799860422 76 265
56.7899664603645 198 2910
0 44 0
32.7038314093369 125 1600
14.9334608024857 86 861
46.0761047644231 129 1764
25.9155815119754 114 1254
0.183728773858605 50 15
37.331953540557 127 1681
0 44 0
34.5183864516311 127 1683
0 44 0
4.29514576523987 80 630
100.23256026489 242 2999
0 44 0
0 44 0
0 44 0
10.9444415907739 85 820
0 44 0
70.1472474677336 195 2600
0 44 0
104.363030172133 260 3794
22.9112491289578 87 903
1.49250178513032 70 325
0 44 0
69.4938166155414 170 2584
10.9444415907739 85 820
0 44 0
36.7894238755605 141 1371
8.55092539489437 84 780
0 44 0
0 44 0
0.08913496144354 47 3
29.721946554904 123 1521
14.9334608024857 86 861
0 44 0
8.55092539489437 84 780
0 44 0
0 44 0
0 44 0
4.96022644764415 81 666
0 44 0
59.9828547988832 167 2461
37.331953540557 127 1681
0 44 0
0 44 0
0.510209769061949 58 91
0 44 0
46.0761047644231 129 1764
0 44 0
22.9112491289578 87 903
10.9444415907739 85 820
0 44 0
22.9112491289578 87 903
25.9779921572828 125 1602
14.9334608024857 86 861
4.29514576523987 80 630
22.9112491289578 87 903
0.677912364893011 61 136
0 44 0
14.9334608024857 86 861
75.812705301375 205 3164
0 44 0
69.4938166155414 170 2584
79.0840238913291 232 3481
177.913635732344 369 5562
0.562486565939974 59 105
0 44 0
22.9112491289578 87 903
0 44 0
78.0591326708945 205 3179
0 44 0
22.9112491289578 87 903
10.9444415907739 85 820
0 44 0
25.9779921572828 125 1602
0 44 0
1.96605582677995 73 406
0 44 0
0 44 0
55.6491447113458 194 2198
14.9334608024857 86 861
0 44 0
5.17534805271526 99 759
10.9444415907739 85 820
8.60372107515031 109 1054
0 44 0
22.9112491289578 87 903
46.0761047644231 129 1764
22.9112491289578 87 903
37.5083591160745 137 1039
0.329801156354552 54 45
0 44 0
0 44 0
0.562486565939974 59 105
10.0152374289132 103 951
0 44 0
0 44 0
0 44 0
5.8152395966528 82 703
42.0217997715627 178 2256
29.996433989527 117 634
0 44 0
14.9334608024857 86 861
75.812705301375 205 3167
46.0761047644231 129 1764
0 44 0
14.9334608024857 86 861
13.6163576698948 106 931
56.5296740635791 166 2424
15.9685420631404 116 865
33.2958622896461 132 745
0 44 0
0 44 0
0 44 0
0.329801156354552 54 45
14.9334608024857 86 861
56.1673267470354 167 2467
54.7151190212849 164 2341
18.942577333975 118 1333
38.8827759131372 158 1618
46.0761047644231 129 1764
6.95515657431371 83 741
46.0761047644231 129 1764
0 44 0
5.8152395966528 82 703
0 44 0
0 44 0
0 44 0
0 44 0
32.7038314093369 125 1600
0 44 0
0 44 0
0 44 0
47.1020102328367 178 2378
19.7551721787975 120 1422
87.5966929472208 263 3650
51.5058086553474 153 1597
0 44 0
23.7366622443596 89 904
0 44 0
39.5053251359201 154 1964
14.9334608024857 86 861
17.7948088500606 114 1239
0 44 0
0 44 0
29.721946554904 123 1521
75.5443335432009 216 2558
0 44 0
0 44 0
8.55092539489437 84 780
0 44 0
22.9112491289578 87 903
24.1246134201193 93 918
14.9334608024857 86 861
0 44 0
3.5047118158801 87 461
14.4384594091395 94 836
0 44 0
4.29514576523987 80 630
1.07722867101584 58 51
22.9112491289578 87 903
0.741889499652446 62 153
24.1118530978875 144 1733
22.9112491289578 87 903
0 44 0
0 44 0
0 44 0
0 44 0
4.96022644764415 81 666
0 44 0
0 44 0
22.9112491289578 87 903
0 44 0
0 44 0
22.9112491289578 87 903
12.9889245423012 134 1369
69.4938166155414 170 2584
0 44 0
4.96022644764415 81 666
0 44 0
0 44 0
0 44 0
0 44 0
0 44 0
22.2293798507385 123 1527
0 44 0
0 44 0
0 44 0
0 44 0
22.9112491289578 87 903
0 44 0
0 44 0
0.151089794454646 49 10
42.3362990020901 144 1687
1.39573606316569 69 186
10.9444415907739 85 820
30.7204958746225 125 1606
0.414820920693269 56 66
36.7155090327288 150 1822
22.9112491289578 87 903
6.95515657431371 83 741
13.5260406731847 112 1171
14.9334608024857 86 861
8.37778839117861 102 912
108.081212410375 246 3988
0 44 0
15.0322532367002 95 415
0 44 0
0 44 0
45.4779786088742 163 2311
0 44 0
24.8175186405597 103 1023
1.05250187499359 66 231
84.1318526245249 207 2660
52.22997296001 204 2492
0 44 0
46.0761047644231 129 1764
14.9334608024857 86 861
0 44 0
7.86448708354979 106 939
0 44 0
0 44 0
27.5630255700351 121 1444
14.9334608024857 86 861
11.3903040399493 87 821
22.9112491289578 87 903
16.5097528480449 103 997
0 44 0
0 44 0
48.4216507729555 158 2110
0.741889499652446 62 153
1.14760009519095 67 253
2.39414572698261 75 465
0.329801156354552 54 45
0 44 0
46.0761047644231 129 1764
0 44 0
0 44 0
0 44 0
0 44 0
22.9112491289578 87 903
0 44 0
0 44 0
22.9112491289578 87 903
0 44 0
0 44 0
4.29514576523987 80 630
0 44 0
0 44 0
70.2029894887736 232 2967
0 44 0
0 44 0
0 44 0
0 44 0
22.9112491289578 87 903
0 44 0
22.9112491289578 87 903
0 44 0
3.76301449060507 79 595
84.5714527076392 239 3738
67.7688231787907 202 3062
26.412730688459 101 949
0 44 0
0 44 0
22.9112491289578 87 903
42.1837420485079 160 2189
0 44 0
0 44 0
117.736088101537 278 4475
0 44 0
46.0761047644231 129 1764
3.76301449060507 79 595
5.8152395966528 82 703
145.294108513117 316 4662
2.6574820309277 76 496
0 44 0
0 44 0
3.32757043395396 78 561
45.9509873659538 164 1747
0 44 0
4.96022644764415 81 666
0 44 0
0 44 0
0 44 0
0 44 0
0 44 0
89.1334488338774 222 3200
0 44 0
0 44 0
0 44 0
0.562486565939974 59 105
24.8175186405597 103 1023
10.9444415907739 85 820
43.6480615158091 175 1949
0.510209769061949 58 91
53.1661318533833 178 2308
28.8461703622747 123 1533
49.9952995272452 185 2497
0 44 0
0 44 0
27.3313471688595 120 1431
24.8833758447534 133 1135
17.33533250457 102 933
0 44 0
22.9112491289578 87 903
32.2477210576515 112 1047
0 44 0
8.55092539489437 84 780
1.63287568923419 71 351
14.9334608024857 86 861
14.9334608024857 86 861
22.9112491289578 87 903
0 44 0
14.9334608024857 86 861
0 44 0
0 44 0
30.7204958746225 125 1606
0 44 0
34.5183864516311 127 1683
3.76301449060507 79 595
0 44 0
0 44 0
22.9112491289578 87 903
49.0945150760526 143 1855
22.9112491289578 87 903
3.76301449060507 79 595
0 44 0
4.96022644764415 81 666
44.4006521801934 183 2103
6.95515657431371 83 741
0 44 0
46.0761047644231 129 1764
0 44 0
0 44 0
0 44 0
22.9112491289578 87 903
22.9112491289578 87 903
34.8072043250672 143 1780
0 44 0
50.0226641578978 153 2040
0 44 0
1.96605582677995 73 406
25.8094466997831 140 1525
22.9112491289578 87 903
1.63287568923419 71 351
26.8790003652814 113 760
0 44 0
55.8010219193151 172 1745
43.8364054213301 148 1803
6.95515657431371 83 741
22.2171093354894 113 1156
11.8682185595829 100 757
8.55092539489437 84 780
22.9112491289578 87 903
0 44 0
4.96022644764415 81 666
0 44 0
38.3533061595606 128 1723
0 44 0
8.55092539489437 84 780
0 44 0
38.3533061595606 128 1723
0 44 0
28.226774750676 122 1498
22.9112491289578 87 903
52.3975572538351 180 2489
70.0020008018893 192 2725
0 44 0
0 44 0
36.0973049480508 153 1391
8.55092539489437 84 780
17.4066935683022 110 697
0 44 0
38.3533061595606 128 1723
0 44 0
0 44 0
10.9444415907739 85 820
22.9112491289578 87 903
11.0540917446659 114 1206
0 44 0
29.6467404345696 124 1569
0 44 0
0 44 0
2.9646385544787 77 528
0 44 0
0 44 0
18.942577333975 118 1333
0.677912364893011 61 136
57.9540445167873 192 2689
22.9112491289578 87 903
30.7204958746225 125 1606
1.51074741150683 67 141
16.6712431105007 120 1410
27.5630255700351 121 1444
0 44 0
0 44 0
32.5986415243084 152 1519
0 44 0
0 44 0
24.4791255187158 117 1296
0 44 0
0 44 0
17.0524841251923 109 1114
0 44 0
0 44 0
0 44 0
38.3533061595606 128 1723
65.3769005102073 222 2878
14.9967495385069 110 1057
0.217737074637575 51 21
0 44 0
1.96605582677995 73 406
0 44 0
0 44 0
0 44 0
0 44 0
8.55092539489437 84 780
0 44 0
77.8401274798308 204 3133
84.9280393402883 208 3285
0 44 0
0 44 0
1.14760009519095 67 253
22.9112491289578 87 903
22.2467549155658 140 1579
6.76906693701737 67 121
53.69787921084 183 2428
49.430071696507 147 1917
4.29514576523987 80 630
56.3574088479848 190 2610
14.9334608024857 86 861
0 44 0
22.9112491289578 87 903
0 44 0
1.05250187499359 66 231
16.5522586736092 126 1121
51.9519917484942 162 2292
0 44 0
29.6472483273727 107 974
0 44 0
0.151089794454646 49 10
0 44 0
0 44 0
26.3961322839728 147 1751
22.9112491289578 87 903
0 44 0
0 44 0
0 44 0
56.1673267470354 167 2467
6.05900684587256 98 711
0 44 0
0 44 0
28.9201768636742 148 1855
29.1024206751436 129 1302
0 44 0
0 44 0
29.6467404345696 124 1569
0 44 0
0 44 0
0 44 0
22.9112491289578 87 903
0 44 0
11.9747812218226 114 1215
34.5183864516311 127 1683
0 44 0
37.239777589602 150 1370
19.263800640759 119 1389
65.1447948920037 185 2639
3.32757043395396 78 561
26.4727851341749 117 1338
1.63287568923419 71 351
34.5183864516311 127 1683
32.0516707176617 177 2082
22.9112491289578 87 903
8.17677063135301 73 130
0 44 0
14.9334608024857 86 861
72.1365485282769 227 3310
14.9334608024857 86 861
14.9334608024857 86 861
14.9334608024857 86 861
0 44 0
14.9334608024857 86 861
37.331953540557 127 1681
11.4521083163455 122 872
6.95515657431371 83 741
13.1830914950644 110 1120
22.4589615036295 122 1483
14.9334608024857 86 861
38.3533061595606 128 1723
1.36610460946502 69 300
0 44 0
0 44 0
0.677912364893011 61 136
0 44 0
0 44 0
0 44 0
0 44 0
0 44 0
25.0593473988404 134 1312
29.4483951452569 135 1480
0 44 0
15.4839615618848 117 1298
0 44 0
4.22760987504457 57 24
0 44 0
4.96022644764415 81 666
37.331953540557 127 1681
4.96022644764415 81 666
5.8152395966528 82 703
0 44 0
22.9112491289578 87 903
6.95515657431371 83 741
29.721946554904 123 1521
0 44 0
22.9112491289578 87 903
4.96022644764415 81 666
0 44 0
22.9112491289578 87 903
4.96022644764415 81 666
43.8180219135654 179 2263
0 44 0
0 44 0
0 44 0
0 44 0
12.5882769078995 105 1010
0 44 0
22.9112491289578 87 903
46.0761047644231 129 1764
23.2796935219123 115 1225
1.05250187499359 66 231
0 44 0
22.9112491289578 87 903
0 44 0
0 44 0
46.0761047644231 129 1764
25.8742281184459 119 1369
0.371139099508641 55 55
65.3537840962124 194 2812
0 44 0
38.3533061595606 128 1723
0 44 0
6.95515657431371 83 741
10.9444415907739 85 820
0 44 0
0 44 0
0 44 0
93.1635880907398 210 3364
8.55092539489437 84 780
10.9444415907739 85 820
22.9112491289578 87 903
0 44 0
0 44 0
62.0727894137361 192 2727
22.9112491289578 87 903
0 44 0
81.1654530621599 219 3190
16.7840266344663 102 339
14.5812869518768 116 1285
0 44 0
0 44 0
0 44 0
22.9112491289578 87 903
3.76301449060507 79 595
22.9112491289578 87 903
2.9646385544787 77 528
0 44 0
0 44 0
0 44 0
0 44 0
7.29013786175727 96 605
0 44 0
22.2171093354894 113 1156
0 44 0
0 44 0
0 44 0
28.8461703622747 123 1533
4.29514576523987 80 630
48.614541398315 158 2128
0 44 0
0 44 0
0 44 0
22.9112491289578 87 903
14.9334608024857 86 861
65.5571995380577 181 2473
22.9112491289578 87 903
0 44 0
0.810698245632039 63 171
1.61573245246244 61 70
28.0312729174531 126 1336
62.5332848804163 210 2782
75.186156974601 197 2935
0.371139099508641 55 55
38.3533061595606 128 1723
0 44 0
0 44 0
0 44 0
0 44 0
10.9444415907739 85 820
0 44 0
0 44 0
31.412560876544 169 1673
0 44 0
12.5820264848765 111 1091
0 44 0
22.9112491289578 87 903
0 44 0
2.39414572698261 75 465
30.2441240385225 128 1543
21.1794153925291 141 1636
0 44 0
0 44 0
22.9112491289578 87 903
22.9112491289578 87 903
22.9112491289578 87 903
0 44 0
0 44 0
22.9112491289578 87 903
0 44 0
0 44 0
0 44 0
14.7428490576152 129 1244
46.0761047644231 129 1764
22.9112491289578 87 903
0 44 0
22.9112491289578 87 903
14.9334608024857 86 861
0.510209769061949 58 91
5.8152395966528 82 703
0 44 0
3.33606820025369 88 543
4.09420074061297 90 522
0 44 0
0 44 0
0 44 0
14.9334608024857 86 861
0 44 0
0 44 0
72.7020797211331 214 2993
13.3917484518027 113 1158
26.9864197269393 102 954
20.3711333704735 121 1456
2.76289310778715 63 83
38.3533061595606 128 1723
10.9444415907739 85 820
0 44 0
14.9334608024857 86 861
10.9444415907739 85 820
0 44 0
0 44 0
0 44 0
14.9334608024857 86 861
0 44 0
0 44 0
0 44 0
12.9999569053817 104 871
30.1259295166774 124 1234
18.364203417912 143 1627
2.39414572698261 75 465
5.33170936904512 95 735
37.6443417501668 109 955
46.0761047644231 129 1764
0 44 0
0 44 0
0 44 0
22.9112491289578 87 903
24.3662533898265 140 1663
0 44 0
16.6016340921503 127 976
0 44 0
0 44 0
0 44 0
22.9112491289578 87 903
28.8461703622747 123 1533
22.4589615036295 122 1483
2.6574820309277 76 496
14.9334608024857 86 861
3.15452426036211 70 141
0 44 0
0 44 0
0 44 0
21.253931996661 111 1089
0 44 0
10.9444415907739 85 820
3.95246454272655 91 619
0 44 0
3.32757043395396 78 561
22.9112491289578 87 903
34.9880819459791 154 1839
19.308339053886 121 1127
10.446446648816 79 197
0 44 0
22.9112491289578 87 903
34.1073880712974 159 2159
0 44 0
0 44 0
19.5335958497774 107 961
38.3533061595606 128 1723
26.8259494729722 157 1616
0.461088265080733 57 78
10.9444415907739 85 820
0 44 0
36.3680545799079 158 1704
0 44 0
74.7913526823713 204 3125
0 44 0
0 44 0
0 44 0
22.9112491289578 87 903
23.7629299774167 141 1177
0 44 0
14.9334608024857 86 861
22.9112491289578 87 903
38.3533061595606 128 1723
84.9280393402883 208 3285
0 44 0
22.9112491289578 87 903
9.63438025807183 101 786
62.1555834160629 201 3025
0 44 0
0.371139099508641 55 55
0 44 0
14.9334608024857 86 861
0 44 0
44.7599315695798 162 2284
38.3533061595606 128 1723
0 44 0
0 44 0
0 44 0
14.9334608024857 86 861
14.9334608024857 86 861
22.9112491289578 87 903
0 44 0
26.9971172593074 119 1399
0 44 0
27.7334851003008 121 1464
0 44 0
32.2334535012105 126 1644
0 44 0
5.64359646031179 101 814
0 44 0
0 44 0
22.9112491289578 87 903
112.962162394295 289 4195
19.6932413668747 116 847
0 44 0
0 44 0
14.9334608024857 86 861
0 44 0
14.9334608024857 86 861
21.2473349659384 148 1342
4.60112695517279 95 697
0 44 0
22.9112491289578 87 903
0 44 0
0 44 0
22.9112491289578 87 903
1.2516832401797 68 276
42.3205083042867 159 2157
0 44 0
0 44 0
1.14760009519095 67 253
23.952350519052 91 909
1.05250187499359 66 231
33.9599909470642 164 1423
38.3533061595606 128 1723
3.11951932596271 62 64
17.5813467448508 118 882
6.95515657431371 83 741
22.9112491289578 87 903
43.2778374520437 159 2164
22.9112491289578 87 903
3.76301449060507 79 595
0 44 0
0 44 0
0 44 0
0 44 0
0 44 0
22.9112491289578 87 903
0 44 0
44.4796780097881 162 2276
22.9112491289578 87 903
0 44 0
0 44 0
0 44 0
13.320089191462 89 484
14.9334608024857 86 861
59.9828547988832 167 2461
0 44 0
31.6015164712268 125 1054
14.9334608024857 86 861
10.9444415907739 85 820
4.96022644764415 81 666
0 44 0
1.43507287924099 52 13
22.9112491289578 87 903
5.8152395966528 82 703
5.8152395966528 82 703
34.4680258545224 164 1984
14.4482523281085 80 199
22.9112491289578 87 903
0 44 0
10.9444415907739 85 820
12.4398573649726 104 615
24.8250905975736 144 1737
22.9112491289578 87 903
28.8104334284559 155 2007
22.9112491289578 87 903
22.9112491289578 87 903
18.7467797647098 105 900
0 44 0
46.7211626860415 166 1538
22.9112491289578 87 903
15.9351352819486 94 889
1.14760009519095 67 253
87.2460558606098 239 3720
0.562486565939974 59 105
0 44 0
4.96022644764415 81 666
0 44 0
0 44 0
0 44 0
19.5335958497774 107 961
14.9334608024857 86 861
0 44 0
0 44 0
0 44 0
6.78010192143104 103 897
24.4218738184757 132 1299
53.7283733499468 165 2394
38.4839725169164 153 1928
78.7919907076381 204 3127
0.414820920693269 56 66
25.5185264076986 111 1179
32.6724955589024 157 2081
0 44 0
10.9444415907739 85 820
22.9112491289578 87 903
76.8340579203786 206 3206
100.287000785419 261 3951
41.0144407935868 165 2089
4.96022644764415 81 666
9.74535389729556 112 1138
22.9112491289578 87 903
0 44 0
1.63287568923419 71 351
0 44 0
0.414820920693269 56 66
0 44 0
0 44 0
0 44 0
0 44 0
0 44 0
22.9112491289578 87 903
0 44 0
0 44 0
0 44 0
22.9112491289578 87 903
14.9334608024857 86 861
0 44 0
46.0761047644231 129 1764
14.8090938408402 114 852
27.8571987629375 156 1397
4.96022644764415 81 666
0 44 0
0 44 0
81.1975390529625 232 3452
0 44 0
29.721946554904 123 1521
0 44 0
34.5183864516311 127 1683
69.4938166155414 170 2584
14.9334608024857 86 861
22.9112491289578 87 903
0 44 0
0 44 0
35.9361165502358 161 1492
29.721946554904 123 1521
18.3881177510927 130 919
0 44 0
22.9112491289578 87 903
10.5872891451351 113 1176
0 44 0
0 44 0
64.4556182437897 202 3052
8.55092539489437 84 780
10.1370079421357 90 304
0 44 0
22.9112491289578 87 903
46.0761047644231 129 1764
18.942577333975 118 1333
0 44 0
14.9334608024857 86 861
0 44 0
0 44 0
0 44 0
0 44 0
3.99491549723362 88 606
0 44 0
0 44 0
0 44 0
7.27683026369586 85 742
14.9334608024857 86 861
1.2516832401797 68 276
0 44 0
14.9334608024857 86 861
0 44 0
0 44 0
0 44 0
0 44 0
10.9444415907739 85 820
22.9112491289578 87 903
26.4190221644045 118 578
26.4727851341749 117 1338
0.371139099508641 55 55
8.55092539489437 84 780
41.5408650534571 156 1601
48.1850332006211 134 1774
46.0761047644231 129 1764
0 44 0
26.4727851341749 117 1338
0 44 0
22.9112491289578 87 903
0 44 0
38.3533061595606 128 1723
0 44 0
0 44 0
10.9444415907739 85 820
24.1246134201193 93 918
6.27082413176355 99 819
4.96022644764415 81 666
109.81362382534 290 3929
0 44 0
0 44 0
0 44 0
24.7476277577599 102 1008
99.2331835826971 267 4124
0 44 0
49.2610410282459 145 1884
56.0967998224082 195 2786
0.414820920693269 56 66
0 44 0
0 44 0
56.5296740635791 166 2424
0 44 0
0.151089794454646 49 10
0 44 0
0 44 0
46.0761047644231 129 1764
0 44 0
40.6671679446754 159 2151
0 44 0
5.24586149483979 98 766
0 44 0
22.9112491289578 87 903
0 44 0
31.9493523698095 155 1763
0 44 0
0.329801156354552 54 45
32.7038314093369 125 1600
0 44 0
0 44 0
14.9334608024857 86 861
8.7262244961989 97 678
0 44 0
22.9112491289578 87 903
22.9112491289578 87 903
0 44 0
29.8716467375052 143 1591
0 44 0
36.7155090327288 150 1822
0 44 0
0 44 0
0 44 0
6.95515657431371 83 741
27.5630255700351 121 1444
11.1097356017992 93 442
24.0422295037824 92 913
8.55092539489437 84 780
0 44 0
3.76301449060507 79 595
22.9112491289578 87 903
13.9242911379922 105 596
46.0761047644231 129 1764
46.1833487176995 155 1999
37.331953540557 127 1681
0 44 0
0 44 0
0 44 0
0 44 0
2.9646385544787 77 528
22.9112491289578 87 903
0 44 0
14.9334608024857 86 861
0 44 0
86.9978366539225 232 3533
59.9828547988832 167 2461
14.9334608024857 86 861
39.5053251359201 154 1964
14.9773033588234 117 1316
0 44 0
14.9334608024857 86 861
43.7086063472175 163 2313
0 44 0
5.8152395966528 82 703
0 44 0
22.9112491289578 87 903
3.05878779873823 64 87
0 44 0
0 44 0
46.0761047644231 129 1764
0 44 0
46.0761047644231 129 1764
0 44 0
0 44 0
26.7147431130744 118 1368
0 44 0
22.9112491289578 87 903
7.45163016484473 88 751
22.9112491289578 87 903
0.510209769061949 58 91
0 44 0
22.9112491289578 87 903
10.9444415907739 85 820
0 44 0
0 44 0
0 44 0
14.9334608024857 86 861
0 44 0
64.5007721772243 202 2463
0 44 0
46.0761047644231 129 1764
34.9003460736376 146 1547
32.5588793334124 138 1346
14.9334608024857 86 861
26.4926573021267 139 1509
0 44 0
8.75393512071304 107 967
25.159276057943 152 1656
0 44 0
0 44 0
62.0255600368905 169 2544
0 44 0
0 44 0
0 44 0
6.95515657431371 83 741
35.7523508230067 154 1976
1.96605582677995 73 406
1.78969752803836 72 378
12.089693928672 85 400
0 44 0
0 44 0
22.9112491289578 87 903
0.08913496144354 47 3
22.9112491289578 87 903
0 44 0
0 44 0
1.63287568923419 71 351
5.8152395966528 82 703
2.16586226660004 74 435
0 44 0
0 44 0
69.4938166155414 170 2584
0 44 0
14.9334608024857 86 861
26.7147431130744 118 1368
16.6840852749559 114 1191
22.9112491289578 87 903
2.0759076676695 62 76
0 44 0
4.29514576523987 80 630
25.2848191369726 139 1471
0 44 0
0 44 0
11.9747812218226 114 1215
22.9112491289578 87 903
0 44 0
14.9334608024857 86 861
22.9112491289578 87 903
28.9174663448137 140 1549
0 44 0
0 44 0
0 44 0
0 44 0
6.32768453561267 97 478
24.4791255187158 117 1296
0 44 0
0 44 0
0 44 0
69.4938166155414 170 2584
10.9444415907739 85 820
0 44 0
69.4938166155414 170 2584
13.947346133202 91 529
14.9334608024857 86 861
37.331953540557 127 1681
32.8415911546945 157 2078
0 44 0
38.3533061595606 128 1723
0 44 0
97.3164330246024 249 3591
0 44 0
23.7752965765786 143 1701
0 44 0
0.0593359235798151 46 1
10.3422572299107 94 601
25.9779921572828 125 1602
0.884926798689837 64 190
0 44 0
8.55092539489437 84 780
39.6906800484992 130 1724
0 44 0
0 44 0
0 44 0
20.7532623564034 134 1352
0 44 0
43.9748476814509 177 1789
0 44 0
62.0255600368905 169 2544
46.0761047644231 129 1764
0 44 0
0 44 0
6.8688146391354 97 808
62.9690407037103 187 2577
0 44 0
3.32757043395396 78 561
0.183728773858605 50 15
10.8687657746286 114 1011
0 44 0
57.0629807410781 164 2065
0 44 0
36.6552581580332 137 1396
22.9112491289578 87 903
22.9112491289578 87 903
0 44 0
0 44 0
22.9112491289578 87 903
0 44 0
29.6467404345696 124 1569
0.884926798689837 64 190
0 44 0
0 44 0
0 44 0
0 44 0
0 44 0
0 44 0
0 44 0
0 44 0
0 44 0
0 44 0
6.64208845915808 110 804
61.0090627824984 188 2655
26.9552834907674 153 1331
9.35222655323289 96 527
14.9334608024857 86 861
0 44 0
0 44 0
46.0761047644231 129 1764
125.934409721499 301 4617
0 44 0
0 44 0
0 44 0
22.6657765846837 142 1653
2.39414572698261 75 465
46.1833487176995 155 1999
22.8278649030541 146 1342
0 44 0
0.562486565939974 59 105
0 44 0
0 44 0
29.7509741098575 126 1641
27.5630255700351 121 1444
50.2629023842385 154 1827
36.1963486856299 141 1453
34.5131556872394 150 1824
29.7509741098575 126 1641
4.21920206380337 55 17
0 44 0
115.239516594851 297 4556
120.567077383274 271 4264
22.9112491289578 87 903
0 44 0
0 44 0
0 44 0
22.9112491289578 87 903
6.95515657431371 83 741
0.290587504770402 53 36
3.50359767101794 89 514
0 44 0
0 44 0
0 44 0
0 44 0
0 44 0
1.2516832401797 68 276
0 44 0
0 44 0
0 44 0
0 44 0
0 44 0
0 44 0
0 44 0
93.8976327649825 269 4139
0 44 0
0 44 0
34.9760817501806 135 1456
14.9334608024857 86 861
0 44 0
3.8384181137801 57 36
0 44 0
0 44 0
0 44 0
0 44 0
34.5183864516311 127 1683
0 44 0
26.7147431130744 118 1368
0 44 0
0 44 0
22.9112491289578 87 903
43.8364054213301 148 1803
14.9334608024857 86 861
37.331953540557 127 1681
8.7262244961989 97 678
31.3180751675803 137 1306
0 44 0
22.9112491289578 87 903
22.9112491289578 87 903
0 44 0
0 44 0
0 44 0
0 44 0
0 44 0
22.9112491289578 87 903
4.96022644764415 81 666
0 44 0
91.484327875153 245 3323
0 44 0
0 44 0
0 44 0
0 44 0
37.331953540557 127 1681
0 44 0
5.8152395966528 82 703
0 44 0
4.29514576523987 80 630
0 44 0
0 44 0
0 44 0
27.5630255700351 121 1444
25.9779921572828 125 1602
0 44 0
37.4213072605675 155 2035
12.5344366630951 107 721
14.9334608024857 86 861
0 44 0
19.5335958497774 107 961
0.0593359235798151 46 1
0 44 0
2.39414572698261 75 465
10.9444415907739 85 820
0 44 0
0 44 0
0.510209769061949 58 91
37.4008660090644 144 818
58.8893307586966 201 2491
22.9112491289578 87 903
46.0761047644231 129 1764
4.96022644764415 81 666
10.2882912911294 79 289
9.18758767386995 108 1041
33.4250004824151 141 1138
0 44 0
56.5296740635791 166 2424
46.0761047644231 129 1764
96.421556539929 263 3934
4.96022644764415 81 666
0 44 0
0.253295969340565 52 28
0 44 0
0 44 0
0 44 0
14.9334608024857 86 861
0 44 0
15.515382213516 121 1084
4.62260800928828 57 26
14.9334608024857 86 861
0 44 0
46.0761047644231 129 1764
0 44 0
22.9112491289578 87 903
20.3711333704735 121 1456
46.0761047644231 129 1764
20.3711333704735 121 1456
50.982418902933 163 2138
57.3544820632041 191 2722
0 44 0
22.9112491289578 87 903
46.0761047644231 129 1764
22.9112491289578 87 903
87.5594701732032 259 3805
22.9112491289578 87 903
22.9112491289578 87 903
0 44 0
31.6674648578227 157 1550
0 44 0
2.39414572698261 75 465
3.5745100279622 89 574
12.0351463709903 115 1231
0 44 0
0 44 0
0 44 0
0 44 0
0 44 0
0 44 0
25.8742281184459 119 1369
0 44 0
0 44 0
14.9334608024857 86 861
0 44 0
22.9112491289578 87 903
1.79629058257351 67 133
8.55092539489437 84 780
3.32757043395396 78 561
1.05250187499359 66 231
0 44 0
0 44 0
1.96605582677995 73 406
22.9112491289578 87 903
0 44 0
27.7410976486116 145 1264
0 44 0
0 44 0
22.9112491289578 87 903
0 44 0
0 44 0
32.7038314093369 125 1600
35.3440286323269 134 1306
63.0333125739674 223 3158
2.44504053127931 61 66
0 44 0
22.9112491289578 87 903
19.0544031163978 116 832
22.9112491289578 87 903
0 44 0
0 44 0
0 44 0
25.9155815119754 114 1254
0 44 0
0 44 0
24.2015320691291 94 924
38.3533061595606 128 1723
0 44 0
0 44 0
27.3313471688595 120 1431
0 44 0
22.9112491289578 87 903
0 44 0
12.4137168207065 103 973
46.0761047644231 129 1764
0 44 0
0 44 0
15.7904873213521 112 1123
5.15162460192756 89 490
1.14760009519095 67 253
24.4791255187158 117 1296
10.9444415907739 85 820
22.9112491289578 87 903
52.9585698654963 193 2745
19.5922202632624 114 600
0.217737074637575 51 21
37.331953540557 127 1681
14.9334608024857 86 861
0 44 0
0 44 0
14.9334608024857 86 861
29.2130828992471 119 901
8.55092539489437 84 780
0 44 0
0 44 0
30.9779379370596 131 1369
0 44 0
0 44 0
39.9716063211611 158 2130
3.32757043395396 78 561
22.9112491289578 87 903
0 44 0
0 44 0
29.7509741098575 126 1641
64.7779438107658 202 3056
46.0761047644231 129 1764
0 44 0
7.93567898956643 71 169
0 44 0
0 44 0
14.9334608024857 86 861
28.226774750676 122 1498
0 44 0
0 44 0
47.2221871715956 163 2305
0 44 0
25.6381281399351 112 1203
0 44 0
22.9112491289578 87 903
19.3677131560654 122 1486
0 44 0
6.95515657431371 83 741
2.39414572698261 75 465
5.8152395966528 82 703
0 44 0
0 44 0
33.0683734408286 131 1220
38.5495522883477 175 2144
14.9334608024857 86 861
0 44 0
0 44 0
0 44 0
0 44 0
65.0403612405998 196 2817
0 44 0
59.4629465380398 185 2457
30.7204958746225 125 1606
59.6187789859265 189 2641
0 44 0
0 44 0
0 44 0
39.6906800484992 130 1724
0 44 0
2.6574820309277 76 496
46.0761047644231 129 1764
0 44 0
0 44 0
0 44 0
38.3533061595606 128 1723
40.9192402188713 146 1684
48.614541398315 158 2128
31.6883780874189 144 1621
49.3590677808658 165 2386
43.070034001792 146 1744
8.55092539489437 84 780
0 44 0
0 44 0
15.1004178051963 97 446
46.0761047644231 129 1764
20.1895213385009 117 866
0 44 0
0 44 0
0.741889499652446 62 153
0 44 0
8.55092539489437 84 780
40.0307661315895 142 1786
0 44 0
10.9444415907739 85 820
22.9112491289578 87 903
0 44 0
0 44 0
0 44 0
0 44 0
82.2317061480606 229 3395
0 44 0
22.9112491289578 87 903
0 44 0
22.9112491289578 87 903
0 44 0
38.3533061595606 128 1723
10.9444415907739 85 820
0 44 0
0 44 0
22.9112491289578 87 903
56.5296740635791 166 2424
2.68331434559739 58 43
0 44 0
0 44 0
27.3313471688595 120 1431
22.9112491289578 87 903
22.9112491289578 87 903
46.0761047644231 129 1764
0 44 0
40.5559789742296 156 2037
0 44 0
0 44 0
38.0987416377108 152 1983
58.5107098032159 208 2297
69.4938166155414 170 2584
62.0255600368905 169 2544
29.7509741098575 126 1641
0 44 0
0 44 0
4.96022644764415 81 666
22.9112491289578 87 903
46.0761047644231 129 1764
22.2171093354894 113 1156
0 44 0
4.96022644764415 81 666
25.2789651052552 124 1561
2.16586226660004 74 435
37.331953540557 127 1681
49.9558610338232 160 2199
9.99604354660043 108 772
4.29514576523987 80 630
0 44 0
66.9410752575607 189 2587
3.76301449060507 79 595
10.3422572299107 94 601
0 44 0
0 44 0
8.55092539489437 84 780
1.78969752803836 72 378
28.6827056690827 140 1495
8.55092539489437 84 780
25.2789651052552 124 1561
22.9112491289578 87 903
22.9112491289578 87 903
0 44 0
0 44 0
0 44 0
25.2789651052552 124 1561
0 44 0
0 44 0
33.2973766277571 159 1633
0 44 0
55.6862937074708 184 2477
17.7151082961851 116 1261
39.7604295524606 160 2205
2.39414572698261 75 465
0 44 0
0 44 0
2.39414572698261 75 465
70.3817138111775 196 2338
5.8152395966528 82 703
25.2789651052552 124 1561
4.96022644764415 81 666
29.7509741098575 126 1641
0 44 0
10.9444415907739 85 820
39.4416399030896 176 2209
31.6911041461786 150 1830
0 44 0
37.0021651898875 161 1888
0 44 0
0 44 0
0 44 0
0 44 0
38.3533061595606 128 1723
60.3165903282509 189 2560
0 44 0
22.9112491289578 87 903
6.95515657431371 83 741
0 44 0
0 44 0
14.9334608024857 86 861
23.2796935219123 115 1225
22.9112491289578 87 903
11.2380473697964 107 963
44.1353954430848 160 2187
20.3999846204858 121 1104
0.510209769061949 58 91
0.965260255664313 65 210
0 44 0
0 44 0
38.3533061595606 128 1723
0 44 0
46.0761047644231 129 1764
29.721946554904 123 1521
2.6574820309277 76 496
22.9112491289578 87 903
0 44 0
0 44 0
44.9301203776423 161 1817
6.95515657431371 83 741
0 44 0
14.9334608024857 86 861
1.78969752803836 72 378
0 44 0
0 44 0
0 44 0
0 44 0
21.5795466986734 123 1523
16.8517734221483 120 1415
22.9112491289578 87 903
7.93567898956643 71 169
0 44 0
46.0761047644231 129 1764
22.9112491289578 87 903
0 44 0
10.9444415907739 85 820
29.7509741098575 126 1641
8.55092539489437 84 780
0 44 0
44.6048827344363 178 2296
0 44 0
0 44 0
0 44 0
22.9112491289578 87 903
0 44 0
22.9112491289578 87 903
46.5231601195679 162 2264
3.32757043395396 78 561
22.9112491289578 87 903
48.1850332006211 134 1774
26.0787329539515 115 1281
9.21065259820313 95 499
22.9112491289578 87 903
0 44 0
0 44 0
19.7551721787975 120 1422
25.8742281184459 119 1369
7.27683026369586 85 742
0 44 0
0 44 0
0 44 0
15.2308042349824 119 1375
12.1252153058546 99 911
21.1835930218499 98 460
4.29514576523987 80 630
46.0761047644231 129 1764
0 44 0
18.8626591771234 118 1357
2.9646385544787 77 528
10.9444415907739 85 820
22.9112491289578 87 903
43.7385789505761 161 2242
41.2724406084902 180 1971
0 44 0
18.9223033640187 144 1637
60.2746428452883 196 2279
43.1140428240812 159 2149
0 44 0
0 44 0
32.7038314093369 125 1600
0 44 0
46.0761047644231 129 1764
0 44 0
0 44 0
24.4791255187158 117 1296
0 44 0
0 44 0
0 44 0
0 44 0
0 44 0
17.8981521647709 121 1450
66.0965047026736 197 2867
28.7948445587541 158 1682
0 44 0
12.5882769078995 105 1010
14.9334608024857 86 861
37.331953540557 127 1681
22.9112491289578 87 903
0 44 0
0 44 0
2.39414572698261 75 465
0 44 0
22.9112491289578 87 903
0 44 0
14.9334608024857 86 861
4.96022644764415 81 666
0 44 0
0 44 0
0 44 0
44.188696284185 161 2251
0 44 0
0 44 0
7.61264258794267 62 46
11.4842611572311 83 361
0 44 0
22.9112491289578 87 903
0 44 0
0 44 0
0 44 0
0 44 0
0 44 0
0 44 0
0 44 0
36.8340601430966 185 2469
14.9334608024857 86 861
0 44 0
0 44 0
14.8933811755871 88 303
27.7334851003008 121 1464
107.25176407056 248 3872
0 44 0
4.03387190005552 81 330
22.9112491289578 87 903
2.19537903264426 77 286
0 44 0
46.6877018229952 182 1892
0 44 0
0 44 0
17.6962444890822 114 792
10.9444415907739 85 820
57.7971332962776 191 2638
0 44 0
0 44 0
22.9112491289578 87 903
22.9112491289578 87 903
0 44 0
0 44 0
37.331953540557 127 1681
61.0042074178868 168 2503
4.96022644764415 81 666
0 44 0
3.32757043395396 78 561
23.5499385018516 117 854
10.9444415907739 85 820
12.9023858973729 137 1209
14.5792718688769 97 350
20.3651924606961 109 1024
0 44 0
0 44 0
0 44 0
51.1443128544224 161 2224
0 44 0
0 44 0
0 44 0
0 44 0
46.8677421978543 150 1354
0 44 0
46.0761047644231 129 1764
6.95515657431371 83 741
0 44 0
2.39414572698261 75 465
22.9112491289578 87 903
0 44 0
18.0047196346913 115 1267
25.4089718338437 110 1156
0 44 0
31.8228090521605 146 1764
5.73810486553678 103 677
14.9334608024857 86 861
0 44 0
14.5845136597722 93 576
0 44 0
0 44 0
14.9967495385069 110 1057
0 44 0
0 44 0
0.810698245632039 63 171
8.94525997788596 88 463
0 44 0
16.6840852749559 114 1191
88.9202660692154 233 3517
0 44 0
0 44 0
46.0761047644231 129 1764
48.4460594126186 194 2538
22.9112491289578 87 903
0 44 0
0.677912364893011 61 136
47.4600966038186 156 2059
46.0761047644231 129 1764
8.55092539489437 84 780
15.6713753043698 115 902
32.7038314093369 125 1600
29.7509741098575 126 1641
0 44 0
14.9334608024857 86 861
0 44 0
0 44 0
0 44 0
26.800517792548 159 1508
5.05614456549351 92 561
0 44 0
0 44 0
38.2202624364177 153 1950
0 44 0
0 44 0
22.9112491289578 87 903
14.0659861023062 130 1302
24.2744633448688 95 931
0 44 0
0 44 0
14.9334608024857 86 861
3.32757043395396 78 561
0 44 0
6.95515657431371 83 741
10.9444415907739 85 820
50.6931317881452 197 2289
22.9112491289578 87 903
10.9444415907739 85 820
4.96022644764415 81 666
8.55092539489437 84 780
0 44 0
22.9112491289578 87 903
8.55092539489437 84 780
6.83363907935039 105 930
22.9112491289578 87 903
53.7283733499468 165 2394
0 44 0
0 44 0
0 44 0
0 44 0
0 44 0
3.76301449060507 79 595
0 44 0
22.9112491289578 87 903
28.226774750676 122 1498
36.2291653173418 158 1674
2.45777991769157 57 32
22.9112491289578 87 903
0 44 0
8.55092539489437 84 780
0 44 0
0 44 0
0 44 0
22.9112491289578 87 903
0 44 0
13.4130644620815 116 1264
0.329801156354552 54 45
69.4938166155414 170 2584
23.2796935219123 115 1225
0 44 0
1.2516832401797 68 276
6.95515657431371 83 741
6.42969065201784 67 81
22.9112491289578 87 903
0 44 0
10.9444415907739 85 820
2.39414572698261 75 465
22.9112491289578 87 903
0 44 0
0 44 0
22.2171093354894 113 1156
0 44 0
0 44 0
5.71377342340038 69 102
0 44 0
10.9444415907739 85 820
6.95515657431371 83 741
5.8152395966528 82 703
0 44 0
0 44 0
0 44 0
36.247493781332 158 2113
22.9112491289578 87 903
8.55092539489437 84 780
0 44 0
0 44 0
0 44 0
0 44 0
0 44 0
0 44 0
16.5856102195968 104 1014
63.3628617019883 198 2902
0 44 0
0 44 0
36.7155090327288 150 1822
20.898633093267 110 966
14.9334608024857 86 861
0 44 0
30.0533635767572 168 1933
6.95515657431371 83 741
11.3763101823588 112 1158
22.9112491289578 87 903
0 44 0
41.5581530604773 155 2059
6.95515657431371 83 741
129.441430906148 281 4571
42.7137972735746 159 2177
0 44 0
0 44 0
0 44 0
32.7038314093369 125 1600
0 44 0
0 44 0
0 44 0
14.9334608024857 86 861
14.9334608024857 86 861
33.9874584963895 164 1761
9.8652775551418 92 553
22.9112491289578 87 903
2.9646385544787 77 528
0 44 0
0 44 0
0 44 0
0 44 0
0 44 0
27.5630255700351 121 1444
0 44 0
22.9112491289578 87 903
32.2334535012105 126 1644
0 44 0
0 44 0
27.7334851003008 121 1464
0 44 0
0 44 0
0 44 0
25.8742281184459 119 1369
3.54341717627156 80 562
0 44 0
79.1320895292628 224 3227
0 44 0
22.9112491289578 87 903
36.4811173944678 126 1264
22.9112491289578 87 903
7.15877195122297 96 654
14.9334608024857 86 861
0 44 0
0 44 0
0 44 0
14.9334608024857 86 861
0 44 0
40.8927717039696 163 2307
0 44 0
69.4938166155414 170 2584
3.76301449060507 79 595
26.8277209727809 151 1889
9.17023818789849 110 1065
0 44 0
105.244268061695 265 3997
0 44 0
63.4702796203243 202 3059
0 44 0
29.7754527830963 161 1824
0 44 0
22.9112491289578 87 903
44.4503455571983 164 2344
3.32757043395396 78 561
22.9112491289578 87 903
0 44 0
22.9112491289578 87 903
0 44 0
14.9334608024857 86 861
41.2207965299882 194 2278
0 44 0
48.614541398315 158 2128
3.32757043395396 78 561
0 44 0
4.29514576523987 80 630
0 44 0
0 44 0
22.9112491289578 87 903
0 44 0
27.2935328272338 141 1564
0 44 0
0 44 0
12.8358704222739 78 134
0 44 0
53.0128467648163 187 2492
0 44 0
23.952350519052 91 909
49.3448619613312 146 1900
0 44 0
11.4195486337727 112 1126
29.7878678248718 156 2060
25.7696937550169 113 1228
0 44 0
8.55092539489437 84 780
22.9112491289578 87 903
0 44 0
42.5593108993416 157 1127
0 44 0
0 44 0
14.9334608024857 86 861
14.9334608024857 86 861
22.9112491289578 87 903
6.95515657431371 83 741
22.9112491289578 87 903
0 44 0
0 44 0
2.6574820309277 76 496
3.43923169738311 89 556
22.9112491289578 87 903
0 44 0
1.85670057852284 54 21
0 44 0
0.810698245632039 63 171
39.5053251359201 154 1964
0 44 0
25.8742281184459 119 1369
0 44 0
28.8461703622747 123 1533
0 44 0
10.1649005804234 99 579
0 44 0
32.2334535012105 126 1644
17.2734479064876 101 784
5.17534805271526 99 759
47.9126993059942 165 2389
0 44 0
73.8516912207866 185 2689
0 44 0
0.741889499652446 62 153
10.9444415907739 85 820
23.7247584202324 124 1564
22.9112491289578 87 903
17.9956691437337 103 841
16.5748933866458 99 729
0 44 0
2.39647216895392 81 380
0 44 0
38.3097018865957 158 1578
0 44 0
102.637940614595 244 3925
37.331953540557 127 1681
8.55092539489437 84 780
0 44 0
22.9112491289578 87 903
31.9012330107038 158 2118
11.9210523539301 96 495
14.9334608024857 86 861
24.4791255187158 117 1296
22.9112491289578 87 903
61.0042074178868 168 2503
0 44 0
33.6347142503207 168 2022
22.9112491289578 87 903
0.151089794454646 49 10
65.284805538199 197 2860
0 44 0
14.9334608024857 86 861
0 44 0
0 44 0
24.4795817574068 98 958
41.5773315932333 157 2074
97.2411620065756 248 3380
0 44 0
0 44 0
22.9112491289578 87 903
0 44 0
0.183728773858605 50 15
14.9334608024857 86 861
13.4130644620815 116 1264
0 44 0
83.10453512678 226 2927
14.9334608024857 86 861
0 44 0
8.55092539489437 84 780
0 44 0
0 44 0
39.732540767884 163 1984
51.5823787243254 161 2260
1.36610460946502 69 300
0 44 0
4.96022644764415 81 666
0 44 0
0 44 0
46.2513035783114 192 2703
0 44 0
0 44 0
0 44 0
22.9112491289578 87 903
0 44 0
1.49250178513032 70 325
9.10716199572482 75 225
0 44 0
14.9334608024857 86 861
37.5494778622225 169 1920
55.3788828339607 173 2443
0.618258644281703 60 120
0.741889499652446 62 153
0 44 0
0 44 0
22.9112491289578 87 903
0 44 0
0.329801156354552 54 45
14.2044959753005 118 1341
34.0690968272526 131 1219
0 44 0
7.37162704506978 110 750
0 44 0
0.329801156354552 54 45
0.151089794454646 49 10
0 44 0
5.8152395966528 82 703
30.7204958746225 125 1606
0 44 0
0 44 0
0 44 0
0 44 0
34.5183864516311 127 1683
80.6274126913346 239 3098
32.2334535012105 126 1644
37.5747429501714 145 1716
1.14760009519095 67 253
0 44 0
0 44 0
22.9033762670764 163 1630
0 44 0
8.55092539489437 84 780
0.810698245632039 63 171
0 44 0
12.4195210827028 102 813
0 44 0
24.7248762199552 130 829
0 44 0
0 44 0
0 44 0
0 44 0
0 44 0
0 44 0
29.062270833604 135 1014
14.9334608024857 86 861
0 44 0
6.95515657431371 83 741
22.9112491289578 87 903
0 44 0
0 44 0
32.2334535012105 126 1644
0 44 0
39.1183246890893 132 1691
0 44 0
0 44 0
25.2789651052552 124 1561
0 44 0
0 44 0
0 44 0
5.8152395966528 82 703
90.7553274262791 229 3495
22.9112491289578 87 903
0.0593359235798151 46 1
6.85284965620245 99 735
22.9112491289578 87 903
22.9112491289578 87 903
19.1713817553806 117 1036
0 44 0
34.5183864516311 127 1683
0 44 0
8.28549196548188 101 547
1.78969752803836 72 378
9.10716199572482 75 225
0 44 0
53.0451657618826 163 2225
20.3782018360532 142 1564
0 44 0
0 44 0
27.5630255700351 121 1444
10.9444415907739 85 820
22.9112491289578 87 903
0 44 0
0 44 0
58.9720126200607 193 2217
26.0787329539515 115 1281
37.1376237897 180 1831
22.9112491289578 87 903
12.8402684705434 116 1276
0 44 0
29.721946554904 123 1521
68.9005798907252 188 2597
13.0393882471404 109 1096
0.253295969340565 52 28
0 44 0
8.55092539489437 84 780
0 44 0
0.677912364893011 61 136
22.9112491289578 87 903
4.29514576523987 80 630
0 44 0
78.09143264586 225 3079
0 44 0
0 44 0
12.7012835397055 87 441
10.9444415907739 85 820
41.2311689717399 126 1138
14.9334608024857 86 861
0 44 0
1.14760009519095 67 253
34.5183864516311 127 1683
0 44 0
1.84686301866565 63 87
8.55092539489437 84 780
0.371139099508641 55 55
22.9112491289578 87 903
0 44 0
4.29514576523987 80 630
0 44 0
0 44 0
22.9112491289578 87 903
0 44 0
81.0056268612208 216 3171
46.0761047644231 129 1764
7.93567898956643 71 169
0 44 0
0 44 0
29.7509741098575 126 1641
0 44 0
0 44 0
0 44 0
10.9444415907739 85 820
3.32757043395396 78 561
0.329801156354552 54 45
0 44 0
46.0761047644231 129 1764
0 44 0
0 44 0
0 44 0
4.93516386198786 84 333
0.253295969340565 52 28
37.331953540557 127 1681
0 44 0
2.02537353408411 51 9
5.8152395966528 82 703
0 44 0
59.2522337721622 171 1750
29.6020825213219 127 1508
5.78090051405931 101 804
0 44 0
0 44 0
48.9244364783384 141 1830
0 44 0
0 44 0
0 44 0
0 44 0
41.5773315932333 157 2074
22.9112491289578 87 903
29.8174465174873 164 1831
29.7509741098575 126 1641
0.329801156354552 54 45
0 44 0
22.9112491289578 87 903
0.618258644281703 60 120
32.7038314093369 125 1600
27.252662735991 145 1304
22.9112491289578 87 903
38.5613151114424 156 1600
69.7757084198687 191 2360
0 44 0
10.9444415907739 85 820
0 44 0
1.36610460946502 69 300
67.7963124845055 200 2977
0 44 0
9.69131453048994 119 946
38.458026756573 154 2034
0 44 0
0 44 0
4.96022644764415 81 666
0 44 0
14.9334608024857 86 861
1.36610460946502 69 300
0 44 0
0.618258644281703 60 120
0 44 0
22.9112491289578 87 903
0 44 0
0 44 0
0 44 0
69.4938166155414 170 2584
27.8506476954035 142 1294
0 44 0
46.0761047644231 129 1764
14.9334608024857 86 861
8.8902369610872 104 874
19.1233958385392 114 834
0 44 0
18.8377816998298 121 1446
32.7038314093369 125 1600
2.39414572698261 75 465
51.0175526846271 159 2199
10.9444415907739 85 820
0 44 0
0 44 0
24.1098514728714 150 1832
0 44 0
20.4648505206814 120 1407
8.55092539489437 84 780
0 44 0
25.5185264076986 111 1179
32.2334535012105 126 1644
0 44 0
0 44 0
34.2348596246944 152 1897
54.7151190212849 164 2341
0 44 0
0 44 0
0 44 0
0 44 0
17.1712735141272 110 1137
6.95515657431371 83 741
5.8152395966528 82 703
16.0692157564603 119 1381
10.9444415907739 85 820
6.95515657431371 83 741
0 44 0
0 44 0
0 44 0
22.9112491289578 87 903
17.7151082961851 116 1261
4.29514576523987 80 630
22.9112491289578 87 903
0 44 0
54.7365913821304 166 2430
14.9334608024857 86 861
1.63287568923419 71 351
10.9444415907739 85 820
1.2516832401797 68 276
39.6892826270862 171 2033
61.0042074178868 168 2503
46.0761047644231 129 1764
21.6503997819047 158 1644
0.730674493866357 52 16
0 44 0
66.6744019697397 191 2775
0 44 0
0 44 0
8.43988955367799 90 334
22.9112491289578 87 903
8.55092539489437 84 780
51.4114245471372 183 2493
1.63287568923419 71 351
42.5894884156165 160 1857
0 44 0
0 44 0
0 44 0
0 44 0
80.3516344261373 207 3250
35.4067382575149 147 1761
0 44 0
0 44 0
0 44 0
69.9881875554346 202 2426
0 44 0
3.51557322310253 90 555
91.7530217274226 230 3074
0 44 0
0 44 0
0 44 0
37.331953540557 127 1681
0 44 0
27.7334851003008 121 1464
29.6818494501245 142 1604
18.8377816998298 121 1446
0 44 0
0.08913496144354 47 3
24.8896745418693 104 1039
0 44 0
0 44 0
19.1996849047021 126 1306
0 44 0
76.9774356653439 202 3044
0 44 0
66.1330622173343 190 2360
0 44 0
29.7509741098575 126 1641
0 44 0
0 44 0
0 44 0
0 44 0
4.96022644764415 81 666
46.0761047644231 129 1764
35.3044744767399 165 1435
0 44 0
14.9334608024857 86 861
0 44 0
6.09374112289517 90 510
32.5301718518263 150 1638
22.9112491289578 87 903
0 44 0
69.4938166155414 170 2584
31.6015164712268 125 1054
13.4130644620815 116 1264
0 44 0
5.53489125630156 72 183
0 44 0
0 44 0
15.9351352819486 94 889
0 44 0
0 44 0
24.9646989152236 105 1056
20.4648505206814 120 1407
8.11423444641014 107 1003
0 44 0
0 44 0
2.62161380799468 83 433
15.4839615618848 117 1298
4.96022644764415 81 666
23.0929696384138 150 1470
22.4589615036295 122 1483
6.95515657431371 83 741
0 44 0
0 44 0
8.55092539489437 84 780
0 44 0
22.9112491289578 87 903
0 44 0
0 44 0
16.6712431105007 120 1410
18.9352295639532 92 361
0 44 0
0 44 0
20.7488801085657 143 1108
34.7525931501562 152 1957
9.74535389729556 112 1138
22.9112491289578 87 903
0 44 0
0 44 0
0 44 0
37.331953540557 127 1681
0 44 0
56.4974390018911 201 2473
0 44 0
1.36610460946502 69 300
137.803176136209 312 4526
0 44 0
10.9444415907739 85 820
17.7151082961851 116 1261
0 44 0
4.96022644764415 81 666
2.9646385544787 77 528
0 44 0
46.6469023893913 163 2310
0 44 0
13.1830914950644 110 1120
45.9504751659475 160 1785
14.9334608024857 86 861
1.05250187499359 66 231
0 44 0
22.9112491289578 87 903
2.39414572698261 75 465
46.0761047644231 129 1764
22.9112491289578 87 903
0 44 0
22.9112491289578 87 903
16.5856102195968 104 1014
22.9112491289578 87 903
0 44 0
0.329801156354552 54 45
47.1210381697321 161 1367
18.9729775246241 98 370
6.95515657431371 83 741
0 44 0
1.36610460946502 69 300
0 44 0
22.9112491289578 87 903
4.29514576523987 80 630
14.9334608024857 86 861
15.9670515441608 120 1115
0 44 0
14.9334608024857 86 861
0 44 0
62.2557888095168 220 2702
41.5773315932333 157 2074
1.96605582677995 73 406
13.8585519716973 135 1407
10.6597712311455 110 1060
0 44 0
0 44 0
0 44 0
0 44 0
22.9112491289578 87 903
0 44 0
0 44 0
100.967800969614 262 2801
0 44 0
2.16586226660004 74 435
0.217737074637575 51 21
0 44 0
0 44 0
8.2884731037979 109 1044
10.6597712311455 110 1060
0 44 0
6.95515657431371 83 741
52.9815862418739 164 2359
13.947346133202 91 529
3.32757043395396 78 561
2.14068125256005 78 372
5.8152395966528 82 703
0 44 0
14.9334608024857 86 861
0 44 0
0 44 0
0 44 0
0 44 0
19.5335958497774 107 961
7.09559626906851 96 469
38.3533061595606 128 1723
27.2935328272338 141 1564
0 44 0
10.9444415907739 85 820
0 44 0
0.08913496144354 47 3
14.9334608024857 86 861
0 44 0
1.05250187499359 66 231
0 44 0
2.9646385544787 77 528
46.0761047644231 129 1764
6.95515657431371 83 741
51.2195116550444 148 1887
0 44 0
3.76301449060507 79 595
46.0761047644231 129 1764
0 44 0
2.6574820309277 76 496
14.9334608024857 86 861
0 44 0
0 44 0
0 44 0
14.9334608024857 86 861
0 44 0
22.2650752499265 147 1771
5.8152395966528 82 703
0 44 0
0 44 0
13.0393882471404 109 1096
0 44 0
24.4791255187158 117 1296
23.0000319999907 128 1141
0 44 0
38.3533061595606 128 1723
0 44 0
0 44 0
0.0593359235798151 46 1
0 44 0
5.8152395966528 82 703
5.12537718451327 70 157
6.95515657431371 83 741
0.253295969340565 52 28
5.8152395966528 82 703
0 44 0
24.0422295037824 92 913
22.9112491289578 87 903
0 44 0
34.5183864516311 127 1683
41.1194405492686 161 2239
26.4727851341749 117 1338
0 44 0
0 44 0
22.9112491289578 87 903
51.5823787243254 161 2260
0 44 0
0.741889499652446 62 153
23.2796935219123 115 1225
0 44 0
22.9112491289578 87 903
0 44 0
0 44 0
0 44 0
0 44 0
0 44 0
22.9112491289578 87 903
7.86448708354979 106 939
8.55092539489437 84 780
0 44 0
22.9112491289578 87 903
3.17129190697639 79 529
0 44 0
1.2516832401797 68 276
46.0761047644231 129 1764
0 44 0
0 44 0
0.562486565939974 59 105
3.0263190839331 73 202
0 44 0
0 44 0
5.21064074446941 89 619
0 44 0
0 44 0
12.089693928672 85 400
9.40019111330714 90 507
0 44 0
6.95515657431371 83 741
0 44 0
10.9444415907739 85 820
23.4098767831922 134 1366
40.0473138069076 159 2179
0 44 0
86.6112112247675 227 3050
56.5296740635791 166 2424
22.9112491289578 87 903
61.0999757341188 166 2088
22.9112491289578 87 903
0 44 0
110.138703498046 305 3818
1.14760009519095 67 253
44.6387466917308 134 770
6.95515657431371 83 741
29.6467404345696 124 1569
3.32757043395396 78 561
46.0761047644231 129 1764
1.2516832401797 68 276
0 44 0
5.53489125630156 72 183
14.9334608024857 86 861
0 44 0
0 44 0
0 44 0
62.0255600368905 169 2544
0 44 0
0 44 0
0 44 0
46.0761047644231 129 1764
4.96022644764415 81 666
22.9112491289578 87 903
34.5183864516311 127 1683
29.6467404345696 124 1569
22.9112491289578 87 903
21.618922877171 144 1699
17.7151082961851 116 1261
14.9334608024857 86 861
26.6696267339072 127 873
24.8175186405597 103 1023
72.8171135872178 198 2890
19.4934359654114 138 1460
0 44 0
14.9334608024857 86 861
0 44 0
0 44 0
101.793014124892 282 4069
1.2516832401797 68 276
2.12664039573362 59 51
0 44 0
1.36610460946502 69 300
42.3205083042867 159 2157
4.96022644764415 81 666
22.9112491289578 87 903
0.253295969340565 52 28
108.081212410375 246 3988
38.7955291497101 158 2128
0 44 0
0 44 0
13.947346133202 91 529
0 44 0
4.96022644764415 81 666
101.261967479822 245 3951
0 44 0
0.965260255664313 65 210
43.5302310346043 181 2307
16.9242686932419 119 1371
0 44 0
0 44 0
0 44 0
0 44 0
17.7390224556183 120 817
0 44 0
31.7258540402655 141 1543
103.386293541989 243 3134
46.0761047644231 129 1764
0 44 0
0.884926798689837 64 190
14.9334608024857 86 861
0 44 0
0 44 0
0 44 0
3.76301449060507 79 595
0 44 0
89.6540154401758 252 3624
8.55092539489437 84 780
0 44 0
22.9112491289578 87 903
2.9646385544787 77 528
22.9112491289578 87 903
0 44 0
0 44 0
14.9773033588234 117 1316
0 44 0
0 44 0
1.36610460946502 69 300
38.3533061595606 128 1723
0.810698245632039 63 171
0 44 0
26.7147431130744 118 1368
34.0914523015666 153 1936
17.5813467448508 118 882
0.810698245632039 63 171
3.32757043395396 78 561
78.7919907076381 204 3127
0 44 0
19.263800640759 119 1389
0 44 0
1.07722867101584 58 51
0 44 0
47.5584758930595 157 1613
21.2221639702344 130 1467
0 44 0
0 44 0
0 44 0
64.2742173464269 229 3370
0 44 0
14.9334608024857 86 861
22.9112491289578 87 903
0 44 0
27.5630255700351 121 1444
26.7147431130744 118 1368
6.95515657431371 83 741
1.78969752803836 72 378
5.8152395966528 82 703
0 44 0
10.9444415907739 85 820
2.48701966472648 76 256
0 44 0
38.3533061595606 128 1723
0 44 0
0 44 0
22.9112491289578 87 903
27.5630255700351 121 1444
7.91806296796202 106 979
0 44 0
0 44 0
84.9280393402883 208 3285
27.7334851003008 121 1464
38.3533061595606 128 1723
0 44 0
17.8981521647709 121 1450
0.677912364893011 61 136
4.29514576523987 80 630
90.8076689629917 263 3978
0 44 0
0 44 0
0 44 0
4.96022644764415 81 666
6.76906693701737 67 121
0 44 0
8.55092539489437 84 780
22.9112491289578 87 903
26.414430897734 128 1351
0 44 0
3.76301449060507 79 595
69.0056729604911 216 2794
0 44 0
0 44 0
22.9112491289578 87 903
0 44 0
0 44 0
0 44 0
5.8152395966528 82 703
37.7368616517324 151 1857
0 44 0
8.55092539489437 84 780
22.9112491289578 87 903
32.2334535012105 126 1644
13.3441045202536 111 1145
22.9112491289578 87 903
0 44 0
37.331953540557 127 1681
14.9334608024857 86 861
29.0562720517218 133 1473
12.9464350055951 101 532
31.5686449581999 122 581
0 44 0
3.8384181137801 57 36
3.32757043395396 78 561
22.9112491289578 87 903
74.4290600566307 191 2794
0 44 0
46.0761047644231 129 1764
22.9112491289578 87 903
35.4477644408681 164 1873
0 44 0
0 44 0
0 44 0
14.9334608024857 86 861
22.2293798507385 123 1527
6.95515657431371 83 741
0 44 0
0 44 0
1.63287568923419 71 351
0 44 0
0 44 0
0 44 0
52.9815862418739 164 2359
9.62314337711062 93 420
22.9112491289578 87 903
48.3081576909801 178 2228
0 44 0
6.95515657431371 83 741
20.3651924606961 109 1024
2.74084504666016 84 429
6.95515657431371 83 741
0 44 0
0 44 0
0 44 0
51.5823787243254 161 2260
26.7379712018087 115 536
17.4841937194436 133 1381
0 44 0
0 44 0
0 44 0
0 44 0
22.9112491289578 87 903
0 44 0
22.9112491289578 87 903
16.8517734221483 120 1415
0.183728773858605 50 15
0 44 0
46.6469023893913 163 2310
0 44 0
22.9112491289578 87 903
0 44 0
22.9112491289578 87 903
5.8152395966528 82 703
0 44 0
0 44 0
52.2844812161229 199 2633
22.9112491289578 87 903
0 44 0
0 44 0
0 44 0
32.7038314093369 125 1600
52.1121127914292 183 2377
0 44 0
29.7509741098575 126 1641
0 44 0
3.32757043395396 78 561
1.96605582677995 73 406
0 44 0
30.4235032445051 140 1599
8.55092539489437 84 780
25.2789651052552 124 1561
22.9112491289578 87 903
0.290587504770402 53 36
8.4094492087003 102 816
0 44 0
0 44 0
0 44 0
45.0098389741756 153 1555
0 44 0
40.4753429443396 166 2010
0 44 0
46.0761047644231 129 1764
24.6794351813245 101 994
2.6574820309277 76 496
0 44 0
31.1358821526573 146 1744
0 44 0
22.9112491289578 87 903
0 44 0
33.4576528106265 149 1846
8.55092539489437 84 780
0 44 0
0 44 0
0 44 0
0 44 0
14.3393320952544 115 1227
0 44 0
0 44 0
39.7411338916901 183 1664
0 44 0
10.9444415907739 85 820
0 44 0
0 44 0
0 44 0
0 44 0
22.9112491289578 87 903
18.6052634976728 128 1243
0 44 0
0 44 0
29.6467404345696 124 1569
22.9112491289578 87 903
83.9392713429974 235 3566
0 44 0
22.9112491289578 87 903
0 44 0
37.331953540557 127 1681
14.9334608024857 86 861
0 44 0
0 44 0
14.9334608024857 86 861
1.49250178513032 70 325
0.329801156354552 54 45
22.9112491289578 87 903
14.5845136597722 93 576
0 44 0
25.2789651052552 124 1561
0 44 0
0 44 0
0 44 0
0 44 0
21.253931996661 111 1089
8.55092539489437 84 780
25.1260577541451 107 1093
0 44 0
0 44 0
0 44 0
0 44 0
51.9519917484942 162 2292
50.1467250473991 154 2064
0 44 0
0 44 0
0 44 0
0 44 0
87.795017104036 210 3286
47.5445127385716 163 2303
0 44 0
0 44 0
0 44 0
0 44 0
0 44 0
14.9334608024857 86 861
33.7601908731746 112 997
0 44 0
22.9112491289578 87 903
22.9112491289578 87 903
66.6565414688615 197 2078
43.1786748909819 162 2274
113.069752931609 301 3937
14.9334608024857 86 861
1.05250187499359 66 231
14.9334608024857 86 861
22.9112491289578 87 903
0.810698245632039 63 171
24.4791255187158 117 1296
34.5183864516311 127 1683
22.9112491289578 87 903
1.96605582677995 73 406
3.95246454272655 91 619
26.0787329539515 115 1281
50.7052141407454 186 2088
43.8642646349088 172 2009
18.5803362427938 136 1451
0 44 0
43.7643584367918 174 1958
14.9334608024857 86 861
14.9334608024857 86 861
14.5845136597722 93 576
0 44 0
10.9444415907739 85 820
0 44 0
0 44 0
0 44 0
0 44 0
47.509620513473 165 1935
25.2139522079393 108 1113
35.1125701376956 166 1883
16.8517734221483 120 1415
24.4791255187158 117 1296
10.9444415907739 85 820
0 44 0
4.96022644764415 81 666
0 44 0
40.1574526369637 144 1558
22.9112491289578 87 903
46.0761047644231 129 1764
25.5185264076986 111 1179
3.76301449060507 79 595
0 44 0
25.8742281184459 119 1369
6.95515657431371 83 741
22.9112491289578 87 903
6.95515657431371 83 741
52.9815862418739 164 2359
0 44 0
31.5764625769375 149 1454
34.5183864516311 127 1683
19.6932413668747 116 847
0 44 0
26.4727851341749 117 1338
22.9112491289578 87 903
22.9112491289578 87 903
0 44 0
0 44 0
10.9444415907739 85 820
0 44 0
0 44 0
14.9334608024857 86 861
14.9334608024857 86 861
0 44 0
1.36610460946502 69 300
30.1772737981529 139 1597
0 44 0
29.3208891435582 129 1472
22.9112491289578 87 903
0 44 0
0 44 0
0 44 0
20.5981692430458 101 910
0 44 0
0 44 0
30.7204958746225 125 1606
0 44 0
29.7509741098575 126 1641
0 44 0
37.331953540557 127 1681
4.53855110900579 96 686
0 44 0
19.1620408869653 145 1686
0 44 0
54.1515304526632 183 1882
30.3485372307576 143 1356
22.9112491289578 87 903
22.2171093354894 113 1156
22.9112491289578 87 903
10.9444415907739 85 820
27.5886906711104 154 1320
14.9334608024857 86 861
68.7254019033124 203 2540
0 44 0
22.9112491289578 87 903
84.1282114410695 264 3600
54.7151190212849 164 2341
7.12489544620451 100 856
0 44 0
0 44 0
21.165770510723 122 1491
11.1127588056652 127 1201
0 44 0
14.5812869518768 116 1285
0.510209769061949 58 91
8.46864988623548 109 1036
0 44 0
0 44 0
15.7424648738181 91 871
0 44 0
0 44 0
0 44 0
0 44 0
0 44 0
0 44 0
11.3408173233609 98 703
46.0761047644231 129 1764
9.74445461602852 107 775
46.0761047644231 129 1764
0 44 0
22.9112491289578 87 903
14.9334608024857 86 861
0 44 0
34.2348596246944 152 1897
0 44 0
37.09227141898 156 2079
0 44 0
54.7144017424414 198 2398
28.8461703622747 123 1533
0 44 0
46.0761047644231 129 1764
0 44 0
10.9444415907739 85 820
0 44 0
14.9334608024857 86 861
32.2334535012105 126 1644
32.7038314093369 125 1600
20.4648505206814 120 1407
0 44 0
8.55092539489437 84 780
16.9242686932419 119 1371
27.5630255700351 121 1444
0 44 0
0 44 0
0 44 0
46.1833487176995 155 1999
0.290587504770402 53 36
1.05250187499359 66 231
30.7204958746225 125 1606
34.8778373064978 152 1933
0 44 0
53.7283733499468 165 2394
30.925002299235 166 1966
8.55092539489437 84 780
96.9261403115978 243 3874
22.9112491289578 87 903
0.253295969340565 52 28
0 44 0
0 44 0
0.08913496144354 47 3
0 44 0
9.38457227430444 94 825
22.9112491289578 87 903
20.1553038959452 116 919
0.677912364893011 61 136
10.9444415907739 85 820
0 44 0
0 44 0
0.371139099508641 55 55
0 44 0
36.1990940050374 153 1930
24.0398283308919 137 1414
3.19784944479971 54 14
0 44 0
14.9334608024857 86 861
70.9009782579968 194 2788
36.2677024137479 170 1561
0.414820920693269 56 66
0 44 0
0 44 0
22.9112491289578 87 903
0 44 0
0 44 0
0 44 0
0 44 0
89.0950197521396 215 3068
22.9112491289578 87 903
4.96022644764415 81 666
38.012173335191 140 1489
0 44 0
37.331953540557 127 1681
23.4765874097339 146 1722
0 44 0
0 44 0
0 44 0
0 44 0
69.4938166155414 170 2584
6.95515657431371 83 741
40.2618365731713 153 1960
0 44 0
58.3442291058733 168 2505
4.29514576523987 80 630
0 44 0
0 44 0
48.5452559219192 169 2013
0 44 0
0 44 0
22.9112491289578 87 903
22.9112491289578 87 903
0 44 0
0 44 0
17.2734479064876 101 784
0.965260255664313 65 210
0 44 0
0 44 0
0 44 0
14.9334608024857 86 861
22.9112491289578 87 903
22.9112491289578 87 903
0 44 0
22.9112491289578 87 903
0 44 0
0 44 0
0 44 0
0 44 0
0.253295969340565 52 28
0 44 0
42.7137972735746 159 2177
6.8688146391354 97 808
14.8090938408402 114 852
1.96605582677995 73 406
46.0761047644231 129 1764
0 44 0
22.9112491289578 87 903
0 44 0
0 44 0
0 44 0
48.614541398315 158 2128
14.9334608024857 86 861
0 44 0
0.884926798689837 64 190
0 44 0
2.39414572698261 75 465
62.371567105785 174 1630
1.2516832401797 68 276
37.331953540557 127 1681
69.4938166155414 170 2584
0.884926798689837 64 190
0 44 0
34.5183864516311 127 1683
33.6738045654237 150 1872
32.7038314093369 125 1600
6.95515657431371 83 741
2.39414572698261 75 465
19.5335958497774 107 961
2.39414572698261 75 465
12.5856301428736 84 251
14.9334608024857 86 861
0 44 0
0 44 0
0 44 0
14.9334608024857 86 861
29.3290851145299 135 1504
0 44 0
0 44 0
14.9334608024857 86 861
0 44 0
0 44 0
34.5183864516311 127 1683
0 44 0
50.3404961199264 173 2151
1.82270071641086 75 315
0 44 0
0 44 0
0 44 0
0 44 0
22.9112491289578 87 903
5.12537718451327 70 157
0 44 0
22.9112491289578 87 903
0 44 0
0 44 0
27.8131505881359 153 1948
0 44 0
0 44 0
0 44 0
0 44 0
0 44 0
0 44 0
0 44 0
0 44 0
0 44 0
0 44 0
2.9646385544787 77 528
0 44 0
34.5183864516311 127 1683
10.9444415907739 85 820
14.9334608024857 86 861
10.9444415907739 85 820
0 44 0
0 44 0
26.0043134381446 134 1396
0 44 0
8.55092539489437 84 780
17.5612746192436 120 929
14.9334608024857 86 861
46.0761047644231 129 1764
4.18089498190811 94 636
0 44 0
0 44 0
0 44 0
56.1673267470354 167 2467
0 44 0
22.4589615036295 122 1483
0 44 0
47.9126993059942 165 2389
95.9765440048585 247 3608
13.4130644620815 116 1264
1.49250178513032 70 325
0 44 0
45.7523806738285 169 1910
31.2702251522357 131 1590
10.9444415907739 85 820
0 44 0
18.770689046319 99 375
14.9334608024857 86 861
0 44 0
34.0723301151199 146 1024
10.2056546681876 112 1147
0 44 0
1.2516832401797 68 276
0 44 0
38.9630191039382 150 1366
22.9112491289578 87 903
0 44 0
0 44 0
0 44 0
22.9112491289578 87 903
22.9112491289578 87 903
22.9112491289578 87 903
0 44 0
4.79474092092866 80 277
76.835237715088 203 3112
0 44 0
22.9112491289578 87 903
49.3590677808658 165 2386
0 44 0
13.0907342199965 127 1231
0 44 0
0 44 0
0 44 0
81.0703480435126 252 3155
32.7038314093369 125 1600
61.1888325196959 209 2765
3.76301449060507 79 595
25.2861223544017 134 1000
0 44 0
1.49250178513032 70 325
0.217737074637575 51 21
10.9444415907739 85 820
0 44 0
10.2882912911294 79 289
4.29514576523987 80 630
9.6703606094002 123 1093
22.9112491289578 87 903
22.9112491289578 87 903
15.9351352819486 94 889
0.253295969340565 52 28
81.7214275301151 214 2810
0 44 0
22.9112491289578 87 903
0 44 0
3.51557322310253 90 555
38.3533061595606 128 1723
3.76301449060507 79 595
3.32757043395396 78 561
0 44 0
17.3095066735861 139 1392
0 44 0
0 44 0
13.8052016743719 129 1208
0.08913496144354 47 3
32.2334535012105 126 1644
0 44 0
70.9544055536083 215 2971
38.8976333184231 178 2219
6.95515657431371 83 741
0 44 0
0 44 0
93.9788278512981 223 2743
0 44 0
60.7472625260003 200 2981
8.55092539489437 84 780
17.8135835519825 89 316
0 44 0
48.1850332006211 134 1774
46.0761047644231 129 1764
8.30189035553489 105 659
8.55092539489437 84 780
0 44 0
10.9444415907739 85 820
14.9334608024857 86 861
12.089693928672 85 400
0.290587504770402 53 36
8.55092539489437 84 780
64.8787414577096 191 2737
0 44 0
1.39721972429612 49 4
0 44 0
0 44 0
32.2334535012105 126 1644
22.9112491289578 87 903
8.37778839117861 102 912
0 44 0
1.2516832401797 68 276
25.0090821964904 165 1831
16.0560234806091 96 906
0 44 0
0 44 0
16.5097528480449 103 997
23.1410856611727 156 1615
0 44 0
74.7800289880596 225 3247
22.9112491289578 87 903
29.6467404345696 124 1569
36.5022777090886 138 1180
42.628092537828 175 1688
22.9112491289578 87 903
0 44 0
85.9493919592919 209 3325
0 44 0
23.7133615407216 113 571
0 44 0
0 44 0
0 44 0
0 44 0
0 44 0
0 44 0
26.1253861389062 132 1349
0 44 0
22.9112491289578 87 903
0 44 0
22.9112491289578 87 903
0 44 0
29.7509741098575 126 1641
0 44 0
2.39414572698261 75 465
0 44 0
0 44 0
2.2283437325575 75 245
0 44 0
22.9112491289578 87 903
0 44 0
22.9112491289578 87 903
25.2789651052552 124 1561
0 44 0
0.965260255664313 65 210
21.2575270838741 151 1490
7.72326376098197 93 786
8.55092539489437 84 780
0 44 0
0 44 0
24.2744633448688 95 931
22.9112491289578 87 903
41.702760307415 158 1817
22.9112491289578 87 903
0 44 0
86.9451599155977 231 3112
0 44 0
34.8557974653847 140 938
0 44 0
35.6994794363279 154 1998
2.16586226660004 74 435
22.9112491289578 87 903
0 44 0
0 44 0
4.96022644764415 81 666
16.8533264092097 129 1266
22.2171093354894 113 1156
78.7919907076381 204 3127
0 44 0
22.9112491289578 87 903
32.7038314093369 125 1600
0 44 0
0 44 0
26.9939956307996 109 1022
0 44 0
27.3313471688595 120 1431
0 44 0
0 44 0
50.1463452240993 179 2452
4.85970895217905 88 658
0 44 0
0 44 0
3.32757043395396 78 561
0 44 0
0 44 0
22.9112491289578 87 903
22.9112491289578 87 903
8.55092539489437 84 780
64.1634790073685 182 2563
0 44 0
0 44 0
0 44 0
13.7415731439085 123 1098
34.5183864516311 127 1683
0 44 0
0 44 0
14.9334608024857 86 861
13.4364805355871 117 1308
0 44 0
6.83363907935039 105 930
0 44 0
8.42686229799689 107 759
0 44 0
0 44 0
30.6772402603838 136 1097
0 44 0
12.4195210827028 102 813
5.8152395966528 82 703
0 44 0
0 44 0
0 44 0
22.9112491289578 87 903
32.2376751084131 142 1722
13.5260406731847 112 1171
0 44 0
59.5243436813729 181 2065
14.9334608024857 86 861
32.4500128269893 148 1823
63.4852132928263 199 2142
6.95515657431371 83 741
46.0761047644231 129 1764
14.9334608024857 86 861
0 44 0
0 44 0
28.9174663448137 140 1549
2.9646385544787 77 528
0 44 0
0 44 0
25.8742281184459 119 1369
50.0580948328934 166 2426
19.5335958497774 107 961
16.8442742749295 107 1071
22.9112491289578 87 903
126.386282656112 304 4226
0 44 0
10.9444415907739 85 820
0 44 0
0 44 0
0 44 0
43.0160340164706 164 1987
0 44 0
30.7204958746225 125 1606
0 44 0
0 44 0
0 44 0
0 44 0
24.0386725208417 144 1626
31.73431455425 128 1473
14.9334608024857 86 861
46.0761047644231 129 1764
0 44 0
0 44 0
0.329801156354552 54 45
14.9334608024857 86 861
69.2539750072611 201 3025
0 44 0
3.32757043395396 78 561
21.5795466986734 123 1523
15.0051237289733 101 517
0 44 0
0 44 0
0 44 0
5.02012953831141 98 751
2.39414572698261 75 465
2.39414572698261 75 465
22.9112491289578 87 903
1.96605582677995 73 406
0.183728773858605 50 15
30.3697910913629 135 1464
0 44 0
15.2308042349824 119 1375
0 44 0
0 44 0
102.0395416144 290 4292
22.9112491289578 87 903
24.0040281774256 116 785
0 44 0
0 44 0
0 44 0
24.8896745418693 104 1039
22.9112491289578 87 903
0 44 0
100.637355884865 254 3584
22.9112491289578 87 903
0 44 0
0 44 0
34.8060278103787 135 1645
0 44 0
67.117868385277 220 3035
0 44 0
0 44 0
0 44 0
19.7668820444528 101 385
0 44 0
42.6093309970892 175 2147
0 44 0
3.76301449060507 79 595
0 44 0
3.32757043395396 78 561
22.9112491289578 87 903
46.0761047644231 129 1764
68.6313251891086 192 2689
62.9589717863743 216 2998
14.9334608024857 86 861
9.69544913983503 99 885
0 44 0
0 44 0
37.5777906049665 148 1893
0 44 0
0 44 0
0 44 0
0 44 0
4.29514576523987 80 630
39.0187917686086 157 1799
8.55092539489437 84 780
0 44 0
61.8252847794432 195 2280
22.9112491289578 87 903
14.9334608024857 86 861
30.4120731115039 132 1393
0 44 0
0 44 0
25.5074462183018 148 1760
28.8461703622747 123 1533
56.0740376212844 188 2527
0 44 0
14.9334608024857 86 861
18.9352295639532 92 361
13.31852676128 133 1377
1.14760009519095 67 253
46.4356159836828 154 1992
18.942577333975 118 1333
40.1584439165551 171 1588
3.77403359604726 79 295
0 44 0
0 44 0
8.27893659276724 85 269
0 44 0
23.342094998746 124 1484
38.6079336029621 158 2116
0 44 0
0 44 0
46.0761047644231 129 1764
2.9646385544787 77 528
0.414820920693269 56 66
0 44 0
4.69417339888993 75 227
88.7830615722859 236 2826
31.2051044868477 149 1804
6.95515657431371 83 741
6.95515657431371 83 741
22.9112491289578 87 903
29.721946554904 123 1521
1.39573606316569 69 186
45.1218545847705 162 1558
28.0520990072734 108 1005
0 44 0
13.3953286212455 117 1302
0 44 0
0 44 0
15.8959324382607 97 676
0 44 0
0 44 0
0 44 0
23.2796935219123 115 1225
2.39414572698261 75 465
35.9197751394117 148 1805
0 44 0
8.35360091547957 70 86
0 44 0
14.9334608024857 86 861
0 44 0
2.9646385544787 77 528
38.012173335191 140 1489
28.5534239947553 165 1798
0 44 0
0 44 0
6.95515657431371 83 741
32.7038314093369 125 1600
0 44 0
0 44 0
35.615024251389 150 1920
0.371139099508641 55 55
27.9027947603028 104 973
0 44 0
0 44 0
0 44 0
0 44 0
5.8152395966528 82 703
0 44 0
22.2171093354894 113 1156
1.2516832401797 68 276
103.969814383298 258 3865
19.3677131560654 122 1486
0 44 0
0 44 0
0 44 0
25.4020249580426 140 1507
29.6467404345696 124 1569
0 44 0
48.614541398315 158 2128
27.7334851003008 121 1464
0 44 0
17.8443319143395 133 1004
1.05250187499359 66 231
32.3234587946297 125 979
0 44 0
8.55092539489437 84 780
0 44 0
10.9444415907739 85 820
0.290587504770402 53 36
22.9112491289578 87 903
5.8152395966528 82 703
38.3533061595606 128 1723
20.3711333704735 121 1456
44.279794575034 177 2159
17.3537962407543 122 850
0 44 0
54.7151190212849 164 2341
25.3078859941641 109 1134
0 44 0
6.95515657431371 83 741
22.9112491289578 87 903
0 44 0
34.1083643078097 149 1882
11.4898712002925 130 1166
5.92631140644013 102 837
1.59945916468298 72 231
0 44 0
5.8152395966528 82 703
0 44 0
0 44 0
33.2382348734658 142 1742
10.9444415907739 85 820
0 44 0
0 44 0
2.6574820309277 76 496
10.9444415907739 85 820
14.9334608024857 86 861
1.96605582677995 73 406
65.8178304662906 201 3010
