"COLLES.MDM.LN" "SACKIN" "COPHENETIC"
22.0545857303898 43 105
17.4346393564543 38 97
2.36861416453887 20 22
29.7320898501284 47 119
13.3512170514048 35 88
8.66044062597811 28 64
23.3982639163695 44 111
6.78979129993682 23 46
14.0086972812245 35 85
17.8850933692994 38 109
19.9461463027608 41 106
3.48705005724482 20 36
3.48705005724482 20 36
3.076360950882 21 21
21.2307698888194 42 115
0 11 0
0 11 0
19.9461463027608 41 106
0 11 0
5.77152023620467 21 45
5.77152023620467 21 45
45.5881364225451 58 144
0 11 0
11.7368725287005 30 81
0 11 0
7.29011098768464 25 51
23.6678202488364 44 110
0 11 0
12.8047834155262 34 62
9.68179324498176 29 73
3.48705005724482 20 36
13.8055292718658 34 65
1.65480176724557 18 21
0 11 0
28.2220324331502 49 134
0 11 0
0 11 0
7.61177227570004 26 55
1.65480176724557 18 21
3.48705005724482 20 36
9.15100368218154 26 49
10.0671389653114 29 40
0 11 0
5.77152023620467 21 45
7.29011098768464 25 51
2.65872332713443 18 9
17.8850933692994 38 109
2.34298771640023 19 28
3.48705005724482 20 36
5.77152023620467 21 45
5.77152023620467 21 45
0 11 0
5.77152023620467 21 45
0 11 0
0 11 0
21.1983681071119 39 91
2.34298771640023 19 28
0 11 0
0 11 0
22.3769112973658 43 103
0 11 0
0 11 0
0 11 0
11.7368725287005 30 81
18.7192629425129 39 97
19.5152191157204 41 100
11.8387816605719 33 62
0 11 0
5.77152023620467 21 45
3.18814108701039 22 27
0 11 0
1.65480176724557 18 21
7.02576817069338 24 48
6.76389535102812 27 57
0 11 0
17.9270979214066 39 99
0 11 0
0 11 0
5.77152023620467 21 45
5.77152023620467 21 45
5.68560157117756 25 30
9.68179324498176 29 73
8.66044062597811 28 64
0 11 0
0 11 0
1.19423703008093 17 15
12.4834327945239 33 58
0 11 0
0 11 0
5.77152023620467 21 45
23.1701137206564 44 103
11.7368725287005 30 81
0 11 0
10.042808201958 29 46
13.6962490498999 33 52
8.66044062597811 28 64
0 11 0
16.489244364164 38 89
8.65792284794811 28 66
21.5579243537277 43 117
8.03759141543284 27 60
5.77152023620467 21 45
2.34298771640023 19 28
17.6572773380868 37 90
5.26183209123287 22 17
5.11574670044043 25 43
0 11 0
11.7368725287005 30 81
0 11 0
0 11 0
0 11 0
0 11 0
17.0274215417461 37 62
5.77152023620467 21 45
31.8173075681896 51 130
45.5881364225451 58 144
0 11 0
30.9066566772846 50 116
0 11 0
0 11 0
2.37733389885436 20 18
1.65480176724557 18 21
4.29339578241916 22 37
11.7368725287005 30 81
7.50015661347177 27 39
5.77152023620467 21 45
29.2433850521538 50 140
0 11 0
0 11 0
2.65872332713443 18 9
18.7192629425129 39 97
17.7964520064695 39 97
6.8433678056539 26 49
7.61177227570004 26 55
5.77152023620467 21 45
2.34298771640023 19 28
0 11 0
1.19423703008093 17 15
5.77152023620467 21 45
17.0274215417461 37 66
11.7368725287005 30 81
3.48705005724482 20 36
28.2220324331502 49 134
3.48705005724482 20 36
11.005978748011 30 61
11.7368725287005 30 81
29.8707275933926 48 115
3.48705005724482 20 36
37.266610689048 56 155
20.4430672966314 39 79
0.613104055194306 15 6
5.77152023620467 21 45
19.4217146776278 38 77
0 11 0
0 11 0
8.66044062597811 28 64
5.19328183036413 24 32
8.66044062597811 28 64
0 11 0
8.52146324221165 30 60
9.78726015881454 32 67
4.7839588386226 20 10
0 11 0
0 11 0
3.48705005724482 20 36
0 11 0
5.77152023620467 21 45
21.760701345055 43 119
21.760701345055 43 119
5.77152023620467 21 45
0 11 0
0 11 0
19.5152191157204 41 100
0 11 0
5.77152023620467 21 45
5.77152023620467 21 45
43.9570830417271 60 161
0 11 0
5.77152023620467 21 45
0 11 0
18.7192629425129 39 97
0 11 0
23.0562068915199 43 97
5.77152023620467 21 45
5.77152023620467 21 45
1.19423703008093 17 15
24.2023518142518 45 130
3.48705005724482 20 36
6.8433678056539 26 49
5.77152023620467 21 45
16.489244364164 38 89
26.6853169761083 47 125
3.48705005724482 20 36
8.44358334024261 28 35
0 11 0
8.65792284794811 28 66
11.7368725287005 30 81
8.66044062597811 28 64
1.19423703008093 17 15
0 11 0
0 11 0
5.77152023620467 21 45
16.0514025192318 37 102
2.34298771640023 19 28
0 11 0
8.65792284794811 28 66
5.81477375246808 26 51
0 11 0
0 11 0
12.884814865881 30 55
0 11 0
0 11 0
0 11 0
0 11 0
0 11 0
0 11 0
4.45430197111258 22 25
5.77152023620467 21 45
17.8850933692994 38 109
37.266610689048 56 155
0 11 0
16.0514025192318 37 102
31.1348068729977 50 128
7.29011098768464 25 51
0 11 0
0 11 0
0 11 0
6.66468808670314 25 28
0.613104055194306 15 6
9.68179324498176 29 73
4.29339578241916 22 37
5.81477375246808 26 51
5.77152023620467 21 45
9.68179324498176 29 73
15.7979867223431 35 59
17.3791014301366 38 95
5.77152023620467 21 45
5.77152023620467 21 45
0.863370254026551 16 10
13.3512170514048 35 88
0.255144471393205 13 1
0 11 0
0 11 0
0 11 0
5.81477375246808 26 51
21.2416518492257 41 80
0 11 0
5.52608446912633 24 36
7.29011098768464 25 51
5.23777954109441 25 46
6.76389535102812 27 57
5.77152023620467 21 45
0.415963153403187 14 3
15.0300499002282 36 94
0 11 0
0 11 0
0 11 0
5.77152023620467 21 45
5.77152023620467 21 45
0 11 0
5.77152023620467 21 45
15.5293893577622 37 89
5.77152023620467 21 45
17.8850933692994 38 109
14.8675024933139 33 46
5.77152023620467 21 45
5.77152023620467 21 45
9.15100368218154 26 49
9.68179324498176 29 73
45.5881364225451 58 144
32.6322089084355 49 105
0 11 0
0.415963153403187 14 3
5.77152023620467 21 45
0 11 0
0 11 0
5.52608446912633 24 36
5.77152023620467 21 45
19.0622489230724 41 104
2.34298771640023 19 28
0 11 0
28.849374974389 47 113
0 11 0
18.0408963040687 40 98
34.7551037427414 53 146
24.2023518142518 45 130
5.77152023620467 21 45
3.48705005724482 20 36
0 11 0
0 11 0
0 11 0
0.613104055194306 15 6
15.9981910660614 38 82
22.5792769727314 44 124
1.65480176724557 18 21
0 11 0
13.5180485257405 32 82
13.2002785065455 33 68
16.7750993874658 38 88
5.77152023620467 21 45
0 11 0
7.15900437704001 28 52
21.0332331113861 42 96
5.77152023620467 21 45
9.11230254975732 25 20
0 11 0
1.19423703008093 17 15
0 11 0
5.52608446912633 24 36
3.48705005724482 20 36
8.66044062597811 28 64
6.78979129993682 23 46
0 11 0
0 11 0
19.2186780690919 40 92
0 11 0
3.18814108701039 22 27
23.869140772684 45 106
3.48705005724482 20 36
1.19423703008093 17 15
0 11 0
7.61582005528214 29 54
5.77152023620467 21 45
17.8850933692994 38 109
0.415963153403187 14 3
9.0343444073565 27 52
8.66044062597811 28 64
17.8850933692994 38 109
17.8850933692994 38 109
11.7368725287005 30 81
2.34298771640023 19 28
11.5866877213477 32 76
8.66044062597811 28 64
0 11 0
0 11 0
6.8433678056539 26 49
11.7368725287005 30 81
2.31750899753204 19 13
8.03759141543284 27 60
0 11 0
0 11 0
5.77152023620467 21 45
4.45430197111258 22 25
0.415963153403187 14 3
0 11 0
0 11 0
5.77152023620467 21 45
0.255144471393205 13 1
0 11 0
0 11 0
7.02576817069338 24 48
0 11 0
14.5716242689749 35 91
0 11 0
5.77152023620467 21 45
5.77152023620467 21 45
0 11 0
0 11 0
6.8433678056539 26 49
0 11 0
8.66044062597811 28 64
2.65872332713443 18 9
17.7964520064695 39 97
5.77152023620467 21 45
4.7839588386226 20 10
10.0556970263602 28 54
2.31750899753204 19 13
15.5293893577622 37 89
7.40786479775657 27 45
0 11 0
0 11 0
17.8850933692994 38 109
5.77152023620467 21 45
11.7368725287005 30 81
0.863370254026551 16 10
8.97148427131888 30 53
8.03759141543284 27 60
1.84271007117315 16 4
15.1373325241275 36 96
22.5792769727314 44 124
0 11 0
3.48705005724482 20 36
27.5133087162868 47 131
5.77152023620467 21 45
11.7368725287005 30 81
0 11 0
11.7368725287005 30 81
8.66044062597811 28 64
0 11 0
29.7746023301823 49 121
0 11 0
6.78979129993682 23 46
17.8850933692994 38 109
0 11 0
3.48705005724482 20 36
1.65480176724557 18 21
11.005978748011 30 61
0 11 0
5.77152023620467 21 45
5.77152023620467 21 45
10.9751771734484 32 61
17.8850933692994 38 109
3.48705005724482 20 36
1.84271007117315 16 4
32.9493619152919 52 133
0 11 0
0 11 0
9.68179324498176 29 73
16.0514025192318 37 102
0 11 0
6.78979129993682 23 46
11.7368725287005 30 81
0 11 0
5.77152023620467 21 45
16.0173925618757 38 91
0 11 0
11.7368725287005 30 81
0 11 0
0 11 0
12.0601173226684 32 70
3.48705005724482 20 36
11.7368725287005 30 81
0 11 0
8.65792284794811 28 66
16.2077559962064 36 76
7.84850844342357 26 31
17.8850933692994 38 109
21.1348544137859 39 63
0.255144471393205 13 1
0 11 0
11.7368725287005 30 81
11.7368725287005 30 81
0 11 0
5.77152023620467 21 45
8.44362796309864 29 52
0 11 0
0 11 0
16.0514025192318 37 102
0 11 0
0 11 0
2.65872332713443 18 9
5.77152023620467 21 45
5.77152023620467 21 45
5.77152023620467 21 45
0 11 0
0 11 0
11.7368725287005 30 81
3.48705005724482 20 36
16.0514025192318 37 102
8.65792284794811 28 66
0 11 0
0 11 0
0 11 0
15.0300499002282 36 94
10.9551349094052 32 70
12.5064189846444 34 83
0 11 0
1.65480176724557 18 21
7.61177227570004 26 55
30.6707790208742 51 145
0.415963153403187 14 3
7.50015661347177 27 39
8.15104150881 29 58
5.81477375246808 26 51
0 11 0
0 11 0
9.15100368218154 26 49
0 11 0
8.66044062597811 28 64
13.3227774818333 34 81
12.1611072275479 33 60
0 11 0
5.77152023620467 21 45
3.48705005724482 20 36
4.84089028093909 24 42
8.65792284794811 28 66
20.536571734724 42 109
24.2023518142518 45 130
1.19423703008093 17 15
10.7307328758492 31 53
17.8850933692994 38 109
15.1373325241275 36 96
11.0358729934975 32 72
0 11 0
5.77152023620467 21 45
9.8221583912906 29 58
0 11 0
0 11 0
0 11 0
24.19146633966 45 112
11.7368725287005 30 81
11.7368725287005 30 81
0 11 0
11.7368725287005 30 81
5.36327600420155 25 32
21.5579243537277 43 117
0 11 0
9.68179324498176 29 73
4.24047947222922 21 14
17.8850933692994 38 109
7.02576817069338 24 48
0 11 0
34.9920671532992 54 146
10.9551349094052 32 70
11.7368725287005 30 81
0 11 0
3.48705005724482 20 36
7.61177227570004 26 55
8.03759141543284 27 60
0 11 0
0.255144471393205 13 1
19.6523221647235 41 88
3.51759867156101 20 16
0 11 0
0 11 0
13.6962490498999 33 52
5.77152023620467 21 45
3.48705005724482 20 36
6.76389535102812 27 57
12.0601173226684 32 70
11.7368725287005 30 81
5.23777954109441 25 46
0 11 0
23.3982639163695 44 111
17.6096169267162 39 76
0 11 0
0.863370254026551 16 10
25.1579745761392 46 110
13.5180485257405 32 82
1.84271007117315 16 4
5.77152023620467 21 45
0 11 0
1.7030436292668 18 11
11.7368725287005 30 81
0 11 0
0 11 0
23.0562068915199 43 97
1.19423703008093 17 15
5.77152023620467 21 45
7.17783104649576 27 37
11.5866877213477 32 76
24.667839235164 44 89
11.508222439539 32 64
1.19423703008093 17 15
5.77152023620467 21 45
0 11 0
0 11 0
0 11 0
0 11 0
0 11 0
0 11 0
14.883427497937 31 35
5.77152023620467 21 45
0 11 0
5.77152023620467 21 45
3.48705005724482 20 36
8.03759141543284 27 60
11.7368725287005 30 81
9.15100368218154 26 49
5.77152023620467 21 45
5.77152023620467 21 45
6.78979129993682 23 46
0 11 0
5.77152023620467 21 45
8.66044062597811 28 64
50.6948995175634 63 164
0 11 0
25.1579745761392 46 110
13.6533367028661 35 67
0 11 0
0 11 0
3.48705005724482 20 36
1.65480176724557 18 21
5.77152023620467 21 45
11.508222439539 32 64
0 11 0
0 11 0
11.7368725287005 30 81
1.19423703008093 17 15
0 11 0
0 11 0
0 11 0
5.77152023620467 21 45
15.1119467909131 34 56
9.15100368218154 26 49
0 11 0
0 11 0
9.68179324498176 29 73
5.77152023620467 21 45
9.99283689032253 31 59
15.0300499002282 36 94
23.869140772684 45 110
0 11 0
0 11 0
15.7902173121363 37 82
0 11 0
1.65480176724557 18 21
0 11 0
20.6736747837271 42 97
5.77152023620467 21 45
10.2361849651009 30 65
11.8816940076057 31 47
25.2128189586637 46 120
0 11 0
15.9981910660614 38 82
11.7368725287005 30 81
5.52608446912633 24 36
0.255144471393205 13 1
0 11 0
17.6125417646373 37 68
3.48705005724482 20 36
14.883427497937 31 35
0 11 0
0 11 0
3.48705005724482 20 36
3.51759867156101 20 16
0 11 0
11.7368725287005 30 81
1.65480176724557 18 21
20.4298394981282 40 110
5.77152023620467 21 45
16.0514025192318 37 102
5.77152023620467 21 45
0 11 0
5.77152023620467 21 45
0 11 0
7.84850844342357 26 31
20.536571734724 42 109
8.44358334024261 28 35
9.68179324498176 29 73
9.68179324498176 29 73
5.77152023620467 21 45
11.7368725287005 30 81
5.77152023620467 21 45
0 11 0
0.255144471393205 13 1
10.1653071772458 30 67
4.29339578241916 22 37
24.2023518142518 45 130
9.54861037636188 29 46
5.77152023620467 21 45
0 11 0
0 11 0
11.7368725287005 30 81
10.4862885782499 30 40
0 11 0
2.34298771640023 19 28
0 11 0
11.7368725287005 30 81
17.2824467874545 39 91
0 11 0
3.48705005724482 20 36
0 11 0
9.68179324498176 29 73
3.48705005724482 20 36
0 11 0
37.266610689048 56 155
9.29963149090459 27 29
0 11 0
6.8433678056539 26 49
0.863370254026551 16 10
3.71807254324597 23 34
6.78979129993682 23 46
16.6573271820046 35 85
28.2220324331502 49 134
17.7264485937737 38 70
19.4270968069315 39 75
5.77152023620467 21 45
0 11 0
4.7839588386226 20 10
6.78979129993682 23 46
0 11 0
0 11 0
5.77152023620467 21 45
17.6125417646373 37 76
0 11 0
7.29011098768464 25 51
29.7746023301823 49 121
48.6521942795561 61 159
1.19423703008093 17 15
30.7959549491859 50 122
0.255144471393205 13 1
0 11 0
0 11 0
0 11 0
0 11 0
0 11 0
24.8904933916877 46 115
0 11 0
37.266610689048 56 155
0 11 0
27.731897092175 47 107
5.77152023620467 21 45
0 11 0
11.7368725287005 30 81
0 11 0
5.77152023620467 21 45
0.415963153403187 14 3
8.65792284794811 28 66
4.29339578241916 22 37
10.0556970263602 28 54
0 11 0
12.0601173226684 32 70
0 11 0
0 11 0
25.1579745761392 46 110
17.8850933692994 38 109
0 11 0
6.28318471023653 23 19
11.508222439539 32 64
11.7368725287005 30 81
5.11574670044043 25 43
0 11 0
5.98986940900589 26 34
3.48705005724482 20 36
15.1373325241275 36 96
28.7532497111786 48 116
0 11 0
0 11 0
16.0514025192318 37 102
19.6523221647235 41 95
5.77152023620467 21 45
2.34298771640023 19 28
25.4660811892444 45 118
0 11 0
4.7839588386226 20 10
9.68179324498176 29 73
0 11 0
0 11 0
9.68179324498176 29 73
5.77152023620467 21 45
0 11 0
5.77152023620467 21 45
17.6125417646373 37 76
1.65480176724557 18 21
0 11 0
9.54861037636188 29 46
12.1611072275479 33 60
6.46367264897726 25 40
9.11230254975732 25 20
5.77152023620467 21 45
30.1134542539941 49 120
8.66044062597811 28 64
0 11 0
30.6707790208742 51 145
0 11 0
11.7368725287005 30 81
15.0300499002282 36 94
3.48705005724482 20 36
5.77152023620467 21 45
0.613104055194306 15 6
4.45430197111258 22 25
0 11 0
0 11 0
17.9315603503249 36 55
15.1373325241275 36 96
0 11 0
3.48705005724482 20 36
0 11 0
0 11 0
5.77152023620467 21 45
14.8675024933139 33 46
5.77152023620467 21 45
0 11 0
0 11 0
11.7368725287005 30 81
6.76389535102812 27 57
0 11 0
6.8433678056539 26 49
9.68179324498176 29 73
0 11 0
8.03759141543284 27 60
16.0514025192318 37 102
3.48705005724482 20 36
4.45430197111258 22 25
3.48705005724482 20 36
0 11 0
6.76389535102812 27 57
0 11 0
12.1601322815742 34 66
0 11 0
2.36861416453887 20 22
0 11 0
3.48705005724482 20 36
6.28318471023653 23 19
13.8282093424838 33 84
9.68179324498176 29 73
5.77152023620467 21 45
0 11 0
5.77152023620467 21 45
0 11 0
1.84271007117315 16 4
0 11 0
5.77152023620467 21 45
0.255144471393205 13 1
11.7368725287005 30 81
6.78979129993682 23 46
8.03759141543284 27 60
17.8850933692994 38 109
1.19423703008093 17 15
0 11 0
14.5080367387586 36 80
29.8707275933926 48 115
0 11 0
0 11 0
5.23777954109441 25 46
3.48705005724482 20 36
1.65480176724557 18 21
8.66044062597811 28 64
9.54861037636188 29 46
5.77152023620467 21 45
0 11 0
11.5866877213477 32 76
1.65480176724557 18 21
14.0086972812245 35 85
14.0086972812245 35 85
5.77152023620467 21 45
7.29011098768464 25 51
1.19423703008093 17 15
0 11 0
0 11 0
23.0562068915199 43 97
0 11 0
0 11 0
0 11 0
0 11 0
20.4298394981282 40 110
19.5152191157204 41 100
3.48705005724482 20 36
7.40676290890909 28 44
11.005978748011 30 61
38.5134179148445 54 140
26.7105444731713 46 98
0 11 0
11.7368725287005 30 81
0 11 0
1.63737070813077 17 7
0 11 0
29.8707275933926 48 115
0 11 0
0 11 0
14.1634490525985 34 87
8.66044062597811 28 64
0 11 0
4.54070217428008 23 39
1.94279502480606 19 16
0 11 0
0.863370254026551 16 10
2.34298771640023 19 28
11.3423367289119 29 34
0 11 0
11.7368725287005 30 81
10.4862885782499 30 40
0 11 0
2.34298771640023 19 28
0.255144471393205 13 1
0 11 0
5.77152023620467 21 45
5.77152023620467 21 45
3.51759867156101 20 16
3.48705005724482 20 36
5.77152023620467 21 45
0 11 0
14.4998070334994 33 64
17.6234537372197 37 74
5.77152023620467 21 45
0 11 0
15.1373325241275 36 96
13.8282093424838 33 84
5.77152023620467 21 45
5.23777954109441 25 46
5.11574670044043 25 43
24.8707619338141 45 112
0.255144471393205 13 1
19.0622489230724 41 104
5.77152023620467 21 45
0 11 0
9.01387415933744 31 63
2.34298771640023 19 28
9.74072555851525 31 50
3.48705005724482 20 36
3.18814108701039 22 27
3.51759867156101 20 16
8.66044062597811 28 64
11.8387816605719 33 62
0 11 0
19.5152191157204 41 100
13.6962490498999 33 52
14.0086972812245 35 85
11.7368725287005 30 81
5.77152023620467 21 45
11.005978748011 30 61
5.77152023620467 21 45
4.45430197111258 22 25
0 11 0
16.0514025192318 37 102
1.19423703008093 17 15
0.415963153403187 14 3
16.9047079002187 37 92
13.5180485257405 32 82
5.77152023620467 21 45
9.68179324498176 29 73
0 11 0
17.8850933692994 38 109
8.66044062597811 28 64
17.8850933692994 38 109
6.78979129993682 23 46
0 11 0
5.77152023620467 21 45
0 11 0
14.5716242689749 35 91
0 11 0
18.0408963040687 40 95
7.61177227570004 26 55
0 11 0
0.255144471393205 13 1
0.415963153403187 14 3
17.8850933692994 38 109
8.65792284794811 28 66
15.9981910660614 38 82
11.7368725287005 30 81
7.03710343005536 26 37
0 11 0
0 11 0
0 11 0
0 11 0
0 11 0
6.76389535102812 27 57
0 11 0
0 11 0
3.51759867156101 20 16
5.77152023620467 21 45
1.19423703008093 17 15
0 11 0
21.760701345055 43 119
14.0086972812245 35 85
3.48705005724482 20 36
0 11 0
3.48705005724482 20 36
13.6533367028661 35 75
15.0300499002282 36 94
5.77152023620467 21 45
0 11 0
0.255144471393205 13 1
12.884814865881 30 55
1.65480176724557 18 21
5.77152023620467 21 45
0 11 0
12.9543096508385 34 59
16.3170362181724 37 74
24.6697891271114 43 93
0.255144471393205 13 1
9.01387415933744 31 63
0 11 0
0 11 0
0 11 0
0 11 0
6.8433678056539 26 49
22.1776659215335 42 106
5.77152023620467 21 45
0 11 0
7.29011098768464 25 51
13.3227774818333 34 81
11.7368725287005 30 81
5.77152023620467 21 45
29.7746023301823 49 113
0 11 0
0 11 0
8.66044062597811 28 64
0 11 0
12.3298644324011 34 79
5.52608446912633 24 36
11.7368725287005 30 81
5.77152023620467 21 45
30.6707790208742 51 145
12.5289938162572 32 49
3.48705005724482 20 36
5.77152023620467 21 45
0 11 0
1.65480176724557 18 21
0 11 0
0 11 0
37.266610689048 56 155
2.34298771640023 19 28
0.613104055194306 15 6
13.5180485257405 32 82
1.65480176724557 18 21
0 11 0
0.415963153403187 14 3
3.48705005724482 20 36
5.77152023620467 21 45
13.3227774818333 34 81
11.7368725287005 30 81
5.77152023620467 21 45
15.1373325241275 36 96
15.1373325241275 36 96
0 11 0
0 11 0
13.3227774818333 34 81
5.19418040840948 25 35
0.863370254026551 16 10
11.3085118133975 33 72
18.0408978025244 35 65
0 11 0
11.7368725287005 30 81
16.0514025192318 37 102
21.5579243537277 43 117
27.2205829038219 44 101
7.61177227570004 26 55
5.52608446912633 24 36
12.3298644324011 34 79
0 11 0
0.255144471393205 13 1
5.52608446912633 24 36
3.48705005724482 20 36
0 11 0
0 11 0
0 11 0
1.7030436292668 18 11
2.34298771640023 19 28
43.9570830417271 60 161
9.54861037636188 29 61
7.61177227570004 26 55
6.8433678056539 26 49
0 11 0
9.54861037636188 29 61
0 11 0
0 11 0
0.863370254026551 16 10
2.34298771640023 19 28
27.2775465926962 46 104
11.7368725287005 30 81
1.65480176724557 18 21
11.7368725287005 30 81
2.36861416453887 20 22
8.97148427131888 30 53
8.66044062597811 28 64
4.84089028093909 24 42
0 11 0
6.8433678056539 26 49
5.77152023620467 21 45
5.77152023620467 21 45
6.28318471023653 23 19
2.34298771640023 19 28
1.63737070813077 17 7
2.34298771640023 19 28
9.15100368218154 26 49
2.65872332713443 18 9
0.415963153403187 14 3
24.2023518142518 45 130
37.266610689048 56 155
2.34298771640023 19 28
11.2940223255593 31 53
11.005978748011 30 61
0 11 0
24.3558384116993 43 113
14.0086972812245 35 85
5.77152023620467 21 45
11.7368725287005 30 81
10.0556970263602 28 54
5.11574670044043 25 43
0 11 0
0 11 0
0 11 0
0 11 0
13.2422398221557 34 71
1.65480176724557 18 21
5.77152023620467 21 45
4.45430197111258 22 25
17.8850933692994 38 109
9.99283689032253 31 59
5.52608446912633 24 36
5.77152023620467 21 45
21.760701345055 43 119
7.40786479775657 27 45
0 11 0
0 11 0
11.7368725287005 30 81
14.4998070334994 33 64
9.7093802568455 30 50
0 11 0
0 11 0
8.66044062597811 28 64
3.48705005724482 20 36
0.415963153403187 14 3
0 11 0
15.1373325241275 36 96
0 11 0
0 11 0
9.68179324498176 29 73
7.29011098768464 25 51
40.8030298604647 57 149
8.97148427131888 30 53
0 11 0
5.77152023620467 21 45
5.77152023620467 21 45
3.18814108701039 22 27
22.1975690112088 38 56
9.15100368218154 26 49
8.66044062597811 28 64
17.8850933692994 38 109
14.5716242689749 35 91
15.4678917451603 37 80
0 11 0
0 11 0
24.2023518142518 45 130
0 11 0
0 11 0
1.7030436292668 18 11
0 11 0
11.7368725287005 30 81
0 11 0
0 11 0
40.3279729571387 56 149
2.36861416453887 20 22
5.77152023620467 21 45
0 11 0
2.36861416453887 20 22
0 11 0
13.3512170514048 35 88
37.266610689048 56 155
0 11 0
2.34298771640023 19 28
9.68179324498176 29 73
5.77152023620467 21 45
7.61177227570004 26 55
8.66044062597811 28 64
11.7368725287005 30 81
5.77152023620467 21 45
2.70618570788864 21 24
11.7368725287005 30 81
7.40676290890909 28 44
5.77152023620467 21 45
17.3791014301366 38 95
2.34298771640023 19 28
0 11 0
12.5064189846444 34 83
9.15100368218154 26 49
5.77152023620467 21 45
5.77152023620467 21 45
5.77152023620467 21 45
6.8433678056539 26 49
11.7368725287005 30 81
13.8282093424838 33 84
0 11 0
5.77152023620467 21 45
3.18814108701039 22 27
8.65792284794811 28 66
0 11 0
0 11 0
1.19423703008093 17 15
3.51759867156101 20 16
0 11 0
0 11 0
5.77152023620467 21 45
24.8707619338141 45 112
4.29339578241916 22 37
13.5180485257405 32 82
4.45430197111258 22 25
4.45430197111258 22 25
11.7368725287005 30 81
2.65872332713443 18 9
11.7368725287005 30 81
0 11 0
0 11 0
0 11 0
0 11 0
0 11 0
0 11 0
0 11 0
10.2361849651009 30 65
0 11 0
0 11 0
10.9551349094052 32 70
5.77152023620467 21 45
0 11 0
0 11 0
5.77152023620467 21 45
14.8675024933139 33 46
8.03759141543284 27 60
1.84271007117315 16 4
15.0300499002282 36 94
0 11 0
7.02576817069338 24 48
21.5579243537277 43 117
24.2023518142518 45 130
12.5289938162572 32 49
0 11 0
6.78979129993682 23 46
0 11 0
3.97198262449153 23 31
6.8433678056539 26 49
0 11 0
3.51759867156101 20 16
0 11 0
6.76389535102812 27 57
0 11 0
7.61582005528214 29 54
16.0514025192318 37 102
4.45430197111258 22 25
0 11 0
11.7368725287005 30 81
0 11 0
4.62198284869583 23 22
0 11 0
5.77152023620467 21 45
7.17783104649576 27 37
0 11 0
0 11 0
0 11 0
15.0300499002282 36 94
5.77152023620467 21 45
3.51759867156101 20 16
18.7192629425129 39 97
26.933198629695 48 130
5.77152023620467 21 45
6.28318471023653 23 19
0 11 0
0 11 0
2.34298771640023 19 28
4.84089028093909 24 42
5.77152023620467 21 45
17.8850933692994 38 109
5.77152023620467 21 45
0.255144471393205 13 1
0 11 0
11.3423367289119 29 34
5.11574670044043 25 43
0 11 0
45.5881364225451 58 144
5.11574670044043 25 43
18.7192629425129 39 97
9.68179324498176 29 73
24.2023518142518 45 130
2.34298771640023 19 28
5.77152023620467 21 45
0 11 0
21.8264355346767 43 95
12.9977955245564 33 67
9.8221583912906 29 58
5.77152023620467 21 45
9.8221583912906 29 58
11.7368725287005 30 81
13.3512170514048 35 88
0.255144471393205 13 1
3.48705005724482 20 36
0 11 0
0 11 0
0.613104055194306 15 6
5.77152023620467 21 45
24.2023518142518 45 130
10.9551349094052 32 70
4.45430197111258 22 25
5.77152023620467 21 45
6.78979129993682 23 46
0 11 0
0 11 0
5.77152023620467 21 45
6.76389535102812 27 57
16.0514025192318 37 102
23.6464866161603 43 89
11.7368725287005 30 81
5.77152023620467 21 45
21.8264355346767 43 95
5.23777954109441 25 46
5.77152023620467 21 45
17.4982983980606 38 78
5.77152023620467 21 45
11.7368725287005 30 81
8.03759141543284 27 60
0 11 0
0 11 0
5.77152023620467 21 45
28.7532497111786 48 113
11.7368725287005 30 81
8.65792284794811 28 66
0 11 0
0 11 0
32.9493619152919 52 133
5.52608446912633 24 36
5.77152023620467 21 45
5.77152023620467 21 45
1.65480176724557 18 21
11.3423367289119 29 34
9.68179324498176 29 73
0.255144471393205 13 1
4.45430197111258 22 25
11.7368725287005 30 81
5.77152023620467 21 45
22.8477881536804 44 104
47.6308416605525 60 155
11.7368725287005 30 81
0 11 0
5.77152023620467 21 45
5.77152023620467 21 45
30.6707790208742 51 145
2.36861416453887 20 22
0 11 0
11.3085118133975 33 72
17.8850933692994 38 109
9.54861037636188 29 46
4.84089028093909 24 42
9.68179324498176 29 73
0 11 0
11.7368725287005 30 81
1.19423703008093 17 15
24.2023518142518 45 130
0 11 0
0 11 0
0 11 0
0 11 0
0.613104055194306 15 6
0.255144471393205 13 1
0.613104055194306 15 6
0 11 0
0 11 0
1.19423703008093 17 15
0 11 0
0 11 0
8.66044062597811 28 64
0 11 0
2.65872332713443 18 9
3.48705005724482 20 36
19.5152191157204 41 100
8.66044062597811 28 64
11.7368725287005 30 81
0 11 0
33.0697527879618 48 101
0 11 0
0 11 0
0 11 0
0.613104055194306 15 6
12.5289938162572 32 49
30.7959549491859 50 122
0 11 0
30.5895036704281 47 92
0 11 0
11.7368725287005 30 81
0 11 0
11.7368725287005 30 81
30.9066566772846 50 116
5.77152023620467 21 45
3.97198262449153 23 31
0.863370254026551 16 10
1.84271007117315 16 4
0 11 0
5.77152023620467 21 45
15.0300499002282 36 94
4.24800399948154 24 38
8.66044062597811 28 64
20.536571734724 42 109
0 11 0
3.48705005724482 20 36
1.84271007117315 16 4
16.7750993874658 38 88
6.8433678056539 26 49
0 11 0
9.54861037636188 29 46
5.77152023620467 21 45
9.15100368218154 26 49
5.77152023620467 21 45
5.77152023620467 21 45
12.4834327945239 33 58
0 11 0
13.3227774818333 34 81
5.77152023620467 21 45
18.8178046254732 40 105
0 11 0
1.65480176724557 18 21
0 11 0
8.15104150881 29 58
0 11 0
1.19423703008093 17 15
0 11 0
12.884814865881 30 55
7.61177227570004 26 55
0 11 0
3.48705005724482 20 36
14.1634490525985 34 87
3.48705005724482 20 36
11.7368725287005 30 81
1.94279502480606 19 16
5.77152023620467 21 45
3.07085548953027 21 29
5.77152023620467 21 45
1.65480176724557 18 21
8.66044062597811 28 64
15.0300499002282 36 94
9.15100368218154 26 49
0 11 0
5.77152023620467 21 45
5.77152023620467 21 45
5.77152023620467 21 45
14.0086972812245 35 85
11.7368725287005 30 81
5.77152023620467 21 45
11.7368725287005 30 81
3.48705005724482 20 36
13.8282093424838 33 84
16.0514025192318 37 102
11.7368725287005 30 81
3.48705005724482 20 36
0 11 0
0 11 0
0 11 0
15.0300499002282 36 94
29.8707275933926 48 115
3.48705005724482 20 36
9.15100368218154 26 49
5.77152023620467 21 45
10.0556970263602 28 54
3.51759867156101 20 16
0 11 0
14.0086972812245 35 85
3.48705005724482 20 36
12.884814865881 30 55
6.76389535102812 27 57
4.45430197111258 22 25
5.77152023620467 21 45
8.72703997371965 29 52
17.8850933692994 38 109
11.7368725287005 30 81
7.02576817069338 24 48
0 11 0
0 11 0
0 11 0
26.2341715776673 47 127
8.66044062597811 28 64
0.613104055194306 15 6
0 11 0
29.2433850521538 50 140
5.77152023620467 21 45
0.613104055194306 15 6
0 11 0
6.78979129993682 23 46
5.77152023620467 21 45
6.8433678056539 26 49
24.2023518142518 45 130
0 11 0
16.2077559962064 36 76
0 11 0
9.15100368218154 26 49
0.255144471393205 13 1
4.29339578241916 22 37
5.77152023620467 21 45
32.1561594920014 51 135
5.77152023620467 21 45
0.863370254026551 16 10
1.84271007117315 16 4
3.48705005724482 20 36
9.68179324498176 29 73
0 11 0
8.03759141543284 27 60
0 11 0
0 11 0
0 11 0
0 11 0
3.48705005724482 20 36
0 11 0
9.54861037636188 29 46
0 11 0
25.6891918541677 45 91
5.77152023620467 21 45
0 11 0
0 11 0
0 11 0
1.19423703008093 17 15
0 11 0
3.48705005724482 20 36
15.9981910660614 38 82
3.48705005724482 20 36
11.7368725287005 30 81
11.7368725287005 30 81
0 11 0
3.48705005724482 20 36
0 11 0
28.0561725510984 46 100
14.0086972812245 35 85
0 11 0
0 11 0
0 11 0
11.7368725287005 30 81
0 11 0
0.255144471393205 13 1
2.34298771640023 19 28
21.2416518492257 41 80
10.565335102344 31 67
3.48705005724482 20 36
0.613104055194306 15 6
0 11 0
7.29011098768464 25 51
9.74072555851525 31 50
20.4298394981282 40 110
1.19423703008093 17 15
2.34298771640023 19 28
22.8477881536804 44 101
14.5716242689749 35 91
16.0514025192318 37 102
0 11 0
0 11 0
8.66044062597811 28 64
6.8433678056539 26 49
14.5716242689749 35 91
0 11 0
5.77152023620467 21 45
5.23777954109441 25 46
4.7839588386226 20 10
11.7368725287005 30 81
0 11 0
0 11 0
0 11 0
3.97198262449153 23 31
17.8850933692994 38 109
11.7368725287005 30 81
5.77152023620467 21 45
0.415963153403187 14 3
13.2002785065455 33 68
11.8073919326167 33 76
5.77152023620467 21 45
0 11 0
1.19423703008093 17 15
23.9707620750838 42 86
0 11 0
6.28318471023653 23 19
0 11 0
0 11 0
7.50015661347177 27 39
5.11574670044043 25 43
19.5152191157204 41 100
5.77152023620467 21 45
0 11 0
0 11 0
13.8282093424838 33 84
15.0300499002282 36 94
0 11 0
1.65480176724557 18 21
2.34298771640023 19 28
11.7368725287005 30 81
0 11 0
17.8850933692994 38 109
5.77152023620467 21 45
13.5180485257405 32 82
0 11 0
14.2635924411593 35 80
1.65480176724557 18 21
0 11 0
5.77152023620467 21 45
10.0556970263602 28 54
0 11 0
17.8850933692994 38 109
21.8264355346767 43 95
15.0300499002282 36 94
14.0086972812245 35 85
16.2077559962064 36 76
5.77152023620467 21 45
0 11 0
1.63737070813077 17 7
34.6749141464428 51 119
5.77152023620467 21 45
10.042808201958 29 46
0 11 0
16.0514025192318 37 102
0 11 0
2.34298771640023 19 28
9.68179324498176 29 73
0 11 0
23.6484365081078 42 84
18.0408963040687 40 98
1.19423703008093 17 15
0.255144471393205 13 1
0 11 0
0.255144471393205 13 1
3.48705005724482 20 36
0 11 0
8.72703997371965 29 52
11.7368725287005 30 81
17.8850933692994 38 109
0 11 0
1.65480176724557 18 21
9.15100368218154 26 49
0 11 0
1.84271007117315 16 4
30.6707790208742 51 145
0.255144471393205 13 1
1.19423703008093 17 15
3.18814108701039 22 27
3.48705005724482 20 36
0 11 0
0 11 0
6.78979129993682 23 46
18.4003620586241 37 74
5.77152023620467 21 45
27.2006798141465 48 127
22.5792769727314 44 124
3.48705005724482 20 36
9.67051132334652 31 61
0 11 0
11.7368725287005 30 81
0 11 0
12.457101795492 31 59
0.255144471393205 13 1
5.77152023620467 21 45
14.0086972812245 35 85
7.29011098768464 25 51
11.508222439539 32 64
5.52608446912633 24 36
5.23777954109441 25 46
5.77152023620467 21 45
0 11 0
0 11 0
0.613104055194306 15 6
7.29011098768464 25 51
8.65792284794811 28 66
3.48705005724482 20 36
0 11 0
5.77152023620467 21 45
0 11 0
24.2023518142518 45 130
9.68179324498176 29 73
8.03759141543284 27 60
0 11 0
0 11 0
0 11 0
17.8850933692994 38 109
0 11 0
3.71807254324597 23 34
19.6523221647235 41 85
5.77152023620467 21 45
22.5792769727314 44 124
13.9756622698421 35 65
0 11 0
0.255144471393205 13 1
9.15100368218154 26 49
5.77152023620467 21 45
23.869140772684 45 106
21.5579243537277 43 117
11.508222439539 32 64
0 11 0
12.5064189846444 34 83
0.255144471393205 13 1
3.48705005724482 20 36
0 11 0
11.7368725287005 30 81
0 11 0
5.77152023620467 21 45
5.77152023620467 21 45
9.54861037636188 29 46
5.77152023620467 21 45
2.65872332713443 18 9
5.77152023620467 21 45
5.77152023620467 21 45
27.5133087162868 47 131
0.863370254026551 16 10
2.34298771640023 19 28
0 11 0
19.5410036360679 40 83
0 11 0
0.863370254026551 16 10
0 11 0
0 11 0
0 11 0
0 11 0
9.54861037636188 29 46
0 11 0
0 11 0
30.6707790208742 51 145
15.0300499002282 36 94
11.7368725287005 30 81
11.8816940076057 31 47
10.5415950160139 31 69
1.65480176724557 18 21
0 11 0
18.4003620586241 37 74
0 11 0
0 11 0
5.77152023620467 21 45
25.462991550402 44 95
7.03710343005536 26 37
22.6992368643418 43 105
0 11 0
17.8850933692994 38 109
3.48705005724482 20 36
8.66044062597811 28 64
21.760701345055 43 119
20.805082915673 42 88
4.45430197111258 22 25
14.0086972812245 35 85
10.1653071772458 30 67
21.5579243537277 43 117
0 11 0
14.2979878368181 35 75
3.48705005724482 20 36
4.24047947222922 21 14
12.0601173226684 32 70
11.508222439539 32 64
8.66044062597811 28 64
0 11 0
0 11 0
2.34298771640023 19 28
4.52559648374884 23 25
0.415963153403187 14 3
23.869140772684 45 110
3.48705005724482 20 36
5.77152023620467 21 45
4.29339578241916 22 37
0 11 0
8.03759141543284 27 60
29.2433850521538 50 140
5.23777954109441 25 46
0 11 0
21.2416518492257 41 80
11.508222439539 32 64
17.6572773380868 37 90
8.66044062597811 28 64
11.7368725287005 30 81
0 11 0
5.77152023620467 21 45
12.3298644324011 34 79
0.415963153403187 14 3
0 11 0
20.536571734724 42 109
0.255144471393205 13 1
0 11 0
8.65792284794811 28 66
13.3227774818333 34 81
17.8850933692994 38 109
13.6962490498999 33 52
0 11 0
0.415963153403187 14 3
0 11 0
11.7368725287005 30 81
11.7368725287005 30 81
1.63737070813077 17 7
0 11 0
7.02576817069338 24 48
0 11 0
0 11 0
11.7368725287005 30 81
1.19423703008093 17 15
0.863370254026551 16 10
0.415963153403187 14 3
17.8850933692994 38 109
0 11 0
8.66044062597811 28 64
10.1653071772458 30 67
8.66044062597811 28 64
16.0514025192318 37 102
7.61177227570004 26 55
13.8282093424838 33 84
0 11 0
11.4850663656407 33 74
9.68179324498176 29 73
6.8433678056539 26 49
26.6853169761083 47 125
2.65872332713443 18 9
5.81477375246808 26 51
1.63737070813077 17 7
8.03759141543284 27 60
13.4784544144957 32 62
0 11 0
0 11 0
0 11 0
0 11 0
3.48705005724482 20 36
5.77152023620467 21 45
8.19918366549942 28 42
8.35075213495159 28 50
14.0086972812245 35 85
7.02576817069338 24 48
0 11 0
9.68179324498176 29 73
0.863370254026551 16 10
2.34298771640023 19 28
11.7368725287005 30 81
4.45430197111258 22 25
0 11 0
2.65872332713443 18 9
0 11 0
0 11 0
16.0514025192318 37 102
8.66044062597811 28 64
0 11 0
0 11 0
21.603781378153 41 77
37.266610689048 56 155
0 11 0
0 11 0
19.8633292030439 40 85
4.45430197111258 22 25
4.24047947222922 21 14
8.65792284794811 28 66
5.77152023620467 21 45
0 11 0
0 11 0
5.77152023620467 21 45
7.29011098768464 25 51
16.489244364164 38 89
0 11 0
13.3227774818333 34 81
0 11 0
24.2023518142518 45 130
16.0514025192318 37 102
0 11 0
19.4270968069315 39 75
21.9060344410513 42 94
0 11 0
16.0514025192318 37 102
5.77152023620467 21 45
17.8850933692994 38 109
0.863370254026551 16 10
0.613104055194306 15 6
1.19423703008093 17 15
1.65480176724557 18 21
5.77152023620467 21 45
5.77152023620467 21 45
5.77152023620467 21 45
1.19423703008093 17 15
11.7368725287005 30 81
6.8433678056539 26 49
0 11 0
14.0086972812245 35 85
5.77152023620467 21 45
5.77152023620467 21 45
0 11 0
30.6707790208742 51 145
0 11 0
0 11 0
30.6707790208742 51 145
0 11 0
0 11 0
0 11 0
6.76389535102812 27 57
3.48705005724482 20 36
5.77152023620467 21 45
6.76389535102812 27 57
0 11 0
17.8850933692994 38 109
0 11 0
0.613104055194306 15 6
15.0300499002282 36 94
3.48705005724482 20 36
0 11 0
0 11 0
15.0300499002282 36 94
8.65792284794811 28 66
0 11 0
8.66044062597811 28 64
3.48705005724482 20 36
0 11 0
11.3085118133975 33 72
11.9764875284088 33 79
3.48705005724482 20 36
11.2940223255593 31 53
5.11574670044043 25 43
4.29339578241916 22 37
5.52608446912633 24 36
0 11 0
5.77152023620467 21 45
0 11 0
0 11 0
7.40676290890909 28 44
13.3227774818333 34 81
0 11 0
1.84271007117315 16 4
1.84271007117315 16 4
3.51759867156101 20 16
11.7368725287005 30 81
0 11 0
15.1373325241275 36 96
3.076360950882 21 21
0.613104055194306 15 6
14.2216311255491 34 77
5.77152023620467 21 45
0 11 0
2.70618570788864 21 24
0 11 0
0.863370254026551 16 10
0 11 0
11.7368725287005 30 81
0.415963153403187 14 3
15.0300499002282 36 94
0 11 0
0 11 0
3.51759867156101 20 16
3.48705005724482 20 36
17.8850933692994 38 109
0 11 0
0 11 0
18.8178046254732 40 105
0 11 0
0 11 0
5.77152023620467 21 45
5.77152023620467 21 45
0 11 0
0 11 0
0 11 0
0 11 0
19.3251520254618 41 108
6.76389535102812 27 57
0 11 0
25.2202648898005 43 81
0 11 0
0 11 0
0 11 0
5.52608446912633 24 36
0 11 0
11.7368725287005 30 81
5.77152023620467 21 45
3.48705005724482 20 36
0 11 0
0 11 0
26.4843441694056 45 104
5.77152023620467 21 45
3.48705005724482 20 36
0 11 0
3.48705005724482 20 36
0 11 0
17.8850933692994 38 109
0 11 0
5.77152023620467 21 45
13.9834316800489 33 48
0 11 0
0 11 0
0 11 0
0.613104055194306 15 6
5.64333546769948 24 24
5.77152023620467 21 45
9.8221583912906 29 58
5.81477375246808 26 51
10.0556970263602 28 54
14.0086972812245 35 85
3.51759867156101 20 16
29.3202518307035 48 121
3.18814108701039 22 27
14.8675024933139 33 46
6.78979129993682 23 46
5.77152023620467 21 45
0 11 0
6.76389535102812 27 57
38.7603246224574 55 136
0 11 0
0 11 0
11.7368725287005 30 81
0 11 0
5.11574670044043 25 43
0 11 0
0 11 0
5.77152023620467 21 45
0 11 0
21.9332216239343 41 98
5.64333546769948 24 24
9.68179324498176 29 73
5.77152023620467 21 45
2.34298771640023 19 28
9.68179324498176 29 73
1.65480176724557 18 21
35.6962667654464 52 117
5.77152023620467 21 45
5.77152023620467 21 45
1.19423703008093 17 15
3.48705005724482 20 36
23.7377326407381 45 115
6.66468808670314 25 28
0 11 0
4.7839588386226 20 10
5.77152023620467 21 45
23.869140772684 45 110
15.9981910660614 38 82
0 11 0
5.77152023620467 21 45
0 11 0
17.8850933692994 38 109
0 11 0
9.68179324498176 29 73
0 11 0
14.0086972812245 35 85
0 11 0
3.48705005724482 20 36
0 11 0
0 11 0
1.65480176724557 18 21
11.7368725287005 30 81
8.66044062597811 28 64
24.2023518142518 45 130
9.78726015881454 32 67
5.77152023620467 21 45
11.7368725287005 30 81
24.8707619338141 45 112
0 11 0
14.2970128908444 36 77
0 11 0
0 11 0
0 11 0
9.54861037636188 29 46
3.48705005724482 20 36
9.68179324498176 29 73
5.77152023620467 21 45
0 11 0
3.48705005724482 20 36
2.65872332713443 18 9
22.8477881536804 44 101
5.77152023620467 21 45
0 11 0
3.48705005724482 20 36
36.6988628725503 52 129
0 11 0
10.3209841099082 28 32
24.667839235164 44 98
3.51759867156101 20 16
13.5180485257405 32 82
0 11 0
11.3423367289119 29 34
38.5134179148445 54 140
0.415963153403187 14 3
11.508222439539 32 64
5.77152023620467 21 45
1.84271007117315 16 4
1.84271007117315 16 4
5.23777954109441 25 46
7.02576817069338 24 48
18.7192629425129 39 97
4.45430197111258 22 25
0 11 0
0 11 0
0 11 0
11.7368725287005 30 81
2.34298771640023 19 28
0 11 0
16.0514025192318 37 102
0 11 0
0 11 0
2.34298771640023 19 28
3.97198262449153 23 31
3.48705005724482 20 36
8.65792284794811 28 66
5.77152023620467 21 45
11.7368725287005 30 81
0 11 0
3.48705005724482 20 36
6.62907292080443 27 47
5.77152023620467 21 45
0.415963153403187 14 3
15.0300499002282 36 94
15.1373325241275 36 96
10.0556970263602 28 54
20.0914793987571 40 77
18.1315912604666 39 91
28.2220324331502 49 134
11.8816940076057 31 47
0.863370254026551 16 10
7.40676290890909 28 44
0 11 0
9.54861037636188 29 46
5.11574670044043 25 43
11.7368725287005 30 81
31.1348068729977 50 128
0 11 0
5.77152023620467 21 45
0 11 0
0 11 0
0.415963153403187 14 3
1.63737070813077 17 7
0 11 0
2.65872332713443 18 9
1.7030436292668 18 11
17.8850933692994 38 109
3.48705005724482 20 36
12.0601173226684 32 70
1.65480176724557 18 21
11.7368725287005 30 81
5.77152023620467 21 45
7.84850844342357 26 31
34.884307830256 50 116
3.48705005724482 20 36
9.32519956625004 30 47
0 11 0
2.34298771640023 19 28
5.77152023620467 21 45
2.65872332713443 18 9
0 11 0
0 11 0
1.19423703008093 17 15
0 11 0
0 11 0
5.77152023620467 21 45
6.8433678056539 26 49
0 11 0
0 11 0
17.8850933692994 38 109
0 11 0
16.3170362181724 37 74
0 11 0
17.8850933692994 38 109
9.68179324498176 29 73
5.77152023620467 21 45
10.0556970263602 28 54
7.84850844342357 26 31
4.52559648374884 23 25
0 11 0
11.2575375841045 31 74
17.8850933692994 38 109
10.2361849651009 30 65
0 11 0
12.1601322815742 34 66
24.2023518142518 45 130
0 11 0
5.77152023620467 21 45
7.40786479775657 27 45
1.63737070813077 17 7
2.65872332713443 18 9
9.54861037636188 29 46
0 11 0
2.34298771640023 19 28
0 11 0
2.65872332713443 18 9
16.9102077313212 35 53
11.7368725287005 30 81
5.77152023620467 21 45
11.5866877213477 32 76
13.6533367028661 35 67
0 11 0
5.98986940900589 26 34
0 11 0
3.48705005724482 20 36
31.6852826356868 50 128
0 11 0
2.31750899753204 19 13
0 11 0
3.48705005724482 20 36
5.77152023620467 21 45
0 11 0
11.7368725287005 30 81
5.77152023620467 21 45
1.7030436292668 18 11
20.536571734724 42 109
6.8433678056539 26 49
24.2023518142518 45 130
3.48705005724482 20 36
11.7368725287005 30 81
0 11 0
6.78979129993682 23 46
5.77152023620467 21 45
7.61177227570004 26 55
5.77152023620467 21 45
5.77152023620467 21 45
24.2023518142518 45 130
5.52608446912633 24 36
0 11 0
8.27827887190093 26 25
0 11 0
7.03710343005536 26 37
9.68179324498176 29 73
0 11 0
5.77152023620467 21 45
0 11 0
0 11 0
0 11 0
1.19423703008093 17 15
17.8850933692994 38 109
11.1397546085443 32 54
5.77152023620467 21 45
0.613104055194306 15 6
12.4824578485502 34 64
5.77152023620467 21 45
6.8433678056539 26 49
9.68179324498176 29 73
36.0134197723029 55 151
7.29011098768464 25 51
5.77152023620467 21 45
0 11 0
4.45430197111258 22 25
24.2023518142518 45 130
0 11 0
5.77152023620467 21 45
11.7368725287005 30 81
2.34298771640023 19 28
8.65792284794811 28 66
5.77152023620467 21 45
17.8850933692994 38 109
10.4862885782499 30 40
11.2940223255593 31 53
0 11 0
3.48705005724482 20 36
5.52608446912633 24 36
1.65480176724557 18 21
6.76389535102812 27 57
5.77152023620467 21 45
5.77152023620467 21 45
0 11 0
4.7839588386226 20 10
3.07085548953027 21 29
0.415963153403187 14 3
15.0300499002282 36 94
0 11 0
6.9167930032545 28 46
0 11 0
11.7368725287005 30 81
0 11 0
28.2220324331502 49 134
0 11 0
3.48705005724482 20 36
4.21939835883514 22 19
12.5064189846444 34 83
3.48705005724482 20 36
14.2979878368181 35 75
14.9847163037388 35 57
0 11 0
1.63737070813077 17 7
10.0556970263602 28 54
0 11 0
0 11 0
5.52608446912633 24 36
15.1373325241275 36 96
8.65792284794811 28 66
0 11 0
0 11 0
24.2023518142518 45 130
17.8850933692994 38 109
33.177512111005 52 141
9.68179324498176 29 73
4.84089028093909 24 42
8.66044062597811 28 64
0 11 0
3.48705005724482 20 36
0 11 0
5.77152023620467 21 45
0 11 0
11.7368725287005 30 81
5.77152023620467 21 45
2.34298771640023 19 28
0 11 0
7.61177227570004 26 55
0 11 0
5.52608446912633 24 36
5.77152023620467 21 45
0 11 0
0 11 0
0 11 0
9.68179324498176 29 73
9.15100368218154 26 49
2.65872332713443 18 9
24.2023518142518 45 130
5.77152023620467 21 45
17.3791014301366 38 95
8.66044062597811 28 64
0 11 0
5.77152023620467 21 45
0 11 0
5.77152023620467 21 45
15.0300499002282 36 94
4.7839588386226 20 10
11.7368725287005 30 81
16.3577488111329 37 86
28.2220324331502 49 134
5.52608446912633 24 36
17.8850933692994 38 109
0 11 0
8.65792284794811 28 66
5.77152023620467 21 45
5.77152023620467 21 45
0 11 0
9.46493595924627 29 38
18.0408963040687 40 98
0 11 0
21.1563133025298 41 98
0 11 0
15.0300499002282 36 94
21.8264355346767 43 95
5.77152023620467 21 45
19.0622489230724 41 104
16.0173925618757 38 91
0 11 0
5.77152023620467 21 45
6.46367264897726 25 40
17.8850933692994 38 109
5.77152023620467 21 45
0.613104055194306 15 6
0 11 0
17.8850933692994 38 109
0 11 0
11.7368725287005 30 81
0 11 0
0 11 0
1.63737070813077 17 7
13.8282093424838 33 84
0 11 0
2.65872332713443 18 9
3.07085548953027 21 29
5.77152023620467 21 45
0 11 0
0.613104055194306 15 6
2.34298771640023 19 28
0 11 0
1.84271007117315 16 4
2.34298771640023 19 28
0 11 0
0 11 0
0 11 0
16.3170362181724 37 74
0 11 0
2.34298771640023 19 28
2.34298771640023 19 28
11.7368725287005 30 81
16.7050959747701 37 68
0 11 0
0 11 0
16.6573271820046 35 85
5.77152023620467 21 45
9.11230254975732 25 20
0 11 0
0 11 0
2.34298771640023 19 28
29.7320898501284 47 119
3.48705005724482 20 36
0 11 0
9.19142370571681 28 56
21.2416518492257 41 92
1.19423703008093 17 15
5.77152023620467 21 45
0 11 0
2.34298771640023 19 28
0.613104055194306 15 6
0 11 0
0 11 0
6.66468808670314 25 28
14.5716242689749 35 91
2.34298771640023 19 28
17.8850933692994 38 109
0 11 0
2.34298771640023 19 28
8.66044062597811 28 64
6.8433678056539 26 49
16.0173925618757 38 91
3.71807254324597 23 34
5.77152023620467 21 45
29.7746023301823 49 113
0 11 0
2.31750899753204 19 13
11.7368725287005 30 81
11.5866877213477 32 76
0.863370254026551 16 10
5.77152023620467 21 45
12.457101795492 31 59
5.23777954109441 25 46
0 11 0
5.77152023620467 21 45
5.77152023620467 21 45
18.6261249734342 40 102
5.77152023620467 21 45
22.5792769727314 44 124
0 11 0
17.6125417646373 37 76
5.77152023620467 21 45
0 11 0
5.77152023620467 21 45
15.0405007625638 35 73
3.51759867156101 20 16
0 11 0
12.9543096508385 34 59
7.61582005528214 29 49
1.19423703008093 17 15
11.2575375841045 31 74
13.3227774818333 34 81
10.0116635597783 30 63
8.65792284794811 28 66
9.68179324498176 29 73
5.77152023620467 21 45
11.7368725287005 30 81
1.7030436292668 18 11
3.07085548953027 21 29
1.65480176724557 18 21
0.863370254026551 16 10
17.8850933692994 38 109
0 11 0
0.255144471393205 13 1
1.65480176724557 18 21
0.255144471393205 13 1
22.9545742429379 42 100
11.508222439539 32 64
23.7205894833455 44 109
0 11 0
2.34298771640023 19 28
1.19423703008093 17 15
3.48705005724482 20 36
0 11 0
5.77152023620467 21 45
7.29011098768464 25 51
5.77152023620467 21 45
13.5180485257405 32 82
11.7368725287005 30 81
0 11 0
0.863370254026551 16 10
12.0601173226684 32 70
0 11 0
5.77152023620467 21 45
24.2023518142518 45 130
3.48705005724482 20 36
5.52608446912633 24 36
2.31750899753204 19 13
18.0487741607497 38 68
2.34298771640023 19 28
26.1793271951429 47 119
0 11 0
0.415963153403187 14 3
5.77152023620467 21 45
5.77152023620467 21 45
2.34298771640023 19 28
0 11 0
14.5716242689749 35 91
0 11 0
10.7106906118059 31 66
6.21553302741313 26 37
5.77152023620467 21 45
4.45430197111258 22 25
6.78979129993682 23 46
6.21776595122685 27 41
0 11 0
5.77152023620467 21 45
0.863370254026551 16 10
0 11 0
36.0134197723029 55 151
3.076360950882 21 21
3.48705005724482 20 36
3.48705005724482 20 36
3.71807254324597 23 34
29.7746023301823 49 121
1.84271007117315 16 4
5.77152023620467 21 45
5.77152023620467 21 45
2.34298771640023 19 28
5.77152023620467 21 45
11.2575375841045 31 74
0 11 0
25.6891918541677 45 96
15.1373325241275 36 96
7.29011098768464 25 51
11.7368725287005 30 81
24.8707619338141 45 112
0 11 0
17.8850933692994 38 109
0 11 0
0 11 0
0 11 0
11.7368725287005 30 81
1.84271007117315 16 4
0 11 0
4.29339578241916 22 37
2.34298771640023 19 28
1.84271007117315 16 4
0 11 0
0 11 0
15.0300499002282 36 94
0 11 0
19.0622489230724 41 104
23.7205894833455 44 109
18.1315912604666 39 91
0 11 0
26.1793271951429 47 119
0 11 0
0.415963153403187 14 3
15.0300499002282 36 94
28.4998720184026 49 136
5.77152023620467 21 45
0 11 0
10.7307328758492 31 53
0 11 0
8.66044062597811 28 64
24.2023518142518 45 130
27.5056967884093 46 112
6.8433678056539 26 49
8.65792284794811 28 66
0 11 0
29.7320898501284 47 119
18.0408978025244 35 65
4.45430197111258 22 25
0 11 0
0 11 0
0 11 0
11.7368725287005 30 81
20.536571734724 42 109
21.5579243537277 43 117
17.8850933692994 38 109
0 11 0
0 11 0
9.68179324498176 29 73
5.77152023620467 21 45
7.02576817069338 24 48
9.68179324498176 29 73
18.0487741607497 38 68
0 11 0
5.77152023620467 21 45
24.8707619338141 45 112
6.46367264897726 25 40
6.76389535102812 27 57
18.4004540491402 39 103
27.977588135551 48 133
0 11 0
0 11 0
3.48705005724482 20 36
5.77152023620467 21 45
6.76389535102812 27 57
0 11 0
21.8264355346767 43 95
5.77152023620467 21 45
0 11 0
2.34298771640023 19 28
0 11 0
0 11 0
11.7368725287005 30 81
0 11 0
27.0348199320947 45 98
8.66044062597811 28 64
2.34298771640023 19 28
0 11 0
0 11 0
6.8433678056539 26 49
43.9570830417271 60 161
2.34298771640023 19 28
2.36861416453887 20 22
0 11 0
23.869140772684 45 110
13.2766352178145 34 73
11.7368725287005 30 81
5.77152023620467 21 45
17.8850933692994 38 109
1.65480176724557 18 21
1.65480176724557 18 21
6.8433678056539 26 49
0 11 0
0.255144471393205 13 1
0 11 0
11.005978748011 30 61
0 11 0
1.65480176724557 18 21
3.48705005724482 20 36
0 11 0
25.4660811892444 45 118
4.29339578241916 22 37
11.7368725287005 30 81
6.03395340112935 24 26
5.77152023620467 21 45
0 11 0
11.7368725287005 30 81
3.48705005724482 20 36
17.0274215417461 37 62
17.3791014301366 38 95
34.9920671532992 54 146
0 11 0
3.48705005724482 20 36
5.77152023620467 21 45
1.94279502480606 19 16
6.03395340112935 24 26
1.65480176724557 18 21
0 11 0
0 11 0
11.7368725287005 30 81
0 11 0
0 11 0
9.78726015881454 32 67
4.24047947222922 21 14
0.863370254026551 16 10
17.0195436850651 39 89
0.415963153403187 14 3
5.77152023620467 21 45
0 11 0
8.66044062597811 28 64
0 11 0
17.8850933692994 38 109
0 11 0
24.2023518142518 45 130
0 11 0
24.2023518142518 45 130
14.9960399428721 37 82
1.63737070813077 17 7
11.7368725287005 30 81
0 11 0
0 11 0
0 11 0
4.54070217428008 23 39
9.78726015881454 32 67
5.77152023620467 21 45
15.1373325241275 36 96
17.8850933692994 38 109
11.7368725287005 30 81
19.5410036360679 40 83
0.613104055194306 15 6
5.77152023620467 21 45
0 11 0
18.1315912604666 39 91
0 11 0
0 11 0
13.6962490498999 33 52
0.255144471393205 13 1
5.77152023620467 21 45
5.77152023620467 21 45
5.81477375246808 26 51
16.2077559962064 36 76
13.5180485257405 32 82
5.77152023620467 21 45
11.7368725287005 30 81
11.7368725287005 30 81
0 11 0
21.6778842453382 42 103
6.78979129993682 23 46
0 11 0
5.77152023620467 21 45
23.6464866161603 43 89
1.19423703008093 17 15
13.3512170514048 35 88
5.77152023620467 21 45
0 11 0
8.66044062597811 28 64
0 11 0
17.8850933692994 38 109
5.64333546769948 24 24
17.8850933692994 38 109
0 11 0
0 11 0
0 11 0
16.3170362181724 37 74
5.77152023620467 21 45
8.27827887190093 26 25
22.5792769727314 44 124
0 11 0
0 11 0
0 11 0
0.415963153403187 14 3
0 11 0
0 11 0
5.77152023620467 21 45
14.2635924411593 35 80
25.7105254868437 46 125
9.68179324498176 29 73
0 11 0
0 11 0
5.77152023620467 21 45
19.5152191157204 41 100
15.284945060163 36 82
5.81477375246808 26 51
12.5064189846444 34 83
0 11 0
0 11 0
12.5064189846444 34 83
11.7368725287005 30 81
17.8850933692994 38 109
50.6948995175634 63 164
15.4678917451603 37 80
0 11 0
0 11 0
5.77152023620467 21 45
0 11 0
7.40786479775657 27 45
3.48705005724482 20 36
8.65792284794811 28 66
5.77152023620467 21 45
0.863370254026551 16 10
13.5180485257405 32 82
3.48705005724482 20 36
5.77152023620467 21 45
5.77152023620467 21 45
0 11 0
0 11 0
19.9461463027608 41 106
21.5579243537277 43 117
21.9060344410513 42 94
24.7090759575154 41 80
14.5716242689749 35 91
3.48705005724482 20 36
0 11 0
1.65480176724557 18 21
29.2433850521538 50 140
0 11 0
0 11 0
0.255144471393205 13 1
0 11 0
3.71807254324597 23 34
1.7030436292668 18 11
1.84271007117315 16 4
5.77152023620467 21 45
0 11 0
5.11574670044043 25 43
0 11 0
8.03759141543284 27 60
8.03759141543284 27 60
0 11 0
8.66044062597811 28 64
6.78979129993682 23 46
3.48705005724482 20 36
0 11 0
0.613104055194306 15 6
11.7368725287005 30 81
7.02576817069338 24 48
0.863370254026551 16 10
5.77152023620467 21 45
15.7979867223431 35 59
7.40676290890909 28 44
11.7368725287005 30 81
10.0671389653114 29 40
28.4998720184026 49 136
3.51759867156101 20 16
7.84850844342357 26 31
11.7368725287005 30 81
0.863370254026551 16 10
17.8850933692994 38 109
12.0601173226684 32 70
13.8055292718658 34 65
11.7368725287005 30 81
0 11 0
3.48705005724482 20 36
3.18814108701039 22 27
5.77152023620467 21 45
11.7368725287005 30 81
5.81477375246808 26 51
0 11 0
0 11 0
13.3512170514048 35 88
3.076360950882 21 21
1.84271007117315 16 4
0.863370254026551 16 10
0 11 0
0 11 0
4.7839588386226 20 10
5.77152023620467 21 45
5.77152023620467 21 45
17.8850933692994 38 109
11.7368725287005 30 81
5.77152023620467 21 45
3.48705005724482 20 36
0 11 0
7.61177227570004 26 55
0 11 0
3.48705005724482 20 36
11.7368725287005 30 81
30.5895036704281 47 92
4.7839588386226 20 10
11.3085118133975 33 72
3.48705005724482 20 36
0.255144471393205 13 1
0 11 0
22.8477881536804 44 104
2.34298771640023 19 28
14.1634490525985 34 87
10.565335102344 31 67
8.66044062597811 28 64
3.48705005724482 20 36
2.34298771640023 19 28
0 11 0
0 11 0
0 11 0
3.48705005724482 20 36
19.3251520254618 41 108
5.77152023620467 21 45
11.7368725287005 30 81
11.7368725287005 30 81
18.0408963040687 40 98
5.77152023620467 21 45
9.19142370571681 28 56
5.77152023620467 21 45
5.77152023620467 21 45
0 11 0
5.77152023620467 21 45
6.8433678056539 26 49
5.77152023620467 21 45
0 11 0
5.77152023620467 21 45
17.8850933692994 38 109
9.68179324498176 29 73
27.0348199320947 45 98
11.508222439539 32 64
0 11 0
5.77152023620467 21 45
11.2575375841045 31 74
7.29011098768464 25 51
9.54861037636188 29 46
6.8433678056539 26 49
3.97198262449153 23 31
10.0116635597783 30 63
5.77152023620467 21 45
37.266610689048 56 155
11.005978748011 30 61
0 11 0
11.8816940076057 31 47
9.67051132334652 31 61
0 11 0
13.8282093424838 33 84
0 11 0
0 11 0
5.77152023620467 21 45
8.03759141543284 27 60
3.48705005724482 20 36
11.7368725287005 30 81
18.0408963040687 40 95
5.77152023620467 21 45
5.77152023620467 21 45
9.68179324498176 29 73
5.77152023620467 21 45
6.8433678056539 26 49
2.34298771640023 19 28
9.54861037636188 29 46
10.9551349094052 32 70
16.3170362181724 37 74
15.0300499002282 36 94
24.7090759575154 41 80
0 11 0
0 11 0
3.48705005724482 20 36
0.863370254026551 16 10
13.6962490498999 33 52
22.1975690112088 38 56
13.5180485257405 32 82
1.63737070813077 17 7
19.9461463027608 41 106
14.0086972812245 35 85
11.7368725287005 30 81
30.6707790208742 51 145
3.48705005724482 20 36
5.77152023620467 21 45
1.84271007117315 16 4
3.48705005724482 20 36
0 11 0
5.77152023620467 21 45
11.7368725287005 30 81
9.15100368218154 26 49
24.2023518142518 45 130
3.48705005724482 20 36
7.84850844342357 26 31
0 11 0
0 11 0
0 11 0
15.0300499002282 36 94
9.7093802568455 30 50
3.51759867156101 20 16
10.9551349094052 32 70
5.77152023620467 21 45
5.77152023620467 21 45
1.65480176724557 18 21
0 11 0
5.77152023620467 21 45
9.68179324498176 29 73
0.255144471393205 13 1
0 11 0
5.77152023620467 21 45
2.34298771640023 19 28
0 11 0
13.6962490498999 33 52
0 11 0
17.8850933692994 38 109
0 11 0
3.35121737038335 22 31
0 11 0
3.48705005724482 20 36
0 11 0
8.65792284794811 28 66
40.8030298604647 57 149
0 11 0
4.24800399948154 24 38
0 11 0
22.5792769727314 44 124
3.07085548953027 21 29
11.3085118133975 33 72
3.48705005724482 20 36
17.8850933692994 38 109
5.77152023620467 21 45
8.66044062597811 28 64
17.8850933692994 38 109
9.68179324498176 29 73
30.6707790208742 51 145
1.65480176724557 18 21
0 11 0
9.68179324498176 29 73
9.54861037636188 29 46
3.48705005724482 20 36
0.255144471393205 13 1
4.54070217428008 23 39
5.77152023620467 21 45
0 11 0
5.77152023620467 21 45
0 11 0
9.15100368218154 26 49
19.5152191157204 41 100
4.62198284869583 23 22
2.36861416453887 20 22
24.2023518142518 45 130
0 11 0
0 11 0
0 11 0
6.8433678056539 26 49
5.77152023620467 21 45
0 11 0
11.508222439539 32 64
6.8433678056539 26 49
6.21553302741313 26 37
29.7320898501284 47 119
0 11 0
0 11 0
1.65480176724557 18 21
12.884814865881 30 55
0.255144471393205 13 1
3.51759867156101 20 16
3.51759867156101 20 16
6.8433678056539 26 49
0 11 0
0.255144471393205 13 1
0 11 0
1.19423703008093 17 15
0 11 0
3.48705005724482 20 36
0 11 0
6.8433678056539 26 49
11.7368725287005 30 81
13.3227774818333 34 81
8.03759141543284 27 60
3.48705005724482 20 36
16.2077559962064 36 76
0 11 0
11.005978748011 30 61
0.613104055194306 15 6
8.66044062597811 28 64
0 11 0
5.77152023620467 21 45
11.508222439539 32 64
0 11 0
8.66044062597811 28 64
0 11 0
1.84271007117315 16 4
17.8850933692994 38 109
0.255144471393205 13 1
17.8850933692994 38 109
22.6251339971567 42 82
28.7532497111786 48 113
5.64333546769948 24 24
0.255144471393205 13 1
0 11 0
14.5716242689749 35 91
0 11 0
0 11 0
2.34298771640023 19 28
31.8173075681896 51 130
0 11 0
9.54861037636188 29 61
11.7368725287005 30 81
0 11 0
2.34298771640023 19 28
0.863370254026551 16 10
0 11 0
5.77152023620467 21 45
16.0514025192318 37 102
0 11 0
0 11 0
2.34298771640023 19 28
5.77152023620467 21 45
7.29011098768464 25 51
0 11 0
17.9315603503249 36 55
28.0561725510984 46 100
0 11 0
20.536571734724 42 109
3.07085548953027 21 29
3.51759867156101 20 16
1.65480176724557 18 21
17.0195436850651 39 89
0 11 0
0 11 0
2.34298771640023 19 28
3.18814108701039 22 27
3.48705005724482 20 36
0 11 0
5.77152023620467 21 45
0.255144471393205 13 1
3.48705005724482 20 36
3.48705005724482 20 36
0.613104055194306 15 6
3.48705005724482 20 36
9.78726015881454 32 67
0 11 0
0.863370254026551 16 10
4.54070217428008 23 39
23.869140772684 45 106
5.77152023620467 21 45
9.8221583912906 29 58
5.77152023620467 21 45
5.77152023620467 21 45
1.65480176724557 18 21
5.77152023620467 21 45
3.48705005724482 20 36
14.0086972812245 35 85
5.77152023620467 21 45
5.77152023620467 21 45
9.15100368218154 26 49
2.34298771640023 19 28
9.68179324498176 29 73
0.415963153403187 14 3
0 11 0
3.48705005724482 20 36
6.8433678056539 26 49
0 11 0
5.77152023620467 21 45
0 11 0
5.52608446912633 24 36
0 11 0
6.8433678056539 26 49
22.5792769727314 44 124
5.77152023620467 21 45
8.66044062597811 28 64
0 11 0
1.84271007117315 16 4
26.2416175088042 44 83
17.8850933692994 38 109
11.7368725287005 30 81
5.77152023620467 21 45
15.1373325241275 36 96
3.35121737038335 22 31
8.44362796309864 29 52
19.5152191157204 41 100
0.613104055194306 15 6
0 11 0
0 11 0
0 11 0
11.005978748011 30 61
5.77152023620467 21 45
15.4678917451603 37 80
5.77152023620467 21 45
10.565335102344 31 67
0.415963153403187 14 3
5.23777954109441 25 46
0 11 0
19.5152191157204 41 100
8.66044062597811 28 64
18.1315912604666 39 91
0 11 0
0 11 0
0 11 0
5.77152023620467 21 45
0 11 0
20.536571734724 42 109
8.66044062597811 28 64
19.5410036360679 40 83
9.54861037636188 29 46
0 11 0
8.65792284794811 28 66
4.7839588386226 20 10
1.65480176724557 18 21
13.3512170514048 35 88
8.97148427131888 30 53
5.77152023620467 21 45
11.8387816605719 33 62
21.2307698888194 42 115
8.66044062597811 28 64
0 11 0
11.7368725287005 30 81
0 11 0
0 11 0
0 11 0
0 11 0
0 11 0
8.66044062597811 28 64
3.48705005724482 20 36
5.23777954109441 25 46
5.77152023620467 21 45
0 11 0
5.77152023620467 21 45
11.7368725287005 30 81
0 11 0
9.67051132334652 31 61
5.77152023620467 21 45
7.61177227570004 26 55
2.65872332713443 18 9
4.6642489521739 24 28
0 11 0
0 11 0
11.7368725287005 30 81
5.19328183036413 24 32
0 11 0
11.3085118133975 33 72
0 11 0
11.7368725287005 30 81
5.77152023620467 21 45
0 11 0
0.415963153403187 14 3
17.8850933692994 38 109
3.48705005724482 20 36
0.863370254026551 16 10
22.1975690112088 38 56
3.48705005724482 20 36
5.77152023620467 21 45
5.77152023620467 21 45
0 11 0
0 11 0
3.48705005724482 20 36
0 11 0
0 11 0
5.77152023620467 21 45
8.66044062597811 28 64
11.3085118133975 33 72
5.77152023620467 21 45
5.77152023620467 21 45
8.65792284794811 28 66
0 11 0
7.17783104649576 27 37
0 11 0
0 11 0
0 11 0
6.46367264897726 25 40
15.7979867223431 35 59
5.77152023620467 21 45
11.7368725287005 30 81
9.32519956625004 30 47
1.7030436292668 18 11
24.2023518142518 45 130
33.499837677981 52 139
11.7368725287005 30 81
1.65480176724557 18 21
2.34298771640023 19 28
5.77152023620467 21 45
0 11 0
6.8433678056539 26 49
11.7368725287005 30 81
0 11 0
0 11 0
0 11 0
5.77152023620467 21 45
0 11 0
1.19423703008093 17 15
14.0086972812245 35 85
0 11 0
37.266610689048 56 155
0 11 0
6.78979129993682 23 46
0 11 0
7.61177227570004 26 55
0 11 0
30.6707790208742 51 145
17.8850933692994 38 109
0 11 0
0.613104055194306 15 6
0 11 0
11.0358729934975 32 72
5.52608446912633 24 36
0 11 0
5.77152023620467 21 45
19.9461463027608 41 106
11.7368725287005 30 81
7.40786479775657 27 45
0 11 0
5.77152023620467 21 45
1.94279502480606 19 16
24.8707619338141 45 120
9.11230254975732 25 20
3.48705005724482 20 36
5.77152023620467 21 45
9.46493595924627 29 38
11.7368725287005 30 81
8.03759141543284 27 60
5.77152023620467 21 45
0.613104055194306 15 6
5.77152023620467 21 45
0.415963153403187 14 3
1.65480176724557 18 21
9.68179324498176 29 73
13.8282093424838 33 84
0 11 0
5.77152023620467 21 45
20.083601542076 42 112
13.2422398221557 34 71
5.77152023620467 21 45
11.7368725287005 30 81
11.7368725287005 30 81
0.255144471393205 13 1
0 11 0
11.4850663656407 33 74
11.1387796625705 33 64
0 11 0
11.0358729934975 32 72
0 11 0
6.78979129993682 23 46
11.7368725287005 30 81
8.03759141543284 27 60
5.77152023620467 21 45
0 11 0
0 11 0
14.9970148888458 36 70
15.0300499002282 36 94
5.52608446912633 24 36
5.81477375246808 26 51
39.781677241461 56 143
3.97198262449153 23 31
0 11 0
17.8850933692994 38 109
9.68179324498176 29 73
17.8850933692994 38 109
4.45430197111258 22 25
5.77152023620467 21 45
25.462991550402 44 95
5.77152023620467 21 45
0 11 0
0 11 0
0.613104055194306 15 6
15.4678917451603 37 80
0 11 0
5.77152023620467 21 45
0 11 0
17.2824467874545 39 91
5.77152023620467 21 45
0 11 0
19.5152191157204 41 100
37.266610689048 56 155
6.03395340112935 24 26
0 11 0
0 11 0
2.65872332713443 18 9
5.77152023620467 21 45
0 11 0
0 11 0
5.23777954109441 25 46
8.65792284794811 28 66
0 11 0
8.66044062597811 28 64
14.4998070334994 33 64
17.8850933692994 38 109
0 11 0
0 11 0
11.508222439539 32 64
5.77152023620467 21 45
11.4850663656407 33 74
24.7090759575154 41 80
11.7368725287005 30 81
0 11 0
0 11 0
5.77152023620467 21 45
11.8073919326167 33 76
0 11 0
0 11 0
6.8433678056539 26 49
5.77152023620467 21 45
0 11 0
0 11 0
17.8850933692994 38 109
0 11 0
6.8433678056539 26 49
3.48705005724482 20 36
0 11 0
2.34298771640023 19 28
0 11 0
32.9493619152919 52 133
0 11 0
1.65480176724557 18 21
15.0300499002282 36 94
0.255144471393205 13 1
16.6573271820046 35 85
14.4998070334994 33 64
0 11 0
28.4998720184026 49 136
8.65792284794811 28 66
8.65792284794811 28 66
14.1634490525985 34 87
0 11 0
0 11 0
7.84850844342357 26 31
5.77152023620467 21 45
1.84271007117315 16 4
0 11 0
0 11 0
30.6707790208742 51 145
28.4998720184026 49 136
0 11 0
11.3085118133975 33 72
4.45430197111258 22 25
12.5064189846444 34 83
6.78979129993682 23 46
27.731897092175 47 107
15.0300499002282 36 94
12.578645911618 32 64
0 11 0
12.0601173226684 32 70
11.7368725287005 30 81
14.0086972812245 35 85
0 11 0
18.6309695457198 40 81
0 11 0
0 11 0
5.77152023620467 21 45
0 11 0
24.2023518142518 45 130
3.48705005724482 20 36
9.68179324498176 29 73
7.84850844342357 26 31
16.2077559962064 36 76
7.29011098768464 25 51
4.21939835883514 22 19
40.8030298604647 57 152
0.255144471393205 13 1
5.77152023620467 21 45
5.77152023620467 21 45
7.02576817069338 24 48
5.77152023620467 21 45
2.34298771640023 19 28
30.7959549491859 50 122
0 11 0
3.48705005724482 20 36
7.84850844342357 26 31
25.1579745761392 46 110
5.23777954109441 25 46
0.613104055194306 15 6
11.7368725287005 30 81
3.97198262449153 23 31
8.97148427131888 30 53
0 11 0
6.03395340112935 24 26
3.97198262449153 23 31
11.8387816605719 33 62
5.77152023620467 21 45
1.65480176724557 18 21
11.7368725287005 30 81
5.77152023620467 21 45
11.8073919326167 33 76
11.7368725287005 30 81
11.7368725287005 30 81
0 11 0
0 11 0
0 11 0
32.9493619152919 52 133
15.1373325241275 36 96
5.77152023620467 21 45
3.48705005724482 20 36
17.8850933692994 38 109
2.34298771640023 19 28
5.77152023620467 21 45
4.84089028093909 24 42
16.81156993114 38 87
1.19423703008093 17 15
3.48705005724482 20 36
2.34298771640023 19 28
0 11 0
0 11 0
0 11 0
0.255144471393205 13 1
4.24800399948154 24 38
5.77152023620467 21 45
20.4298394981282 40 110
3.48705005724482 20 36
11.7368725287005 30 81
21.6778842453382 42 103
5.77152023620467 21 45
4.29339578241916 22 37
3.51759867156101 20 16
5.77152023620467 21 45
20.805082915673 42 88
1.65480176724557 18 21
28.4998720184026 49 136
0 11 0
0 11 0
13.5180485257405 32 82
15.1373325241275 36 96
17.9270979214066 39 99
22.7163800217344 44 107
0 11 0
4.54070217428008 23 39
2.34298771640023 19 28
0 11 0
11.7368725287005 30 81
9.54861037636188 29 46
0 11 0
16.81156993114 38 87
5.19328183036413 24 32
13.5180485257405 32 82
17.8850933692994 38 109
0 11 0
5.77152023620467 21 45
0 11 0
5.77152023620467 21 45
9.68179324498176 29 73
1.63737070813077 17 7
6.78979129993682 23 46
28.2220324331502 49 134
0 11 0
14.2979878368181 35 75
6.8433678056539 26 49
9.68179324498176 29 73
0 11 0
0 11 0
11.3085118133975 33 72
13.3227774818333 34 81
5.77152023620467 21 45
5.11574670044043 25 43
0 11 0
31.2551977456676 46 84
15.0300499002282 36 94
0 11 0
16.0514025192318 37 102
0 11 0
0 11 0
5.77152023620467 21 45
5.77152023620467 21 45
8.65792284794811 28 66
0 11 0
11.7368725287005 30 81
11.7368725287005 30 81
11.7368725287005 30 81
21.2416518492257 41 100
16.7164196139034 39 94
1.7030436292668 18 11
9.68179324498176 29 73
6.8433678056539 26 49
20.536571734724 42 109
0 11 0
9.99283689032253 31 59
1.65480176724557 18 21
0 11 0
30.3416044497072 49 128
5.81477375246808 26 51
16.0514025192318 37 102
16.9047079002187 37 92
5.77152023620467 21 45
37.266610689048 56 155
14.0086972812245 35 85
6.28318471023653 23 19
0 11 0
2.34298771640023 19 28
0 11 0
17.8206239650366 38 80
43.9570830417271 60 161
3.48705005724482 20 36
0 11 0
9.68179324498176 29 73
3.48705005724482 20 36
2.34298771640023 19 28
7.84850844342357 26 31
24.2023518142518 45 130
4.45430197111258 22 25
5.77152023620467 21 45
10.0556970263602 28 54
5.77152023620467 21 45
24.68917286784 45 118
7.02576817069338 24 48
11.2575375841045 31 74
0 11 0
0 11 0
14.2216311255491 34 77
0.415963153403187 14 3
17.8850933692994 38 109
0 11 0
17.4982983980606 38 78
5.77152023620467 21 45
0 11 0
0.415963153403187 14 3
0 11 0
0 11 0
8.66044062597811 28 64
0 11 0
9.68179324498176 29 73
0 11 0
29.8707275933926 48 115
0 11 0
2.34298771640023 19 28
0 11 0
16.0514025192318 37 102
6.28318471023653 23 19
2.34298771640023 19 28
5.77152023620467 21 45
0.415963153403187 14 3
0 11 0
20.083601542076 42 112
1.65480176724557 18 21
0.415963153403187 14 3
12.3298644324011 34 79
8.31484710730979 30 57
6.76389535102812 27 57
0 11 0
1.7030436292668 18 11
8.97148427131888 30 53
0 11 0
0 11 0
4.54070217428008 23 39
0 11 0
12.0601173226684 32 70
0 11 0
0 11 0
8.15104150881 29 58
0 11 0
17.8850933692994 38 109
0 11 0
8.65792284794811 28 66
17.8850933692994 38 109
0 11 0
2.70618570788864 21 24
3.48705005724482 20 36
9.68179324498176 29 73
3.48705005724482 20 36
13.6962490498999 33 52
0.863370254026551 16 10
11.7368725287005 30 81
0 11 0
5.77152023620467 21 45
3.48705005724482 20 36
0 11 0
6.78979129993682 23 46
13.2422398221557 34 71
0 11 0
15.0405007625638 35 73
11.005978748011 30 61
0 11 0
14.883427497937 31 35
2.34298771640023 19 28
5.77152023620467 21 45
9.46493595924627 29 38
0 11 0
11.7368725287005 30 81
11.7368725287005 30 81
16.489244364164 38 89
12.884814865881 30 55
11.7368725287005 30 81
5.77152023620467 21 45
0.613104055194306 15 6
26.1793271951429 47 119
5.77152023620467 21 45
5.23777954109441 25 46
5.77152023620467 21 45
0.613104055194306 15 6
36.0134197723029 55 151
0 11 0
8.97148427131888 30 53
0 11 0
0 11 0
26.7105444731713 46 98
0 11 0
11.7368725287005 30 81
22.6251339971567 42 82
27.731897092175 47 116
3.48705005724482 20 36
16.0514025192318 37 102
24.2023518142518 45 130
24.8707619338141 45 120
10.7106906118059 31 66
27.5133087162868 47 131
12.9543096508385 34 59
7.29011098768464 25 51
5.77152023620467 21 45
18.0408978025244 35 65
0.255144471393205 13 1
0 11 0
28.2220324331502 49 134
11.7368725287005 30 81
3.48705005724482 20 36
19.8633292030439 40 85
0 11 0
11.7368725287005 30 81
16.0514025192318 37 102
1.19423703008093 17 15
3.076360950882 21 21
11.7368725287005 30 81
0 11 0
6.78979129993682 23 46
0 11 0
7.84850844342357 26 31
13.6962490498999 33 52
11.508222439539 32 64
5.77152023620467 21 45
0 11 0
6.78979129993682 23 46
37.7389720034537 54 128
11.005978748011 30 61
5.77152023620467 21 45
0 11 0
0 11 0
5.77152023620467 21 45
6.28318471023653 23 19
0 11 0
10.2361849651009 30 65
0 11 0
1.65480176724557 18 21
5.52608446912633 24 36
5.77152023620467 21 45
8.65792284794811 28 66
24.2023518142518 45 130
0 11 0
0 11 0
16.0514025192318 37 102
5.11574670044043 25 43
0 11 0
0 11 0
6.78979129993682 23 46
0 11 0
22.1776659215335 42 106
0 11 0
5.77152023620467 21 45
29.3202518307035 48 121
5.77152023620467 21 45
0 11 0
0 11 0
27.977588135551 48 133
1.65480176724557 18 21
0 11 0
5.64333546769948 24 24
0 11 0
0 11 0
0 11 0
0 11 0
0 11 0
5.23777954109441 25 46
13.3227774818333 34 81
5.36327600420155 25 32
5.77152023620467 21 45
5.77152023620467 21 45
17.8850933692994 38 109
13.5180485257405 32 82
0 11 0
0 11 0
0 11 0
0 11 0
8.65792284794811 28 66
0 11 0
11.7368725287005 30 81
13.3512170514048 35 88
7.29011098768464 25 51
0.863370254026551 16 10
11.5866877213477 32 76
0 11 0
6.78979129993682 23 46
1.65480176724557 18 21
0 11 0
33.177512111005 52 141
7.61177227570004 26 55
1.19423703008093 17 15
0 11 0
3.97198262449153 23 31
0 11 0
11.7368725287005 30 81
5.77152023620467 21 45
11.0358729934975 32 72
11.7368725287005 30 81
8.03759141543284 27 60
0 11 0
5.77152023620467 21 45
13.3512170514048 35 88
2.34298771640023 19 28
0 11 0
0 11 0
0 11 0
1.84271007117315 16 4
17.8850933692994 38 109
13.5180485257405 32 82
8.65792284794811 28 66
5.77152023620467 21 45
1.65480176724557 18 21
0 11 0
11.7368725287005 30 81
0 11 0
0 11 0
5.77152023620467 21 45
5.77152023620467 21 45
0 11 0
12.0601173226684 32 70
13.3512170514048 35 88
2.34298771640023 19 28
2.34298771640023 19 28
0 11 0
8.66044062597811 28 64
31.6852826356868 50 128
11.7368725287005 30 81
0 11 0
0 11 0
0 11 0
0 11 0
3.48705005724482 20 36
0 11 0
0.613104055194306 15 6
11.7368725287005 30 81
5.77152023620467 21 45
3.076360950882 21 21
11.7368725287005 30 81
1.65480176724557 18 21
0 11 0
0 11 0
17.0195436850651 39 89
26.1793271951429 47 119
9.68179324498176 29 73
5.77152023620467 21 45
16.9047079002187 37 92
26.1793271951429 47 119
15.4678917451603 37 80
2.31750899753204 19 13
12.0601173226684 32 70
0 11 0
9.01387415933744 31 63
14.5716242689749 35 91
0 11 0
0 11 0
5.77152023620467 21 45
2.34298771640023 19 28
0 11 0
6.03395340112935 24 26
0 11 0
0.255144471393205 13 1
11.7368725287005 30 81
0 11 0
0 11 0
8.66044062597811 28 64
0 11 0
16.0514025192318 37 102
11.7368725287005 30 81
5.77152023620467 21 45
0 11 0
0 11 0
23.9707620750838 42 86
11.7368725287005 30 81
0 11 0
0 11 0
0 11 0
0 11 0
18.4003620586241 37 74
4.45430197111258 22 25
24.2023518142518 45 130
1.65480176724557 18 21
15.6950669948997 38 85
9.54861037636188 29 46
0.415963153403187 14 3
0 11 0
0 11 0
0 11 0
0 11 0
0 11 0
18.0408978025244 35 65
3.07085548953027 21 29
0 11 0
5.77152023620467 21 45
13.6523617568924 36 73
31.8173075681896 51 133
1.84271007117315 16 4
0 11 0
4.45430197111258 22 25
11.7368725287005 30 81
16.0514025192318 37 102
5.81477375246808 26 51
0 11 0
1.65480176724557 18 21
0 11 0
6.78979129993682 23 46
0 11 0
3.51759867156101 20 16
3.48705005724482 20 36
13.1085773678535 33 70
2.70618570788864 21 24
11.3423367289119 29 34
7.02576817069338 24 48
1.19423703008093 17 15
0 11 0
10.0556970263602 28 54
0 11 0
0 11 0
16.489244364164 38 89
0 11 0
3.48705005724482 20 36
3.48705005724482 20 36
11.7368725287005 30 81
17.8850933692994 38 109
7.61177227570004 26 55
24.2023518142518 45 130
5.77152023620467 21 45
0 11 0
16.0514025192318 37 102
1.65480176724557 18 21
0 11 0
24.2023518142518 45 130
5.77152023620467 21 45
0 11 0
0 11 0
8.66044062597811 28 64
0.613104055194306 15 6
0 11 0
25.4660811892444 45 118
24.2023518142518 45 130
5.77152023620467 21 45
1.65480176724557 18 21
19.8633292030439 40 85
10.2361849651009 30 65
5.77152023620467 21 45
11.7368725287005 30 81
24.2023518142518 45 130
0 11 0
20.3342060593585 41 92
13.6962490498999 33 52
0 11 0
0.863370254026551 16 10
0 11 0
0 11 0
17.8850933692994 38 109
4.24800399948154 24 38
13.3227774818333 34 81
0 11 0
4.45430197111258 22 25
3.48705005724482 20 36
9.68179324498176 29 73
7.17783104649576 27 37
29.2433850521538 50 140
22.1562070327896 40 69
1.65480176724557 18 21
0.255144471393205 13 1
0 11 0
12.457101795492 31 59
9.67051132334652 31 61
2.34298771640023 19 28
0 11 0
30.6707790208742 51 145
0 11 0
23.3982639163695 44 111
0 11 0
5.77152023620467 21 45
9.54861037636188 29 46
0 11 0
5.77152023620467 21 45
11.4611052295466 33 60
5.77152023620467 21 45
0 11 0
3.48705005724482 20 36
0 11 0
0 11 0
16.6359247190832 36 88
0 11 0
0 11 0
0 11 0
11.7368725287005 30 81
4.7839588386226 20 10
11.7368725287005 30 81
36.7176193844501 53 119
0 11 0
7.29011098768464 25 51
5.77152023620467 21 45
5.77152023620467 21 45
11.7368725287005 30 81
0 11 0
5.77152023620467 21 45
21.2307698888194 42 115
5.77152023620467 21 45
13.9756622698421 35 65
24.2023518142518 45 130
11.7368725287005 30 81
5.77152023620467 21 45
0 11 0
14.0086972812245 35 85
0 11 0
8.66044062597811 28 64
11.7368725287005 30 81
0.255144471393205 13 1
23.9707620750838 42 86
1.65480176724557 18 21
3.48705005724482 20 36
3.51759867156101 20 16
9.15100368218154 26 49
8.03759141543284 27 60
22.5792769727314 44 124
9.15100368218154 26 49
4.54070217428008 23 39
0.415963153403187 14 3
0 11 0
0 11 0
14.0086972812245 35 85
2.65872332713443 18 9
0 11 0
3.48705005724482 20 36
0 11 0
1.19423703008093 17 15
6.76389535102812 27 57
23.6484365081078 42 84
24.7090759575154 41 80
17.8850933692994 38 109
0 11 0
11.4850663656407 33 74
5.77152023620467 21 45
5.77152023620467 21 45
2.70618570788864 21 24
0 11 0
0 11 0
4.45430197111258 22 25
11.508222439539 32 64
2.37733389885436 20 18
10.0556970263602 28 54
0 11 0
11.7368725287005 30 81
0 11 0
1.65480176724557 18 21
5.77152023620467 21 45
36.7176193844501 53 119
5.77152023620467 21 45
17.8850933692994 38 109
4.52559648374884 23 25
0 11 0
0 11 0
30.6707790208742 51 145
17.8850933692994 38 109
9.99283689032253 31 59
13.8055292718658 34 65
24.9921146940874 43 91
16.1125428791123 37 84
15.0300499002282 36 94
20.8147476426743 41 112
6.8433678056539 26 49
3.48705005724482 20 36
0 11 0
5.77152023620467 21 45
7.40676290890909 28 44
0 11 0
3.48705005724482 20 36
0 11 0
0 11 0
5.77152023620467 21 45
5.77152023620467 21 45
20.0118804923825 41 90
14.1634490525985 34 87
0 11 0
13.3227774818333 34 81
6.78979129993682 23 46
5.52608446912633 24 36
2.34298771640023 19 28
0 11 0
1.65480176724557 18 21
6.76389535102812 27 57
24.2023518142518 45 130
5.77152023620467 21 45
1.19423703008093 17 15
0 11 0
9.64752513322605 30 45
0 11 0
8.35075213495159 28 50
5.77152023620467 21 45
0 11 0
0 11 0
5.77152023620467 21 45
9.15100368218154 26 49
3.48705005724482 20 36
5.77152023620467 21 45
15.5669116887089 37 71
0 11 0
0.863370254026551 16 10
0 11 0
1.65480176724557 18 21
16.7164196139034 39 94
0 11 0
5.77152023620467 21 45
30.6707790208742 51 145
0 11 0
7.61177227570004 26 55
42.845735098472 59 158
1.19423703008093 17 15
13.3512170514048 35 88
0 11 0
11.7368725287005 30 81
17.8850933692994 38 109
2.34298771640023 19 28
0 11 0
5.77152023620467 21 45
0 11 0
9.19142370571681 28 56
7.61177227570004 26 55
2.34298771640023 19 28
2.65872332713443 18 9
5.77152023620467 21 45
16.0514025192318 37 102
0 11 0
0 11 0
5.77152023620467 21 45
13.3227774818333 34 81
3.48705005724482 20 36
3.48705005724482 20 36
0 11 0
1.65480176724557 18 21
5.77152023620467 21 45
5.77152023620467 21 45
11.2575375841045 31 74
11.7368725287005 30 81
4.29339578241916 22 37
9.0343444073565 27 52
0 11 0
0 11 0
8.72703997371965 29 52
11.7368725287005 30 81
0 11 0
1.19423703008093 17 15
11.7834307965226 33 56
3.48705005724482 20 36
23.869140772684 45 110
0 11 0
8.66044062597811 28 64
3.48705005724482 20 36
27.5133087162868 47 131
0 11 0
23.6464866161603 43 86
7.29011098768464 25 51
0 11 0
9.68179324498176 29 73
5.77152023620467 21 45
0 11 0
0 11 0
7.61177227570004 26 55
9.68179324498176 29 73
5.77152023620467 21 45
16.489244364164 38 89
11.7368725287005 30 81
11.005978748011 30 61
5.77152023620467 21 45
16.81156993114 38 87
8.25258392301723 27 31
0 11 0
17.8850933692994 38 109
0 11 0
0 11 0
11.7368725287005 30 81
6.28318471023653 23 19
5.77152023620467 21 45
1.63737070813077 17 7
0 11 0
17.8850933692994 38 109
11.7368725287005 30 81
5.77152023620467 21 45
0 11 0
4.29339578241916 22 37
17.8850933692994 38 109
0 11 0
2.65872332713443 18 9
5.77152023620467 21 45
5.77152023620467 21 45
0.255144471393205 13 1
11.7368725287005 30 81
0 11 0
11.7368725287005 30 81
9.78726015881454 32 67
0 11 0
0.863370254026551 16 10
0 11 0
5.52608446912633 24 36
3.48705005724482 20 36
0.415963153403187 14 3
0 11 0
27.731897092175 47 107
0 11 0
5.77152023620467 21 45
5.77152023620467 21 45
0.255144471393205 13 1
11.7368725287005 30 81
2.34298771640023 19 28
2.65872332713443 18 9
17.8850933692994 38 109
0 11 0
21.5579243537277 43 117
0 11 0
5.77152023620467 21 45
15.0300499002282 36 94
16.9047079002187 37 92
0 11 0
0 11 0
18.8419765840403 39 83
18.0408978025244 35 65
0 11 0
16.2077559962064 36 76
21.5579243537277 43 117
5.77152023620467 21 45
2.34298771640023 19 28
0 11 0
5.77152023620467 21 45
0 11 0
9.54861037636188 29 46
5.77152023620467 21 45
5.77152023620467 21 45
0 11 0
0 11 0
11.7368725287005 30 81
9.99283689032253 31 59
0 11 0
5.77152023620467 21 45
12.578645911618 32 64
5.77152023620467 21 45
11.5866877213477 32 76
18.6261249734342 40 102
24.2023518142518 45 130
4.45430197111258 22 25
11.7368725287005 30 81
30.7959549491859 50 126
1.65480176724557 18 21
29.2433850521538 50 140
11.7368725287005 30 81
0 11 0
0 11 0
9.54861037636188 29 46
14.4998070334994 33 64
8.03759141543284 27 60
6.66468808670314 25 28
1.19423703008093 17 15
0.863370254026551 16 10
0.863370254026551 16 10
11.7368725287005 30 81
20.083601542076 42 112
0 11 0
13.2002785065455 33 68
0 11 0
28.4998720184026 49 136
0.863370254026551 16 10
15.1373325241275 36 96
0 11 0
7.02576817069338 24 48
5.77152023620467 21 45
12.9543096508385 34 59
27.2006798141465 48 127
17.8850933692994 38 109
15.0300499002282 36 94
0.255144471393205 13 1
0 11 0
22.6464676298327 43 101
11.508222439539 32 64
0 11 0
9.68179324498176 29 73
23.869140772684 45 106
3.51759867156101 20 16
14.1634490525985 34 87
8.66044062597811 28 64
3.51759867156101 20 16
24.8904933916877 46 118
15.0405007625638 35 73
0 11 0
15.0300499002282 36 94
0 11 0
0 11 0
0 11 0
5.77152023620467 21 45
1.19423703008093 17 15
1.65480176724557 18 21
17.8850933692994 38 109
0 11 0
25.6891918541677 45 91
30.6707790208742 51 145
10.6688777522297 31 47
0.255144471393205 13 1
0 11 0
8.65792284794811 28 66
9.15100368218154 26 49
0 11 0
6.78979129993682 23 46
5.77152023620467 21 45
7.61177227570004 26 55
5.77152023620467 21 45
9.15100368218154 26 49
0 11 0
14.2216311255491 34 77
3.48705005724482 20 36
18.5196510170643 39 81
11.7368725287005 30 81
0 11 0
5.77152023620467 21 45
19.5410036360679 40 83
0 11 0
0.255144471393205 13 1
11.0358729934975 32 72
11.4850663656407 33 74
0 11 0
0 11 0
0 11 0
4.62198284869583 23 22
0 11 0
5.77152023620467 21 45
0 11 0
0 11 0
20.536571734724 42 109
0 11 0
17.3790094396204 36 70
11.2575375841045 31 74
0 11 0
0 11 0
14.5716242689749 35 91
24.2023518142518 45 130
0 11 0
0 11 0
5.77152023620467 21 45
0 11 0
8.66044062597811 28 64
9.2213179512033 30 55
8.03759141543284 27 60
2.34298771640023 19 28
5.77152023620467 21 45
6.28318471023653 23 19
1.65480176724557 18 21
0 11 0
2.34298771640023 19 28
25.5351445256397 46 122
0 11 0
5.77152023620467 21 45
5.77152023620467 21 45
4.52559648374884 23 25
42.5240785655342 55 120
6.78979129993682 23 46
0 11 0
0 11 0
1.19423703008093 17 15
21.8264355346767 43 95
29.2433850521538 50 140
3.48705005724482 20 36
5.77152023620467 21 45
14.0086972812245 35 85
0 11 0
5.77152023620467 21 45
0 11 0
0.613104055194306 15 6
0 11 0
8.66044062597811 28 64
0 11 0
19.5410036360679 40 83
0 11 0
1.84271007117315 16 4
6.8433678056539 26 49
0 11 0
21.760701345055 43 119
10.042808201958 29 46
0 11 0
9.0343444073565 27 52
42.845735098472 59 158
3.48705005724482 20 36
0 11 0
0.415963153403187 14 3
0 11 0
0 11 0
0 11 0
0 11 0
8.03759141543284 27 60
5.77152023620467 21 45
10.3209841099082 28 32
2.34298771640023 19 28
17.6234537372197 37 74
2.34298771640023 19 28
5.11574670044043 25 43
5.77152023620467 21 45
5.77152023620467 21 45
8.62617251422239 29 42
15.284945060163 36 82
0 11 0
11.8073919326167 33 76
0 11 0
26.4843441694056 45 104
11.5866877213477 32 76
7.84850844342357 26 31
17.9270979214066 39 99
3.48705005724482 20 36
0 11 0
2.37733389885436 20 18
3.48705005724482 20 36
11.7368725287005 30 81
1.84271007117315 16 4
2.34298771640023 19 28
11.7368725287005 30 81
0 11 0
0 11 0
11.005978748011 30 61
28.7532497111786 48 113
3.48705005724482 20 36
2.70618570788864 21 24
5.11574670044043 25 43
0 11 0
0 11 0
0 11 0
0.415963153403187 14 3
0 11 0
0 11 0
25.9118460106913 47 123
0 11 0
0 11 0
0 11 0
5.77152023620467 21 45
16.2077559962064 36 76
11.7368725287005 30 81
0 11 0
8.66044062597811 28 64
3.48705005724482 20 36
11.7368725287005 30 81
9.29963149090459 27 29
0.415963153403187 14 3
1.65480176724557 18 21
13.4866841197549 35 73
5.77152023620467 21 45
7.03710343005536 26 37
14.1634490525985 34 87
24.2023518142518 45 130
2.34298771640023 19 28
5.77152023620467 21 45
16.6573271820046 35 85
1.19423703008093 17 15
0 11 0
0.255144471393205 13 1
12.0601173226684 32 70
0 11 0
0.613104055194306 15 6
29.8707275933926 48 115
5.77152023620467 21 45
0 11 0
0 11 0
13.9834316800489 33 48
0 11 0
12.5064189846444 34 83
16.6573271820046 35 85
5.77152023620467 21 45
11.7368725287005 30 81
0.415963153403187 14 3
0.415963153403187 14 3
3.48705005724482 20 36
0 11 0
18.4004540491402 39 103
0 11 0
8.66044062597811 28 64
0 11 0
9.54861037636188 29 46
5.77152023620467 21 45
0 11 0
5.77152023620467 21 45
0 11 0
0 11 0
7.29011098768464 25 51
0 11 0
0 11 0
25.4660811892444 45 118
0 11 0
5.77152023620467 21 45
1.65480176724557 18 21
2.34298771640023 19 28
0 11 0
5.77152023620467 21 45
2.31750899753204 19 13
20.805082915673 42 88
5.77152023620467 21 45
5.52608446912633 24 36
1.65480176724557 18 21
3.48705005724482 20 36
12.5289938162572 32 49
3.48705005724482 20 36
21.5579243537277 43 117
3.48705005724482 20 36
1.63737070813077 17 7
0 11 0
3.48705005724482 20 36
9.68179324498176 29 73
38.5134179148445 54 140
2.37733389885436 20 18
5.77152023620467 21 45
14.2635924411593 35 73
0 11 0
3.48705005724482 20 36
5.77152023620467 21 45
11.7368725287005 30 81
3.51759867156101 20 16
0 11 0
17.8850933692994 38 109
8.66044062597811 28 64
27.731897092175 47 107
18.7192629425129 39 97
0 11 0
24.2023518142518 45 130
0 11 0
0 11 0
9.68179324498176 29 73
7.61177227570004 26 55
2.34298771640023 19 28
4.7839588386226 20 10
2.34298771640023 19 28
0.863370254026551 16 10
0 11 0
1.65480176724557 18 21
9.68179324498176 29 73
0 11 0
0.613104055194306 15 6
5.77152023620467 21 45
9.78726015881454 32 67
5.68560157117756 25 30
8.66044062597811 28 64
0 11 0
22.9545742429379 42 100
5.52608446912633 24 36
5.77152023620467 21 45
0 11 0
25.6891918541677 45 91
7.29011098768464 25 51
3.076360950882 21 21
3.48705005724482 20 36
10.042808201958 29 46
5.81477375246808 26 51
0 11 0
29.7746023301823 49 118
5.77152023620467 21 45
20.536571734724 42 109
8.66044062597811 28 64
0 11 0
17.8850933692994 38 109
5.77152023620467 21 45
0 11 0
14.0086972812245 35 85
6.76389535102812 27 57
0 11 0
3.076360950882 21 21
0.255144471393205 13 1
0 11 0
8.65792284794811 28 66
0 11 0
20.8147476426743 41 112
5.77152023620467 21 45
21.8264355346767 43 95
0 11 0
11.005978748011 30 61
4.84089028093909 24 42
11.005978748011 30 61
16.3170362181724 37 74
9.68179324498176 29 73
0 11 0
8.78251537925281 28 38
5.77152023620467 21 45
0 11 0
13.5180485257405 32 82
11.7368725287005 30 81
24.2023518142518 45 130
0 11 0
5.77152023620467 21 45
11.7368725287005 30 81
17.8850933692994 38 109
1.65480176724557 18 21
0 11 0
11.7368725287005 30 81
11.8816940076057 31 47
0 11 0
15.0300499002282 36 94
3.48705005724482 20 36
7.84850844342357 26 31
0 11 0
10.0671389653114 29 40
3.48705005724482 20 36
0 11 0
24.7090759575154 41 80
11.7368725287005 30 81
9.68179324498176 29 73
3.076360950882 21 21
20.536571734724 42 109
3.48705005724482 20 36
0 11 0
2.65872332713443 18 9
0 11 0
0 11 0
13.5180485257405 32 82
17.0195436850651 39 89
17.6125417646373 37 76
0 11 0
0 11 0
0 11 0
38.7603246224574 55 141
3.48705005724482 20 36
5.77152023620467 21 45
3.076360950882 21 21
0 11 0
0 11 0
3.07085548953027 21 29
2.36861416453887 20 22
11.7368725287005 30 81
0 11 0
6.78979129993682 23 46
0.863370254026551 16 10
5.77152023620467 21 45
10.0556970263602 28 54
0 11 0
9.67051132334652 31 61
17.8850933692994 38 109
5.77152023620467 21 45
11.7368725287005 30 81
5.11574670044043 25 43
29.7746023301823 49 124
15.0300499002282 36 94
5.77152023620467 21 45
24.2023518142518 45 130
23.0562068915199 43 97
15.1373325241275 36 96
5.77152023620467 21 45
1.65480176724557 18 21
11.7368725287005 30 81
13.3227774818333 34 81
2.34298771640023 19 28
7.02576817069338 24 48
7.02576817069338 24 48
5.77152023620467 21 45
0 11 0
5.77152023620467 21 45
0 11 0
0 11 0
5.77152023620467 21 45
0 11 0
10.0556970263602 28 54
0 11 0
17.8850933692994 38 109
20.083601542076 42 112
5.77152023620467 21 45
6.9167930032545 28 46
11.7368725287005 30 81
16.0514025192318 37 102
0 11 0
0 11 0
5.77152023620467 21 45
0 11 0
5.77152023620467 21 45
20.536571734724 42 109
1.7030436292668 18 11
0 11 0
5.77152023620467 21 45
9.54861037636188 29 46
0 11 0
2.31750899753204 19 13
18.9905278733788 40 83
8.65792284794811 28 66
0 11 0
5.81477375246808 26 51
5.77152023620467 21 45
17.8850933692994 38 109
42.5240785655342 55 120
8.65792284794811 28 66
0 11 0
37.266610689048 56 155
5.77152023620467 21 45
5.77152023620467 21 45
3.48705005724482 20 36
28.849374974389 47 113
27.5133087162868 47 131
3.51759867156101 20 16
0 11 0
0 11 0
3.48705005724482 20 36
34.6749141464428 51 122
5.77152023620467 21 45
35.3143927202752 54 148
0 11 0
5.77152023620467 21 45
11.7368725287005 30 81
19.9461463027608 41 106
0 11 0
0 11 0
15.0300499002282 36 94
0 11 0
11.7368725287005 30 81
0 11 0
0 11 0
10.0671389653114 29 40
21.5579243537277 43 117
0 11 0
0 11 0
5.77152023620467 21 45
11.7368725287005 30 81
24.667839235164 44 89
0 11 0
5.77152023620467 21 45
6.8433678056539 26 49
0.255144471393205 13 1
5.77152023620467 21 45
7.84850844342357 26 31
25.5351445256397 46 122
2.34298771640023 19 28
5.77152023620467 21 45
5.77152023620467 21 45
0 11 0
12.3298644324011 34 79
16.6573271820046 35 85
17.8850933692994 38 109
0 11 0
0 11 0
5.23777954109441 25 46
0 11 0
28.2220324331502 49 134
20.536571734724 42 109
13.3227774818333 34 81
7.17783104649576 27 37
13.5180485257405 32 82
5.77152023620467 21 45
0 11 0
15.0300499002282 36 94
3.48705005724482 20 36
0 11 0
0 11 0
0 11 0
11.7368725287005 30 81
5.77152023620467 21 45
5.77152023620467 21 45
9.54861037636188 29 46
3.48705005724482 20 36
3.48705005724482 20 36
8.66044062597811 28 64
14.8675024933139 33 46
3.48705005724482 20 36
0 11 0
1.84271007117315 16 4
5.77152023620467 21 45
0.613104055194306 15 6
0 11 0
20.805082915673 42 88
19.0622489230724 41 104
19.5152191157204 41 100
3.51759867156101 20 16
0 11 0
0.863370254026551 16 10
6.8433678056539 26 49
37.266610689048 56 155
0 11 0
22.5792769727314 44 124
11.508222439539 32 64
0 11 0
8.66044062597811 28 64
0 11 0
0 11 0
0 11 0
30.6707790208742 51 145
17.8850933692994 38 109
7.02576817069338 24 48
0 11 0
4.7839588386226 20 10
5.77152023620467 21 45
2.34298771640023 19 28
1.65480176724557 18 21
27.977588135551 48 133
0 11 0
22.5792769727314 44 124
4.29339578241916 22 37
1.65480176724557 18 21
0 11 0
0 11 0
5.77152023620467 21 45
21.9332216239343 41 98
27.731897092175 47 107
5.77152023620467 21 45
15.0300499002282 36 94
0 11 0
8.31484710730979 30 57
5.77152023620467 21 45
5.77152023620467 21 45
5.77152023620467 21 45
0 11 0
0 11 0
17.6572773380868 37 90
6.76389535102812 27 57
0.415963153403187 14 3
15.7902173121363 37 82
0 11 0
0 11 0
0 11 0
0.415963153403187 14 3
3.48705005724482 20 36
0 11 0
3.48705005724482 20 36
0 11 0
8.35075213495159 28 50
16.0514025192318 37 102
7.25566632560877 28 49
0 11 0
37.266610689048 56 155
5.19418040840948 25 35
6.76389535102812 27 57
15.6837433557664 36 65
17.8850933692994 38 109
0 11 0
9.15100368218154 26 49
0 11 0
3.48705005724482 20 36
0 11 0
0 11 0
0 11 0
5.77152023620467 21 45
0 11 0
0 11 0
5.77152023620467 21 45
0 11 0
0 11 0
3.48705005724482 20 36
26.6853169761083 47 125
2.65872332713443 18 9
5.77152023620467 21 45
7.17783104649576 27 37
2.34298771640023 19 28
10.3209841099082 28 32
0 11 0
13.8282093424838 33 84
0 11 0
0 11 0
0 11 0
8.35075213495159 28 50
5.77152023620467 21 45
17.8850933692994 38 109
13.9633636847351 34 53
3.48705005724482 20 36
5.77152023620467 21 45
10.0116635597783 30 63
7.02576817069338 24 48
17.0274215417461 37 62
0 11 0
7.61177227570004 26 55
21.760701345055 43 119
5.77152023620467 21 45
14.0086972812245 35 85
0 11 0
6.76389535102812 27 57
8.66044062597811 28 64
0 11 0
20.9118690049306 40 95
7.61177227570004 26 55
0 11 0
16.0514025192318 37 102
0 11 0
0 11 0
2.65872332713443 18 9
1.65480176724557 18 21
5.77152023620467 21 45
5.77152023620467 21 45
5.77152023620467 21 45
0 11 0
2.34298771640023 19 28
16.7050959747701 37 68
11.4850663656407 33 74
10.565335102344 31 67
1.19423703008093 17 15
0 11 0
14.1634490525985 34 87
5.77152023620467 21 45
11.7368725287005 30 81
0 11 0
11.7368725287005 30 81
8.66044062597811 28 64
10.0556970263602 28 54
16.0514025192318 37 102
0 11 0
17.0195436850651 39 89
0 11 0
10.042808201958 29 46
0 11 0
1.65480176724557 18 21
12.0601173226684 32 70
0 11 0
5.77152023620467 21 45
0 11 0
0 11 0
17.8850933692994 38 109
0 11 0
11.7368725287005 30 81
18.3037994064582 40 100
7.61177227570004 26 55
3.07085548953027 21 29
22.6992368643418 43 105
0 11 0
20.4430672966314 39 79
5.77152023620467 21 45
11.7368725287005 30 81
5.77152023620467 21 45
0 11 0
0 11 0
0 11 0
11.7368725287005 30 81
2.34298771640023 19 28
0 11 0
0 11 0
0 11 0
12.3298644324011 34 79
0.255144471393205 13 1
0 11 0
0 11 0
30.6707790208742 51 145
0.613104055194306 15 6
15.9981910660614 38 82
15.9981910660614 38 82
22.9545742429379 42 100
0 11 0
8.65792284794811 28 66
3.48705005724482 20 36
0 11 0
3.48705005724482 20 36
14.4998070334994 33 64
15.0300499002282 36 94
0 11 0
14.0086972812245 35 85
9.68179324498176 29 73
1.84271007117315 16 4
17.8850933692994 38 109
5.77152023620467 21 45
3.48705005724482 20 36
5.77152023620467 21 45
0 11 0
5.77152023620467 21 45
2.65872332713443 18 9
0 11 0
11.7368725287005 30 81
4.52559648374884 23 25
5.77152023620467 21 45
0 11 0
9.68179324498176 29 73
0 11 0
5.77152023620467 21 45
0.255144471393205 13 1
0 11 0
0 11 0
5.77152023620467 21 45
16.489244364164 38 89
5.77152023620467 21 45
17.8850933692994 38 109
8.03759141543284 27 60
0 11 0
3.35121737038335 22 31
0.255144471393205 13 1
0 11 0
4.24800399948154 24 38
5.77152023620467 21 45
14.0086972812245 35 85
17.8850933692994 38 109
0 11 0
0 11 0
26.4843441694056 45 104
0 11 0
5.77152023620467 21 45
0 11 0
11.7368725287005 30 81
0 11 0
1.19423703008093 17 15
5.77152023620467 21 45
14.4998070334994 33 64
11.7368725287005 30 81
5.77152023620467 21 45
5.77152023620467 21 45
22.5792769727314 44 124
17.8850933692994 38 109
8.65792284794811 28 66
9.68179324498176 29 73
17.8850933692994 38 109
4.29339578241916 22 37
0 11 0
3.51759867156101 20 16
0 11 0
24.2023518142518 45 130
0 11 0
5.68560157117756 25 30
9.68179324498176 29 73
9.68179324498176 29 73
3.48705005724482 20 36
5.77152023620467 21 45
3.97198262449153 23 31
5.81477375246808 26 51
5.77152023620467 21 45
6.76389535102812 27 57
6.78979129993682 23 46
0 11 0
24.2023518142518 45 130
11.7368725287005 30 81
0.613104055194306 15 6
0 11 0
5.77152023620467 21 45
6.8433678056539 26 49
0 11 0
0 11 0
20.8147476426743 41 112
0 11 0
11.7368725287005 30 81
5.77152023620467 21 45
9.15100368218154 26 49
0 11 0
25.7105254868437 46 125
2.34298771640023 19 28
5.81477375246808 26 51
0 11 0
0 11 0
1.19423703008093 17 15
5.77152023620467 21 45
5.77152023620467 21 45
17.9315603503249 36 55
22.7163800217344 44 107
18.9905278733788 40 83
1.65480176724557 18 21
5.77152023620467 21 45
3.48705005724482 20 36
1.65480176724557 18 21
9.11230254975732 25 20
5.77152023620467 21 45
2.34298771640023 19 28
0 11 0
1.19423703008093 17 15
3.51759867156101 20 16
5.77152023620467 21 45
0 11 0
0 11 0
0 11 0
0 11 0
3.48705005724482 20 36
0.415963153403187 14 3
15.1373325241275 36 96
11.7368725287005 30 81
36.0134197723029 55 151
9.54861037636188 29 46
7.40676290890909 28 44
0 11 0
6.8433678056539 26 49
0 11 0
18.1315912604666 39 91
17.8850933692994 38 109
0 11 0
0 11 0
16.5882643077125 38 74
0 11 0
10.565335102344 31 67
15.284945060163 36 82
3.48705005724482 20 36
0 11 0
5.77152023620467 21 45
0 11 0
0 11 0
31.1348068729977 50 128
1.84271007117315 16 4
9.99283689032253 31 59
1.19423703008093 17 15
11.2575375841045 31 74
11.7368725287005 30 81
11.7368725287005 30 81
0.863370254026551 16 10
0 11 0
0 11 0
25.9118460106913 47 123
7.61177227570004 26 55
5.77152023620467 21 45
1.65480176724557 18 21
0.613104055194306 15 6
2.34298771640023 19 28
34.9920671532992 54 146
8.66044062597811 28 64
3.48705005724482 20 36
0 11 0
5.77152023620467 21 45
0 11 0
3.48705005724482 20 36
0 11 0
0 11 0
6.8433678056539 26 49
1.65480176724557 18 21
0 11 0
7.15900437704001 28 52
0 11 0
5.77152023620467 21 45
5.77152023620467 21 45
0 11 0
5.77152023620467 21 45
5.77152023620467 21 45
13.3512170514048 35 88
3.076360950882 21 21
0.863370254026551 16 10
0 11 0
0 11 0
3.48705005724482 20 36
0 11 0
0 11 0
17.8850933692994 38 109
5.77152023620467 21 45
0 11 0
8.66044062597811 28 64
9.11230254975732 25 20
14.5716242689749 35 91
8.66044062597811 28 64
3.48705005724482 20 36
5.77152023620467 21 45
5.77152023620467 21 45
0 11 0
5.81477375246808 26 51
0 11 0
0.863370254026551 16 10
9.99283689032253 31 59
0 11 0
1.19423703008093 17 15
37.266610689048 56 155
4.84089028093909 24 42
0 11 0
0 11 0
0 11 0
14.2979878368181 35 75
17.3791014301366 38 95
0.863370254026551 16 10
9.68179324498176 29 73
5.77152023620467 21 45
14.2635924411593 35 73
14.0086972812245 35 85
0 11 0
0 11 0
2.37733389885436 20 18
6.76389535102812 27 57
0 11 0
11.7368725287005 30 81
8.66044062597811 28 64
0 11 0
11.7368725287005 30 81
16.7050959747701 37 68
19.5152191157204 41 100
11.7368725287005 30 81
5.77152023620467 21 45
20.4430672966314 39 79
0 11 0
0 11 0
0 11 0
3.18814108701039 22 27
11.7368725287005 30 81
0.255144471393205 13 1
0 11 0
21.9332216239343 41 98
0 11 0
0 11 0
21.2307698888194 42 115
11.7368725287005 30 81
12.0601173226684 32 70
