"COLLES.MDM.LN" "SACKIN" "COPHENETIC"
0.212620392827671 15 1
0 13 0
0 13 0
0 13 0
0 13 0
0 13 0
0 13 0
0 13 0
0.490483244155445 17 6
0 13 0
6.84454519143894 25 66
0 13 0
0 13 0
0 13 0
0 13 0
0 13 0
6.84454519143894 25 66
1.18200126231826 20 21
16.9248857285667 43 136
6.84454519143894 25 66
19.535064890724 46 139
0 13 0
0 13 0
4.2062431277646 24 55
0 13 0
13.8944517402598 36 121
6.84454519143894 25 66
0 13 0
4.95330620017367 26 56
0 13 0
0 13 0
0 13 0
5.36321252850254 30 66
6.84454519143894 25 66
1.18200126231826 20 21
2.88576011810233 23 45
3.23152299800042 26 42
0 13 0
0 13 0
10.4696819649851 34 100
0 13 0
11.4910345839888 35 111
0 13 0
2.88576011810233 23 45
0 13 0
0 13 0
2.09223003434689 22 36
2.09223003434689 22 36
11.4910345839888 35 111
0 13 0
0 13 0
0 13 0
6.84454519143894 25 66
0 13 0
2.09223003434689 22 36
8.74334724842609 31 81
0.671510197576206 18 10
0 13 0
6.84454519143894 25 66
1.56199181093348 21 28
0 13 0
0 13 0
1.18200126231826 20 21
6.84454519143894 25 66
0.490483244155445 17 6
6.84454519143894 25 66
0.671510197576206 18 10
7.94325886525666 32 53
0 13 0
3.28089146027572 22 16
4.09617545060767 24 25
10.4696819649851 34 100
0 13 0
8.48372380728387 32 81
0 13 0
0 13 0
6.84454519143894 25 66
13.6433334434307 38 102
6.84454519143894 25 66
0 13 0
12.3225792608997 38 108
6.84454519143894 25 66
5.94124667647391 28 49
6.84454519143894 25 66
0 13 0
24.5818743241021 52 175
0 13 0
0 13 0
2.88576011810233 23 45
0 13 0
0 13 0
0 13 0
0 13 0
0 13 0
0 13 0
0 13 0
6.84454519143894 25 66
5.37203182424609 28 61
0.671510197576206 18 10
1.18200126231826 20 21
0 13 0
6.84454519143894 25 66
0 13 0
4.2062431277646 24 55
13.8944517402598 36 121
3.41271061541641 25 31
0 13 0
4.2062431277646 24 55
4.2062431277646 24 55
0.340333489148062 16 3
11.4910345839888 35 111
0 13 0
0 13 0
2.88576011810233 23 45
2.09223003434689 22 36
4.2062431277646 24 55
0 13 0
6.40288843342437 31 73
0 13 0
0 13 0
0 13 0
0 13 0
0 13 0
2.88576011810233 23 45
0 13 0
4.2062431277646 24 55
0 13 0
0 13 0
28.4519860280468 53 175
0 13 0
0 13 0
0 13 0
11.4910345839888 35 111
6.84454519143894 25 66
0 13 0
0 13 0
2.88576011810233 23 45
0 13 0
0 13 0
0 13 0
0 13 0
0 13 0
0 13 0
0 13 0
0 13 0
0 13 0
2.88576011810233 23 45
0 13 0
0.671510197576206 18 10
0.895677772560699 19 15
0 13 0
1.56199181093348 21 28
6.84454519143894 25 66
0 13 0
0 13 0
0 13 0
0.490483244155445 17 6
0 13 0
20.3171201052712 47 148
4.2062431277646 24 55
6.84454519143894 25 66
0 13 0
4.2062431277646 24 55
0 13 0
0 13 0
6.84454519143894 25 66
15.9255005173726 43 139
0 13 0
0 13 0
1.18200126231826 20 21
6.84454519143894 25 66
10.4696819649851 34 100
0 13 0
0 13 0
0 13 0
4.2062431277646 24 55
2.88576011810233 23 45
7.07065454870705 30 64
0 13 0
0 13 0
0 13 0
2.88576011810233 23 45
5.94124667647391 28 49
5.94124667647391 28 49
14.2236770788289 41 123
11.4910345839888 35 111
0 13 0
0 13 0
0 13 0
6.84454519143894 25 66
0 13 0
0 13 0
0 13 0
2.80570385826761 25 34
5.36321252850254 30 66
0 13 0
8.74334724842609 31 81
0 13 0
6.84454519143894 25 66
6.84454519143894 25 66
6.84454519143894 25 66
0 13 0
0 13 0
0 13 0
6.84454519143894 25 66
0 13 0
0 13 0
0 13 0
0.340333489148062 16 3
4.2062431277646 24 55
0 13 0
0 13 0
0 13 0
0 13 0
0 13 0
0 13 0
0 13 0
0 13 0
0 13 0
1.18200126231826 20 21
0.490483244155445 17 6
0 13 0
0 13 0
0 13 0
4.30951878603217 28 55
0 13 0
6.84454519143894 25 66
0 13 0
0 13 0
0 13 0
5.94124667647391 28 49
0 13 0
0 13 0
3.62615506691152 27 46
0 13 0
10.911967201399 37 91
0 13 0
2.88576011810233 23 45
0 13 0
0 13 0
1.18200126231826 20 21
2.88576011810233 23 45
0 13 0
0 13 0
0 13 0
0 13 0
0 13 0
0 13 0
0 13 0
0 13 0
0 13 0
2.88576011810233 23 45
0 13 0
0 13 0
0 13 0
0 13 0
1.56199181093348 21 28
5.94124667647391 28 49
0 13 0
0 13 0
0.490483244155445 17 6
4.2062431277646 24 55
0 13 0
0 13 0
2.88576011810233 23 45
0 13 0
31.3535192060209 58 176
0 13 0
0 13 0
6.84454519143894 25 66
0 13 0
4.2062431277646 24 55
0 13 0
6.84454519143894 25 66
0 13 0
0 13 0
0 13 0
10.2982788495781 34 102
0 13 0
6.84454519143894 25 66
0 13 0
6.84454519143894 25 66
0 13 0
0 13 0
5.94124667647391 28 49
0 13 0
0.340333489148062 16 3
0 13 0
0 13 0
3.41271061541641 25 31
0 13 0
0 13 0
0 13 0
4.2062431277646 24 55
0 13 0
0 13 0
7.07065454870705 30 64
0 13 0
0 13 0
0 13 0
0 13 0
4.2062431277646 24 55
6.84454519143894 25 66
0 13 0
0 13 0
13.8944517402598 36 121
0 13 0
0.895677772560699 19 15
0 13 0
8.96461148426032 33 59
0 13 0
1.56199181093348 21 28
0.895677772560699 19 15
0 13 0
0 13 0
6.84454519143894 25 66
0 13 0
0 13 0
0 13 0
0 13 0
6.84454519143894 25 66
12.2251108460123 37 85
4.2062431277646 24 55
0 13 0
0 13 0
0 13 0
1.56199181093348 21 28
22.9913918249507 48 131
0 13 0
4.2062431277646 24 55
0 13 0
0 13 0
2.09223003434689 22 36
6.42733530538347 31 76
4.2062431277646 24 55
0 13 0
2.09223003434689 22 36
0 13 0
0 13 0
6.84454519143894 25 66
2.71600674995771 23 21
0 13 0
0 13 0
0 13 0
6.84454519143894 25 66
0 13 0
1.18200126231826 20 21
2.88576011810233 23 45
0 13 0
0 13 0
0 13 0
4.2062431277646 24 55
0 13 0
0 13 0
0 13 0
21.1417277795121 46 166
0 13 0
0 13 0
13.8944517402598 36 121
0.895677772560699 19 15
0 13 0
0 13 0
9.68508384115109 35 74
0 13 0
0 13 0
0 13 0
0 13 0
2.88576011810233 23 45
0 13 0
0 13 0
0 13 0
13.8944517402598 36 121
0 13 0
0 13 0
0 13 0
0 13 0
6.84454519143894 25 66
1.56199181093348 21 28
10.4696819649851 34 100
0.671510197576206 18 10
0.895677772560699 19 15
0.490483244155445 17 6
1.18200126231826 20 21
0 13 0
6.84454519143894 25 66
0.340333489148062 16 3
0 13 0
5.3480976866124 28 34
0 13 0
0 13 0
10.4696819649851 34 100
7.81703656806129 27 67
1.56199181093348 21 28
6.84454519143894 25 66
0 13 0
0 13 0
4.2062431277646 24 55
13.5548922705931 39 117
13.8944517402598 36 121
0 13 0
0 13 0
13.8944517402598 36 121
0 13 0
8.46322029416661 30 76
8.01772126458187 28 69
13.8944517402598 36 121
0 13 0
4.2062431277646 24 55
0 13 0
0 13 0
25.0737724450024 52 181
0 13 0
0 13 0
0.895677772560699 19 15
0 13 0
8.96461148426032 33 59
3.41271061541641 25 31
0 13 0
0.671510197576206 18 10
6.84454519143894 25 66
0 13 0
0 13 0
0 13 0
0 13 0
0 13 0
7.81703656806129 27 67
0 13 0
4.2062431277646 24 55
0 13 0
0 13 0
0 13 0
0 13 0
0 13 0
6.84454519143894 25 66
0 13 0
0.671510197576206 18 10
6.84454519143894 25 66
0 13 0
0 13 0
7.6152571014074 33 74
8.48372380728387 32 81
0 13 0
4.2062431277646 24 55
0 13 0
7.07065454870705 30 64
0 13 0
8.48372380728387 32 81
12.1949275843053 38 76
2.09223003434689 22 36
0 13 0
0 13 0
0 13 0
11.4910345839888 35 111
2.09223003434689 22 36
0 13 0
6.84454519143894 25 66
0 13 0
0 13 0
0 13 0
0 13 0
4.2062431277646 24 55
9.58216149501356 33 94
0 13 0
0 13 0
14.904147898369 42 128
0 13 0
0 13 0
0 13 0
2.88576011810233 23 45
31.3836336639075 59 196
13.8944517402598 36 121
4.2062431277646 24 55
0 13 0
13.8944517402598 36 121
8.22198957469921 33 91
0 13 0
0 13 0
0 13 0
0 13 0
0 13 0
0 13 0
0 13 0
0.340333489148062 16 3
10.4696819649851 34 100
2.88576011810233 23 45
8.22198957469921 33 91
13.8944517402598 36 121
1.56199181093348 21 28
0 13 0
0 13 0
0 13 0
0.490483244155445 17 6
0 13 0
0 13 0
0 13 0
0 13 0
6.84454519143894 25 66
20.0768638382106 46 150
0 13 0
0 13 0
2.09223003434689 22 36
10.2982788495781 34 102
0 13 0
2.09223003434689 22 36
0 13 0
11.977804499803 36 101
0 13 0
0 13 0
6.84454519143894 25 66
0.490483244155445 17 6
0 13 0
0 13 0
0 13 0
21.1417277795121 46 166
0 13 0
0 13 0
0 13 0
0 13 0
0 13 0
13.8944517402598 36 121
0 13 0
0.895677772560699 19 15
4.2062431277646 24 55
0 13 0
14.9227041308565 42 132
0 13 0
0 13 0
10.1859288597866 35 84
0 13 0
0 13 0
4.2062431277646 24 55
4.2062431277646 24 55
2.09223003434689 22 36
10.4696819649851 34 100
0 13 0
0 13 0
0 13 0
1.18200126231826 20 21
0 13 0
0 13 0
0 13 0
0 13 0
21.1417277795121 46 166
0 13 0
13.9013515118529 41 121
0 13 0
0 13 0
18.5762819754868 46 124
0 13 0
4.2062431277646 24 55
8.46322029416661 30 76
0 13 0
11.4910345839888 35 111
0 13 0
27.0025558769777 54 167
6.84454519143894 25 66
0 13 0
0 13 0
0 13 0
0 13 0
0 13 0
0 13 0
15.0416556097286 43 104
0 13 0
2.09223003434689 22 36
0 13 0
0 13 0
0 13 0
3.74686335913598 26 48
0 13 0
0 13 0
0 13 0
6.84454519143894 25 66
3.41271061541641 25 31
0 13 0
0 13 0
0 13 0
0 13 0
0 13 0
0 13 0
0 13 0
0 13 0
11.2821040119777 36 97
0 13 0
0.212620392827671 15 1
2.14691369881353 23 24
0 13 0
3.80240994760937 24 19
0 13 0
0 13 0
0 13 0
0 13 0
12.6752414374986 37 85
6.84454519143894 25 66
10.8674199571442 31 34
0 13 0
10.2982788495781 34 102
2.88576011810233 23 45
0 13 0
0 13 0
0 13 0
0 13 0
0 13 0
1.56199181093348 21 28
0.671510197576206 18 10
0 13 0
4.2062431277646 24 55
0 13 0
2.09223003434689 22 36
10.4696819649851 34 100
4.2062431277646 24 55
0 13 0
4.2062431277646 24 55
0 13 0
0 13 0
0 13 0
0.490483244155445 17 6
0 13 0
6.84454519143894 25 66
2.09223003434689 22 36
13.8944517402598 36 121
4.2062431277646 24 55
0 13 0
0 13 0
0 13 0
0 13 0
0 13 0
0 13 0
0 13 0
0 13 0
14.2663832959332 40 109
16.4566932254063 41 131
0 13 0
0 13 0
11.4910345839888 35 111
0 13 0
0.490483244155445 17 6
0 13 0
0 13 0
0 13 0
0 13 0
0 13 0
9.09871698106136 32 87
8.48372380728387 32 81
0 13 0
6.84454519143894 25 66
0 13 0
12.0004839020809 37 105
0 13 0
0 13 0
2.09223003434689 22 36
0 13 0
0 13 0
0 13 0
2.88576011810233 23 45
0 13 0
0.671510197576206 18 10
0 13 0
7.81703656806129 27 67
0 13 0
0 13 0
18.967590966574 45 157
2.09223003434689 22 36
1.56199181093348 21 28
2.6275888079756 24 27
0 13 0
21.1417277795121 46 166
0 13 0
0 13 0
0 13 0
4.2062431277646 24 55
0 13 0
0 13 0
0 13 0
0 13 0
6.84454519143894 25 66
2.88576011810233 23 45
0 13 0
0 13 0
8.46322029416661 30 76
4.2062431277646 24 55
0 13 0
4.680086213765 27 40
0 13 0
6.84454519143894 25 66
0 13 0
6.84454519143894 25 66
8.48372380728387 32 81
4.2062431277646 24 55
0 13 0
0.671510197576206 18 10
2.09223003434689 22 36
4.2062431277646 24 55
0 13 0
0 13 0
0 13 0
6.84454519143894 25 66
6.84454519143894 25 66
0 13 0
13.0466333420348 39 109
0 13 0
0 13 0
0 13 0
4.2062431277646 24 55
0 13 0
0.212620392827671 15 1
0 13 0
0 13 0
0.212620392827671 15 1
6.84454519143894 25 66
7.94325886525666 32 53
2.88576011810233 23 45
4.2062431277646 24 55
0 13 0
17.9462383475703 44 147
2.80570385826761 25 34
14.2663832959332 40 109
4.2062431277646 24 55
13.8944517402598 36 121
8.45259852988863 32 65
0 13 0
6.84454519143894 25 66
0 13 0
6.84454519143894 25 66
0 13 0
2.09223003434689 22 36
4.2062431277646 24 55
2.88576011810233 23 45
10.4858631388432 34 64
2.88576011810233 23 45
0 13 0
0 13 0
0.671510197576206 18 10
8.01772126458187 28 69
0 13 0
0 13 0
4.2062431277646 24 55
6.84454519143894 25 66
7.03072327103934 29 59
13.8944517402598 36 121
0 13 0
0 13 0
6.84454519143894 25 66
0 13 0
0 13 0
0.212620392827671 15 1
4.20665582034758 27 43
0 13 0
4.2062431277646 24 55
0 13 0
0 13 0
28.5766344852651 55 202
0 13 0
0 13 0
0 13 0
0 13 0
0 13 0
11.4910345839888 35 111
0 13 0
0 13 0
0 13 0
0 13 0
0 13 0
0 13 0
0 13 0
0 13 0
0.671510197576206 18 10
2.09223003434689 22 36
0 13 0
6.84454519143894 25 66
8.46322029416661 30 76
0 13 0
0 13 0
0 13 0
13.8944517402598 36 121
8.74334724842609 31 81
0 13 0
0.895677772560699 19 15
2.88576011810233 23 45
0 13 0
10.5147301867612 38 101
2.88576011810233 23 45
13.6433334434307 38 102
0 13 0
0 13 0
0 13 0
2.88576011810233 23 45
0.490483244155445 17 6
0 13 0
0 13 0
41.3970714136042 68 238
6.84454519143894 25 66
0 13 0
0.212620392827671 15 1
0.671510197576206 18 10
6.84454519143894 25 66
6.84454519143894 25 66
0 13 0
10.4696819649851 34 100
0 13 0
4.2062431277646 24 55
0 13 0
0 13 0
8.2279726890394 29 72
4.73533792576498 29 60
6.84454519143894 25 66
0.895677772560699 19 15
10.2982788495781 34 102
0 13 0
8.48372380728387 32 81
7.07065454870705 30 64
5.94124667647391 28 49
0 13 0
0 13 0
1.18200126231826 20 21
2.09223003434689 22 36
12.9991571188067 37 112
0 13 0
2.71600674995771 23 21
8.01772126458187 28 69
13.291077639634 40 115
0 13 0
0 13 0
0 13 0
0.212620392827671 15 1
0 13 0
6.84454519143894 25 66
6.84454519143894 25 66
6.84454519143894 25 66
0 13 0
0 13 0
0 13 0
0.212620392827671 15 1
0 13 0
13.8944517402598 36 121
0 13 0
2.88576011810233 23 45
8.48372380728387 32 81
0 13 0
21.1417277795121 46 166
6.84454519143894 25 66
0 13 0
0 13 0
0 13 0
0 13 0
0 13 0
13.8944517402598 36 121
6.84454519143894 25 66
6.84454519143894 25 66
0 13 0
0 13 0
0 13 0
4.2062431277646 24 55
0 13 0
14.1187628485655 41 91
0 13 0
0 13 0
3.9596363671977 23 14
4.2062431277646 24 55
0.212620392827671 15 1
0 13 0
1.56199181093348 21 28
23.6295532565014 48 167
2.88576011810233 23 45
4.2062431277646 24 55
1.56199181093348 21 28
0 13 0
0.340333489148062 16 3
8.48372380728387 32 81
0 13 0
13.8944517402598 36 121
13.8944517402598 36 121
1.18200126231826 20 21
0 13 0
4.2062431277646 24 55
0 13 0
6.84454519143894 25 66
6.84454519143894 25 66
1.56199181093348 21 28
0 13 0
18.967590966574 45 157
13.8944517402598 36 121
0 13 0
0 13 0
0 13 0
8.82471471913689 29 29
0 13 0
0 13 0
0 13 0
0.490483244155445 17 6
0 13 0
11.4910345839888 35 111
0 13 0
0.340333489148062 16 3
4.2062431277646 24 55
0 13 0
0 13 0
4.2062431277646 24 55
0.340333489148062 16 3
0 13 0
6.84454519143894 25 66
0 13 0
0 13 0
0 13 0
6.84454519143894 25 66
2.09223003434689 22 36
0 13 0
0 13 0
0 13 0
7.81703656806129 27 67
0 13 0
4.2062431277646 24 55
4.2062431277646 24 55
0 13 0
2.09223003434689 22 36
0 13 0
0 13 0
0 13 0
1.56199181093348 21 28
0 13 0
0 13 0
6.84454519143894 25 66
0 13 0
0 13 0
1.18200126231826 20 21
0 13 0
2.09223003434689 22 36
0 13 0
9.15515238491551 34 70
0 13 0
6.84454519143894 25 66
0 13 0
0 13 0
6.84454519143894 25 66
0 13 0
0.671510197576206 18 10
0 13 0
0 13 0
21.1417277795121 46 166
13.8944517402598 36 121
1.18200126231826 20 21
7.81703656806129 27 67
0.340333489148062 16 3
0 13 0
0 13 0
0.212620392827671 15 1
4.2062431277646 24 55
30.0666137339887 57 197
0 13 0
0 13 0
0 13 0
6.84454519143894 25 66
14.3124302586377 41 126
14.2663832959332 40 109
0 13 0
0 13 0
4.09617545060767 24 25
7.10191548545201 32 83
0 13 0
0 13 0
0 13 0
0 13 0
2.88576011810233 23 45
0 13 0
0 13 0
0 13 0
0 13 0
0 13 0
0 13 0
0 13 0
0.212620392827671 15 1
2.09223003434689 22 36
0 13 0
6.84454519143894 25 66
0 13 0
0 13 0
0 13 0
6.84454519143894 25 66
0 13 0
0 13 0
2.88576011810233 23 45
0 13 0
0 13 0
0 13 0
2.50134549977041 20 9
4.2062431277646 24 55
23.8493761543343 51 170
0.490483244155445 17 6
0 13 0
10.4858631388432 34 64
0.671510197576206 18 10
0 13 0
10.1859288597866 35 84
0 13 0
0 13 0
0 13 0
13.8944517402598 36 121
0 13 0
0 13 0
2.09223003434689 22 36
0 13 0
4.2062431277646 24 55
0 13 0
0.490483244155445 17 6
0 13 0
0.212620392827671 15 1
4.2062431277646 24 55
0 13 0
4.2062431277646 24 55
0 13 0
3.53664257852019 25 46
0.490483244155445 17 6
0 13 0
0 13 0
4.17092252966833 26 32
0 13 0
0 13 0
0 13 0
0 13 0
10.2982788495781 34 102
11.4910345839888 35 111
0 13 0
0 13 0
6.84454519143894 25 66
0 13 0
0 13 0
38.0100719789691 64 212
21.1417277795121 46 166
3.53664257852019 25 46
0 13 0
21.1417277795121 46 166
6.84454519143894 25 66
0 13 0
0 13 0
0.895677772560699 19 15
0 13 0
0 13 0
10.4696819649851 34 100
0 13 0
6.84454519143894 25 66
2.09223003434689 22 36
13.8944517402598 36 121
6.84454519143894 25 66
0 13 0
0 13 0
0 13 0
4.2062431277646 24 55
6.84454519143894 25 66
0 13 0
13.8944517402598 36 121
0 13 0
0 13 0
6.00234160520501 25 19
4.2062431277646 24 55
10.4696819649851 34 100
2.09223003434689 22 36
6.42733530538347 31 76
3.53664257852019 25 46
0 13 0
0 13 0
0 13 0
0 13 0
6.84454519143894 25 66
0 13 0
2.88576011810233 23 45
0 13 0
5.36321252850254 30 66
0 13 0
1.81336462771501 22 22
0 13 0
0 13 0
4.2062431277646 24 55
0 13 0
0.490483244155445 17 6
0 13 0
0 13 0
8.19122548478322 32 55
0 13 0
13.2964627324287 40 117
0.671510197576206 18 10
0 13 0
0 13 0
0 13 0
4.2062431277646 24 55
0 13 0
0 13 0
0 13 0
0 13 0
0 13 0
2.88576011810233 23 45
0 13 0
0 13 0
6.84454519143894 25 66
0.490483244155445 17 6
0 13 0
0 13 0
0 13 0
6.84454519143894 25 66
0 13 0
0 13 0
16.5335767374794 44 109
0 13 0
0 13 0
21.1417277795121 46 166
0 13 0
0 13 0
0 13 0
13.8944517402598 36 121
0 13 0
0 13 0
0 13 0
0 13 0
5.97118515040466 30 70
0 13 0
6.84454519143894 25 66
0 13 0
0 13 0
0 13 0
0 13 0
8.2279726890394 29 72
13.8944517402598 36 121
6.84454519143894 25 66
21.1417277795121 46 166
0 13 0
0 13 0
6.84454519143894 25 66
0 13 0
0 13 0
0 13 0
2.88576011810233 23 45
6.84454519143894 25 66
1.18200126231826 20 21
4.2062431277646 24 55
3.53664257852019 25 46
0 13 0
0 13 0
0 13 0
6.84454519143894 25 66
10.2982788495781 34 102
6.84454519143894 25 66
0 13 0
0 13 0
5.94124667647391 28 49
0 13 0
0 13 0
0.490483244155445 17 6
0 13 0
0 13 0
8.46322029416661 30 76
0 13 0
1.56199181093348 21 28
0 13 0
6.84454519143894 25 66
2.09223003434689 22 36
0 13 0
0 13 0
2.88576011810233 23 45
0 13 0
0 13 0
0 13 0
0 13 0
8.48372380728387 32 81
0 13 0
15.9255005173726 43 139
0 13 0
0 13 0
6.84454519143894 25 66
0 13 0
0.340333489148062 16 3
0 13 0
0 13 0
0 13 0
4.97083493230246 26 36
0 13 0
6.84454519143894 25 66
6.84454519143894 25 66
25.0737724450024 52 181
0 13 0
0 13 0
13.8944517402598 36 121
6.84454519143894 25 66
0 13 0
0 13 0
4.2062431277646 24 55
0 13 0
0 13 0
0 13 0
0 13 0
0 13 0
0 13 0
0 13 0
0.212620392827671 15 1
0 13 0
0 13 0
0 13 0
10.2982788495781 34 102
2.88576011810233 23 45
0 13 0
0 13 0
13.8944517402598 36 121
0 13 0
0 13 0
6.41341654366302 30 54
0 13 0
13.8944517402598 36 121
0 13 0
0 13 0
0 13 0
4.2062431277646 24 55
0 13 0
2.6275888079756 24 27
0 13 0
0 13 0
11.4910345839888 35 111
0 13 0
4.2062431277646 24 55
0 13 0
0 13 0
6.84454519143894 25 66
0 13 0
20.1073042223001 49 154
0 13 0
8.22198957469921 33 91
8.74334724842609 31 81
0 13 0
0 13 0
0 13 0
4.2062431277646 24 55
4.2062431277646 24 55
7.81703656806129 27 67
13.8944517402598 36 121
0 13 0
0 13 0
0 13 0
8.46322029416661 30 76
0 13 0
0 13 0
0 13 0
10.9494228339687 32 75
6.84454519143894 25 66
0 13 0
0 13 0
2.09223003434689 22 36
6.84454519143894 25 66
16.1656097193157 40 127
0 13 0
4.2062431277646 24 55
0 13 0
0 13 0
0 13 0
6.84454519143894 25 66
0 13 0
0 13 0
0 13 0
0 13 0
0.212620392827671 15 1
0 13 0
7.07065454870705 30 64
0 13 0
0 13 0
4.09617545060767 24 25
0 13 0
6.84454519143894 25 66
0 13 0
17.8954933805216 44 149
6.40288843342437 31 73
6.84454519143894 25 66
6.84454519143894 25 66
7.55918677772141 30 42
0 13 0
4.2062431277646 24 55
0 13 0
0 13 0
0 13 0
4.2062431277646 24 55
0 13 0
0 13 0
2.44212649029049 24 31
0 13 0
1.18200126231826 20 21
0 13 0
0 13 0
7.6152571014074 33 74
4.2062431277646 24 55
10.2982788495781 34 102
0 13 0
3.53664257852019 25 46
0 13 0
19.535064890724 46 139
0 13 0
2.44212649029049 24 31
0 13 0
21.1417277795121 46 166
0 13 0
0.671510197576206 18 10
0 13 0
4.2062431277646 24 55
6.84454519143894 25 66
0 13 0
0 13 0
0 13 0
16.7911870063626 45 127
10.4696819649851 34 100
16.0809383382274 42 130
0 13 0
0 13 0
6.84454519143894 25 66
10.4696819649851 34 100
6.84454519143894 25 66
2.88576011810233 23 45
0 13 0
0 13 0
17.9462383475703 44 147
6.84454519143894 25 66
0 13 0
0 13 0
7.81703656806129 27 67
0 13 0
1.18200126231826 20 21
17.8954933805216 44 149
0 13 0
0 13 0
0 13 0
0 13 0
0 13 0
0 13 0
0 13 0
6.84454519143894 25 66
0 13 0
1.56199181093348 21 28
16.8008037480181 42 136
0 13 0
6.84454519143894 25 66
0 13 0
0 13 0
17.7478729331539 45 119
0 13 0
0 13 0
6.84454519143894 25 66
0 13 0
0 13 0
6.84454519143894 25 66
0 13 0
6.84454519143894 25 66
0 13 0
0 13 0
1.18200126231826 20 21
0 13 0
0 13 0
0 13 0
0 13 0
6.84454519143894 25 66
0 13 0
2.88576011810233 23 45
0 13 0
2.88576011810233 23 45
0 13 0
6.84454519143894 25 66
16.0809383382274 42 130
11.4910345839888 35 111
0 13 0
0.212620392827671 15 1
0 13 0
6.84454519143894 25 66
4.2062431277646 24 55
0 13 0
0 13 0
0 13 0
17.9462383475703 44 147
5.36321252850254 30 66
0 13 0
6.84454519143894 25 66
0 13 0
0 13 0
0 13 0
0 13 0
0 13 0
0 13 0
0 13 0
2.88576011810233 23 45
0 13 0
6.84454519143894 25 66
8.22198957469921 33 91
1.56199181093348 21 28
3.99540066823907 27 51
0 13 0
12.2481228240806 37 103
0 13 0
0 13 0
0 13 0
6.84454519143894 25 66
0 13 0
5.94124667647391 28 49
0 13 0
0 13 0
2.09223003434689 22 36
10.2982788495781 34 102
0 13 0
0 13 0
6.84454519143894 25 66
19.0471588318013 47 136
0 13 0
4.2062431277646 24 55
6.84454519143894 25 66
9.68508384115109 35 74
0 13 0
4.2062431277646 24 55
0 13 0
0 13 0
4.2062431277646 24 55
0 13 0
2.80570385826761 25 34
0 13 0
0 13 0
0 13 0
0 13 0
10.4696819649851 34 100
0 13 0
0 13 0
0 13 0
12.6841809092827 36 91
0 13 0
4.2062431277646 24 55
0 13 0
6.40288843342437 31 73
0 13 0
2.09223003434689 22 36
0 13 0
6.84454519143894 25 66
0 13 0
10.4696819649851 34 100
4.2062431277646 24 55
10.4696819649851 34 100
0 13 0
0 13 0
0.490483244155445 17 6
0 13 0
0 13 0
15.2344648007031 37 85
0.340333489148062 16 3
0 13 0
6.84454519143894 25 66
41.3970714136042 68 238
0 13 0
0 13 0
0 13 0
0 13 0
10.4696819649851 34 100
1.18200126231826 20 21
0 13 0
0 13 0
4.2062431277646 24 55
4.2062431277646 24 55
0 13 0
0 13 0
9.58216149501356 33 94
0 13 0
8.22198957469921 33 91
3.28089146027572 22 16
0 13 0
0 13 0
0 13 0
0 13 0
0 13 0
0 13 0
4.2062431277646 24 55
6.84454519143894 25 66
0 13 0
1.18200126231826 20 21
0 13 0
12.1965907874576 38 104
0 13 0
0 13 0
0 13 0
20.8470515615067 48 155
0 13 0
10.4696819649851 34 100
0 13 0
0 13 0
0 13 0
4.2062431277646 24 55
0 13 0
0 13 0
6.84454519143894 25 66
0 13 0
0.340333489148062 16 3
0 13 0
5.16153838878059 29 57
9.58216149501356 33 94
0 13 0
11.4910345839888 35 111
0 13 0
6.84454519143894 25 66
0.340333489148062 16 3
4.2062431277646 24 55
0 13 0
0 13 0
0 13 0
0 13 0
6.84454519143894 25 66
0 13 0
0 13 0
9.66735264784023 36 81
6.84454519143894 25 66
4.2062431277646 24 55
10.4696819649851 34 100
0 13 0
4.2062431277646 24 55
1.18200126231826 20 21
0 13 0
0 13 0
6.84454519143894 25 66
0 13 0
6.84454519143894 25 66
6.84454519143894 25 66
0 13 0
1.56199181093348 21 28
0 13 0
0 13 0
0 13 0
0 13 0
1.56199181093348 21 28
0 13 0
0 13 0
6.84454519143894 25 66
0 13 0
0 13 0
0 13 0
0 13 0
20.1073042223001 49 154
0 13 0
0.671510197576206 18 10
0 13 0
5.97118515040466 30 70
0 13 0
0 13 0
4.2062431277646 24 55
0 13 0
0 13 0
0 13 0
0 13 0
0.340333489148062 16 3
4.09617545060767 24 25
0.212620392827671 15 1
0 13 0
2.88576011810233 23 45
0 13 0
0 13 0
0 13 0
0 13 0
1.56199181093348 21 28
0 13 0
0 13 0
0 13 0
0 13 0
6.84454519143894 25 66
0.895677772560699 19 15
5.63590379216445 29 65
0 13 0
6.84454519143894 25 66
0 13 0
4.2062431277646 24 55
0 13 0
6.84454519143894 25 66
43.9578618631739 70 251
0 13 0
10.2982788495781 34 102
9.58216149501356 33 94
0 13 0
0 13 0
0.671510197576206 18 10
0 13 0
18.967590966574 45 157
0 13 0
0 13 0
0 13 0
10.2982788495781 34 102
0 13 0
10.2982788495781 34 102
0 13 0
0 13 0
0 13 0
0 13 0
0 13 0
0 13 0
12.0867964695587 39 104
21.1417277795121 46 166
8.48372380728387 32 81
4.2062431277646 24 55
3.28089146027572 22 16
6.84454519143894 25 66
0 13 0
0.671510197576206 18 10
0 13 0
6.84454519143894 25 66
6.40288843342437 31 73
0 13 0
0 13 0
11.4910345839888 35 111
0 13 0
0 13 0
0 13 0
0 13 0
0 13 0
0 13 0
1.56199181093348 21 28
0 13 0
0 13 0
6.84454519143894 25 66
0 13 0
6.84454519143894 25 66
0 13 0
0 13 0
0 13 0
10.4696819649851 34 100
0.895677772560699 19 15
0 13 0
0 13 0
0 13 0
2.09223003434689 22 36
0 13 0
7.81703656806129 27 67
6.84454519143894 25 66
4.17092252966833 26 32
8.48372380728387 32 81
0 13 0
0 13 0
6.84454519143894 25 66
13.8944517402598 36 121
3.74686335913598 26 48
0.490483244155445 17 6
2.88576011810233 23 45
6.84454519143894 25 66
2.14691369881353 23 24
0 13 0
0.490483244155445 17 6
0 13 0
16.2894407874475 44 124
2.50134549977041 20 9
10.2982788495781 34 102
13.8944517402598 36 121
4.2062431277646 24 55
0 13 0
21.1417277795121 46 166
0 13 0
0 13 0
0 13 0
11.4910345839888 35 111
0 13 0
13.0466333420348 39 109
11.4910345839888 35 111
0 13 0
0 13 0
0 13 0
21.1417277795121 46 166
0 13 0
0 13 0
0.490483244155445 17 6
6.84454519143894 25 66
0 13 0
10.2982788495781 34 102
0 13 0
0 13 0
0 13 0
0 13 0
0 13 0
1.56199181093348 21 28
0 13 0
0 13 0
4.2062431277646 24 55
7.55918677772141 30 42
10.2982788495781 34 102
8.46322029416661 30 76
12.7265222436932 39 112
11.4910345839888 35 111
0 13 0
0 13 0
10.4696819649851 34 100
0 13 0
0 13 0
0.490483244155445 17 6
0 13 0
4.2062431277646 24 55
9.53242288657979 37 93
0 13 0
0 13 0
4.2062431277646 24 55
5.36321252850254 30 66
0.895677772560699 19 15
1.18200126231826 20 21
2.88576011810233 23 45
0 13 0
0 13 0
4.2062431277646 24 55
0 13 0
0 13 0
4.2062431277646 24 55
0 13 0
13.8944517402598 36 121
17.1344490796759 38 55
2.09223003434689 22 36
6.84454519143894 25 66
1.18200126231826 20 21
0 13 0
0.212620392827671 15 1
6.84454519143894 25 66
0 13 0
6.84454519143894 25 66
0 13 0
0.212620392827671 15 1
0 13 0
0 13 0
0 13 0
13.8944517402598 36 121
0 13 0
6.84454519143894 25 66
6.84454519143894 25 66
1.56199181093348 21 28
0 13 0
0 13 0
0 13 0
0 13 0
0 13 0
13.8944517402598 36 121
2.09223003434689 22 36
0 13 0
19.5624279754481 47 140
0.895677772560699 19 15
4.73533792576498 29 60
0 13 0
8.46322029416661 30 76
28.5766344852651 55 202
0 13 0
4.2062431277646 24 55
0 13 0
0 13 0
0 13 0
0.490483244155445 17 6
6.84454519143894 25 66
0 13 0
0 13 0
0 13 0
0 13 0
0 13 0
4.2062431277646 24 55
4.2062431277646 24 55
0 13 0
4.95330620017367 26 56
0 13 0
4.2062431277646 24 55
4.2062431277646 24 55
0 13 0
6.84454519143894 25 66
2.88576011810233 23 45
0 13 0
0 13 0
6.84454519143894 25 66
2.88576011810233 23 45
0 13 0
3.41271061541641 25 31
0 13 0
6.84454519143894 25 66
13.8944517402598 36 121
6.84454519143894 25 66
0 13 0
9.76673221662899 34 55
0 13 0
0 13 0
6.84454519143894 25 66
6.84454519143894 25 66
2.09223003434689 22 36
0 13 0
8.22198957469921 33 91
0 13 0
0 13 0
0 13 0
18.967590966574 45 157
7.10191548545201 32 83
6.84454519143894 25 66
0 13 0
0 13 0
0.212620392827671 15 1
1.73962139586276 18 4
4.2062431277646 24 55
0.340333489148062 16 3
0 13 0
0 13 0
5.45154252034967 30 49
0 13 0
6.84454519143894 25 66
0 13 0
0.490483244155445 17 6
9.58216149501356 33 94
0.340333489148062 16 3
0.212620392827671 15 1
0 13 0
6.84454519143894 25 66
0 13 0
2.7036097051481 24 37
2.09223003434689 22 36
2.09223003434689 22 36
0 13 0
0 13 0
0 13 0
0 13 0
6.84454519143894 25 66
0 13 0
7.07065454870705 30 64
11.4910345839888 35 111
4.2062431277646 24 55
0 13 0
1.18200126231826 20 21
0 13 0
0 13 0
0 13 0
0 13 0
0 13 0
0 13 0
13.8944517402598 36 121
0 13 0
0 13 0
1.18200126231826 20 21
0 13 0
0 13 0
0 13 0
18.967590966574 45 157
6.84454519143894 25 66
10.2982788495781 34 102
0 13 0
2.09223003434689 22 36
7.10191548545201 32 83
0 13 0
0.671510197576206 18 10
0 13 0
6.84454519143894 25 66
3.33563531450318 26 38
0 13 0
2.88576011810233 23 45
0 13 0
0.671510197576206 18 10
0 13 0
0 13 0
0 13 0
1.18200126231826 20 21
0 13 0
0 13 0
2.88576011810233 23 45
10.4696819649851 34 100
0 13 0
19.535064890724 46 139
0 13 0
4.2062431277646 24 55
27.5433929594734 52 134
1.56199181093348 21 28
0 13 0
13.8944517402598 36 121
0 13 0
4.2062431277646 24 55
0 13 0
0 13 0
0 13 0
13.8944517402598 36 121
0 13 0
4.2062431277646 24 55
6.84454519143894 25 66
11.4910345839888 35 111
2.09223003434689 22 36
6.84454519143894 25 66
0 13 0
0 13 0
8.46322029416661 30 76
0 13 0
11.4819076901344 38 96
0 13 0
13.8944517402598 36 121
0.340333489148062 16 3
4.2062431277646 24 55
0 13 0
0 13 0
0 13 0
6.84454519143894 25 66
6.84454519143894 25 66
0 13 0
0 13 0
0 13 0
9.89933845237424 34 82
0.490483244155445 17 6
5.22505290623326 26 24
2.50134549977041 20 9
0 13 0
4.2062431277646 24 55
0 13 0
2.88576011810233 23 45
6.84454519143894 25 66
0 13 0
9.58216149501356 33 94
4.2062431277646 24 55
1.73962139586276 18 4
8.48372380728387 32 81
0 13 0
4.97083493230246 26 36
0 13 0
6.84454519143894 25 66
1.56199181093348 21 28
11.4910345839888 35 111
6.84454519143894 25 66
6.84454519143894 25 66
0 13 0
0 13 0
0 13 0
0 13 0
15.9255005173726 43 139
0 13 0
0 13 0
0 13 0
2.50134549977041 20 9
0 13 0
0 13 0
6.84454519143894 25 66
0 13 0
1.18200126231826 20 21
0 13 0
6.84454519143894 25 66
0 13 0
0 13 0
6.84454519143894 25 66
0 13 0
0 13 0
0 13 0
0 13 0
2.88576011810233 23 45
0 13 0
0 13 0
6.84454519143894 25 66
0 13 0
0 13 0
5.94124667647391 28 49
0 13 0
0 13 0
0 13 0
0 13 0
4.2062431277646 24 55
0 13 0
0 13 0
0.490483244155445 17 6
0 13 0
2.88576011810233 23 45
1.56199181093348 21 28
7.35724866233167 34 72
0 13 0
13.8944517402598 36 121
0 13 0
4.2062431277646 24 55
4.2062431277646 24 55
0 13 0
11.284406113988 39 86
6.84454519143894 25 66
0 13 0
4.2062431277646 24 55
1.56199181093348 21 28
5.63590379216445 29 65
0 13 0
5.97118515040466 30 70
1.56199181093348 21 28
23.8009633054794 52 178
4.2062431277646 24 55
0 13 0
0 13 0
0 13 0
0 13 0
5.16153838878059 29 57
1.56199181093348 21 28
0 13 0
0 13 0
0 13 0
0 13 0
0 13 0
0 13 0
0 13 0
1.18200126231826 20 21
0 13 0
0 13 0
0 13 0
0 13 0
6.84454519143894 25 66
0 13 0
0.895677772560699 19 15
0 13 0
2.88576011810233 23 45
8.22198957469921 33 91
0 13 0
0 13 0
6.84454519143894 25 66
4.2062431277646 24 55
2.88576011810233 23 45
0 13 0
0 13 0
0.671510197576206 18 10
0 13 0
5.04560468339955 27 30
4.98098898620136 24 17
0.490483244155445 17 6
10.4696819649851 34 100
1.81336462771501 22 22
2.88576011810233 23 45
0 13 0
0 13 0
0.895677772560699 19 15
0 13 0
0 13 0
0 13 0
6.84454519143894 25 66
0 13 0
0 13 0
0 13 0
14.904147898369 42 128
4.2062431277646 24 55
0 13 0
0 13 0
0 13 0
0 13 0
11.4910345839888 35 111
0 13 0
0 13 0
0 13 0
0 13 0
8.74334724842609 31 81
0.490483244155445 17 6
0 13 0
0 13 0
13.8944517402598 36 121
6.84454519143894 25 66
0 13 0
0 13 0
6.84454519143894 25 66
0 13 0
0 13 0
6.84454519143894 25 66
2.88576011810233 23 45
0 13 0
0 13 0
0 13 0
1.56199181093348 21 28
6.84454519143894 25 66
0 13 0
0 13 0
1.56199181093348 21 28
0 13 0
0 13 0
0 13 0
2.88576011810233 23 45
4.2062431277646 24 55
0 13 0
12.0867964695587 39 104
12.4886794082322 37 61
0 13 0
6.84454519143894 25 66
2.01697969793006 22 18
0 13 0
11.977804499803 36 101
4.97083493230246 26 36
13.8944517402598 36 121
6.84454519143894 25 66
0 13 0
0 13 0
0.212620392827671 15 1
0 13 0
0 13 0
11.4910345839888 35 111
0 13 0
7.35724866233167 34 72
6.84454519143894 25 66
0 13 0
0 13 0
0 13 0
1.46633641798151 20 11
0 13 0
0 13 0
0 13 0
8.01772126458187 28 69
0.671510197576206 18 10
3.41271061541641 25 31
6.24640552523692 27 28
0 13 0
0 13 0
0 13 0
2.88576011810233 23 45
0 13 0
0 13 0
13.8944517402598 36 121
0 13 0
0 13 0
0.671510197576206 18 10
0 13 0
12.3225792608997 38 108
0 13 0
6.84454519143894 25 66
0 13 0
0.671510197576206 18 10
11.666659331222 37 100
0 13 0
13.6433334434307 38 102
6.84454519143894 25 66
0 13 0
6.84454519143894 25 66
0.671510197576206 18 10
4.2062431277646 24 55
17.9462383475703 44 147
0 13 0
0 13 0
6.84454519143894 25 66
0 13 0
0 13 0
0 13 0
0 13 0
13.8827952793653 41 119
0 13 0
2.50134549977041 20 9
13.8944517402598 36 121
0 13 0
0.490483244155445 17 6
0 13 0
4.2062431277646 24 55
0 13 0
0 13 0
4.2062431277646 24 55
0 13 0
0.671510197576206 18 10
0 13 0
0 13 0
0.212620392827671 15 1
11.4910345839888 35 111
0 13 0
0 13 0
0 13 0
0 13 0
0 13 0
15.9255005173726 43 139
0 13 0
0 13 0
7.87052879885688 33 61
2.88576011810233 23 45
4.2062431277646 24 55
0.212620392827671 15 1
0 13 0
0 13 0
0 13 0
0 13 0
4.2062431277646 24 55
0 13 0
0 13 0
4.2062431277646 24 55
6.84454519143894 25 66
0 13 0
0 13 0
6.84454519143894 25 66
0 13 0
0 13 0
0 13 0
2.88576011810233 23 45
0 13 0
0.671510197576206 18 10
4.2062431277646 24 55
0 13 0
0 13 0
0 13 0
0 13 0
0 13 0
9.58216149501356 33 94
0 13 0
0 13 0
12.0176772168565 40 112
0 13 0
13.7353907989741 34 76
0 13 0
2.88576011810233 23 45
0 13 0
16.4477537536222 42 110
1.47999288076676 19 7
0 13 0
0 13 0
4.2062431277646 24 55
6.84454519143894 25 66
0.671510197576206 18 10
0 13 0
2.01697969793006 22 18
0 13 0
1.56199181093348 21 28
0 13 0
0 13 0
6.84454519143894 25 66
0 13 0
0 13 0
7.07065454870705 30 64
4.2062431277646 24 55
1.56199181093348 21 28
0 13 0
0 13 0
0 13 0
0 13 0
0 13 0
0 13 0
0.671510197576206 18 10
0 13 0
0 13 0
0 13 0
0 13 0
0 13 0
0 13 0
13.1620769217742 41 99
0 13 0
13.8944517402598 36 121
0 13 0
4.2062431277646 24 55
10.4858631388432 34 64
4.2062431277646 24 55
4.02425206439589 26 28
6.84454519143894 25 66
6.84454519143894 25 66
2.09223003434689 22 36
6.84454519143894 25 66
0 13 0
4.2062431277646 24 55
0 13 0
2.09223003434689 22 36
2.88576011810233 23 45
12.8652584999012 39 110
0 13 0
0 13 0
4.2062431277646 24 55
5.15090267085757 27 58
27.4316893426649 55 170
0 13 0
0 13 0
0.490483244155445 17 6
0 13 0
8.48372380728387 32 81
6.84454519143894 25 66
0 13 0
2.88576011810233 23 45
0 13 0
2.88576011810233 23 45
0 13 0
9.58216149501356 33 94
1.56199181093348 21 28
0 13 0
0 13 0
0 13 0
0 13 0
26.6245795621094 54 194
0 13 0
0 13 0
9.92807021496503 31 73
2.88576011810233 23 45
13.8944517402598 36 121
0 13 0
0 13 0
6.84454519143894 25 66
10.4696819649851 34 100
16.8008037480181 42 136
0 13 0
13.8944517402598 36 121
0 13 0
0 13 0
0 13 0
0 13 0
0 13 0
6.84454519143894 25 66
2.88576011810233 23 45
0 13 0
13.8944517402598 36 121
2.88576011810233 23 45
4.2062431277646 24 55
2.09223003434689 22 36
18.967590966574 45 157
0 13 0
6.84454519143894 25 66
0 13 0
0 13 0
4.09617545060767 24 25
0 13 0
0 13 0
0.895677772560699 19 15
0 13 0
0 13 0
0 13 0
6.84454519143894 25 66
0 13 0
0 13 0
0 13 0
0 13 0
4.2062431277646 24 55
43.9578618631739 70 251
6.84454519143894 25 66
2.88576011810233 23 45
2.09223003434689 22 36
0 13 0
0 13 0
6.84454519143894 25 66
12.0867964695587 39 104
0 13 0
0 13 0
3.28089146027572 22 16
0 13 0
2.88576011810233 23 45
0 13 0
2.88576011810233 23 45
2.09223003434689 22 36
0 13 0
0 13 0
12.5335396515894 38 106
6.84454519143894 25 66
18.967590966574 45 157
4.2062431277646 24 55
0 13 0
0 13 0
0 13 0
0.490483244155445 17 6
6.84454519143894 25 66
9.58216149501356 33 94
0 13 0
0 13 0
0 13 0
0 13 0
0 13 0
4.2062431277646 24 55
12.6841809092827 36 91
0.490483244155445 17 6
0 13 0
6.84454519143894 25 66
6.37667044248901 30 44
7.94325886525666 32 53
6.84454519143894 25 66
6.84454519143894 25 66
0 13 0
0 13 0
0.671510197576206 18 10
0 13 0
0 13 0
6.84454519143894 25 66
0.490483244155445 17 6
1.46633641798151 20 11
0 13 0
0 13 0
0 13 0
0 13 0
0 13 0
0 13 0
4.2062431277646 24 55
1.56199181093348 21 28
0 13 0
0 13 0
0 13 0
4.2062431277646 24 55
6.84454519143894 25 66
0 13 0
6.84454519143894 25 66
0 13 0
19.8009179844671 46 130
0 13 0
0 13 0
11.4819076901344 38 96
0 13 0
11.4819076901344 38 96
0 13 0
1.58466850430115 21 16
0 13 0
0 13 0
0.340333489148062 16 3
0 13 0
0 13 0
0 13 0
8.48372380728387 32 81
2.88576011810233 23 45
1.73962139586276 18 4
6.84454519143894 25 66
5.94124667647391 28 49
0 13 0
5.61696498990358 26 26
0 13 0
6.84454519143894 25 66
0 13 0
0 13 0
17.2481247386253 43 142
44.1700138552543 69 217
0 13 0
0 13 0
0 13 0
13.8944517402598 36 121
10.4696819649851 34 100
0 13 0
0 13 0
17.1135125733386 45 129
0 13 0
0 13 0
0 13 0
0 13 0
0 13 0
0 13 0
0 13 0
0 13 0
4.2062431277646 24 55
4.2062431277646 24 55
4.2062431277646 24 55
0 13 0
0 13 0
2.09223003434689 22 36
0 13 0
0 13 0
0 13 0
0 13 0
7.07065454870705 30 64
1.56199181093348 21 28
6.84454519143894 25 66
13.8944517402598 36 121
0 13 0
0 13 0
0 13 0
6.84454519143894 25 66
9.58216149501356 33 94
4.2062431277646 24 55
0.490483244155445 17 6
0 13 0
0 13 0
0 13 0
2.09223003434689 22 36
0 13 0
4.20540646952941 28 51
0 13 0
0 13 0
0 13 0
0 13 0
0 13 0
0 13 0
0 13 0
1.18200126231826 20 21
0 13 0
0 13 0
0 13 0
0 13 0
2.01697969793006 22 18
0.490483244155445 17 6
6.84454519143894 25 66
0 13 0
4.09617545060767 24 25
0 13 0
1.18200126231826 20 21
0 13 0
4.2062431277646 24 55
0 13 0
13.1219846195293 36 85
8.48372380728387 32 81
5.97118515040466 30 70
13.8944517402598 36 121
15.0341904068413 41 110
0 13 0
0 13 0
16.9248857285667 43 136
4.2062431277646 24 55
1.18200126231826 20 21
7.81703656806129 27 67
0 13 0
0.212620392827671 15 1
0 13 0
7.07065454870705 30 64
0 13 0
0 13 0
0 13 0
2.09223003434689 22 36
0 13 0
21.1417277795121 46 166
0 13 0
0 13 0
5.16153838878059 29 57
14.9227041308565 42 132
11.4910345839888 35 111
6.40288843342437 31 73
11.4819076901344 38 96
0 13 0
13.8944517402598 36 121
0 13 0
0 13 0
0 13 0
0 13 0
0 13 0
0 13 0
4.2062431277646 24 55
0.671510197576206 18 10
0 13 0
0 13 0
0 13 0
0 13 0
0 13 0
21.1417277795121 46 166
18.967590966574 45 157
0 13 0
0 13 0
2.88576011810233 23 45
0 13 0
16.6117663544236 44 126
0 13 0
0 13 0
0.671510197576206 18 10
17.5456973531478 44 119
0 13 0
15.9871833869256 41 103
0 13 0
0.212620392827671 15 1
0.212620392827671 15 1
0 13 0
4.2062431277646 24 55
0 13 0
0 13 0
0.212620392827671 15 1
7.88107798052164 31 64
9.09871698106136 32 87
0 13 0
6.84454519143894 25 66
2.09223003434689 22 36
4.2062431277646 24 55
6.84454519143894 25 66
0 13 0
1.18200126231826 20 21
0 13 0
13.8944517402598 36 121
0.490483244155445 17 6
0 13 0
0 13 0
4.95330620017367 26 56
0 13 0
1.56199181093348 21 28
0 13 0
0 13 0
6.84454519143894 25 66
0 13 0
0 13 0
0 13 0
0 13 0
0 13 0
4.2062431277646 24 55
0 13 0
0 13 0
0 13 0
0 13 0
0 13 0
0 13 0
0 13 0
0 13 0
2.88576011810233 23 45
0 13 0
0 13 0
2.88576011810233 23 45
0 13 0
0 13 0
0 13 0
0 13 0
0 13 0
34.6367190302346 62 196
13.8944517402598 36 121
11.4910345839888 35 111
0 13 0
6.84454519143894 25 66
0 13 0
0 13 0
13.2964627324287 40 117
8.74334724842609 31 81
14.4748857451533 42 107
34.3809618943806 60 176
2.88576011810233 23 45
0 13 0
0 13 0
2.09223003434689 22 36
0 13 0
0 13 0
4.73533792576498 29 60
0 13 0
5.97118515040466 30 70
5.94124667647391 28 49
0 13 0
0 13 0
0 13 0
2.09223003434689 22 36
0 13 0
0 13 0
8.46322029416661 30 76
0 13 0
2.88576011810233 23 45
0 13 0
2.88576011810233 23 45
0 13 0
10.2982788495781 34 102
0 13 0
0 13 0
0 13 0
0 13 0
4.2062431277646 24 55
0.895677772560699 19 15
0 13 0
9.66735264784023 36 81
0.340333489148062 16 3
0 13 0
0 13 0
0 13 0
6.84454519143894 25 66
0 13 0
0 13 0
0 13 0
0 13 0
1.56199181093348 21 28
7.10191548545201 32 83
0 13 0
0 13 0
0 13 0
6.84454519143894 25 66
2.88576011810233 23 45
3.74686335913598 26 48
0 13 0
0 13 0
0 13 0
0 13 0
10.2982788495781 34 102
17.8954933805216 44 149
0.895677772560699 19 15
0 13 0
0 13 0
0 13 0
7.07065454870705 30 64
4.2062431277646 24 55
5.94124667647391 28 49
6.84454519143894 25 66
16.9248857285667 43 136
0 13 0
0 13 0
0 13 0
0 13 0
0 13 0
0 13 0
6.84454519143894 25 66
6.84454519143894 25 66
6.84454519143894 25 66
0 13 0
0 13 0
9.58216149501356 33 94
0 13 0
0 13 0
0 13 0
0 13 0
0 13 0
0 13 0
0 13 0
6.84454519143894 25 66
0 13 0
0 13 0
19.4669792584891 45 139
0 13 0
0 13 0
6.84454519143894 25 66
0 13 0
0 13 0
0 13 0
17.8954933805216 44 149
4.2062431277646 24 55
6.84454519143894 25 66
4.95330620017367 26 56
0 13 0
0 13 0
8.46322029416661 30 76
6.84454519143894 25 66
1.18200126231826 20 21
2.09223003434689 22 36
6.84454519143894 25 66
0 13 0
3.28089146027572 22 16
1.56199181093348 21 28
0 13 0
0 13 0
0 13 0
2.88576011810233 23 45
9.53242288657979 37 93
0 13 0
0 13 0
2.88576011810233 23 45
13.8944517402598 36 121
8.22198957469921 33 91
4.2062431277646 24 55
0 13 0
0 13 0
0 13 0
0 13 0
0.490483244155445 17 6
0 13 0
14.2663832959332 40 109
6.84454519143894 25 66
0 13 0
19.2090681803255 46 122
7.81703656806129 27 67
13.8944517402598 36 121
6.84454519143894 25 66
0 13 0
6.41341654366302 30 54
0.212620392827671 15 1
0.340333489148062 16 3
5.97118515040466 30 70
0 13 0
2.09223003434689 22 36
9.09871698106136 32 87
0.340333489148062 16 3
6.84454519143894 25 66
0 13 0
0 13 0
5.37203182424609 28 61
11.7985648757567 34 82
0 13 0
4.2062431277646 24 55
0 13 0
6.84454519143894 25 66
0 13 0
0.490483244155445 17 6
0 13 0
0 13 0
0 13 0
0 13 0
0 13 0
0 13 0
6.84454519143894 25 66
21.1417277795121 46 166
0 13 0
0 13 0
9.66735264784023 36 81
0 13 0
0 13 0
0 13 0
8.22198957469921 33 91
0 13 0
4.2062431277646 24 55
0 13 0
0 13 0
0 13 0
17.1135125733386 45 129
0 13 0
4.2062431277646 24 55
5.16153838878059 29 57
0 13 0
0 13 0
0 13 0
0 13 0
7.87052879885688 33 61
4.2062431277646 24 55
1.56199181093348 21 28
6.84454519143894 25 66
5.94124667647391 28 49
0 13 0
1.18200126231826 20 21
0 13 0
6.84454519143894 25 66
0 13 0
1.46633641798151 20 11
7.07065454870705 30 64
0 13 0
20.5047621775879 47 112
0 13 0
6.84454519143894 25 66
0 13 0
21.0785569184579 48 152
0.212620392827671 15 1
0 13 0
0 13 0
13.8944517402598 36 121
0 13 0
6.84454519143894 25 66
0 13 0
7.81703656806129 27 67
0.212620392827671 15 1
2.09223003434689 22 36
0 13 0
0 13 0
0 13 0
0 13 0
0 13 0
0 13 0
6.84454519143894 25 66
0 13 0
16.7510947041178 40 97
0 13 0
2.7036097051481 24 37
7.07065454870705 30 64
0 13 0
0 13 0
13.8944517402598 36 121
9.58216149501356 33 94
0 13 0
6.84454519143894 25 66
0 13 0
6.84454519143894 25 66
5.15090267085757 27 58
0 13 0
11.4819076901344 38 96
0 13 0
0 13 0
0 13 0
13.8944517402598 36 121
4.2062431277646 24 55
2.09223003434689 22 36
2.88576011810233 23 45
0.895677772560699 19 15
9.51377377672461 35 72
6.84454519143894 25 66
6.84454519143894 25 66
0 13 0
0 13 0
0 13 0
0 13 0
0 13 0
0 13 0
0 13 0
0 13 0
8.46322029416661 30 76
13.8944517402598 36 121
0 13 0
0 13 0
7.32839283425578 30 50
0 13 0
13.8944517402598 36 121
6.84454519143894 25 66
0 13 0
0 13 0
0 13 0
0 13 0
0 13 0
0 13 0
0 13 0
0 13 0
0.671510197576206 18 10
0 13 0
0 13 0
6.84454519143894 25 66
6.84454519143894 25 66
16.4566932254063 41 131
1.18200126231826 20 21
0 13 0
6.84454519143894 25 66
0 13 0
4.2062431277646 24 55
6.84454519143894 25 66
0 13 0
4.2062431277646 24 55
0 13 0
0 13 0
0 13 0
11.331699093845 35 87
4.2062431277646 24 55
17.2481247386253 43 142
2.88576011810233 23 45
0 13 0
0 13 0
6.84454519143894 25 66
1.56199181093348 21 28
6.84454519143894 25 66
2.16873436035028 23 29
0.895677772560699 19 15
1.56199181093348 21 28
6.84454519143894 25 66
8.91166859315902 31 46
0.212620392827671 15 1
6.84454519143894 25 66
6.84454519143894 25 66
0 13 0
0 13 0
6.84454519143894 25 66
0 13 0
6.84454519143894 25 66
0.212620392827671 15 1
1.56199181093348 21 28
2.88576011810233 23 45
6.84454519143894 25 66
0 13 0
0 13 0
6.42733530538347 31 76
0 13 0
0 13 0
2.88576011810233 23 45
0 13 0
0 13 0
0.212620392827671 15 1
0 13 0
0 13 0
0 13 0
4.2062431277646 24 55
6.84454519143894 25 66
0 13 0
19.2756173750817 48 149
0 13 0
0 13 0
0 13 0
4.2062431277646 24 55
3.53664257852019 25 46
2.88576011810233 23 45
0 13 0
0 13 0
4.2062431277646 24 55
0 13 0
1.18200126231826 20 21
0.490483244155445 17 6
2.09223003434689 22 36
0 13 0
1.56199181093348 21 28
6.84454519143894 25 66
10.4696819649851 34 100
0 13 0
0 13 0
6.84454519143894 25 66
0 13 0
1.56199181093348 21 28
28.0163776066751 50 101
0 13 0
6.84454519143894 25 66
1.18200126231826 20 21
0 13 0
3.28089146027572 22 16
4.2062431277646 24 55
0 13 0
5.15090267085757 27 58
0 13 0
0 13 0
0 13 0
0 13 0
0 13 0
0 13 0
1.18200126231826 20 21
8.48372380728387 32 81
9.58216149501356 33 94
7.07065454870705 30 64
2.88576011810233 23 45
3.28089146027572 22 16
0 13 0
0 13 0
0 13 0
0 13 0
0 13 0
0 13 0
0 13 0
13.8944517402598 36 121
6.84454519143894 25 66
1.18200126231826 20 21
13.8510657013418 38 70
0 13 0
0 13 0
0 13 0
2.09223003434689 22 36
0 13 0
0 13 0
0 13 0
0 13 0
0 13 0
0 13 0
0 13 0
0 13 0
0 13 0
6.84454519143894 25 66
0 13 0
6.84454519143894 25 66
0 13 0
0 13 0
0.671510197576206 18 10
2.71600674995771 23 21
0 13 0
0.340333489148062 16 3
0 13 0
0 13 0
9.09871698106136 32 87
4.2062431277646 24 55
6.84454519143894 25 66
0 13 0
5.97118515040466 30 70
0 13 0
0 13 0
0 13 0
23.6295532565014 48 167
2.09223003434689 22 36
0 13 0
8.40046025509245 34 70
0 13 0
5.94124667647391 28 49
4.2062431277646 24 55
0 13 0
11.4910345839888 35 111
0 13 0
0 13 0
6.84454519143894 25 66
6.84454519143894 25 66
0 13 0
0 13 0
0.895677772560699 19 15
13.8944517402598 36 121
0 13 0
13.8944517402598 36 121
0 13 0
0 13 0
0 13 0
0 13 0
1.56199181093348 21 28
0 13 0
4.2062431277646 24 55
2.88576011810233 23 45
0 13 0
0 13 0
8.48372380728387 32 81
6.84454519143894 25 66
0 13 0
34.4476915209185 62 223
0 13 0
2.09223003434689 22 36
9.09574895595244 35 70
0 13 0
0 13 0
1.18200126231826 20 21
0 13 0
0 13 0
4.2062431277646 24 55
11.3486957893707 36 93
0 13 0
0 13 0
0 13 0
2.09223003434689 22 36
6.84454519143894 25 66
0 13 0
7.81703656806129 27 67
0 13 0
2.09223003434689 22 36
11.6649961280697 37 75
4.2062431277646 24 55
0 13 0
0 13 0
4.2062431277646 24 55
6.84454519143894 25 66
0 13 0
4.2062431277646 24 55
0 13 0
0 13 0
0.895677772560699 19 15
7.98313635355544 34 79
9.58216149501356 33 94
12.6841809092827 36 91
0.490483244155445 17 6
1.56199181093348 21 28
6.84454519143894 25 66
0 13 0
13.8944517402598 36 121
0 13 0
6.84454519143894 25 66
0 13 0
0 13 0
2.16873436035028 23 29
0 13 0
0 13 0
0.671510197576206 18 10
2.88576011810233 23 45
0 13 0
0 13 0
6.40288843342437 31 73
6.84454519143894 25 66
4.2062431277646 24 55
2.88576011810233 23 45
0 13 0
2.88576011810233 23 45
0 13 0
0 13 0
11.4910345839888 35 111
1.56199181093348 21 28
13.8944517402598 36 121
0 13 0
3.74686335913598 26 48
6.84454519143894 25 66
0 13 0
0 13 0
6.84454519143894 25 66
0 13 0
0.671510197576206 18 10
0 13 0
6.84454519143894 25 66
0 13 0
0 13 0
0 13 0
0 13 0
0 13 0
0 13 0
2.88576011810233 23 45
0 13 0
0 13 0
13.8944517402598 36 121
2.88576011810233 23 45
0.671510197576206 18 10
0 13 0
0 13 0
0 13 0
17.8954933805216 44 149
6.84454519143894 25 66
6.84454519143894 25 66
0 13 0
0 13 0
0 13 0
0 13 0
21.0785569184579 48 152
0 13 0
0 13 0
12.0004839020809 37 105
0 13 0
0 13 0
0 13 0
0 13 0
6.84454519143894 25 66
15.9255005173726 43 139
0 13 0
0 13 0
3.33563531450318 26 38
13.8944517402598 36 121
0.340333489148062 16 3
4.2062431277646 24 55
0 13 0
4.2062431277646 24 55
0 13 0
0 13 0
0 13 0
6.84454519143894 25 66
13.4736012926038 38 94
0 13 0
6.84454519143894 25 66
0 13 0
0 13 0
0 13 0
0 13 0
0.212620392827671 15 1
0 13 0
6.84454519143894 25 66
0 13 0
21.1417277795121 46 166
8.48372380728387 32 81
0 13 0
0 13 0
6.84454519143894 25 66
4.2062431277646 24 55
6.84454519143894 25 66
0 13 0
0 13 0
0 13 0
0 13 0
0.340333489148062 16 3
0 13 0
6.84454519143894 25 66
8.46322029416661 30 76
0 13 0
0 13 0
6.84454519143894 25 66
0 13 0
0.490483244155445 17 6
0 13 0
0 13 0
0 13 0
2.88576011810233 23 45
4.20665582034758 27 43
0 13 0
20.7193093945277 49 135
0 13 0
0 13 0
0 13 0
6.84454519143894 25 66
0 13 0
6.84454519143894 25 66
3.62615506691152 27 46
0 13 0
0 13 0
3.33563531450318 26 38
0 13 0
6.84454519143894 25 66
6.84454519143894 25 66
6.84454519143894 25 66
0.340333489148062 16 3
2.16873436035028 23 29
6.84454519143894 25 66
0 13 0
0 13 0
0 13 0
0 13 0
0 13 0
0 13 0
0 13 0
0 13 0
10.4696819649851 34 100
21.1417277795121 46 166
0 13 0
4.2062431277646 24 55
0.895677772560699 19 15
6.84454519143894 25 66
0 13 0
0 13 0
0 13 0
13.8944517402598 36 121
1.56199181093348 21 28
12.9991571188067 37 112
0 13 0
0 13 0
6.4001616468525 28 37
0 13 0
6.84454519143894 25 66
21.4904830006821 47 146
1.56199181093348 21 28
0 13 0
0 13 0
0 13 0
0 13 0
0 13 0
0 13 0
13.8944517402598 36 121
13.8827952793653 41 119
10.9494228339687 32 75
0.671510197576206 18 10
1.56199181093348 21 28
0 13 0
0 13 0
0 13 0
2.50134549977041 20 9
32.4049862829112 60 206
0 13 0
0 13 0
0 13 0
0 13 0
0 13 0
0 13 0
6.84454519143894 25 66
0 13 0
14.2663832959332 40 109
0.895677772560699 19 15
2.88576011810233 23 45
4.09617545060767 24 25
4.2037002872296 25 22
6.84454519143894 25 66
6.84454519143894 25 66
0.340333489148062 16 3
0 13 0
4.09617545060767 24 25
0 13 0
0 13 0
4.2062431277646 24 55
0.895677772560699 19 15
6.84454519143894 25 66
0 13 0
2.88576011810233 23 45
0 13 0
0 13 0
11.4910345839888 35 111
0 13 0
0.671510197576206 18 10
6.84454519143894 25 66
0 13 0
4.2062431277646 24 55
6.84454519143894 25 66
0 13 0
6.84454519143894 25 66
6.84454519143894 25 66
0 13 0
0 13 0
11.4910345839888 35 111
0 13 0
0 13 0
1.18200126231826 20 21
0 13 0
1.56199181093348 21 28
0 13 0
6.84454519143894 25 66
0 13 0
0 13 0
0.490483244155445 17 6
0 13 0
0 13 0
16.0809383382274 42 130
0 13 0
0 13 0
7.07065454870705 30 64
0 13 0
0 13 0
0 13 0
0 13 0
2.88576011810233 23 45
0.895677772560699 19 15
0 13 0
13.3099988034816 37 91
1.18200126231826 20 21
0 13 0
0 13 0
2.88576011810233 23 45
0 13 0
0 13 0
6.40288843342437 31 73
6.40288843342437 31 73
0 13 0
0 13 0
2.88576011810233 23 45
0 13 0
0 13 0
6.84454519143894 25 66
4.2062431277646 24 55
13.4736012926038 38 94
4.09617545060767 24 25
0 13 0
0 13 0
0 13 0
8.22198957469921 33 91
0 13 0
13.8944517402598 36 121
0 13 0
0 13 0
0 13 0
8.19122548478322 32 55
0 13 0
22.5622654986959 49 157
0.671510197576206 18 10
0 13 0
0 13 0
0 13 0
1.73962139586276 18 4
0 13 0
0 13 0
6.84454519143894 25 66
14.904147898369 42 128
0.895677772560699 19 15
0 13 0
7.81703656806129 27 67
2.09223003434689 22 36
4.2062431277646 24 55
6.84454519143894 25 66
2.88576011810233 23 45
0 13 0
0 13 0
0 13 0
0 13 0
6.84454519143894 25 66
28.5766344852651 55 202
0 13 0
0 13 0
7.07065454870705 30 64
0 13 0
0 13 0
0 13 0
0 13 0
6.84454519143894 25 66
0 13 0
0 13 0
6.42733530538347 31 76
0.212620392827671 15 1
0 13 0
6.84454519143894 25 66
10.4696819649851 34 100
6.84454519143894 25 66
10.4696819649851 34 100
0 13 0
0 13 0
8.22198957469921 33 91
2.09223003434689 22 36
0 13 0
0 13 0
6.84454519143894 25 66
0 13 0
3.28089146027572 22 16
0 13 0
0 13 0
0 13 0
12.8652584999012 39 110
6.84454519143894 25 66
8.45259852988863 32 65
16.9248857285667 43 136
12.2251108460123 37 85
0 13 0
0 13 0
0 13 0
1.18200126231826 20 21
0 13 0
0 13 0
0 13 0
0 13 0
17.8954933805216 44 149
13.8944517402598 36 121
0 13 0
0 13 0
8.01772126458187 28 69
6.84454519143894 25 66
5.36321252850254 30 66
2.44212649029049 24 31
0 13 0
0 13 0
0.671510197576206 18 10
0 13 0
0 13 0
9.58216149501356 33 94
0 13 0
17.2481247386253 43 142
7.88107798052164 31 64
0 13 0
2.71600674995771 23 21
1.73962139586276 18 4
1.56199181093348 21 28
6.84454519143894 25 66
8.74334724842609 31 81
0 13 0
0 13 0
0.212620392827671 15 1
0 13 0
6.84454519143894 25 66
5.94124667647391 28 49
0 13 0
0 13 0
0 13 0
0 13 0
0 13 0
0 13 0
13.8944517402598 36 121
2.09223003434689 22 36
0 13 0
0 13 0
0 13 0
10.2982788495781 34 102
1.56199181093348 21 28
0 13 0
0 13 0
0.340333489148062 16 3
0 13 0
0 13 0
0 13 0
11.4910345839888 35 111
0 13 0
13.6433334434307 38 102
9.09871698106136 32 87
6.84454519143894 25 66
6.84454519143894 25 66
4.2062431277646 24 55
2.88576011810233 23 45
6.42733530538347 31 76
0 13 0
0 13 0
13.8944517402598 36 121
0 13 0
6.84454519143894 25 66
6.84454519143894 25 66
13.291077639634 40 115
5.36321252850254 30 66
21.1417277795121 46 166
0 13 0
0 13 0
0 13 0
4.2062431277646 24 55
0 13 0
0 13 0
0 13 0
10.4696819649851 34 100
4.2062431277646 24 55
4.2062431277646 24 55
4.2062431277646 24 55
0 13 0
15.9255005173726 43 139
0 13 0
6.84454519143894 25 66
0.895677772560699 19 15
0 13 0
1.56199181093348 21 28
0.212620392827671 15 1
0 13 0
0 13 0
0 13 0
0 13 0
8.01772126458187 28 69
13.6433334434307 38 102
10.8674199571442 31 34
6.84454519143894 25 66
8.22198957469921 33 91
0 13 0
0 13 0
2.09223003434689 22 36
0 13 0
6.84454519143894 25 66
0 13 0
6.84454519143894 25 66
0.340333489148062 16 3
1.56199181093348 21 28
13.8944517402598 36 121
0 13 0
0 13 0
0 13 0
0 13 0
0 13 0
0 13 0
0 13 0
6.84454519143894 25 66
6.84454519143894 25 66
0 13 0
6.84454519143894 25 66
18.967590966574 45 157
18.3330126960947 43 112
6.84454519143894 25 66
0.895677772560699 19 15
8.48372380728387 32 81
0 13 0
0 13 0
0 13 0
0 13 0
0 13 0
0 13 0
0 13 0
0 13 0
0 13 0
0 13 0
2.09223003434689 22 36
0 13 0
6.84454519143894 25 66
2.88576011810233 23 45
1.47999288076676 19 7
0 13 0
10.7795706933275 37 91
1.56199181093348 21 28
0 13 0
0 13 0
0 13 0
0 13 0
0 13 0
0 13 0
0 13 0
0 13 0
0 13 0
6.00234160520501 25 19
10.4696819649851 34 100
0 13 0
0 13 0
10.4696819649851 34 100
0 13 0
4.2062431277646 24 55
6.84454519143894 25 66
0 13 0
6.84454519143894 25 66
0 13 0
4.20665582034758 27 43
0 13 0
0 13 0
14.789746109242 40 88
0.671510197576206 18 10
0 13 0
8.22198957469921 33 91
0 13 0
0 13 0
0 13 0
0 13 0
0 13 0
6.84454519143894 25 66
0 13 0
0 13 0
0 13 0
8.48372380728387 32 81
2.88576011810233 23 45
0 13 0
0 13 0
0 13 0
6.84454519143894 25 66
0 13 0
4.2062431277646 24 55
6.84454519143894 25 66
4.09617545060767 24 25
0 13 0
0 13 0
0 13 0
2.88576011810233 23 45
0 13 0
0 13 0
0 13 0
0 13 0
4.73533792576498 29 60
6.84454519143894 25 66
6.84454519143894 25 66
0 13 0
6.84454519143894 25 66
0 13 0
0 13 0
0 13 0
0 13 0
0 13 0
6.84454519143894 25 66
0 13 0
4.2062431277646 24 55
0 13 0
4.2062431277646 24 55
0 13 0
0 13 0
1.56199181093348 21 28
0 13 0
0 13 0
4.2062431277646 24 55
14.7064345306118 41 113
0 13 0
0 13 0
11.4910345839888 35 111
13.2964627324287 40 117
4.02425206439589 26 28
8.47255997410864 35 82
0 13 0
0 13 0
33.4263389019148 61 215
0 13 0
4.20540646952941 28 51
0 13 0
0 13 0
0 13 0
0 13 0
4.2062431277646 24 55
0 13 0
1.18200126231826 20 21
0 13 0
0 13 0
0 13 0
0 13 0
0 13 0
0 13 0
0 13 0
4.2062431277646 24 55
6.84454519143894 25 66
0 13 0
0 13 0
6.84454519143894 25 66
0 13 0
0 13 0
0 13 0
1.18200126231826 20 21
6.84454519143894 25 66
13.8944517402598 36 121
0.490483244155445 17 6
2.88576011810233 23 45
12.4091220365347 39 102
6.84454519143894 25 66
0 13 0
0 13 0
0.671510197576206 18 10
13.8944517402598 36 121
0.671510197576206 18 10
0 13 0
0 13 0
0 13 0
9.09871698106136 32 87
0 13 0
0 13 0
6.84454519143894 25 66
0 13 0
0 13 0
0 13 0
0 13 0
0 13 0
7.81703656806129 27 67
0 13 0
0 13 0
7.43152003219779 28 31
0 13 0
0.895677772560699 19 15
0 13 0
0 13 0
0.212620392827671 15 1
0 13 0
0.671510197576206 18 10
2.88576011810233 23 45
2.09223003434689 22 36
0 13 0
0 13 0
0.212620392827671 15 1
0 13 0
2.88576011810233 23 45
4.2062431277646 24 55
0 13 0
13.8944517402598 36 121
4.2062431277646 24 55
2.09223003434689 22 36
2.88576011810233 23 45
6.84454519143894 25 66
17.3012530555485 43 118
0 13 0
6.84454519143894 25 66
13.8944517402598 36 121
0 13 0
0 13 0
0 13 0
25.6032269431058 53 185
22.5622654986959 49 157
26.971712716209 52 136
0 13 0
0 13 0
0 13 0
6.84454519143894 25 66
0 13 0
0 13 0
6.84454519143894 25 66
0 13 0
4.2062431277646 24 55
0 13 0
4.2062431277646 24 55
0 13 0
0.490483244155445 17 6
0 13 0
5.88895330878593 31 61
0 13 0
0 13 0
0 13 0
0 13 0
3.28089146027572 22 16
0 13 0
6.84454519143894 25 66
0 13 0
0 13 0
15.9255005173726 43 139
0 13 0
6.84454519143894 25 66
0 13 0
6.84454519143894 25 66
0.212620392827671 15 1
0 13 0
0 13 0
0 13 0
0 13 0
13.8944517402598 36 121
0 13 0
6.84454519143894 25 66
2.88576011810233 23 45
0.671510197576206 18 10
0 13 0
3.99540066823907 27 51
0 13 0
0 13 0
4.2062431277646 24 55
0 13 0
0 13 0
3.74686335913598 26 48
0 13 0
4.2062431277646 24 55
0 13 0
0 13 0
4.2062431277646 24 55
0 13 0
2.09223003434689 22 36
2.88576011810233 23 45
0 13 0
4.2062431277646 24 55
6.84454519143894 25 66
1.18200126231826 20 21
0 13 0
0 13 0
0 13 0
0 13 0
4.09617545060767 24 25
6.84454519143894 25 66
0 13 0
0 13 0
0 13 0
9.09871698106136 32 87
5.39206392465936 29 52
2.88576011810233 23 45
13.8944517402598 36 121
0 13 0
6.84454519143894 25 66
0 13 0
0 13 0
0 13 0
6.84454519143894 25 66
0 13 0
6.84454519143894 25 66
18.0645989842928 47 134
0 13 0
0 13 0
0 13 0
0 13 0
6.84454519143894 25 66
0 13 0
0 13 0
0 13 0
1.18200126231826 20 21
0 13 0
0 13 0
0 13 0
0 13 0
0 13 0
6.84454519143894 25 66
0.671510197576206 18 10
0 13 0
10.5351263957283 36 79
0 13 0
13.8944517402598 36 121
13.8944517402598 36 121
0 13 0
6.84454519143894 25 66
4.2062431277646 24 55
0 13 0
6.84454519143894 25 66
0 13 0
0 13 0
0 13 0
0 13 0
2.09223003434689 22 36
0.895677772560699 19 15
0 13 0
2.88576011810233 23 45
6.84454519143894 25 66
6.84454519143894 25 66
0 13 0
0 13 0
4.2062431277646 24 55
0 13 0
0.490483244155445 17 6
0 13 0
4.2062431277646 24 55
4.2062431277646 24 55
6.84454519143894 25 66
0 13 0
4.2062431277646 24 55
6.84454519143894 25 66
13.6433334434307 38 102
0 13 0
2.88576011810233 23 45
0 13 0
0 13 0
6.84454519143894 25 66
1.56199181093348 21 28
0 13 0
2.09223003434689 22 36
0.490483244155445 17 6
0 13 0
0 13 0
4.2062431277646 24 55
6.84454519143894 25 66
10.4696819649851 34 100
1.56199181093348 21 28
6.84454519143894 25 66
0 13 0
1.18200126231826 20 21
9.66735264784023 36 81
0 13 0
2.71600674995771 23 21
0 13 0
0.212620392827671 15 1
21.1417277795121 46 166
0 13 0
0.212620392827671 15 1
0 13 0
8.22198957469921 33 91
0 13 0
0.212620392827671 15 1
0 13 0
0 13 0
0 13 0
6.84454519143894 25 66
0.340333489148062 16 3
0 13 0
0 13 0
10.4696819649851 34 100
0 13 0
0 13 0
0 13 0
6.84454519143894 25 66
0 13 0
7.07065454870705 30 64
0 13 0
6.84454519143894 25 66
14.9227041308565 42 132
0 13 0
0 13 0
0 13 0
4.09617545060767 24 25
2.09223003434689 22 36
0 13 0
0 13 0
11.4910345839888 35 111
0 13 0
0.895677772560699 19 15
0 13 0
6.84454519143894 25 66
0 13 0
19.495376115015 47 128
0 13 0
14.2663832959332 40 109
0 13 0
0.490483244155445 17 6
4.2062431277646 24 55
0 13 0
0.895677772560699 19 15
2.88576011810233 23 45
0 13 0
0 13 0
6.84454519143894 25 66
8.1343687825245 35 76
0 13 0
0 13 0
18.6263076877239 45 133
0 13 0
4.2062431277646 24 55
6.84454519143894 25 66
6.84454519143894 25 66
0 13 0
10.5147301867612 38 101
0 13 0
0 13 0
6.84454519143894 25 66
0 13 0
0.340333489148062 16 3
6.84454519143894 25 66
0 13 0
6.84454519143894 25 66
2.88576011810233 23 45
0 13 0
8.48372380728387 32 81
0 13 0
0 13 0
0 13 0
0 13 0
3.41271061541641 25 31
16.9248857285667 43 136
0 13 0
4.2062431277646 24 55
0 13 0
0 13 0
15.9255005173726 43 139
0 13 0
0 13 0
0 13 0
0.671510197576206 18 10
0 13 0
0 13 0
0.671510197576206 18 10
0 13 0
1.56199181093348 21 28
0 13 0
4.2062431277646 24 55
7.94325886525666 32 53
4.2062431277646 24 55
6.84454519143894 25 66
0 13 0
0 13 0
0 13 0
0 13 0
20.0660967155366 44 121
2.09223003434689 22 36
1.56199181093348 21 28
2.88576011810233 23 45
0 13 0
8.22198957469921 33 91
0 13 0
0 13 0
13.8944517402598 36 121
0 13 0
0 13 0
10.4696819649851 34 100
0 13 0
0 13 0
0 13 0
0 13 0
0 13 0
1.18200126231826 20 21
6.84454519143894 25 66
4.2062431277646 24 55
17.2481247386253 43 142
0 13 0
0 13 0
0 13 0
0 13 0
0 13 0
1.56199181093348 21 28
0 13 0
10.4696819649851 34 100
0.490483244155445 17 6
0.671510197576206 18 10
16.0809383382274 42 130
1.18200126231826 20 21
0 13 0
8.2279726890394 29 72
8.48372380728387 32 81
0 13 0
5.16153838878059 29 57
0 13 0
0 13 0
0 13 0
0 13 0
1.18200126231826 20 21
0 13 0
3.74686335913598 26 48
0.340333489148062 16 3
0 13 0
0 13 0
2.6275888079756 24 27
12.2251108460123 37 85
0 13 0
0.212620392827671 15 1
10.4696819649851 34 100
0 13 0
0.895677772560699 19 15
4.2062431277646 24 55
6.84454519143894 25 66
13.8944517402598 36 121
6.84454519143894 25 66
0 13 0
9.58216149501356 33 94
4.2062431277646 24 55
5.63590379216445 29 65
0 13 0
19.1934768615395 45 137
6.84454519143894 25 66
0 13 0
6.84454519143894 25 66
0 13 0
0 13 0
2.09223003434689 22 36
0 13 0
0 13 0
1.18200126231826 20 21
0 13 0
4.2062431277646 24 55
0 13 0
0 13 0
1.73962139586276 18 4
0 13 0
3.33563531450318 26 38
6.84454519143894 25 66
6.84454519143894 25 66
0 13 0
1.56199181093348 21 28
3.28089146027572 22 16
0.490483244155445 17 6
0 13 0
0 13 0
0 13 0
0 13 0
0 13 0
0 13 0
6.84454519143894 25 66
2.88576011810233 23 45
0 13 0
28.5766344852651 55 202
0.895677772560699 19 15
0 13 0
0 13 0
0 13 0
0 13 0
0 13 0
0 13 0
0 13 0
2.88576011810233 23 45
0 13 0
0 13 0
6.84454519143894 25 66
8.48372380728387 32 81
0 13 0
28.0144057175637 54 167
10.4858631388432 34 64
0.671510197576206 18 10
0 13 0
0.671510197576206 18 10
9.58216149501356 33 94
1.18200126231826 20 21
4.20665582034758 27 43
0.340333489148062 16 3
0 13 0
0 13 0
0 13 0
2.09223003434689 22 36
0 13 0
0 13 0
0 13 0
6.84454519143894 25 66
6.84454519143894 25 66
16.9248857285667 43 136
6.84454519143894 25 66
0 13 0
11.4910345839888 35 111
0 13 0
9.15515238491551 34 70
7.07065454870705 30 64
0 13 0
0 13 0
0 13 0
0 13 0
6.84454519143894 25 66
0.340333489148062 16 3
0 13 0
13.8944517402598 36 121
0 13 0
0 13 0
6.84454519143894 25 66
14.2663832959332 40 109
0 13 0
6.84454519143894 25 66
4.09617545060767 24 25
0.490483244155445 17 6
6.84454519143894 25 66
0.490483244155445 17 6
0 13 0
0 13 0
0 13 0
2.71600674995771 23 21
0 13 0
0 13 0
0 13 0
6.84454519143894 25 66
0 13 0
0 13 0
12.0176772168565 40 112
2.09223003434689 22 36
0 13 0
0 13 0
12.1949275843053 38 76
0 13 0
18.967590966574 45 157
0 13 0
0 13 0
0 13 0
11.015158040044 35 60
2.71600674995771 23 21
0 13 0
13.2964627324287 40 117
6.84454519143894 25 66
0 13 0
7.10191548545201 32 83
11.015158040044 35 60
6.84454519143894 25 66
0 13 0
0 13 0
0 13 0
0 13 0
0 13 0
6.84454519143894 25 66
7.81703656806129 27 67
0 13 0
0 13 0
0 13 0
0 13 0
8.74334724842609 31 81
0 13 0
0 13 0
0 13 0
4.97083493230246 26 36
0 13 0
0 13 0
0 13 0
0 13 0
5.16153838878059 29 57
2.88576011810233 23 45
0 13 0
0 13 0
8.48372380728387 32 81
0 13 0
0 13 0
0 13 0
4.02425206439589 26 28
0 13 0
8.74334724842609 31 81
6.84454519143894 25 66
0 13 0
14.9834348330983 41 93
4.2062431277646 24 55
13.8944517402598 36 121
4.2062431277646 24 55
0 13 0
0 13 0
0 13 0
0 13 0
0 13 0
13.2964627324287 40 117
0.895677772560699 19 15
10.911967201399 37 91
14.3124302586377 41 126
16.1130964606723 37 53
0.212620392827671 15 1
0 13 0
0 13 0
0 13 0
6.84454519143894 25 66
8.22198957469921 33 91
0 13 0
0 13 0
0 13 0
10.1676504260084 36 66
0 13 0
0 13 0
0 13 0
6.84454519143894 25 66
0 13 0
1.73962139586276 18 4
0 13 0
0 13 0
0 13 0
0 13 0
9.92807021496503 31 73
0.895677772560699 19 15
8.01772126458187 28 69
0.490483244155445 17 6
2.09223003434689 22 36
0 13 0
0 13 0
0 13 0
2.88576011810233 23 45
0 13 0
0 13 0
0 13 0
3.28089146027572 22 16
13.8944517402598 36 121
0 13 0
7.07065454870705 30 64
0 13 0
2.09223003434689 22 36
8.2279726890394 29 72
0 13 0
0 13 0
0.340333489148062 16 3
0 13 0
0 13 0
13.8827952793653 41 119
0 13 0
8.46322029416661 30 76
4.2062431277646 24 55
6.84454519143894 25 66
0 13 0
10.911967201399 37 91
0 13 0
0 13 0
0 13 0
2.71600674995771 23 21
4.2062431277646 24 55
2.88576011810233 23 45
0 13 0
17.9462383475703 44 147
4.2062431277646 24 55
0 13 0
0 13 0
6.84454519143894 25 66
0.212620392827671 15 1
0 13 0
0 13 0
6.84454519143894 25 66
0 13 0
21.9241610940239 51 140
6.84454519143894 25 66
1.56199181093348 21 28
0 13 0
0 13 0
0 13 0
2.88576011810233 23 45
0 13 0
0 13 0
22.0348211120401 49 151
0 13 0
0 13 0
0.671510197576206 18 10
0 13 0
0 13 0
0 13 0
0 13 0
0 13 0
2.6275888079756 24 27
0 13 0
0 13 0
10.2982788495781 34 102
0 13 0
0 13 0
1.18200126231826 20 21
0 13 0
0 13 0
13.8944517402598 36 121
0 13 0
1.18200126231826 20 21
0 13 0
2.09223003434689 22 36
4.73533792576498 29 60
0 13 0
10.7881997007324 33 45
0 13 0
0 13 0
6.84454519143894 25 66
0.490483244155445 17 6
6.84454519143894 25 66
2.88576011810233 23 45
0 13 0
0 13 0
0 13 0
0 13 0
6.84454519143894 25 66
2.88576011810233 23 45
16.0809383382274 42 130
4.2062431277646 24 55
0 13 0
0 13 0
17.0085360059293 42 108
0 13 0
6.84454519143894 25 66
0 13 0
0 13 0
11.4910345839888 35 111
12.0004839020809 37 105
9.76673221662899 34 55
14.2236770788289 41 123
0 13 0
0 13 0
2.71600674995771 23 21
1.18200126231826 20 21
0 13 0
0 13 0
0 13 0
6.84454519143894 25 66
6.84454519143894 25 66
1.18200126231826 20 21
0 13 0
3.41271061541641 25 31
0 13 0
0 13 0
4.2062431277646 24 55
2.88576011810233 23 45
0 13 0
0 13 0
0 13 0
0 13 0
0 13 0
4.09617545060767 24 25
7.07065454870705 30 64
8.48372380728387 32 81
4.73533792576498 29 60
2.88576011810233 23 45
0 13 0
0 13 0
0 13 0
6.84454519143894 25 66
1.18200126231826 20 21
2.6275888079756 24 27
10.4696819649851 34 100
0 13 0
15.8965040627324 39 124
0 13 0
12.0176772168565 40 112
0.212620392827671 15 1
0 13 0
7.07065454870705 30 64
1.47999288076676 19 7
10.4696819649851 34 100
0 13 0
0 13 0
0.671510197576206 18 10
2.07981576701593 21 13
0.490483244155445 17 6
0 13 0
0 13 0
0 13 0
0.671510197576206 18 10
0 13 0
0 13 0
13.8944517402598 36 121
2.88576011810233 23 45
0 13 0
0 13 0
6.84454519143894 25 66
17.8954933805216 44 149
0 13 0
0 13 0
0 13 0
1.56199181093348 21 28
0 13 0
0 13 0
0 13 0
0 13 0
11.4910345839888 35 111
4.2062431277646 24 55
8.22198957469921 33 91
0 13 0
0 13 0
20.0768638382106 46 150
11.3486957893707 36 93
0 13 0
10.4696819649851 34 100
6.84454519143894 25 66
0 13 0
4.2062431277646 24 55
0 13 0
0 13 0
0 13 0
0 13 0
0 13 0
0 13 0
2.88576011810233 23 45
4.09617545060767 24 25
0 13 0
4.2062431277646 24 55
0 13 0
0 13 0
3.99540066823907 27 51
0 13 0
2.88576011810233 23 45
0 13 0
0.490483244155445 17 6
0.212620392827671 15 1
0 13 0
6.84454519143894 25 66
0 13 0
0 13 0
8.01772126458187 28 69
1.18200126231826 20 21
1.56199181093348 21 28
0 13 0
2.88576011810233 23 45
8.48372380728387 32 81
0 13 0
0 13 0
0 13 0
0 13 0
0 13 0
0 13 0
0 13 0
0.212620392827671 15 1
0.490483244155445 17 6
0.671510197576206 18 10
0 13 0
10.2982788495781 34 102
1.56199181093348 21 28
6.84454519143894 25 66
0 13 0
0 13 0
0 13 0
0 13 0
13.8944517402598 36 121
6.84454519143894 25 66
8.01772126458187 28 69
4.16595500234726 27 35
0 13 0
8.46322029416661 30 76
0 13 0
0 13 0
2.16873436035028 23 29
0 13 0
0 13 0
0 13 0
3.28089146027572 22 16
11.4910345839888 35 111
3.74686335913598 26 48
6.84454519143894 25 66
16.0809383382274 42 130
0 13 0
0.671510197576206 18 10
0 13 0
5.88411223635351 30 46
2.09223003434689 22 36
10.4696819649851 34 100
13.6433334434307 38 102
0 13 0
2.88576011810233 23 45
0 13 0
13.8827952793653 41 119
1.56199181093348 21 28
0 13 0
0 13 0
0 13 0
0 13 0
8.22198957469921 33 91
0 13 0
7.07065454870705 30 64
0 13 0
4.2062431277646 24 55
0 13 0
6.84454519143894 25 66
6.84454519143894 25 66
0 13 0
2.09223003434689 22 36
0 13 0
0 13 0
5.63590379216445 29 65
0 13 0
0 13 0
0 13 0
0 13 0
0 13 0
0 13 0
13.8944517402598 36 121
0 13 0
4.2062431277646 24 55
13.8944517402598 36 121
8.46322029416661 30 76
10.4696819649851 34 100
0 13 0
2.88576011810233 23 45
9.09871698106136 32 87
0 13 0
0 13 0
0 13 0
0 13 0
0 13 0
0 13 0
0 13 0
0 13 0
0 13 0
2.88576011810233 23 45
8.74334724842609 31 81
0 13 0
6.84454519143894 25 66
10.2982788495781 34 102
0 13 0
0 13 0
0 13 0
0 13 0
0 13 0
2.50134549977041 20 9
0 13 0
2.01697969793006 22 18
0 13 0
6.84454519143894 25 66
3.33563531450318 26 38
0 13 0
0 13 0
4.2062431277646 24 55
0 13 0
0 13 0
0 13 0
2.09223003434689 22 36
1.56199181093348 21 28
0.895677772560699 19 15
0 13 0
0 13 0
0.490483244155445 17 6
0 13 0
6.84454519143894 25 66
2.88576011810233 23 45
0 13 0
10.4593871744216 33 65
10.2982788495781 34 102
0.895677772560699 19 15
0 13 0
6.84454519143894 25 66
0 13 0
0 13 0
6.84454519143894 25 66
0 13 0
0 13 0
1.56199181093348 21 28
0 13 0
13.8944517402598 36 121
8.22198957469921 33 91
0 13 0
0 13 0
6.84454519143894 25 66
0 13 0
6.84454519143894 25 66
0 13 0
4.2062431277646 24 55
5.94124667647391 28 49
0 13 0
0.212620392827671 15 1
0 13 0
0 13 0
0 13 0
1.81336462771501 22 22
11.0860814200243 39 106
4.2062431277646 24 55
0 13 0
1.81336462771501 22 22
6.84454519143894 25 66
0 13 0
4.2062431277646 24 55
0 13 0
0 13 0
0 13 0
0 13 0
0 13 0
0.340333489148062 16 3
6.84454519143894 25 66
0 13 0
13.8944517402598 36 121
0 13 0
0 13 0
0 13 0
6.35630347213716 31 58
0 13 0
8.22198957469921 33 91
9.00249143034422 36 89
0 13 0
0 13 0
0 13 0
0 13 0
4.2062431277646 24 55
0 13 0
0 13 0
0 13 0
0 13 0
6.84454519143894 25 66
6.84454519143894 25 66
0 13 0
0 13 0
13.8944517402598 36 121
0 13 0
0 13 0
0 13 0
0 13 0
0 13 0
0 13 0
4.2062431277646 24 55
0 13 0
0 13 0
0 13 0
12.7265222436932 39 112
4.2062431277646 24 55
6.84454519143894 25 66
6.84454519143894 25 66
0 13 0
11.4910345839888 35 111
4.2062431277646 24 55
4.2062431277646 24 55
0 13 0
2.16873436035028 23 29
5.97118515040466 30 70
6.84454519143894 25 66
0 13 0
6.84454519143894 25 66
0 13 0
0 13 0
8.48372380728387 32 81
0 13 0
8.30346437831657 35 79
0 13 0
6.84454519143894 25 66
2.09223003434689 22 36
0 13 0
6.84454519143894 25 66
0 13 0
2.88576011810233 23 45
0 13 0
0 13 0
0 13 0
0 13 0
0 13 0
6.84454519143894 25 66
14.9227041308565 42 132
5.16153838878059 29 57
21.758258067472 50 160
6.84454519143894 25 66
0 13 0
0 13 0
0 13 0
6.84454519143894 25 66
16.9248857285667 43 136
0 13 0
0 13 0
6.84454519143894 25 66
3.33563531450318 26 38
0.340333489148062 16 3
0 13 0
0 13 0
2.01697969793006 22 18
13.8944517402598 36 121
7.43152003219779 28 31
23.0859662029857 45 131
2.07981576701593 21 13
0 13 0
6.84454519143894 25 66
1.18200126231826 20 21
0 13 0
4.2062431277646 24 55
0 13 0
6.84454519143894 25 66
0 13 0
13.8944517402598 36 121
0 13 0
0 13 0
4.97083493230246 26 36
0 13 0
0 13 0
6.84454519143894 25 66
4.2062431277646 24 55
0 13 0
0 13 0
2.88576011810233 23 45
4.2062431277646 24 55
0 13 0
0 13 0
4.09617545060767 24 25
6.84454519143894 25 66
31.3836336639075 59 196
4.20665582034758 27 43
0 13 0
0 13 0
0.671510197576206 18 10
4.2062431277646 24 55
0 13 0
0 13 0
4.2062431277646 24 55
13.8944517402598 36 121
6.84454519143894 25 66
5.36321252850254 30 66
4.73533792576498 29 60
0 13 0
6.84454519143894 25 66
6.84454519143894 25 66
0 13 0
6.84454519143894 25 66
6.84454519143894 25 66
0 13 0
8.48372380728387 32 81
0 13 0
0 13 0
8.48372380728387 32 81
0 13 0
0 13 0
0 13 0
4.2062431277646 24 55
6.42733530538347 31 76
6.84454519143894 25 66
4.2062431277646 24 55
0 13 0
0 13 0
3.28089146027572 22 16
0 13 0
13.2964627324287 40 117
0 13 0
11.4910345839888 35 111
8.48372380728387 32 81
0 13 0
2.14691369881353 23 24
0 13 0
8.91166859315902 31 46
0 13 0
21.1417277795121 46 166
13.8944517402598 36 121
0 13 0
10.2982788495781 34 102
0.671510197576206 18 10
0 13 0
0 13 0
0 13 0
0 13 0
0.671510197576206 18 10
13.8944517402598 36 121
6.40288843342437 31 73
0 13 0
0.490483244155445 17 6
0 13 0
5.15090267085757 27 58
0 13 0
0 13 0
6.84454519143894 25 66
0 13 0
0 13 0
0 13 0
0 13 0
0 13 0
6.84454519143894 25 66
18.967590966574 45 157
8.22198957469921 33 91
12.9785823879941 35 52
0.212620392827671 15 1
0 13 0
0.490483244155445 17 6
2.88576011810233 23 45
6.84454519143894 25 66
0.671510197576206 18 10
0 13 0
0 13 0
0 13 0
1.56199181093348 21 28
6.84454519143894 25 66
0 13 0
0 13 0
0 13 0
0 13 0
0 13 0
0.895677772560699 19 15
0 13 0
0 13 0
0 13 0
0 13 0
0 13 0
0 13 0
0 13 0
0 13 0
0.895677772560699 19 15
0 13 0
0 13 0
0 13 0
0 13 0
3.53664257852019 25 46
7.07065454870705 30 64
6.84454519143894 25 66
6.84454519143894 25 66
0 13 0
0 13 0
4.2062431277646 24 55
0 13 0
21.1417277795121 46 166
0 13 0
2.88576011810233 23 45
0 13 0
1.47999288076676 19 7
6.84454519143894 25 66
1.56199181093348 21 28
0 13 0
6.84454519143894 25 66
0 13 0
11.4910345839888 35 111
0 13 0
8.22198957469921 33 91
25.6639311966285 53 187
0 13 0
0 13 0
0 13 0
0 13 0
0 13 0
8.22198957469921 33 91
0 13 0
0 13 0
6.84454519143894 25 66
0.340333489148062 16 3
13.2964627324287 40 117
0 13 0
13.8944517402598 36 121
6.84454519143894 25 66
0 13 0
11.387769417531 38 94
0 13 0
2.88576011810233 23 45
0 13 0
0 13 0
6.84454519143894 25 66
0 13 0
0.212620392827671 15 1
17.8954933805216 44 149
0 13 0
0 13 0
2.88576011810233 23 45
0 13 0
0 13 0
0 13 0
0.895677772560699 19 15
0 13 0
0 13 0
0 13 0
13.8944517402598 36 121
36.7435149797077 63 208
6.84454519143894 25 66
11.387769417531 38 94
0 13 0
6.84454519143894 25 66
0 13 0
0 13 0
0 13 0
8.01772126458187 28 69
4.82909039631478 29 47
0 13 0
6.84454519143894 25 66
0 13 0
13.6433334434307 38 102
6.84454519143894 25 66
4.2062431277646 24 55
6.84454519143894 25 66
0 13 0
0 13 0
2.09223003434689 22 36
13.8944517402598 36 121
13.8944517402598 36 121
6.84454519143894 25 66
7.10191548545201 32 83
0 13 0
0 13 0
2.88576011810233 23 45
0 13 0
10.2982788495781 34 102
9.09871698106136 32 87
0 13 0
0 13 0
4.97083493230246 26 36
0 13 0
2.88576011810233 23 45
16.0630082287322 44 112
4.2062431277646 24 55
0 13 0
0 13 0
0 13 0
6.84454519143894 25 66
0 13 0
0 13 0
7.43152003219779 28 31
0 13 0
7.07065454870705 30 64
0 13 0
0 13 0
0 13 0
0 13 0
0 13 0
0 13 0
6.84454519143894 25 66
0 13 0
6.84454519143894 25 66
2.88576011810233 23 45
9.58216149501356 33 94
0 13 0
5.94124667647391 28 49
0 13 0
0 13 0
0 13 0
0 13 0
0.490483244155445 17 6
0 13 0
1.56199181093348 21 28
7.10191548545201 32 83
15.1755423915072 39 74
0 13 0
4.2062431277646 24 55
4.2062431277646 24 55
3.80240994760937 24 19
0 13 0
0 13 0
0 13 0
6.84454519143894 25 66
8.22198957469921 33 91
0 13 0
0 13 0
0 13 0
6.84454519143894 25 66
0 13 0
6.84454519143894 25 66
0 13 0
2.09223003434689 22 36
4.2062431277646 24 55
6.84454519143894 25 66
0 13 0
6.84454519143894 25 66
4.2062431277646 24 55
6.33864040968604 32 63
0 13 0
0 13 0
0 13 0
0 13 0
0 13 0
0 13 0
0 13 0
13.8944517402598 36 121
6.84454519143894 25 66
6.84454519143894 25 66
6.84454519143894 25 66
0 13 0
0 13 0
13.8866111189049 40 121
8.46322029416661 30 76
0 13 0
2.88576011810233 23 45
6.84454519143894 25 66
0 13 0
0 13 0
4.2062431277646 24 55
2.50134549977041 20 9
0 13 0
2.88576011810233 23 45
5.94124667647391 28 49
0 13 0
2.09223003434689 22 36
0 13 0
0 13 0
6.84454519143894 25 66
0 13 0
14.5999304790168 42 102
6.84454519143894 25 66
21.1417277795121 46 166
0 13 0
0 13 0
1.46633641798151 20 11
0 13 0
0 13 0
0 13 0
1.18200126231826 20 21
4.2062431277646 24 55
6.84454519143894 25 66
0 13 0
0 13 0
0 13 0
0 13 0
0 13 0
0 13 0
0 13 0
0 13 0
0 13 0
6.84454519143894 25 66
8.46322029416661 30 76
0 13 0
4.2062431277646 24 55
16.2999873234441 43 127
0 13 0
0 13 0
0 13 0
10.4696819649851 34 100
11.4910345839888 35 111
0 13 0
10.2982788495781 34 102
1.56199181093348 21 28
2.88576011810233 23 45
2.09223003434689 22 36
0 13 0
6.84454519143894 25 66
0 13 0
0 13 0
6.84454519143894 25 66
6.84454519143894 25 66
0 13 0
17.5392516060828 43 100
13.8944517402598 36 121
