"COLLES.MDM.LN" "SACKIN" "COPHENETIC"
0 13 0
0 13 0
0.212620392827671 15 1
1.46633641798151 20 11
0 13 0
0.212620392827671 15 1
8.01772126458187 28 69
1.18200126231826 20 21
0.463899038896737 17 2
0.340333489148062 16 3
0 13 0
0 13 0
0.212620392827671 15 1
5.81994524752049 27 14
0 13 0
0.212620392827671 15 1
0.212620392827671 15 1
0 13 0
1.73962139586276 18 4
1.07437956151474 20 11
0.340333489148062 16 3
0.212620392827671 15 1
0.212620392827671 15 1
0.212620392827671 15 1
0.340333489148062 16 3
0.490483244155445 17 6
3.15251342593391 27 26
0 13 0
3.53664257852019 25 46
0.671510197576206 18 10
0.340333489148062 16 3
0.490483244155445 17 6
2.70047267226913 23 8
0 13 0
1.18200126231826 20 21
1.25096523367732 21 8
2.04115577114564 20 5
0.8284752394985 19 7
2.88576011810233 23 45
6.84454519143894 25 66
0 13 0
1.46633641798151 20 11
0.212620392827671 15 1
0 13 0
0.340333489148062 16 3
0.212620392827671 15 1
0 13 0
2.09223003434689 22 36
0.490483244155445 17 6
0.212620392827671 15 1
0.340333489148062 16 3
1.18200126231826 20 21
9.79448404010848 36 94
0 13 0
0 13 0
0.490483244155445 17 6
1.18200126231826 20 21
0.212620392827671 15 1
0 13 0
2.7036097051481 24 37
1.18200126231826 20 21
0.340333489148062 16 3
0.463899038896737 17 2
0.212620392827671 15 1
2.09223003434689 22 36
3.74129257076939 27 40
1.81818176018571 22 18
0.765433414179615 19 3
0.340333489148062 16 3
0 13 0
0.340333489148062 16 3
0.340333489148062 16 3
2.88576011810233 23 45
0 13 0
0.212620392827671 15 1
5.62742969163441 28 37
0.463899038896737 17 2
0 13 0
0 13 0
0 13 0
0.490483244155445 17 6
0.463899038896737 17 2
3.53664257852019 25 46
0.212620392827671 15 1
3.00127862895914 25 21
1.56199181093348 21 28
0.629511309456073 18 4
0.212620392827671 15 1
0.463899038896737 17 2
0.463899038896737 17 2
0 13 0
0 13 0
0.340333489148062 16 3
0 13 0
1.25484768439868 21 7
0.463899038896737 17 2
0.212620392827671 15 1
0 13 0
1.47999288076676 19 7
0.490483244155445 17 6
0 13 0
0.212620392827671 15 1
0.340333489148062 16 3
0 13 0
2.04115577114564 20 5
8.2279726890394 29 72
0.765433414179615 19 3
0.629511309456073 18 4
0.340333489148062 16 3
0.463899038896737 17 2
2.88576011810233 23 45
0.340333489148062 16 3
3.70775019021341 25 15
0.490483244155445 17 6
0.212620392827671 15 1
2.25867322457633 21 7
4.62102548565907 27 47
0 13 0
4.32903964533796 30 34
1.07437956151474 20 11
0.212620392827671 15 1
0 13 0
10.1726739629761 33 82
0.895677772560699 19 15
2.50134549977041 20 9
1.56199181093348 21 28
7.81703656806129 27 67
0.895677772560699 19 15
1.18200126231826 20 21
4.2062431277646 24 55
4.08066561964837 26 28
0.629511309456073 18 4
0.340333489148062 16 3
0.671510197576206 18 10
1.83343243892099 22 12
0.629511309456073 18 4
0.212620392827671 15 1
0.212620392827671 15 1
4.00589240561884 28 34
0 13 0
0 13 0
0 13 0
0.212620392827671 15 1
9.31373697646038 35 92
0.629511309456073 18 4
4.61415034710007 26 26
8.01772126458187 28 69
5.98443915455194 31 41
0.212620392827671 15 1
0 13 0
6.30861111468857 30 62
0.212620392827671 15 1
0.671510197576206 18 10
0.490483244155445 17 6
1.39818002268779 21 13
2.16873436035028 23 29
1.07437956151474 20 11
0.212620392827671 15 1
3.28639304322877 26 28
1.46633641798151 20 11
6.84454519143894 25 66
0.212620392827671 15 1
8.01772126458187 28 69
0 13 0
0 13 0
0.831926306806373 19 6
0.671510197576206 18 10
0.340333489148062 16 3
0.895677772560699 19 15
0.212620392827671 15 1
0.212620392827671 15 1
0.463899038896737 17 2
0.490483244155445 17 6
0.212620392827671 15 1
2.09223003434689 22 36
0 13 0
0 13 0
0.212620392827671 15 1
7.81703656806129 27 67
0.212620392827671 15 1
0.212620392827671 15 1
1.18200126231826 20 21
0 13 0
0.490483244155445 17 6
0 13 0
2.6275888079756 24 27
0 13 0
4.30951878603217 28 55
0 13 0
0 13 0
2.07981576701593 21 13
1.18200126231826 20 21
1.73962139586276 18 4
0.671510197576206 18 10
3.54258862631995 25 22
0.671510197576206 18 10
1.83343243892099 21 8
2.7036097051481 24 37
0.212620392827671 15 1
0.463899038896737 17 2
0 13 0
0.212620392827671 15 1
0.895677772560699 19 15
0 13 0
0.340333489148062 16 3
0.831926306806373 19 6
0.629511309456073 18 4
0 13 0
0.212620392827671 15 1
3.9540751680982 26 23
0.212620392827671 15 1
2.50134549977041 20 9
4.95330620017367 26 56
0.340333489148062 16 3
0.340333489148062 16 3
0.212620392827671 15 1
0 13 0
0.340333489148062 16 3
0 13 0
0.490483244155445 17 6
0 13 0
0.463899038896737 17 2
2.10264340079355 23 17
0.671510197576206 18 10
1.58466850430115 21 16
0 13 0
0.463899038896737 17 2
1.07437956151474 20 11
0.463899038896737 17 2
0.490483244155445 17 6
0.212620392827671 15 1
1.46633641798151 20 11
0.490483244155445 17 6
0.340333489148062 16 3
0 13 0
2.88576011810233 23 45
0 13 0
1.08106260277289 20 9
0.629511309456073 18 4
0 13 0
1.73962139586276 18 4
1.46633641798151 20 11
2.07981576701593 21 13
1.58466850430115 21 16
0.340333489148062 16 3
2.01697969793006 22 18
0.212620392827671 15 1
0.212620392827671 15 1
0.212620392827671 15 1
2.38467911590659 23 29
0.212620392827671 15 1
4.97083493230246 26 36
0.490483244155445 17 6
7.98313635355544 34 79
3.29658450561744 24 11
2.7036097051481 24 37
0 13 0
2.04115577114564 20 5
0 13 0
0.671510197576206 18 10
0.629511309456073 18 4
2.14691369881353 23 24
0.340333489148062 16 3
0 13 0
0.982950867610309 20 5
0 13 0
0.490483244155445 17 6
0.340333489148062 16 3
0 13 0
1.18200126231826 20 21
2.88576011810233 23 45
0.212620392827671 15 1
0.629511309456073 18 4
0.340333489148062 16 3
0.340333489148062 16 3
0.212620392827671 15 1
0 13 0
2.88576011810233 23 45
0.212620392827671 15 1
0.8284752394985 19 7
4.34561136869642 26 20
0.490483244155445 17 6
0.463899038896737 17 2
2.50134549977041 20 9
0.765433414179615 19 3
0.212620392827671 15 1
1.73962139586276 18 4
0 13 0
0.212620392827671 15 1
1.88882641216033 22 12
0 13 0
0 13 0
3.88865470054598 25 25
0 13 0
0.212620392827671 15 1
0.340333489148062 16 3
3.53664257852019 25 46
4.95330620017367 26 56
0.212620392827671 15 1
0.895677772560699 19 15
0.212620392827671 15 1
0.340333489148062 16 3
0 13 0
0.340333489148062 16 3
0.765433414179615 19 3
0.212620392827671 15 1
1.56199181093348 21 28
0.895677772560699 19 15
2.5359093146022 24 19
0.629511309456073 18 4
0 13 0
0.212620392827671 15 1
4.95330620017367 26 56
2.23785339792804 23 14
0 13 0
0.671510197576206 18 10
0.340333489148062 16 3
0 13 0
0.212620392827671 15 1
0.765433414179615 19 3
0.463899038896737 17 2
1.07437956151474 20 11
0 13 0
2.04115577114564 20 5
0.340333489148062 16 3
0 13 0
4.9642921811574 32 53
1.59999221944503 22 10
0.212620392827671 15 1
0.490483244155445 17 6
0.629511309456073 18 4
2.10264340079355 23 17
0 13 0
2.52668759064334 22 10
0.8284752394985 19 7
0.212620392827671 15 1
1.88882641216033 22 12
8.01772126458187 28 69
0 13 0
0.340333489148062 16 3
0 13 0
0 13 0
0.463899038896737 17 2
0.212620392827671 15 1
4.95330620017367 26 56
1.56199181093348 21 28
4.2062431277646 24 55
0 13 0
0 13 0
3.92828500243877 25 19
0.895677772560699 19 15
2.88576011810233 23 45
2.05645081212443 23 14
0.212620392827671 15 1
0 13 0
2.88576011810233 23 45
0 13 0
0.212620392827671 15 1
0.340333489148062 16 3
0.212620392827671 15 1
0.671510197576206 18 10
0 13 0
0.340333489148062 16 3
0.629511309456073 18 4
2.43202783324738 24 13
2.71600674995771 23 21
0 13 0
2.27523188661379 23 9
0.490483244155445 17 6
0.340333489148062 16 3
0.340333489148062 16 3
1.07437956151474 20 11
2.71600674995771 23 21
0.490483244155445 17 6
0.463899038896737 17 2
3.28089146027572 22 16
0.895677772560699 19 15
2.04471860139162 23 17
1.73962139586276 18 4
0.212620392827671 15 1
0.212620392827671 15 1
2.77815886509001 26 42
0 13 0
0.463899038896737 17 2
1.46633641798151 20 11
0.212620392827671 15 1
0.212620392827671 15 1
1.56199181093348 21 28
0.490483244155445 17 6
3.33563531450318 26 38
0.671510197576206 18 10
1.80424225835998 22 22
1.81336462771501 22 22
0.765433414179615 19 3
0 13 0
0.340333489148062 16 3
1.08106260277289 20 9
0.463899038896737 17 2
0.212620392827671 15 1
14.7366177923188 40 115
0 13 0
0 13 0
2.7036097051481 24 37
0.463899038896737 17 2
0.212620392827671 15 1
0 13 0
1.18200126231826 20 21
2.50273714460824 23 14
0.340333489148062 16 3
0 13 0
0.463899038896737 17 2
0.490483244155445 17 6
0 13 0
0 13 0
0 13 0
0 13 0
0 13 0
2.07981576701593 21 13
0 13 0
1.73962139586276 18 4
0 13 0
0.8284752394985 19 7
0.212620392827671 15 1
0 13 0
0.982950867610309 20 5
0.490483244155445 17 6
0.340333489148062 16 3
0 13 0
1.56199181093348 21 28
0 13 0
0.463899038896737 17 2
0.212620392827671 15 1
1.80424225835998 22 22
2.90693238343511 24 17
1.88882641216033 22 12
0.212620392827671 15 1
0.629511309456073 18 4
0.895677772560699 19 15
0.340333489148062 16 3
0 13 0
4.84658015106622 29 36
0.490483244155445 17 6
0.671510197576206 18 10
0.490483244155445 17 6
0 13 0
0.212620392827671 15 1
3.00127862895914 25 21
1.25096523367732 21 8
1.40138069758699 21 12
2.90693238343511 24 17
0 13 0
0.212620392827671 15 1
0.765433414179615 19 3
2.8952001727023 25 30
0 13 0
0 13 0
0.340333489148062 16 3
1.83343243892099 22 12
0.463899038896737 17 2
0 13 0
4.91795710962248 28 49
1.18200126231826 20 21
0 13 0
4.2062431277646 24 55
2.42765909748852 25 22
1.47999288076676 19 7
2.10264340079355 23 17
0.463899038896737 17 2
0.831926306806373 19 6
1.81336462771501 22 22
1.58466850430115 21 16
1.58466850430115 21 16
0.671510197576206 18 10
6.84454519143894 25 66
0.212620392827671 15 1
0.629511309456073 18 4
0 13 0
2.16873436035028 23 29
0.831926306806373 19 6
0 13 0
0.463899038896737 17 2
0 13 0
1.73962139586276 18 4
0.895677772560699 19 15
0.212620392827671 15 1
0.982950867610309 20 5
0 13 0
3.74686335913598 26 48
0 13 0
0.212620392827671 15 1
0.212620392827671 15 1
0.8284752394985 19 7
0 13 0
0.212620392827671 15 1
0 13 0
2.04115577114564 20 5
0 13 0
0.671510197576206 18 10
0 13 0
0 13 0
0.463899038896737 17 2
1.47999288076676 19 7
0.982950867610309 20 5
0.212620392827671 15 1
0 13 0
0.212620392827671 15 1
1.56199181093348 21 28
0.340333489148062 16 3
8.83325389292313 29 68
2.10264340079355 23 17
0.895677772560699 19 15
0 13 0
0.212620392827671 15 1
0 13 0
0.671510197576206 18 10
1.56199181093348 21 28
0 13 0
0 13 0
3.53664257852019 25 46
3.9596363671977 23 14
1.18200126231826 20 21
0.212620392827671 15 1
0.340333489148062 16 3
1.58466850430115 21 16
3.82821215823076 28 43
0 13 0
2.16873436035028 23 29
0.212620392827671 15 1
3.41271061541641 25 31
2.46995938704696 24 23
3.29471031944557 24 27
0.340333489148062 16 3
1.46633641798151 20 11
2.07981576701593 21 13
0.212620392827671 15 1
0.671510197576206 18 10
8.83325389292313 29 68
0.212620392827671 15 1
0 13 0
4.02425206439589 26 28
6.84454519143894 25 66
0.212620392827671 15 1
1.56199181093348 21 28
0 13 0
0 13 0
4.2062431277646 24 55
7.81703656806129 27 67
0 13 0
0 13 0
0.212620392827671 15 1
0 13 0
0.212620392827671 15 1
2.93834521203255 25 39
2.04115577114564 20 5
0.490483244155445 17 6
0.340333489148062 16 3
0 13 0
0.212620392827671 15 1
2.04115577114564 20 5
0.8284752394985 19 7
0 13 0
0.629511309456073 18 4
0 13 0
1.18200126231826 20 21
1.4247503153031 22 6
0.340333489148062 16 3
0 13 0
1.73962139586276 18 4
6.11200968032728 30 35
0.212620392827671 15 1
0.765433414179615 19 3
0 13 0
2.7036097051481 24 37
0.212620392827671 15 1
0.463899038896737 17 2
0.463899038896737 17 2
0.212620392827671 15 1
0.629511309456073 18 4
0 13 0
1.73962139586276 18 4
0 13 0
0.212620392827671 15 1
0.340333489148062 16 3
0.340333489148062 16 3
1.38812384205966 21 16
0 13 0
1.82473736995672 22 16
1.58466850430115 21 16
0 13 0
0.212620392827671 15 1
0 13 0
4.25657125184927 27 47
0.463899038896737 17 2
0.463899038896737 17 2
2.6275888079756 24 27
1.56199181093348 21 28
0 13 0
1.88882641216033 22 12
1.56199181093348 21 28
0.340333489148062 16 3
0 13 0
0.463899038896737 17 2
0.340333489148062 16 3
0 13 0
0.340333489148062 16 3
0 13 0
0.212620392827671 15 1
2.63656848593414 26 38
0 13 0
0.212620392827671 15 1
3.49956688392443 25 14
0 13 0
0 13 0
0.212620392827671 15 1
1.08106260277289 20 9
0.671510197576206 18 10
0.765433414179615 19 3
2.88576011810233 23 45
0.212620392827671 15 1
1.83343243892099 21 8
0.629511309456073 18 4
1.18200126231826 20 21
4.2062431277646 24 55
0.490483244155445 17 6
0.340333489148062 16 3
0.212620392827671 15 1
0.831926306806373 19 6
3.23152299800042 26 42
8.01772126458187 28 69
2.80570385826761 25 34
0 13 0
0.212620392827671 15 1
1.81336462771501 22 22
0.629511309456073 18 4
0 13 0
0.490483244155445 17 6
8.03174704240773 34 61
1.56199181093348 21 28
0 13 0
0 13 0
0.212620392827671 15 1
0.212620392827671 15 1
0 13 0
2.14691369881353 23 24
0 13 0
1.4247503153031 22 6
1.58466850430115 21 16
0 13 0
0.463899038896737 17 2
0.463899038896737 17 2
0 13 0
0.895677772560699 19 15
0.463899038896737 17 2
2.88576011810233 23 45
1.73962139586276 18 4
2.56673975491084 24 19
1.18200126231826 20 21
0.8284752394985 19 7
0.629511309456073 18 4
4.09617545060767 24 25
0 13 0
0.490483244155445 17 6
4.73533792576498 29 60
0 13 0
2.09223003434689 22 36
5.15090267085757 27 58
2.50134549977041 20 9
2.46995938704696 24 23
2.41405092440801 23 21
2.05645081212443 23 14
0.765433414179615 19 3
0.212620392827671 15 1
2.07981576701593 21 13
1.73962139586276 18 4
2.52668759064334 23 17
0 13 0
0.671510197576206 18 10
0.340333489148062 16 3
0 13 0
0 13 0
2.79222148258608 27 20
0.671510197576206 18 10
0.212620392827671 15 1
0.340333489148062 16 3
2.10532925570936 22 10
0 13 0
2.7036097051481 24 37
1.46633641798151 20 11
0 13 0
0.490483244155445 17 6
0 13 0
0.895677772560699 19 15
0.629511309456073 18 4
2.71600674995771 23 21
1.58466850430115 21 16
0.340333489148062 16 3
1.83343243892099 21 8
0.212620392827671 15 1
0.340333489148062 16 3
1.25096523367732 21 8
0.490483244155445 17 6
0.490483244155445 17 6
2.45047379075571 23 13
3.53664257852019 25 46
1.73962139586276 18 4
0 13 0
1.25484768439868 21 7
0.629511309456073 18 4
0.340333489148062 16 3
2.93834521203255 25 39
1.73962139586276 18 4
0.463899038896737 17 2
0.340333489148062 16 3
2.38467911590659 23 29
1.45155028331254 26 20
2.61293234357996 24 23
0 13 0
0.831926306806373 19 6
0.629511309456073 18 4
1.73962139586276 18 4
0.463899038896737 17 2
0 13 0
0.629511309456073 18 4
0.671510197576206 18 10
0 13 0
0.765433414179615 19 3
0 13 0
2.01697969793006 22 18
0.212620392827671 15 1
3.74686335913598 26 48
0 13 0
3.07432609826909 24 10
0.765433414179615 19 3
0.490483244155445 17 6
4.02425206439589 26 28
4.2062431277646 24 55
2.39471557465138 26 17
0.490483244155445 17 6
0 13 0
2.04115577114564 20 5
0.212620392827671 15 1
6.3512844074429 30 50
0 13 0
0.212620392827671 15 1
8.83325389292313 29 68
0.340333489148062 16 3
2.8952001727023 25 30
1.73962139586276 18 4
0.463899038896737 17 2
2.7036097051481 24 37
0.212620392827671 15 1
0.212620392827671 15 1
5.97118515040466 30 70
0.629511309456073 18 4
0.463899038896737 17 2
2.43202783324738 24 13
0.212620392827671 15 1
0.463899038896737 17 2
0.463899038896737 17 2
0 13 0
1.07437956151474 20 11
0.340333489148062 16 3
0.463899038896737 17 2
4.61162964677221 29 32
0.212620392827671 15 1
0 13 0
0.212620392827671 15 1
2.46995938704696 24 23
0.212620392827671 15 1
0 13 0
0 13 0
0 13 0
1.58466850430115 21 16
3.33783496521748 25 21
0 13 0
0.765433414179615 19 3
4.83983162965511 28 49
0.212620392827671 15 1
4.29339578241916 27 40
4.16595500234726 27 35
0.671510197576206 18 10
1.07437956151474 20 11
0.765433414179615 19 3
0.212620392827671 15 1
0 13 0
1.25484768439868 25 21
0.982950867610309 20 5
0 13 0
0 13 0
1.83343243892099 21 8
1.46633641798151 20 11
0 13 0
0 13 0
0.340333489148062 16 3
1.81336462771501 22 22
0 13 0
0.629511309456073 18 4
1.18200126231826 20 21
0.671510197576206 18 10
0.212620392827671 15 1
0.463899038896737 17 2
3.74686335913598 26 48
0 13 0
4.34561136869642 26 20
8.01178481123769 34 79
0 13 0
2.07981576701593 21 13
1.08106260277289 20 9
4.2062431277646 24 55
4.2062431277646 24 55
0.463899038896737 17 2
6.42733530538347 31 76
0.212620392827671 15 1
0.212620392827671 15 1
4.59260048507769 22 10
0.831926306806373 19 6
0 13 0
0 13 0
0 13 0
0 13 0
0.629511309456073 18 4
1.56199181093348 21 28
0.629511309456073 18 4
0.212620392827671 15 1
1.73962139586276 18 4
0.629511309456073 18 4
0.212620392827671 15 1
0.629511309456073 18 4
1.82473736995672 22 16
0.629511309456073 18 4
5.03364233468087 26 56
0 13 0
2.16873436035028 23 29
5.18730762135092 28 37
0 13 0
5.35902185255036 30 52
5.75500091407331 28 57
0.8284752394985 19 7
2.10532925570936 22 10
0.8284752394985 19 7
0 13 0
0.212620392827671 15 1
4.95330620017367 26 56
0 13 0
0 13 0
1.56199181093348 21 28
0.463899038896737 17 2
1.56199181093348 21 28
0 13 0
1.81336462771501 22 22
0 13 0
0 13 0
0 13 0
1.88882641216033 22 12
0.212620392827671 15 1
0.340333489148062 16 3
1.46633641798151 20 11
2.88576011810233 23 45
0 13 0
0 13 0
0.895677772560699 19 15
1.58466850430115 21 16
1.07437956151474 20 11
1.73962139586276 18 4
0.490483244155445 17 6
0 13 0
0.463899038896737 17 2
0.212620392827671 15 1
1.08106260277289 20 9
6.84454519143894 25 66
4.96114249931232 24 11
2.09223003434689 22 36
0.629511309456073 18 4
0.629511309456073 18 4
7.0907948421757 30 38
0.490483244155445 17 6
0.463899038896737 17 2
0.340333489148062 16 3
3.30225348966786 24 25
1.56199181093348 21 28
2.09223003434689 22 36
1.73962139586276 18 4
0 13 0
0.212620392827671 15 1
2.23785339792804 23 14
0.629511309456073 18 4
3.53664257852019 25 46
0.340333489148062 16 3
8.83325389292313 29 68
0.463899038896737 17 2
1.08106260277289 20 9
0.212620392827671 15 1
0 13 0
0.212620392827671 15 1
0.212620392827671 15 1
0 13 0
0.212620392827671 15 1
2.88576011810233 23 45
0 13 0
2.80570385826761 25 34
0.212620392827671 15 1
0.463899038896737 17 2
2.71600674995771 23 21
5.61852261601948 30 40
0.212620392827671 15 1
6.68599230622082 31 66
0 13 0
2.38467911590659 23 29
0.463899038896737 17 2
0.463899038896737 17 2
0.212620392827671 15 1
0.463899038896737 17 2
0.463899038896737 17 2
0 13 0
0 13 0
0.212620392827671 15 1
0 13 0
0.340333489148062 16 3
2.8952001727023 25 30
3.67043793161741 25 13
1.47999288076676 19 7
0.340333489148062 16 3
1.58466850430115 21 16
0.212620392827671 15 1
0.831926306806373 19 6
0.212620392827671 15 1
0.340333489148062 16 3
0 13 0
0.212620392827671 15 1
1.73962139586276 18 4
3.28089146027572 22 16
0.629511309456073 18 4
0 13 0
0.212620392827671 15 1
0.212620392827671 15 1
0 13 0
0.490483244155445 17 6
0.463899038896737 17 2
0 13 0
4.83983162965511 28 49
0.212620392827671 15 1
2.09223003434689 22 36
0.629511309456073 18 4
0.629511309456073 18 4
10.2982788495781 34 102
0.463899038896737 17 2
0.212620392827671 15 1
0.831926306806373 19 6
0 13 0
0 13 0
0 13 0
0.340333489148062 16 3
0.340333489148062 16 3
0 13 0
2.8952001727023 25 30
0.490483244155445 17 6
0.212620392827671 15 1
1.18200126231826 20 21
2.16873436035028 23 29
0.212620392827671 15 1
0.463899038896737 17 2
0.212620392827671 15 1
0.340333489148062 16 3
0.212620392827671 15 1
0 13 0
0 13 0
0 13 0
2.09223003434689 22 36
0 13 0
0.463899038896737 17 2
5.42182001710561 26 12
0.490483244155445 17 6
0 13 0
0.463899038896737 17 2
0.212620392827671 15 1
3.93764066260776 26 38
0.212620392827671 15 1
0.463899038896737 17 2
0 13 0
0 13 0
0.629511309456073 18 4
0 13 0
0 13 0
1.46633641798151 20 11
0 13 0
4.21087173128094 28 39
0.340333489148062 16 3
0 13 0
0.340333489148062 16 3
0 13 0
0 13 0
0.212620392827671 15 1
0.212620392827671 15 1
0.340333489148062 16 3
0 13 0
1.47999288076676 19 7
0.463899038896737 17 2
4.32221555847865 26 17
5.08957683865559 28 33
0.490483244155445 17 6
0.212620392827671 15 1
0.463899038896737 17 2
0.212620392827671 15 1
0 13 0
3.23152299800042 26 42
0.463899038896737 17 2
0.629511309456073 18 4
0 13 0
1.07437956151474 20 11
0.212620392827671 15 1
0.490483244155445 17 6
3.32044095835764 24 19
2.06536153380197 23 12
0 13 0
0.463899038896737 17 2
0.212620392827671 15 1
0 13 0
1.58466850430115 21 16
0.629511309456073 18 4
0.490483244155445 17 6
2.8952001727023 25 30
0 13 0
0.629511309456073 18 4
2.14691369881353 23 24
0 13 0
1.46633641798151 20 11
0 13 0
0 13 0
0 13 0
6.01085425577058 32 45
5.25706073750319 32 45
0.212620392827671 15 1
0.629511309456073 18 4
0.490483244155445 17 6
2.18181811222285 24 19
0.212620392827671 15 1
0 13 0
0.895677772560699 19 15
0 13 0
0.212620392827671 15 1
3.03987175480868 25 30
0.212620392827671 15 1
0 13 0
0.463899038896737 17 2
0.212620392827671 15 1
4.62102548565907 27 47
0.895677772560699 19 15
0 13 0
0 13 0
5.15090267085757 27 58
1.12316308813481 29 39
0.212620392827671 15 1
1.18200126231826 20 21
0 13 0
6.85972536151799 30 62
0 13 0
1.47999288076676 19 7
0.895677772560699 19 15
0.212620392827671 15 1
0 13 0
0 13 0
0.340333489148062 16 3
0.671510197576206 18 10
0 13 0
2.7036097051481 24 37
0.212620392827671 15 1
0.212620392827671 15 1
0.831926306806373 19 6
0.212620392827671 15 1
0.212620392827671 15 1
2.8952001727023 25 30
0.831926306806373 19 6
0.340333489148062 16 3
0.895677772560699 19 15
1.47999288076676 19 7
0 13 0
0.340333489148062 16 3
4.33880043143282 27 23
0 13 0
0 13 0
0 13 0
0.340333489148062 16 3
3.25314872141663 24 37
0.212620392827671 15 1
0.212620392827671 15 1
2.04115577114564 20 5
1.47999288076676 19 7
0.212620392827671 15 1
0.340333489148062 16 3
0.340333489148062 16 3
0.463899038896737 17 2
2.61293234357996 24 23
0 13 0
1.18200126231826 20 21
1.47999288076676 19 7
0 13 0
0.340333489148062 16 3
0.212620392827671 15 1
0.671510197576206 18 10
0 13 0
0.765433414179615 19 3
0 13 0
0 13 0
6.84454519143894 25 66
0.463899038896737 17 2
0.212620392827671 15 1
0.212620392827671 15 1
0.490483244155445 17 6
0 13 0
0.629511309456073 18 4
0.340333489148062 16 3
1.18200126231826 20 21
0.212620392827671 15 1
0.340333489148062 16 3
1.46633641798151 20 11
1.83343243892099 21 8
1.58466850430115 21 16
0.463899038896737 17 2
0.671510197576206 18 10
0.212620392827671 15 1
1.83343243892099 21 8
0 13 0
0 13 0
0.831926306806373 19 6
1.73962139586276 18 4
0 13 0
0.340333489148062 16 3
2.09223003434689 22 36
0.340333489148062 16 3
0 13 0
0.463899038896737 17 2
0.490483244155445 17 6
0.340333489148062 16 3
0 13 0
1.47999288076676 19 7
4.73533792576498 29 60
6.79111833535443 28 25
0 13 0
0 13 0
0.671510197576206 18 10
0 13 0
0.982950867610309 20 5
0.671510197576206 18 10
0 13 0
4.680086213765 27 40
0.671510197576206 18 10
0.212620392827671 15 1
1.56199181093348 21 28
0.212620392827671 15 1
0.212620392827671 15 1
2.50134549977041 20 9
2.01697969793006 22 18
0 13 0
0.490483244155445 17 6
0 13 0
0 13 0
0 13 0
0.212620392827671 15 1
0.490483244155445 17 6
0.629511309456073 18 4
0 13 0
0 13 0
0.212620392827671 15 1
0 13 0
1.73962139586276 18 4
0.212620392827671 15 1
1.08106260277289 20 9
0.8284752394985 19 7
0.212620392827671 15 1
3.31547343103658 26 32
0.490483244155445 17 6
0 13 0
1.73962139586276 18 4
8.2279726890394 29 72
3.0698890117304 24 11
2.14691369881353 23 24
0 13 0
0.463899038896737 17 2
1.66417954370753 26 38
0.340333489148062 16 3
4.32903964533796 30 34
0 13 0
0.340333489148062 16 3
0 13 0
1.73962139586276 18 4
2.04115577114564 20 5
2.09223003434689 22 36
0.212620392827671 15 1
0 13 0
4.95330620017367 26 56
0.212620392827671 15 1
0.629511309456073 18 4
2.8952001727023 25 30
4.96114249931232 24 11
0 13 0
0.212620392827671 15 1
0.671510197576206 18 10
0 13 0
2.70047267226913 23 8
0.212620392827671 15 1
4.88444405402461 29 33
0 13 0
1.83343243892099 22 12
0.629511309456073 18 4
0.463899038896737 17 2
0.463899038896737 17 2
0 13 0
2.7036097051481 24 37
0 13 0
0.463899038896737 17 2
8.83325389292313 29 68
0.463899038896737 17 2
0.212620392827671 15 1
1.38812384205966 21 16
0.212620392827671 15 1
0.212620392827671 15 1
0.212620392827671 15 1
12.5093708713262 36 83
0.212620392827671 15 1
2.41405092440801 23 21
2.38467911590659 23 29
0.765433414179615 19 3
0.463899038896737 17 2
2.45047379075571 23 13
0.340333489148062 16 3
0 13 0
0 13 0
0.895677772560699 19 15
1.73962139586276 18 4
0.671510197576206 18 10
0.629511309456073 18 4
0 13 0
7.81703656806129 27 67
0.8284752394985 19 7
0.212620392827671 15 1
1.83343243892099 21 8
0.212620392827671 15 1
0 13 0
1.73962139586276 18 4
2.09223003434689 22 36
1.46633641798151 20 11
1.81336462771501 22 22
2.04115577114564 20 5
2.01697969793006 22 18
0.463899038896737 17 2
0 13 0
2.7036097051481 24 37
0 13 0
0 13 0
14.3588366465488 41 99
0 13 0
0 13 0
0.212620392827671 15 1
6.4001616468525 28 37
2.7036097051481 24 37
0.340333489148062 16 3
1.56199181093348 21 28
1.18200126231826 20 21
0.490483244155445 17 6
2.88576011810233 23 45
0 13 0
1.56199181093348 21 28
0.629511309456073 18 4
2.16873436035028 23 29
0.671510197576206 18 10
0.212620392827671 15 1
0.895677772560699 19 15
0 13 0
0.463899038896737 17 2
0.212620392827671 15 1
0.212620392827671 15 1
4.4014358148905 25 15
0.340333489148062 16 3
0.765433414179615 19 3
1.81336462771501 22 22
2.85478505792465 22 10
0 13 0
6.84454519143894 25 66
1.18200126231826 20 21
0 13 0
0.463899038896737 17 2
1.88882641216033 22 12
0.629511309456073 18 4
0.982950867610309 20 5
0 13 0
1.47999288076676 19 7
0.629511309456073 18 4
0 13 0
4.20540646952941 28 51
0.490483244155445 17 6
4.2062431277646 24 55
0.340333489148062 16 3
0 13 0
2.50134549977041 20 9
0.629511309456073 18 4
0.212620392827671 15 1
3.53664257852019 25 46
0 13 0
0.8284752394985 19 7
0.490483244155445 17 6
0.629511309456073 18 4
0.212620392827671 15 1
0.340333489148062 16 3
2.09223003434689 22 36
2.50134549977041 20 9
0.212620392827671 15 1
1.47999288076676 19 7
0.8284752394985 19 7
2.23785339792804 23 14
0.212620392827671 15 1
1.9075213740986 26 28
0.340333489148062 16 3
0 13 0
4.2062431277646 24 55
0.463899038896737 17 2
0.212620392827671 15 1
0.340333489148062 16 3
1.56199181093348 21 28
0.212620392827671 15 1
0.212620392827671 15 1
0.212620392827671 15 1
1.83343243892099 21 8
1.56199181093348 21 28
0 13 0
0.340333489148062 16 3
0.490483244155445 17 6
2.44212649029049 24 31
0 13 0
0 13 0
1.18200126231826 20 21
0 13 0
2.86807681497316 23 14
0.212620392827671 15 1
2.50273714460824 23 14
0 13 0
0 13 0
0.340333489148062 16 3
0.490483244155445 17 6
0.629511309456073 18 4
1.25096523367732 21 8
0.340333489148062 16 3
3.70775019021341 25 15
0.212620392827671 15 1
0 13 0
0.463899038896737 17 2
0 13 0
0.212620392827671 15 1
0 13 0
0.490483244155445 17 6
0.340333489148062 16 3
2.6275888079756 24 27
0 13 0
0.982950867610309 20 5
1.18200126231826 20 21
0.212620392827671 15 1
0.212620392827671 15 1
0 13 0
1.39818002268779 21 13
0.629511309456073 18 4
0.463899038896737 17 2
1.18200126231826 20 21
0.212620392827671 15 1
1.18200126231826 20 21
0 13 0
0.629511309456073 18 4
0.629511309456073 18 4
4.39544600748992 27 20
0.212620392827671 15 1
0.340333489148062 16 3
0 13 0
0.212620392827671 15 1
0 13 0
0.212620392827671 15 1
0.490483244155445 17 6
3.74686335913598 26 48
0 13 0
0 13 0
3.23493636662984 25 22
0 13 0
0 13 0
0 13 0
2.16873436035028 23 29
1.07437956151474 20 11
0.340333489148062 16 3
0.340333489148062 16 3
0.212620392827671 15 1
0.212620392827671 15 1
0.629511309456073 18 4
0.340333489148062 16 3
1.47999288076676 19 7
0.212620392827671 15 1
0.212620392827671 15 1
0.490483244155445 17 6
0 13 0
0 13 0
0 13 0
1.25484768439868 21 7
0 13 0
0.212620392827671 15 1
2.01697969793006 22 18
0 13 0
0.212620392827671 15 1
9.64194082336616 36 85
0.340333489148062 16 3
0.212620392827671 15 1
0.340333489148062 16 3
3.54258862631995 25 22
0 13 0
2.04115577114564 20 5
1.38812384205966 21 16
0.340333489148062 16 3
1.46633641798151 20 11
0.340333489148062 16 3
2.88576011810233 23 45
0.490483244155445 17 6
2.88576011810233 23 45
0 13 0
2.09223003434689 22 36
5.27871735421062 28 29
0.490483244155445 17 6
0.212620392827671 15 1
0.212620392827671 15 1
0.212620392827671 15 1
0.340333489148062 16 3
0 13 0
0 13 0
1.07437956151474 20 11
0.212620392827671 15 1
0 13 0
1.07437956151474 20 11
5.18730762135092 28 37
0.212620392827671 15 1
4.95330620017367 26 56
0.212620392827671 15 1
0.212620392827671 15 1
4.61415034710007 26 26
0 13 0
0 13 0
0 13 0
0.340333489148062 16 3
0.629511309456073 18 4
0 13 0
7.81703656806129 27 67
0.629511309456073 18 4
0 13 0
0.212620392827671 15 1
0.340333489148062 16 3
1.39818002268779 21 13
0.629511309456073 18 4
0.212620392827671 15 1
0.212620392827671 15 1
0.671510197576206 18 10
0 13 0
1.73962139586276 18 4
0.212620392827671 15 1
0 13 0
0 13 0
0 13 0
0 13 0
0.212620392827671 15 1
3.29471031944557 24 27
1.58466850430115 21 16
0.340333489148062 16 3
0.671510197576206 18 10
2.10264340079355 23 17
0 13 0
4.57230686258347 25 13
0 13 0
0 13 0
1.08106260277289 20 9
0 13 0
3.99540066823907 27 51
0.212620392827671 15 1
0 13 0
1.73962139586276 18 4
0 13 0
0.340333489148062 16 3
1.82473736995672 22 16
0.340333489148062 16 3
0.212620392827671 15 1
0 13 0
0 13 0
0 13 0
1.46633641798151 20 11
0 13 0
0.212620392827671 15 1
0.340333489148062 16 3
0 13 0
0.629511309456073 18 4
0.895677772560699 19 15
1.18200126231826 20 21
0 13 0
0.212620392827671 15 1
0.212620392827671 15 1
0.212620392827671 15 1
2.01697969793006 22 18
0.463899038896737 17 2
0.463899038896737 17 2
4.61415034710007 26 26
3.53664257852019 25 46
0 13 0
2.05965266529021 29 39
0.765433414179615 19 3
5.53337231846368 33 49
0.8284752394985 19 7
1.39818002268779 21 13
1.73962139586276 18 4
0.212620392827671 15 1
1.46633641798151 20 11
1.80424225835998 22 22
0.982950867610309 20 5
4.17709025135838 27 40
0.463899038896737 17 2
0 13 0
1.38812384205966 21 16
1.25484768439868 21 7
0.463899038896737 17 2
4.2062431277646 24 55
2.7036097051481 24 37
1.07437956151474 20 11
1.80424225835998 22 22
0 13 0
0 13 0
2.14691369881353 23 24
0.463899038896737 17 2
0.212620392827671 15 1
0.212620392827671 15 1
4.25657125184927 27 47
0.340333489148062 16 3
0.490483244155445 17 6
0.895677772560699 19 15
0.463899038896737 17 2
0 13 0
0.463899038896737 17 2
0 13 0
0.629511309456073 18 4
0 13 0
1.39818002268779 21 13
0.490483244155445 17 6
9.52935850222022 37 54
1.56199181093348 21 28
14.8917542885287 36 77
0.895677772560699 19 15
0 13 0
2.52668759064334 22 10
0 13 0
0 13 0
0.340333489148062 16 3
0.212620392827671 15 1
0.212620392827671 15 1
0.463899038896737 17 2
0 13 0
0 13 0
0.490483244155445 17 6
2.07981576701593 21 13
2.09223003434689 22 36
7.81703656806129 27 67
7.07065454870705 30 64
0 13 0
0.212620392827671 15 1
0.629511309456073 18 4
7.95650006377563 33 53
2.90693238343511 24 17
0.340333489148062 16 3
1.73962139586276 18 4
0.340333489148062 16 3
0 13 0
2.07981576701593 21 13
0.463899038896737 17 2
1.07437956151474 20 11
0 13 0
1.38812384205966 21 16
0.212620392827671 15 1
1.70096314262137 28 37
1.40138069758699 21 12
1.46633641798151 20 11
0.8284752394985 19 7
0 13 0
0 13 0
0.340333489148062 16 3
2.56673975491084 24 19
2.90400843159814 25 9
0 13 0
0.212620392827671 15 1
0 13 0
1.18200126231826 20 21
0.212620392827671 15 1
0.340333489148062 16 3
1.58466850430115 21 16
1.47999288076676 19 7
1.81818176018571 22 18
0.212620392827671 15 1
0.340333489148062 16 3
0 13 0
0.212620392827671 15 1
0.463899038896737 17 2
0.212620392827671 15 1
0.212620392827671 15 1
5.36321252850254 30 66
0 13 0
0.340333489148062 16 3
0.340333489148062 16 3
0 13 0
0.340333489148062 16 3
1.18200126231826 20 21
0.340333489148062 16 3
0.8284752394985 19 7
0.212620392827671 15 1
1.88882641216033 22 12
0.212620392827671 15 1
1.80424225835998 22 22
0.982950867610309 20 5
1.56199181093348 21 28
0.212620392827671 15 1
1.73962139586276 18 4
0 13 0
0.8284752394985 19 7
0.629511309456073 18 4
1.56199181093348 21 28
0.490483244155445 17 6
1.73962139586276 18 4
0.212620392827671 15 1
0.463899038896737 17 2
0.212620392827671 15 1
0.212620392827671 15 1
5.42182001710561 28 19
0.8284752394985 19 7
6.10784105477025 28 31
0.212620392827671 15 1
0 13 0
0.212620392827671 15 1
1.56199181093348 21 28
6.32340140315088 30 61
0 13 0
0.8284752394985 19 7
0 13 0
0 13 0
2.01697969793006 22 18
0 13 0
0.463899038896737 17 2
0.212620392827671 15 1
0.8284752394985 19 7
0.340333489148062 16 3
0.629511309456073 18 4
1.56199181093348 21 28
0.490483244155445 17 6
0.212620392827671 15 1
0.340333489148062 16 3
0.831926306806373 19 6
0.490483244155445 17 6
0.212620392827671 15 1
1.47999288076676 19 7
0.490483244155445 17 6
0.212620392827671 15 1
0.212620392827671 15 1
0.831926306806373 19 6
0 13 0
0.212620392827671 15 1
0.831926306806373 19 6
0 13 0
1.73962139586276 18 4
0.463899038896737 17 2
0.463899038896737 17 2
0 13 0
1.81336462771501 22 22
15.6253520147006 38 122
0.212620392827671 15 1
1.80424225835998 22 22
0.212620392827671 15 1
0.671510197576206 18 10
7.10191548545201 32 83
2.93834521203255 25 39
1.73962139586276 18 4
0.212620392827671 15 1
0.463899038896737 17 2
0.340333489148062 16 3
0 13 0
1.47999288076676 19 7
0 13 0
8.39995915208638 35 70
1.46633641798151 20 11
0 13 0
1.07437956151474 20 11
1.81818176018571 22 18
1.07437956151474 20 11
0 13 0
2.38467911590659 23 29
0.212620392827671 15 1
0 13 0
1.56199181093348 21 28
0.212620392827671 15 1
0 13 0
0 13 0
2.86807681497316 23 14
2.80570385826761 25 34
1.73962139586276 18 4
0 13 0
0 13 0
0.895677772560699 19 15
0 13 0
0 13 0
0.982950867610309 20 5
0.629511309456073 18 4
1.07437956151474 20 11
0.212620392827671 15 1
1.83343243892099 21 8
1.07437956151474 20 11
0.212620392827671 15 1
0 13 0
1.58466850430115 21 16
1.46633641798151 20 11
2.88576011810233 23 45
0.671510197576206 18 10
1.58466850430115 21 16
7.70190704603244 32 41
4.2062431277646 24 55
0.212620392827671 15 1
0.212620392827671 15 1
1.81336462771501 22 22
0.212620392827671 15 1
2.16509071003198 24 23
0 13 0
0 13 0
0.212620392827671 15 1
0.340333489148062 16 3
1.81336462771501 22 22
0 13 0
0 13 0
0.340333489148062 16 3
2.09223003434689 22 36
2.16509071003198 24 23
0.463899038896737 17 2
0.490483244155445 17 6
0.212620392827671 15 1
0.340333489148062 16 3
2.50273714460824 23 14
0.490483244155445 17 6
1.47999288076676 19 7
4.00677258468744 26 32
0.212620392827671 15 1
1.59999221944503 22 10
0.629511309456073 18 4
4.09617545060767 24 25
0.463899038896737 17 2
0 13 0
6.97064952088204 31 60
1.88882641216033 22 12
0.629511309456073 18 4
1.89534091692977 31 40
2.09223003434689 22 36
0 13 0
3.12093136886334 33 47
0.212620392827671 15 1
1.81818176018571 22 18
0 13 0
4.54158235334868 28 49
0.212620392827671 15 1
3.92425422171178 27 35
0.212620392827671 15 1
0.895677772560699 19 15
4.96114249931232 24 11
3.11734784066461 25 25
3.53664257852019 25 46
3.74686335913598 26 48
0.340333489148062 16 3
0.671510197576206 18 10
0.212620392827671 15 1
2.16873436035028 23 29
0 13 0
1.83343243892099 22 12
0.490483244155445 17 6
0 13 0
0.212620392827671 15 1
2.7036097051481 24 37
0.212620392827671 15 1
0.340333489148062 16 3
8.2279726890394 29 72
0 13 0
0 13 0
0.212620392827671 15 1
0.671510197576206 18 10
0.629511309456073 18 4
0.212620392827671 15 1
0 13 0
0.340333489148062 16 3
0.490483244155445 17 6
0.831926306806373 19 6
1.07437956151474 20 11
0.629511309456073 18 4
1.47999288076676 19 7
2.25867322457633 21 7
0.212620392827671 15 1
0.212620392827671 15 1
0.212620392827671 15 1
0.8284752394985 19 7
6.35333102416144 31 45
0.340333489148062 16 3
5.48953686364225 29 29
0.340333489148062 16 3
0.671510197576206 18 10
0.463899038896737 17 2
0.212620392827671 15 1
0.629511309456073 18 4
0 13 0
0 13 0
1.83343243892099 21 8
0.629511309456073 18 4
0.629511309456073 18 4
0.671510197576206 18 10
0 13 0
0.212620392827671 15 1
8.45259852988863 32 65
0.212620392827671 15 1
0.212620392827671 15 1
3.5676207319739 26 20
0.340333489148062 16 3
0 13 0
2.7036097051481 24 37
8.01772126458187 28 69
0.212620392827671 15 1
0 13 0
0.212620392827671 15 1
0 13 0
4.59177414208007 28 43
0 13 0
0.490483244155445 17 6
0.340333489148062 16 3
0 13 0
0.212620392827671 15 1
2.14691369881353 23 24
2.92975955349088 25 15
0.340333489148062 16 3
0.490483244155445 17 6
0 13 0
3.0698890117304 24 11
0.212620392827671 15 1
0.212620392827671 15 1
0.629511309456073 18 4
1.73962139586276 18 4
0.212620392827671 15 1
1.59235445800714 22 12
0.340333489148062 16 3
1.73962139586276 18 4
0.463899038896737 17 2
1.56199181093348 21 28
0 13 0
1.56199181093348 21 28
3.55095424357981 24 11
0 13 0
0.212620392827671 15 1
17.4067496707717 40 123
0 13 0
1.47999288076676 19 7
0.212620392827671 15 1
0.212620392827671 15 1
0 13 0
0.629511309456073 18 4
0 13 0
0 13 0
0.629511309456073 18 4
3.74686335913598 26 48
1.18200126231826 20 21
0 13 0
0.463899038896737 17 2
2.01697969793006 22 18
0.212620392827671 15 1
0 13 0
3.28089146027572 22 16
0 13 0
6.84454519143894 25 66
0.463899038896737 17 2
0.895677772560699 19 15
0.490483244155445 17 6
0.340333489148062 16 3
0.490483244155445 17 6
1.73962139586276 18 4
0 13 0
0 13 0
0 13 0
0.463899038896737 17 2
0.212620392827671 15 1
3.66419641712789 27 32
0.340333489148062 16 3
2.69804611132317 24 17
0 13 0
0 13 0
6.5001583517923 32 36
0.490483244155445 17 6
0.463899038896737 17 2
0.629511309456073 18 4
0.463899038896737 17 2
1.07437956151474 20 11
0.490483244155445 17 6
0.463899038896737 17 2
0.8284752394985 19 7
0.212620392827671 15 1
0 13 0
0 13 0
0.212620392827671 15 1
8.15104150881 34 61
1.07437956151474 20 11
2.25867322457633 21 7
0 13 0
3.00127862895914 25 21
0.212620392827671 15 1
0 13 0
4.5639412453236 26 24
1.07437956151474 20 11
0.490483244155445 17 6
0 13 0
1.73962139586276 18 4
0.212620392827671 15 1
0.212620392827671 15 1
0.490483244155445 17 6
0 13 0
0.212620392827671 15 1
0.340333489148062 16 3
0 13 0
2.16873436035028 23 29
0.340333489148062 16 3
7.03072327103934 29 59
0.895677772560699 19 15
0.463899038896737 17 2
0 13 0
0 13 0
0 13 0
2.80518448825017 25 25
2.16873436035028 23 29
0.340333489148062 16 3
0 13 0
0 13 0
0 13 0
0.212620392827671 15 1
0.212620392827671 15 1
0 13 0
0 13 0
4.2062431277646 24 55
2.61293234357996 24 23
0 13 0
0.212620392827671 15 1
2.93834521203255 25 39
0.212620392827671 15 1
0.212620392827671 15 1
0.212620392827671 15 1
0.212620392827671 15 1
0 13 0
2.09223003434689 22 36
0.8284752394985 19 7
8.74334724842609 31 81
0.629511309456073 18 4
0 13 0
0.340333489148062 16 3
2.04471860139162 23 17
6.65223396426782 32 57
0.212620392827671 15 1
0.212620392827671 15 1
0 13 0
2.50273714460824 23 14
0.212620392827671 15 1
0 13 0
0.212620392827671 15 1
0.8284752394985 19 7
1.13397542841424 23 9
0.212620392827671 15 1
0.671510197576206 18 10
0 13 0
0 13 0
0 13 0
0.212620392827671 15 1
0.629511309456073 18 4
12.8648269215441 35 36
8.83325389292313 29 68
4.59260048507769 22 10
0.463899038896737 17 2
0.463899038896737 17 2
2.09223003434689 22 36
0.212620392827671 15 1
6.11015472422841 27 20
2.09223003434689 22 36
0 13 0
5.3480976866124 28 34
0.8284752394985 19 7
1.47999288076676 19 7
0.490483244155445 17 6
0.490483244155445 17 6
3.16891750488522 29 31
1.56199181093348 21 28
0.982950867610309 20 5
0.463899038896737 17 2
4.34561079993233 27 27
0.340333489148062 16 3
5.2599734188068 29 21
0 13 0
0.212620392827671 15 1
0 13 0
1.18200126231826 20 21
1.07437956151474 20 11
0.982950867610309 20 5
2.6275888079756 24 27
0 13 0
5.53599887172379 30 56
0.8284752394985 19 7
0.212620392827671 15 1
0.340333489148062 16 3
1.18200126231826 20 21
1.82473736995672 22 16
0 13 0
9.07758864365435 30 70
0 13 0
1.38812384205966 21 16
0 13 0
0 13 0
0 13 0
2.88576011810233 23 45
1.56199181093348 21 28
4.5621154001948 28 39
0.212620392827671 15 1
0.212620392827671 15 1
3.84768015746978 25 46
0 13 0
1.73962139586276 18 4
0.671510197576206 18 10
0 13 0
0.463899038896737 17 2
0.212620392827671 15 1
0.463899038896737 17 2
5.37203182424609 28 61
0 13 0
1.56199181093348 21 28
0.463899038896737 17 2
0.212620392827671 15 1
0.463899038896737 17 2
0.340333489148062 16 3
2.5359093146022 24 19
0 13 0
0.212620392827671 15 1
0.8284752394985 19 7
0.212620392827671 15 1
1.88882641216033 22 12
0 13 0
0.212620392827671 15 1
0.463899038896737 17 2
0 13 0
0.629511309456073 18 4
0.212620392827671 15 1
0.212620392827671 15 1
0.212620392827671 15 1
2.09223003434689 22 36
0 13 0
1.25484768439868 21 7
0.490483244155445 17 6
0.212620392827671 15 1
0.463899038896737 17 2
0 13 0
0.212620392827671 15 1
0 13 0
0.629511309456073 18 4
0.340333489148062 16 3
0.212620392827671 15 1
0.629511309456073 18 4
0.340333489148062 16 3
2.04115577114564 20 5
0.340333489148062 16 3
0.629511309456073 18 4
0.212620392827671 15 1
0.463899038896737 17 2
0.463899038896737 17 2
0.463899038896737 17 2
1.95745203176291 24 16
1.38812384205966 21 16
0.463899038896737 17 2
0.8284752394985 19 7
3.23493636662984 26 28
0 13 0
0.212620392827671 15 1
3.53664257852019 25 46
0.982950867610309 20 5
0 13 0
0 13 0
0 13 0
1.83343243892099 21 8
0 13 0
0 13 0
1.73962139586276 18 4
0.212620392827671 15 1
0.212620392827671 15 1
0.212620392827671 15 1
0 13 0
2.04115577114564 20 5
0.212620392827671 15 1
0.212620392827671 15 1
3.12668187471302 23 12
0.212620392827671 15 1
0.212620392827671 15 1
0.463899038896737 17 2
0 13 0
0.212620392827671 15 1
0.463899038896737 17 2
0.463899038896737 17 2
0 13 0
0.340333489148062 16 3
0 13 0
0 13 0
1.88882641216033 22 12
0.895677772560699 19 15
2.23785339792804 23 14
0.629511309456073 18 4
0 13 0
1.18200126231826 20 21
0.340333489148062 16 3
0.340333489148062 16 3
0.629511309456073 18 4
0.212620392827671 15 1
2.71600674995771 23 21
0.212620392827671 15 1
0.212620392827671 15 1
0.463899038896737 17 2
0.8284752394985 19 7
6.24265007261874 29 59
3.0698890117304 25 18
0.340333489148062 16 3
0.671510197576206 18 10
1.47999288076676 19 7
0.212620392827671 15 1
2.04115577114564 20 5
0.629511309456073 18 4
0.340333489148062 16 3
0.212620392827671 15 1
0.463899038896737 17 2
2.04115577114564 20 5
2.04471860139162 23 17
0 13 0
3.70338145445454 24 17
0.463899038896737 17 2
0 13 0
0.340333489148062 16 3
0 13 0
0.490483244155445 17 6
0.463899038896737 17 2
0.340333489148062 16 3
0 13 0
0.340333489148062 16 3
0 13 0
3.23493636662984 25 22
0 13 0
1.46633641798151 20 11
1.73962139586276 18 4
1.40138069758699 21 12
0.212620392827671 15 1
0.8284752394985 19 7
2.14691369881353 23 24
0.212620392827671 15 1
0 13 0
2.07981576701593 21 13
0.490483244155445 17 6
0 13 0
0 13 0
0.212620392827671 15 1
5.39206392465936 29 52
0.629511309456073 18 4
0 13 0
1.73962139586276 18 4
1.56199181093348 21 28
0.212620392827671 15 1
0.212620392827671 15 1
0 13 0
0.212620392827671 15 1
0 13 0
0 13 0
17.3953831793813 44 97
1.82473736995672 22 16
2.52668759064334 23 17
0 13 0
0.629511309456073 18 4
2.23785339792804 23 14
0.212620392827671 15 1
2.10264340079355 23 17
1.83343243892099 21 8
0 13 0
0.212620392827671 15 1
0 13 0
2.40969778538027 22 6
1.18200126231826 20 21
0.212620392827671 15 1
0 13 0
0.212620392827671 15 1
0.463899038896737 17 2
1.38812384205966 21 16
1.56199181093348 21 28
0.463899038896737 17 2
0 13 0
1.25484768439868 21 7
0 13 0
0.212620392827671 15 1
0.212620392827671 15 1
0 13 0
0 13 0
0 13 0
1.47999288076676 19 7
2.09223003434689 22 36
0 13 0
0.671510197576206 18 10
0.212620392827671 15 1
0.490483244155445 17 6
0 13 0
0 13 0
0.212620392827671 15 1
0 13 0
0.629511309456073 18 4
2.16873436035028 23 29
0 13 0
4.2062431277646 24 55
0.463899038896737 17 2
0 13 0
4.20365306014012 28 42
3.25314872141663 24 37
0.212620392827671 15 1
5.8360890889876 31 61
0.463899038896737 17 2
7.03072327103934 29 59
0 13 0
0.212620392827671 15 1
0.212620392827671 15 1
1.73962139586276 18 4
0.212620392827671 15 1
0.212620392827671 15 1
1.25096523367732 21 8
1.81336462771501 22 22
2.85478505792465 22 10
0.8284752394985 19 7
2.09223003434689 22 36
0.340333489148062 16 3
0.212620392827671 15 1
3.54258862631995 25 22
3.28089146027572 22 16
0 13 0
0 13 0
0 13 0
4.5621154001948 28 39
0 13 0
1.80424225835998 22 22
0.671510197576206 18 10
1.88882641216033 22 12
0.212620392827671 15 1
0.212620392827671 15 1
2.09223003434689 22 36
1.59999221944503 22 10
0.212620392827671 15 1
0.895677772560699 19 15
0 13 0
6.84454519143894 25 66
0.895677772560699 19 15
0 13 0
0 13 0
0.490483244155445 17 6
0 13 0
2.41743671127434 23 20
2.88576011810233 23 45
0 13 0
6.79944871341359 31 42
0.8284752394985 19 7
0.212620392827671 15 1
3.6854201423463 23 8
0.340333489148062 16 3
8.40046025509245 34 70
0 13 0
0.212620392827671 15 1
0 13 0
0.629511309456073 18 4
0 13 0
1.08106260277289 20 9
0 13 0
0.463899038896737 17 2
1.07437956151474 20 11
1.18200126231826 20 21
1.58466850430115 21 16
3.70775019021341 25 15
1.81336462771501 22 22
0 13 0
0.212620392827671 15 1
0.671510197576206 18 10
0.671510197576206 18 10
2.04115577114564 20 5
2.04115577114564 20 5
0 13 0
0.8284752394985 19 7
2.80518448825017 25 25
0.212620392827671 15 1
6.24640552523692 27 28
0.212620392827671 15 1
0 13 0
0.463899038896737 17 2
0 13 0
0.895677772560699 19 15
2.93834521203255 25 39
1.46633641798151 20 11
0 13 0
1.18200126231826 20 21
0.212620392827671 15 1
0 13 0
0.463899038896737 17 2
0 13 0
0.212620392827671 15 1
0.212620392827671 15 1
0 13 0
1.25484768439868 21 7
0 13 0
0 13 0
0.629511309456073 18 4
1.18200126231826 20 21
0.212620392827671 15 1
2.85231876619328 24 16
0.212620392827671 15 1
0.629511309456073 18 4
0.212620392827671 15 1
0.671510197576206 18 10
2.10532925570936 22 10
0.490483244155445 17 6
0 13 0
0 13 0
4.62102548565907 27 47
0.629511309456073 18 4
0.463899038896737 17 2
1.56199181093348 21 28
1.73962139586276 18 4
3.12668187471302 23 12
0.831926306806373 19 6
0.463899038896737 17 2
0 13 0
3.53664257852019 25 46
0 13 0
3.89968604589033 26 48
0.340333489148062 16 3
0.463899038896737 17 2
0.463899038896737 17 2
0.340333489148062 16 3
3.28089146027572 22 16
4.59260048507769 22 10
1.08106260277289 20 9
0.490483244155445 17 6
2.85231876619328 24 16
2.01697969793006 22 18
0.212620392827671 15 1
2.52668759064334 22 10
0 13 0
0 13 0
0.490483244155445 17 6
8.80576265094049 36 77
1.88882641216033 22 12
0.463899038896737 17 2
2.87037530317356 24 7
0.490483244155445 17 6
0 13 0
0.340333489148062 16 3
0 13 0
4.25657125184927 27 47
0 13 0
0.212620392827671 15 1
0 13 0
0 13 0
0 13 0
0.671510197576206 18 10
2.40969778538027 22 6
0 13 0
0 13 0
2.40969778538027 22 6
0 13 0
0 13 0
4.2062431277646 24 55
0.340333489148062 16 3
2.25867322457633 21 7
0.982950867610309 20 5
0.895677772560699 19 15
0.671510197576206 18 10
0 13 0
6.04074335659836 31 42
0.629511309456073 18 4
1.07437956151474 20 11
0.212620392827671 15 1
5.43175191895014 29 44
0.765433414179615 19 3
0 13 0
0.982950867610309 20 5
2.38467911590659 23 29
1.81336462771501 22 22
0.212620392827671 15 1
0 13 0
8.77059706567118 33 67
1.07437956151474 20 11
5.37203182424609 28 61
7.32839283425578 30 50
0.629511309456073 18 4
0.8284752394985 19 7
0 13 0
1.73962139586276 18 4
2.05645081212443 23 14
1.59235445800714 22 12
0.212620392827671 15 1
0.490483244155445 17 6
0 13 0
0 13 0
0.212620392827671 15 1
0.212620392827671 15 1
0.212620392827671 15 1
1.46633641798151 20 11
3.0698890117304 25 18
0 13 0
0 13 0
4.00677258468744 26 32
0.212620392827671 15 1
0.463899038896737 17 2
0 13 0
0.340333489148062 16 3
0.629511309456073 18 4
1.73962139586276 18 4
0 13 0
0.463899038896737 17 2
0.831926306806373 19 6
0 13 0
0.212620392827671 15 1
0 13 0
0 13 0
0.212620392827671 15 1
0.490483244155445 17 6
0 13 0
0.212620392827671 15 1
0.463899038896737 17 2
0.895677772560699 19 15
0.212620392827671 15 1
0.671510197576206 18 10
0.895677772560699 19 15
0.490483244155445 17 6
9.58216149501356 33 94
0.212620392827671 15 1
0.212620392827671 15 1
4.98098898620136 24 17
0.629511309456073 18 4
0 13 0
0.490483244155445 17 6
2.64908531261375 24 11
1.25484768439868 21 7
1.81336462771501 22 22
2.7036097051481 24 37
0.212620392827671 15 1
0 13 0
0 13 0
0 13 0
0 13 0
0 13 0
0.340333489148062 16 3
1.43411163931277 23 8
2.44212649029049 24 31
0.212620392827671 15 1
8.01772126458187 28 69
0 13 0
0.340333489148062 16 3
1.25484768439868 21 7
1.83343243892099 21 8
0.671510197576206 18 10
0.212620392827671 15 1
0 13 0
2.50273714460824 23 14
0.463899038896737 17 2
1.59235445800714 22 12
2.04115577114564 20 5
1.81336462771501 22 22
1.81818176018571 22 18
0 13 0
0.340333489148062 16 3
2.6275888079756 24 27
0.212620392827671 15 1
0.490483244155445 17 6
1.73962139586276 18 4
0 13 0
0.671510197576206 18 10
0.490483244155445 17 6
0.463899038896737 17 2
0.212620392827671 15 1
0 13 0
1.81336462771501 22 22
0 13 0
0.212620392827671 15 1
0.340333489148062 16 3
0.490483244155445 17 6
1.08106260277289 20 9
0 13 0
0 13 0
0.212620392827671 15 1
18.7090519779472 43 132
0.671510197576206 18 10
7.07328515704038 30 58
5.41679862649358 28 22
0.629511309456073 18 4
0 13 0
0.490483244155445 17 6
0.895677772560699 19 15
0.340333489148062 16 3
1.39818002268779 21 13
0.629511309456073 18 4
0 13 0
1.07437956151474 20 11
0.340333489148062 16 3
0.212620392827671 15 1
0.340333489148062 16 3
0.212620392827671 15 1
10.1089762498892 30 70
6.88443497244004 30 28
2.50273714460824 23 14
0.629511309456073 18 4
0.340333489148062 16 3
1.73962139586276 18 4
7.5378797174864 33 77
0.490483244155445 17 6
0.212620392827671 15 1
0.831926306806373 19 6
7.62210038874004 33 77
0 13 0
4.82909039631478 29 47
0.629511309456073 18 4
0.490483244155445 17 6
4.23862079980314 28 19
1.38812384205966 21 16
0.212620392827671 15 1
2.50134549977041 20 9
0 13 0
0.8284752394985 19 7
0 13 0
2.88576011810233 23 45
0.671510197576206 18 10
0.212620392827671 15 1
0 13 0
0.490483244155445 17 6
1.07437956151474 20 11
1.18200126231826 20 21
0.629511309456073 18 4
0 13 0
2.88576011810233 23 45
2.04115577114564 20 5
1.73962139586276 18 4
0.629511309456073 18 4
3.41271061541641 25 31
0.340333489148062 16 3
0.629511309456073 18 4
0.490483244155445 17 6
0 13 0
3.53664257852019 25 46
0 13 0
0.629511309456073 18 4
0.490483244155445 17 6
2.46995938704696 24 23
0 13 0
0 13 0
0.831926306806373 19 6
0.831926306806373 19 6
0 13 0
1.80424225835998 22 22
0.463899038896737 17 2
0.340333489148062 16 3
0.212620392827671 15 1
0 13 0
0.212620392827671 15 1
6.5985500551915 32 57
0.490483244155445 17 6
0.340333489148062 16 3
0 13 0
1.25096523367732 21 8
0.463899038896737 17 2
0.831926306806373 19 6
2.85478505792465 22 10
0 13 0
0.340333489148062 16 3
0 13 0
1.47999288076676 19 7
1.47999288076676 19 7
5.75004581372735 31 52
0.340333489148062 16 3
1.46633641798151 20 11
0 13 0
0.212620392827671 15 1
0.212620392827671 15 1
0.895677772560699 19 15
2.04115577114564 20 5
0.340333489148062 16 3
3.31547343103658 26 32
0 13 0
0 13 0
0.212620392827671 15 1
0.671510197576206 18 10
0 13 0
2.16873436035028 23 29
0.490483244155445 17 6
0.212620392827671 15 1
0 13 0
0 13 0
0.463899038896737 17 2
0.340333489148062 16 3
0.212620392827671 15 1
0.212620392827671 15 1
1.25484768439868 21 7
1.81336462771501 22 22
0.8284752394985 19 7
2.41743671127434 23 20
0 13 0
0.490483244155445 17 6
0.895677772560699 19 15
6.84454519143894 25 66
1.59235445800714 22 12
0.212620392827671 15 1
3.12398362186697 25 34
2.50134549977041 20 9
0.212620392827671 15 1
0 13 0
0.212620392827671 15 1
4.02425206439589 26 28
0.463899038896737 17 2
2.41405092440801 23 21
0.212620392827671 15 1
2.44212649029049 24 31
0.212620392827671 15 1
0 13 0
0.212620392827671 15 1
3.28089146027572 22 16
0 13 0
0.765433414179615 19 3
0 13 0
0.340333489148062 16 3
0.212620392827671 15 1
0.212620392827671 15 1
0 13 0
0.212620392827671 15 1
0.212620392827671 15 1
0 13 0
0.212620392827671 15 1
0.895677772560699 19 15
0.463899038896737 17 2
0.8284752394985 19 7
1.18200126231826 20 21
2.14691369881353 23 24
0.212620392827671 15 1
0.671510197576206 18 10
0.340333489148062 16 3
0.212620392827671 15 1
0.212620392827671 15 1
0.982950867610309 20 5
3.88865470054598 25 25
0.212620392827671 15 1
3.80240994760937 24 19
0.895677772560699 19 15
0 13 0
0 13 0
0 13 0
0.212620392827671 15 1
0.212620392827671 15 1
2.38467911590659 23 29
0.463899038896737 17 2
1.59999221944503 22 10
0.8284752394985 19 7
3.53664257852019 25 46
0.212620392827671 15 1
1.81336462771501 22 22
0 13 0
2.16873436035028 23 29
1.88882641216033 22 12
0 13 0
0 13 0
3.0698890117304 25 18
0 13 0
0 13 0
4.95330620017367 26 56
0.212620392827671 15 1
0.629511309456073 18 4
0.212620392827671 15 1
1.25096523367732 21 8
0.629511309456073 18 4
0.463899038896737 17 2
0 13 0
0.490483244155445 17 6
0.671510197576206 18 10
0.340333489148062 16 3
0.212620392827671 15 1
0 13 0
6.21563151678096 31 32
0.340333489148062 16 3
4.98098898620136 24 17
1.73962139586276 18 4
0.340333489148062 16 3
0.212620392827671 15 1
0.212620392827671 15 1
0 13 0
2.09223003434689 22 36
0 13 0
1.07437956151474 20 11
0.212620392827671 15 1
3.9596363671977 23 14
3.64658374790468 26 24
1.25096523367732 21 8
0.340333489148062 16 3
0 13 0
0.212620392827671 15 1
1.73962139586276 18 4
0.831926306806373 19 6
0.212620392827671 15 1
0 13 0
0 13 0
0.212620392827671 15 1
3.97446519317765 27 35
0.212620392827671 15 1
9.66238502018972 32 77
0.490483244155445 17 6
0.463899038896737 17 2
0 13 0
0.463899038896737 17 2
0.212620392827671 15 1
0.212620392827671 15 1
0 13 0
0 13 0
0.463899038896737 17 2
1.46633641798151 20 11
0.463899038896737 17 2
0.490483244155445 17 6
0 13 0
0.212620392827671 15 1
0.490483244155445 17 6
0 13 0
0.463899038896737 17 2
0 13 0
0.463899038896737 17 2
2.93834521203255 25 39
0.490483244155445 17 6
2.90693238343511 24 17
0.831926306806373 19 6
0 13 0
0 13 0
0 13 0
1.58466850430115 21 16
0 13 0
0 13 0
1.82473736995672 22 16
2.5359093146022 24 19
7.72414184372139 30 35
1.18200126231826 20 21
0.463899038896737 17 2
2.56673975491084 24 19
0.212620392827671 15 1
0.8284752394985 19 7
0.340333489148062 16 3
0.340333489148062 16 3
6.73853029993738 30 50
0.212620392827671 15 1
5.40272331452887 30 54
0 13 0
2.52668759064334 23 17
2.09223003434689 22 36
0.340333489148062 16 3
0.340333489148062 16 3
1.73962139586276 18 4
0.212620392827671 15 1
0.212620392827671 15 1
1.18200126231826 20 21
0.629511309456073 18 4
0.629511309456073 18 4
0 13 0
6.23145803203618 30 30
0.340333489148062 16 3
0 13 0
0.212620392827671 15 1
3.04649320151263 26 20
5.62742969163441 28 37
0.212620392827671 15 1
3.84768015746978 25 46
0 13 0
1.58466850430115 21 16
0.212620392827671 15 1
0 13 0
10.2982788495781 34 102
0.671510197576206 18 10
0.8284752394985 19 7
0.765433414179615 19 3
2.50273714460824 23 14
0 13 0
2.50134549977041 20 9
0 13 0
2.04115577114564 20 5
0.340333489148062 16 3
0.212620392827671 15 1
0 13 0
1.40138069758699 21 12
2.4787676459428 25 10
2.50134549977041 20 9
3.80240994760937 24 19
0.340333489148062 16 3
1.83343243892099 21 8
1.81818176018571 22 18
0.212620392827671 15 1
2.7036097051481 24 37
1.56199181093348 21 28
0.212620392827671 15 1
0 13 0
1.81818176018571 22 18
0.490483244155445 17 6
0.490483244155445 17 6
0.490483244155445 17 6
0 13 0
1.07437956151474 20 11
4.54158235334868 28 49
0.671510197576206 18 10
2.93350010989756 28 43
1.47999288076676 19 7
0.340333489148062 16 3
0.212620392827671 15 1
8.45410679824745 33 59
2.16873436035028 23 29
0.340333489148062 16 3
0.212620392827671 15 1
0.463899038896737 17 2
1.58466850430115 21 16
1.82473736995672 22 16
0.340333489148062 16 3
1.47999288076676 19 7
0.212620392827671 15 1
0.8284752394985 19 7
3.31605178511405 26 32
3.74686335913598 26 48
0.340333489148062 16 3
0.463899038896737 17 2
0.212620392827671 15 1
0.629511309456073 18 4
1.47999288076676 19 7
3.982085744506 27 26
0.490483244155445 17 6
5.16097853317053 28 27
0.212620392827671 15 1
0.895677772560699 19 15
1.58466850430115 21 16
0 13 0
0 13 0
4.2062431277646 24 55
1.73962139586276 18 4
0.212620392827671 15 1
0.671510197576206 18 10
2.09223003434689 22 36
2.88576011810233 23 45
0 13 0
0 13 0
0.340333489148062 16 3
3.70338145445454 24 17
1.59999221944503 22 10
1.56199181093348 21 28
0.463899038896737 17 2
0.212620392827671 15 1
0.490483244155445 17 6
0.212620392827671 15 1
0.212620392827671 15 1
0 13 0
0.340333489148062 16 3
0.629511309456073 18 4
0 13 0
5.16153838878059 29 57
0 13 0
0.629511309456073 18 4
1.18200126231826 20 21
2.46995938704696 24 23
2.16873436035028 23 29
2.88576011810233 23 45
0.463899038896737 17 2
2.38467911590659 23 29
0.629511309456073 18 4
0.340333489148062 16 3
0.8284752394985 19 7
0.629511309456073 18 4
0.212620392827671 15 1
0.629511309456073 18 4
0.463899038896737 17 2
1.56199181093348 21 28
0.212620392827671 15 1
2.6275888079756 24 27
0.212620392827671 15 1
0 13 0
0.212620392827671 15 1
0 13 0
0 13 0
1.07437956151474 20 11
0.212620392827671 15 1
0 13 0
0.629511309456073 18 4
0.490483244155445 17 6
0.629511309456073 18 4
0.463899038896737 17 2
0.463899038896737 17 2
0.490483244155445 17 6
2.56673975491084 24 19
0.340333489148062 16 3
0.212620392827671 15 1
0.490483244155445 17 6
2.25867322457633 21 7
1.18200126231826 20 21
4.89813769324077 29 52
0.340333489148062 16 3
0.340333489148062 16 3
1.47999288076676 19 7
1.39818002268779 21 13
0 13 0
4.08066561964837 26 28
2.16873436035028 23 29
0 13 0
0 13 0
0.212620392827671 15 1
0.212620392827671 15 1
0 13 0
9.34614865497952 31 73
2.04115577114564 20 5
0.463899038896737 17 2
0.671510197576206 18 10
0.463899038896737 17 2
0 13 0
0.340333489148062 16 3
8.2279726890394 29 72
0.831926306806373 19 6
0 13 0
0.340333489148062 16 3
0.212620392827671 15 1
0.490483244155445 17 6
0 13 0
0.629511309456073 18 4
0 13 0
0 13 0
3.41271061541641 25 31
0 13 0
2.85478505792465 22 10
0 13 0
0.212620392827671 15 1
0.490483244155445 17 6
1.88882641216033 22 12
0.340333489148062 16 3
0.490483244155445 17 6
0 13 0
0 13 0
0 13 0
0.212620392827671 15 1
2.7036097051481 24 37
0 13 0
0.212620392827671 15 1
0.831926306806373 19 6
0.463899038896737 17 2
0.463899038896737 17 2
0 13 0
1.83343243892099 21 8
0 13 0
0 13 0
2.16873436035028 23 29
0 13 0
0.671510197576206 18 10
0.8284752394985 19 7
0.463899038896737 17 2
2.04115577114564 20 5
0.212620392827671 15 1
0.765433414179615 19 3
0.340333489148062 16 3
0.463899038896737 17 2
0 13 0
0.490483244155445 17 6
0 13 0
1.39818002268779 21 13
0 13 0
0.212620392827671 15 1
0 13 0
0.490483244155445 17 6
0.895677772560699 19 15
0 13 0
4.22457495979695 27 15
0 13 0
0 13 0
5.75500091407331 28 57
0.671510197576206 18 10
0 13 0
3.99540066823907 27 51
0.212620392827671 15 1
0 13 0
0.212620392827671 15 1
1.56199181093348 21 28
6.0092437902073 29 59
0 13 0
0 13 0
0 13 0
0.212620392827671 15 1
0 13 0
0.671510197576206 18 10
0 13 0
0 13 0
0.895677772560699 19 15
0.212620392827671 15 1
0.212620392827671 15 1
0 13 0
0.671510197576206 18 10
1.56199181093348 21 28
0.340333489148062 16 3
0 13 0
0 13 0
0 13 0
0 13 0
0 13 0
0 13 0
0.212620392827671 15 1
0.212620392827671 15 1
0.8284752394985 19 7
0.212620392827671 15 1
0.765433414179615 19 3
2.5359093146022 24 19
1.81818176018571 22 18
0 13 0
0 13 0
0.212620392827671 15 1
0.212620392827671 15 1
1.81336462771501 22 22
1.07437956151474 20 11
1.83343243892099 21 8
0.463899038896737 17 2
4.95330620017367 26 56
0 13 0
3.47182640975937 24 15
0.212620392827671 15 1
0.671510197576206 18 10
6.30861111468857 30 62
0.463899038896737 17 2
0.895677772560699 19 15
0.8284752394985 19 7
0 13 0
1.07437956151474 20 11
0.212620392827671 15 1
0.340333489148062 16 3
1.73962139586276 18 4
1.08106260277289 20 9
0.895677772560699 19 15
0 13 0
1.47999288076676 19 7
0.8284752394985 19 7
0.212620392827671 15 1
0.212620392827671 15 1
0 13 0
2.40353544337131 23 24
7.22974031428059 31 38
0.629511309456073 18 4
0.463899038896737 17 2
0 13 0
3.70338145445454 24 17
0.212620392827671 15 1
0.212620392827671 15 1
0 13 0
2.85478505792465 22 10
0.490483244155445 17 6
0 13 0
0.340333489148062 16 3
0.212620392827671 15 1
0 13 0
1.46633641798151 20 11
2.40969778538027 22 6
0 13 0
0.490483244155445 17 6
0.212620392827671 15 1
3.53664257852019 25 46
0 13 0
0 13 0
3.0698890117304 24 11
2.88576011810233 23 45
0 13 0
0.212620392827671 15 1
0.212620392827671 15 1
0 13 0
0.765433414179615 19 3
0.490483244155445 17 6
0.212620392827671 15 1
4.2062431277646 24 55
4.4014358148905 25 15
2.01697969793006 22 18
0.629511309456073 18 4
0.340333489148062 16 3
2.01697969793006 22 18
0 13 0
0.463899038896737 17 2
0 13 0
6.40028342810643 32 67
0.490483244155445 17 6
0.212620392827671 15 1
0 13 0
0.212620392827671 15 1
1.58466850430115 21 16
0.490483244155445 17 6
0 13 0
0.671510197576206 18 10
4.54158235334868 28 49
0.212620392827671 15 1
0 13 0
0.212620392827671 15 1
0.340333489148062 16 3
4.21087173128094 28 39
0.212620392827671 15 1
0 13 0
1.18200126231826 20 21
0.629511309456073 18 4
0.212620392827671 15 1
0 13 0
0 13 0
0.8284752394985 19 7
0.671510197576206 18 10
0.490483244155445 17 6
0.212620392827671 15 1
0 13 0
0 13 0
0.629511309456073 18 4
1.07437956151474 20 11
0.463899038896737 17 2
0 13 0
0 13 0
0.490483244155445 17 6
2.04115577114564 20 5
3.53664257852019 25 46
0.212620392827671 15 1
1.73962139586276 18 4
0.212620392827671 15 1
1.81336462771501 22 22
0.212620392827671 15 1
0.212620392827671 15 1
0.895677772560699 19 15
0 13 0
1.81818176018571 22 18
1.47999288076676 19 7
0.212620392827671 15 1
3.23152299800042 26 42
0.340333489148062 16 3
1.07437956151474 20 11
0 13 0
0.463899038896737 17 2
0.463899038896737 17 2
2.88576011810233 23 45
0 13 0
2.16873436035028 23 29
1.73962139586276 18 4
6.84454519143894 25 66
1.73962139586276 18 4
0 13 0
0 13 0
0.490483244155445 17 6
0 13 0
0 13 0
0.671510197576206 18 10
0.340333489148062 16 3
1.38812384205966 21 16
1.18200126231826 20 21
0.895677772560699 19 15
1.73962139586276 18 4
0.8284752394985 19 7
0.490483244155445 17 6
0.765433414179615 19 3
4.95330620017367 26 56
0 13 0
0.212620392827671 15 1
8.2279726890394 29 72
0 13 0
0.212620392827671 15 1
0 13 0
0 13 0
0.212620392827671 15 1
0 13 0
6.84454519143894 25 66
0 13 0
0.463899038896737 17 2
3.04649320151263 26 20
3.17377049308521 25 25
7.20676305750576 33 63
0.340333489148062 16 3
6.84454519143894 25 66
2.38467911590659 23 29
4.05240844022225 25 19
0 13 0
0.629511309456073 18 4
0 13 0
0.629511309456073 18 4
0.490483244155445 17 6
0 13 0
10.6193635056523 39 65
0.490483244155445 17 6
2.14691369881353 23 24
3.33783496521748 25 21
7.1968596030847 32 71
0.340333489148062 16 3
0 13 0
0.629511309456073 18 4
0.8284752394985 19 7
0.629511309456073 18 4
8.01772126458187 28 69
1.73962139586276 18 4
4.73533792576498 29 60
0 13 0
0.340333489148062 16 3
0 13 0
0.212620392827671 15 1
1.58466850430115 21 16
0 13 0
0.629511309456073 18 4
0 13 0
2.07981576701593 21 13
0.8284752394985 19 7
1.38812384205966 21 16
0.212620392827671 15 1
0.629511309456073 18 4
0.212620392827671 15 1
0.212620392827671 15 1
0.671510197576206 18 10
1.73962139586276 18 4
0 13 0
2.04115577114564 20 5
0.212620392827671 15 1
3.53664257852019 25 46
0 13 0
2.09223003434689 22 36
0.212620392827671 15 1
0.463899038896737 17 2
0.8284752394985 19 7
2.04115577114564 20 5
2.50273714460824 23 14
0.340333489148062 16 3
1.73962139586276 18 4
1.46633641798151 20 11
0.340333489148062 16 3
0.212620392827671 15 1
2.52668759064334 22 10
0.671510197576206 18 10
4.49609640475824 29 37
0 13 0
0.671510197576206 18 10
0.463899038896737 17 2
0.340333489148062 16 3
0 13 0
0 13 0
0.490483244155445 17 6
0.490483244155445 17 6
0 13 0
0.340333489148062 16 3
0.8284752394985 19 7
1.73962139586276 18 4
0 13 0
4.62102548565907 27 47
0 13 0
0.340333489148062 16 3
1.25096523367732 21 8
2.56673975491084 24 19
0.340333489148062 16 3
5.09363744138759 29 52
0.212620392827671 15 1
1.25096523367732 21 8
0.212620392827671 15 1
0.8284752394985 19 7
2.04115577114564 20 5
3.41435093571953 27 22
0.212620392827671 15 1
1.73962139586276 18 4
1.80424225835998 22 22
0.340333489148062 16 3
8.47255997410864 35 82
0.671510197576206 18 10
7.66719141437248 34 68
0.212620392827671 15 1
3.28089146027572 22 16
2.50134549977041 20 9
5.62133372566245 26 16
0.212620392827671 15 1
0 13 0
1.59999221944503 22 10
2.01697969793006 22 18
0.212620392827671 15 1
0.340333489148062 16 3
0.629511309456073 18 4
1.83343243892099 21 8
1.73962139586276 18 4
3.40436385679898 26 38
2.09223003434689 22 36
0 13 0
1.80424225835998 22 22
0.212620392827671 15 1
0.212620392827671 15 1
0.212620392827671 15 1
0.212620392827671 15 1
0 13 0
0.463899038896737 17 2
2.50134549977041 20 9
0.340333489148062 16 3
0 13 0
0.212620392827671 15 1
0.212620392827671 15 1
4.17709025135838 27 40
1.38812384205966 21 16
0 13 0
0 13 0
0 13 0
0.340333489148062 16 3
3.40436385679898 26 38
0 13 0
2.09223003434689 22 36
0 13 0
1.80424225835998 22 22
0.629511309456073 18 4
4.11898210489912 26 12
0.212620392827671 15 1
0.212620392827671 15 1
2.41405092440801 23 21
2.50134549977041 20 9
0.463899038896737 17 2
1.81336462771501 22 22
0.212620392827671 15 1
2.85478505792465 22 10
0.212620392827671 15 1
0 13 0
0.212620392827671 15 1
0.490483244155445 17 6
0.340333489148062 16 3
0.212620392827671 15 1
0.212620392827671 15 1
0 13 0
2.16873436035028 23 29
4.74745634413399 28 29
0.340333489148062 16 3
1.82473736995672 22 16
3.9596363671977 23 14
0.212620392827671 15 1
4.85347656855528 28 33
0 13 0
0 13 0
1.81336462771501 22 22
1.81818176018571 22 18
1.58466850430115 21 16
0.212620392827671 15 1
0 13 0
1.47999288076676 19 7
0.463899038896737 17 2
1.38812384205966 21 16
0 13 0
1.88882641216033 22 12
0 13 0
0.212620392827671 15 1
4.19122921783177 28 43
0 13 0
0.463899038896737 17 2
0.982950867610309 20 5
1.88882641216033 22 12
0 13 0
5.12035836005688 32 45
3.74686335913598 26 48
0 13 0
0.212620392827671 15 1
1.58466850430115 21 16
8.74334724842609 31 81
0 13 0
6.02666470759787 28 57
0.629511309456073 18 4
0 13 0
1.07437956151474 20 11
2.88576011810233 23 45
0 13 0
0.629511309456073 18 4
0.8284752394985 19 7
0 13 0
1.07437956151474 20 11
0.212620392827671 15 1
3.47182640975937 24 15
2.04115577114564 20 5
0.340333489148062 16 3
0 13 0
1.38812384205966 21 16
3.28089146027572 22 16
1.38812384205966 21 16
0 13 0
0.982950867610309 20 5
0.212620392827671 15 1
0.212620392827671 15 1
1.07437956151474 20 11
2.80570385826761 25 34
0.340333489148062 16 3
1.83343243892099 21 8
0.340333489148062 16 3
0.212620392827671 15 1
0 13 0
0 13 0
1.56199181093348 21 28
0 13 0
3.74686335913598 26 48
0.340333489148062 16 3
0 13 0
0.340333489148062 16 3
0 13 0
0.463899038896737 17 2
0 13 0
0.212620392827671 15 1
3.30225348966786 24 25
0 13 0
3.99540066823907 27 51
0.463899038896737 17 2
0 13 0
0.629511309456073 18 4
0.212620392827671 15 1
0 13 0
0 13 0
0.212620392827671 15 1
2.88576011810233 23 45
0.765433414179615 19 3
0 13 0
0.212620392827671 15 1
0 13 0
3.29658450561744 24 11
0 13 0
0.463899038896737 17 2
0 13 0
0.895677772560699 19 15
0.895677772560699 19 15
0.463899038896737 17 2
0.212620392827671 15 1
0 13 0
0.463899038896737 17 2
0 13 0
0.212620392827671 15 1
0 13 0
0.212620392827671 15 1
0.463899038896737 17 2
7.4958567039435 33 74
0.490483244155445 17 6
2.50134549977041 20 9
0.340333489148062 16 3
0.463899038896737 17 2
0.490483244155445 17 6
8.46322029416661 30 76
0.212620392827671 15 1
3.40436385679898 26 38
0.490483244155445 17 6
0 13 0
0.490483244155445 17 6
1.39818002268779 21 13
0 13 0
1.25484768439868 21 7
0.463899038896737 17 2
0.463899038896737 17 2
3.55095424357981 24 11
0.629511309456073 18 4
0.463899038896737 17 2
2.16873436035028 23 29
0.671510197576206 18 10
0.463899038896737 17 2
0 13 0
1.58466850430115 21 16
0 13 0
1.57906270095862 23 14
1.56199181093348 21 28
0.212620392827671 15 1
0 13 0
0 13 0
0 13 0
0.463899038896737 17 2
0.895677772560699 19 15
0 13 0
0 13 0
4.2062431277646 24 55
0 13 0
0.765433414179615 19 3
0.463899038896737 17 2
4.61415034710007 26 26
0 13 0
1.46633641798151 20 11
11.2243109969079 35 68
0.212620392827671 15 1
0.490483244155445 17 6
0.671510197576206 18 10
0.212620392827671 15 1
0 13 0
0.629511309456073 18 4
2.10264340079355 23 17
0 13 0
4.72327911642354 27 32
3.53664257852019 25 46
0.463899038896737 17 2
3.95110200978442 25 25
2.09223003434689 22 36
3.03987175480868 25 30
2.85478505792465 22 10
0.490483244155445 17 6
0.340333489148062 16 3
0.629511309456073 18 4
1.47999288076676 19 7
5.26858387459526 27 20
0.340333489148062 16 3
0.212620392827671 15 1
0 13 0
0 13 0
4.25657125184927 27 47
7.81703656806129 27 67
2.7036097051481 24 37
0.212620392827671 15 1
0.463899038896737 17 2
0.212620392827671 15 1
0.671510197576206 18 10
3.20641251090302 29 41
1.47999288076676 19 7
2.04115577114564 20 5
0.340333489148062 16 3
0.340333489148062 16 3
3.11734784066461 25 25
0 13 0
0.212620392827671 15 1
0 13 0
0 13 0
2.09223003434689 22 36
0.765433414179615 19 3
0.340333489148062 16 3
0.340333489148062 16 3
1.73962139586276 18 4
0.671510197576206 18 10
0 13 0
0.490483244155445 17 6
1.38812384205966 21 16
0 13 0
0.212620392827671 15 1
1.56199181093348 21 28
0.212620392827671 15 1
0.671510197576206 18 10
0 13 0
1.56199181093348 21 28
0.212620392827671 15 1
0 13 0
8.80576265094049 36 77
0.765433414179615 19 3
0.340333489148062 16 3
0.212620392827671 15 1
0.212620392827671 15 1
0 13 0
2.88576011810233 23 45
0.629511309456073 18 4
0.463899038896737 17 2
5.15090267085757 27 58
1.80424225835998 22 22
0 13 0
0 13 0
0.212620392827671 15 1
0.463899038896737 17 2
0.463899038896737 17 2
0.629511309456073 18 4
0.212620392827671 15 1
3.03987175480868 25 30
0.212620392827671 15 1
2.09223003434689 22 36
0.212620392827671 15 1
2.10264340079355 23 17
0 13 0
0 13 0
4.2062431277646 24 55
4.82909039631478 29 47
0 13 0
0.340333489148062 16 3
0 13 0
0 13 0
1.59999221944503 22 10
1.47999288076676 19 7
3.55095424357981 24 11
0.340333489148062 16 3
0.982950867610309 20 5
0.212620392827671 15 1
0 13 0
0 13 0
5.15090267085757 27 58
2.38467911590659 23 29
0.895677772560699 19 15
0 13 0
0 13 0
0.212620392827671 15 1
0.629511309456073 18 4
0.765433414179615 19 3
0.212620392827671 15 1
0 13 0
0 13 0
0.671510197576206 18 10
0 13 0
0 13 0
2.86807681497316 23 14
0 13 0
0 13 0
2.44212649029049 24 31
0.212620392827671 15 1
0.212620392827671 15 1
2.56673975491084 24 19
4.59260048507769 22 10
0.490483244155445 17 6
0 13 0
3.74129257076939 27 40
0.340333489148062 16 3
2.70047267226913 23 8
1.59999221944503 22 10
2.23785339792804 23 14
0.463899038896737 17 2
4.98098898620136 24 17
0.212620392827671 15 1
0.340333489148062 16 3
0 13 0
0 13 0
0.212620392827671 15 1
1.18200126231826 20 21
8.74334724842609 31 81
3.28639304322877 26 28
0.212620392827671 15 1
0.212620392827671 15 1
0.212620392827671 15 1
0.212620392827671 15 1
6.21776595122685 30 31
0.212620392827671 15 1
0.212620392827671 15 1
2.04115577114564 20 5
1.58466850430115 21 16
2.36655812573112 25 25
0 13 0
0 13 0
0 13 0
0 13 0
0.895677772560699 19 15
0.671510197576206 18 10
1.38812384205966 21 16
0.212620392827671 15 1
0 13 0
0 13 0
0.463899038896737 17 2
0.212620392827671 15 1
0.212620392827671 15 1
1.56199181093348 21 28
0.490483244155445 17 6
5.3480976866124 28 34
0.490483244155445 17 6
1.56199181093348 21 28
1.46633641798151 20 11
0.340333489148062 16 3
1.18200126231826 20 21
0 13 0
0 13 0
4.2062431277646 24 55
5.37203182424609 28 61
0.212620392827671 15 1
0.765433414179615 19 3
0.629511309456073 18 4
5.37203182424609 28 61
3.70775019021341 25 15
0.490483244155445 17 6
0.212620392827671 15 1
0.463899038896737 17 2
0 13 0
3.53664257852019 25 46
3.23152299800042 26 42
1.07437956151474 20 11
0.629511309456073 18 4
1.83343243892099 21 8
0.340333489148062 16 3
3.32044095835764 24 19
0.212620392827671 15 1
7.81703656806129 27 67
0 13 0
0 13 0
0 13 0
1.56199181093348 21 28
0.340333489148062 16 3
0.212620392827671 15 1
0.212620392827671 15 1
0.212620392827671 15 1
0.212620392827671 15 1
3.0698890117304 24 11
0.490483244155445 17 6
0 13 0
0 13 0
0.212620392827671 15 1
0.629511309456073 18 4
0.212620392827671 15 1
0.831926306806373 19 6
0.490483244155445 17 6
0 13 0
0.212620392827671 15 1
0.490483244155445 17 6
1.81818176018571 22 18
2.01697969793006 22 18
2.04115577114564 20 5
0.629511309456073 18 4
0 13 0
2.16873436035028 23 29
0 13 0
5.61696498990358 26 26
0.340333489148062 16 3
0.629511309456073 18 4
2.10264340079355 23 17
5.75500091407331 28 57
0.212620392827671 15 1
0.340333489148062 16 3
0 13 0
0.340333489148062 16 3
0 13 0
0 13 0
1.08106260277289 20 9
0.490483244155445 17 6
1.07437956151474 20 11
0.463899038896737 17 2
2.04115577114564 20 5
1.46633641798151 20 11
0 13 0
5.43175191895014 29 44
1.83343243892099 21 8
0.212620392827671 15 1
0.212620392827671 15 1
0 13 0
1.47999288076676 19 7
0.340333489148062 16 3
0.490483244155445 17 6
0.212620392827671 15 1
0 13 0
0.463899038896737 17 2
0.212620392827671 15 1
0.629511309456073 18 4
0.765433414179615 19 3
1.08106260277289 20 9
0.8284752394985 19 7
0 13 0
0 13 0
1.73962139586276 18 4
0.212620392827671 15 1
2.04115577114564 20 5
4.95330620017367 26 56
0.212620392827671 15 1
0.340333489148062 16 3
1.08106260277289 20 9
0 13 0
0 13 0
4.95330620017367 26 56
0.629511309456073 18 4
1.47999288076676 19 7
0 13 0
0.212620392827671 15 1
0 13 0
0.212620392827671 15 1
0.831926306806373 19 6
0 13 0
4.2062431277646 24 55
0 13 0
0.629511309456073 18 4
2.16873436035028 23 29
0.895677772560699 19 15
0.463899038896737 17 2
0.212620392827671 15 1
0.340333489148062 16 3
0 13 0
0.490483244155445 17 6
0.212620392827671 15 1
1.88882641216033 22 12
2.71600674995771 23 21
8.01772126458187 28 69
0.212620392827671 15 1
0 13 0
0 13 0
0 13 0
0.490483244155445 17 6
2.50273714460824 23 14
2.38467911590659 23 29
2.40969778538027 22 6
0.765433414179615 21 8
0.340333489148062 16 3
6.3512844074429 30 50
0.340333489148062 16 3
1.39818002268779 21 13
0.671510197576206 18 10
0.982950867610309 20 5
0.212620392827671 15 1
0.490483244155445 17 6
0 13 0
0 13 0
0 13 0
0.212620392827671 15 1
0.212620392827671 15 1
4.9110791956453 27 28
0.895677772560699 19 15
0.340333489148062 16 3
4.96114249931232 24 11
0.671510197576206 18 10
2.01697969793006 22 18
5.28208726614877 33 47
0.212620392827671 15 1
5.79664185989411 27 20
1.08106260277289 20 9
0.463899038896737 17 2
0.340333489148062 16 3
0.671510197576206 18 10
0 13 0
0.490483244155445 17 6
0.212620392827671 15 1
1.58466850430115 21 16
0.463899038896737 17 2
0.340333489148062 16 3
0.212620392827671 15 1
0 13 0
0.765433414179615 19 3
2.16509071003198 24 23
0 13 0
8.74334724842609 31 81
0 13 0
3.11734784066461 25 25
0.340333489148062 16 3
0 13 0
0.212620392827671 15 1
0.340333489148062 16 3
1.73962139586276 18 4
0.212620392827671 15 1
0.982950867610309 20 5
0.212620392827671 15 1
0 13 0
0 13 0
1.46633641798151 20 11
3.53664257852019 25 46
0.212620392827671 15 1
0 13 0
0 13 0
0 13 0
0 13 0
0.765433414179615 19 3
4.2062431277646 24 55
0.463899038896737 17 2
0.895677772560699 19 15
0.629511309456073 18 4
0.629511309456073 18 4
0.212620392827671 15 1
0.895677772560699 19 15
0 13 0
0.982950867610309 20 5
1.38812384205966 21 16
11.6872026261359 35 80
0.212620392827671 15 1
0 13 0
0.340333489148062 16 3
0 13 0
2.09223003434689 22 36
0 13 0
3.93764066260776 26 38
0.629511309456073 18 4
1.07437956151474 20 11
2.04115577114564 20 5
1.57906270095862 23 14
0.463899038896737 17 2
0 13 0
1.07437956151474 20 11
0.629511309456073 18 4
2.16873436035028 23 29
5.80870895345047 31 54
0 13 0
4.2062431277646 24 55
0.629511309456073 18 4
0.212620392827671 15 1
0 13 0
1.46633641798151 20 11
0 13 0
0.212620392827671 15 1
4.09617545060767 24 25
0.671510197576206 18 10
0 13 0
0.8284752394985 19 7
0.212620392827671 15 1
0.671510197576206 18 10
3.28089146027572 22 16
0.212620392827671 15 1
0.982950867610309 20 5
0 13 0
0 13 0
0 13 0
0.212620392827671 15 1
0.671510197576206 18 10
0 13 0
0.212620392827671 15 1
0.212620392827671 15 1
2.09223003434689 22 36
0.340333489148062 16 3
0.212620392827671 15 1
0.212620392827671 15 1
2.7036097051481 24 37
0.340333489148062 16 3
0.629511309456073 18 4
1.18200126231826 20 21
0.671510197576206 18 10
1.07437956151474 20 11
0.212620392827671 15 1
0.212620392827671 15 1
6.40288843342437 31 73
0.212620392827671 15 1
2.09223003434689 22 36
0 13 0
6.84454519143894 25 66
0 13 0
0.212620392827671 15 1
0 13 0
2.16873436035028 23 29
0.629511309456073 18 4
2.45047379075571 23 13
0 13 0
2.02086214865142 25 15
0.212620392827671 15 1
0.212620392827671 15 1
0.765433414179615 19 3
0.212620392827671 15 1
0 13 0
0.895677772560699 19 15
1.58466850430115 21 16
0 13 0
0.212620392827671 15 1
0.212620392827671 15 1
0.671510197576206 18 10
2.6275888079756 24 27
0.629511309456073 18 4
0 13 0
0 13 0
0 13 0
0.212620392827671 15 1
2.04115577114564 20 5
0.340333489148062 16 3
0.212620392827671 15 1
0.490483244155445 17 6
0 13 0
1.73962139586276 18 4
0.671510197576206 18 10
0 13 0
0.212620392827671 15 1
0 13 0
0.8284752394985 19 7
0 13 0
1.59235445800714 22 12
0.629511309456073 18 4
2.80518448825017 25 25
0.212620392827671 15 1
0.212620392827671 15 1
0 13 0
0.212620392827671 15 1
0 13 0
0.340333489148062 16 3
1.40138069758699 21 12
0.212620392827671 15 1
2.5359093146022 24 19
0 13 0
0.765433414179615 19 3
1.08106260277289 20 9
0.629511309456073 18 4
0 13 0
0.340333489148062 16 3
0.212620392827671 15 1
1.39818002268779 21 13
0.463899038896737 17 2
0.212620392827671 15 1
0.340333489148062 16 3
0.340333489148062 16 3
0.212620392827671 15 1
4.2062431277646 24 55
0.765433414179615 19 3
0.982950867610309 20 5
0.463899038896737 17 2
2.04115577114564 20 5
3.12668187471302 23 12
0.340333489148062 16 3
1.38812384205966 21 16
0.212620392827671 15 1
1.07437956151474 20 11
4.2062431277646 24 55
0.8284752394985 19 7
4.2062431277646 24 55
0 13 0
0.490483244155445 17 6
0.340333489148062 16 3
0 13 0
0.212620392827671 15 1
0.765433414179615 19 3
0.895677772560699 19 15
2.88576011810233 23 45
2.07981576701593 21 13
0.629511309456073 18 4
0.340333489148062 16 3
0.212620392827671 15 1
0 13 0
0.212620392827671 15 1
1.08106260277289 20 9
0.629511309456073 18 4
2.80570385826761 25 34
0.212620392827671 15 1
0 13 0
2.50134549977041 20 9
3.54496443617924 27 22
0.212620392827671 15 1
0.212620392827671 15 1
0.212620392827671 15 1
0 13 0
2.04471860139162 23 17
2.25867322457633 21 7
1.80424225835998 22 22
1.25096523367732 21 8
0.212620392827671 15 1
0 13 0
0 13 0
0 13 0
1.56199181093348 21 28
1.08106260277289 20 9
0.671510197576206 18 10
0 13 0
6.67990296012497 32 48
4.09617545060767 24 25
0.490483244155445 17 6
2.40353544337131 23 24
0 13 0
1.18200126231826 20 21
0.340333489148062 16 3
0.212620392827671 15 1
0 13 0
0.212620392827671 15 1
0.340333489148062 16 3
0.490483244155445 17 6
0.340333489148062 16 3
2.46995938704696 24 23
0.463899038896737 17 2
0.212620392827671 15 1
6.84454519143894 25 66
1.18200126231826 20 21
0 13 0
0 13 0
2.6275888079756 24 27
0.463899038896737 17 2
0.212620392827671 15 1
0 13 0
0.212620392827671 15 1
1.08106260277289 20 9
0.212620392827671 15 1
0 13 0
0.340333489148062 16 3
3.74686335913598 26 48
0.895677772560699 19 15
0.212620392827671 15 1
11.5051071873073 35 87
3.25314872141663 24 37
6.64088191671528 32 36
0.895677772560699 19 15
2.88576011810233 23 45
0.212620392827671 15 1
0.671510197576206 18 10
0.212620392827671 15 1
0 13 0
0 13 0
0.212620392827671 15 1
0 13 0
1.73962139586276 18 4
0.340333489148062 16 3
0.490483244155445 17 6
1.13397542841424 21 4
0.212620392827671 15 1
1.47999288076676 19 7
0.629511309456073 18 4
4.05240844022225 25 19
5.63590379216445 29 65
1.18200126231826 20 21
0.490483244155445 17 6
0.212620392827671 15 1
3.48705005724482 25 39
0 13 0
1.08106260277289 20 9
2.18057424990791 27 30
0.212620392827671 15 1
4.2062431277646 24 55
0.340333489148062 16 3
0.463899038896737 17 2
0.212620392827671 15 1
0 13 0
0.8284752394985 19 7
1.38812384205966 21 16
1.73962139586276 18 4
0.340333489148062 16 3
0 13 0
4.29339578241916 27 40
0.212620392827671 15 1
0.629511309456073 18 4
0.212620392827671 15 1
0.340333489148062 16 3
2.85478505792465 22 10
2.5359093146022 24 19
6.84454519143894 25 66
0.340333489148062 16 3
1.47999288076676 19 7
0.490483244155445 17 6
0.895677772560699 19 15
0.982950867610309 20 5
0.671510197576206 18 10
0 13 0
0 13 0
0.671510197576206 18 10
0.463899038896737 17 2
0 13 0
1.56199181093348 21 28
0.340333489148062 16 3
1.47999288076676 19 7
0.212620392827671 15 1
2.88576011810233 23 45
0 13 0
1.47999288076676 19 7
0.212620392827671 15 1
0 13 0
0.765433414179615 19 3
3.25314872141663 24 37
0 13 0
0 13 0
0.463899038896737 17 2
1.46633641798151 20 11
0 13 0
7.10191548545201 32 83
0.212620392827671 15 1
0.212620392827671 15 1
0.629511309456073 18 4
0 13 0
1.25484768439868 21 7
0.212620392827671 15 1
0 13 0
0 13 0
0.212620392827671 15 1
0.212620392827671 15 1
1.08106260277289 20 9
0.340333489148062 16 3
0 13 0
0.765433414179615 19 3
0.212620392827671 15 1
0 13 0
1.73962139586276 18 4
0.340333489148062 16 3
0 13 0
10.1726739629761 33 82
0.212620392827671 15 1
2.10264340079355 23 17
0.212620392827671 15 1
3.92425422171178 27 35
0 13 0
0 13 0
0.212620392827671 15 1
0.490483244155445 17 6
0.212620392827671 15 1
0 13 0
0.895677772560699 19 15
6.84454519143894 25 66
0.212620392827671 15 1
0 13 0
1.46633641798151 20 11
0.212620392827671 15 1
0.629511309456073 18 4
0 13 0
0.629511309456073 18 4
0 13 0
0.212620392827671 15 1
0 13 0
2.07981576701593 21 13
0.212620392827671 15 1
0.629511309456073 18 4
0.340333489148062 16 3
0.212620392827671 15 1
0 13 0
0.212620392827671 15 1
0.212620392827671 15 1
2.40969778538027 22 6
0 13 0
1.07437956151474 20 11
0.340333489148062 16 3
1.46633641798151 20 11
1.73962139586276 18 4
0 13 0
4.21087173128094 28 39
0.340333489148062 16 3
0 13 0
4.2062431277646 24 55
0.831926306806373 19 6
0.463899038896737 17 2
1.39818002268779 21 13
0.212620392827671 15 1
8.30964368728935 36 63
4.2062431277646 24 55
0 13 0
0 13 0
1.25096523367732 21 8
1.56199181093348 21 28
1.18200126231826 20 21
0 13 0
0 13 0
0 13 0
0 13 0
0 13 0
2.18181811222285 24 19
0.212620392827671 15 1
2.45047379075571 23 13
0.463899038896737 17 2
1.80424225835998 22 22
0.212620392827671 15 1
0.670802770731441 28 37
13.0271036974188 42 113
1.58466850430115 21 16
0.8284752394985 19 7
1.80424225835998 22 22
0.463899038896737 17 2
0 13 0
1.38812384205966 21 16
0.212620392827671 15 1
0.671510197576206 18 10
1.56199181093348 21 28
3.28089146027572 22 16
0 13 0
0.340333489148062 16 3
0 13 0
1.83343243892099 21 8
2.50273714460824 23 14
0.212620392827671 15 1
7.07065454870705 30 64
0.340333489148062 16 3
0.340333489148062 16 3
0 13 0
4.97083493230246 26 36
0.463899038896737 17 2
0.463899038896737 17 2
3.70338145445454 24 17
2.46995938704696 24 23
1.56199181093348 21 28
3.32044095835764 24 19
0.212620392827671 15 1
0.212620392827671 15 1
6.84454519143894 25 66
0.671510197576206 18 10
0.340333489148062 16 3
0 13 0
1.46633641798151 20 11
0 13 0
0 13 0
0 13 0
3.28089146027572 22 16
0 13 0
0.463899038896737 17 2
0.212620392827671 15 1
0.340333489148062 16 3
1.56199181093348 21 28
0.212620392827671 15 1
0 13 0
2.16873436035028 23 29
5.09363744138759 29 52
0 13 0
0 13 0
0.671510197576206 18 10
3.31822254586 26 18
0.629511309456073 18 4
0.340333489148062 16 3
0.671510197576206 18 10
0.212620392827671 15 1
3.33563531450318 26 38
1.46633641798151 20 11
0.490483244155445 17 6
0 13 0
1.38812384205966 21 16
2.41405092440801 23 21
4.2062431277646 24 55
0.895677772560699 19 15
12.9991571188067 37 112
2.04115577114564 20 5
0.212620392827671 15 1
0.463899038896737 17 2
0.212620392827671 15 1
5.61696498990358 26 26
0.463899038896737 17 2
0 13 0
0 13 0
1.47999288076676 19 7
3.0698890117304 24 11
0.212620392827671 15 1
0.629511309456073 18 4
1.18200126231826 20 21
0 13 0
0.212620392827671 15 1
0.671510197576206 18 10
0 13 0
0.895677772560699 19 15
0 13 0
1.73962139586276 18 4
0.671510197576206 18 10
0.340333489148062 16 3
0.671510197576206 18 10
3.30225348966786 24 25
2.5359093146022 24 19
1.07437956151474 20 11
3.53664257852019 25 46
2.16873436035028 23 29
7.03072327103934 29 59
2.50134549977041 20 9
0.212620392827671 15 1
0.212620392827671 15 1
0 13 0
1.47999288076676 19 7
0.671510197576206 18 10
0.212620392827671 15 1
0.212620392827671 15 1
2.45047379075571 23 13
0.895677772560699 19 15
3.28639304322877 26 28
2.93834521203255 25 39
1.58466850430115 21 16
0.8284752394985 19 7
1.81336462771501 22 22
1.81336462771501 22 22
0.982950867610309 20 5
0.463899038896737 17 2
0.212620392827671 15 1
0.463899038896737 17 2
0 13 0
0.212620392827671 15 1
0.212620392827671 15 1
0.8284752394985 19 7
0.212620392827671 15 1
2.85478505792465 22 10
3.25314872141663 24 37
3.29471031944557 24 27
0.463899038896737 17 2
0 13 0
3.23152299800042 26 42
5.42278843389415 26 18
7.25281065103983 31 32
0 13 0
0.212620392827671 15 1
2.46995938704696 24 23
0.671510197576206 18 10
0.212620392827671 15 1
0 13 0
0.212620392827671 15 1
0.490483244155445 17 6
0.212620392827671 15 1
0.490483244155445 17 6
0.629511309456073 18 4
1.73962139586276 18 4
0.629511309456073 18 4
1.56199181093348 21 28
1.73962139586276 18 4
0.463899038896737 17 2
0.463899038896737 17 2
1.58466850430115 21 16
0.212620392827671 15 1
0.671510197576206 18 10
0.340333489148062 16 3
1.58466850430115 21 16
0.212620392827671 15 1
0.340333489148062 16 3
0.212620392827671 15 1
4.95330620017367 26 56
0.212620392827671 15 1
1.07437956151474 20 11
0.340333489148062 16 3
0.212620392827671 15 1
2.05645081212443 23 14
0.490483244155445 17 6
0 13 0
6.84454519143894 25 66
0.212620392827671 15 1
0 13 0
1.80424225835998 22 22
0.8284752394985 19 7
1.80424225835998 22 22
2.10264340079355 23 17
0 13 0
0 13 0
0.212620392827671 15 1
1.18200126231826 20 21
0.212620392827671 15 1
0 13 0
0 13 0
0 13 0
0.831926306806373 19 6
0.340333489148062 16 3
0.212620392827671 15 1
0.212620392827671 15 1
0.340333489148062 16 3
0.671510197576206 18 10
2.46995938704696 24 23
0 13 0
0.490483244155445 17 6
0.340333489148062 16 3
7.81703656806129 27 67
0.895677772560699 19 15
4.2037002872296 25 22
0 13 0
1.47999288076676 19 7
2.86807681497316 23 14
4.20540646952941 28 51
1.07437956151474 20 11
1.73962139586276 18 4
0.212620392827671 15 1
0.212620392827671 15 1
11.4910345839888 35 111
1.18200126231826 20 21
0.212620392827671 15 1
4.29328601247604 26 26
1.18200126231826 20 21
0 13 0
0.212620392827671 15 1
0.8284752394985 19 7
0.212620392827671 15 1
0.212620392827671 15 1
1.25096523367732 21 8
0.212620392827671 15 1
0 13 0
0 13 0
1.18200126231826 20 21
0.671510197576206 18 10
0.671510197576206 18 10
0.671510197576206 18 10
0.671510197576206 18 10
7.81703656806129 27 67
0.340333489148062 16 3
0.671510197576206 18 10
0.212620392827671 15 1
0.212620392827671 15 1
3.53664257852019 25 46
1.47999288076676 19 7
0.463899038896737 17 2
0.671510197576206 18 10
0 13 0
1.08106260277289 20 9
0.340333489148062 16 3
0.212620392827671 15 1
0 13 0
0.212620392827671 15 1
0.629511309456073 18 4
0.340333489148062 16 3
1.08106260277289 20 9
0 13 0
0.212620392827671 15 1
4.85347656855528 28 33
2.6275888079756 24 27
0 13 0
0 13 0
0 13 0
0 13 0
1.18200126231826 20 21
0.671510197576206 18 10
6.12230250803225 31 48
0 13 0
9.09871698106136 32 87
2.85478505792465 22 10
1.18200126231826 20 21
0.212620392827671 15 1
0.212620392827671 15 1
0.671510197576206 18 10
0.212620392827671 15 1
0.212620392827671 15 1
9.60230178848222 33 47
0.671510197576206 18 10
0.212620392827671 15 1
0.340333489148062 16 3
2.04115577114564 20 5
0.765433414179615 19 3
0.340333489148062 16 3
0 13 0
1.38812384205966 21 16
0.490483244155445 17 6
0 13 0
0.982950867610309 20 5
0.212620392827671 15 1
4.25657125184927 27 47
1.46633641798151 20 11
0.831926306806373 19 6
0 13 0
1.18200126231826 20 21
2.10264340079355 23 17
0.982950867610309 20 5
0.212620392827671 15 1
0 13 0
0.463899038896737 17 2
0 13 0
0 13 0
0.212620392827671 15 1
0.212620392827671 15 1
1.18200126231826 20 21
0 13 0
0.671510197576206 18 10
0 13 0
0.212620392827671 15 1
0.463899038896737 17 2
0 13 0
0.490483244155445 17 6
0.340333489148062 16 3
1.73962139586276 18 4
2.09223003434689 22 36
0.629511309456073 18 4
0.895677772560699 19 15
0.629511309456073 18 4
0 13 0
2.64908531261375 24 11
0.212620392827671 15 1
1.81818176018571 22 18
0.671510197576206 18 10
0 13 0
1.47999288076676 19 7
0.212620392827671 15 1
0 13 0
0 13 0
2.41405092440801 23 21
0 13 0
0.212620392827671 15 1
0.671510197576206 18 10
1.81336462771501 22 22
0.463899038896737 17 2
0 13 0
0.212620392827671 15 1
0 13 0
0 13 0
0.212620392827671 15 1
0 13 0
3.25314872141663 24 37
0.212620392827671 15 1
0.340333489148062 16 3
0 13 0
0.212620392827671 15 1
0.212620392827671 15 1
1.56199181093348 21 28
0.895677772560699 19 15
0.490483244155445 17 6
3.40436385679898 26 38
0.629511309456073 18 4
0 13 0
0.490483244155445 17 6
0.212620392827671 15 1
0.490483244155445 17 6
0 13 0
0.212620392827671 15 1
4.66491440707772 27 26
0.340333489148062 16 3
0.212620392827671 15 1
0 13 0
2.50134549977041 20 9
2.7036097051481 24 37
0.212620392827671 15 1
0.629511309456073 18 4
0 13 0
7.62210038874004 33 77
0.463899038896737 17 2
0.671510197576206 18 10
0 13 0
0.490483244155445 17 6
5.50029731676298 28 18
1.47999288076676 19 7
0.340333489148062 16 3
0.463899038896737 17 2
0.629511309456073 18 4
6.76389535102812 32 60
0.463899038896737 17 2
0.212620392827671 15 1
0 13 0
0.212620392827671 15 1
0.340333489148062 16 3
0.212620392827671 15 1
0 13 0
0.212620392827671 15 1
0.8284752394985 19 7
0 13 0
0.212620392827671 15 1
0.490483244155445 17 6
0.340333489148062 16 3
0.463899038896737 17 2
1.80424225835998 22 22
0.212620392827671 15 1
1.25484768439868 21 7
3.74686335913598 26 48
0.490483244155445 17 6
0 13 0
2.14691369881353 23 24
0.212620392827671 15 1
10.6134503687959 33 79
2.7036097051481 24 37
0.982950867610309 20 5
0 13 0
0.212620392827671 15 1
0 13 0
9.51575043580637 35 92
0 13 0
3.82821215823076 28 43
0.212620392827671 15 1
0.463899038896737 17 2
0.463899038896737 17 2
0.340333489148062 16 3
2.38393471060992 25 21
0.212620392827671 15 1
0.8284752394985 19 7
0 13 0
1.38812384205966 21 16
0.340333489148062 16 3
0 13 0
1.08106260277289 20 9
0.629511309456073 18 4
0.212620392827671 15 1
0.340333489148062 16 3
0 13 0
0.212620392827671 15 1
0 13 0
0.212620392827671 15 1
0 13 0
7.81703656806129 27 67
0.340333489148062 16 3
0.982950867610309 20 5
2.40353544337131 23 24
0 13 0
3.41435093571953 27 22
5.80870895345047 31 54
0 13 0
0 13 0
0.212620392827671 15 1
4.2603082504762 28 37
0 13 0
0 13 0
0 13 0
0 13 0
0.765433414179615 19 3
1.80424225835998 22 22
2.52668759064334 23 17
0.212620392827671 15 1
0.463899038896737 17 2
4.95330620017367 26 56
0.212620392827671 15 1
1.88882641216033 22 12
0.340333489148062 16 3
0 13 0
0.629511309456073 18 4
0 13 0
2.93834521203255 25 39
0 13 0
1.80424225835998 22 22
1.38812384205966 21 16
2.50134549977041 20 9
0.490483244155445 17 6
0.629511309456073 18 4
0 13 0
2.7036097051481 24 37
2.46995938704696 24 23
0.212620392827671 15 1
0.340333489148062 16 3
2.93834521203255 25 39
0.463899038896737 17 2
0 13 0
0.982950867610309 20 5
0.340333489148062 16 3
0.8284752394985 19 7
0.212620392827671 15 1
0.212620392827671 15 1
0.212620392827671 15 1
0.831926306806373 19 6
1.83343243892099 21 8
0 13 0
0.671510197576206 18 10
0.340333489148062 16 3
0 13 0
4.62102548565907 27 47
2.7036097051481 24 37
0.463899038896737 17 2
0 13 0
0.490483244155445 17 6
2.23785339792804 23 14
0 13 0
0 13 0
0.212620392827671 15 1
0 13 0
0.212620392827671 15 1
0 13 0
2.16873436035028 23 29
0 13 0
0.212620392827671 15 1
0.8284752394985 19 7
0.340333489148062 16 3
1.56199181093348 21 28
0.629511309456073 18 4
0.340333489148062 16 3
1.81336462771501 22 22
0 13 0
0 13 0
1.47999288076676 19 7
0.982950867610309 20 5
2.43202783324738 24 13
0 13 0
6.0092437902073 29 59
0.463899038896737 17 2
0 13 0
2.09223003434689 22 36
0.212620392827671 15 1
0.212620392827671 15 1
6.84454519143894 25 66
4.61415034710007 26 26
0.340333489148062 16 3
0 13 0
0 13 0
0.212620392827671 15 1
13.4982506354367 38 84
0.212620392827671 15 1
1.73962139586276 18 4
0.212620392827671 15 1
0.463899038896737 17 2
0 13 0
0.463899038896737 17 2
0 13 0
1.58466850430115 21 16
0 13 0
2.52668759064334 22 10
1.08106260277289 20 9
5.11574670044043 31 45
0.340333489148062 16 3
0.463899038896737 17 2
1.66417954370753 26 38
0.212620392827671 15 1
0.765433414179615 19 3
0 13 0
0.463899038896737 17 2
1.88882641216033 22 12
0.671510197576206 18 10
4.95330620017367 26 56
0.490483244155445 17 6
0.629511309456073 18 4
1.73962139586276 18 4
2.40969778538027 22 6
1.80424225835998 22 22
2.43202783324738 24 13
0.212620392827671 15 1
8.83325389292313 29 68
2.07981576701593 21 13
2.09223003434689 22 36
0 13 0
0.463899038896737 17 2
0 13 0
2.16873436035028 23 29
0.212620392827671 15 1
1.08106260277289 20 9
0.212620392827671 15 1
0.212620392827671 15 1
0 13 0
1.38812384205966 21 16
1.47999288076676 19 7
2.10532925570936 22 10
0 13 0
4.5639412453236 26 24
0.671510197576206 18 10
1.56199181093348 21 28
0 13 0
0.212620392827671 15 1
9.47050253859756 34 46
2.09223003434689 22 36
0 13 0
0.340333489148062 16 3
0 13 0
0 13 0
1.39818002268779 21 13
0.765433414179615 19 3
0.629511309456073 18 4
0.629511309456073 18 4
0.212620392827671 15 1
0.212620392827671 15 1
0.895677772560699 19 15
0 13 0
0 13 0
1.40138069758699 21 12
0.212620392827671 15 1
0 13 0
6.84454519143894 25 66
2.09223003434689 22 36
0.831926306806373 19 6
0.490483244155445 17 6
0.212620392827671 15 1
0.340333489148062 16 3
3.45491938401438 26 27
0.463899038896737 17 2
0.340333489148062 16 3
4.16595500234726 27 35
2.7036097051481 24 37
0.490483244155445 17 6
0 13 0
0 13 0
2.7036097051481 24 37
0.212620392827671 15 1
4.21087173128094 28 39
3.28089146027572 22 16
0.982950867610309 20 5
0.212620392827671 15 1
0 13 0
4.61415034710007 26 26
0.831926306806373 19 6
2.09223003434689 22 36
0.212620392827671 15 1
0 13 0
2.01697969793006 22 18
0 13 0
0.463899038896737 17 2
0.212620392827671 15 1
0.629511309456073 18 4
3.3958641238923 27 32
4.89813769324077 29 52
1.88882641216033 22 12
0 13 0
0.212620392827671 15 1
0.463899038896737 17 2
0.490483244155445 17 6
0.8284752394985 19 7
2.10532925570936 22 10
0.340333489148062 16 3
0.629511309456073 18 4
0.629511309456073 18 4
1.47999288076676 19 7
2.7036097051481 24 37
0 13 0
0 13 0
0.340333489148062 16 3
0.490483244155445 17 6
3.40436385679898 26 38
0.340333489148062 16 3
0 13 0
4.09617545060767 24 25
8.54730200414179 34 72
0.340333489148062 16 3
0 13 0
3.33783496521748 25 21
0.212620392827671 15 1
0 13 0
0 13 0
16.1656097193157 40 127
0.463899038896737 17 2
0.671510197576206 18 10
0.629511309456073 18 4
0.212620392827671 15 1
0.463899038896737 17 2
7.88107798052164 31 64
0.212620392827671 15 1
2.50273714460824 24 19
2.04115577114564 20 5
0.212620392827671 15 1
0.340333489148062 16 3
0 13 0
0.212620392827671 15 1
0.671510197576206 18 10
0 13 0
2.04115577114564 20 5
0 13 0
1.56199181093348 21 28
1.13397542841424 21 4
0 13 0
0.490483244155445 17 6
6.40288843342437 31 73
0.340333489148062 16 3
1.25484768439868 21 7
0 13 0
0.340333489148062 16 3
0.8284752394985 19 7
0.340333489148062 16 3
0 13 0
0 13 0
0.212620392827671 15 1
0.463899038896737 17 2
0.629511309456073 18 4
0.212620392827671 15 1
0.212620392827671 15 1
0 13 0
0.629511309456073 18 4
0.340333489148062 16 3
0.671510197576206 18 10
0.212620392827671 15 1
10.2982788495781 34 102
0.340333489148062 16 3
0 13 0
4.73533792576498 29 60
0 13 0
0 13 0
0.212620392827671 15 1
1.39818002268779 21 13
0 13 0
0.212620392827671 15 1
0 13 0
0.212620392827671 15 1
1.57906270095862 23 14
0.490483244155445 17 6
2.14691369881353 23 24
0 13 0
0 13 0
1.88882641216033 22 12
2.01697969793006 22 18
0.490483244155445 17 6
2.8952001727023 25 30
5.46280794297135 29 48
0.212620392827671 15 1
0.340333489148062 16 3
0.212620392827671 15 1
0 13 0
0.463899038896737 17 2
2.05645081212443 23 14
3.28089146027572 22 16
0.212620392827671 15 1
0.212620392827671 15 1
0 13 0
2.09223003434689 22 36
0 13 0
0 13 0
0.212620392827671 15 1
3.5676207319739 26 20
2.88576011810233 23 45
2.64908531261375 24 11
4.2062431277646 24 55
0 13 0
0.463899038896737 17 2
0.490483244155445 17 6
0 13 0
1.39818002268779 21 13
0.212620392827671 15 1
0.982950867610309 20 5
4.95330620017367 26 56
0.490483244155445 17 6
0 13 0
1.56199181093348 21 28
0 13 0
11.3949629054269 35 95
0.629511309456073 18 4
0 13 0
4.29328601247604 26 26
0.212620392827671 15 1
0 13 0
0.212620392827671 15 1
0.629511309456073 18 4
0.490483244155445 17 6
0.671510197576206 18 10
1.18200126231826 20 21
0.340333489148062 16 3
0.463899038896737 17 2
3.53664257852019 25 46
4.20540646952941 28 51
0 13 0
0.895677772560699 19 15
2.93834521203255 25 39
1.46633641798151 20 11
0 13 0
0.212620392827671 15 1
0.463899038896737 17 2
0 13 0
0.212620392827671 15 1
0 13 0
0.463899038896737 17 2
1.46633641798151 20 11
0 13 0
0 13 0
4.95330620017367 26 56
0.490483244155445 17 6
0.212620392827671 15 1
1.07437956151474 20 11
0 13 0
0.490483244155445 17 6
3.33563531450318 26 38
1.88882641216033 22 12
0.212620392827671 15 1
0.212620392827671 15 1
0.212620392827671 15 1
0.490483244155445 17 6
0.895677772560699 19 15
6.32340140315088 30 61
0 13 0
0.340333489148062 16 3
0.212620392827671 15 1
0.629511309456073 18 4
0.212620392827671 15 1
3.31325099401153 25 19
0 13 0
0.463899038896737 17 2
0.212620392827671 15 1
0.490483244155445 17 6
0.490483244155445 17 6
0 13 0
0 13 0
0 13 0
0.212620392827671 15 1
0.490483244155445 17 6
0.212620392827671 15 1
0.212620392827671 15 1
0.212620392827671 15 1
5.88895330878593 31 61
2.93834521203255 25 39
0.463899038896737 17 2
0.212620392827671 15 1
3.53664257852019 25 46
0 13 0
0.212620392827671 15 1
3.25314872141663 24 37
0 13 0
0 13 0
0.212620392827671 15 1
0.765433414179615 19 3
0 13 0
0 13 0
0.212620392827671 15 1
1.08106260277289 20 9
4.16994601036235 26 26
0.340333489148062 16 3
0 13 0
0 13 0
0.212620392827671 15 1
1.25484768439868 21 7
0 13 0
0 13 0
2.93834521203255 25 39
0.671510197576206 18 10
0 13 0
