"COLLES.MDM.LN" "SACKIN" "COPHENETIC"
8.47653241982201 41 121
0 18 0
1.28256005248993 28 45
0 18 0
5.97650022805646 34 120
0 18 0
0 18 0
0.551186321575815 24 15
0 18 0
0 18 0
3.16330056818409 32 91
5.97650022805646 34 120
0 18 0
0 18 0
0 18 0
0 18 0
0 18 0
0 18 0
0 18 0
0 18 0
0 18 0
0 18 0
0 18 0
9.49077310850215 35 136
0 18 0
2.45913741376391 31 78
10.8386660805948 45 169
3.24150498358123 31 32
0 18 0
0 18 0
0 18 0
0.326988829436963 22 6
0 18 0
0 18 0
0 18 0
0 18 0
1.28256005248993 28 45
5.97650022805646 34 120
0 18 0
0 18 0
0 18 0
0 18 0
0 18 0
9.49077310850215 35 136
0 18 0
5.97650022805646 34 120
0 18 0
0 18 0
0.689500736352321 25 21
2.45913741376391 31 78
6.78746195818033 37 123
0 18 0
1.95558434041113 30 66
0 18 0
0 18 0
0 18 0
0 18 0
0 18 0
0 18 0
0 18 0
0 18 0
0 18 0
0 18 0
0 18 0
0 18 0
0 18 0
7.08119336853673 39 130
0 18 0
0 18 0
5.97650022805646 34 120
0 18 0
0 18 0
0 18 0
0 18 0
0 18 0
9.49077310850215 35 136
0 18 0
0 18 0
0 18 0
0.551186321575815 24 15
9.49077310850215 35 136
0 18 0
0 18 0
0 18 0
0 18 0
0 18 0
0 18 0
0 18 0
0 18 0
0 18 0
0 18 0
0 18 0
0.851995533236446 26 28
0 18 0
0 18 0
0 18 0
0 18 0
0 18 0
16.5628127005092 52 190
0 18 0
5.97650022805646 34 120
0.326988829436963 22 6
0 18 0
0 18 0
0 18 0
0 18 0
0 18 0
9.49077310850215 35 136
16.0072210835609 53 209
0 18 0
0 18 0
5.97650022805646 34 120
2.45913741376391 31 78
0 18 0
0 18 0
9.49077310850215 35 136
9.31537879693015 46 186
0 18 0
29.1390625381969 66 361
0 18 0
6.93330942175167 42 133
0 18 0
10.3999379936715 37 137
0 18 0
14.91264571981 49 225
0 18 0
0 18 0
1.95558434041113 30 66
13.3501730269014 48 214
0 18 0
0 18 0
0 18 0
21.1641896776082 62 225
2.45913741376391 31 78
0 18 0
0 18 0
0 18 0
0 18 0
5.39365788127229 39 120
0 18 0
0 18 0
0 18 0
0 18 0
9.49077310850215 35 136
0 18 0
0 18 0
0 18 0
5.97650022805646 34 120
0 18 0
0 18 0
0 18 0
0 18 0
0 18 0
0 18 0
0 18 0
0.551186321575815 24 15
0.233979273789292 21 3
0 18 0
0 18 0
0 18 0
0 18 0
0 18 0
0 18 0
0 18 0
0 18 0
9.49077310850215 35 136
0 18 0
0 18 0
0 18 0
0 18 0
0.551186321575815 24 15
0 18 0
1.57734117291172 29 55
0 18 0
0 18 0
0 18 0
0 18 0
0 18 0
12.7087713454947 47 202
0 18 0
0 18 0
0 18 0
0 18 0
0 18 0
0 18 0
1.28256005248993 28 45
0 18 0
0 18 0
9.49077310850215 35 136
5.97650022805646 34 120
0 18 0
9.49077310850215 35 136
0.689500736352321 25 21
0 18 0
0 18 0
0 18 0
0 18 0
0 18 0
0 18 0
0 18 0
0 18 0
9.49077310850215 35 136
0 18 0
9.49077310850215 35 136
0 18 0
0 18 0
5.97650022805646 34 120
0 18 0
0 18 0
0 18 0
5.97650022805646 34 120
0 18 0
9.49077310850215 35 136
9.49077310850215 35 136
9.49077310850215 35 136
0 18 0
5.97650022805646 34 120
0 18 0
0 18 0
1.95558434041113 30 66
0 18 0
0 18 0
12.5002383091733 47 196
0 18 0
9.49077310850215 35 136
9.49077310850215 35 136
0 18 0
14.3147933514676 49 227
0 18 0
0 18 0
0 18 0
0 18 0
14.91264571981 49 225
0 18 0
0 18 0
0 18 0
0 18 0
0 18 0
0 18 0
0 18 0
0 18 0
0 18 0
15.9339983388137 50 241
0 18 0
9.49077310850215 35 136
0 18 0
4.2186492445498 33 105
0 18 0
7.24611920433424 40 135
0 18 0
0 18 0
0 18 0
3.16330056818409 32 91
21.184167118182 62 303
0.150084983172474 20 1
0 18 0
0 18 0
0 18 0
0 18 0
0 18 0
5.97650022805646 34 120
1.28256005248993 28 45
0 18 0
2.45913741376391 31 78
0 18 0
0 18 0
20.0900154210331 61 293
2.45913741376391 31 78
0 18 0
9.49077310850215 35 136
5.97650022805646 34 120
0 18 0
0.431685127013276 23 10
0 18 0
0 18 0
0.851995533236446 26 28
9.54289804333086 46 183
0 18 0
9.49077310850215 35 136
0 18 0
0 18 0
0 18 0
0 18 0
0.431685127013276 23 10
0 18 0
0 18 0
0 18 0
9.49077310850215 35 136
0 18 0
0 18 0
10.8386660805948 45 169
0 18 0
0 18 0
0 18 0
0 18 0
0 18 0
1.95558434041113 30 66
5.97650022805646 34 120
0 18 0
0 18 0
8.07075330182755 45 171
14.91264571981 49 225
0 18 0
0 18 0
0 18 0
0 18 0
0 18 0
0 18 0
0 18 0
0 18 0
5.97650022805646 34 120
0 18 0
0 18 0
0 18 0
4.77423293970827 35 106
0 18 0
9.49077310850215 35 136
0 18 0
5.26265237629022 38 91
0 18 0
0 18 0
0 18 0
0 18 0
0 18 0
0 18 0
0 18 0
9.49077310850215 35 136
0 18 0
0 18 0
25.0867085731516 64 332
0 18 0
0 18 0
4.2186492445498 33 105
4.2186492445498 33 105
0 18 0
0 18 0
0 18 0
9.49077310850215 35 136
0 18 0
0 18 0
0.851995533236446 26 28
0 18 0
0 18 0
0 18 0
0 18 0
4.2186492445498 33 105
0 18 0
0 18 0
1.04611501717345 27 36
11.469961695154 50 159
0 18 0
0 18 0
1.59465294620753 23 4
0 18 0
0 18 0
9.49077310850215 35 136
4.28767719721769 37 68
0 18 0
1.04611501717345 27 36
0 18 0
0 18 0
0 18 0
0 18 0
0 18 0
4.2186492445498 33 105
0 18 0
0 18 0
0 18 0
0 18 0
0 18 0
0 18 0
0 18 0
0 18 0
0 18 0
1.04611501717345 27 36
0 18 0
0 18 0
0 18 0
0 18 0
3.16330056818409 32 91
0 18 0
19.2052230411354 51 256
0 18 0
2.45913741376391 31 78
1.95558434041113 30 66
9.55644559275614 39 64
9.49077310850215 35 136
10.7706397032543 45 145
0 18 0
0 18 0
0 18 0
3.22517367637634 30 25
0 18 0
0 18 0
9.49077310850215 35 136
0 18 0
0 18 0
0 18 0
15.9339983388137 50 241
0 18 0
0 18 0
0 18 0
0 18 0
0 18 0
0 18 0
0 18 0
0 18 0
0 18 0
0 18 0
0 18 0
9.49077310850215 35 136
0 18 0
9.49077310850215 35 136
0 18 0
9.49077310850215 35 136
9.49077310850215 35 136
0 18 0
0 18 0
0 18 0
0 18 0
0 18 0
11.3946907555652 43 164
0 18 0
0 18 0
0 18 0
14.3147933514676 49 227
0 18 0
0 18 0
0 18 0
0 18 0
0 18 0
0 18 0
0 18 0
4.2186492445498 33 105
4.2186492445498 33 105
0 18 0
0 18 0
0 18 0
0 18 0
0 18 0
0 18 0
0 18 0
0 18 0
0 18 0
0.689500736352321 25 21
0 18 0
0 18 0
12.5002383091733 47 196
14.91264571981 49 225
0 18 0
0 18 0
9.49077310850215 35 136
6.93330942175167 42 133
0 18 0
3.16330056818409 32 91
0 18 0
0 18 0
0 18 0
0 18 0
0 18 0
0 18 0
0 18 0
0 18 0
9.49077310850215 35 136
0 18 0
0 18 0
1.28256005248993 28 45
0 18 0
0 18 0
0 18 0
0 18 0
0 18 0
9.49077310850215 35 136
11.3946907555652 43 164
1.04611501717345 27 36
0 18 0
0 18 0
11.2142105769096 47 150
9.49077310850215 35 136
8.04958188032727 44 157
0 18 0
0 18 0
0 18 0
0 18 0
3.16330056818409 32 91
0.689500736352321 25 21
0 18 0
0 18 0
0 18 0
9.49077310850215 35 136
0 18 0
0 18 0
0 18 0
0 18 0
0 18 0
0 18 0
0 18 0
0 18 0
0.689500736352321 25 21
0 18 0
4.62993510491196 29 17
0 18 0
0 18 0
5.39365788127229 39 120
0 18 0
0 18 0
0 18 0
0 18 0
0 18 0
0 18 0
0 18 0
0 18 0
0 18 0
5.97650022805646 34 120
9.49077310850215 35 136
9.49077310850215 35 136
0 18 0
0 18 0
9.49077310850215 35 136
0 18 0
0.551186321575815 24 15
0 18 0
0 18 0
0 18 0
0 18 0
3.16330056818409 32 91
0 18 0
0 18 0
0 18 0
0 18 0
0 18 0
0 18 0
0 18 0
0 18 0
0 18 0
0 18 0
4.2186492445498 33 105
1.28256005248993 28 45
0 18 0
0.150084983172474 20 1
0 18 0
0.150084983172474 20 1
2.45913741376391 31 78
0 18 0
0 18 0
0 18 0
6.93330942175167 42 133
0 18 0
1.57734117291172 29 55
0 18 0
0 18 0
0 18 0
0 18 0
0 18 0
19.2052230411354 51 256
0 18 0
5.85746929100057 41 133
0 18 0
0 18 0
9.49077310850215 35 136
4.12758562979465 37 83
0 18 0
0 18 0
0 18 0
0 18 0
0 18 0
0 18 0
0 18 0
0 18 0
0 18 0
0 18 0
0 18 0
0 18 0
0 18 0
0 18 0
5.97650022805646 34 120
0 18 0
3.16330056818409 32 91
0 18 0
0 18 0
0 18 0
0 18 0
4.86804206402302 40 119
0.431685127013276 23 10
9.49077310850215 35 136
0 18 0
0 18 0
0 18 0
0 18 0
4.2186492445498 33 105
0 18 0
9.49077310850215 35 136
0 18 0
0 18 0
0 18 0
0 18 0
0 18 0
15.5369898618198 60 236
0 18 0
3.16330056818409 32 91
0 18 0
0 18 0
0 18 0
0 18 0
0 18 0
0 18 0
1.28256005248993 28 45
0 18 0
2.45913741376391 31 78
0 18 0
0 18 0
0 18 0
0 18 0
0 18 0
0 18 0
0 18 0
5.97650022805646 34 120
0 18 0
0 18 0
0 18 0
0.551186321575815 24 15
0 18 0
0 18 0
0 18 0
1.57734117291172 29 55
0 18 0
0 18 0
0 18 0
0 18 0
0 18 0
4.2186492445498 33 105
19.2052230411354 51 256
0 18 0
1.95558434041113 30 66
0 18 0
0 18 0
0 18 0
9.49077310850215 35 136
0 18 0
14.91264571981 49 225
0 18 0
0 18 0
0 18 0
0 18 0
0 18 0
0 18 0
5.97650022805646 34 120
5.26265237629022 38 91
0 18 0
0 18 0
0 18 0
0 18 0
1.28256005248993 28 45
0 18 0
1.95558434041113 30 66
0 18 0
0 18 0
11.6235001908161 44 172
0 18 0
0 18 0
0 18 0
0 18 0
0 18 0
1.04611501717345 27 36
9.49077310850215 35 136
0 18 0
0 18 0
0 18 0
0 18 0
0 18 0
0 18 0
0 18 0
0 18 0
0 18 0
0 18 0
0 18 0
0 18 0
0 18 0
0 18 0
0 18 0
0 18 0
0 18 0
9.49077310850215 35 136
0 18 0
0 18 0
0 18 0
0 18 0
0 18 0
2.45913741376391 31 78
0 18 0
0 18 0
4.2186492445498 33 105
0 18 0
9.49077310850215 35 136
11.7922246874899 48 211
0 18 0
0 18 0
0 18 0
9.49077310850215 35 136
0 18 0
18.8629377471202 50 167
0 18 0
0 18 0
5.97650022805646 34 120
0 18 0
0.551186321575815 24 15
0 18 0
0 18 0
0 18 0
2.98559257520233 35 70
0 18 0
0 18 0
0 18 0
0 18 0
15.9339983388137 50 241
20.2984572601024 61 229
9.49077310850215 35 136
0 18 0
0 18 0
5.97650022805646 34 120
0 18 0
9.49077310850215 35 136
9.49077310850215 35 136
0 18 0
0 18 0
0 18 0
0 18 0
0.551186321575815 24 15
3.16330056818409 32 91
0 18 0
0 18 0
0 18 0
9.49077310850215 35 136
9.49077310850215 35 136
16.1150623446452 56 192
0 18 0
0 18 0
0 18 0
0 18 0
0.689500736352321 25 21
0 18 0
0 18 0
0 18 0
3.95977066709494 34 57
25.3179675310885 71 339
0 18 0
3.16330056818409 32 91
0 18 0
0 18 0
0 18 0
0 18 0
0 18 0
0 18 0
0 18 0
3.16330056818409 32 91
0 18 0
8.47653241982201 41 121
0 18 0
0 18 0
0 18 0
9.49077310850215 35 136
0 18 0
0 18 0
0 18 0
0 18 0
0 18 0
4.2186492445498 33 105
9.49077310850215 35 136
0 18 0
2.41743671127434 32 46
0 18 0
0 18 0
9.49077310850215 35 136
9.49077310850215 35 136
0 18 0
0 18 0
0 18 0
1.28256005248993 28 45
0 18 0
6.26289596159866 40 79
9.49077310850215 35 136
0 18 0
0 18 0
0 18 0
0 18 0
1.95558434041113 30 66
0 18 0
0 18 0
5.26265237629022 38 91
0 18 0
24.0297870761673 65 280
1.04611501717345 27 36
0 18 0
0.689500736352321 25 21
0 18 0
9.49077310850215 35 136
0 18 0
5.97650022805646 34 120
0 18 0
0 18 0
0 18 0
9.49077310850215 35 136
0 18 0
0 18 0
0 18 0
0 18 0
2.45913741376391 31 78
0 18 0
0 18 0
0 18 0
2.45913741376391 31 78
0 18 0
0.233979273789292 21 3
4.2186492445498 33 105
0 18 0
0 18 0
3.16330056818409 32 91
3.16330056818409 32 91
0 18 0
0 18 0
9.49077310850215 35 136
0 18 0
0 18 0
0 18 0
1.28256005248993 28 45
0 18 0
9.49077310850215 35 136
1.04611501717345 27 36
2.39911724762349 32 67
0 18 0
5.97650022805646 34 120
0 18 0
0 18 0
9.49077310850215 35 136
0 18 0
0 18 0
0 18 0
5.87831499075375 35 64
0 18 0
3.16330056818409 32 91
0 18 0
0 18 0
0 18 0
0 18 0
35.140323903266 78 427
0.551186321575815 24 15
5.97650022805646 34 120
0 18 0
9.49077310850215 35 136
4.2186492445498 33 105
9.49077310850215 35 136
0 18 0
0 18 0
0 18 0
0 18 0
0.851995533236446 26 28
9.49077310850215 35 136
3.16330056818409 32 91
18.7497699352368 60 282
0 18 0
0 18 0
0 18 0
0 18 0
0 18 0
15.9339983388137 50 241
0 18 0
0 18 0
9.49077310850215 35 136
5.97650022805646 34 120
4.2186492445498 33 105
0 18 0
0 18 0
0 18 0
3.16330056818409 32 91
0 18 0
0 18 0
9.49077310850215 35 136
0 18 0
0 18 0
0 18 0
10.2419250953585 47 198
9.49077310850215 35 136
0 18 0
4.2186492445498 33 105
0 18 0
0 18 0
3.44450184404728 36 76
5.97650022805646 34 120
0 18 0
0 18 0
0 18 0
0 18 0
0.233979273789292 21 3
0 18 0
0 18 0
0 18 0
0 18 0
0 18 0
3.16330056818409 32 91
0 18 0
3.58463447509228 37 87
0 18 0
0 18 0
0 18 0
0 18 0
0 18 0
0.851995533236446 26 28
9.49077310850215 35 136
0 18 0
0 18 0
0 18 0
0 18 0
9.49077310850215 35 136
0 18 0
5.97650022805646 34 120
0 18 0
2.45913741376391 31 78
0 18 0
1.56433868936028 28 24
0 18 0
0 18 0
0 18 0
0 18 0
0 18 0
0 18 0
0 18 0
0 18 0
0 18 0
0 18 0
0 18 0
0 18 0
1.28256005248993 28 45
0 18 0
0 18 0
5.97650022805646 34 120
0 18 0
5.97650022805646 34 120
9.49077310850215 35 136
0 18 0
0 18 0
0 18 0
0 18 0
0 18 0
0 18 0
0 18 0
0 18 0
4.2186492445498 33 105
1.57734117291172 29 55
0 18 0
9.49077310850215 35 136
0 18 0
0.233979273789292 21 3
0 18 0
0 18 0
0 18 0
0 18 0
0 18 0
0 18 0
0 18 0
0.851995533236446 26 28
1.57734117291172 29 55
9.49077310850215 35 136
0 18 0
0 18 0
22.4605107929905 64 276
9.49077310850215 35 136
0 18 0
0 18 0
0 18 0
0 18 0
0 18 0
5.97650022805646 34 120
0 18 0
9.49077310850215 35 136
1.28256005248993 28 45
0 18 0
4.2186492445498 33 105
4.2186492445498 33 105
0 18 0
0 18 0
0 18 0
0 18 0
0 18 0
0 18 0
0 18 0
0 18 0
0 18 0
12.9449190637652 43 149
0 18 0
0 18 0
5.97650022805646 34 120
4.58127464922581 36 73
1.04611501717345 27 36
0 18 0
17.0257361208061 57 255
0 18 0
0 18 0
0 18 0
0 18 0
14.91264571981 49 225
39.287339823637 80 452
0 18 0
0 18 0
0.326988829436963 22 6
0 18 0
0 18 0
0 18 0
0 18 0
2.45913741376391 31 78
5.97650022805646 34 120
0 18 0
0 18 0
0 18 0
0 18 0
1.95558434041113 30 66
0 18 0
0 18 0
0 18 0
0 18 0
0 18 0
0 18 0
0 18 0
1.04611501717345 27 36
0 18 0
0 18 0
11.7922246874899 48 211
0.326988829436963 22 6
0 18 0
0 18 0
0 18 0
9.49077310850215 35 136
17.2030700394934 52 200
0 18 0
0 18 0
0 18 0
0 18 0
0 18 0
1.17144559602625 26 16
0 18 0
0.233979273789292 21 3
0 18 0
0 18 0
0 18 0
0 18 0
3.16330056818409 32 91
0 18 0
0 18 0
4.2186492445498 33 105
0 18 0
9.49077310850215 35 136
19.2052230411354 51 256
0 18 0
0 18 0
0 18 0
9.49077310850215 35 136
0 18 0
0 18 0
0 18 0
0 18 0
0 18 0
0 18 0
0 18 0
0 18 0
0 18 0
0 18 0
0 18 0
0 18 0
0 18 0
0 18 0
0 18 0
9.49077310850215 35 136
4.2186492445498 33 105
0 18 0
0 18 0
0.431685127013276 23 10
0 18 0
0 18 0
0 18 0
0 18 0
0 18 0
0 18 0
0 18 0
0 18 0
0 18 0
0 18 0
0 18 0
0 18 0
0 18 0
0 18 0
0 18 0
9.49077310850215 35 136
0 18 0
0 18 0
0 18 0
1.95558434041113 30 66
0 18 0
0 18 0
0 18 0
1.04611501717345 27 36
29.1390625381969 66 361
0 18 0
0 18 0
0 18 0
0 18 0
0 18 0
0 18 0
0 18 0
2.45913741376391 31 78
0 18 0
0 18 0
0 18 0
0 18 0
4.39244999811094 31 36
0 18 0
0 18 0
0 18 0
0 18 0
18.2754603787389 59 262
18.2754603787389 59 262
11.7922246874899 48 211
0 18 0
0 18 0
9.49077310850215 35 136
0 18 0
0.851995533236446 26 28
1.57734117291172 29 55
0 18 0
0.551186321575815 24 15
0 18 0
0 18 0
0 18 0
0 18 0
0 18 0
0 18 0
0 18 0
0.150084983172474 20 1
0 18 0
5.97650022805646 34 120
0 18 0
0 18 0
7.22438086956706 46 129
0 18 0
0 18 0
0 18 0
9.49077310850215 35 136
0 18 0
5.97650022805646 34 120
0 18 0
0 18 0
0 18 0
12.5766593879667 51 172
9.49077310850215 35 136
0 18 0
0 18 0
4.2186492445498 33 105
0 18 0
1.95558434041113 30 66
0 18 0
0 18 0
0 18 0
1.04611501717345 27 36
4.2186492445498 33 105
0 18 0
0 18 0
0 18 0
0 18 0
0 18 0
9.49077310850215 35 136
9.49077310850215 35 136
0 18 0
0 18 0
0.150084983172474 20 1
0 18 0
0 18 0
0 18 0
9.49077310850215 35 136
0 18 0
0 18 0
0 18 0
3.16330056818409 32 91
0 18 0
0 18 0
0 18 0
9.49077310850215 35 136
9.49077310850215 35 136
0 18 0
0 18 0
0 18 0
0 18 0
0 18 0
0 18 0
0 18 0
0.551186321575815 24 15
0 18 0
0 18 0
9.49077310850215 35 136
1.57734117291172 29 55
0 18 0
2.45913741376391 31 78
0.851995533236446 26 28
0 18 0
0 18 0
0 18 0
0 18 0
9.49077310850215 35 136
0 18 0
14.3147933514676 49 227
0 18 0
0 18 0
0 18 0
0 18 0
0 18 0
0 18 0
0 18 0
0 18 0
0 18 0
0 18 0
0.431685127013276 23 10
0 18 0
29.1390625381969 66 361
0 18 0
0.326988829436963 22 6
0 18 0
0 18 0
0 18 0
0 18 0
0 18 0
0 18 0
1.04611501717345 27 36
9.49077310850215 35 136
0 18 0
0 18 0
9.49077310850215 35 136
0 18 0
9.55130104090726 43 144
0 18 0
0 18 0
0 18 0
0 18 0
2.45913741376391 31 78
0 18 0
0 18 0
0.150084983172474 20 1
0 18 0
0 18 0
0 18 0
0 18 0
5.97650022805646 34 120
0 18 0
0 18 0
14.3147933514676 49 227
9.49077310850215 35 136
0 18 0
0 18 0
0 18 0
0 18 0
0 18 0
0 18 0
5.39365788127229 39 120
5.97650022805646 34 120
0 18 0
0 18 0
0 18 0
9.49077310850215 35 136
0 18 0
0 18 0
0 18 0
0 18 0
0 18 0
0 18 0
0 18 0
0 18 0
0 18 0
9.49077310850215 35 136
0 18 0
0 18 0
0 18 0
9.49077310850215 35 136
19.2052230411354 51 256
0 18 0
0 18 0
0 18 0
0 18 0
0 18 0
0 18 0
0 18 0
9.49077310850215 35 136
10.8744181347257 45 145
9.49077310850215 35 136
8.47653241982201 41 121
0 18 0
10.8386660805948 45 169
0 18 0
0 18 0
0 18 0
0 18 0
0 18 0
0 18 0
0 18 0
15.9339983388137 50 241
0 18 0
0 18 0
5.97650022805646 34 120
9.49077310850215 35 136
0 18 0
19.2052230411354 51 256
0 18 0
0 18 0
3.16330056818409 32 91
9.54289804333086 46 183
4.2186492445498 33 105
0 18 0
0 18 0
0 18 0
0 18 0
0 18 0
9.49077310850215 35 136
9.49077310850215 35 136
0 18 0
0.431685127013276 23 10
0 18 0
9.49077310850215 35 136
5.97650022805646 34 120
0 18 0
0 18 0
0 18 0
0 18 0
0 18 0
6.65939471079309 43 146
0 18 0
5.97650022805646 34 120
2.45913741376391 31 78
0 18 0
1.95558434041113 30 66
0 18 0
2.45913741376391 31 78
0 18 0
0 18 0
0 18 0
2.45913741376391 31 78
14.91264571981 49 225
0 18 0
9.49077310850215 35 136
0 18 0
0 18 0
9.49077310850215 35 136
3.16330056818409 32 91
0 18 0
0 18 0
0 18 0
0 18 0
0 18 0
0.431685127013276 23 10
0 18 0
0 18 0
0 18 0
8.47653241982201 41 121
0 18 0
0 18 0
0 18 0
0 18 0
4.2186492445498 33 105
5.97650022805646 34 120
0 18 0
0 18 0
0 18 0
0 18 0
0 18 0
0 18 0
0 18 0
0 18 0
0 18 0
0 18 0
0 18 0
0 18 0
1.28256005248993 28 45
9.49077310850215 35 136
0 18 0
5.97650022805646 34 120
0 18 0
0 18 0
0 18 0
9.49077310850215 35 136
0 18 0
0 18 0
9.49077310850215 35 136
9.49077310850215 35 136
0 18 0
0 18 0
10.4213232485031 50 140
0 18 0
0 18 0
3.16330056818409 32 91
0 18 0
0 18 0
0 18 0
0 18 0
0 18 0
0 18 0
0 18 0
0 18 0
0 18 0
0 18 0
5.97650022805646 34 120
0 18 0
0 18 0
0 18 0
0.431685127013276 23 10
0 18 0
0.431685127013276 23 10
9.49077310850215 35 136
0 18 0
1.28256005248993 28 45
0 18 0
0 18 0
0 18 0
1.28256005248993 28 45
5.97650022805646 34 120
0.551186321575815 24 15
1.28256005248993 28 45
0 18 0
0 18 0
0 18 0
9.49077310850215 35 136
0.233979273789292 21 3
1.95558434041113 30 66
0 18 0
0 18 0
0 18 0
0 18 0
0.326988829436963 22 6
9.49077310850215 35 136
4.2186492445498 33 105
9.49077310850215 35 136
0 18 0
0 18 0
1.95558434041113 30 66
0 18 0
0 18 0
0 18 0
0 18 0
9.49077310850215 35 136
0 18 0
4.2186492445498 33 105
0 18 0
0 18 0
0 18 0
18.6817174516032 59 269
0 18 0
0 18 0
0 18 0
5.97650022805646 34 120
0 18 0
9.49077310850215 35 136
3.16330056818409 32 91
0 18 0
0 18 0
9.49077310850215 35 136
1.04611501717345 27 36
0 18 0
4.2186492445498 33 105
0 18 0
0 18 0
1.95558434041113 30 66
0 18 0
0 18 0
0 18 0
0 18 0
0 18 0
0 18 0
0 18 0
1.57734117291172 29 55
0 18 0
5.97650022805646 34 120
19.2052230411354 51 256
1.04611501717345 27 36
0 18 0
0 18 0
0 18 0
0 18 0
0 18 0
0 18 0
1.04611501717345 27 36
0 18 0
0 18 0
0 18 0
0 18 0
5.97650022805646 34 120
0 18 0
0 18 0
9.49077310850215 35 136
0 18 0
0 18 0
17.4158705135647 58 263
0 18 0
9.49077310850215 35 136
0 18 0
0 18 0
0 18 0
0 18 0
9.49077310850215 35 136
9.49077310850215 35 136
0 18 0
0 18 0
0 18 0
9.49077310850215 35 136
0 18 0
0 18 0
0 18 0
0 18 0
0.233979273789292 21 3
0 18 0
0 18 0
0 18 0
5.97650022805646 34 120
0 18 0
0 18 0
0 18 0
0 18 0
0 18 0
0 18 0
0 18 0
0 18 0
2.45913741376391 31 78
0 18 0
0 18 0
19.2052230411354 51 256
0.233979273789292 21 3
0 18 0
4.2186492445498 33 105
3.16330056818409 32 91
0 18 0
0 18 0
9.49077310850215 35 136
0 18 0
0 18 0
0 18 0
0 18 0
0 18 0
0 18 0
0 18 0
0 18 0
15.9339983388137 50 241
0.150084983172474 20 1
0 18 0
0 18 0
0 18 0
9.49077310850215 35 136
0 18 0
0 18 0
0 18 0
0 18 0
0 18 0
0.326988829436963 22 6
0.431685127013276 23 10
6.17823977652408 42 141
9.49077310850215 35 136
0 18 0
1.28256005248993 28 45
0.851995533236446 26 28
0 18 0
0 18 0
0 18 0
0 18 0
0 18 0
0 18 0
0 18 0
10.7110128156342 39 142
0 18 0
5.26265237629022 38 91
0 18 0
0 18 0
0 18 0
0 18 0
0 18 0
2.45913741376391 31 78
0 18 0
0 18 0
5.97650022805646 34 120
17.4210670469699 58 259
0 18 0
0 18 0
0 18 0
3.16330056818409 32 91
0 18 0
0 18 0
0 18 0
0 18 0
0 18 0
0 18 0
5.97650022805646 34 120
0 18 0
0 18 0
0 18 0
0 18 0
0 18 0
0 18 0
0 18 0
0 18 0
0 18 0
0 18 0
0 18 0
0 18 0
0 18 0
0 18 0
0 18 0
0 18 0
3.65751881729788 34 92
0 18 0
0 18 0
0 18 0
0 18 0
1.95558434041113 30 66
0.150084983172474 20 1
9.54289804333086 46 183
3.16330056818409 32 91
0 18 0
0 18 0
0 18 0
0 18 0
5.97650022805646 34 120
9.49077310850215 35 136
0 18 0
9.49077310850215 35 136
0 18 0
0 18 0
0 18 0
0 18 0
0 18 0
0.551186321575815 24 15
0 18 0
0 18 0
0 18 0
0 18 0
0 18 0
0 18 0
13.9488744533344 50 191
0 18 0
1.95558434041113 30 66
0 18 0
9.49077310850215 35 136
0 18 0
0 18 0
0 18 0
0 18 0
9.49077310850215 35 136
0 18 0
0 18 0
0 18 0
0 18 0
1.57734117291172 29 55
14.91264571981 49 225
0 18 0
0 18 0
0 18 0
9.49077310850215 35 136
3.16330056818409 32 91
0 18 0
0 18 0
4.2186492445498 33 105
0 18 0
0 18 0
0 18 0
0 18 0
0 18 0
0 18 0
0 18 0
0 18 0
0 18 0
0 18 0
0 18 0
0 18 0
0 18 0
0.150084983172474 20 1
0 18 0
0 18 0
9.55130104090726 43 144
0.689500736352321 25 21
0 18 0
0 18 0
0 18 0
0 18 0
0 18 0
0 18 0
0.233979273789292 21 3
0 18 0
5.97650022805646 34 120
1.28256005248993 28 45
0.431685127013276 23 10
9.49077310850215 35 136
0 18 0
0.233979273789292 21 3
0 18 0
0 18 0
9.49077310850215 35 136
0 18 0
0 18 0
0 18 0
0 18 0
0 18 0
0 18 0
0 18 0
0 18 0
0 18 0
4.2186492445498 33 105
0 18 0
2.45913741376391 31 78
0 18 0
0 18 0
0 18 0
11.9003757280563 45 181
0 18 0
0 18 0
0 18 0
9.54289804333086 46 183
0 18 0
0 18 0
0 18 0
0 18 0
0 18 0
3.16330056818409 32 91
4.2186492445498 33 105
0 18 0
0 18 0
0 18 0
0 18 0
0 18 0
0 18 0
0 18 0
0 18 0
0 18 0
0 18 0
0 18 0
5.97650022805646 34 120
0 18 0
0 18 0
5.97650022805646 34 120
0 18 0
5.97650022805646 34 120
0 18 0
0 18 0
9.49077310850215 35 136
0 18 0
0 18 0
0 18 0
9.49077310850215 35 136
4.2186492445498 33 105
9.49077310850215 35 136
9.49077310850215 35 136
4.86804206402302 40 119
0 18 0
0 18 0
0 18 0
0 18 0
0 18 0
0 18 0
0.851995533236446 26 28
0 18 0
0 18 0
0 18 0
0 18 0
0 18 0
0 18 0
0.431685127013276 23 10
0 18 0
0 18 0
0 18 0
0 18 0
0 18 0
0 18 0
0 18 0
3.16330056818409 32 91
0 18 0
0 18 0
0 18 0
0 18 0
0 18 0
0 18 0
0 18 0
7.08119336853673 39 130
0.326988829436963 22 6
4.2186492445498 33 105
0 18 0
0 18 0
0 18 0
0 18 0
0 18 0
0 18 0
0 18 0
13.3501730269014 48 214
0 18 0
0 18 0
3.16330056818409 32 91
0 18 0
0 18 0
0 18 0
3.16330056818409 32 91
9.49077310850215 35 136
3.16330056818409 32 91
9.49077310850215 35 136
0 18 0
0 18 0
13.3501730269014 48 214
10.8386660805948 45 169
0 18 0
0 18 0
0 18 0
0 18 0
19.2052230411354 51 256
0.431685127013276 23 10
0.689500736352321 25 21
0 18 0
0 18 0
0 18 0
0 18 0
0 18 0
10.2419250953585 47 198
0 18 0
0 18 0
0 18 0
0 18 0
0 18 0
8.04958188032727 44 157
5.97650022805646 34 120
0 18 0
0 18 0
0 18 0
0 18 0
0 18 0
0 18 0
19.2052230411354 51 256
0 18 0
0 18 0
0 18 0
0 18 0
0 18 0
0.689500736352321 25 21
0 18 0
0 18 0
0 18 0
9.49077310850215 35 136
4.2186492445498 33 105
0 18 0
0 18 0
9.49077310850215 35 136
9.49077310850215 35 136
0 18 0
0 18 0
0 18 0
0 18 0
3.16330056818409 32 91
0 18 0
0 18 0
0 18 0
0 18 0
0 18 0
10.8386660805948 45 169
0 18 0
10.5395372158241 48 154
8.25468888465182 44 165
0 18 0
5.21499772475044 38 115
9.54289804333086 46 183
0 18 0
0 18 0
0 18 0
0 18 0
0 18 0
0 18 0
0 18 0
0 18 0
0 18 0
4.2186492445498 33 105
9.55130104090726 43 144
0 18 0
9.49077310850215 35 136
0 18 0
0.431685127013276 23 10
0 18 0
1.95558434041113 30 66
0 18 0
0 18 0
0 18 0
0 18 0
5.97650022805646 34 120
5.97650022805646 34 120
0 18 0
3.16330056818409 32 91
0 18 0
0.689500736352321 25 21
9.49077310850215 35 136
0 18 0
0 18 0
0 18 0
0.689500736352321 25 21
0 18 0
0 18 0
0 18 0
0 18 0
0 18 0
3.16330056818409 32 91
9.49077310850215 35 136
0 18 0
4.2186492445498 33 105
0 18 0
14.3147933514676 49 227
0 18 0
2.45913741376391 31 78
1.57734117291172 29 55
3.16330056818409 32 91
0 18 0
0 18 0
0 18 0
9.49077310850215 35 136
0 18 0
0 18 0
0.326988829436963 22 6
0 18 0
0 18 0
0 18 0
0 18 0
0 18 0
5.97650022805646 34 120
0 18 0
0 18 0
0 18 0
0 18 0
0 18 0
0 18 0
0 18 0
0 18 0
0 18 0
0 18 0
0 18 0
9.49077310850215 35 136
0 18 0
5.8259345446009 42 136
9.49077310850215 35 136
5.97650022805646 34 120
0 18 0
0 18 0
1.95558434041113 30 66
0 18 0
0 18 0
0 18 0
0 18 0
0 18 0
8.47653241982201 41 121
0 18 0
0 18 0
0 18 0
3.16330056818409 32 91
4.2186492445498 33 105
0 18 0
0 18 0
0 18 0
0 18 0
0 18 0
0 18 0
4.2186492445498 33 105
0 18 0
0 18 0
0 18 0
19.2052230411354 51 256
0 18 0
0 18 0
0 18 0
7.53333088449734 39 100
0 18 0
0 18 0
0 18 0
0 18 0
0 18 0
0 18 0
0 18 0
0 18 0
9.49077310850215 35 136
0 18 0
0 18 0
0 18 0
0 18 0
8.71195874648101 45 115
2.3002134411989 28 21
0 18 0
0 18 0
0 18 0
0 18 0
0 18 0
9.49077310850215 35 136
0 18 0
0 18 0
0 18 0
0 18 0
0 18 0
0 18 0
0 18 0
3.16330056818409 32 91
14.91264571981 49 225
0 18 0
6.93330942175167 42 133
0.431685127013276 23 10
0 18 0
0 18 0
0.851995533236446 26 28
0 18 0
0 18 0
0 18 0
0 18 0
3.16330056818409 32 91
0 18 0
0.851995533236446 26 28
0 18 0
0 18 0
0 18 0
0 18 0
0 18 0
0 18 0
0 18 0
9.49077310850215 35 136
0 18 0
0 18 0
0 18 0
0 18 0
0 18 0
0.551186321575815 24 15
0 18 0
0 18 0
0 18 0
0 18 0
0.689500736352321 25 21
0 18 0
5.97650022805646 34 120
11.7922246874899 48 211
9.55130104090726 43 144
0 18 0
0 18 0
0 18 0
9.49077310850215 35 136
0 18 0
0 18 0
0 18 0
0 18 0
0 18 0
5.97650022805646 34 120
0 18 0
0 18 0
0 18 0
1.57734117291172 29 55
0 18 0
0 18 0
0 18 0
0 18 0
9.49077310850215 35 136
0 18 0
0 18 0
5.97650022805646 34 120
0 18 0
13.5244481515639 45 157
0 18 0
0 18 0
0 18 0
0 18 0
1.04611501717345 27 36
0 18 0
0 18 0
19.2052230411354 51 256
0 18 0
5.97650022805646 34 120
9.49077310850215 35 136
0 18 0
0 18 0
0 18 0
0 18 0
0 18 0
0 18 0
0 18 0
0 18 0
0 18 0
0 18 0
0 18 0
0 18 0
0 18 0
0 18 0
26.5811084982796 68 250
0 18 0
0 18 0
0 18 0
0 18 0
0 18 0
0 18 0
0 18 0
0 18 0
0 18 0
0 18 0
0 18 0
1.95558434041113 30 66
0 18 0
14.91264571981 49 225
0 18 0
1.04611501717345 27 36
0 18 0
0 18 0
0 18 0
20.1628144991783 61 289
0 18 0
0 18 0
0 18 0
0 18 0
9.49077310850215 35 136
0 18 0
0 18 0
0 18 0
0 18 0
0 18 0
1.04611501717345 27 36
9.49077310850215 35 136
0 18 0
0 18 0
0 18 0
0 18 0
0 18 0
0 18 0
1.95558434041113 30 66
0 18 0
3.16330056818409 32 91
9.49077310850215 35 136
0 18 0
0 18 0
9.49077310850215 35 136
0 18 0
0 18 0
0 18 0
0 18 0
0 18 0
0.689500736352321 25 21
0 18 0
0 18 0
0 18 0
4.2186492445498 33 105
1.95558434041113 30 66
1.04611501717345 27 36
0 18 0
0 18 0
0 18 0
0 18 0
2.9983810073254 33 51
5.97650022805646 34 120
0 18 0
0.689500736352321 25 21
2.45913741376391 31 78
9.49077310850215 35 136
0 18 0
0 18 0
0 18 0
0 18 0
9.49077310850215 35 136
0 18 0
0 18 0
0 18 0
7.80516549154828 39 70
1.95558434041113 30 66
0 18 0
0 18 0
0 18 0
5.85746929100057 41 133
0 18 0
0 18 0
0 18 0
0 18 0
0 18 0
0 18 0
0 18 0
8.04958188032727 44 157
9.49077310850215 35 136
0 18 0
0 18 0
1.57734117291172 29 55
0 18 0
0 18 0
0 18 0
0 18 0
0 18 0
0 18 0
1.17144559602625 26 16
0 18 0
1.28256005248993 28 45
0 18 0
14.91264571981 49 225
0 18 0
0 18 0
9.49077310850215 35 136
0 18 0
0 18 0
19.2052230411354 51 256
5.26265237629022 38 91
0 18 0
0 18 0
2.04368018398102 29 27
0 18 0
3.16330056818409 32 91
0 18 0
0 18 0
0 18 0
0 18 0
0 18 0
4.2186492445498 33 105
0 18 0
9.49077310850215 35 136
0 18 0
0 18 0
6.65939471079309 43 146
10.7110128156342 39 142
0 18 0
0 18 0
5.97650022805646 34 120
3.16330056818409 32 91
0 18 0
0 18 0
0 18 0
0 18 0
0 18 0
0 18 0
5.97650022805646 34 120
14.91264571981 49 225
0 18 0
9.49077310850215 35 136
5.97650022805646 34 120
9.49077310850215 35 136
0 18 0
0 18 0
9.49077310850215 35 136
0 18 0
0 18 0
9.49077310850215 35 136
0 18 0
0 18 0
4.2186492445498 33 105
23.8353290847069 56 260
0 18 0
0 18 0
0 18 0
0 18 0
0 18 0
0 18 0
0 18 0
0 18 0
0 18 0
0 18 0
0 18 0
2.74012175572193 34 72
0 18 0
0 18 0
0 18 0
0 18 0
0 18 0
0 18 0
0 18 0
0 18 0
0 18 0
0 18 0
0 18 0
5.97650022805646 34 120
1.27015577761473 24 7
0 18 0
0 18 0
0 18 0
0 18 0
0 18 0
0 18 0
0 18 0
0 18 0
0 18 0
0 18 0
0 18 0
0 18 0
0 18 0
4.2186492445498 33 105
1.28256005248993 28 45
0 18 0
0 18 0
0 18 0
0 18 0
0 18 0
0 18 0
0 18 0
4.2186492445498 33 105
19.310883794064 60 208
0 18 0
7.24611920433424 40 135
0 18 0
0 18 0
0 18 0
3.16330056818409 32 91
0 18 0
4.2186492445498 33 105
0 18 0
0 18 0
0 18 0
0 18 0
5.97650022805646 34 120
0 18 0
0 18 0
0 18 0
0 18 0
10.1222284965226 43 136
4.2186492445498 33 105
40.4401581975364 87 455
0 18 0
0 18 0
0 18 0
0 18 0
0 18 0
0 18 0
0 18 0
0 18 0
0 18 0
0.551186321575815 24 15
0 18 0
0 18 0
15.9339983388137 50 241
9.49077310850215 35 136
0 18 0
0 18 0
0 18 0
0 18 0
0 18 0
9.49077310850215 35 136
0 18 0
0 18 0
0 18 0
0 18 0
4.2186492445498 33 105
0 18 0
0.233979273789292 21 3
0.233979273789292 21 3
9.49077310850215 35 136
7.53333088449734 39 100
0 18 0
5.97650022805646 34 120
0 18 0
0 18 0
0 18 0
0 18 0
0 18 0
9.49077310850215 35 136
0 18 0
0 18 0
0 18 0
7.9186774505786 43 156
0 18 0
0 18 0
0 18 0
0 18 0
0 18 0
0 18 0
9.49077310850215 35 136
0 18 0
0 18 0
0 18 0
0 18 0
0 18 0
0 18 0
1.92524957493743 31 48
0 18 0
7.53333088449734 39 100
0 18 0
0 18 0
0 18 0
0 18 0
5.97650022805646 34 120
0 18 0
0 18 0
19.2052230411354 51 256
3.16330056818409 32 91
0 18 0
0 18 0
0 18 0
0 18 0
4.2186492445498 33 105
0 18 0
0 18 0
0 18 0
7.24611920433424 40 135
9.49077310850215 35 136
0 18 0
0 18 0
0 18 0
9.49077310850215 35 136
0 18 0
0.233979273789292 21 3
10.8640998056297 40 146
0 18 0
9.49077310850215 35 136
9.49077310850215 35 136
0 18 0
0 18 0
0 18 0
5.97650022805646 34 120
0 18 0
9.49077310850215 35 136
0 18 0
0 18 0
1.95558434041113 30 66
9.49077310850215 35 136
0 18 0
9.49077310850215 35 136
0 18 0
0 18 0
0 18 0
0 18 0
0 18 0
0 18 0
0 18 0
0 18 0
0 18 0
0 18 0
0 18 0
0 18 0
0 18 0
0 18 0
0 18 0
0 18 0
0 18 0
0 18 0
0 18 0
0 18 0
5.97650022805646 34 120
0 18 0
0 18 0
0 18 0
0 18 0
0 18 0
0 18 0
0 18 0
0 18 0
0 18 0
0 18 0
0 18 0
0 18 0
0 18 0
0.551186321575815 24 15
0 18 0
0.233979273789292 21 3
0 18 0
0 18 0
0 18 0
0 18 0
1.28256005248993 28 45
0 18 0
9.49077310850215 35 136
0 18 0
1.57734117291172 29 55
14.91264571981 49 225
5.97650022805646 34 120
19.2052230411354 51 256
0 18 0
0 18 0
0 18 0
4.2186492445498 33 105
4.2186492445498 33 105
2.45913741376391 31 78
0 18 0
0 18 0
0 18 0
2.45913741376391 31 78
0 18 0
0 18 0
5.97650022805646 34 120
19.2052230411354 51 256
0 18 0
0.689500736352321 25 21
5.97650022805646 34 120
0 18 0
1.57734117291172 29 55
0 18 0
2.45913741376391 31 78
0 18 0
0 18 0
3.16330056818409 32 91
0 18 0
0 18 0
0 18 0
4.2186492445498 33 105
9.49077310850215 35 136
0 18 0
0 18 0
0 18 0
9.49077310850215 35 136
9.49077310850215 35 136
4.2186492445498 33 105
16.3393505846829 51 226
0 18 0
0 18 0
0 18 0
0 18 0
0 18 0
1.57734117291172 29 55
0 18 0
0 18 0
0 18 0
0 18 0
0 18 0
0 18 0
5.97650022805646 34 120
0 18 0
0 18 0
6.52288046639035 43 124
0 18 0
0 18 0
0 18 0
0 18 0
0 18 0
0 18 0
9.49077310850215 35 136
0 18 0
0 18 0
9.49077310850215 35 136
9.49077310850215 35 136
0 18 0
0 18 0
0 18 0
0 18 0
0 18 0
0 18 0
0 18 0
0 18 0
0 18 0
0 18 0
0 18 0
0 18 0
0 18 0
0 18 0
0 18 0
0 18 0
0 18 0
0 18 0
0 18 0
0 18 0
0.326988829436963 22 6
9.49077310850215 35 136
0 18 0
9.49077310850215 35 136
0 18 0
0 18 0
8.07075330182755 45 171
0 18 0
9.49077310850215 35 136
0 18 0
0 18 0
0 18 0
0 18 0
0 18 0
0.689500736352321 25 21
5.97650022805646 34 120
0 18 0
0 18 0
0.326988829436963 22 6
0 18 0
0.326988829436963 22 6
0 18 0
0 18 0
0 18 0
17.4210670469699 58 259
9.49077310850215 35 136
1.04611501717345 27 36
0 18 0
0 18 0
0 18 0
0 18 0
0 18 0
0 18 0
0 18 0
5.97650022805646 34 120
0 18 0
0 18 0
10.9907468590769 46 147
9.49077310850215 35 136
0 18 0
0 18 0
0 18 0
0 18 0
0 18 0
0 18 0
9.49077310850215 35 136
0 18 0
0 18 0
0 18 0
0 18 0
0 18 0
0 18 0
9.49077310850215 35 136
0 18 0
1.04611501717345 27 36
27.4987605198004 68 302
14.3147933514676 49 227
0 18 0
0 18 0
0 18 0
0 18 0
0 18 0
0 18 0
0 18 0
0 18 0
0 18 0
0 18 0
0 18 0
0 18 0
0 18 0
0 18 0
0 18 0
0 18 0
0 18 0
2.45913741376391 31 78
19.2052230411354 51 256
0 18 0
0 18 0
0.689500736352321 25 21
0 18 0
1.04611501717345 27 36
0 18 0
0 18 0
0 18 0
0 18 0
9.49077310850215 35 136
0 18 0
5.97650022805646 34 120
0 18 0
0 18 0
0 18 0
0 18 0
0 18 0
0 18 0
0 18 0
1.28256005248993 28 45
0 18 0
0 18 0
0 18 0
0 18 0
0 18 0
0 18 0
12.5002383091733 47 196
10.8386660805948 45 169
0 18 0
0 18 0
0 18 0
0 18 0
0 18 0
0 18 0
0 18 0
1.95558434041113 30 66
0 18 0
0 18 0
0 18 0
0 18 0
0.233979273789292 21 3
11.9342204822145 52 208
0 18 0
0 18 0
5.97650022805646 34 120
0 18 0
4.2186492445498 33 105
0 18 0
0 18 0
0.326988829436963 22 6
0 18 0
0.551186321575815 24 15
0 18 0
0 18 0
4.2186492445498 33 105
9.49077310850215 35 136
0.431685127013276 23 10
0 18 0
0 18 0
0 18 0
0 18 0
9.49077310850215 35 136
0 18 0
0.326988829436963 22 6
9.49077310850215 35 136
0 18 0
0 18 0
0 18 0
9.49077310850215 35 136
0 18 0
0 18 0
9.49077310850215 35 136
0 18 0
0 18 0
0 18 0
0 18 0
0 18 0
0 18 0
0 18 0
0 18 0
0 18 0
0 18 0
0 18 0
19.2052230411354 51 256
5.97650022805646 34 120
13.3501730269014 48 214
0 18 0
0 18 0
0 18 0
0 18 0
0 18 0
0 18 0
0 18 0
0 18 0
0 18 0
0 18 0
1.95558434041113 30 66
0 18 0
5.97650022805646 34 120
0 18 0
0 18 0
9.49077310850215 35 136
0 18 0
4.2186492445498 33 105
0 18 0
0 18 0
0 18 0
0 18 0
0 18 0
0 18 0
0 18 0
0.326988829436963 22 6
0 18 0
4.12168562793762 37 101
0 18 0
0 18 0
0 18 0
0 18 0
0 18 0
0 18 0
0 18 0
0 18 0
9.49077310850215 35 136
0 18 0
11.1985517312361 42 157
0 18 0
0 18 0
1.57734117291172 29 55
0 18 0
9.49077310850215 35 136
5.97650022805646 34 120
0 18 0
1.95558434041113 30 66
0 18 0
5.97650022805646 34 120
0 18 0
0 18 0
1.95558434041113 30 66
0 18 0
9.49077310850215 35 136
0 18 0
0 18 0
0 18 0
0 18 0
5.97650022805646 34 120
9.49077310850215 35 136
21.7112759371532 57 271
0 18 0
0 18 0
0 18 0
0 18 0
0 18 0
0 18 0
22.741777447376 61 301
27.0221806031028 69 242
0 18 0
0 18 0
0 18 0
2.45913741376391 31 78
0 18 0
0 18 0
0 18 0
0 18 0
9.49077310850215 35 136
2.45913741376391 31 78
19.2052230411354 51 256
0 18 0
0 18 0
0 18 0
0 18 0
0 18 0
9.49077310850215 35 136
9.49077310850215 35 136
0 18 0
0 18 0
0 18 0
2.39770196858873 33 61
0 18 0
8.47653241982201 41 121
11.7922246874899 48 211
9.49077310850215 35 136
0 18 0
0 18 0
0 18 0
0 18 0
0 18 0
19.2052230411354 51 256
0.851995533236446 26 28
0 18 0
0 18 0
9.49077310850215 35 136
9.49077310850215 35 136
0 18 0
12.5002383091733 47 196
0 18 0
4.81042791626061 39 102
0 18 0
3.16330056818409 32 91
5.97650022805646 34 120
0 18 0
9.49077310850215 35 136
0 18 0
0 18 0
0.431685127013276 23 10
5.97650022805646 34 120
0 18 0
0 18 0
1.95558434041113 30 66
0 18 0
0 18 0
9.49077310850215 35 136
9.49077310850215 35 136
0 18 0
9.49077310850215 35 136
0 18 0
0 18 0
0 18 0
0 18 0
0 18 0
2.45913741376391 31 78
0 18 0
0 18 0
0 18 0
3.16330056818409 32 91
0 18 0
0 18 0
5.97650022805646 34 120
0 18 0
0 18 0
0 18 0
0 18 0
0 18 0
4.2186492445498 33 105
9.49077310850215 35 136
0 18 0
1.28256005248993 28 45
0 18 0
0 18 0
0 18 0
0.851995533236446 26 28
0 18 0
1.57734117291172 29 55
0 18 0
0 18 0
0 18 0
4.2186492445498 33 105
0 18 0
0 18 0
14.91264571981 49 225
1.28256005248993 28 45
5.97650022805646 34 120
9.49077310850215 35 136
0.851995533236446 26 28
0 18 0
0 18 0
0 18 0
9.49077310850215 35 136
0 18 0
0 18 0
1.04611501717345 27 36
0 18 0
0 18 0
0 18 0
0 18 0
0 18 0
0.551186321575815 24 15
0 18 0
0 18 0
0 18 0
0.851995533236446 26 28
0 18 0
0 18 0
0 18 0
0 18 0
6.60095574195862 43 150
0 18 0
9.49077310850215 35 136
0 18 0
0 18 0
0 18 0
0 18 0
0 18 0
1.95558434041113 30 66
0 18 0
0 18 0
0 18 0
0 18 0
11.3946907555652 43 164
0 18 0
24.6240854017498 64 334
0 18 0
0 18 0
0 18 0
0 18 0
0 18 0
0 18 0
0 18 0
9.49077310850215 35 136
1.57734117291172 29 55
0 18 0
0 18 0
5.97650022805646 34 120
0 18 0
15.9339983388137 50 241
0 18 0
12.2559888107297 45 109
0 18 0
0 18 0
0 18 0
0 18 0
0 18 0
9.49077310850215 35 136
9.49077310850215 35 136
0 18 0
0 18 0
5.97650022805646 34 120
0 18 0
0 18 0
0 18 0
12.2490447359456 46 191
0 18 0
0 18 0
3.16330056818409 32 91
0 18 0
0 18 0
9.49077310850215 35 136
0 18 0
0 18 0
0 18 0
0 18 0
0 18 0
0 18 0
3.16330056818409 32 91
4.2186492445498 33 105
0 18 0
9.49077310850215 35 136
0.689500736352321 25 21
0 18 0
5.97650022805646 34 120
6.39897528816868 35 50
9.49077310850215 35 136
0 18 0
0 18 0
0 18 0
9.49077310850215 35 136
0 18 0
0 18 0
0 18 0
0 18 0
6.03149570790378 40 111
0 18 0
0 18 0
0 18 0
0 18 0
0 18 0
0 18 0
9.49077310850215 35 136
0 18 0
0 18 0
15.9339983388137 50 241
0 18 0
0 18 0
0 18 0
0 18 0
11.7922246874899 48 211
0 18 0
0 18 0
0 18 0
0 18 0
0 18 0
0.431685127013276 23 10
2.65307033082826 34 65
9.49077310850215 35 136
0 18 0
0 18 0
0 18 0
0 18 0
0 18 0
0 18 0
0 18 0
0 18 0
0 18 0
0 18 0
9.49077310850215 35 136
0 18 0
0 18 0
0 18 0
0 18 0
0 18 0
0 18 0
0 18 0
0 18 0
0 18 0
0 18 0
0 18 0
9.49077310850215 35 136
9.49077310850215 35 136
0 18 0
0 18 0
0 18 0
0 18 0
0 18 0
0 18 0
0 18 0
0 18 0
2.45913741376391 31 78
0 18 0
0 18 0
0 18 0
0 18 0
11.3946907555652 43 164
0 18 0
0 18 0
0 18 0
0 18 0
0 18 0
0 18 0
0 18 0
0 18 0
0 18 0
0 18 0
0 18 0
0 18 0
9.49077310850215 35 136
0 18 0
5.87831499075375 35 64
0 18 0
0.150084983172474 20 1
0 18 0
5.97650022805646 34 120
0 18 0
0 18 0
0 18 0
0 18 0
0 18 0
0 18 0
0 18 0
0 18 0
0 18 0
0 18 0
0 18 0
0 18 0
0 18 0
9.49077310850215 35 136
0 18 0
0 18 0
5.12113655903755 33 49
5.97650022805646 34 120
0 18 0
0 18 0
0 18 0
0 18 0
0 18 0
0 18 0
9.49077310850215 35 136
3.16330056818409 32 91
0 18 0
0 18 0
0.851995533236446 26 28
9.49077310850215 35 136
0 18 0
0 18 0
9.49077310850215 35 136
0 18 0
0 18 0
0 18 0
0 18 0
0 18 0
0 18 0
0 18 0
0 18 0
0 18 0
0 18 0
0 18 0
0 18 0
9.49077310850215 35 136
11.7922246874899 48 211
0 18 0
5.97650022805646 34 120
0 18 0
0 18 0
0 18 0
0 18 0
1.04611501717345 27 36
1.28256005248993 28 45
0 18 0
0 18 0
0 18 0
0 18 0
0 18 0
0 18 0
14.3147933514676 49 227
0 18 0
0 18 0
0 18 0
3.16330056818409 32 91
6.17823977652408 42 141
0 18 0
0 18 0
0 18 0
0 18 0
0 18 0
0 18 0
0 18 0
0 18 0
20.2781244756664 57 208
0 18 0
0 18 0
22.582150829208 53 102
0 18 0
0 18 0
1.95558434041113 30 66
0 18 0
0 18 0
0 18 0
0 18 0
18.6817174516032 59 269
9.49077310850215 35 136
0 18 0
6.67641896205241 37 81
12.9832112286114 50 157
0 18 0
0 18 0
0 18 0
0 18 0
0 18 0
9.49077310850215 35 136
0 18 0
0 18 0
0 18 0
13.3501730269014 48 214
3.16330056818409 32 91
0 18 0
0.233979273789292 21 3
0.431685127013276 23 10
0 18 0
4.2186492445498 33 105
0 18 0
0.150084983172474 20 1
0 18 0
0 18 0
0 18 0
0 18 0
11.0243747967222 41 151
0 18 0
9.49077310850215 35 136
0 18 0
5.97650022805646 34 120
0 18 0
0 18 0
0 18 0
0 18 0
0 18 0
0 18 0
0 18 0
0 18 0
0 18 0
0 18 0
0 18 0
0 18 0
0 18 0
0 18 0
0 18 0
0 18 0
0 18 0
0.233979273789292 21 3
0 18 0
0 18 0
0 18 0
0 18 0
9.55130104090726 43 144
0 18 0
0 18 0
9.49077310850215 35 136
0 18 0
0.326988829436963 22 6
0 18 0
0 18 0
0 18 0
0 18 0
9.49077310850215 35 136
0 18 0
0 18 0
5.97650022805646 34 120
0 18 0
0 18 0
0 18 0
0 18 0
0 18 0
0.689500736352321 25 21
0 18 0
0 18 0
1.95558434041113 30 66
0 18 0
0 18 0
0 18 0
0 18 0
0 18 0
9.49077310850215 35 136
9.49077310850215 35 136
5.97650022805646 34 120
14.91264571981 49 225
4.39244999811094 31 36
0 18 0
0 18 0
3.16330056818409 32 91
5.97650022805646 34 120
0 18 0
0 18 0
1.57734117291172 29 55
0 18 0
0 18 0
1.57734117291172 29 55
0 18 0
0.326988829436963 22 6
0 18 0
0 18 0
0 18 0
0 18 0
0 18 0
0 18 0
0 18 0
9.49077310850215 35 136
0 18 0
0 18 0
0.689500736352321 25 21
1.57734117291172 29 55
3.16330056818409 32 91
5.97650022805646 34 120
2.04368018398102 29 27
0 18 0
0 18 0
9.49077310850215 35 136
0 18 0
0 18 0
0 18 0
0 18 0
0 18 0
0 18 0
5.97650022805646 34 120
0 18 0
0 18 0
0 18 0
0 18 0
9.49077310850215 35 136
0 18 0
0 18 0
0.150084983172474 20 1
0 18 0
0 18 0
0 18 0
0 18 0
0 18 0
0 18 0
9.49077310850215 35 136
0 18 0
0 18 0
4.2186492445498 33 105
0 18 0
0 18 0
4.2186492445498 33 105
0 18 0
9.49077310850215 35 136
0 18 0
0 18 0
0 18 0
0 18 0
0 18 0
0 18 0
0 18 0
0 18 0
14.3147933514676 49 227
5.97650022805646 34 120
0.150084983172474 20 1
0 18 0
0 18 0
16.6673452883841 57 250
0 18 0
0 18 0
0 18 0
0 18 0
0 18 0
0 18 0
0 18 0
0 18 0
0 18 0
0 18 0
0 18 0
0 18 0
0 18 0
0 18 0
0 18 0
0 18 0
9.49077310850215 35 136
0 18 0
0 18 0
0 18 0
0 18 0
19.2052230411354 51 256
11.9003757280563 45 181
9.49077310850215 35 136
0 18 0
1.95558434041113 30 66
0 18 0
5.97650022805646 34 120
0 18 0
0 18 0
0 18 0
0 18 0
0 18 0
0 18 0
0 18 0
0 18 0
0 18 0
0 18 0
0 18 0
5.97650022805646 34 120
0 18 0
0 18 0
0 18 0
0 18 0
0 18 0
0 18 0
7.53333088449734 39 100
0 18 0
0.851995533236446 26 28
0 18 0
0 18 0
0 18 0
0 18 0
1.28256005248993 28 45
0 18 0
0 18 0
1.57734117291172 29 55
0.851995533236446 26 28
24.8408430285201 61 216
0 18 0
23.0647339777721 62 275
10.8640998056297 40 146
0 18 0
0 18 0
0 18 0
9.49077310850215 35 136
0 18 0
1.95558434041113 30 66
0 18 0
0 18 0
0 18 0
0 18 0
0 18 0
0 18 0
0 18 0
0 18 0
0 18 0
0 18 0
5.97650022805646 34 120
1.28256005248993 28 45
0 18 0
26.1080611921553 65 347
9.49077310850215 35 136
10.3999379936715 37 137
9.49077310850215 35 136
8.07075330182755 45 171
1.57734117291172 29 55
0 18 0
0 18 0
3.16330056818409 32 91
10.8874210196031 42 85
9.49077310850215 35 136
0 18 0
0 18 0
0 18 0
0 18 0
0 18 0
0 18 0
9.49077310850215 35 136
4.84302035933362 40 114
0 18 0
9.49077310850215 35 136
0 18 0
0 18 0
0 18 0
0 18 0
0 18 0
0 18 0
0 18 0
0 18 0
0 18 0
0.689500736352321 25 21
0 18 0
0 18 0
9.49077310850215 35 136
0 18 0
0 18 0
1.04611501717345 27 36
0 18 0
0 18 0
4.2186492445498 33 105
0 18 0
1.57734117291172 29 55
23.7462225946053 63 322
0 18 0
9.49077310850215 35 136
0 18 0
9.49077310850215 35 136
0 18 0
0 18 0
9.49077310850215 35 136
5.85746929100057 41 133
0 18 0
0 18 0
0 18 0
0 18 0
1.95558434041113 30 66
0 18 0
0 18 0
0 18 0
6.64544354497256 36 121
0 18 0
0 18 0
0 18 0
0.851995533236446 26 28
0 18 0
9.49077310850215 35 136
0 18 0
0 18 0
0 18 0
0 18 0
0 18 0
0 18 0
0 18 0
1.57734117291172 29 55
2.45913741376391 31 78
3.16330056818409 32 91
9.74850669293103 51 174
0 18 0
5.97650022805646 34 120
1.57734117291172 29 55
0 18 0
0 18 0
9.49077310850215 35 136
0 18 0
14.91264571981 49 225
5.97650022805646 34 120
0 18 0
0 18 0
0 18 0
0 18 0
0 18 0
0 18 0
0 18 0
9.49077310850215 35 136
0 18 0
0 18 0
9.49077310850215 35 136
0 18 0
1.57734117291172 29 55
0 18 0
0 18 0
5.97650022805646 34 120
0 18 0
0 18 0
9.49077310850215 35 136
0.326988829436963 22 6
0 18 0
0 18 0
0 18 0
1.04611501717345 27 36
0 18 0
0 18 0
0 18 0
0 18 0
0 18 0
0 18 0
0 18 0
0 18 0
9.49077310850215 35 136
0 18 0
0 18 0
2.74012175572193 34 72
9.49077310850215 35 136
5.97650022805646 34 120
0 18 0
0 18 0
0 18 0
0 18 0
0 18 0
19.2052230411354 51 256
0 18 0
9.49077310850215 35 136
0 18 0
1.95558434041113 30 66
5.97650022805646 34 120
0 18 0
0 18 0
10.8640998056297 40 146
3.16330056818409 32 91
4.39244999811094 31 36
1.95558434041113 30 66
0 18 0
9.49077310850215 35 136
0 18 0
0 18 0
0 18 0
0 18 0
0 18 0
0 18 0
9.49077310850215 35 136
0 18 0
0 18 0
0 18 0
1.57734117291172 29 55
0 18 0
0 18 0
14.3147933514676 49 227
0.233979273789292 21 3
0 18 0
0 18 0
9.49077310850215 35 136
0 18 0
0 18 0
5.97650022805646 34 120
0 18 0
9.49077310850215 35 136
2.45913741376391 31 78
0 18 0
0 18 0
0.326988829436963 22 6
0 18 0
0.326988829436963 22 6
0 18 0
0 18 0
5.87831499075375 35 64
0 18 0
10.8640998056297 40 146
0 18 0
3.16330056818409 32 91
0 18 0
0 18 0
0 18 0
0 18 0
19.2052230411354 51 256
0 18 0
0 18 0
9.49077310850215 35 136
0 18 0
5.87831499075375 35 64
0 18 0
15.8032086817901 58 193
0 18 0
0 18 0
0 18 0
0 18 0
0 18 0
0 18 0
0 18 0
0 18 0
0 18 0
0 18 0
0 18 0
9.49077310850215 35 136
0 18 0
0.326988829436963 22 6
12.2490447359456 46 191
0 18 0
0 18 0
5.97650022805646 34 120
0 18 0
0 18 0
0 18 0
0 18 0
0 18 0
0 18 0
1.57734117291172 29 55
19.2052230411354 51 256
3.16330056818409 32 91
0 18 0
0 18 0
0 18 0
0 18 0
16.0849463559318 59 266
0 18 0
0 18 0
8.47653241982201 41 121
0 18 0
0 18 0
0 18 0
0 18 0
0 18 0
0 18 0
0 18 0
4.2186492445498 33 105
5.97650022805646 34 120
0 18 0
0 18 0
0 18 0
0 18 0
0 18 0
0 18 0
0 18 0
0 18 0
2.45913741376391 31 78
0 18 0
0 18 0
15.9339983388137 50 241
3.16330056818409 32 91
0 18 0
0 18 0
9.49077310850215 35 136
1.28256005248993 28 45
1.95558434041113 30 66
0 18 0
9.49077310850215 35 136
10.8386660805948 45 169
2.45913741376391 31 78
2.29150839661839 25 9
0 18 0
0 18 0
0 18 0
0 18 0
0 18 0
0 18 0
0.431685127013276 23 10
0.326988829436963 22 6
0 18 0
0 18 0
0 18 0
0.431685127013276 23 10
9.49077310850215 35 136
0 18 0
5.97650022805646 34 120
4.2186492445498 33 105
0 18 0
9.49077310850215 35 136
0 18 0
0 18 0
0 18 0
0 18 0
0 18 0
0 18 0
0 18 0
0 18 0
24.065355954148 63 316
0 18 0
0 18 0
0 18 0
9.49077310850215 35 136
5.97650022805646 34 120
3.16330056818409 32 91
0 18 0
0 18 0
0 18 0
0.689500736352321 25 21
9.49077310850215 35 136
10.8386660805948 45 169
9.49077310850215 35 136
0 18 0
3.65751881729788 34 92
0 18 0
0 18 0
0.551186321575815 24 15
0 18 0
0 18 0
5.97650022805646 34 120
9.49077310850215 35 136
0 18 0
0 18 0
0 18 0
0 18 0
0 18 0
0 18 0
0 18 0
0 18 0
0 18 0
2.83013560596316 30 31
0.431685127013276 23 10
0 18 0
13.3501730269014 48 214
0 18 0
1.95558434041113 30 66
0 18 0
0 18 0
0 18 0
0 18 0
0 18 0
0 18 0
0 18 0
9.49077310850215 35 136
0 18 0
0 18 0
0 18 0
9.49077310850215 35 136
0 18 0
0 18 0
0 18 0
5.97650022805646 34 120
0 18 0
0 18 0
4.2186492445498 33 105
0 18 0
0 18 0
0 18 0
0 18 0
0 18 0
1.95558434041113 30 66
0 18 0
0 18 0
0 18 0
0 18 0
0 18 0
0 18 0
0 18 0
0 18 0
0 18 0
0 18 0
0 18 0
0 18 0
0 18 0
0 18 0
0 18 0
9.49077310850215 35 136
0 18 0
0 18 0
0 18 0
0 18 0
0 18 0
0 18 0
0 18 0
0 18 0
0 18 0
0 18 0
0 18 0
9.49077310850215 35 136
0 18 0
0 18 0
0 18 0
0 18 0
0 18 0
0 18 0
9.49077310850215 35 136
5.97650022805646 34 120
12.5002383091733 47 196
0 18 0
0 18 0
0 18 0
0 18 0
0 18 0
0 18 0
9.49077310850215 35 136
0 18 0
0 18 0
0 18 0
0 18 0
0 18 0
0 18 0
4.2186492445498 33 105
0 18 0
9.49077310850215 35 136
0 18 0
1.57734117291172 29 55
0 18 0
0 18 0
4.2186492445498 33 105
0 18 0
0 18 0
0 18 0
5.97650022805646 34 120
0 18 0
0 18 0
11.9003757280563 45 181
0 18 0
0.851995533236446 26 28
5.97650022805646 34 120
8.47653241982201 41 121
0 18 0
9.49077310850215 35 136
9.49077310850215 35 136
0 18 0
0 18 0
0 18 0
0 18 0
0 18 0
0 18 0
0 18 0
0 18 0
0 18 0
0 18 0
9.49077310850215 35 136
0 18 0
0 18 0
0 18 0
0 18 0
0 18 0
0 18 0
0 18 0
0 18 0
0 18 0
0 18 0
0 18 0
0 18 0
0 18 0
0 18 0
0 18 0
5.97650022805646 34 120
0 18 0
0 18 0
9.49077310850215 35 136
0 18 0
9.49077310850215 35 136
0 18 0
0 18 0
0.689500736352321 25 21
0.150084983172474 20 1
0 18 0
9.49077310850215 35 136
9.49077310850215 35 136
0 18 0
0 18 0
0 18 0
0 18 0
0 18 0
0 18 0
5.87831499075375 35 64
1.95558434041113 30 66
3.16330056818409 32 91
0 18 0
19.2052230411354 51 256
0 18 0
0 18 0
0 18 0
0 18 0
0 18 0
0 18 0
0 18 0
0 18 0
0 18 0
4.2186492445498 33 105
9.49077310850215 35 136
0 18 0
0 18 0
0 18 0
0 18 0
5.97650022805646 34 120
0 18 0
0 18 0
0 18 0
1.95558434041113 30 66
0 18 0
0 18 0
0 18 0
9.49077310850215 35 136
0 18 0
0 18 0
0 18 0
0 18 0
0 18 0
16.2448326724325 52 185
0 18 0
0 18 0
0 18 0
0 18 0
0 18 0
4.58127464922581 36 73
9.49077310850215 35 136
0 18 0
0 18 0
9.49077310850215 35 136
9.49077310850215 35 136
0 18 0
10.8386660805948 45 169
0 18 0
0 18 0
0 18 0
9.49077310850215 35 136
6.93330942175167 42 133
0 18 0
0 18 0
0 18 0
0 18 0
0 18 0
0 18 0
4.2186492445498 33 105
6.78746195818033 37 123
0 18 0
10.3999379936715 37 137
0 18 0
0 18 0
0 18 0
0 18 0
0 18 0
0 18 0
0 18 0
5.97650022805646 34 120
3.38020956571771 32 43
0 18 0
0 18 0
0 18 0
0 18 0
0 18 0
9.49077310850215 35 136
0 18 0
0 18 0
0 18 0
0 18 0
0 18 0
0 18 0
3.16330056818409 32 91
0 18 0
0 18 0
0 18 0
0 18 0
0 18 0
0 18 0
1.04611501717345 27 36
4.2186492445498 33 105
0 18 0
0.689500736352321 25 21
0 18 0
1.95558434041113 30 66
14.91264571981 49 225
0 18 0
0 18 0
19.2052230411354 51 256
0 18 0
0 18 0
2.45913741376391 31 78
0 18 0
0 18 0
0 18 0
0 18 0
9.49077310850215 35 136
0 18 0
0 18 0
7.53333088449734 39 100
0 18 0
1.57734117291172 29 55
3.95977066709494 34 57
1.57734117291172 29 55
0 18 0
0 18 0
0 18 0
0 18 0
9.49077310850215 35 136
0 18 0
0 18 0
9.49077310850215 35 136
0 18 0
0 18 0
0 18 0
0 18 0
2.98500744616912 27 16
0 18 0
0 18 0
0 18 0
9.49077310850215 35 136
0 18 0
0 18 0
0 18 0
0 18 0
9.49077310850215 35 136
0 18 0
0 18 0
0 18 0
0 18 0
0 18 0
0 18 0
0 18 0
0 18 0
0 18 0
1.57734117291172 29 55
0 18 0
0 18 0
0 18 0
5.97650022805646 34 120
13.3501730269014 48 214
0 18 0
0 18 0
15.9339983388137 50 241
0 18 0
0 18 0
0 18 0
0 18 0
0 18 0
0 18 0
9.49077310850215 35 136
3.16330056818409 32 91
0 18 0
0 18 0
0 18 0
9.49077310850215 35 136
0 18 0
0 18 0
0 18 0
0 18 0
2.45913741376391 31 78
1.95558434041113 30 66
4.2186492445498 33 105
0 18 0
0 18 0
0 18 0
9.49077310850215 35 136
5.97650022805646 34 120
0 18 0
0.150084983172474 20 1
0 18 0
0 18 0
0 18 0
5.62707227042963 41 123
0 18 0
0 18 0
0 18 0
0 18 0
0 18 0
0 18 0
0 18 0
19.2052230411354 51 256
7.43308398650184 41 141
9.49077310850215 35 136
0 18 0
3.16330056818409 32 91
0 18 0
3.16330056818409 32 91
0 18 0
0 18 0
4.2186492445498 33 105
0 18 0
0 18 0
9.49077310850215 35 136
0 18 0
0 18 0
12.2490447359456 46 191
9.49077310850215 35 136
7.49614180320177 42 91
0 18 0
0 18 0
2.45913741376391 31 78
2.45913741376391 31 78
0 18 0
0 18 0
0 18 0
0 18 0
0 18 0
0 18 0
0 18 0
0 18 0
0 18 0
2.45913741376391 31 78
9.49077310850215 35 136
0 18 0
0 18 0
9.49077310850215 35 136
0 18 0
0.551186321575815 24 15
0 18 0
0 18 0
0 18 0
0 18 0
0 18 0
0 18 0
0 18 0
0 18 0
0 18 0
0 18 0
4.2186492445498 33 105
0 18 0
0 18 0
0.150084983172474 20 1
0 18 0
0 18 0
0 18 0
0 18 0
0 18 0
0 18 0
9.49077310850215 35 136
0 18 0
1.04611501717345 27 36
0 18 0
0 18 0
0 18 0
0 18 0
9.49077310850215 35 136
6.99210393514188 44 109
0 18 0
0 18 0
0 18 0
5.97650022805646 34 120
1.04611501717345 27 36
1.28256005248993 28 45
0 18 0
9.49077310850215 35 136
0 18 0
0 18 0
0 18 0
0 18 0
0 18 0
0 18 0
0 18 0
0 18 0
0 18 0
0 18 0
0 18 0
9.49077310850215 35 136
19.8963310007412 63 217
5.87831499075375 35 64
0 18 0
0 18 0
1.95558434041113 30 66
9.49077310850215 35 136
1.28256005248993 28 45
0 18 0
0 18 0
5.97650022805646 34 120
0 18 0
9.49077310850215 35 136
0 18 0
0 18 0
15.9339983388137 50 241
3.16330056818409 32 91
0 18 0
9.49077310850215 35 136
9.49077310850215 35 136
0 18 0
3.16330056818409 32 91
0 18 0
0 18 0
0 18 0
0 18 0
0 18 0
11.4577181871198 48 154
0 18 0
0 18 0
0 18 0
9.49077310850215 35 136
9.49077310850215 35 136
0 18 0
0 18 0
0 18 0
0 18 0
0 18 0
0 18 0
9.49077310850215 35 136
0 18 0
44.7964261845099 84 407
0 18 0
0 18 0
0 18 0
9.49077310850215 35 136
0 18 0
0 18 0
4.2186492445498 33 105
1.59465294620753 23 4
0 18 0
0 18 0
0 18 0
0 18 0
0 18 0
9.49077310850215 35 136
0 18 0
0 18 0
0 18 0
0 18 0
0 18 0
0 18 0
9.49077310850215 35 136
0 18 0
0 18 0
0 18 0
0.551186321575815 24 15
5.97650022805646 34 120
29.1390625381969 66 361
4.2186492445498 33 105
5.97650022805646 34 120
0 18 0
0 18 0
0 18 0
0 18 0
0 18 0
12.7087713454947 47 202
0 18 0
0.150084983172474 20 1
0 18 0
0 18 0
9.49077310850215 35 136
0 18 0
0 18 0
24.6240854017498 64 334
0 18 0
0 18 0
0.233979273789292 21 3
0 18 0
0 18 0
1.28256005248993 28 45
0 18 0
0 18 0
9.49077310850215 35 136
9.49077310850215 35 136
0 18 0
2.45913741376391 31 78
0 18 0
0 18 0
0 18 0
15.9339983388137 50 241
5.97650022805646 34 120
1.04611501717345 27 36
5.97650022805646 34 120
0 18 0
0.431685127013276 23 10
0 18 0
5.97650022805646 34 120
0 18 0
1.57734117291172 29 55
0 18 0
0 18 0
0 18 0
0 18 0
0 18 0
0 18 0
0 18 0
0 18 0
0 18 0
0 18 0
0.851995533236446 26 28
0 18 0
9.49077310850215 35 136
0 18 0
9.49077310850215 35 136
12.7087713454947 47 202
0 18 0
0 18 0
0 18 0
0.551186321575815 24 15
0 18 0
0 18 0
3.23179539648274 35 84
0 18 0
0 18 0
0 18 0
0 18 0
9.49077310850215 35 136
0 18 0
0 18 0
1.27015577761473 24 7
0 18 0
0 18 0
19.2052230411354 51 256
0 18 0
5.97650022805646 34 120
4.2186492445498 33 105
0 18 0
0 18 0
9.49077310850215 35 136
1.95558434041113 30 66
9.49077310850215 35 136
0.689500736352321 25 21
19.2052230411354 51 256
0.851995533236446 26 28
0 18 0
0 18 0
0 18 0
0 18 0
1.04611501717345 27 36
0 18 0
0 18 0
0 18 0
0 18 0
0 18 0
0 18 0
0 18 0
0 18 0
0 18 0
0 18 0
0 18 0
19.2052230411354 51 256
0 18 0
0 18 0
0 18 0
9.49077310850215 35 136
0.851995533236446 26 28
0 18 0
0 18 0
0 18 0
1.28256005248993 28 45
0 18 0
0 18 0
0 18 0
1.28256005248993 28 45
1.95558434041113 30 66
0 18 0
0 18 0
0 18 0
4.2186492445498 33 105
0 18 0
0 18 0
0 18 0
0 18 0
0.233979273789292 21 3
9.49077310850215 35 136
0 18 0
0 18 0
0 18 0
21.4161618684022 66 263
12.5002383091733 47 196
0 18 0
0 18 0
0 18 0
0 18 0
0 18 0
0 18 0
9.49077310850215 35 136
0 18 0
1.04611501717345 27 36
0 18 0
2.9983810073254 33 51
9.49077310850215 35 136
0 18 0
0 18 0
3.16330056818409 32 91
0 18 0
0 18 0
0 18 0
10.8640998056297 40 146
0 18 0
5.97650022805646 34 120
0 18 0
0 18 0
0 18 0
0 18 0
0 18 0
0.326988829436963 22 6
0 18 0
9.49077310850215 35 136
0 18 0
0 18 0
0 18 0
0 18 0
4.2186492445498 33 105
12.2490447359456 46 191
0 18 0
0 18 0
0 18 0
7.24611920433424 40 135
0 18 0
0 18 0
0 18 0
0 18 0
0 18 0
0 18 0
19.2052230411354 51 256
0 18 0
0 18 0
0 18 0
0 18 0
0.431685127013276 23 10
5.97650022805646 34 120
0.326988829436963 22 6
21.1641896776082 62 225
11.9618586096078 49 147
0 18 0
9.49077310850215 35 136
0 18 0
0.689500736352321 25 21
11.9003757280563 45 181
0 18 0
3.95977066709494 34 57
9.49077310850215 35 136
0 18 0
0 18 0
0 18 0
0 18 0
0 18 0
9.49077310850215 35 136
5.97650022805646 34 120
0 18 0
1.28256005248993 28 45
0 18 0
3.16330056818409 32 91
9.49077310850215 35 136
0 18 0
9.49077310850215 35 136
0 18 0
0 18 0
0 18 0
0 18 0
0 18 0
0 18 0
0 18 0
0 18 0
5.97650022805646 34 120
0 18 0
0 18 0
0 18 0
0 18 0
1.57734117291172 29 55
0 18 0
0 18 0
0 18 0
0 18 0
1.28256005248993 28 45
0 18 0
0 18 0
0 18 0
0 18 0
0 18 0
0 18 0
0 18 0
0.689500736352321 25 21
0 18 0
0 18 0
1.57734117291172 29 55
0 18 0
0 18 0
5.97650022805646 34 120
0 18 0
0 18 0
0 18 0
0 18 0
0 18 0
0 18 0
0 18 0
19.2052230411354 51 256
9.49077310850215 35 136
0 18 0
0 18 0
0 18 0
1.04611501717345 27 36
1.28256005248993 28 45
5.97650022805646 34 120
0 18 0
0 18 0
0 18 0
0 18 0
0 18 0
0 18 0
0 18 0
0 18 0
1.28256005248993 28 45
0 18 0
9.49077310850215 35 136
0 18 0
29.1390625381969 66 361
0 18 0
0.551186321575815 24 15
6.78746195818033 37 123
0 18 0
3.16330056818409 32 91
4.2186492445498 33 105
0 18 0
9.49077310850215 35 136
0 18 0
0 18 0
3.16330056818409 32 91
0 18 0
0 18 0
0 18 0
10.7110128156342 39 142
0 18 0
0 18 0
0 18 0
0 18 0
19.2052230411354 51 256
3.94000420772755 38 99
0 18 0
0 18 0
0 18 0
3.16330056818409 32 91
0 18 0
0 18 0
1.57734117291172 29 55
0 18 0
0 18 0
0 18 0
0 18 0
0 18 0
13.3501730269014 48 214
0 18 0
0 18 0
9.49077310850215 35 136
0 18 0
0 18 0
2.45913741376391 31 78
0 18 0
9.49077310850215 35 136
0 18 0
1.28256005248993 28 45
0 18 0
0 18 0
5.97650022805646 34 120
0 18 0
11.5200096652876 50 201
0 18 0
0 18 0
0 18 0
0 18 0
9.49077310850215 35 136
0 18 0
0 18 0
0 18 0
0 18 0
1.28256005248993 28 45
0 18 0
0 18 0
0 18 0
0 18 0
9.49077310850215 35 136
2.04368018398102 29 27
0 18 0
13.6823774786503 48 136
0.431685127013276 23 10
0 18 0
0 18 0
0 18 0
0 18 0
2.45913741376391 31 78
9.49077310850215 35 136
0 18 0
0 18 0
4.2186492445498 33 105
3.16330056818409 32 91
0 18 0
0 18 0
0 18 0
8.25468888465182 44 165
0 18 0
0 18 0
0 18 0
6.17823977652408 42 141
0 18 0
0 18 0
0 18 0
0 18 0
0 18 0
0 18 0
9.49077310850215 35 136
0 18 0
0 18 0
0 18 0
0 18 0
0 18 0
0 18 0
0 18 0
5.97650022805646 34 120
0 18 0
0 18 0
9.49077310850215 35 136
0 18 0
0 18 0
3.16330056818409 32 91
4.2186492445498 33 105
0 18 0
0 18 0
0 18 0
0 18 0
0 18 0
0 18 0
0.851995533236446 26 28
9.49077310850215 35 136
0 18 0
1.95558434041113 30 66
1.28256005248993 28 45
3.16330056818409 32 91
0 18 0
5.97650022805646 34 120
5.97650022805646 34 120
3.16330056818409 32 91
5.97650022805646 34 120
0 18 0
0 18 0
0 18 0
9.49077310850215 35 136
0 18 0
1.95558434041113 30 66
0 18 0
0 18 0
0 18 0
9.49077310850215 35 136
0 18 0
9.49077310850215 35 136
0 18 0
0 18 0
0 18 0
0 18 0
0 18 0
0.233979273789292 21 3
9.49077310850215 35 136
0 18 0
11.9003757280563 45 181
0 18 0
0 18 0
0 18 0
0.431685127013276 23 10
0 18 0
0.689500736352321 25 21
0 18 0
9.49077310850215 35 136
0 18 0
1.95558434041113 30 66
9.49077310850215 35 136
10.2419250953585 47 198
0 18 0
9.49077310850215 35 136
0 18 0
0 18 0
0 18 0
1.04611501717345 27 36
0 18 0
0.551186321575815 24 15
1.28256005248993 28 45
0 18 0
0 18 0
0 18 0
0 18 0
0 18 0
0 18 0
0 18 0
0 18 0
9.49077310850215 35 136
9.49077310850215 35 136
0 18 0
0 18 0
0 18 0
0 18 0
0 18 0
0 18 0
0 18 0
10.490971581393 49 155
0 18 0
0 18 0
0 18 0
2.45913741376391 31 78
10.8386660805948 45 169
0 18 0
0 18 0
0 18 0
0 18 0
0 18 0
0 18 0
0 18 0
0 18 0
0 18 0
0 18 0
1.04611501717345 27 36
9.49077310850215 35 136
0 18 0
0 18 0
5.97650022805646 34 120
0 18 0
9.49077310850215 35 136
0 18 0
0 18 0
0 18 0
0 18 0
0 18 0
0 18 0
0 18 0
0 18 0
0.233979273789292 21 3
0 18 0
4.2186492445498 33 105
0 18 0
9.49077310850215 35 136
0 18 0
0 18 0
0 18 0
0 18 0
0 18 0
0 18 0
0 18 0
0 18 0
9.49077310850215 35 136
0 18 0
0 18 0
9.49077310850215 35 136
0 18 0
0 18 0
0 18 0
0 18 0
0 18 0
0 18 0
4.3182206519479 39 106
0 18 0
0 18 0
0 18 0
0 18 0
0 18 0
0.150084983172474 20 1
0 18 0
0 18 0
11.0243747967222 41 151
0 18 0
0 18 0
0 18 0
0 18 0
5.97650022805646 34 120
0 18 0
0 18 0
9.49077310850215 35 136
0 18 0
0 18 0
0.551186321575815 24 15
0 18 0
0 18 0
0 18 0
0 18 0
0 18 0
0 18 0
0 18 0
0 18 0
1.57734117291172 29 55
0 18 0
0 18 0
0 18 0
0 18 0
4.2186492445498 33 105
0 18 0
0 18 0
9.49077310850215 35 136
5.97650022805646 34 120
0 18 0
0 18 0
9.49077310850215 35 136
14.91264571981 49 225
0 18 0
0 18 0
0 18 0
0 18 0
9.49077310850215 35 136
0 18 0
0 18 0
0 18 0
0 18 0
0 18 0
0 18 0
9.49077310850215 35 136
9.49077310850215 35 136
0 18 0
0 18 0
0 18 0
12.7087713454947 47 202
2.45913741376391 31 78
0 18 0
0 18 0
5.97650022805646 34 120
0 18 0
0.326988829436963 22 6
0 18 0
0 18 0
0 18 0
0 18 0
19.2052230411354 51 256
0 18 0
0 18 0
0 18 0
9.49077310850215 35 136
0 18 0
0 18 0
9.49077310850215 35 136
0 18 0
0 18 0
1.28256005248993 28 45
0 18 0
9.49077310850215 35 136
9.49077310850215 35 136
0 18 0
0 18 0
0 18 0
0 18 0
2.16500604632486 32 51
0 18 0
0 18 0
11.7922246874899 48 211
0 18 0
0 18 0
1.59465294620753 23 4
0.851995533236446 26 28
0 18 0
22.4164671657682 60 292
0 18 0
9.49077310850215 35 136
0 18 0
0 18 0
9.49077310850215 35 136
0 18 0
16.414654802896 57 241
0 18 0
0 18 0
2.9983810073254 33 51
0 18 0
2.45913741376391 31 78
0 18 0
0 18 0
0 18 0
9.49077310850215 35 136
0 18 0
0 18 0
0 18 0
0 18 0
0 18 0
0 18 0
9.49077310850215 35 136
0 18 0
0 18 0
0 18 0
1.04611501717345 27 36
0 18 0
1.28256005248993 28 45
0 18 0
9.49077310850215 35 136
0 18 0
0 18 0
13.2845167374482 52 180
0 18 0
0.851995533236446 26 28
0 18 0
0 18 0
0 18 0
9.49077310850215 35 136
9.49077310850215 35 136
0 18 0
0 18 0
11.1985517312361 42 157
0 18 0
0 18 0
0 18 0
15.025790173023 52 220
0 18 0
2.45913741376391 31 78
0.689500736352321 25 21
0 18 0
20.8718603633594 53 257
9.49077310850215 35 136
0 18 0
0 18 0
14.91264571981 49 225
0 18 0
0 18 0
0 18 0
0 18 0
0 18 0
9.49077310850215 35 136
9.49077310850215 35 136
0.431685127013276 23 10
0 18 0
0 18 0
0 18 0
21.184167118182 62 303
0 18 0
0 18 0
14.3147933514676 49 227
0 18 0
5.97650022805646 34 120
0 18 0
1.95558434041113 30 66
0 18 0
9.49077310850215 35 136
0 18 0
0 18 0
19.2052230411354 51 256
0.326988829436963 22 6
0.431685127013276 23 10
0 18 0
0 18 0
0 18 0
0 18 0
0.150084983172474 20 1
7.53333088449734 39 100
0 18 0
0 18 0
9.49077310850215 35 136
0 18 0
0 18 0
0 18 0
1.28256005248993 28 45
0 18 0
0 18 0
5.97650022805646 34 120
0 18 0
0 18 0
3.16330056818409 32 91
14.91264571981 49 225
0 18 0
0 18 0
1.28256005248993 28 45
0 18 0
0 18 0
0 18 0
0 18 0
0 18 0
6.17823977652408 42 141
0 18 0
0 18 0
0 18 0
2.45913741376391 31 78
0 18 0
0 18 0
0 18 0
1.28256005248993 28 45
0 18 0
0 18 0
0 18 0
2.45913741376391 31 78
9.49077310850215 35 136
0 18 0
0 18 0
0 18 0
0 18 0
0 18 0
0 18 0
0 18 0
0 18 0
0 18 0
4.2186492445498 33 105
0 18 0
1.28256005248993 28 45
9.49077310850215 35 136
0 18 0
9.49077310850215 35 136
0 18 0
9.49077310850215 35 136
0 18 0
0 18 0
6.67641896205241 37 81
0 18 0
0 18 0
0 18 0
0 18 0
6.51087037396573 41 94
0 18 0
9.49077310850215 35 136
3.16330056818409 32 91
0 18 0
9.49077310850215 35 136
15.9339983388137 50 241
0 18 0
0 18 0
0 18 0
0 18 0
0 18 0
0 18 0
9.49077310850215 35 136
0 18 0
0 18 0
1.95558434041113 30 66
0.431685127013276 23 10
0 18 0
0 18 0
0 18 0
0 18 0
0 18 0
0 18 0
0 18 0
0.431685127013276 23 10
0 18 0
4.81042791626061 39 102
0 18 0
9.16689544825412 46 159
5.97650022805646 34 120
0.326988829436963 22 6
0.551186321575815 24 15
0 18 0
0 18 0
0 18 0
0 18 0
3.16330056818409 32 91
0 18 0
1.04611501717345 27 36
0 18 0
12.7087713454947 47 202
0 18 0
0 18 0
9.49077310850215 35 136
9.49077310850215 35 136
0 18 0
9.49077310850215 35 136
0 18 0
10.8640998056297 40 146
9.49077310850215 35 136
14.3147933514676 49 227
0 18 0
1.04611501717345 27 36
0 18 0
5.97650022805646 34 120
0 18 0
0 18 0
0 18 0
0 18 0
0 18 0
