"COLLES.MDM.LN" "SACKIN" "COPHENETIC"
0 21 0
0 21 0
0 21 0
0 21 0
26.0478999033046 72 427
11.061584983623 41 190
7.17458500605271 53 191
11.061584983623 41 190
0 21 0
11.061584983623 41 190
11.061584983623 41 190
1.63942494250927 34 78
6.45241757648568 50 202
7.05283707132661 42 100
21.4041002900277 71 396
11.061584983623 41 190
0 21 0
0 21 0
1.14715721666307 32 55
0 21 0
33.8736918068221 78 514
7.02605146214433 40 171
28.5035309281272 85 495
5.00775412265401 39 153
0 21 0
11.061584983623 41 190
0 21 0
0 21 0
5.00775412265401 39 153
0 21 0
0 21 0
0 21 0
0 21 0
0 21 0
13.9022536048791 57 307
17.5429953134907 58 324
0 21 0
29.3067664079301 76 479
0 21 0
0 21 0
0 21 0
0 21 0
0 21 0
0 21 0
0 21 0
0 21 0
11.061584983623 41 190
0 21 0
0 21 0
5.77184618437538 43 159
0.80470385936419 30 36
0 21 0
0 21 0
0 21 0
5.60315970814914 38 64
0 21 0
2.41065671117132 36 105
0 21 0
9.74851873116532 53 241
0 21 0
0 21 0
9.74851873116532 53 241
0 21 0
18.9445638148857 57 127
5.00775412265401 39 153
0 21 0
7.02605146214433 40 171
5.60315970814914 38 64
11.061584983623 41 190
0 21 0
11.061584983623 41 190
0 21 0
17.5429953134907 58 324
5.00775412265401 39 153
11.061584983623 41 190
9.54069589085617 48 169
11.061584983623 41 190
0 21 0
0 21 0
0.272490691197469 25 6
0 21 0
22.353876743399 60 361
34.5348785996422 87 464
4.51399031476098 42 76
0 21 0
8.62832422296066 53 244
12.969766292922 59 226
0 21 0
16.6885758835305 58 326
0 21 0
11.061584983623 41 190
21.5764912042988 71 402
15.5724463680115 57 310
0.669425061828636 29 28
0 21 0
17.5429953134907 58 324
0.551600589081856 28 21
0 21 0
0 21 0
0 21 0
0 21 0
10.2967254806221 54 262
11.061584983623 41 190
0 21 0
0.669425061828636 29 28
5.00775412265401 39 153
7.02605146214433 40 171
0 21 0
0 21 0
0 21 0
22.353876743399 60 361
0 21 0
0 21 0
0 21 0
11.061584983623 41 190
0 21 0
1.63942494250927 34 78
0.197035177927825 24 3
6.31495799300611 40 81
0 21 0
11.061584983623 41 190
0 21 0
11.061584983623 41 190
5.65227153998881 42 156
5.00775412265401 39 153
0 21 0
11.061584983623 41 190
0 21 0
0 21 0
26.0478999033046 72 427
1.14715721666307 32 55
11.061584983623 41 190
11.061584983623 41 190
0 21 0
32.039982345598 85 507
14.6553331479767 63 222
31.6929008397045 82 472
5.77184618437538 43 159
0 21 0
6.76814411547127 40 53
4.99148237306492 34 26
0.272490691197469 25 6
11.0143156477682 55 276
11.061584983623 41 190
0 21 0
0 21 0
0 21 0
7.05283707132661 42 100
0 21 0
22.353876743399 60 361
0 21 0
2.41065671117132 36 105
0.551600589081856 28 21
0 21 0
14.8740208412362 56 289
0 21 0
4.93073026537959 45 157
14.8740208412362 56 289
5.00775412265401 39 153
0 21 0
0 21 0
0 21 0
14.7843213352162 61 251
0.197035177927825 24 3
11.061584983623 41 190
15.8635204970551 57 199
22.353876743399 60 361
0 21 0
5.00775412265401 39 153
22.353876743399 60 361
0 21 0
0.44783888628035 27 15
11.061584983623 41 190
0 21 0
11.061584983623 41 190
4.98212310831086 39 52
0 21 0
0 21 0
11.061584983623 41 190
0 21 0
4.76802102771316 44 151
0 21 0
0 21 0
11.061584983623 41 190
0.272490691197469 25 6
0 21 0
0 21 0
11.061584983623 41 190
0 21 0
5.00775412265401 39 153
0 21 0
3.79630924340086 38 136
11.061584983623 41 190
5.00775412265401 39 153
0 21 0
0 21 0
29.485041522052 85 500
1.63942494250927 34 78
3.79630924340086 38 136
0.272490691197469 25 6
0 21 0
0 21 0
0 21 0
0 21 0
24.952549648453 76 361
8.19487430510191 49 161
0 21 0
11.061584983623 41 190
11.061584983623 41 190
0 21 0
0 21 0
0 21 0
7.02605146214433 40 171
11.061584983623 41 190
0 21 0
0 21 0
17.5429953134907 58 324
1.97706285511505 35 91
0 21 0
5.60315970814914 38 64
22.353876743399 60 361
0 21 0
0 21 0
3.79630924340086 38 136
0 21 0
7.91799640283843 44 177
0 21 0
3.54459508638587 43 119
7.02605146214433 40 171
3.79630924340086 38 136
7.02605146214433 40 171
0 21 0
0 21 0
13.3427578661809 52 245
0 21 0
0 21 0
0 21 0
0 21 0
0 21 0
0 21 0
0.272490691197469 25 6
0 21 0
0 21 0
1.36890903828779 33 66
12.2317088846649 45 196
11.061584983623 41 190
7.02605146214433 40 171
0 21 0
26.0478999033046 72 427
0 21 0
0 21 0
0 21 0
0.669425061828636 29 28
0 21 0
0 21 0
8.62832422296066 53 244
22.5978438233025 72 421
1.14715721666307 32 55
33.8736918068221 78 514
0 21 0
0 21 0
0 21 0
0 21 0
1.36890903828779 33 66
0 21 0
0 21 0
0 21 0
25.9093086390358 75 463
0.669425061828636 29 28
16.1342957204419 62 262
13.3427578661809 52 245
11.061584983623 41 190
0 21 0
17.5429953134907 58 324
0 21 0
32.6668140035163 93 507
0 21 0
11.6749721044548 52 225
7.02605146214433 40 171
0 21 0
11.061584983623 41 190
0 21 0
11.061584983623 41 190
0 21 0
0 21 0
5.00775412265401 39 153
0 21 0
7.02605146214433 40 171
17.5429953134907 58 324
0.127572235696603 23 1
7.05283707132661 42 100
33.8736918068221 78 514
9.54069589085617 48 169
0 21 0
0 21 0
0 21 0
0 21 0
0 21 0
15.5724463680115 57 310
15.5724463680115 57 310
1.88018576926254 32 27
0 21 0
0 21 0
0 21 0
13.8591119973615 47 197
0 21 0
9.54069589085617 48 169
0 21 0
14.8740208412362 56 289
12.6362564697333 48 211
12.9468827916174 50 226
5.00775412265401 39 153
0 21 0
1.63942494250927 34 78
5.00775412265401 39 153
0 21 0
0 21 0
0.669425061828636 29 28
2.41065671117132 36 105
0 21 0
3.94684657264992 44 127
0 21 0
37.461316635909 85 535
0 21 0
0 21 0
32.2789462411963 92 508
0 21 0
0 21 0
0 21 0
0 21 0
13.3427578661809 52 245
11.061584983623 41 190
0.44783888628035 27 15
11.061584983623 41 190
31.0418485334436 70 279
0 21 0
8.19674495079951 48 112
0 21 0
0 21 0
1.63942494250927 34 78
17.5429953134907 58 324
4.37323096380749 41 139
3.79630924340086 38 136
0 21 0
11.061584983623 41 190
0 21 0
0 21 0
16.6885758835305 58 326
0 21 0
0 21 0
11.061584983623 41 190
0 21 0
5.33483353797448 48 151
0 21 0
0 21 0
11.061584983623 41 190
0 21 0
0 21 0
2.98825011402823 37 120
21.9374585335829 69 269
22.353876743399 60 361
22.353876743399 60 361
11.061584983623 41 190
4.23050221653731 34 36
0 21 0
0 21 0
0 21 0
0.355505398716815 26 10
0 21 0
11.061584983623 41 190
0.669425061828636 29 28
11.061584983623 41 190
0.355505398716815 26 10
7.02605146214433 40 171
0 21 0
2.98825011402823 37 120
11.061584983623 41 190
22.353876743399 60 361
18.4201328757491 63 301
17.4163444673049 72 356
0 21 0
0 21 0
11.061584983623 41 190
0 21 0
0 21 0
0 21 0
3.79630924340086 38 136
14.8740208412362 56 289
2.98825011402823 37 120
0 21 0
0.197035177927825 24 3
11.061584983623 41 190
14.8740208412362 56 289
23.4581280269918 78 363
0 21 0
11.061584983623 41 190
0 21 0
0 21 0
0 21 0
9.49931017889731 57 237
2.41065671117132 36 105
0 21 0
7.05283707132661 42 100
0 21 0
6.74212497306428 47 157
3.95644549646264 37 45
22.353876743399 60 361
13.060939421705 54 256
0.44783888628035 27 15
0 21 0
11.061584983623 41 190
0 21 0
0 21 0
11.061584983623 41 190
14.8740208412362 56 289
3.79630924340086 38 136
1.36890903828779 33 66
0 21 0
0 21 0
11.061584983623 41 190
22.353876743399 60 361
0.197035177927825 24 3
0 21 0
3.5589856698503 32 25
3.79630924340086 38 136
30.3281190269338 77 497
5.00775412265401 39 153
0 21 0
0 21 0
0.551600589081856 28 21
0.80470385936419 30 36
11.6749721044548 52 225
11.061584983623 41 190
12.7843069714461 49 218
0 21 0
0 21 0
0 21 0
0 21 0
0 21 0
7.02605146214433 40 171
13.060939421705 54 256
0 21 0
0 21 0
0 21 0
0 21 0
0 21 0
0 21 0
0 21 0
3.79630924340086 38 136
32.4489729958621 93 469
0 21 0
3.79630924340086 38 136
0 21 0
0 21 0
0 21 0
0 21 0
0 21 0
0.669425061828636 29 28
0 21 0
52.7430133865272 112 666
37.0858503604899 89 551
11.061584983623 41 190
0 21 0
49.690624613545 105 683
11.061584983623 41 190
0.80470385936419 30 36
11.061584983623 41 190
3.79630924340086 38 136
0 21 0
0 21 0
15.5724463680115 57 310
7.66923399673448 42 172
3.79630924340086 38 136
0 21 0
0 21 0
11.061584983623 41 190
30.0198673559414 86 503
0 21 0
2.98825011402823 37 120
22.353876743399 60 361
18.5643479324944 59 343
11.061584983623 41 190
1.79892712194202 35 51
28.2854137889265 75 460
2.89102075933525 30 16
0 21 0
0 21 0
0 21 0
19.5815397833361 68 371
0 21 0
7.02605146214433 40 171
0 21 0
5.00775412265401 39 153
11.061584983623 41 190
10.2967254806221 54 262
7.02605146214433 40 171
0 21 0
0.197035177927825 24 3
0 21 0
18.5643479324944 59 343
0 21 0
0 21 0
7.02605146214433 40 171
0 21 0
8.532196150565 51 211
12.2317088846649 45 196
0 21 0
0 21 0
0 21 0
31.4214265613499 89 455
0 21 0
30.8147219897503 85 487
0 21 0
16.8196857786611 63 309
3.16769481452717 35 43
4.13024243506232 44 141
7.0750112351354 50 208
11.061584983623 41 190
0 21 0
14.1278006558859 55 127
13.5961303198482 53 256
0.44783888628035 27 15
11.061584983623 41 190
0.551600589081856 28 21
11.061584983623 41 190
11.061584983623 41 190
0 21 0
0 21 0
0 21 0
11.061584983623 41 190
15.5724463680115 57 310
11.061584983623 41 190
10.673627639325 61 259
0 21 0
0 21 0
7.02605146214433 40 171
0 21 0
0 21 0
27.1604360713687 85 490
3.79630924340086 38 136
0 21 0
22.353876743399 60 361
12.9468827916174 50 226
11.061584983623 41 190
11.061584983623 41 190
0 21 0
22.5458166163779 69 361
3.79630924340086 38 136
9.66350659948822 54 258
0 21 0
20.3166482189738 69 323
0 21 0
0 21 0
11.061584983623 41 190
15.9175113591652 60 283
0 21 0
0 21 0
11.061584983623 41 190
9.74851873116532 53 241
0 21 0
24.8879560200322 74 444
0 21 0
7.05283707132661 42 100
14.8740208412362 56 289
0 21 0
0 21 0
25.9093086390358 75 463
26.8937311851921 74 452
0 21 0
0 21 0
0 21 0
0 21 0
0 21 0
0 21 0
22.353876743399 60 361
14.8740208412362 56 289
3.79630924340086 38 136
24.2400079513255 74 448
0 21 0
0 21 0
21.6808550597456 66 334
0 21 0
2.49106721049071 38 94
0 21 0
0 21 0
0 21 0
0 21 0
11.061584983623 41 190
5.00775412265401 39 153
34.5117649466173 88 450
11.061584983623 41 190
0 21 0
14.7843213352162 61 251
33.8736918068221 78 514
0 21 0
0 21 0
0 21 0
0 21 0
0 21 0
0 21 0
0 21 0
0 21 0
22.353876743399 60 361
0 21 0
0 21 0
0.961920039367445 31 45
0 21 0
0 21 0
11.061584983623 41 190
2.98825011402823 37 120
11.394792494256 55 273
0 21 0
12.8152644078537 63 286
0 21 0
0 21 0
1.14715721666307 32 55
0 21 0
20.8106017258188 64 311
22.353876743399 60 361
0 21 0
0 21 0
0 21 0
8.64430683698528 49 207
7.02605146214433 40 171
0 21 0
16.9790572327421 68 362
0 21 0
12.0938195462836 56 291
11.061584983623 41 190
0 21 0
5.00775412265401 39 153
0 21 0
11.061584983623 41 190
1.14715721666307 32 55
29.3067664079301 76 479
26.4123877447178 73 439
0 21 0
17.6758441886579 65 303
7.02605146214433 40 171
0 21 0
0 21 0
5.00775412265401 39 153
13.1302522435251 51 235
0 21 0
14.8740208412362 56 289
7.02605146214433 40 171
0 21 0
5.00775412265401 39 153
0 21 0
26.391115645175 68 288
2.98825011402823 37 120
0 21 0
22.353876743399 60 361
0 21 0
0 21 0
20.4553196363242 58 141
0 21 0
11.061584983623 41 190
0 21 0
0 21 0
19.4431178076061 64 256
0 21 0
11.061584983623 41 190
0 21 0
0 21 0
0 21 0
0 21 0
11.061584983623 41 190
11.061584983623 41 190
18.5643479324944 59 343
0 21 0
12.2317088846649 45 196
0 21 0
14.8324424090423 56 295
0 21 0
43.9202444094757 102 557
12.7843069714461 49 218
11.061584983623 41 190
0 21 0
2.98825011402823 37 120
0 21 0
0 21 0
0 21 0
16.6885758835305 58 326
16.7940779898919 59 260
0 21 0
0 21 0
11.061584983623 41 190
6.78360771352588 49 198
0.127572235696603 23 1
11.0143156477682 55 276
0 21 0
11.061584983623 41 190
11.061584983623 41 190
5.00775412265401 39 153
11.061584983623 41 190
11.061584983623 41 190
0 21 0
0 21 0
0 21 0
5.00775412265401 39 153
0 21 0
0 21 0
12.1401742823842 50 185
0 21 0
0.44783888628035 27 15
0 21 0
5.77184618437538 43 159
0 21 0
0 21 0
7.83959985975659 44 74
10.2967254806221 54 262
0 21 0
0 21 0
0 21 0
19.2292003917716 60 271
7.02605146214433 40 171
0 21 0
7.82638210136948 44 121
0 21 0
4.2169518923861 39 73
11.061584983623 41 190
0 21 0
0 21 0
11.061584983623 41 190
0 21 0
0 21 0
18.3158234734683 61 185
16.1074452902163 62 200
0 21 0
2.41065671117132 36 105
0 21 0
11.061584983623 41 190
11.061584983623 41 190
0 21 0
0 21 0
0 21 0
0 21 0
0 21 0
11.061584983623 41 190
5.00775412265401 39 153
14.8324424090423 56 295
0 21 0
4.58898536165219 41 66
5.00775412265401 39 153
0 21 0
4.2169518923861 39 73
9.34964712979244 50 130
15.5724463680115 57 310
0 21 0
9.66350659948822 54 258
2.98825011402823 37 120
0 21 0
7.02605146214433 40 171
0 21 0
0 21 0
0 21 0
0 21 0
21.6808550597456 66 334
11.061584983623 41 190
0 21 0
0 21 0
14.8740208412362 56 289
7.82638210136948 44 121
0 21 0
0 21 0
16.7015650493051 61 299
0 21 0
0 21 0
0 21 0
0 21 0
0 21 0
11.061584983623 41 190
0 21 0
0 21 0
11.394792494256 55 273
5.00775412265401 39 153
0 21 0
2.71983666989371 36 51
0 21 0
5.00775412265401 39 153
0.197035177927825 24 3
0 21 0
1.14715721666307 32 55
0 21 0
0 21 0
0 21 0
0.80470385936419 30 36
0 21 0
0 21 0
13.8649134059831 52 109
0.551600589081856 28 21
0 21 0
42.5349110752829 89 539
20.0427172908453 70 346
7.02605146214433 40 171
7.05283707132661 42 100
0 21 0
0 21 0
0 21 0
0 21 0
0 21 0
0 21 0
28.0327697084658 75 244
0 21 0
0 21 0
0.80470385936419 30 36
0 21 0
0 21 0
5.00775412265401 39 153
0 21 0
0 21 0
0 21 0
16.6885758835305 58 326
11.061584983623 41 190
0 21 0
0 21 0
11.061584983623 41 190
22.353876743399 60 361
0 21 0
0 21 0
6.02659843675287 49 186
0 21 0
0 21 0
0 21 0
0 21 0
0 21 0
0 21 0
2.89102075933525 30 16
12.969766292922 59 226
0 21 0
0 21 0
14.3047562444199 55 281
11.061584983623 41 190
11.061584983623 41 190
0 21 0
0 21 0
11.061584983623 41 190
0 21 0
0 21 0
0 21 0
7.02605146214433 40 171
14.3047562444199 55 281
17.7598706306518 56 239
19.075854810845 66 354
0 21 0
0 21 0
0 21 0
0 21 0
0 21 0
0 21 0
13.1368981151902 58 292
0 21 0
0 21 0
0 21 0
1.54429548474835 26 4
0 21 0
20.705073238 70 378
24.7033245666667 77 377
11.061584983623 41 190
3.79630924340086 38 136
15.5724463680115 57 310
0 21 0
14.9145340134196 64 226
0 21 0
0 21 0
19.5648238809555 67 207
0 21 0
0 21 0
11.061584983623 41 190
0 21 0
0 21 0
0 21 0
0 21 0
0 21 0
4.25565437424104 40 137
29.3067664079301 76 479
0 21 0
17.5672671200845 65 331
0 21 0
7.02605146214433 40 171
0 21 0
2.41065671117132 36 105
5.00775412265401 39 153
0 21 0
1.14715721666307 32 55
5.00775412265401 39 153
0 21 0
0 21 0
0 21 0
14.8324424090423 56 295
0 21 0
0 21 0
0 21 0
1.97706285511505 35 91
0 21 0
0 21 0
6.74212497306428 47 157
0 21 0
22.353876743399 60 361
0 21 0
12.0953240123239 44 193
0 21 0
0 21 0
7.02605146214433 40 171
2.50537041423402 39 88
0 21 0
13.9077407344151 54 268
5.00775412265401 39 153
0 21 0
2.41065671117132 36 105
30.1429826736889 77 289
0.272490691197469 25 6
0 21 0
11.9490861140737 43 191
0 21 0
24.5968172318968 65 371
3.95644549646264 37 45
30.9175033209507 87 526
0 21 0
21.9334834748714 75 372
0 21 0
0 21 0
0 21 0
28.2854137889265 75 460
33.8736918068221 78 514
33.8736918068221 78 514
0 21 0
0 21 0
0 21 0
0 21 0
2.56757484174071 39 81
11.1060717868146 50 128
0 21 0
0 21 0
0 21 0
9.39815004735267 52 237
0 21 0
7.02605146214433 40 171
14.3375781531854 62 274
0 21 0
0 21 0
4.61316061102271 46 156
11.061584983623 41 190
12.0953240123239 44 193
0 21 0
0 21 0
3.79630924340086 38 136
7.02605146214433 40 171
0 21 0
0 21 0
0 21 0
11.853909913689 48 109
7.02605146214433 40 171
11.061584983623 41 190
0 21 0
0 21 0
0 21 0
0 21 0
5.00775412265401 39 153
1.63942494250927 34 78
11.061584983623 41 190
0 21 0
11.061584983623 41 190
7.02605146214433 40 171
0 21 0
0 21 0
0 21 0
44.3248570919209 104 613
0 21 0
7.02605146214433 40 171
15.5724463680115 57 310
0.355505398716815 26 10
1.97706285511505 35 91
11.061584983623 41 190
0 21 0
11.061584983623 41 190
0 21 0
0 21 0
0 21 0
4.77839719836875 41 91
0 21 0
14.3047562444199 55 281
0 21 0
17.5429953134907 58 324
0 21 0
0 21 0
0 21 0
0 21 0
12.4977043913748 47 205
0 21 0
0 21 0
0 21 0
23.6701760551597 71 362
0 21 0
9.54069589085617 48 169
7.02605146214433 40 171
0 21 0
7.02605146214433 40 171
0 21 0
0 21 0
0 21 0
0 21 0
0 21 0
1.53646130651515 34 56
0 21 0
0 21 0
0 21 0
0 21 0
0.80470385936419 30 36
42.3134208961516 94 634
15.6113224628231 50 206
12.0938195462836 56 291
21.7264258570037 71 394
0 21 0
11.5613236340984 59 186
2.41065671117132 36 105
9.26216455181972 53 196
20.8106017258188 64 311
28.2854137889265 75 460
15.5724463680115 57 310
7.02605146214433 40 171
0 21 0
43.0582538019997 95 454
0 21 0
0 21 0
11.061584983623 41 190
0 21 0
0 21 0
2.41065671117132 36 105
0 21 0
11.6749721044548 52 225
17.5429953134907 58 324
0 21 0
2.41065671117132 36 105
0 21 0
22.353876743399 60 361
11.061584983623 41 190
0 21 0
4.59647760057702 46 150
0 21 0
0.80470385936419 30 36
0 21 0
0.80470385936419 30 36
12.0938195462836 56 291
0 21 0
5.00775412265401 39 153
1.97706285511505 35 91
11.061584983623 41 190
0 21 0
10.474549065864 53 159
11.061584983623 41 190
2.98825011402823 37 120
22.353876743399 60 361
11.061584983623 41 190
1.14715721666307 32 55
11.0143156477682 55 276
22.353876743399 60 361
0 21 0
13.9022536048791 57 307
0 21 0
0 21 0
11.061584983623 41 190
17.7209766999682 71 329
0 21 0
11.061584983623 41 190
0 21 0
8.532196150565 51 211
7.94023286876785 49 127
1.97706285511505 35 91
0.355505398716815 26 10
0 21 0
13.9022536048791 57 307
22.353876743399 60 361
0 21 0
8.90170478093775 54 204
11.061584983623 41 190
11.061584983623 41 190
11.061584983623 41 190
9.39815004735267 52 237
0 21 0
7.02605146214433 40 171
16.0983849284499 66 248
0.669425061828636 29 28
0 21 0
0 21 0
11.061584983623 41 190
0 21 0
29.3067664079301 76 479
0 21 0
0 21 0
1.14715721666307 32 55
0 21 0
22.353876743399 60 361
0 21 0
0 21 0
0 21 0
0 21 0
0 21 0
7.02605146214433 40 171
0 21 0
11.061584983623 41 190
0 21 0
20.7538799088931 65 281
7.11064814867056 51 214
11.061584983623 41 190
6.74212497306428 47 157
1.36890903828779 33 66
0 21 0
1.14715721666307 32 55
35.106922552559 89 563
13.060939421705 54 256
11.061584983623 41 190
25.9093086390358 75 463
15.5724463680115 57 310
22.353876743399 60 361
12.0938195462836 56 291
0 21 0
0 21 0
1.97706285511505 35 91
0.961920039367445 31 45
0 21 0
2.98825011402823 37 120
5.00775412265401 39 153
0.44783888628035 27 15
0 21 0
0 21 0
0 21 0
0 21 0
11.061584983623 41 190
0 21 0
0 21 0
0 21 0
7.02605146214433 40 171
0.669425061828636 29 28
3.79630924340086 38 136
0 21 0
0 21 0
7.02605146214433 40 171
11.061584983623 41 190
9.7841098418776 53 249
10.6372844993734 56 201
11.061584983623 41 190
3.17692733077071 32 19
0 21 0
18.4201328757491 63 301
17.5429953134907 58 324
0 21 0
11.061584983623 41 190
19.2292003917716 60 271
0 21 0
0 21 0
0 21 0
0 21 0
0.669425061828636 29 28
0 21 0
0 21 0
25.0958140498991 73 242
33.8736918068221 78 514
3.79630924340086 38 136
11.061584983623 41 190
34.4438320743387 89 559
0 21 0
0 21 0
0 21 0
0 21 0
5.00775412265401 39 153
22.353876743399 60 361
18.5643479324944 59 343
0 21 0
0 21 0
14.8324424090423 56 295
24.9410178939487 67 382
0 21 0
0 21 0
0 21 0
30.3725799769636 83 392
5.18979175687013 47 160
21.9860833578175 71 401
0 21 0
0 21 0
19.5167696500942 67 246
0 21 0
11.061584983623 41 190
13.060939421705 54 256
17.5429953134907 58 324
0.961920039367445 31 45
0 21 0
0 21 0
6.48919707356182 42 76
0 21 0
0 21 0
19.7190207091102 69 367
3.79630924340086 38 136
22.353876743399 60 361
0 21 0
16.6885758835305 58 326
4.00487859358189 37 41
0 21 0
11.061584983623 41 190
0.44783888628035 27 15
0 21 0
0 21 0
0 21 0
47.4229324894487 104 679
33.8736918068221 78 514
5.00775412265401 39 153
0 21 0
17.3138102161867 60 235
11.061584983623 41 190
0 21 0
0 21 0
0 21 0
0 21 0
0 21 0
25.01193570681 76 391
0 21 0
16.6885758835305 58 326
11.061584983623 41 190
0 21 0
0 21 0
0 21 0
11.061584983623 41 190
0 21 0
5.37635104277358 43 111
0 21 0
11.061584983623 41 190
28.5924306537322 76 481
7.93919907953118 52 231
7.02605146214433 40 171
0 21 0
9.54069589085617 48 169
0 21 0
0 21 0
0 21 0
0 21 0
11.061584983623 41 190
0 21 0
7.02605146214433 40 171
11.061584983623 41 190
0 21 0
7.02605146214433 40 171
41.292068277148 93 617
0 21 0
0 21 0
23.5409808992979 73 431
0 21 0
11.061584983623 41 190
7.02605146214433 40 171
0 21 0
0 21 0
13.3427578661809 52 245
2.98825011402823 37 120
0.669425061828636 29 28
1.14715721666307 32 55
0.355505398716815 26 10
0.197035177927825 24 3
0 21 0
11.061584983623 41 190
0.127572235696603 23 1
0 21 0
0 21 0
0 21 0
1.14715721666307 32 55
0.961920039367445 31 45
0 21 0
3.5589856698503 32 25
0 21 0
11.061584983623 41 190
0 21 0
22.8964288604836 62 254
0 21 0
0 21 0
0 21 0
0 21 0
32.540902927138 87 422
0 21 0
6.07854728492409 48 171
5.00775412265401 39 153
1.54429548474835 26 4
0 21 0
40.7345772231708 89 545
11.061584983623 41 190
7.02605146214433 40 171
29.573825134971 86 505
0 21 0
13.9077407344151 54 268
22.353876743399 60 361
0 21 0
2.98825011402823 37 120
0 21 0
2.41065671117132 36 105
16.7931592984843 67 254
0 21 0
0 21 0
15.2254508588794 57 255
0 21 0
22.353876743399 60 361
7.02605146214433 40 171
33.8736918068221 78 514
11.061584983623 41 190
0 21 0
1.36890903828779 33 66
16.6544915696543 64 289
0.355505398716815 26 10
0 21 0
0.127572235696603 23 1
17.160850539186 61 316
0 21 0
3.54459508638587 43 119
23.8666034010285 73 427
3.79630924340086 38 136
8.09771567415573 50 156
0 21 0
0 21 0
0 21 0
0 21 0
0 21 0
5.40048015784553 48 175
12.9468827916174 50 226
0 21 0
7.11064814867056 51 214
37.461316635909 85 535
0 21 0
0 21 0
0 21 0
5.60315970814914 38 64
0 21 0
0 21 0
7.02605146214433 40 171
0 21 0
22.353876743399 60 361
0.355505398716815 26 10
0 21 0
0 21 0
22.353876743399 60 361
18.5643479324944 59 343
0.80470385936419 30 36
0 21 0
0 21 0
10.59242793881 56 259
7.02605146214433 40 171
45.6174265758048 95 650
0 21 0
0 21 0
7.05283707132661 42 100
18.5643479324944 59 343
1.97706285511505 35 91
7.02605146214433 40 171
11.061584983623 41 190
22.353876743399 60 361
7.02605146214433 40 171
5.00775412265401 39 153
22.353876743399 60 361
0 21 0
3.68243965439825 37 57
14.1849009922025 61 190
5.00775412265401 39 153
22.353876743399 60 361
0 21 0
0 21 0
4.2169518923861 39 73
11.061584983623 41 190
2.41065671117132 36 105
0 21 0
0 21 0
11.9169751243002 61 269
7.02605146214433 40 171
0 21 0
0 21 0
0 21 0
2.41065671117132 36 105
0 21 0
13.060939421705 54 256
0 21 0
0 21 0
7.02605146214433 40 171
0 21 0
0 21 0
0 21 0
0 21 0
0 21 0
7.02605146214433 40 171
8.31273999110848 47 192
9.74851873116532 53 241
0 21 0
0 21 0
13.4393850713256 59 232
0 21 0
0 21 0
0 21 0
7.02605146214433 40 171
11.061584983623 41 190
12.0953240123239 44 193
0 21 0
0 21 0
11.061584983623 41 190
0 21 0
7.02605146214433 40 171
12.4977043913748 47 205
26.8092847226147 83 472
11.061584983623 41 190
0 21 0
0 21 0
0 21 0
2.41065671117132 36 105
15.5724463680115 57 310
11.061584983623 41 190
0 21 0
11.061584983623 41 190
15.822156873089 62 212
29.3067664079301 76 479
0 21 0
4.17090131138526 45 141
0 21 0
24.2328104275173 66 263
0 21 0
25.2346583514835 76 365
11.061584983623 41 190
11.061584983623 41 190
8.40516084317815 52 151
3.79630924340086 38 136
0 21 0
11.061584983623 41 190
0 21 0
7.02605146214433 40 171
22.353876743399 60 361
0 21 0
0 21 0
11.061584983623 41 190
0 21 0
11.061584983623 41 190
7.02605146214433 40 171
0 21 0
11.061584983623 41 190
5.00775412265401 39 153
17.1887594562182 59 251
0 21 0
0 21 0
0 21 0
0 21 0
0 21 0
0.80470385936419 30 36
0 21 0
0 21 0
0 21 0
3.52743342125547 40 123
9.54069589085617 48 169
0 21 0
0.355505398716815 26 10
1.97706285511505 35 91
10.2967254806221 54 262
11.061584983623 41 190
0 21 0
0 21 0
10.5322439282963 50 196
42.2277950216962 102 539
0 21 0
0 21 0
0 21 0
7.02605146214433 40 171
6.31495799300611 40 81
0 21 0
11.061584983623 41 190
15.8635204970551 57 199
0 21 0
11.061584983623 41 190
0 21 0
0.551600589081856 28 21
0 21 0
11.061584983623 41 190
11.394792494256 55 273
0 21 0
71.7014624113892 134 779
0 21 0
1.14715721666307 32 55
18.5643479324944 59 343
21.1086485943099 70 390
0 21 0
25.0573235626844 72 415
5.00775412265401 39 153
0 21 0
7.02605146214433 40 171
0 21 0
0 21 0
0 21 0
17.5429953134907 58 324
0 21 0
0.80470385936419 30 36
0 21 0
0 21 0
27.5688305089909 75 466
0 21 0
14.8740208412362 56 289
13.9787923575691 60 241
22.353876743399 60 361
11.061584983623 41 190
11.061584983623 41 190
0 21 0
0 21 0
3.79630924340086 38 136
10.9032141946206 61 239
0 21 0
7.02605146214433 40 171
13.3427578661809 52 245
2.41065671117132 36 105
0.197035177927825 24 3
8.62832422296066 53 244
11.061584983623 41 190
7.02605146214433 40 171
1.14715721666307 32 55
0 21 0
0 21 0
15.5724463680115 57 310
22.353876743399 60 361
4.25565437424104 40 137
37.1226632364119 80 370
0 21 0
30.3281190269338 77 497
0 21 0
17.5429953134907 58 324
0 21 0
0 21 0
0 21 0
11.061584983623 41 190
0 21 0
0 21 0
0 21 0
15.5724463680115 57 310
17.5429953134907 58 324
9.18178546662933 51 139
1.36890903828779 33 66
23.0280694076301 76 388
8.7201369869314 46 106
0 21 0
0 21 0
0 21 0
17.5429953134907 58 324
22.353876743399 60 361
0 21 0
11.061584983623 41 190
14.8740208412362 56 289
11.061584983623 41 190
0 21 0
39.248103810306 94 558
0 21 0
11.061584983623 41 190
0 21 0
2.41065671117132 36 105
7.02605146214433 40 171
0 21 0
11.061584983623 41 190
0 21 0
0 21 0
0.127572235696603 23 1
0 21 0
0 21 0
0 21 0
0 21 0
19.145435065765 61 327
18.5643479324944 59 343
1.36890903828779 33 66
11.061584983623 41 190
22.353876743399 60 361
0 21 0
7.02605146214433 40 171
0 21 0
11.061584983623 41 190
0 21 0
0.197035177927825 24 3
0 21 0
14.8740208412362 56 289
3.79630924340086 38 136
0 21 0
1.14715721666307 32 55
0 21 0
3.79630924340086 38 136
0 21 0
0 21 0
0 21 0
3.52743342125547 40 123
17.5429953134907 58 324
7.02605146214433 40 171
0 21 0
14.3047562444199 55 281
33.8736918068221 78 514
0 21 0
5.00775412265401 39 153
11.061584983623 41 190
5.00775412265401 39 153
0 21 0
0 21 0
0 21 0
11.061584983623 41 190
9.66350659948822 54 258
30.3281190269338 77 497
5.00775412265401 39 153
0.44783888628035 27 15
17.5429953134907 58 324
0 21 0
0 21 0
15.5724463680115 57 310
0 21 0
0.551600589081856 28 21
0 21 0
5.65227153998881 42 156
0 21 0
0 21 0
18.9601075023332 63 214
0 21 0
0 21 0
11.061584983623 41 190
2.98825011402823 37 120
0 21 0
7.05283707132661 42 100
0 21 0
0 21 0
42.0589610470533 98 543
0 21 0
20.1329883505693 70 380
3.59578560198819 43 126
0.355505398716815 26 10
6.5471626782094 48 189
0 21 0
0 21 0
26.2684091481202 82 369
34.049866399417 88 532
0 21 0
11.061584983623 41 190
27.9745045903678 78 430
0 21 0
0.272490691197469 25 6
1.97706285511505 35 91
0 21 0
0 21 0
11.061584983623 41 190
14.8740208412362 56 289
0 21 0
2.41065671117132 36 105
0 21 0
0 21 0
2.98825011402823 37 120
0 21 0
4.77839719836875 41 91
0 21 0
0 21 0
0 21 0
1.79892712194202 35 51
0 21 0
0 21 0
11.061584983623 41 190
0 21 0
0 21 0
0 21 0
21.7154065386457 76 370
7.02605146214433 40 171
0 21 0
0 21 0
0 21 0
14.3047562444199 55 281
11.6749721044548 52 225
23.2747694033127 67 244
0 21 0
7.02605146214433 40 171
21.9475433928635 72 417
0 21 0
0 21 0
8.1724575438367 46 186
0 21 0
12.7843069714461 49 218
0 21 0
11.394792494256 55 273
0 21 0
0 21 0
24.9633205691438 72 409
0 21 0
32.2460887288221 83 452
7.05283707132661 42 100
0 21 0
13.3427578661809 52 245
8.09839276672509 52 227
0 21 0
0 21 0
22.353876743399 60 361
0 21 0
6.5471626782094 48 189
0 21 0
0 21 0
0 21 0
0 21 0
0.355505398716815 26 10
0 21 0
0 21 0
20.705073238 70 378
22.353876743399 60 361
0 21 0
0.80470385936419 30 36
22.353876743399 60 361
0 21 0
0 21 0
0 21 0
0 21 0
8.62832422296066 53 244
0 21 0
3.79630924340086 38 136
3.42505583163783 41 82
2.41065671117132 36 105
24.9297354187671 83 467
5.00775412265401 39 153
0 21 0
5.60315970814914 38 64
0 21 0
0 21 0
11.061584983623 41 190
1.36890903828779 33 66
0 21 0
0.272490691197469 25 6
0 21 0
17.7669847410419 66 334
0 21 0
0 21 0
0 21 0
0 21 0
0 21 0
0 21 0
0 21 0
0.551600589081856 28 21
14.8324424090423 56 295
0 21 0
0 21 0
5.00775412265401 39 153
0 21 0
15.5724463680115 57 310
0 21 0
0 21 0
0 21 0
2.80268820914298 40 101
1.97706285511505 35 91
11.061584983623 41 190
13.060939421705 54 256
0 21 0
0 21 0
21.1832744068998 75 362
0 21 0
0 21 0
0 21 0
11.061584983623 41 190
0 21 0
9.54069589085617 48 169
0 21 0
0 21 0
0 21 0
0 21 0
1.14715721666307 32 55
22.353876743399 60 361
0 21 0
0 21 0
11.061584983623 41 190
0 21 0
32.1941514748619 81 489
0 21 0
29.3067664079301 76 479
0 21 0
0 21 0
0 21 0
7.91799640283843 44 177
0 21 0
0 21 0
22.5978438233025 72 421
0 21 0
20.5787905760172 66 316
0 21 0
4.77839719836875 41 91
43.244951177145 104 581
0 21 0
11.061584983623 41 190
0 21 0
0 21 0
0 21 0
0 21 0
0 21 0
11.061584983623 41 190
65.5950720006509 124 848
5.00775412265401 39 153
0 21 0
25.4629976440613 75 376
0 21 0
0 21 0
0.197035177927825 24 3
1.54429548474835 26 4
11.061584983623 41 190
0.551600589081856 28 21
0 21 0
11.061584983623 41 190
0 21 0
0 21 0
5.53977649103546 33 19
0 21 0
18.8741525068937 65 347
0 21 0
11.061584983623 41 190
0 21 0
11.061584983623 41 190
0 21 0
0 21 0
0 21 0
22.353876743399 60 361
13.9077407344151 54 268
21.4041002900277 71 396
0 21 0
9.54069589085617 48 169
19.8425649902511 65 345
0 21 0
0 21 0
1.63942494250927 34 78
0 21 0
0 21 0
7.02605146214433 40 171
0 21 0
0 21 0
0 21 0
0 21 0
0 21 0
0 21 0
11.061584983623 41 190
0 21 0
18.5643479324944 59 343
0 21 0
0 21 0
3.79630924340086 38 136
13.1517852195731 51 136
22.353876743399 60 361
0 21 0
21.3239772717526 74 347
0 21 0
0 21 0
0 21 0
0 21 0
5.00775412265401 39 153
0 21 0
0 21 0
18.5602606648186 68 355
5.00775412265401 39 153
0.80470385936419 30 36
4.62457492739893 43 146
18.5643479324944 59 343
0 21 0
20.052549903324 76 304
0 21 0
11.061584983623 41 190
0.961920039367445 31 45
0 21 0
0 21 0
0 21 0
0.551600589081856 28 21
0 21 0
0 21 0
7.82638210136948 44 121
0 21 0
0 21 0
7.05283707132661 42 100
14.8740208412362 56 289
0 21 0
13.5961303198482 53 256
11.061584983623 41 190
11.061584983623 41 190
44.9649327445177 98 483
11.061584983623 41 190
0 21 0
4.7133015529872 44 123
11.061584983623 41 190
7.02605146214433 40 171
0 21 0
0 21 0
0 21 0
0 21 0
13.3427578661809 52 245
14.3047562444199 55 281
1.54429548474835 26 4
0 21 0
0 21 0
0 21 0
0.44783888628035 27 15
22.353876743399 60 361
11.061584983623 41 190
0 21 0
9.22064381493874 56 196
0 21 0
0.80470385936419 30 36
0 21 0
5.00775412265401 39 153
0 21 0
13.1302522435251 51 235
0 21 0
3.40776992961735 39 121
34.7575956751286 86 506
11.061584983623 41 190
5.00775412265401 39 153
0 21 0
0 21 0
11.061584983623 41 190
11.061584983623 41 190
12.9468827916174 50 226
0 21 0
0 21 0
0 21 0
0 21 0
0 21 0
13.3232634088183 62 294
2.98825011402823 37 120
0 21 0
0 21 0
0 21 0
14.8740208412362 56 289
22.353876743399 60 361
0.272490691197469 25 6
0 21 0
0 21 0
11.061584983623 41 190
0.669425061828636 29 28
0 21 0
12.7843069714461 49 218
0 21 0
0 21 0
0 21 0
24.520083359357 71 362
0 21 0
0.961920039367445 31 45
0 21 0
13.1302522435251 51 235
0 21 0
11.061584983623 41 190
0 21 0
1.97706285511505 35 91
0 21 0
0 21 0
7.02605146214433 40 171
14.3047562444199 55 281
0 21 0
0 21 0
0 21 0
28.2854137889265 75 460
11.061584983623 41 190
0 21 0
0.80470385936419 30 36
2.41065671117132 36 105
0 21 0
24.7539936813441 79 370
0 21 0
0.44783888628035 27 15
0 21 0
0 21 0
0 21 0
4.23050221653731 34 36
0 21 0
10.5322439282963 50 196
7.02605146214433 40 171
0 21 0
0 21 0
0 21 0
0 21 0
0 21 0
16.6885758835305 58 326
0 21 0
0 21 0
0 21 0
0 21 0
0 21 0
5.98122327008915 49 191
8.62832422296066 53 244
11.061584983623 41 190
1.14715721666307 32 55
0 21 0
0 21 0
1.97706285511505 35 91
0 21 0
0.551600589081856 28 21
7.82638210136948 44 121
0 21 0
0 21 0
11.061584983623 41 190
16.1653640193934 58 256
4.17090131138526 45 141
0 21 0
0 21 0
0 21 0
15.2204180206717 60 241
0 21 0
11.061584983623 41 190
1.63942494250927 34 78
0 21 0
0 21 0
0 21 0
0 21 0
0 21 0
11.061584983623 41 190
33.8736918068221 78 514
0 21 0
11.061584983623 41 190
22.353876743399 60 361
14.3047562444199 55 281
11.061584983623 41 190
7.02605146214433 40 171
0 21 0
0 21 0
0 21 0
0 21 0
0.961920039367445 31 45
0 21 0
25.0573235626844 72 415
7.02605146214433 40 171
0 21 0
0 21 0
0 21 0
7.02605146214433 40 171
3.79630924340086 38 136
0.355505398716815 26 10
1.36890903828779 33 66
4.17090131138526 45 141
0 21 0
3.79630924340086 38 136
0 21 0
0 21 0
0 21 0
0 21 0
0 21 0
0 21 0
0 21 0
0 21 0
30.3281190269338 77 497
3.42505583163783 41 82
0 21 0
2.98825011402823 37 120
0 21 0
0 21 0
0 21 0
11.061584983623 41 190
0 21 0
26.777875611438 74 446
0 21 0
0 21 0
14.3047562444199 55 281
0 21 0
0 21 0
11.061584983623 41 190
13.1302522435251 51 235
22.353876743399 60 361
22.353876743399 60 361
29.0001669474561 83 458
18.3172116400619 70 382
0 21 0
0 21 0
22.353876743399 60 361
0 21 0
0 21 0
17.7598706306518 56 239
7.02605146214433 40 171
0.80470385936419 30 36
18.5643479324944 59 343
7.02605146214433 40 171
11.061584983623 41 190
0 21 0
0 21 0
0 21 0
0 21 0
0.272490691197469 25 6
0 21 0
28.2854137889265 75 460
0 21 0
0 21 0
0 21 0
12.9468827916174 50 226
17.5429953134907 58 324
0.961920039367445 31 45
18.0822485552382 64 217
0 21 0
0 21 0
7.02605146214433 40 171
0 21 0
3.79630924340086 38 136
1.63942494250927 34 78
2.98825011402823 37 120
0 21 0
34.0234837735929 83 482
13.3180843047326 48 78
11.061584983623 41 190
3.79630924340086 38 136
0 21 0
0 21 0
5.00775412265401 39 153
0.80470385936419 30 36
21.7264258570037 71 394
0 21 0
0 21 0
12.9452852648943 63 298
0 21 0
22.353876743399 60 361
0 21 0
0 21 0
0 21 0
7.02605146214433 40 171
6.34966559546012 47 181
0 21 0
0 21 0
0 21 0
9.3174525094766 42 64
5.00775412265401 39 153
22.353876743399 60 361
7.3527504742159 44 157
0 21 0
0 21 0
0 21 0
0 21 0
0 21 0
0 21 0
3.78619746934128 38 49
7.02605146214433 40 171
3.79630924340086 38 136
0 21 0
15.5724463680115 57 310
0 21 0
0 21 0
3.59578560198819 43 126
0 21 0
8.02356151085295 43 74
0.80470385936419 30 36
24.416607510287 64 367
21.0546824367779 68 326
0 21 0
9.66350659948822 54 258
0 21 0
0 21 0
0 21 0
0 21 0
0 21 0
0 21 0
21.1344537705538 74 283
3.64087710795981 40 83
11.061584983623 41 190
0 21 0
11.061584983623 41 190
0 21 0
3.79630924340086 38 136
2.41065671117132 36 105
9.54069589085617 48 169
0 21 0
12.9468827916174 50 226
0 21 0
2.41065671117132 36 105
10.2439194585909 60 259
18.3184333082751 68 349
0 21 0
0 21 0
33.8736918068221 78 514
0 21 0
0 21 0
0 21 0
1.14715721666307 32 55
12.0938195462836 56 291
0 21 0
11.061584983623 41 190
18.5643479324944 59 343
11.061584983623 41 190
20.233629453755 73 355
0.272490691197469 25 6
7.02605146214433 40 171
3.79630924340086 38 136
0 21 0
5.00775412265401 39 153
2.41065671117132 36 105
28.5924306537322 76 481
17.5429953134907 58 324
0 21 0
10.5322439282963 50 196
0.551600589081856 28 21
0 21 0
0 21 0
0 21 0
0 21 0
4.23050221653731 34 36
0 21 0
0 21 0
11.1183127549636 55 222
0 21 0
2.41065671117132 36 105
12.7843069714461 49 218
0 21 0
7.02605146214433 40 171
7.02605146214433 40 171
0 21 0
0 21 0
11.061584983623 41 190
0 21 0
12.021251655316 63 282
13.5961303198482 53 256
0 21 0
31.1727988558582 80 470
0 21 0
36.2767384504751 80 515
0 21 0
0 21 0
0 21 0
0 21 0
0.272490691197469 25 6
0 21 0
22.353876743399 60 361
0 21 0
0 21 0
12.0882376389033 63 294
0 21 0
11.061584983623 41 190
0 21 0
0 21 0
14.7103745210257 55 248
11.061584983623 41 190
0 21 0
3.79630924340086 38 136
0 21 0
0 21 0
0 21 0
0 21 0
0 21 0
0 21 0
0 21 0
11.061584983623 41 190
0 21 0
5.00775412265401 39 153
0 21 0
0 21 0
1.36890903828779 33 66
11.061584983623 41 190
11.061584983623 41 190
22.353876743399 60 361
0 21 0
0 21 0
0.80470385936419 30 36
0.551600589081856 28 21
0 21 0
0 21 0
0 21 0
0 21 0
28.5924306537322 76 481
0 21 0
0 21 0
16.6885758835305 58 326
0 21 0
11.061584983623 41 190
7.02605146214433 40 171
0 21 0
7.02605146214433 40 171
0 21 0
38.1352768754316 92 602
5.00775412265401 39 153
9.04454124593672 47 110
0.197035177927825 24 3
37.0858503604899 89 551
0 21 0
11.061584983623 41 190
0 21 0
0 21 0
0 21 0
0 21 0
0 21 0
24.0520070374009 74 344
1.63942494250927 34 78
4.7133015529872 44 123
46.0896460294191 102 653
18.5643479324944 59 343
0.551600589081856 28 21
7.02605146214433 40 171
19.7190207091102 69 367
0.197035177927825 24 3
3.79630924340086 38 136
11.061584983623 41 190
0 21 0
0 21 0
0 21 0
0 21 0
0 21 0
0 21 0
5.00775412265401 39 153
2.98825011402823 37 120
0 21 0
11.061584983623 41 190
18.0644651972391 70 385
11.061584983623 41 190
11.061584983623 41 190
30.8147219897503 85 495
0.197035177927825 24 3
6.45241757648568 50 202
11.061584983623 41 190
7.82638210136948 44 121
19.4745764115109 68 347
0 21 0
2.98825011402823 37 120
11.061584983623 41 190
1.36890903828779 33 66
3.79630924340086 38 136
11.061584983623 41 190
0 21 0
0 21 0
13.730319700454 58 212
15.6113224628231 50 206
0.272490691197469 25 6
0 21 0
17.5429953134907 58 324
11.2240212445967 58 252
0 21 0
0 21 0
43.0313879444962 100 592
0 21 0
0 21 0
0 21 0
11.061584983623 41 190
3.79630924340086 38 136
11.061584983623 41 190
0 21 0
20.956342569899 70 332
0 21 0
0 21 0
0 21 0
22.353876743399 60 361
7.02605146214433 40 171
0.669425061828636 29 28
0 21 0
0 21 0
9.09537422759762 51 226
7.02605146214433 40 171
2.41065671117132 36 105
11.061584983623 41 190
1.63942494250927 34 78
12.3642707173142 46 200
0 21 0
0 21 0
0 21 0
0 21 0
2.98825011402823 37 120
4.25663716916476 37 44
0 21 0
11.061584983623 41 190
0 21 0
3.79630924340086 38 136
0 21 0
0 21 0
0 21 0
0 21 0
0 21 0
0 21 0
0 21 0
0 21 0
4.95184733321229 47 165
25.8901083774157 77 371
0 21 0
0 21 0
29.3067664079301 76 479
11.061584983623 41 190
0 21 0
0 21 0
0 21 0
22.353876743399 60 361
14.1828795203916 52 190
0 21 0
0 21 0
0.80470385936419 30 36
0 21 0
0 21 0
0 21 0
2.98825011402823 37 120
11.061584983623 41 190
0 21 0
5.00775412265401 39 153
0 21 0
11.061584983623 41 190
0 21 0
7.02605146214433 40 171
1.63942494250927 34 78
7.02605146214433 40 171
1.97706285511505 35 91
28.5924306537322 76 481
0 21 0
0 21 0
27.7500668414357 83 484
2.98825011402823 37 120
17.5429953134907 58 324
14.5856445061818 64 228
0 21 0
23.8666034010285 73 427
5.00775412265401 39 153
0 21 0
11.0143156477682 55 276
0 21 0
14.3047562444199 55 281
7.02605146214433 40 171
11.061584983623 41 190
0 21 0
28.4636889030483 84 481
3.79630924340086 38 136
0 21 0
11.8970632377248 57 202
11.061584983623 41 190
9.38049086159234 55 190
4.19227549969553 35 30
7.02605146214433 40 171
0 21 0
0 21 0
5.00775412265401 39 153
0 21 0
11.061584983623 41 190
4.62457492739893 43 146
0 21 0
0.80470385936419 30 36
0 21 0
7.02605146214433 40 171
14.8324424090423 56 295
0 21 0
11.2969816548846 60 273
2.89102075933525 30 16
9.54069589085617 48 169
0 21 0
5.00775412265401 39 153
7.02605146214433 40 171
0 21 0
0 21 0
0 21 0
0 21 0
0 21 0
0.80470385936419 30 36
0 21 0
0 21 0
0 21 0
13.060939421705 54 256
0 21 0
0 21 0
0 21 0
22.353876743399 60 361
0.961920039367445 31 45
3.79630924340086 38 136
22.353876743399 60 361
0 21 0
0 21 0
9.52041778600811 50 178
0 21 0
12.3642707173142 46 200
0 21 0
0 21 0
0 21 0
0 21 0
0 21 0
0 21 0
7.82638210136948 44 121
11.061584983623 41 190
0 21 0
3.5589856698503 32 25
0 21 0
0 21 0
0 21 0
19.5815397833361 68 371
16.1342957204419 62 262
1.14715721666307 32 55
13.9022536048791 57 307
14.8324424090423 56 295
0.669425061828636 29 28
0 21 0
23.4257948300811 81 374
0 21 0
0 21 0
1.20021007656406 27 7
11.520056868048 45 65
1.54429548474835 26 4
11.061584983623 41 190
0 21 0
1.14715721666307 32 55
18.3172116400619 70 382
0 21 0
0 21 0
1.63942494250927 34 78
5.00775412265401 39 153
0 21 0
3.79630924340086 38 136
0 21 0
27.7592700926768 84 476
0 21 0
0 21 0
0 21 0
14.8740208412362 56 289
0 21 0
37.2691026214351 89 557
20.8106017258188 64 311
17.5429953134907 58 324
12.7843069714461 49 218
16.0102555111396 58 296
0 21 0
1.07646571704104 28 11
6.52369981787205 39 52
32.455857479727 84 494
1.14715721666307 32 55
3.79630924340086 38 136
0 21 0
0 21 0
9.4340665736083 51 178
17.5429953134907 58 324
21.9860833578175 71 401
9.54069589085617 48 169
12.0953240123239 44 193
3.79630924340086 38 136
1.14715721666307 32 55
0 21 0
0 21 0
11.061584983623 41 190
0 21 0
11.061584983623 41 190
18.5643479324944 59 343
9.54069589085617 48 169
0 21 0
28.89439824594 87 423
0 21 0
0 21 0
0 21 0
0 21 0
0 21 0
1.97706285511505 35 91
0 21 0
2.41065671117132 36 105
0 21 0
0 21 0
11.394792494256 55 273
0 21 0
0 21 0
11.061584983623 41 190
0 21 0
11.061584983623 41 190
0 21 0
0 21 0
41.1423788106984 95 572
0 21 0
0 21 0
0 21 0
16.6885758835305 58 326
1.63942494250927 34 78
33.8736918068221 78 514
14.3047562444199 55 281
0 21 0
33.8736918068221 78 514
18.5643479324944 59 343
0 21 0
11.061584983623 41 190
2.41065671117132 36 105
0 21 0
0 21 0
0 21 0
5.00775412265401 39 153
17.5429953134907 58 324
0 21 0
0 21 0
35.1656383219577 93 515
0 21 0
0 21 0
0.551600589081856 28 21
0 21 0
0 21 0
0 21 0
0 21 0
0 21 0
0 21 0
0 21 0
0.127572235696603 23 1
0.197035177927825 24 3
0 21 0
0 21 0
23.8666034010285 73 427
11.061584983623 41 190
0 21 0
5.00775412265401 39 153
0.197035177927825 24 3
17.5429953134907 58 324
11.061584983623 41 190
0 21 0
0 21 0
3.79630924340086 38 136
0 21 0
1.63942494250927 34 78
0 21 0
0 21 0
11.061584983623 41 190
16.3296150570593 52 215
0 21 0
9.54069589085617 48 169
33.8736918068221 78 514
0 21 0
14.8740208412362 56 289
0 21 0
5.93656277794435 44 91
0 21 0
2.98825011402823 37 120
0 21 0
0 21 0
3.41594443749886 41 94
0 21 0
0 21 0
0 21 0
1.36890903828779 33 66
5.12677983708707 42 124
11.061584983623 41 190
1.63942494250927 34 78
0 21 0
0 21 0
0 21 0
4.23050221653731 34 36
0 21 0
33.8736918068221 78 514
0 21 0
3.79630924340086 38 136
13.060939421705 54 256
11.061584983623 41 190
11.061584983623 41 190
7.02605146214433 40 171
0 21 0
0 21 0
2.41065671117132 36 105
12.0938195462836 56 291
0 21 0
0 21 0
0 21 0
11.061584983623 41 190
0 21 0
0 21 0
0 21 0
0 21 0
0 21 0
0 21 0
0.272490691197469 25 6
0 21 0
5.00775412265401 39 153
22.353876743399 60 361
5.60315970814914 38 64
13.1302522435251 51 235
0 21 0
1.14715721666307 32 55
1.36890903828779 33 66
0 21 0
0 21 0
0 21 0
0 21 0
0 21 0
0 21 0
17.7669847410419 66 334
5.00775412265401 39 153
0 21 0
0 21 0
20.5787905760172 66 316
0 21 0
0 21 0
11.061584983623 41 190
16.3571049164733 63 252
0 21 0
11.061584983623 41 190
0.355505398716815 26 10
0 21 0
7.02605146214433 40 171
0 21 0
0 21 0
0 21 0
6.74212497306428 47 157
8.35610468565346 51 150
0 21 0
0 21 0
11.061584983623 41 190
2.41065671117132 36 105
18.5602606648186 68 355
2.98825011402823 37 120
0 21 0
1.14715721666307 32 55
11.061584983623 41 190
0 21 0
0 21 0
32.0625725939487 88 535
0 21 0
0 21 0
0 21 0
1.36890903828779 33 66
14.702999127888 54 232
14.8740208412362 56 289
0 21 0
0 21 0
0 21 0
11.061584983623 41 190
0 21 0
0 21 0
0 21 0
0.355505398716815 26 10
15.5724463680115 57 310
0 21 0
22.353876743399 60 361
0 21 0
0 21 0
0 21 0
0 21 0
0.551600589081856 28 21
5.00775412265401 39 153
3.79630924340086 38 136
19.4745764115109 68 347
0 21 0
13.9022536048791 57 307
13.9077407344151 54 268
16.7917834735778 69 369
0 21 0
0 21 0
12.6362564697333 48 211
0 21 0
0 21 0
7.02605146214433 40 171
0 21 0
0 21 0
0 21 0
5.61898168303758 35 28
11.061584983623 41 190
0 21 0
0 21 0
0 21 0
7.02605146214433 40 171
0 21 0
3.79630924340086 38 136
14.8740208412362 56 289
17.3138102161867 60 235
0 21 0
0 21 0
7.02605146214433 40 171
0 21 0
7.02605146214433 40 171
11.061584983623 41 190
24.9633205691438 72 409
0 21 0
13.9077407344151 54 268
0.127572235696603 23 1
11.061584983623 41 190
14.3047562444199 55 281
2.98825011402823 37 120
0 21 0
14.8740208412362 56 289
7.02605146214433 40 171
11.061584983623 41 190
0.669425061828636 29 28
7.02605146214433 40 171
5.00775412265401 39 153
20.5787905760172 66 316
22.353876743399 60 361
0 21 0
0 21 0
11.061584983623 41 190
57.5809752800837 111 770
0 21 0
0 21 0
0 21 0
0 21 0
7.02605146214433 40 171
2.98825011402823 37 120
0 21 0
0 21 0
11.061584983623 41 190
0.355505398716815 26 10
11.061584983623 41 190
0 21 0
0 21 0
11.061584983623 41 190
0 21 0
0 21 0
0 21 0
0 21 0
0 21 0
0 21 0
0 21 0
0 21 0
0 21 0
5.00775412265401 39 153
4.62457492739893 43 146
0 21 0
0.961920039367445 31 45
0 21 0
6.31495799300611 40 81
11.520056868048 45 65
0 21 0
0 21 0
0 21 0
1.97706285511505 35 91
2.98825011402823 37 120
0 21 0
29.485041522052 85 500
32.8517338700907 83 464
0 21 0
0 21 0
0 21 0
0 21 0
11.061584983623 41 190
0 21 0
0 21 0
22.8061936481816 75 398
0 21 0
1.36890903828779 33 66
11.061584983623 41 190
0 21 0
17.7598706306518 56 239
1.36890903828779 33 66
0 21 0
0 21 0
3.79630924340086 38 136
1.14715721666307 32 55
2.41065671117132 36 105
0 21 0
22.353876743399 60 361
0 21 0
0 21 0
7.02605146214433 40 171
0 21 0
11.061584983623 41 190
31.1294930100485 86 437
2.41065671117132 36 105
7.02605146214433 40 171
11.061584983623 41 190
5.00775412265401 39 153
0 21 0
0.272490691197469 25 6
0 21 0
22.353876743399 60 361
1.97706285511505 35 91
0 21 0
0 21 0
12.0938195462836 56 291
13.5961303198482 53 256
0 21 0
0 21 0
2.98825011402823 37 120
0 21 0
11.061584983623 41 190
11.061584983623 41 190
0 21 0
2.41065671117132 36 105
0 21 0
16.7715617435546 62 310
13.9077407344151 54 268
8.64430683698528 49 207
11.061584983623 41 190
0 21 0
11.061584983623 41 190
7.02605146214433 40 171
0 21 0
0 21 0
33.8736918068221 78 514
0 21 0
5.3468100877754 47 172
0 21 0
0 21 0
22.353876743399 60 361
0 21 0
0 21 0
18.5643479324944 59 343
11.061584983623 41 190
2.22156269556771 28 9
0 21 0
30.3281190269338 77 497
0 21 0
3.79630924340086 38 136
0 21 0
7.91799640283843 44 177
0 21 0
11.061584983623 41 190
26.0478999033046 72 427
0 21 0
1.63942494250927 34 78
0 21 0
11.061584983623 41 190
0 21 0
0 21 0
0 21 0
1.36890903828779 33 66
2.89102075933525 30 16
42.3134208961516 94 634
0 21 0
18.8673631124706 63 274
0 21 0
0 21 0
0 21 0
1.14715721666307 32 55
0 21 0
1.63942494250927 34 78
5.00775412265401 39 153
0 21 0
14.1448683069683 65 318
22.353876743399 60 361
7.66923399673448 42 172
11.061584983623 41 190
3.79630924340086 38 136
0 21 0
0 21 0
0 21 0
39.2493630391406 91 580
15.376196354464 64 238
0 21 0
0 21 0
0 21 0
6.07854728492409 48 171
0 21 0
28.2854137889265 75 460
0 21 0
13.5961303198482 53 256
11.061584983623 41 190
0 21 0
0 21 0
43.5008075608885 100 443
11.061584983623 41 190
1.36890903828779 33 66
0 21 0
0 21 0
0 21 0
0 21 0
0 21 0
33.8736918068221 78 514
0 21 0
1.63942494250927 34 78
11.061584983623 41 190
12.0938195462836 56 291
18.4190208997114 67 340
0 21 0
0 21 0
12.3642707173142 46 200
17.5429953134907 58 324
0 21 0
0 21 0
11.5812913980776 62 218
11.061584983623 41 190
0 21 0
11.061584983623 41 190
0 21 0
2.98825011402823 37 120
0 21 0
0 21 0
0 21 0
0 21 0
14.3375781531854 62 274
0 21 0
5.00775412265401 39 153
22.353876743399 60 361
0.961920039367445 31 45
6.96531560800219 50 198
0 21 0
0 21 0
2.10801645958693 36 55
0 21 0
18.3172116400619 70 382
0 21 0
7.02605146214433 40 171
17.5429953134907 58 324
0 21 0
7.02605146214433 40 171
0 21 0
0 21 0
3.79630924340086 38 136
0 21 0
22.353876743399 60 361
9.7841098418776 53 249
7.02605146214433 40 171
18.5643479324944 59 343
0 21 0
0.961920039367445 31 45
0 21 0
0 21 0
12.7843069714461 49 218
0 21 0
0 21 0
1.63942494250927 34 78
16.1342957204419 62 262
12.2317088846649 45 196
14.8324424090423 56 295
1.36890903828779 33 66
0 21 0
18.6904191583403 64 341
11.061584983623 41 190
0 21 0
0 21 0
0 21 0
5.00775412265401 39 153
1.97706285511505 35 91
0 21 0
0 21 0
7.02605146214433 40 171
11.061584983623 41 190
21.1086485943099 70 390
11.061584983623 41 190
0 21 0
0.127572235696603 23 1
0 21 0
14.8740208412362 56 289
1.14715721666307 32 55
6.52369981787205 39 52
11.061584983623 41 190
30.4440779916767 77 461
18.5643479324944 59 343
0 21 0
8.64904909108449 46 144
13.060939421705 54 256
38.9004054027842 91 586
22.353876743399 60 361
32.6548602306517 88 474
7.02605146214433 40 171
0 21 0
5.00775412265401 39 153
18.6904191583403 64 341
2.41065671117132 36 105
15.5724463680115 57 310
0 21 0
0 21 0
0 21 0
0 21 0
0 21 0
40.7103217908058 101 537
36.5708999418844 81 517
0 21 0
0 21 0
38.7274002399678 90 580
28.5924306537322 76 481
10.7132972650754 54 187
11.061584983623 41 190
21.1086485943099 70 390
0.197035177927825 24 3
0 21 0
11.061584983623 41 190
0 21 0
7.02605146214433 40 171
0 21 0
11.061584983623 41 190
1.63942494250927 34 78
0 21 0
7.02605146214433 40 171
15.4723188365181 57 213
0 21 0
2.41065671117132 36 105
0 21 0
8.09839276672509 52 227
16.6761313242702 66 322
0 21 0
15.5724463680115 57 310
0 21 0
0 21 0
5.00775412265401 39 153
1.40121768671337 31 24
11.061584983623 41 190
7.02605146214433 40 171
14.5118968570973 65 327
13.1302522435251 51 235
3.94684657264992 44 127
7.82638210136948 44 121
1.63942494250927 34 78
0 21 0
5.00775412265401 39 153
0 21 0
0 21 0
7.93919907953118 52 231
8.64904909108449 46 144
0 21 0
0 21 0
6.31495799300611 40 81
0 21 0
0 21 0
24.5361817394501 68 206
5.00775412265401 39 153
1.20021007656406 27 7
0 21 0
14.8324424090423 56 295
0 21 0
11.061584983623 41 190
11.061584983623 41 190
0 21 0
11.061584983623 41 190
0 21 0
2.98825011402823 37 120
5.00775412265401 39 153
11.061584983623 41 190
11.061584983623 41 190
14.8740208412362 56 289
0 21 0
2.41065671117132 36 105
0 21 0
14.8324424090423 56 295
0 21 0
11.061584983623 41 190
0 21 0
11.061584983623 41 190
0 21 0
11.061584983623 41 190
0 21 0
0 21 0
0 21 0
1.63942494250927 34 78
5.00775412265401 39 153
0 21 0
0 21 0
11.9490861140737 43 191
0 21 0
0.669425061828636 29 28
7.02605146214433 40 171
0 21 0
11.061584983623 41 190
13.060939421705 54 256
30.062348627447 81 473
0 21 0
0 21 0
7.02605146214433 40 171
0 21 0
7.02605146214433 40 171
0 21 0
12.3642707173142 46 200
11.061584983623 41 190
18.5643479324944 59 343
1.14715721666307 32 55
11.061584983623 41 190
18.5643479324944 59 343
1.14715721666307 32 55
0 21 0
0 21 0
0 21 0
0 21 0
11.061584983623 41 190
0 21 0
0 21 0
0 21 0
0 21 0
0 21 0
0 21 0
16.3511380896458 59 292
0 21 0
0 21 0
22.4095690693068 77 377
33.8736918068221 78 514
20.705073238 70 378
0 21 0
21.1086485943099 70 390
50.9000848790298 110 689
9.74851873116532 53 241
11.061584983623 41 190
0 21 0
3.79630924340086 38 136
0 21 0
0 21 0
0 21 0
11.061584983623 41 190
0 21 0
17.5429953134907 58 324
11.061584983623 41 190
0 21 0
0 21 0
0 21 0
3.79630924340086 38 136
22.353876743399 60 361
0 21 0
0 21 0
0 21 0
0 21 0
6.74212497306428 47 157
0 21 0
2.41065671117132 36 105
0 21 0
0 21 0
22.353876743399 60 361
17.5429953134907 58 324
4.23050221653731 34 36
0 21 0
0 21 0
0.44783888628035 27 15
0 21 0
0 21 0
0 21 0
0.80470385936419 30 36
0 21 0
0 21 0
18.5643479324944 59 343
45.6174265758048 95 650
22.353876743399 60 361
2.89102075933525 30 16
14.8740208412362 56 289
0 21 0
0 21 0
0 21 0
0 21 0
5.18979175687013 47 160
34.9548879238442 85 505
0 21 0
0 21 0
0 21 0
6.96531560800219 50 198
18.5643479324944 59 343
0 21 0
10.5322439282963 50 196
5.00775412265401 39 153
0 21 0
1.97706285511505 35 91
0 21 0
0 21 0
27.9321002268573 86 413
0 21 0
17.5429953134907 58 324
0 21 0
11.061584983623 41 190
0 21 0
0.355505398716815 26 10
0 21 0
0 21 0
22.353876743399 60 361
3.79630924340086 38 136
0 21 0
0 21 0
0.551600589081856 28 21
0 21 0
0 21 0
0 21 0
0 21 0
0 21 0
0 21 0
0 21 0
0 21 0
17.5429953134907 58 324
0 21 0
11.061584983623 41 190
0 21 0
0 21 0
0 21 0
38.7274002399678 90 580
0 21 0
0 21 0
12.3141061746246 51 130
0 21 0
0 21 0
7.02605146214433 40 171
12.0938195462836 56 291
0 21 0
17.0434578789417 54 226
0 21 0
0 21 0
19.4009322355838 68 361
0 21 0
7.02605146214433 40 171
0 21 0
17.5429953134907 58 324
0 21 0
0 21 0
0 21 0
5.98122327008915 49 191
7.02605146214433 40 171
11.061584983623 41 190
0 21 0
7.02605146214433 40 171
1.63942494250927 34 78
0 21 0
5.00775412265401 39 153
0 21 0
0 21 0
12.2317088846649 45 196
26.9584543942132 78 373
13.9022536048791 57 307
0 21 0
0 21 0
12.823317378568 59 262
8.532196150565 51 211
3.79630924340086 38 136
0 21 0
0 21 0
0 21 0
1.14715721666307 32 55
0 21 0
5.00775412265401 39 153
0 21 0
0 21 0
0.355505398716815 26 10
0 21 0
0 21 0
5.00775412265401 39 153
0 21 0
0 21 0
0 21 0
0 21 0
0 21 0
12.4977043913748 47 205
0 21 0
0 21 0
12.0953240123239 44 193
0 21 0
13.9077407344151 54 268
0 21 0
3.5589856698503 32 25
0 21 0
23.8666034010285 73 427
0 21 0
0 21 0
11.394792494256 55 273
0.80470385936419 30 36
10.2162659005872 54 169
0 21 0
7.02605146214433 40 171
7.02605146214433 40 171
0 21 0
9.09537422759762 51 226
3.79630924340086 38 136
16.6885758835305 58 326
0 21 0
0 21 0
0 21 0
0 21 0
11.061584983623 41 190
7.56091666512956 49 183
21.9475433928635 72 417
0 21 0
15.3937293695225 67 336
5.77184618437538 43 159
22.353876743399 60 361
0 21 0
6.75816767609433 47 130
13.060939421705 54 256
0 21 0
0 21 0
0 21 0
18.5643479324944 59 343
5.00775412265401 39 153
9.54069589085617 48 169
0 21 0
0.961920039367445 31 45
0 21 0
0 21 0
2.22156269556771 28 9
11.061584983623 41 190
18.5643479324944 59 343
0.197035177927825 24 3
0 21 0
0 21 0
0 21 0
0 21 0
0 21 0
0 21 0
0.355505398716815 26 10
20.5787905760172 66 316
26.777875611438 74 446
0 21 0
7.02605146214433 40 171
0 21 0
0 21 0
0 21 0
0 21 0
11.061584983623 41 190
0 21 0
7.02605146214433 40 171
0 21 0
0 21 0
18.548004407888 67 350
0 21 0
0 21 0
11.061584983623 41 190
11.061584983623 41 190
18.5643479324944 59 343
0 21 0
11.061584983623 41 190
0 21 0
0 21 0
0 21 0
11.061584983623 41 190
0 21 0
13.8859875743542 50 212
0.80470385936419 30 36
7.79528731964013 43 174
0.272490691197469 25 6
0 21 0
0.197035177927825 24 3
11.061584983623 41 190
0 21 0
0 21 0
0 21 0
0 21 0
0 21 0
1.36890903828779 33 66
0 21 0
1.13773878414457 31 29
7.02605146214433 40 171
7.02605146214433 40 171
0 21 0
0 21 0
0 21 0
0 21 0
11.061584983623 41 190
22.353876743399 60 361
0 21 0
0 21 0
13.1302522435251 51 235
37.4482562153549 87 504
5.00775412265401 39 153
0 21 0
1.20021007656406 27 7
2.41065671117132 36 105
0 21 0
0 21 0
1.36890903828779 33 66
18.5643479324944 59 343
0.669425061828636 29 28
3.79630924340086 38 136
0 21 0
11.061584983623 41 190
0 21 0
0.355505398716815 26 10
1.63942494250927 34 78
2.10801645958693 36 55
30.0775761237805 73 397
24.8879560200322 74 444
13.9022536048791 57 307
11.6749721044548 52 225
0 21 0
0 21 0
0 21 0
0 21 0
5.00775412265401 39 153
16.6885758835305 58 326
2.41065671117132 36 105
0 21 0
3.22556490844695 39 73
11.061584983623 41 190
0 21 0
3.79630924340086 38 136
0 21 0
0.44783888628035 27 15
11.061584983623 41 190
0 21 0
0 21 0
29.5248835471309 86 514
11.061584983623 41 190
11.061584983623 41 190
3.79630924340086 38 136
21.9475433928635 72 417
11.061584983623 41 190
17.5429953134907 58 324
0 21 0
0 21 0
0 21 0
11.061584983623 41 190
0 21 0
38.528760302498 91 491
0 21 0
11.061584983623 41 190
0 21 0
0 21 0
1.36890903828779 33 66
0 21 0
11.061584983623 41 190
0 21 0
0 21 0
0 21 0
0 21 0
0 21 0
0 21 0
0 21 0
11.061584983623 41 190
0 21 0
5.00775412265401 39 153
0 21 0
2.98825011402823 37 120
7.37430423399987 49 139
0 21 0
0 21 0
11.061584983623 41 190
12.0938195462836 56 291
0 21 0
1.54429548474835 26 4
18.5643479324944 59 343
0 21 0
11.061584983623 41 190
0 21 0
11.061584983623 41 190
0 21 0
4.2169518923861 39 73
11.061584983623 41 190
14.3047562444199 55 281
14.7103745210257 55 248
0.44783888628035 27 15
0.669425061828636 29 28
0 21 0
0.127572235696603 23 1
0 21 0
5.3468100877754 47 172
13.060939421705 54 256
0 21 0
19.5724914784131 69 376
1.36890903828779 33 66
0 21 0
0 21 0
0.551600589081856 28 21
11.061584983623 41 190
27.3825686076252 83 456
0 21 0
27.7139025478065 73 409
11.061584983623 41 190
0 21 0
0 21 0
0 21 0
0 21 0
0 21 0
0 21 0
1.36890903828779 33 66
0.961920039367445 31 45
0 21 0
0 21 0
0 21 0
0 21 0
11.061584983623 41 190
0 21 0
0 21 0
2.41065671117132 36 105
11.061584983623 41 190
16.0312292406052 64 301
11.061584983623 41 190
19.0162386920896 71 398
0 21 0
0 21 0
3.79630924340086 38 136
0 21 0
2.98825011402823 37 120
8.532196150565 51 211
8.09839276672509 52 227
7.02605146214433 40 171
13.5961303198482 53 256
0 21 0
0 21 0
0 21 0
0 21 0
0 21 0
7.02605146214433 40 171
1.36890903828779 33 66
0 21 0
18.0690189318786 63 285
0 21 0
0 21 0
7.02605146214433 40 171
0 21 0
16.7986682806363 68 354
0 21 0
0 21 0
11.8010305593817 53 203
13.9022536048791 57 307
15.1658791763832 57 262
0 21 0
7.02605146214433 40 171
0 21 0
13.1302522435251 51 235
1.97706285511505 35 91
11.061584983623 41 190
3.79630924340086 38 136
0 21 0
11.061584983623 41 190
5.00775412265401 39 153
0 21 0
0 21 0
0 21 0
6.02428732375598 45 133
0.961920039367445 31 45
9.54069589085617 48 169
0 21 0
0 21 0
3.94684657264992 44 127
0 21 0
0 21 0
22.353876743399 60 361
18.5602606648186 68 355
33.8736918068221 78 514
8.64904909108449 46 144
11.061584983623 41 190
0 21 0
20.8333144932454 69 373
2.01712429247322 36 79
22.4410427021464 73 325
0 21 0
0 21 0
14.3047562444199 55 281
7.02605146214433 40 171
31.9434701175023 87 434
0 21 0
0 21 0
0 21 0
0 21 0
0 21 0
23.8666034010285 73 427
0.272490691197469 25 6
3.79630924340086 38 136
1.63942494250927 34 78
1.63942494250927 34 78
22.353876743399 60 361
11.061584983623 41 190
11.061584983623 41 190
11.061584983623 41 190
0.127572235696603 23 1
0.272490691197469 25 6
7.11064814867056 51 214
0 21 0
0 21 0
0.44783888628035 27 15
11.061584983623 41 190
28.5924306537322 76 481
11.061584983623 41 190
0 21 0
5.00775412265401 39 153
25.5161073490256 70 406
0 21 0
9.49931017889731 57 237
0 21 0
14.4915144221765 66 331
5.65227153998881 42 156
5.00775412265401 39 153
0 21 0
0 21 0
7.02605146214433 40 171
24.9633205691438 72 409
7.02605146214433 40 171
0 21 0
0 21 0
0 21 0
3.79630924340086 38 136
5.65227153998881 42 156
0 21 0
11.061584983623 41 190
30.2311211165013 84 469
0 21 0
0 21 0
0 21 0
0 21 0
28.4636889030483 84 481
18.5643479324944 59 343
5.00775412265401 39 153
8.31273999110848 47 192
0 21 0
13.9077407344151 54 268
1.14715721666307 32 55
0 21 0
1.36890903828779 33 66
30.8181445073188 82 349
0 21 0
1.14715721666307 32 55
25.8645473652402 82 451
0 21 0
11.061584983623 41 190
7.02605146214433 40 171
11.061584983623 41 190
0 21 0
0 21 0
11.061584983623 41 190
0.272490691197469 25 6
12.0953240123239 44 193
0 21 0
7.02605146214433 40 171
22.353876743399 60 361
2.98825011402823 37 120
0.197035177927825 24 3
0 21 0
7.02605146214433 40 171
0 21 0
1.97706285511505 35 91
0 21 0
0 21 0
11.061584983623 41 190
16.6885758835305 58 326
1.14715721666307 32 55
0 21 0
0 21 0
0 21 0
0 21 0
0 21 0
7.02605146214433 40 171
11.061584983623 41 190
0 21 0
0 21 0
0 21 0
0 21 0
1.63942494250927 34 78
0 21 0
0 21 0
22.353876743399 60 361
0 21 0
22.4998028189179 66 296
11.061584983623 41 190
0 21 0
0 21 0
0 21 0
0 21 0
0 21 0
0 21 0
14.8740208412362 56 289
0 21 0
0.961920039367445 31 45
0 21 0
0 21 0
0 21 0
0 21 0
26.515908686936 80 435
0 21 0
0 21 0
0.961920039367445 31 45
22.353876743399 60 361
2.98825011402823 37 120
8.1724575438367 46 186
4.76802102771316 44 151
5.96068887670849 42 70
0 21 0
20.8106017258188 64 311
18.5643479324944 59 343
0 21 0
0 21 0
0 21 0
12.7843069714461 49 218
0.44783888628035 27 15
10.084719167811 49 119
11.061584983623 41 190
11.061584983623 41 190
11.061584983623 41 190
0 21 0
0 21 0
0 21 0
0 21 0
0 21 0
0 21 0
0 21 0
0 21 0
11.061584983623 41 190
0 21 0
2.41065671117132 36 105
0 21 0
2.41065671117132 36 105
0 21 0
5.00775412265401 39 153
3.79630924340086 38 136
0 21 0
17.5429953134907 58 324
0 21 0
11.061584983623 41 190
0.44783888628035 27 15
1.97706285511505 35 91
0 21 0
0 21 0
0 21 0
20.4698671605871 68 369
16.3833595310892 56 167
39.1666744792656 91 592
7.02605146214433 40 171
0 21 0
2.22156269556771 28 9
14.8324424090423 56 295
5.00775412265401 39 153
12.7266243422886 57 205
0 21 0
24.2961748303566 74 422
11.061584983623 41 190
7.0750112351354 50 208
13.9022536048791 57 307
0 21 0
25.0573235626844 72 415
0 21 0
5.00775412265401 39 153
0 21 0
14.3047562444199 55 281
0 21 0
33.5842255764257 88 547
2.4970410628965 38 70
0 21 0
0 21 0
11.061584983623 41 190
0 21 0
0 21 0
11.061584983623 41 190
22.353876743399 60 361
0 21 0
0 21 0
12.969766292922 59 226
12.7843069714461 49 218
57.4486794695576 115 689
0 21 0
1.47644839654362 30 18
0 21 0
7.02605146214433 40 171
1.97706285511505 35 91
0 21 0
15.5724463680115 57 310
0 21 0
11.061584983623 41 190
0 21 0
0 21 0
11.061584983623 41 190
0 21 0
9.2558592394581 56 170
2.41065671117132 36 105
0 21 0
0 21 0
0 21 0
20.4479918774674 69 277
3.54459508638587 43 119
0 21 0
5.00775412265401 39 153
0 21 0
0 21 0
7.02605146214433 40 171
20.6043496047828 70 343
2.98825011402823 37 120
0 21 0
0 21 0
8.56799617030828 53 172
11.061584983623 41 190
15.5724463680115 57 310
0 21 0
0 21 0
0.197035177927825 24 3
8.64904909108449 46 144
11.061584983623 41 190
0 21 0
11.061584983623 41 190
0 21 0
0 21 0
0 21 0
0 21 0
0 21 0
22.5458166163779 69 361
11.061584983623 41 190
0 21 0
0 21 0
16.6885758835305 58 326
0 21 0
0 21 0
5.00775412265401 39 153
0 21 0
0 21 0
0 21 0
22.353876743399 60 361
0 21 0
0 21 0
0 21 0
11.061584983623 41 190
11.061584983623 41 190
0 21 0
11.061584983623 41 190
0 21 0
14.8740208412362 56 289
11.061584983623 41 190
0 21 0
0 21 0
0 21 0
7.02605146214433 40 171
0 21 0
0 21 0
0 21 0
13.060939421705 54 256
0 21 0
0 21 0
5.18979175687013 47 160
1.97706285511505 35 91
21.456679896569 71 350
0 21 0
7.02605146214433 40 171
45.6174265758048 95 650
18.5643479324944 59 343
0 21 0
14.8740208412362 56 289
0 21 0
8.84966436218049 50 216
0 21 0
11.9169751243002 61 269
3.79630924340086 38 136
0 21 0
8.04230237067408 45 181
0 21 0
0 21 0
0 21 0
11.061584983623 41 190
5.18979175687013 47 160
0 21 0
0.80470385936419 30 36
15.5724463680115 57 310
11.061584983623 41 190
11.061584983623 41 190
0 21 0
18.5643479324944 59 343
0 21 0
0 21 0
0.197035177927825 24 3
3.79630924340086 38 136
26.8937311851921 74 452
5.00775412265401 39 153
12.2317088846649 45 196
11.061584983623 41 190
0 21 0
0.44783888628035 27 15
0 21 0
12.3642707173142 46 200
0 21 0
3.79630924340086 38 136
11.061584983623 41 190
0 21 0
11.061584983623 41 190
3.79630924340086 38 136
22.353876743399 60 361
0 21 0
0 21 0
0 21 0
0 21 0
22.353876743399 60 361
0 21 0
14.8740208412362 56 289
11.061584983623 41 190
7.43682744886905 48 103
11.061584983623 41 190
0 21 0
0 21 0
11.061584983623 41 190
0 21 0
0 21 0
12.0953240123239 44 193
0 21 0
7.02605146214433 40 171
17.5429953134907 58 324
0 21 0
0 21 0
11.061584983623 41 190
0.961920039367445 31 45
1.97706285511505 35 91
0.44783888628035 27 15
11.061584983623 41 190
2.89102075933525 30 16
0 21 0
11.061584983623 41 190
1.97706285511505 35 91
13.060939421705 54 256
15.5724463680115 57 310
0 21 0
2.98825011402823 37 120
15.5724463680115 57 310
5.00775412265401 39 153
20.0044646418649 70 350
16.6885758835305 58 326
7.02605146214433 40 171
0 21 0
0 21 0
25.9093086390358 75 463
0 21 0
7.02605146214433 40 171
0 21 0
11.061584983623 41 190
0 21 0
1.14715721666307 32 55
0 21 0
0 21 0
0 21 0
0.80470385936419 30 36
29.3067664079301 76 479
0 21 0
0 21 0
0 21 0
26.0979749808034 77 407
0 21 0
39.9968102567753 98 603
13.8181081107528 49 206
12.969766292922 59 226
0 21 0
0 21 0
0 21 0
16.0470557570294 60 291
2.41065671117132 36 105
3.79630924340086 38 136
34.6275085188583 96 455
14.4097968154971 61 261
7.02605146214433 40 171
6.34966559546012 47 181
0.127572235696603 23 1
0 21 0
0.197035177927825 24 3
7.02605146214433 40 171
0 21 0
0 21 0
16.6885758835305 58 326
5.00775412265401 39 153
5.00775412265401 39 153
34.5370902574922 88 424
0 21 0
55.485276530749 106 605
0 21 0
0 21 0
0 21 0
16.6885758835305 58 326
0 21 0
0 21 0
17.1834869590132 59 263
4.2169518923861 39 73
0 21 0
22.353876743399 60 361
8.64904909108449 46 144
0 21 0
0 21 0
0 21 0
0 21 0
5.00775412265401 39 153
0 21 0
2.99084025256187 35 35
3.16673898220549 38 66
11.061584983623 41 190
5.34512757392948 46 146
51.7582081041634 104 616
0 21 0
5.00775412265401 39 153
0.355505398716815 26 10
0 21 0
0 21 0
0 21 0
17.5429953134907 58 324
0 21 0
0 21 0
11.061584983623 41 190
4.23050221653731 34 36
11.061584983623 41 190
11.061584983623 41 190
0 21 0
23.2186553323219 73 429
33.6285576517655 84 518
0 21 0
21.7264258570037 71 394
0 21 0
0.669425061828636 29 28
0 21 0
0 21 0
0 21 0
18.5643479324944 59 343
0 21 0
7.02605146214433 40 171
13.3427578661809 52 245
0.272490691197469 25 6
0 21 0
0 21 0
0 21 0
11.061584983623 41 190
1.04747872354378 29 16
0.961920039367445 31 45
25.9093086390358 75 463
0 21 0
0.961920039367445 31 45
0 21 0
24.8879560200322 74 444
0 21 0
0 21 0
0 21 0
0 21 0
11.061584983623 41 190
2.98825011402823 37 120
22.353876743399 60 361
0 21 0
17.2800218583706 62 235
11.061584983623 41 190
0 21 0
0 21 0
7.02605146214433 40 171
3.79630924340086 38 136
17.5429953134907 58 324
0 21 0
14.8740208412362 56 289
0 21 0
0 21 0
11.061584983623 41 190
11.394792494256 55 273
7.02605146214433 40 171
40.5489628782316 100 522
0 21 0
11.394792494256 55 273
24.4021701429887 77 371
19.9246455116033 69 381
11.061584983623 41 190
11.061584983623 41 190
0 21 0
0 21 0
0 21 0
0 21 0
0 21 0
0 21 0
2.98825011402823 37 120
0 21 0
0 21 0
0 21 0
0 21 0
0 21 0
0 21 0
0 21 0
0 21 0
0 21 0
0 21 0
0 21 0
11.061584983623 41 190
3.79630924340086 38 136
0 21 0
8.46800965495967 48 199
17.2612997685508 64 317
17.5429953134907 58 324
7.02605146214433 40 171
0 21 0
0 21 0
0.127572235696603 23 1
0 21 0
0 21 0
16.3863447747424 63 292
5.00775412265401 39 153
0 21 0
0 21 0
11.061584983623 41 190
13.9022536048791 57 307
2.98825011402823 37 120
5.00775412265401 39 153
0.272490691197469 25 6
11.061584983623 41 190
11.061584983623 41 190
5.00775412265401 39 153
0 21 0
0 21 0
0 21 0
0 21 0
11.061584983623 41 190
13.6997258697072 63 268
0 21 0
1.36890903828779 33 66
0 21 0
0 21 0
21.2547747442743 68 379
9.66350659948822 54 258
18.5643479324944 59 343
2.89102075933525 30 16
11.061584983623 41 190
2.41065671117132 36 105
7.02605146214433 40 171
6.31495799300611 40 81
11.061584983623 41 190
0.551600589081856 28 21
0 21 0
5.00775412265401 39 153
0.127572235696603 23 1
3.79630924340086 38 136
33.8736918068221 78 514
11.061584983623 41 190
11.061584983623 41 190
1.36890903828779 33 66
5.00775412265401 39 153
7.02605146214433 40 171
18.6981507082781 65 311
0.80470385936419 30 36
0 21 0
7.05283707132661 42 100
0 21 0
11.061584983623 41 190
0 21 0
6.80621105123116 40 65
11.061584983623 41 190
5.00775412265401 39 153
17.5429953134907 58 324
7.02605146214433 40 171
0 21 0
0.669425061828636 29 28
22.353876743399 60 361
7.02605146214433 40 171
3.79630924340086 38 136
11.061584983623 41 190
7.02605146214433 40 171
0 21 0
1.63942494250927 34 78
0 21 0
11.061584983623 41 190
0 21 0
18.5643479324944 59 343
11.061584983623 41 190
30.5496912054506 81 463
5.00775412265401 39 153
11.1568447307812 59 244
0 21 0
11.061584983623 41 190
0 21 0
11.061584983623 41 190
0 21 0
15.6113224628231 50 206
3.79630924340086 38 136
0 21 0
28.5924306537322 76 481
11.061584983623 41 190
11.061584983623 41 190
0 21 0
11.061584983623 41 190
0 21 0
0 21 0
3.79630924340086 38 136
0 21 0
2.41065671117132 36 105
0 21 0
22.353876743399 60 361
11.061584983623 41 190
11.061584983623 41 190
0 21 0
0 21 0
11.061584983623 41 190
0 21 0
1.20021007656406 27 7
0.44783888628035 27 15
0 21 0
2.98825011402823 37 120
13.9022536048791 57 307
6.02428732375598 45 133
8.46800965495967 48 199
11.0143156477682 55 276
0 21 0
0 21 0
0 21 0
11.061584983623 41 190
0 21 0
6.07854728492409 48 171
5.00775412265401 39 153
5.12677983708707 42 124
0 21 0
14.3047562444199 55 281
0 21 0
0 21 0
7.82638210136948 44 121
0 21 0
0 21 0
7.02605146214433 40 171
11.061584983623 41 190
0 21 0
0 21 0
4.2169518923861 39 73
11.061584983623 41 190
0 21 0
7.02605146214433 40 171
22.353876743399 60 361
0 21 0
0 21 0
0.127572235696603 23 1
0 21 0
0 21 0
0 21 0
0 21 0
0 21 0
13.3427578661809 52 245
13.060939421705 54 256
5.00775412265401 39 153
0 21 0
7.02605146214433 40 171
14.2740327168272 50 208
11.061584983623 41 190
5.00775412265401 39 153
0 21 0
0 21 0
0 21 0
15.5724463680115 57 310
15.5724463680115 57 310
0 21 0
0 21 0
0 21 0
2.98825011402823 37 120
16.6761313242702 66 322
25.8487213236493 65 255
0 21 0
0 21 0
26.8114818107992 68 377
0 21 0
4.19227549969553 35 30
0.197035177927825 24 3
0 21 0
0 21 0
0 21 0
0 21 0
8.95958242906627 46 94
26.777875611438 74 446
12.3642707173142 46 200
14.8324424090423 56 295
11.061584983623 41 190
5.62587832665321 48 181
26.8937311851921 74 452
0 21 0
0 21 0
0 21 0
2.98825011402823 37 120
0 21 0
7.02605146214433 40 171
14.8740208412362 56 289
14.8324424090423 56 295
7.02605146214433 40 171
0 21 0
0 21 0
0 21 0
11.061584983623 41 190
0 21 0
0 21 0
2.99947956408146 41 106
0 21 0
6.02428732375598 45 133
0.44783888628035 27 15
0 21 0
0 21 0
0 21 0
15.1129431014382 61 249
4.50693712580627 45 136
8.64904909108449 46 144
7.02605146214433 40 171
11.061584983623 41 190
11.061584983623 41 190
0 21 0
5.00775412265401 39 153
7.02605146214433 40 171
7.02605146214433 40 171
22.353876743399 60 361
0 21 0
2.98825011402823 37 120
5.00775412265401 39 153
28.2854137889265 75 460
0 21 0
22.353876743399 60 361
11.061584983623 41 190
20.1667876847687 62 346
0 21 0
11.061584983623 41 190
0 21 0
0 21 0
5.00775412265401 39 153
0 21 0
0 21 0
1.36890903828779 33 66
0 21 0
0 21 0
11.061584983623 41 190
11.061584983623 41 190
0 21 0
0 21 0
0 21 0
0 21 0
0 21 0
11.394792494256 55 273
1.63942494250927 34 78
11.061584983623 41 190
2.98825011402823 37 120
0 21 0
0 21 0
7.02605146214433 40 171
1.97706285511505 35 91
0 21 0
0 21 0
0.80470385936419 30 36
13.3427578661809 52 245
12.6362564697333 48 211
7.02605146214433 40 171
11.061584983623 41 190
1.36890903828779 33 66
14.8324424090423 56 295
11.061584983623 41 190
11.061584983623 41 190
0 21 0
0 21 0
16.6885758835305 58 326
22.353876743399 60 361
17.0609845321066 66 322
0 21 0
7.02605146214433 40 171
22.353876743399 60 361
0 21 0
0 21 0
5.00775412265401 39 153
11.061584983623 41 190
1.63942494250927 34 78
0 21 0
0 21 0
0 21 0
0 21 0
0 21 0
0 21 0
2.41065671117132 36 105
11.061584983623 41 190
0 21 0
15.3319690389093 57 229
0 21 0
0 21 0
0 21 0
0 21 0
10.74233344072 52 159
37.0858503604899 89 551
0 21 0
4.23050221653731 34 36
19.9997315842142 62 290
0 21 0
0 21 0
0 21 0
7.05283707132661 42 100
0 21 0
0 21 0
0 21 0
0 21 0
0 21 0
0 21 0
1.07303191194985 30 22
0 21 0
0 21 0
1.97706285511505 35 91
15.5227859318234 61 271
2.89102075933525 30 16
0 21 0
13.9022536048791 57 307
11.061584983623 41 190
12.5933841782987 60 265
0 21 0
0 21 0
0.197035177927825 24 3
11.061584983623 41 190
0 21 0
0 21 0
0 21 0
7.02605146214433 40 171
20.7419760991553 71 245
0 21 0
33.8736918068221 78 514
7.02605146214433 40 171
24.2400079513255 74 448
7.02605146214433 40 171
0 21 0
11.061584983623 41 190
4.2169518923861 39 73
0 21 0
0 21 0
0 21 0
34.7575956751286 86 506
11.061584983623 41 190
6.96531560800219 50 198
0 21 0
0.961920039367445 31 45
7.02605146214433 40 171
11.061584983623 41 190
0 21 0
2.56757484174071 39 81
11.6639189950661 58 220
0 21 0
7.45201771536291 48 171
1.14715721666307 32 55
21.0021933128709 71 404
0 21 0
0 21 0
30.3281190269338 77 497
24.9847473753197 76 355
3.79630924340086 38 136
7.02605146214433 40 171
3.79630924340086 38 136
12.3642707173142 46 200
0 21 0
0 21 0
45.6174265758048 95 650
0 21 0
0 21 0
0 21 0
3.79630924340086 38 136
11.061584983623 41 190
22.353876743399 60 361
0 21 0
0 21 0
0 21 0
0 21 0
0 21 0
0 21 0
11.061584983623 41 190
0 21 0
0 21 0
11.061584983623 41 190
0 21 0
0 21 0
0 21 0
0.669425061828636 29 28
0 21 0
3.79630924340086 38 136
0 21 0
11.061584983623 41 190
11.061584983623 41 190
7.02605146214433 40 171
0 21 0
26.8937311851921 74 452
0.961920039367445 31 45
18.3172116400619 70 382
0 21 0
0 21 0
30.3281190269338 77 497
0 21 0
1.63942494250927 34 78
64.8871139991659 123 830
22.8964288604836 62 254
52.4730252808444 108 722
2.98825011402823 37 120
0 21 0
0 21 0
0 21 0
12.0953240123239 44 193
0 21 0
0 21 0
11.061584983623 41 190
33.8736918068221 78 514
0 21 0
0 21 0
5.34512757392948 46 146
3.84919410551466 44 133
0 21 0
0 21 0
5.00775412265401 39 153
0 21 0
0 21 0
0 21 0
22.353876743399 60 361
0 21 0
0 21 0
0 21 0
0 21 0
0 21 0
0 21 0
0 21 0
14.7399823211968 52 217
0 21 0
0 21 0
7.02605146214433 40 171
0 21 0
0 21 0
11.061584983623 41 190
0 21 0
0 21 0
2.98825011402823 37 120
0 21 0
3.79630924340086 38 136
2.98825011402823 37 120
0 21 0
0 21 0
0 21 0
0 21 0
8.62832422296066 53 244
0 21 0
10.2967254806221 54 262
16.6885758835305 58 326
0 21 0
0 21 0
11.061584983623 41 190
0 21 0
15.5724463680115 57 310
0 21 0
0 21 0
0 21 0
15.8480451638395 59 287
23.1801746380263 79 404
0 21 0
7.44635914518756 51 219
11.061584983623 41 190
0 21 0
7.82638210136948 44 121
0.355505398716815 26 10
0 21 0
7.02605146214433 40 171
16.6128598466812 57 247
23.2518802744203 73 434
11.061584983623 41 190
34.7093027648343 87 377
8.84966436218049 50 216
0 21 0
0 21 0
0 21 0
7.02605146214433 40 171
11.061584983623 41 190
12.0938195462836 56 291
1.97706285511505 35 91
0 21 0
22.353876743399 60 361
5.37635104277358 43 111
0 21 0
0 21 0
0 21 0
14.8740208412362 56 289
7.02605146214433 40 171
32.8517338700907 83 464
7.02605146214433 40 171
0 21 0
5.00775412265401 39 153
0 21 0
0 21 0
12.9468827916174 50 226
0 21 0
11.6749721044548 52 225
11.9490861140737 43 191
7.02605146214433 40 171
0.272490691197469 25 6
7.02605146214433 40 171
10.2967254806221 54 262
33.8736918068221 78 514
1.97706285511505 35 91
11.061584983623 41 190
0 21 0
0 21 0
0 21 0
12.6362564697333 48 211
0 21 0
0 21 0
0 21 0
0 21 0
1.54429548474835 26 4
2.41065671117132 36 105
1.14715721666307 32 55
0 21 0
0 21 0
11.061584983623 41 190
5.00775412265401 39 153
1.70731029452711 35 58
0 21 0
0 21 0
0 21 0
1.63942494250927 34 78
14.5118968570973 65 327
7.02605146214433 40 171
0 21 0
0.961920039367445 31 45
0 21 0
25.7576829545825 71 416
0 21 0
0 21 0
0 21 0
0 21 0
0 21 0
4.2169518923861 39 73
11.061584983623 41 190
0 21 0
0 21 0
2.98825011402823 37 120
7.02605146214433 40 171
0 21 0
0 21 0
0.961920039367445 31 45
0 21 0
12.1752747990474 59 254
8.80320244527085 48 169
8.64904909108449 46 144
0 21 0
0 21 0
0 21 0
0 21 0
6.18027554112875 46 174
11.530396044042 62 276
4.62457492739893 43 146
3.79630924340086 38 136
0 21 0
0 21 0
0 21 0
0 21 0
5.62587832665321 48 181
30.9557877066198 76 230
7.85709251210353 43 72
0 21 0
11.061584983623 41 190
0 21 0
0 21 0
0 21 0
0 21 0
16.1653640193934 58 256
2.98825011402823 37 120
0 21 0
0 21 0
0 21 0
0 21 0
1.14715721666307 32 55
0 21 0
17.5429953134907 58 324
6.07854728492409 48 171
0.551600589081856 28 21
0 21 0
0 21 0
0 21 0
0 21 0
0 21 0
0 21 0
0.669425061828636 29 28
0.272490691197469 25 6
0 21 0
0 21 0
11.1568447307812 59 244
0 21 0
0 21 0
0.44783888628035 27 15
29.3067664079301 76 479
0 21 0
0 21 0
0.355505398716815 26 10
0 21 0
7.02605146214433 40 171
40.2707156581443 92 599
22.353876743399 60 361
0 21 0
1.36890903828779 33 66
0 21 0
0 21 0
0 21 0
0 21 0
0 21 0
11.061584983623 41 190
0 21 0
11.061584983623 41 190
0 21 0
0 21 0
11.0143156477682 55 276
0 21 0
9.74851873116532 53 241
11.9490861140737 43 191
2.41065671117132 36 105
0 21 0
23.9717210457163 74 334
14.8740208412362 56 289
14.8213892996535 62 270
0 21 0
7.02605146214433 40 171
7.02605146214433 40 171
0 21 0
0 21 0
0 21 0
0 21 0
0 21 0
0 21 0
0 21 0
3.79630924340086 38 136
2.98825011402823 37 120
0 21 0
0 21 0
22.353876743399 60 361
1.36890903828779 33 66
0 21 0
0 21 0
0 21 0
0 21 0
20.956342569899 70 332
0 21 0
5.00775412265401 39 153
45.6174265758048 95 650
11.061584983623 41 190
0 21 0
0 21 0
0 21 0
5.00775412265401 39 153
11.061584983623 41 190
0 21 0
11.061584983623 41 190
0 21 0
22.353876743399 60 361
0 21 0
0 21 0
1.36890903828779 33 66
0 21 0
0.44783888628035 27 15
12.6362564697333 48 211
7.66923399673448 42 172
0 21 0
0 21 0
11.0143156477682 55 276
24.9410178939487 67 382
7.02605146214433 40 171
1.40316548447009 32 31
0 21 0
18.5643479324944 59 343
0 21 0
0 21 0
0.355505398716815 26 10
0 21 0
0 21 0
0 21 0
8.46800965495967 48 199
24.1004962351144 76 423
5.00775412265401 39 153
27.1856119051619 81 427
0.127572235696603 23 1
0 21 0
0 21 0
5.00775412265401 39 153
0 21 0
9.74851873116532 53 241
11.061584983623 41 190
11.061584983623 41 190
22.5531923751675 77 331
7.66923399673448 42 172
0 21 0
0 21 0
3.79630924340086 38 136
2.98825011402823 37 120
0 21 0
33.6285576517655 84 518
0 21 0
0 21 0
0 21 0
0 21 0
0 21 0
0 21 0
4.76802102771316 44 151
17.633358688736 64 186
15.5582720254625 59 172
0.197035177927825 24 3
0 21 0
0 21 0
0.80470385936419 30 36
0 21 0
7.02605146214433 40 171
11.061584983623 41 190
0 21 0
0.80470385936419 30 36
11.061584983623 41 190
0 21 0
0.961920039367445 31 45
0 21 0
7.02605146214433 40 171
1.36890903828779 33 66
10.5322439282963 50 196
0 21 0
0 21 0
0 21 0
2.98825011402823 37 120
0 21 0
0 21 0
2.41065671117132 36 105
0 21 0
0 21 0
0 21 0
0 21 0
5.00775412265401 39 153
0 21 0
0.80470385936419 30 36
0 21 0
10.474549065864 53 159
0 21 0
0 21 0
5.00775412265401 39 153
0 21 0
0 21 0
0 21 0
0 21 0
0 21 0
11.061584983623 41 190
7.02605146214433 40 171
0.551600589081856 28 21
0 21 0
11.061584983623 41 190
0.272490691197469 25 6
0 21 0
0 21 0
3.79630924340086 38 136
7.02605146214433 40 171
0 21 0
11.061584983623 41 190
0 21 0
0 21 0
11.061584983623 41 190
0 21 0
0 21 0
5.98122327008915 49 191
0 21 0
0.355505398716815 26 10
0 21 0
0 21 0
13.1302522435251 51 235
3.21546331459191 41 115
0 21 0
0 21 0
0 21 0
5.00775412265401 39 153
0 21 0
30.3281190269338 77 497
0 21 0
11.061584983623 41 190
28.2854137889265 75 460
11.061584983623 41 190
0 21 0
0 21 0
0 21 0
0 21 0
0 21 0
0 21 0
0 21 0
0 21 0
7.02605146214433 40 171
7.93919907953118 52 231
22.5458166163779 69 361
0 21 0
11.394792494256 55 273
0 21 0
0 21 0
4.13024243506232 44 141
0 21 0
0 21 0
0 21 0
0 21 0
1.14715721666307 32 55
2.17547544857126 31 21
11.061584983623 41 190
0 21 0
0 21 0
8.64904909108449 46 144
0 21 0
0.961920039367445 31 45
5.3468100877754 47 172
11.9490861140737 43 191
0 21 0
0 21 0
0 21 0
0 21 0
0 21 0
13.9077407344151 54 268
37.0858503604899 89 551
0 21 0
0 21 0
0 21 0
0 21 0
11.061584983623 41 190
31.4625998278792 75 398
0 21 0
16.6885758835305 58 326
11.061584983623 41 190
0 21 0
0 21 0
3.79630924340086 38 136
0 21 0
0 21 0
0 21 0
0 21 0
13.060939421705 54 256
1.97706285511505 35 91
0 21 0
7.02605146214433 40 171
7.02605146214433 40 171
0 21 0
0 21 0
13.9077407344151 54 268
0 21 0
22.353876743399 60 361
11.0143156477682 55 276
11.061584983623 41 190
0 21 0
1.40316548447009 32 31
5.00775412265401 39 153
32.486783229684 79 498
5.60315970814914 38 64
0 21 0
0 21 0
22.353876743399 60 361
11.061584983623 41 190
28.2854137889265 75 460
11.061584983623 41 190
19.5724914784131 69 376
0 21 0
7.02605146214433 40 171
0 21 0
7.02605146214433 40 171
1.36890903828779 33 66
28.2854137889265 75 460
0 21 0
0 21 0
9.54069589085617 48 169
3.3994777049431 42 106
18.5643479324944 59 343
2.98825011402823 37 120
0 21 0
0 21 0
0.669425061828636 29 28
17.7814614248674 61 281
3.79630924340086 38 136
0 21 0
0 21 0
36.3846885461096 94 524
23.2186553323219 73 429
12.0953240123239 44 193
0.44783888628035 27 15
16.6885758835305 58 326
11.394792494256 55 273
0 21 0
3.79630924340086 38 136
0 21 0
6.96531560800219 50 198
2.41065671117132 36 105
0 21 0
7.02605146214433 40 171
0.272490691197469 25 6
8.31273999110848 47 192
0 21 0
11.061584983623 41 190
11.061584983623 41 190
4.37323096380749 41 139
0 21 0
11.061584983623 41 190
0 21 0
33.8736918068221 78 514
0 21 0
0 21 0
14.9468195563422 56 259
22.353876743399 60 361
0 21 0
0 21 0
11.061584983623 41 190
0 21 0
0 21 0
0 21 0
0 21 0
0 21 0
0 21 0
5.00775412265401 39 153
11.061584983623 41 190
29.6564389300339 77 389
11.061584983623 41 190
