"COLLES.MDM.LN" "SACKIN" "COPHENETIC"
0 46 0
0 46 0
1.24191328133183 71 300
0 46 0
30.2515619159646 150 1761
23.9326572956552 91 990
0 46 0
0 46 0
0.968301724994106 68 231
0 46 0
48.1198579188778 135 1936
15.6147118539706 90 946
15.6147118539706 90 946
0.35052026064705 57 55
11.4556245644789 89 903
0 46 0
0 46 0
0 46 0
4.52296413072996 84 703
23.9326572956552 91 990
0.578370989811915 62 120
0 46 0
0 46 0
23.9326572956552 91 990
0 46 0
23.9326572956552 91 990
0 46 0
0 46 0
9.80831045871515 117 1237
23.253943783103 129 1687
0 46 0
8.96007648149142 88 861
0 46 0
0 46 0
0 46 0
0 46 0
8.96007648149142 88 861
0 46 0
0 46 0
0 46 0
0 46 0
5.21636743073529 85 741
8.96007648149142 88 861
0.632718207233477 63 136
20.4886388211647 137 1344
0 46 0
0 46 0
0 46 0
0 46 0
4.52296413072996 84 703
0 46 0
0 46 0
49.7412489523355 164 2286
41.4913837066806 197 2838
9.92914659193126 115 1162
23.9326572956552 91 990
0 46 0
0 46 0
36.0527030263701 133 1851
0 46 0
0 46 0
0.578370989811915 62 120
0 46 0
0 46 0
0 46 0
0 46 0
0 46 0
39.0358967862403 133 1849
0 46 0
23.9326572956552 91 990
0 46 0
0 46 0
0 46 0
0 46 0
0 46 0
23.9326572956552 91 990
0 46 0
0 46 0
0 46 0
0 46 0
0 46 0
0.143895042337759 51 10
0 46 0
0 46 0
24.3371948669313 136 1342
0 46 0
11.4556245644789 89 903
15.6147118539706 90 946
0 46 0
2.54111876098175 79 528
0 46 0
11.4556245644789 89 903
25.7406604159843 106 1095
0 46 0
1.46958812031077 73 351
15.6147118539706 90 946
0 46 0
0 46 0
0 46 0
0 46 0
0 46 0
25.4203161929066 101 1035
0 46 0
40.057249405244 134 1893
0 46 0
0 46 0
45.2679787048533 167 2421
23.9326572956552 91 990
0 46 0
51.6059113122021 155 2126
0 46 0
0 46 0
0 46 0
0 46 0
1.74760517935996 75 406
0 46 0
0 46 0
0 46 0
0 46 0
0 46 0
0 46 0
0 46 0
23.9326572956552 91 990
0 46 0
1.46958812031077 73 351
0 46 0
0 46 0
81.5960119346994 241 3600
23.9326572956552 91 990
23.9326572956552 91 990
0 46 0
0 46 0
0 46 0
4.52296413072996 84 703
0 46 0
0 46 0
0 46 0
0 46 0
0 46 0
0 46 0
4.52296413072996 84 703
15.6147118539706 90 946
26.6638536896737 107 1082
0 46 0
0 46 0
2.62994662924119 55 16
0 46 0
48.1198579188778 135 1936
0 46 0
0 46 0
1.74760517935996 75 406
0 46 0
0 46 0
34.2796344543994 165 2310
0 46 0
0 46 0
0 46 0
0 46 0
6.10780385349598 86 780
46.9253373833201 174 2354
0 46 0
0 46 0
0 46 0
0 46 0
23.9326572956552 91 990
0 46 0
3.37435621080344 74 186
2.81563652103797 80 561
0 46 0
23.9326572956552 91 990
8.96007648149142 88 861
0 46 0
0 46 0
0 46 0
0 46 0
23.9326572956552 91 990
2.54111876098175 79 528
0 46 0
0 46 0
0 46 0
0 46 0
0 46 0
6.10780385349598 86 780
0.206850220905696 53 21
0 46 0
0 46 0
0 46 0
0 46 0
23.9326572956552 91 990
0 46 0
3.51421017155989 82 630
23.9326572956552 91 990
0 46 0
23.9326572956552 91 990
0 46 0
15.6147118539706 90 946
0 46 0
0 46 0
23.9326572956552 91 990
0 46 0
6.10780385349598 86 780
0 46 0
0 46 0
0 46 0
0 46 0
4.52296413072996 84 703
0 46 0
0.391116868082225 58 66
2.54111876098175 79 528
0 46 0
0 46 0
0 46 0
8.67245425144421 119 901
0 46 0
3.13584540883756 81 595
0 46 0
0 46 0
23.9326572956552 91 990
15.9830820158533 125 1527
0 46 0
3.96818115811532 83 666
9.48685163678316 113 1145
0 46 0
0 46 0
0 46 0
0 46 0
15.6147118539706 90 946
0 46 0
15.6147118539706 90 946
15.6147118539706 90 946
0 46 0
23.9326572956552 91 990
11.4556245644789 89 903
0 46 0
0 46 0
0 46 0
0 46 0
0 46 0
48.1198579188778 135 1936
0 46 0
5.21636743073529 85 741
0 46 0
0 46 0
0 46 0
0 46 0
0 46 0
0 46 0
5.21636743073529 85 741
23.9326572956552 91 990
5.21636743073529 85 741
0 46 0
0 46 0
0 46 0
0 46 0
0 46 0
0 46 0
72.5609144577714 178 2839
0 46 0
22.1421349342519 128 1649
0 46 0
2.81563652103797 80 561
0 46 0
1.60130831456064 74 378
0 46 0
23.9326572956552 91 990
0 46 0
0 46 0
3.96818115811532 83 666
46.8115120769065 188 2460
48.1198579188778 135 1936
0 46 0
34.2796344543994 165 2310
0 46 0
0 46 0
4.52296413072996 84 703
0.819376665453553 66 190
2.51484172578717 85 471
0 46 0
12.321713774353 98 939
0 46 0
0 46 0
0.527331155568725 61 105
0 46 0
0 46 0
0 46 0
6.10780385349598 86 780
0 46 0
0 46 0
0 46 0
23.9326572956552 91 990
0 46 0
3.13584540883756 81 595
0 46 0
0 46 0
9.99528892240787 121 1081
0 46 0
0 46 0
20.6676331182043 126 1576
0 46 0
0 46 0
11.5963243504109 125 1147
15.6147118539706 90 946
5.21636743073529 85 741
4.52296413072996 84 703
0 46 0
4.52296413072996 84 703
0.819376665453553 66 190
0 46 0
0 46 0
0 46 0
0 46 0
0 46 0
2.09487751110978 77 465
0 46 0
0 46 0
5.57695492782629 100 823
23.9326572956552 91 990
0 46 0
0 46 0
0 46 0
0 46 0
0 46 0
0 46 0
0 46 0
23.9326572956552 91 990
23.9326572956552 91 990
39.9165615042803 136 970
0 46 0
0 46 0
23.9326572956552 91 990
0 46 0
0 46 0
0 46 0
0 46 0
0 46 0
0 46 0
0 46 0
0 46 0
0 46 0
0 46 0
0 46 0
0 46 0
4.52296413072996 84 703
1.60130831456064 74 378
0 46 0
0 46 0
0 46 0
0 46 0
0 46 0
0 46 0
0 46 0
16.9550574419543 104 1037
0 46 0
0 46 0
0 46 0
15.6147118539706 90 946
15.6147118539706 90 946
2.81563652103797 80 561
0.968301724994106 68 231
7.74761169191954 95 578
0 46 0
36.0527030263701 133 1851
0 46 0
0 46 0
0.968301724994106 68 231
23.9326572956552 91 990
0 46 0
0 46 0
0 46 0
0 46 0
0 46 0
0 46 0
0 46 0
0 46 0
0 46 0
12.8053202548982 90 371
0 46 0
0 46 0
0 46 0
0 46 0
0 46 0
0 46 0
0 46 0
3.84355807548266 95 666
0 46 0
0 46 0
0 46 0
0 46 0
0 46 0
0 46 0
0 46 0
0 46 0
0 46 0
0 46 0
0 46 0
23.9326572956552 91 990
0 46 0
0 46 0
6.10780385349598 86 780
0 46 0
48.1198579188778 135 1936
0 46 0
1.74760517935996 75 406
0.819376665453553 66 190
0 46 0
0 46 0
0 46 0
0 46 0
0 46 0
0 46 0
0 46 0
39.0358967862403 133 1849
0 46 0
0 46 0
0 46 0
48.1198579188778 135 1936
0 46 0
0 46 0
0 46 0
21.5645306773656 115 1156
0 46 0
13.6537178844882 141 1499
0 46 0
0 46 0
31.1547253969533 129 1681
28.9283254353032 127 1600
0 46 0
29.4805710521275 128 1656
3.85471407906312 82 307
0 46 0
0 46 0
0 46 0
4.41458015016931 61 49
0 46 0
0 46 0
0 46 0
0 46 0
0 46 0
0 46 0
0 46 0
10.3509569188094 107 1032
0 46 0
0 46 0
0 46 0
2.09487751110978 77 465
0 46 0
0 46 0
40.057249405244 134 1893
0 46 0
0 46 0
7.29629439384926 87 820
0 46 0
0 46 0
23.9326572956552 91 990
0 46 0
0 46 0
0 46 0
15.6147118539706 90 946
0 46 0
15.6147118539706 90 946
6.10780385349598 86 780
0 46 0
6.10780385349598 86 780
7.29629439384926 87 820
0 46 0
0 46 0
2.81563652103797 80 561
1.35035875797505 72 325
23.9326572956552 91 990
63.7318813285339 176 2754
0 46 0
0 46 0
23.9326572956552 91 990
0 46 0
0 46 0
0 46 0
11.4556245644789 89 903
19.7598892389579 127 1602
15.6147118539706 90 946
23.9326572956552 91 990
0 46 0
28.1964554759769 125 1551
0 46 0
23.9326572956552 91 990
0 46 0
0 46 0
0 46 0
0 46 0
0 46 0
0 46 0
0 46 0
0 46 0
0 46 0
0 46 0
18.6554555222738 122 1407
14.133644820691 119 1298
0 46 0
2.09487751110978 77 465
0 46 0
0.17476639464599 52 15
0 46 0
0 46 0
23.9326572956552 91 990
0 46 0
0 46 0
0 46 0
15.6147118539706 90 946
0 46 0
0 46 0
0 46 0
0 46 0
0 46 0
30.1276486681565 129 1693
0 46 0
0 46 0
23.9326572956552 91 990
0 46 0
0 46 0
0 46 0
10.822024716899 83 324
0 46 0
0 46 0
0 46 0
0 46 0
23.9326572956552 91 990
0 46 0
3.96818115811532 83 666
0 46 0
0 46 0
0 46 0
14.470163177027 138 1434
23.9326572956552 91 990
0 46 0
0 46 0
0 46 0
23.9326572956552 91 990
39.0358967862403 133 1849
0 46 0
25.2146282137789 98 1011
8.96007648149142 88 861
0 46 0
0 46 0
46.2528275699715 168 2422
0 46 0
40.057249405244 134 1893
0 46 0
0 46 0
6.97161080733383 110 1028
0 46 0
11.4556245644789 89 903
18.1261485828283 146 1643
0.0566987714207122 48 1
15.6147118539706 90 946
20.6676331182043 126 1576
0 46 0
0 46 0
0 46 0
0 46 0
0 46 0
0 46 0
0 46 0
0 46 0
0 46 0
23.9326572956552 91 990
0 46 0
0 46 0
0 46 0
0 46 0
0 46 0
0 46 0
0 46 0
19.5607808069852 141 1491
0 46 0
23.9326572956552 91 990
11.4556245644789 89 903
2.30315109347068 78 496
23.9326572956552 91 990
0 46 0
0 46 0
0 46 0
0 46 0
0 46 0
17.5374169480115 112 1177
53.338870355813 190 2533
0.35052026064705 57 55
0.433965425958337 59 78
0 46 0
0 46 0
15.6147118539706 90 946
0 46 0
15.6147118539706 90 946
27.1719745256572 131 1766
0 46 0
0 46 0
0 46 0
0 46 0
0.433965425958337 59 78
0 46 0
0 46 0
0 46 0
14.9404069648498 98 919
0 46 0
0 46 0
0 46 0
0 46 0
21.219033699618 116 786
0 46 0
0 46 0
0 46 0
0 46 0
1.60130831456064 74 378
0 46 0
48.1198579188778 135 1936
23.9326572956552 91 990
52.3313769430316 162 2287
0 46 0
0 46 0
14.133644820691 119 1298
0 46 0
0 46 0
11.4556245644789 89 903
3.13584540883756 81 595
23.5512013958441 128 1641
0 46 0
0 46 0
0.35052026064705 57 55
34.2381479840759 131 1764
0 46 0
5.47208809923777 88 604
0 46 0
0 46 0
11.4556245644789 89 903
0 46 0
0 46 0
0 46 0
0 46 0
0 46 0
17.2161491319296 108 1099
0 46 0
1.35035875797505 72 325
0.27529342557196 55 36
0 46 0
0 46 0
0 46 0
0 46 0
0 46 0
7.29629439384926 87 820
0 46 0
3.51840173151423 91 616
0 46 0
0 46 0
0.632718207233477 63 136
0 46 0
0 46 0
0 46 0
23.9326572956552 91 990
0 46 0
12.4309837481472 100 958
0 46 0
0 46 0
7.29629439384926 87 820
0 46 0
15.6147118539706 90 946
31.1547253969533 129 1681
25.8063673643906 107 1110
0 46 0
0 46 0
0 46 0
0 46 0
0 46 0
23.9326572956552 91 990
0 46 0
0 46 0
0 46 0
0 46 0
0 46 0
0 46 0
15.6147118539706 90 946
8.96007648149142 88 861
0 46 0
0 46 0
8.96007648149142 88 861
0 46 0
60.6049257077628 201 2936
0 46 0
0 46 0
0 46 0
11.2770579739419 116 1194
0 46 0
23.9326572956552 91 990
0 46 0
0 46 0
0 46 0
0 46 0
0 46 0
0 46 0
0 46 0
0 46 0
0 46 0
0 46 0
0 46 0
0 46 0
0 46 0
25.7606038245975 123 1444
0 46 0
0 46 0
0 46 0
39.0358967862403 133 1849
0 46 0
0 46 0
0 46 0
0 46 0
18.6259619382463 102 497
0 46 0
0 46 0
0 46 0
0 46 0
23.9326572956552 91 990
0 46 0
22.2698497080396 155 1968
0 46 0
0 46 0
0 46 0
23.9326572956552 91 990
29.4805710521275 128 1656
0 46 0
5.21636743073529 85 741
0 46 0
0 46 0
0 46 0
23.9326572956552 91 990
5.21636743073529 85 741
0 46 0
0 46 0
0.527331155568725 61 105
0 46 0
0 46 0
0 46 0
0 46 0
0 46 0
0 46 0
0 46 0
0 46 0
0 46 0
0 46 0
0 46 0
0 46 0
8.96007648149142 88 861
0 46 0
0 46 0
7.29629439384926 87 820
0 46 0
0 46 0
0 46 0
0 46 0
0 46 0
0 46 0
0.752791228086893 65 171
0 46 0
0 46 0
0 46 0
0 46 0
0 46 0
0 46 0
23.9326572956552 91 990
23.9326572956552 91 990
0 46 0
0 46 0
0 46 0
0 46 0
0 46 0
2.30315109347068 78 496
0 46 0
23.9326572956552 91 990
0 46 0
63.7318813285339 176 2754
40.057249405244 134 1893
0 46 0
8.96007648149142 88 861
0 46 0
0 46 0
7.29629439384926 87 820
0 46 0
23.9326572956552 91 990
20.7206857397704 113 1089
0 46 0
11.4556245644789 89 903
0.819376665453553 66 190
13.2187293890424 91 484
31.8447319711578 143 1522
0 46 0
23.9326572956552 91 990
0 46 0
0 46 0
31.114811065181 132 1807
0 46 0
0 46 0
0 46 0
59.8037471296619 190 2633
0.690724706572967 64 153
0 46 0
0 46 0
11.4556245644789 89 903
0 46 0
0 46 0
0 46 0
0 46 0
23.9326572956552 91 990
0 46 0
15.6147118539706 90 946
24.8169983124469 130 1726
0.311974066821874 56 45
0 46 0
0 46 0
1.74760517935996 75 406
0 46 0
0 46 0
2.81563652103797 80 561
0 46 0
0 46 0
0 46 0
0 46 0
6.10780385349598 86 780
0.479287964876377 60 91
0 46 0
0 46 0
0 46 0
23.9326572956552 91 990
0 46 0
0 46 0
0 46 0
22.6035215976245 129 1683
0 46 0
26.0916555746467 138 1467
0 46 0
0 46 0
0 46 0
0 46 0
1.24191328133183 71 300
0 46 0
0 46 0
7.29629439384926 87 820
6.10780385349598 86 780
0 46 0
0 46 0
0 46 0
0 46 0
0 46 0
0 46 0
0 46 0
4.09222705945389 88 429
0 46 0
1.35035875797505 72 325
0 46 0
0 46 0
23.9326572956552 91 990
8.96007648149142 88 861
0 46 0
0 46 0
0 46 0
0 46 0
26.3449065330793 114 1243
23.9326572956552 91 990
0 46 0
0 46 0
0 46 0
15.6147118539706 90 946
23.9326572956552 91 990
0 46 0
0 46 0
0 46 0
0 46 0
0 46 0
0 46 0
6.10780385349598 86 780
0 46 0
0 46 0
0 46 0
0 46 0
0 46 0
0 46 0
0 46 0
33.2506888921953 131 1105
0.35052026064705 57 55
25.9433306797275 109 1143
0 46 0
0 46 0
23.9326572956552 91 990
23.9326572956552 91 990
0 46 0
72.5609144577714 178 2839
0 46 0
3.96818115811532 83 666
4.52296413072996 84 703
0 46 0
0 46 0
0 46 0
10.1283081989721 104 981
0 46 0
23.9326572956552 91 990
0 46 0
0 46 0
0 46 0
0 46 0
27.2808088831748 118 505
33.6662323432598 132 1810
0 46 0
0 46 0
0 46 0
0 46 0
0 46 0
11.4556245644789 89 903
0 46 0
0 46 0
0 46 0
0 46 0
0 46 0
0 46 0
23.9326572956552 91 990
11.4556245644789 89 903
0 46 0
0 46 0
0 46 0
0 46 0
0 46 0
0 46 0
0 46 0
0.27529342557196 55 36
16.8140685019685 110 865
0 46 0
0 46 0
2.09487751110978 77 465
0 46 0
0 46 0
0 46 0
0 46 0
1.63436146449377 71 164
2.81563652103797 80 561
0 46 0
0 46 0
0 46 0
0 46 0
0 46 0
0 46 0
26.2550932145154 113 1221
0 46 0
3.96818115811532 83 666
0 46 0
0 46 0
11.4556245644789 89 903
3.51421017155989 82 630
24.5334898233639 121 1369
0 46 0
0 46 0
0 46 0
0 46 0
106.784700540314 255 4283
8.96749635536366 114 1131
0 46 0
0 46 0
23.9326572956552 91 990
0 46 0
0 46 0
0 46 0
0 46 0
15.6147118539706 90 946
0 46 0
56.065618597783 175 2713
0 46 0
0 46 0
0 46 0
0 46 0
22.4679442366601 117 1225
0 46 0
0 46 0
23.9326572956552 91 990
0 46 0
0 46 0
0 46 0
0 46 0
0 46 0
0 46 0
6.37536155070648 107 956
0 46 0
0 46 0
23.9326572956552 91 990
0 46 0
0 46 0
0 46 0
0 46 0
0 46 0
0 46 0
1.05196675392504 69 253
26.7818932598092 118 1341
0 46 0
23.9326572956552 91 990
0 46 0
0 46 0
7.29629439384926 87 820
52.2767071139542 174 2673
15.6147118539706 90 946
0 46 0
0 46 0
0 46 0
19.7598892389579 127 1602
0 46 0
0 46 0
0 46 0
0 46 0
2.14004643698484 73 181
1.91105494111768 76 435
0 46 0
23.9326572956552 91 990
0 46 0
23.9326572956552 91 990
11.4556245644789 89 903
0 46 0
0 46 0
0 46 0
26.4412341317575 115 1266
0 46 0
0 46 0
0 46 0
0 46 0
0 46 0
0 46 0
0 46 0
11.4556245644789 89 903
0 46 0
0 46 0
15.6147118539706 90 946
0 46 0
15.6147118539706 90 946
0 46 0
11.4556245644789 89 903
0 46 0
0 46 0
0 46 0
6.16303371360304 67 100
3.96818115811532 83 666
0 46 0
0 46 0
0 46 0
7.29629439384926 87 820
0 46 0
0 46 0
0 46 0
0 46 0
1.52680213343643 60 46
0 46 0
0 46 0
0 46 0
0 46 0
0 46 0
1.35035875797505 72 325
0 46 0
0 46 0
0 46 0
0 46 0
0 46 0
0 46 0
16.2039509812297 124 1498
8.96007648149142 88 861
0 46 0
0 46 0
11.4556245644789 89 903
0 46 0
0 46 0
0.578370989811915 62 120
0 46 0
0 46 0
1.60130831456064 74 378
0 46 0
0 46 0
0 46 0
0 46 0
0 46 0
0 46 0
0.35052026064705 57 55
62.7105287095302 175 2710
99.5438343952798 250 3611
0 46 0
0 46 0
15.6147118539706 90 946
0 46 0
23.9326572956552 91 990
4.52296413072996 84 703
11.4556245644789 89 903
1.46958812031077 73 351
16.4171627120072 95 956
0 46 0
23.9326572956552 91 990
0 46 0
0 46 0
0 46 0
23.9326572956552 91 990
0 46 0
11.4556245644789 89 903
15.6147118539706 90 946
0 46 0
0 46 0
0 46 0
0 46 0
0 46 0
0 46 0
0 46 0
0.632718207233477 63 136
0 46 0
0 46 0
16.8391046740848 125 1533
0 46 0
2.54111876098175 79 528
0 46 0
0 46 0
0 46 0
0 46 0
0 46 0
0 46 0
11.4556245644789 89 903
40.057249405244 134 1893
2.09487751110978 77 465
24.5334898233639 121 1369
0 46 0
15.6147118539706 90 946
23.9326572956552 91 990
0 46 0
0 46 0
0 46 0
7.29629439384926 87 820
17.6577853302243 126 1569
26.7818932598092 118 1341
0.752791228086893 65 171
8.96007648149142 88 861
0 46 0
0 46 0
0 46 0
0 46 0
0 46 0
2.09487751110978 77 465
4.34506458798654 88 676
0 46 0
0 46 0
0 46 0
3.13584540883756 81 595
0 46 0
2.54111876098175 79 528
0 46 0
0 46 0
0 46 0
23.9326572956552 91 990
3.51421017155989 82 630
0 46 0
0 46 0
0 46 0
0 46 0
0 46 0
0 46 0
0 46 0
48.1198579188778 135 1936
27.1915246029146 125 1521
0 46 0
0 46 0
0 46 0
27.1719745256572 131 1766
0 46 0
15.6147118539706 90 946
0 46 0
0 46 0
23.9326572956552 91 990
0 46 0
7.29629439384926 87 820
0 46 0
0 46 0
0.17476639464599 52 15
23.9326572956552 91 990
23.9326572956552 91 990
0 46 0
0 46 0
0 46 0
23.9326572956552 91 990
0 46 0
0 46 0
0 46 0
0 46 0
0 46 0
1.74760517935996 75 406
23.9326572956552 91 990
0 46 0
0 46 0
0 46 0
0 46 0
0 46 0
1.46958812031077 73 351
8.96007648149142 88 861
0 46 0
0 46 0
0 46 0
23.9326572956552 91 990
10.7928953883612 109 963
0 46 0
2.28826543689009 72 165
0 46 0
0 46 0
2.09487751110978 77 465
11.4556245644789 89 903
0 46 0
0 46 0
4.52296413072996 84 703
23.9326572956552 91 990
0 46 0
0.433965425958337 59 78
0 46 0
30.1276486681565 129 1693
0 46 0
15.6147118539706 90 946
30.1276486681565 129 1693
0 46 0
0 46 0
23.9326572956552 91 990
0 46 0
0 46 0
0 46 0
0 46 0
0 46 0
0 46 0
0 46 0
23.9326572956552 91 990
0 46 0
0 46 0
0 46 0
8.96007648149142 88 861
0 46 0
0 46 0
0.752791228086893 65 171
0 46 0
0 46 0
2.73793733247791 79 268
23.9326572956552 91 990
0 46 0
6.10780385349598 86 780
0 46 0
3.96818115811532 83 666
0 46 0
0.968301724994106 68 231
27.1915246029146 125 1521
0 46 0
0 46 0
14.1799987669016 118 1309
0 46 0
0 46 0
0 46 0
23.9326572956552 91 990
0 46 0
23.5512013958441 128 1641
0 46 0
5.21636743073529 85 741
0 46 0
39.0358967862403 133 1849
23.9326572956552 91 990
0.143895042337759 51 10
0 46 0
0 46 0
0 46 0
0 46 0
0 46 0
0 46 0
0 46 0
0 46 0
0 46 0
0 46 0
0 46 0
0 46 0
0 46 0
0 46 0
0 46 0
0 46 0
0 46 0
0 46 0
0 46 0
0 46 0
0 46 0
0 46 0
31.114811065181 132 1807
0 46 0
18.1071353215113 117 1297
0 46 0
0 46 0
0 46 0
3.51421017155989 82 630
15.6147118539706 90 946
0 46 0
11.4556245644789 89 903
0 46 0
0 46 0
0 46 0
0 46 0
0 46 0
3.96818115811532 83 666
0 46 0
0 46 0
12.8675613132006 107 1056
0 46 0
0 46 0
0 46 0
1.05196675392504 69 253
1.74760517935996 75 406
19.1636524149908 109 961
0.752791228086893 65 171
0 46 0
4.91567803779409 97 631
22.7631132784436 150 1875
0 46 0
0 46 0
35.3246538940382 150 1753
22.1421349342519 128 1649
39.0358967862403 133 1849
0 46 0
27.1719745256572 131 1766
8.96007648149142 88 861
0 46 0
0 46 0
0 46 0
0 46 0
0 46 0
0 46 0
23.9326572956552 91 990
0 46 0
0 46 0
11.4556245644789 89 903
0 46 0
2.09487751110978 77 465
0.27529342557196 55 36
0 46 0
0 46 0
1.05196675392504 69 253
0 46 0
0 46 0
2.09487751110978 77 465
3.96818115811532 83 666
0 46 0
0 46 0
0 46 0
0 46 0
23.9326572956552 91 990
0 46 0
11.4556245644789 89 903
29.002080527873 147 1465
15.6147118539706 90 946
23.9326572956552 91 990
0 46 0
15.6147118539706 90 946
18.4339281690586 107 900
0 46 0
0 46 0
0 46 0
15.6147118539706 90 946
0 46 0
0 46 0
0 46 0
0.391116868082225 58 66
0 46 0
39.0358967862403 133 1849
0 46 0
25.1391601319909 97 1005
23.9326572956552 91 990
3.13584540883756 81 595
0 46 0
0 46 0
0 46 0
15.6147118539706 90 946
0 46 0
0 46 0
4.52296413072996 84 703
0 46 0
2.30315109347068 78 496
23.9326572956552 91 990
0 46 0
0 46 0
0 46 0
0 46 0
23.9326572956552 91 990
0 46 0
0 46 0
0 46 0
0 46 0
86.2178708644393 225 3244
0 46 0
0 46 0
0 46 0
0 46 0
33.6662323432598 132 1810
0 46 0
7.29629439384926 87 820
0 46 0
0 46 0
0 46 0
11.4556245644789 89 903
0 46 0
23.9326572956552 91 990
0 46 0
0.17476639464599 52 15
1.74760517935996 75 406
23.9326572956552 91 990
48.1198579188778 135 1936
0 46 0
0 46 0
0 46 0
60.9027627523899 176 2756
0.891009466767058 67 210
0 46 0
0 46 0
0 46 0
0 46 0
0.433965425958337 59 78
0 46 0
62.7105287095302 175 2710
0 46 0
0 46 0
0 46 0
0 46 0
39.0358967862403 133 1849
6.16711758613629 75 143
0 46 0
33.7900144562718 152 1997
0 46 0
0 46 0
0 46 0
0 46 0
0 46 0
0.27529342557196 55 36
3.18298777083966 89 573
10.822024716899 83 324
0 46 0
23.9326572956552 91 990
0 46 0
23.9326572956552 91 990
0 46 0
0 46 0
3.51421017155989 82 630
24.4740128144045 157 2029
1.91105494111768 76 435
23.9326572956552 91 990
0 46 0
23.428389231993 151 1794
0 46 0
0 46 0
0.17476639464599 52 15
0 46 0
0 46 0
0 46 0
40.057249405244 134 1893
0 46 0
0.752791228086893 65 171
15.6147118539706 90 946
23.9326572956552 91 990
0 46 0
0 46 0
0 46 0
0.752791228086893 65 171
0 46 0
0 46 0
0 46 0
0 46 0
0 46 0
1.05196675392504 69 253
35.41906797067 137 1497
0 46 0
2.30315109347068 78 496
0 46 0
72.5609144577714 178 2839
3.51421017155989 82 630
0 46 0
1.60130831456064 74 378
17.5965462143627 120 1333
0 46 0
31.1547253969533 129 1681
26.6582286382348 117 1315
0.968301724994106 68 231
0 46 0
0 46 0
29.4805710521275 128 1656
11.4556245644789 89 903
0 46 0
0 46 0
6.74279823728192 69 121
3.96522627133068 97 667
0 46 0
0 46 0
0 46 0
0 46 0
0 46 0
6.10780385349598 86 780
0 46 0
0 46 0
9.07083399923381 115 1186
3.96340404314817 97 681
0 46 0
0 46 0
0 46 0
0 46 0
1.74760517935996 75 406
0 46 0
0 46 0
0 46 0
0 46 0
0 46 0
23.4489316036885 119 1296
0 46 0
5.09129554470192 72 157
0 46 0
0 46 0
21.4894144530459 126 1561
0 46 0
0 46 0
0 46 0
0 46 0
0 46 0
0 46 0
0 46 0
15.6147118539706 90 946
0 46 0
0 46 0
0 46 0
0 46 0
0 46 0
1.60130831456064 74 378
0 46 0
0 46 0
10.2883383517887 107 902
0 46 0
0 46 0
7.29629439384926 87 820
47.5283438982849 171 2552
0 46 0
0 46 0
0 46 0
0 46 0
0 46 0
0 46 0
38.1108725009801 156 1964
0 46 0
42.9660499082353 152 2046
0 46 0
0 46 0
0 46 0
23.9326572956552 91 990
0 46 0
0 46 0
0 46 0
0 46 0
23.9326572956552 91 990
39.0358967862403 133 1849
0 46 0
0 46 0
0 46 0
4.52296413072996 84 703
0 46 0
0 46 0
0 46 0
0 46 0
0 46 0
6.10780385349598 86 780
0 46 0
0 46 0
0 46 0
15.6147118539706 90 946
48.1198579188778 135 1936
23.9326572956552 91 990
0 46 0
0 46 0
0 46 0
12.0374856650454 93 909
1.74760517935996 75 406
0 46 0
0 46 0
0 46 0
0 46 0
0 46 0
13.2187293890424 91 484
15.6147118539706 90 946
2.30315109347068 78 496
0 46 0
0 46 0
0 46 0
50.8122999484727 166 2341
0 46 0
11.4556245644789 89 903
0 46 0
0 46 0
0 46 0
0 46 0
20.2898206951935 128 1644
0 46 0
0 46 0
0 46 0
0 46 0
0 46 0
0 46 0
0 46 0
0 46 0
0.0850833722870154 49 3
15.6147118539706 90 946
0 46 0
8.96007648149142 88 861
0 46 0
0 46 0
23.9326572956552 91 990
0 46 0
0 46 0
0 46 0
2.54111876098175 79 528
23.9326572956552 91 990
23.9326572956552 91 990
0.968301724994106 68 231
0 46 0
51.3600389155155 152 2072
0 46 0
0 46 0
0 46 0
36.0527030263701 133 1851
34.2381479840759 131 1764
0 46 0
0.143895042337759 51 10
0 46 0
0 46 0
23.9326572956552 91 990
2.54111876098175 79 528
7.29629439384926 87 820
0 46 0
23.9326572956552 91 990
0 46 0
23.9326572956552 91 990
0 46 0
1.24191328133183 71 300
7.29629439384926 87 820
0 46 0
23.9326572956552 91 990
0 46 0
0 46 0
0 46 0
0 46 0
0 46 0
38.5599491625109 136 1312
0 46 0
0 46 0
34.2381479840759 131 1764
23.9326572956552 91 990
0 46 0
2.54111876098175 79 528
0 46 0
0 46 0
0 46 0
23.9326572956552 91 990
15.1092210128789 121 1371
3.13584540883756 81 595
0 46 0
0 46 0
23.9326572956552 91 990
0 46 0
0 46 0
15.6147118539706 90 946
27.2392132165225 121 1425
0 46 0
0 46 0
15.6147118539706 90 946
0 46 0
3.30130270755118 91 514
0 46 0
23.9326572956552 91 990
0 46 0
5.21636743073529 85 741
0 46 0
23.9326572956552 91 990
0.578370989811915 62 120
0 46 0
0 46 0
0 46 0
0 46 0
0 46 0
0 46 0
0 46 0
23.9326572956552 91 990
0 46 0
7.29629439384926 87 820
0 46 0
15.6147118539706 90 946
0 46 0
9.3941003627789 110 677
0 46 0
0 46 0
0 46 0
23.9326572956552 91 990
0 46 0
0 46 0
0 46 0
0 46 0
0 46 0
23.9326572956552 91 990
0 46 0
0 46 0
0 46 0
0 46 0
0 46 0
0 46 0
0 46 0
0 46 0
0 46 0
0 46 0
0 46 0
0 46 0
0 46 0
0 46 0
0 46 0
0 46 0
54.0229133597757 173 2627
0 46 0
11.4556245644789 89 903
15.6147118539706 90 946
0.690724706572967 64 153
23.9326572956552 91 990
0 46 0
24.8701453746356 94 993
6.10780385349598 86 780
0 46 0
0 46 0
0 46 0
0 46 0
1.05196675392504 69 253
0 46 0
0 46 0
0.240306432451305 54 28
0 46 0
0 46 0
0 46 0
3.51421017155989 82 630
0 46 0
0 46 0
0 46 0
1.91105494111768 76 435
0 46 0
0 46 0
0 46 0
0 46 0
0 46 0
6.87468345886984 107 972
0 46 0
0 46 0
0 46 0
5.21636743073529 85 741
0 46 0
0 46 0
0 46 0
19.9235411378867 111 1024
0 46 0
0 46 0
5.21636743073529 85 741
2.30315109347068 78 496
0 46 0
0 46 0
0 46 0
2.81563652103797 80 561
0 46 0
23.9326572956552 91 990
0 46 0
0 46 0
0 46 0
0 46 0
12.1565885808555 95 918
0 46 0
11.4556245644789 89 903
0 46 0
0 46 0
0.632718207233477 63 136
15.6147118539706 90 946
23.9326572956552 91 990
0 46 0
0 46 0
4.99990958163153 102 781
0 46 0
0 46 0
0 46 0
14.133644820691 119 1298
1.91105494111768 76 435
0.0850833722870154 49 3
0.27529342557196 55 36
11.4556245644789 89 903
0 46 0
0 46 0
39.0358967862403 133 1849
0 46 0
0 46 0
0 46 0
0 46 0
0 46 0
0 46 0
23.9326572956552 91 990
0 46 0
0 46 0
3.13584540883756 81 595
0 46 0
2.71293258934581 76 219
8.96007648149142 88 861
0 46 0
23.9326572956552 91 990
0 46 0
0 46 0
0 46 0
0 46 0
0 46 0
0 46 0
0 46 0
0 46 0
0 46 0
0 46 0
0 46 0
0 46 0
1.4805350302271 74 303
0 46 0
9.3244549612057 112 1120
0 46 0
0 46 0
20.1540762834251 125 1541
0 46 0
0 46 0
0 46 0
0 46 0
0 46 0
0 46 0
7.29629439384926 87 820
23.9326572956552 91 990
0 46 0
0 46 0
0 46 0
0 46 0
32.0857957398907 131 1770
8.96007648149142 88 861
0 46 0
0 46 0
0 46 0
0 46 0
0 46 0
0 46 0
0 46 0
30.7118546303096 153 1885
0 46 0
3.96818115811532 83 666
0 46 0
0 46 0
0 46 0
0 46 0
0 46 0
0 46 0
0.752791228086893 65 171
0 46 0
0 46 0
0 46 0
0 46 0
7.29629439384926 87 820
0 46 0
1.60130831456064 74 378
0 46 0
0 46 0
0 46 0
18.6554555222738 122 1407
1.35035875797505 72 325
0 46 0
0 46 0
0 46 0
0 46 0
0 46 0
0 46 0
0 46 0
0 46 0
0 46 0
0 46 0
0 46 0
0 46 0
38.8363791137719 162 2229
0 46 0
0 46 0
44.245202244445 163 2299
0 46 0
0 46 0
0 46 0
0 46 0
0 46 0
0.632718207233477 63 136
15.6147118539706 90 946
15.6147118539706 90 946
0 46 0
0 46 0
0 46 0
33.6662323432598 132 1810
0 46 0
0 46 0
0 46 0
0 46 0
0 46 0
0 46 0
0 46 0
2.09487751110978 77 465
0 46 0
4.52296413072996 84 703
0 46 0
0 46 0
23.9326572956552 91 990
0 46 0
0 46 0
0 46 0
0 46 0
15.6147118539706 90 946
1.46958812031077 73 351
0 46 0
0 46 0
0 46 0
0.632718207233477 63 136
0 46 0
0.311974066821874 56 45
0 46 0
0 46 0
10.822024716899 83 324
0 46 0
0.632718207233477 63 136
4.52296413072996 84 703
0 46 0
39.44133554182 153 1921
0 46 0
27.2392132165225 121 1425
0 46 0
23.9326572956552 91 990
0 46 0
18.4339281690586 107 900
0 46 0
1.35035875797505 72 325
0 46 0
0 46 0
0 46 0
0 46 0
0 46 0
15.6147118539706 90 946
0 46 0
2.81563652103797 80 561
0 46 0
0 46 0
23.9326572956552 91 990
12.9431878193907 108 1074
19.9189417575039 124 1483
0 46 0
0.206850220905696 53 21
23.9326572956552 91 990
15.6147118539706 90 946
0 46 0
0 46 0
23.9326572956552 91 990
0 46 0
34.2381479840759 131 1764
1.05196675392504 69 253
0 46 0
0 46 0
0 46 0
23.9326572956552 91 990
30.1276486681565 129 1693
0 46 0
0 46 0
0 46 0
0 46 0
10.7364345169994 111 1114
0 46 0
0 46 0
0 46 0
0 46 0
0 46 0
3.51421017155989 82 630
26.0912430949474 111 1180
0 46 0
0 46 0
0 46 0
25.9844125250276 134 1409
0 46 0
0 46 0
0 46 0
0 46 0
0 46 0
11.4556245644789 89 903
0 46 0
0 46 0
23.9326572956552 91 990
0 46 0
0 46 0
23.9326572956552 91 990
23.9326572956552 91 990
0 46 0
0 46 0
0 46 0
0 46 0
0 46 0
0 46 0
0 46 0
0 46 0
15.6147118539706 90 946
0 46 0
7.29629439384926 87 820
0 46 0
15.6147118539706 90 946
0 46 0
0 46 0
0 46 0
0.35052026064705 57 55
0 46 0
0 46 0
0 46 0
0 46 0
0 46 0
0 46 0
0 46 0
30.9640369190383 130 1731
2.09487751110978 77 465
0 46 0
0 46 0
0 46 0
15.6147118539706 90 946
0 46 0
41.153076375051 142 1615
26.5159159034311 128 834
0 46 0
0 46 0
6.10780385349598 86 780
20.2898206951935 128 1644
0 46 0
7.29629439384926 87 820
0 46 0
48.1198579188778 135 1936
0 46 0
0 46 0
0.114065870733824 50 6
6.10780385349598 86 780
0 46 0
7.29629439384926 87 820
11.4556245644789 89 903
23.9326572956552 91 990
0 46 0
0 46 0
0 46 0
0 46 0
0 46 0
43.9118519100297 161 2244
0 46 0
9.39725759997718 116 1215
0 46 0
0 46 0
35.8787853379604 145 1888
0 46 0
0.578370989811915 62 120
0 46 0
0 46 0
4.52296413072996 84 703
11.3408794854255 119 1152
0 46 0
2.09487751110978 77 465
2.81563652103797 80 561
0 46 0
3.51421017155989 82 630
4.96966405212752 79 258
0 46 0
0 46 0
0 46 0
0 46 0
23.9326572956552 91 990
0.27529342557196 55 36
11.4556245644789 89 903
0 46 0
0 46 0
3.51421017155989 82 630
0 46 0
0 46 0
0 46 0
23.9326572956552 91 990
1.60130831456064 74 378
0 46 0
0 46 0
1.91105494111768 76 435
0 46 0
12.1565885808555 95 918
0 46 0
0 46 0
0 46 0
57.1683282500442 227 3287
0 46 0
0 46 0
0 46 0
0 46 0
0 46 0
0 46 0
0 46 0
0 46 0
0.891009466767058 67 210
0 46 0
0 46 0
0 46 0
0 46 0
23.9326572956552 91 990
15.6147118539706 90 946
0 46 0
0 46 0
0 46 0
21.3114805965622 127 1612
0 46 0
23.9326572956552 91 990
0 46 0
23.9326572956552 91 990
0 46 0
0 46 0
0 46 0
0 46 0
0 46 0
0 46 0
23.9326572956552 91 990
40.057249405244 134 1893
0 46 0
0 46 0
0 46 0
0 46 0
23.9326572956552 91 990
6.10780385349598 86 780
0 46 0
0 46 0
0 46 0
0 46 0
0 46 0
23.9326572956552 91 990
0 46 0
0 46 0
0 46 0
24.5110247863958 130 1303
5.21636743073529 85 741
1.91105494111768 76 435
0 46 0
0 46 0
0 46 0
0 46 0
23.9326572956552 91 990
5.21636743073529 85 741
23.9326572956552 91 990
15.6147118539706 90 946
23.9326572956552 91 990
0 46 0
0 46 0
0 46 0
8.96007648149142 88 861
0 46 0
0 46 0
0 46 0
0 46 0
0 46 0
23.9326572956552 91 990
0 46 0
0 46 0
11.4556245644789 89 903
7.29629439384926 87 820
0.0850833722870154 49 3
20.4886388211647 137 1344
8.96007648149142 88 861
0 46 0
0 46 0
15.6147118539706 90 946
6.10780385349598 86 780
15.6147118539706 90 946
13.1105901504032 110 1113
0 46 0
13.0264272769584 122 1415
0 46 0
0 46 0
5.21636743073529 85 741
48.1198579188778 135 1936
0 46 0
0 46 0
0 46 0
0 46 0
0 46 0
0 46 0
23.9326572956552 91 990
0 46 0
0 46 0
23.9326572956552 91 990
0 46 0
0 46 0
7.29629439384926 87 820
0 46 0
0 46 0
23.9326572956552 91 990
0 46 0
0 46 0
0 46 0
72.5609144577714 178 2839
0 46 0
10.7928953883612 109 963
0 46 0
39.0358967862403 133 1849
0 46 0
0 46 0
0 46 0
0 46 0
17.4396532816861 124 1102
0 46 0
0 46 0
6.10780385349598 86 780
0 46 0
0 46 0
0 46 0
0 46 0
24.8169983124469 130 1726
23.9326572956552 91 990
15.6147118539706 90 946
36.7151165724144 146 1869
4.28444326755658 68 111
31.114811065181 132 1807
0 46 0
0 46 0
0 46 0
23.9326572956552 91 990
0 46 0
0 46 0
1.14284121929451 70 276
11.4556245644789 89 903
0.114065870733824 50 6
0 46 0
0 46 0
23.9326572956552 91 990
0 46 0
0 46 0
0 46 0
1.74760517935996 75 406
6.10780385349598 86 780
0 46 0
6.13688972418875 106 886
23.9326572956552 91 990
0 46 0
0 46 0
0 46 0
1.60130831456064 74 378
15.6147118539706 90 946
0 46 0
0 46 0
0 46 0
0 46 0
0 46 0
0.632718207233477 63 136
6.10780385349598 86 780
0 46 0
0 46 0
0 46 0
0 46 0
0 46 0
0 46 0
0 46 0
52.4718240786608 163 2314
0 46 0
0 46 0
0 46 0
0 46 0
77.1832497265381 213 3407
23.9326572956552 91 990
0 46 0
7.93818322020989 95 848
0 46 0
0 46 0
0 46 0
0 46 0
0 46 0
0 46 0
0.240306432451305 54 28
0.240306432451305 54 28
0 46 0
0 46 0
0 46 0
48.1198579188778 135 1936
0 46 0
6.10780385349598 86 780
0 46 0
0 46 0
0 46 0
0 46 0
23.9326572956552 91 990
0 46 0
0 46 0
0.0566987714207122 48 1
0 46 0
0 46 0
0 46 0
0.206850220905696 53 21
0 46 0
11.9233606689984 134 1396
0 46 0
0 46 0
3.96818115811532 83 666
0.206850220905696 53 21
15.6147118539706 90 946
0 46 0
30.9640369190383 130 1731
8.72738415022458 107 1010
0 46 0
0 46 0
0 46 0
0 46 0
0 46 0
23.9326572956552 91 990
0 46 0
0 46 0
0 46 0
0 46 0
0 46 0
5.58138838668789 89 747
0 46 0
15.6147118539706 90 946
0 46 0
11.4556245644789 89 903
0 46 0
7.29629439384926 87 820
0 46 0
0 46 0
0 46 0
0 46 0
22.1421349342519 128 1649
15.6147118539706 90 946
0 46 0
0 46 0
0 46 0
0 46 0
0 46 0
0 46 0
0 46 0
2.30315109347068 78 496
0 46 0
0 46 0
0 46 0
0 46 0
28.4749193402026 144 1814
3.13584540883756 81 595
35.8188553612645 155 1986
0 46 0
3.51421017155989 82 630
9.80524618242753 103 880
40.057249405244 134 1893
32.0857957398907 131 1770
23.9326572956552 91 990
8.96007648149142 88 861
0 46 0
0 46 0
0 46 0
0 46 0
0 46 0
0 46 0
0 46 0
0 46 0
0 46 0
0 46 0
0 46 0
0 46 0
0 46 0
0 46 0
42.072111861277 170 2507
0 46 0
0 46 0
0 46 0
0 46 0
3.96818115811532 83 666
0 46 0
0 46 0
18.620039259 120 1381
0 46 0
0 46 0
23.9326572956552 91 990
0 46 0
0 46 0
0 46 0
0 46 0
3.51421017155989 82 630
0 46 0
0 46 0
0 46 0
52.2991356502926 168 2434
0 46 0
0 46 0
0 46 0
1.91105494111768 76 435
0 46 0
0 46 0
0 46 0
0 46 0
0 46 0
0 46 0
0 46 0
0 46 0
0 46 0
0 46 0
1.46958812031077 73 351
0 46 0
0 46 0
0 46 0
0 46 0
0 46 0
0 46 0
23.9326572956552 91 990
9.82753445029872 99 916
0 46 0
0 46 0
0 46 0
0 46 0
0 46 0
23.9326572956552 91 990
0 46 0
0 46 0
3.15545659391391 91 526
0 46 0
23.9326572956552 91 990
0 46 0
64.7532339475375 177 2797
0 46 0
0 46 0
0 46 0
3.51421017155989 82 630
23.9326572956552 91 990
24.755777517784 93 991
0 46 0
0 46 0
0 46 0
0 46 0
0 46 0
0.391116868082225 58 66
0.433965425958337 59 78
0 46 0
0 46 0
38.1692109136511 157 2035
27.1719745256572 131 1766
0 46 0
34.2381479840759 131 1764
0 46 0
15.6147118539706 90 946
18.7524710353587 127 1606
0 46 0
0 46 0
0 46 0
7.29629439384926 87 820
0 46 0
0 46 0
0.240306432451305 54 28
0.819376665453553 66 190
54.5938792057509 194 2689
0 46 0
0 46 0
7.29629439384926 87 820
0 46 0
0 46 0
0 46 0
0 46 0
15.6147118539706 90 946
0 46 0
0 46 0
0 46 0
0 46 0
0.433965425958337 59 78
0.17476639464599 52 15
39.0358967862403 133 1849
0 46 0
23.9326572956552 91 990
0 46 0
4.52296413072996 84 703
15.6147118539706 90 946
4.21045059103583 93 685
0 46 0
0 46 0
0 46 0
1.91105494111768 76 435
0 46 0
0 46 0
0 46 0
0 46 0
23.9326572956552 91 990
87.4432010608147 247 3999
0 46 0
0 46 0
0 46 0
0 46 0
1.46958812031077 73 351
0 46 0
0 46 0
0 46 0
0 46 0
0 46 0
0.819376665453553 66 190
6.10780385349598 86 780
28.1022959213248 160 2152
0 46 0
0 46 0
43.7710447480286 160 2218
0.35052026064705 57 55
0 46 0
0.819376665453553 66 190
0 46 0
0 46 0
0.578370989811915 62 120
0 46 0
0.17476639464599 52 15
0 46 0
0 46 0
0.240306432451305 54 28
0 46 0
27.26320907018 125 1235
0 46 0
0 46 0
0 46 0
36.0527030263701 133 1851
0 46 0
0 46 0
23.9326572956552 91 990
0.240306432451305 54 28
0 46 0
0 46 0
15.6147118539706 90 946
15.6147118539706 90 946
0 46 0
0 46 0
23.9326572956552 91 990
0 46 0
0 46 0
0 46 0
0 46 0
0 46 0
0 46 0
13.8342306705654 110 993
8.96007648149142 88 861
1.74760517935996 75 406
15.6147118539706 90 946
0 46 0
33.6662323432598 132 1810
0 46 0
0 46 0
0 46 0
5.21636743073529 85 741
11.4556245644789 89 903
48.1198579188778 135 1936
0 46 0
11.4556245644789 89 903
0 46 0
0 46 0
0 46 0
1.91105494111768 76 435
40.4867899854689 161 2149
5.21636743073529 85 741
0 46 0
23.9326572956552 91 990
9.74797949785353 119 1209
0 46 0
0 46 0
0 46 0
2.81563652103797 80 561
0 46 0
0 46 0
0 46 0
8.96007648149142 88 861
0 46 0
13.8322378648454 93 529
0 46 0
0 46 0
15.6147118539706 90 946
2.30315109347068 78 496
0 46 0
58.6248665045181 175 2716
0 46 0
0 46 0
0 46 0
30.1886251100842 134 1443
7.56249698439039 98 819
23.9326572956552 91 990
0 46 0
0 46 0
48.1198579188778 135 1936
23.9326572956552 91 990
0 46 0
0 46 0
7.29629439384926 87 820
0 46 0
0 46 0
23.9326572956552 91 990
0 46 0
0 46 0
0 46 0
15.6147118539706 90 946
0 46 0
0 46 0
0 46 0
0 46 0
0 46 0
0 46 0
0 46 0
0 46 0
40.057249405244 134 1893
23.9326572956552 91 990
0 46 0
0 46 0
0 46 0
23.9326572956552 91 990
0 46 0
26.0912430949474 111 1180
23.9326572956552 91 990
0.527331155568725 61 105
51.978999776863 159 2212
0 46 0
0 46 0
0 46 0
32.0857957398907 131 1770
28.2193693824683 173 2057
48.1198579188778 135 1936
2.54111876098175 79 528
52.8027904647482 180 2252
0 46 0
0 46 0
0 46 0
7.6951024126518 102 760
8.96007648149142 88 861
0 46 0
0 46 0
0 46 0
0 46 0
15.6147118539706 90 946
0 46 0
0 46 0
0 46 0
0 46 0
0 46 0
0 46 0
0 46 0
0.578370989811915 62 120
0 46 0
0 46 0
0 46 0
1.64906475278472 76 331
0 46 0
0 46 0
0 46 0
23.9326572956552 91 990
0 46 0
0 46 0
11.4556245644789 89 903
15.6147118539706 90 946
24.5334898233639 121 1369
0 46 0
0 46 0
8.96007648149142 88 861
0 46 0
0 46 0
0 46 0
7.29629439384926 87 820
15.6147118539706 90 946
23.9326572956552 91 990
13.4799155194338 122 1422
23.9326572956552 91 990
0.819376665453553 66 190
0 46 0
0 46 0
23.9326572956552 91 990
0 46 0
7.29629439384926 87 820
0 46 0
0.968301724994106 68 231
0 46 0
0 46 0
0 46 0
8.96007648149142 88 861
0 46 0
0 46 0
0 46 0
0 46 0
0 46 0
2.30315109347068 78 496
2.04335358492239 81 379
3.96818115811532 83 666
0 46 0
14.6465269479894 120 1368
26.4729474736296 130 1723
0 46 0
0 46 0
23.9326572956552 91 990
15.6147118539706 90 946
0 46 0
8.96007648149142 88 861
0 46 0
5.27559468351672 104 848
0 46 0
11.4556245644789 89 903
0 46 0
0 46 0
40.057249405244 134 1893
0 46 0
0 46 0
3.96818115811532 83 666
0 46 0
0 46 0
3.96818115811532 83 666
12.6033259713443 103 994
0 46 0
34.2381479840759 131 1764
0 46 0
0 46 0
0 46 0
0 46 0
0.0566987714207122 48 1
0 46 0
0 46 0
0 46 0
13.8342306705654 110 993
31.114811065181 132 1807
36.3108276580074 158 2039
23.9326572956552 91 990
0 46 0
0 46 0
15.6147118539706 90 946
23.9326572956552 91 990
0 46 0
0 46 0
15.6147118539706 90 946
4.52296413072996 84 703
0 46 0
23.9326572956552 91 990
0 46 0
0 46 0
0 46 0
0 46 0
0 46 0
0 46 0
0 46 0
0 46 0
0 46 0
0 46 0
0 46 0
0 46 0
15.6147118539706 90 946
0 46 0
11.4556245644789 89 903
12.0106086252067 87 400
0 46 0
0 46 0
0 46 0
53.8252969477074 169 2497
69.0173061694332 199 2212
3.70280390965116 81 295
0 46 0
0 46 0
0 46 0
6.10780385349598 86 780
0 46 0
0 46 0
8.96007648149142 88 861
0 46 0
0 46 0
0 46 0
0 46 0
4.52296413072996 84 703
0 46 0
0 46 0
0 46 0
0 46 0
23.9326572956552 91 990
0 46 0
1.14284121929451 70 276
0 46 0
2.81563652103797 80 561
0 46 0
0 46 0
0 46 0
0 46 0
0 46 0
0 46 0
2.09487751110978 77 465
0 46 0
0 46 0
23.9326572956552 91 990
0 46 0
0 46 0
2.54111876098175 79 528
0 46 0
25.8063673643906 107 1110
0 46 0
0 46 0
0 46 0
54.8256740563772 182 2329
0.819376665453553 66 190
0 46 0
7.74761169191954 95 578
0 46 0
0 46 0
0.17476639464599 52 15
0 46 0
23.9326572956552 91 990
21.4894144530459 126 1561
0 46 0
0 46 0
2.30315109347068 78 496
4.52296413072996 84 703
1.46958812031077 73 351
10.1717296982506 120 936
0 46 0
0 46 0
84.1904578962613 216 3536
2.09487751110978 77 465
0 46 0
5.21636743073529 85 741
0 46 0
0 46 0
28.9283254353032 127 1600
0 46 0
0 46 0
0 46 0
0 46 0
8.96007648149142 88 861
0 46 0
0 46 0
0 46 0
0 46 0
34.2381479840759 131 1764
0 46 0
0 46 0
0 46 0
0.752791228086893 65 171
11.4556245644789 89 903
23.9326572956552 91 990
0 46 0
0 46 0
0 46 0
23.9326572956552 91 990
0 46 0
0 46 0
0 46 0
0 46 0
0 46 0
0 46 0
0 46 0
18.620039259 120 1381
6.30307247438599 108 955
0 46 0
2.81563652103797 80 561
0 46 0
0 46 0
39.0358967862403 133 1849
0 46 0
0 46 0
16.6568969192636 98 427
30.1276486681565 129 1693
0 46 0
0 46 0
0 46 0
0 46 0
0 46 0
0 46 0
0 46 0
0 46 0
48.1198579188778 135 1936
0 46 0
0 46 0
23.9326572956552 91 990
0 46 0
23.9326572956552 91 990
15.6147118539706 90 946
3.51421017155989 82 630
0 46 0
23.9326572956552 91 990
23.9326572956552 91 990
0 46 0
0 46 0
48.1198579188778 135 1936
15.3637518422047 142 1513
60.9027627523899 176 2756
15.6147118539706 90 946
0 46 0
39.0358967862403 133 1849
0 46 0
0 46 0
0 46 0
0 46 0
23.9326572956552 91 990
23.5512013958441 128 1641
23.9326572956552 91 990
0 46 0
1.96601316938132 80 372
0 46 0
0 46 0
0 46 0
0 46 0
0 46 0
7.29629439384926 87 820
0 46 0
0 46 0
0 46 0
1.24191328133183 71 300
27.2392132165225 121 1425
15.9830820158533 125 1527
23.9326572956552 91 990
0 46 0
0 46 0
23.9326572956552 91 990
5.21636743073529 85 741
0 46 0
0.819376665453553 66 190
0 46 0
0 46 0
0 46 0
22.6035215976245 129 1683
0 46 0
48.1198579188778 135 1936
1.05196675392504 69 253
23.9326572956552 91 990
0 46 0
0 46 0
0.578370989811915 62 120
10.822024716899 83 324
1.05196675392504 69 253
1.91105494111768 76 435
0 46 0
0 46 0
0 46 0
24.9693891493047 95 996
0 46 0
0 46 0
0 46 0
42.6063442636404 164 2264
0 46 0
0 46 0
0 46 0
0.0566987714207122 48 1
0 46 0
0 46 0
8.96007648149142 88 861
0 46 0
0 46 0
0 46 0
0 46 0
0 46 0
0 46 0
0 46 0
0 46 0
1.05196675392504 69 253
0.819376665453553 66 190
0 46 0
0 46 0
0 46 0
0 46 0
0.35052026064705 57 55
0 46 0
0 46 0
23.9326572956552 91 990
0 46 0
0 46 0
0 46 0
1.60130831456064 74 378
15.6147118539706 90 946
72.5609144577714 178 2839
0 46 0
0 46 0
1.91105494111768 76 435
0 46 0
0 46 0
23.9326572956552 91 990
0.27529342557196 55 36
0 46 0
0 46 0
11.4556245644789 89 903
2.30315109347068 78 496
3.51421017155989 82 630
23.9326572956552 91 990
0 46 0
50.4488074515777 179 2281
1.35035875797505 72 325
0 46 0
0 46 0
0 46 0
0 46 0
0 46 0
0 46 0
0 46 0
0 46 0
8.96007648149142 88 861
2.81563652103797 80 561
0 46 0
0 46 0
4.09222705945389 88 429
7.29629439384926 87 820
3.13584540883756 81 595
0 46 0
0 46 0
0 46 0
0 46 0
11.4882148560804 116 1239
0 46 0
0 46 0
39.0358967862403 133 1849
0 46 0
19.1636524149908 109 961
0 46 0
0 46 0
0 46 0
0 46 0
0 46 0
0 46 0
11.4556245644789 89 903
29.7757070249373 151 1822
0 46 0
0 46 0
0 46 0
6.30939106636533 108 966
0 46 0
0 46 0
0 46 0
0 46 0
0 46 0
0 46 0
0 46 0
0 46 0
2.30315109347068 78 496
0 46 0
0 46 0
0 46 0
23.9326572956552 91 990
57.0731599091422 201 2620
0 46 0
0 46 0
0 46 0
23.9326572956552 91 990
27.4308545898283 122 1455
15.6147118539706 90 946
0 46 0
0.578370989811915 62 120
11.4556245644789 89 903
23.9326572956552 91 990
11.9244915041496 113 1091
0 46 0
0 46 0
0.968301724994106 68 231
45.2784057331605 154 1951
23.9326572956552 91 990
23.9326572956552 91 990
15.6147118539706 90 946
0 46 0
0 46 0
23.9326572956552 91 990
0 46 0
0 46 0
0 46 0
15.6147118539706 90 946
0 46 0
0 46 0
0 46 0
0 46 0
23.9326572956552 91 990
12.6710575443232 121 1375
6.12791234113842 102 765
40.057249405244 134 1893
2.74217366856044 88 484
6.10780385349598 86 780
0 46 0
0 46 0
0 46 0
0 46 0
0 46 0
0 46 0
0 46 0
0 46 0
0 46 0
0 46 0
20.1540762834251 125 1541
0 46 0
0 46 0
0 46 0
0 46 0
0 46 0
0 46 0
0 46 0
2.54111876098175 79 528
0 46 0
3.13584540883756 81 595
0 46 0
0 46 0
4.52296413072996 84 703
0 46 0
15.6147118539706 90 946
38.6609219822988 163 2254
0 46 0
0 46 0
0 46 0
0 46 0
0 46 0
0 46 0
0 46 0
0 46 0
0 46 0
0 46 0
0 46 0
0 46 0
0 46 0
0 46 0
0 46 0
27.9018330030674 124 1518
0 46 0
0 46 0
0 46 0
1.05196675392504 69 253
39.0358967862403 133 1849
0 46 0
0 46 0
3.13584540883756 81 595
0 46 0
0 46 0
4.52296413072996 84 703
0 46 0
0 46 0
0 46 0
0.0566987714207122 48 1
8.59352569648215 112 889
0 46 0
0 46 0
0 46 0
5.21636743073529 85 741
0 46 0
0 46 0
0 46 0
0 46 0
0 46 0
0 46 0
0 46 0
11.4556245644789 89 903
0 46 0
0 46 0
0 46 0
15.6147118539706 90 946
0.752791228086893 65 171
0 46 0
0 46 0
31.114811065181 132 1807
0 46 0
23.9326572956552 91 990
0 46 0
0 46 0
0 46 0
0 46 0
0 46 0
0 46 0
0 46 0
0 46 0
0 46 0
0.819376665453553 66 190
0 46 0
0 46 0
0 46 0
0 46 0
0 46 0
0 46 0
0 46 0
0 46 0
0 46 0
0 46 0
0 46 0
23.9326572956552 91 990
8.14763084257191 75 130
0 46 0
36.0527030263701 133 1851
0 46 0
15.6147118539706 90 946
0 46 0
0 46 0
0 46 0
8.96007648149142 88 861
23.9326572956552 91 990
0 46 0
0 46 0
14.4612119890987 112 1057
0 46 0
0 46 0
0 46 0
0 46 0
0 46 0
15.6147118539706 90 946
0 46 0
0 46 0
0 46 0
4.52296413072996 84 703
0 46 0
0 46 0
0 46 0
0 46 0
16.7272193154612 141 1529
0 46 0
0 46 0
0 46 0
8.40410194710127 103 940
0 46 0
0 46 0
0 46 0
0.819376665453553 66 190
0 46 0
0 46 0
16.8951185599619 103 1024
0 46 0
0 46 0
15.6147118539706 90 946
0 46 0
0 46 0
23.9326572956552 91 990
0 46 0
1.91105494111768 76 435
0 46 0
0 46 0
0 46 0
0 46 0
23.9326572956552 91 990
0 46 0
0 46 0
0 46 0
0 46 0
0 46 0
6.10780385349598 86 780
0 46 0
1.46958812031077 73 351
0 46 0
0 46 0
0 46 0
23.5512013958441 128 1641
0 46 0
0 46 0
0 46 0
0 46 0
0 46 0
0 46 0
0 46 0
0 46 0
0 46 0
0 46 0
0 46 0
0 46 0
0 46 0
0 46 0
0 46 0
0 46 0
0 46 0
0 46 0
0 46 0
0.0566987714207122 48 1
0 46 0
28.9653073684999 127 1620
0 46 0
0 46 0
15.6147118539706 90 946
0 46 0
8.96007648149142 88 861
0.578370989811915 62 120
48.1198579188778 135 1936
0 46 0
0 46 0
0 46 0
7.29629439384926 87 820
0 46 0
11.4556245644789 89 903
0 46 0
23.9326572956552 91 990
0 46 0
15.6147118539706 90 946
0 46 0
7.29629439384926 87 820
24.8232027103333 144 1582
0 46 0
7.29629439384926 87 820
0 46 0
0 46 0
0 46 0
15.6147118539706 90 946
0 46 0
0.819376665453553 66 190
0 46 0
0 46 0
0 46 0
0 46 0
0 46 0
0 46 0
3.96818115811532 83 666
0 46 0
0 46 0
0 46 0
6.10780385349598 86 780
0.311974066821874 56 45
0 46 0
15.6147118539706 90 946
0 46 0
0 46 0
0 46 0
15.6147118539706 90 946
0 46 0
0 46 0
0 46 0
0 46 0
0 46 0
0 46 0
0 46 0
0 46 0
0 46 0
23.9326572956552 91 990
0 46 0
0 46 0
0 46 0
23.9326572956552 91 990
0 46 0
0.968301724994106 68 231
0 46 0
11.4556245644789 89 903
0 46 0
6.10780385349598 86 780
0 46 0
0 46 0
0 46 0
0 46 0
0 46 0
53.7179301301467 191 2575
0 46 0
1.74760517935996 75 406
34.3073509898489 145 1861
0 46 0
0 46 0
0 46 0
47.5038480973443 171 2559
0 46 0
37.0895198819764 155 1928
0 46 0
0 46 0
9.39325078053582 91 864
23.9326572956552 91 990
0 46 0
0 46 0
7.29629439384926 87 820
8.96007648149142 88 861
18.1464630661556 123 956
0 46 0
0 46 0
0 46 0
0 46 0
0 46 0
31.114811065181 132 1807
23.9326572956552 91 990
28.1964554759769 125 1551
0 46 0
29.7757070249373 151 1822
23.9326572956552 91 990
0 46 0
0 46 0
33.7442533644559 138 1791
34.2381479840759 131 1764
40.5173740762214 140 1566
0 46 0
0 46 0
11.4556245644789 89 903
0 46 0
2.30315109347068 78 496
0 46 0
0 46 0
0 46 0
72.5609144577714 178 2839
0 46 0
0 46 0
0.527331155568725 61 105
11.4556245644789 89 903
23.9326572956552 91 990
0 46 0
0 46 0
23.9326572956552 91 990
0 46 0
0 46 0
28.9283254353032 127 1600
0 46 0
23.9326572956552 91 990
0 46 0
23.253943783103 129 1687
23.9326572956552 91 990
0 46 0
0 46 0
0 46 0
11.4556245644789 89 903
0 46 0
0 46 0
0 46 0
0 46 0
0 46 0
0 46 0
0 46 0
0 46 0
23.9326572956552 91 990
42.890499291026 160 2200
0 46 0
0 46 0
0 46 0
1.05196675392504 69 253
12.5739606720996 115 1158
23.9326572956552 91 990
4.52296413072996 84 703
0.391116868082225 58 66
0 46 0
0 46 0
44.5099059600736 167 1921
0 46 0
0 46 0
0 46 0
0 46 0
48.1198579188778 135 1936
23.9326572956552 91 990
0 46 0
0 46 0
0 46 0
0 46 0
0 46 0
12.6648681004769 110 721
11.4556245644789 89 903
0 46 0
23.9326572956552 91 990
34.2381479840759 131 1764
0 46 0
23.9326572956552 91 990
26.0156307810069 110 1161
0 46 0
0 46 0
0 46 0
0 46 0
0 46 0
11.4556245644789 89 903
48.764334516278 171 2551
23.9326572956552 91 990
0 46 0
1.05196675392504 69 253
5.78638020054938 89 344
2.09487751110978 77 465
0 46 0
5.21636743073529 85 741
0 46 0
0 46 0
0 46 0
0 46 0
11.4556245644789 89 903
0 46 0
23.9326572956552 91 990
0 46 0
0 46 0
0 46 0
6.10780385349598 86 780
3.96818115811532 83 666
36.0527030263701 133 1851
8.96007648149142 88 861
0 46 0
0 46 0
3.51421017155989 82 630
0 46 0
6.65579439860894 107 912
11.4556245644789 89 903
0 46 0
28.9283254353032 127 1600
0 46 0
3.13584540883756 81 595
0 46 0
0 46 0
20.7698176288768 132 1382
0 46 0
11.4556245644789 89 903
11.4556245644789 89 903
23.9326572956552 91 990
31.0369719162837 145 1728
1.24191328133183 71 300
0 46 0
0 46 0
0 46 0
0 46 0
11.4556245644789 89 903
0 46 0
0 46 0
0 46 0
31.1547253969533 129 1681
23.9326572956552 91 990
0 46 0
0 46 0
0 46 0
0 46 0
0 46 0
0 46 0
0 46 0
19.0915123258089 122 1442
40.057249405244 134 1893
21.4894144530459 126 1561
0 46 0
0 46 0
0 46 0
0 46 0
0 46 0
0 46 0
8.96007648149142 88 861
36.0527030263701 133 1851
48.1198579188778 135 1936
0 46 0
16.4053024051404 145 1615
0 46 0
0 46 0
3.96818115811532 83 666
7.29629439384926 87 820
0 46 0
0 46 0
0 46 0
39.7181132989421 166 2365
0 46 0
0 46 0
2.09487751110978 77 465
0 46 0
0 46 0
0 46 0
0 46 0
0 46 0
1.14685613960066 55 18
23.9326572956552 91 990
0 46 0
0.479287964876377 60 91
0 46 0
0 46 0
5.21636743073529 85 741
0 46 0
0 46 0
0 46 0
0 46 0
0 46 0
0 46 0
0 46 0
7.29629439384926 87 820
0 46 0
36.365986920599 151 1981
0 46 0
0 46 0
0 46 0
0 46 0
0 46 0
2.31483424865695 66 94
0 46 0
23.9326572956552 91 990
0 46 0
0 46 0
23.5512013958441 128 1641
0 46 0
7.29629439384926 87 820
0 46 0
0 46 0
20.7206857397704 113 1089
0 46 0
5.50996092238867 91 424
0 46 0
0 46 0
0 46 0
0 46 0
20.7206857397704 113 1089
0 46 0
0 46 0
0 46 0
0 46 0
0 46 0
0 46 0
0 46 0
39.0358967862403 133 1849
0 46 0
0 46 0
0 46 0
0.17476639464599 52 15
2.09487751110978 77 465
23.9326572956552 91 990
0 46 0
0 46 0
30.1276486681565 129 1693
11.4556245644789 89 903
0 46 0
1.14284121929451 70 276
6.10780385349598 86 780
1.46958812031077 73 351
0 46 0
0 46 0
0 46 0
0 46 0
40.057249405244 134 1893
0 46 0
42.9659405568609 169 2476
0 46 0
0 46 0
23.9326572956552 91 990
0 46 0
0 46 0
0 46 0
0 46 0
2.87951699443907 88 456
0 46 0
0 46 0
0 46 0
0 46 0
2.29677555272667 80 297
11.4556245644789 89 903
0 46 0
0 46 0
14.1799987669016 118 1309
0 46 0
0 46 0
23.9326572956552 91 990
11.4556245644789 89 903
0 46 0
23.9326572956552 91 990
2.81563652103797 80 561
2.30315109347068 78 496
0 46 0
0 46 0
0 46 0
0 46 0
0 46 0
5.41474842943106 80 230
0 46 0
0 46 0
0 46 0
0 46 0
0 46 0
7.09744960685508 110 1008
0 46 0
0 46 0
3.96818115811532 83 666
31.1547253969533 129 1681
22.1421349342519 128 1649
0 46 0
0 46 0
0 46 0
0 46 0
0 46 0
0 46 0
9.78910125351364 117 1245
0 46 0
0 46 0
0 46 0
1.46958812031077 73 351
0 46 0
0 46 0
0 46 0
0 46 0
23.9976763337418 148 1767
0 46 0
0 46 0
0 46 0
0 46 0
0 46 0
0 46 0
0 46 0
0 46 0
0 46 0
1.46958812031077 73 351
36.0527030263701 133 1851
34.2381479840759 131 1764
0 46 0
0 46 0
0 46 0
0 46 0
25.6123594615756 104 1068
11.4556245644789 89 903
0 46 0
12.1515326406849 104 813
0 46 0
15.5572628761205 124 1486
23.9326572956552 91 990
0 46 0
0 46 0
0.35052026064705 57 55
0 46 0
0 46 0
0 46 0
0 46 0
0 46 0
0 46 0
0 46 0
0 46 0
0 46 0
0 46 0
0 46 0
0 46 0
0 46 0
39.0358967862403 133 1849
0 46 0
0.690724706572967 64 153
0 46 0
0 46 0
0 46 0
0 46 0
0 46 0
0 46 0
0 46 0
0 46 0
0 46 0
7.29629439384926 87 820
0 46 0
0 46 0
0 46 0
0 46 0
1.14284121929451 70 276
2.81563652103797 80 561
8.96007648149142 88 861
3.96818115811532 83 666
0.17476639464599 52 15
30.1480521660378 131 1379
71.1933212715783 222 2580
0 46 0
0 46 0
40.057249405244 134 1893
0 46 0
0 46 0
0 46 0
0 46 0
10.1917358443247 96 601
0 46 0
23.9326572956552 91 990
0 46 0
0 46 0
0 46 0
0 46 0
0 46 0
0 46 0
0 46 0
0 46 0
0 46 0
23.9326572956552 91 990
0 46 0
0 46 0
0 46 0
0 46 0
0 46 0
0 46 0
0 46 0
0 46 0
0 46 0
0 46 0
0 46 0
6.10780385349598 86 780
0 46 0
0 46 0
15.6147118539706 90 946
54.2119222260311 170 2531
0 46 0
40.057249405244 134 1893
0 46 0
0 46 0
0 46 0
0 46 0
0 46 0
1.14284121929451 70 276
3.77801181664993 85 633
0.819376665453553 66 190
0 46 0
0 46 0
15.6147118539706 90 946
27.1719745256572 131 1766
23.9326572956552 91 990
0 46 0
0.206850220905696 53 21
4.24434328240018 86 669
0 46 0
0 46 0
24.9693891493047 95 996
23.9326572956552 91 990
4.52296413072996 84 703
0 46 0
0 46 0
0 46 0
0 46 0
0 46 0
11.4556245644789 89 903
0 46 0
5.21636743073529 85 741
0 46 0
24.5334898233639 121 1369
0 46 0
0 46 0
0 46 0
0 46 0
0 46 0
9.22162548010377 116 1206
0 46 0
0 46 0
0 46 0
0 46 0
0 46 0
0 46 0
0 46 0
0 46 0
23.9326572956552 91 990
0 46 0
0 46 0
0 46 0
23.9326572956552 91 990
0 46 0
0 46 0
26.7818932598092 118 1341
0 46 0
0 46 0
34.2381479840759 131 1764
0 46 0
28.9653073684999 127 1620
0 46 0
23.9326572956552 91 990
3.13584540883756 81 595
0 46 0
15.6147118539706 90 946
0 46 0
3.51421017155989 82 630
0 46 0
0 46 0
0 46 0
0 46 0
0 46 0
27.1915246029146 125 1521
0 46 0
0 46 0
0 46 0
6.10780385349598 86 780
23.9326572956552 91 990
0.391116868082225 58 66
0.240306432451305 54 28
0 46 0
0 46 0
15.6147118539706 90 946
10.2332900371551 81 289
9.37072720402814 89 346
0 46 0
28.1964554759769 125 1551
0 46 0
23.9326572956552 91 990
0 46 0
0 46 0
0.578370989811915 62 120
0 46 0
0 46 0
39.0358967862403 133 1849
0 46 0
0 46 0
0 46 0
0 46 0
0 46 0
0 46 0
15.6147118539706 90 946
23.9326572956552 91 990
0 46 0
0 46 0
18.2597796947328 127 1090
8.96007648149142 88 861
0 46 0
0 46 0
0.632718207233477 63 136
0 46 0
0 46 0
0 46 0
0.479287964876377 60 91
0 46 0
31.1547253969533 129 1681
1.23156180397326 71 216
2.6470725471625 83 506
0 46 0
0 46 0
18.2135862479525 126 1057
0 46 0
23.9326572956552 91 990
36.0527030263701 133 1851
0 46 0
0 46 0
23.9326572956552 91 990
48.1198579188778 135 1936
0 46 0
0 46 0
0 46 0
0 46 0
0 46 0
0 46 0
0 46 0
0 46 0
36.0527030263701 133 1851
0 46 0
0 46 0
0 46 0
0 46 0
0 46 0
0 46 0
0 46 0
0 46 0
23.9326572956552 91 990
15.6147118539706 90 946
52.6281720963946 164 2342
30.9640369190383 130 1731
0 46 0
16.6045501182586 98 974
0 46 0
0 46 0
0 46 0
0 46 0
7.29629439384926 87 820
0 46 0
0 46 0
0 46 0
15.6147118539706 90 946
7.29629439384926 87 820
24.5334898233639 121 1369
0 46 0
8.96007648149142 88 861
0 46 0
0 46 0
0 46 0
0 46 0
0 46 0
11.4556245644789 89 903
0 46 0
15.6147118539706 90 946
0 46 0
2.09487751110978 77 465
28.9653073684999 127 1620
0 46 0
6.10780385349598 86 780
0 46 0
0 46 0
0 46 0
0 46 0
23.9326572956552 91 990
39.0358967862403 133 1849
23.9326572956552 91 990
0 46 0
0 46 0
0.114065870733824 50 6
0 46 0
0 46 0
0 46 0
0 46 0
48.1198579188778 135 1936
4.52296413072996 84 703
0 46 0
0 46 0
0 46 0
0 46 0
12.9852460667397 120 1336
0 46 0
0 46 0
0 46 0
0 46 0
0 46 0
2.54111876098175 79 528
0 46 0
3.51421017155989 82 630
39.0358967862403 133 1849
1.74760517935996 75 406
0 46 0
0 46 0
23.9326572956552 91 990
0 46 0
23.9326572956552 91 990
0 46 0
15.6147118539706 90 946
23.9326572956552 91 990
23.9326572956552 91 990
0 46 0
0 46 0
0 46 0
0 46 0
0 46 0
5.52936522172621 88 744
0 46 0
0 46 0
23.9326572956552 91 990
6.31214117136067 78 241
0 46 0
11.4556245644789 89 903
40.057249405244 134 1893
0 46 0
0 46 0
0 46 0
0 46 0
0 46 0
0 46 0
0 46 0
0 46 0
7.29629439384926 87 820
7.29629439384926 87 820
7.29629439384926 87 820
0 46 0
0 46 0
0 46 0
0 46 0
0 46 0
0 46 0
15.6147118539706 90 946
0 46 0
0 46 0
2.09487751110978 77 465
0 46 0
32.0857957398907 131 1770
0 46 0
15.6147118539706 90 946
0 46 0
15.6969062888251 123 1464
0 46 0
0 46 0
0 46 0
0 46 0
23.4489316036885 119 1296
0 46 0
0 46 0
0 46 0
0 46 0
0 46 0
0 46 0
4.52296413072996 84 703
0.819376665453553 66 190
12.3760800018407 99 948
23.9326572956552 91 990
16.2039509812297 124 1498
11.1364444526176 119 1316
0 46 0
1.91105494111768 76 435
36.269711251091 139 1396
0 46 0
0 46 0
9.48685163678316 113 1145
37.9161416038584 174 2189
0 46 0
0 46 0
0 46 0
72.5609144577714 178 2839
0 46 0
23.9326572956552 91 990
0 46 0
0 46 0
0 46 0
0 46 0
0 46 0
51.2553544949506 173 2629
4.6557705724994 100 727
0 46 0
23.9326572956552 91 990
0 46 0
0 46 0
6.10780385349598 86 780
15.6147118539706 90 946
0 46 0
0 46 0
0 46 0
11.4556245644789 89 903
22.9721435156737 148 1696
0 46 0
0 46 0
0 46 0
0 46 0
0 46 0
0 46 0
53.9477470090525 219 2958
7.29629439384926 87 820
15.6147118539706 90 946
23.9326572956552 91 990
3.96818115811532 83 666
0 46 0
0 46 0
0 46 0
0 46 0
23.9326572956552 91 990
0 46 0
0 46 0
0 46 0
0 46 0
6.10780385349598 86 780
0 46 0
0 46 0
0 46 0
0 46 0
0 46 0
0 46 0
0 46 0
0 46 0
0 46 0
23.9326572956552 91 990
15.6147118539706 90 946
23.9326572956552 91 990
23.9326572956552 91 990
0 46 0
0 46 0
0 46 0
1.46958812031077 73 351
0 46 0
23.9326572956552 91 990
6.10780385349598 86 780
23.9326572956552 91 990
0 46 0
2.54111876098175 79 528
0 46 0
0 46 0
0.114065870733824 50 6
0 46 0
2.92300915219421 85 381
16.4171627120072 95 956
0 46 0
0 46 0
53.2230462897605 166 1952
26.6582286382348 117 1315
0 46 0
0.35052026064705 57 55
23.9326572956552 91 990
0.578370989811915 62 120
1.91105494111768 76 435
0 46 0
0 46 0
3.9534394549765 83 330
23.9326572956552 91 990
0 46 0
3.96818115811532 83 666
23.9326572956552 91 990
2.54111876098175 79 528
0 46 0
0 46 0
23.9326572956552 91 990
8.93729272153738 101 731
7.18169329500531 102 900
0 46 0
3.51421017155989 82 630
3.96818115811532 83 666
0 46 0
23.9326572956552 91 990
0 46 0
0 46 0
0 46 0
0 46 0
0 46 0
0 46 0
0 46 0
6.10780385349598 86 780
0 46 0
0 46 0
0 46 0
0 46 0
0 46 0
0 46 0
2.30315109347068 78 496
8.96007648149142 88 861
0 46 0
0 46 0
8.96007648149142 88 861
3.13584540883756 81 595
0 46 0
0 46 0
0 46 0
45.1265219159222 170 2513
0 46 0
27.2392132165225 121 1425
7.29629439384926 87 820
0 46 0
11.4556245644789 89 903
0 46 0
0 46 0
23.9326572956552 91 990
8.9699847176005 108 934
22.2376242519702 103 514
0 46 0
0 46 0
33.6575258478187 129 1333
0 46 0
0 46 0
0 46 0
2.81563652103797 80 561
0 46 0
0.27529342557196 55 36
23.9326572956552 91 990
0.891009466767058 67 210
0 46 0
0 46 0
0.143895042337759 51 10
23.9326572956552 91 990
0 46 0
0 46 0
23.9326572956552 91 990
25.7606038245975 123 1444
7.257596939153 103 916
0 46 0
33.7497029981638 164 2268
0 46 0
0 46 0
0 46 0
6.74279823728192 69 121
0 46 0
0 46 0
0 46 0
15.6147118539706 90 946
0 46 0
0 46 0
0 46 0
4.52296413072996 84 703
0 46 0
0 46 0
0 46 0
6.10780385349598 86 780
8.96007648149142 88 861
0 46 0
0 46 0
0.311974066821874 56 45
0 46 0
0 46 0
0 46 0
14.4923506324581 137 1360
36.0527030263701 133 1851
23.9326572956552 91 990
23.9326572956552 91 990
9.46155032112216 110 996
0 46 0
0 46 0
23.9326572956552 91 990
0 46 0
0 46 0
0 46 0
0 46 0
0 46 0
0 46 0
13.89220251131 136 1336
31.114811065181 132 1807
0 46 0
0.391116868082225 58 66
0 46 0
0 46 0
7.31806754716486 100 706
13.6394562114515 116 848
0 46 0
23.9326572956552 91 990
0 46 0
3.13584540883756 81 595
7.29629439384926 87 820
0 46 0
0 46 0
63.3109988691983 202 2484
0 46 0
0 46 0
23.9326572956552 91 990
23.9326572956552 91 990
0 46 0
0 46 0
0 46 0
0 46 0
0 46 0
0 46 0
0 46 0
0 46 0
0 46 0
0 46 0
0 46 0
0 46 0
7.29629439384926 87 820
0 46 0
0 46 0
0 46 0
0 46 0
0 46 0
0 46 0
0 46 0
23.9326572956552 91 990
0 46 0
15.6147118539706 90 946
15.6147118539706 90 946
0 46 0
0 46 0
11.4556245644789 89 903
0 46 0
0 46 0
0 46 0
0 46 0
0 46 0
0 46 0
15.6147118539706 90 946
5.21636743073529 85 741
15.6147118539706 90 946
0 46 0
0 46 0
0 46 0
0 46 0
9.36538735730501 103 786
0 46 0
0 46 0
0 46 0
8.96007648149142 88 861
0 46 0
0 46 0
0 46 0
0 46 0
11.3012377684654 115 1212
0 46 0
0 46 0
0 46 0
13.8342306705654 110 993
0 46 0
15.6147118539706 90 946
27.6495465073517 123 1486
0 46 0
0 46 0
0 46 0
0.433965425958337 59 78
42.0031238569555 180 2255
56.1133595582116 172 2590
0 46 0
23.9326572956552 91 990
42.6063442636404 164 2264
23.9326572956552 91 990
0 46 0
0 46 0
0 46 0
23.9326572956552 91 990
23.9326572956552 91 990
0 46 0
0 46 0
23.9326572956552 91 990
0 46 0
37.0415246669944 157 2110
6.10780385349598 86 780
7.29629439384926 87 820
0 46 0
2.30315109347068 78 496
0 46 0
0 46 0
0 46 0
23.9326572956552 91 990
0 46 0
0 46 0
23.9326572956552 91 990
5.21636743073529 85 741
0 46 0
0.0850833722870154 49 3
0 46 0
0 46 0
3.96818115811532 83 666
0 46 0
0 46 0
0 46 0
0 46 0
23.9326572956552 91 990
0 46 0
0 46 0
0 46 0
23.9326572956552 91 990
0 46 0
0 46 0
3.96818115811532 83 666
10.822024716899 83 324
0 46 0
31.1547253969533 129 1681
6.10780385349598 86 780
0 46 0
0 46 0
0 46 0
11.4556245644789 89 903
42.709983162217 165 2315
15.6147118539706 90 946
0 46 0
0 46 0
42.9562790114787 164 1696
0 46 0
0 46 0
0 46 0
0 46 0
0.578370989811915 62 120
0 46 0
31.1547253969533 129 1681
7.29629439384926 87 820
0 46 0
0 46 0
0 46 0
0.479287964876377 60 91
0 46 0
0 46 0
3.96818115811532 83 666
0 46 0
6.10780385349598 86 780
16.5192078285368 138 1381
0 46 0
0 46 0
0 46 0
0 46 0
0 46 0
51.2007399001058 150 2041
0.976910883318533 64 97
0 46 0
0 46 0
0 46 0
0 46 0
0 46 0
23.9326572956552 91 990
2.81563652103797 80 561
0 46 0
0 46 0
0 46 0
15.6147118539706 90 946
0 46 0
0 46 0
0 46 0
27.9018330030674 124 1518
0 46 0
0 46 0
5.66158525996915 101 839
3.51421017155989 82 630
0 46 0
0 46 0
0 46 0
0 46 0
0 46 0
0 46 0
0 46 0
0 46 0
0 46 0
0 46 0
0 46 0
0 46 0
0 46 0
0 46 0
32.0857957398907 131 1770
0 46 0
0 46 0
0 46 0
0 46 0
0 46 0
0 46 0
0 46 0
12.6033259713443 103 994
0 46 0
0 46 0
5.32223343280766 106 703
8.96007648149142 88 861
0 46 0
27.7964687120756 137 1339
0 46 0
0 46 0
0 46 0
40.057249405244 134 1893
0 46 0
5.21636743073529 85 741
0 46 0
8.96007648149142 88 861
0 46 0
0 46 0
0 46 0
0 46 0
0 46 0
10.2718623956079 106 1014
0 46 0
9.56310681125981 94 876
0.240306432451305 54 28
0 46 0
0 46 0
0 46 0
0 46 0
0 46 0
8.96007648149142 88 861
63.7318813285339 176 2754
0 46 0
2.54111876098175 79 528
0 46 0
0 46 0
0 46 0
0 46 0
0 46 0
0 46 0
0 46 0
0 46 0
0 46 0
0 46 0
0 46 0
0 46 0
23.9326572956552 91 990
0 46 0
3.88162835036602 66 91
0.578370989811915 62 120
0 46 0
0 46 0
0 46 0
0 46 0
1.60130831456064 74 378
0 46 0
0 46 0
0 46 0
7.29629439384926 87 820
0 46 0
0 46 0
0 46 0
0 46 0
1.38543681002974 73 279
0 46 0
23.9326572956552 91 990
0 46 0
2.30315109347068 78 496
0 46 0
0 46 0
0 46 0
0 46 0
15.6147118539706 90 946
0 46 0
0 46 0
1.35035875797505 72 325
31.2726234656111 131 1374
5.21636743073529 85 741
0 46 0
0.0566987714207122 48 1
0 46 0
33.6662323432598 132 1810
0 46 0
1.60130831456064 74 378
0 46 0
0 46 0
23.9326572956552 91 990
0 46 0
0 46 0
0 46 0
0 46 0
0.0566987714207122 48 1
8.96007648149142 88 861
0 46 0
0 46 0
0 46 0
0 46 0
0 46 0
0 46 0
0 46 0
1.74760517935996 75 406
28.5704917231457 120 1198
0 46 0
0 46 0
5.21636743073529 85 741
0 46 0
23.9326572956552 91 990
0 46 0
0 46 0
8.91248431179327 96 472
2.54111876098175 79 528
11.5716329148297 119 1302
0 46 0
25.4849722699092 102 1045
0 46 0
0 46 0
0 46 0
23.9326572956552 91 990
0 46 0
6.13688972418875 106 886
0 46 0
0 46 0
11.2770579739419 116 1194
0.891009466767058 67 210
23.9326572956552 91 990
0.0850833722870154 49 3
0 46 0
31.1547253969533 129 1681
0 46 0
0 46 0
6.10780385349598 86 780
0 46 0
0.632718207233477 63 136
39.0358967862403 133 1849
14.9380280630728 121 1399
0 46 0
0 46 0
0 46 0
11.4556245644789 89 903
0 46 0
0 46 0
8.96749635536366 114 1131
0 46 0
0 46 0
34.4487300501915 165 2307
0 46 0
23.9326572956552 91 990
0 46 0
0 46 0
2.76561048645768 88 501
0 46 0
0 46 0
15.6147118539706 90 946
23.9326572956552 91 990
0 46 0
0 46 0
0 46 0
31.114811065181 132 1807
23.9326572956552 91 990
27.06962520677 120 1396
0 46 0
0 46 0
0 46 0
0 46 0
0 46 0
15.6147118539706 90 946
0 46 0
0 46 0
12.0106086252067 87 400
0 46 0
0 46 0
0 46 0
0 46 0
0 46 0
0 46 0
0 46 0
23.9326572956552 91 990
46.0474249555311 170 2505
5.91464497347384 80 220
0 46 0
0 46 0
23.9326572956552 91 990
0 46 0
0 46 0
26.8443096726195 157 2011
0 46 0
7.29629439384926 87 820
0 46 0
0 46 0
0 46 0
19.9189417575039 124 1483
0 46 0
0 46 0
0.143895042337759 51 10
0.71992397917953 54 16
0 46 0
24.9693891493047 95 996
0 46 0
0 46 0
0 46 0
19.7349051528831 124 1507
0 46 0
11.4556245644789 89 903
0 46 0
47.5038480973443 171 2559
0 46 0
0 46 0
27.4308545898283 122 1455
3.51421017155989 82 630
30.9640369190383 130 1731
0 46 0
0 46 0
0.479287964876377 60 91
5.21636743073529 85 741
3.13584540883756 81 595
0 46 0
0 46 0
21.3114805965622 127 1612
0 46 0
0 46 0
0 46 0
8.63733424183463 106 991
48.1198579188778 135 1936
0 46 0
0 46 0
0 46 0
11.9244915041496 113 1091
0 46 0
0 46 0
0 46 0
0 46 0
0 46 0
0 46 0
0 46 0
0 46 0
0 46 0
0 46 0
0 46 0
15.6147118539706 90 946
6.10780385349598 86 780
23.9326572956552 91 990
22.6700983356193 130 1141
0 46 0
0 46 0
0 46 0
0 46 0
0 46 0
23.9326572956552 91 990
0 46 0
0 46 0
48.1198579188778 135 1936
0 46 0
0 46 0
0 46 0
0 46 0
2.30315109347068 78 496
1.60130831456064 74 378
46.0474249555311 170 2505
0 46 0
4.52296413072996 84 703
0 46 0
0 46 0
0 46 0
26.3449065330793 114 1243
0 46 0
0 46 0
0 46 0
11.3353748353039 132 1342
1.74760517935996 75 406
0 46 0
14.0796743258005 123 1450
23.9326572956552 91 990
23.9326572956552 91 990
9.46155032112216 110 996
0 46 0
0 46 0
3.51421017155989 82 630
0 46 0
0 46 0
7.29629439384926 87 820
0 46 0
0.391116868082225 58 66
3.51421017155989 82 630
0 46 0
0 46 0
1.39169711669021 51 4
0 46 0
0 46 0
0 46 0
0 46 0
0 46 0
0 46 0
0 46 0
1.59231604010791 63 70
0 46 0
5.34570363414572 88 424
0 46 0
11.4556245644789 89 903
0 46 0
0 46 0
0 46 0
0.891009466767058 67 210
0 46 0
26.9478851700005 148 1702
0 46 0
0 46 0
1.14284121929451 70 276
0 46 0
0 46 0
0 46 0
34.2381479840759 131 1764
0 46 0
1.88819800990314 79 312
0 46 0
0 46 0
0 46 0
0 46 0
0 46 0
11.4556245644789 89 903
0 46 0
0 46 0
0 46 0
0 46 0
0 46 0
36.6383048802197 145 1855
0 46 0
0 46 0
2.54111876098175 79 528
34.2381479840759 131 1764
40.057249405244 134 1893
0 46 0
1.35035875797505 72 325
38.693351680275 168 1928
0 46 0
0 46 0
0.891009466767058 67 210
0 46 0
0 46 0
11.4556245644789 89 903
0 46 0
0 46 0
0 46 0
0 46 0
0 46 0
11.4556245644789 89 903
0 46 0
0 46 0
0 46 0
0 46 0
0 46 0
14.1799987669016 118 1309
0 46 0
0 46 0
0 46 0
0 46 0
8.96007648149142 88 861
56.1133595582116 172 2590
15.6147118539706 90 946
0 46 0
0 46 0
0 46 0
0 46 0
0 46 0
0 46 0
0 46 0
0 46 0
0 46 0
0 46 0
11.4556245644789 89 903
0 46 0
23.9326572956552 91 990
0 46 0
0 46 0
0 46 0
0 46 0
0 46 0
0 46 0
7.29629439384926 87 820
0 46 0
48.1198579188778 135 1936
48.1198579188778 135 1936
0 46 0
8.09306211776815 104 816
8.96007648149142 88 861
0 46 0
0 46 0
0 46 0
18.6554555222738 122 1407
23.9326572956552 91 990
7.29629439384926 87 820
19.7598892389579 127 1602
0 46 0
31.114811065181 132 1807
15.6147118539706 90 946
20.2898206951935 128 1644
0 46 0
0.17476639464599 52 15
0 46 0
2.81563652103797 80 561
0 46 0
23.9326572956552 91 990
0 46 0
0 46 0
0 46 0
0 46 0
0 46 0
0 46 0
0 46 0
0 46 0
2.81563652103797 80 561
0 46 0
0 46 0
0 46 0
0 46 0
7.74761169191954 95 578
6.16080125757139 107 920
6.10780385349598 86 780
0 46 0
0 46 0
6.10780385349598 86 780
0 46 0
48.1198579188778 135 1936
0 46 0
0 46 0
0 46 0
0 46 0
0 46 0
15.6147118539706 90 946
0 46 0
0 46 0
56.3293524861625 180 2476
0 46 0
0 46 0
1.91105494111768 76 435
0 46 0
23.9326572956552 91 990
0 46 0
4.52296413072996 84 703
0 46 0
0 46 0
0 46 0
0 46 0
23.9326572956552 91 990
40.057249405244 134 1893
0 46 0
12.4309837481472 100 958
6.10780385349598 86 780
3.51421017155989 82 630
0 46 0
1.14284121929451 70 276
0 46 0
0.968301724994106 68 231
0 46 0
0 46 0
15.6147118539706 90 946
0 46 0
0 46 0
0.996879550253956 52 7
1.24191328133183 71 300
0 46 0
0.819376665453553 66 190
0 46 0
0 46 0
14.1169629010524 122 1410
0 46 0
0 46 0
0 46 0
1.46958812031077 73 351
0.311974066821874 56 45
0 46 0
0 46 0
0.527331155568725 61 105
15.6147118539706 90 946
0 46 0
0 46 0
0 46 0
4.96966405212752 79 258
0 46 0
0 46 0
0 46 0
11.4556245644789 89 903
0 46 0
0 46 0
0 46 0
8.55773520717764 113 1131
6.10780385349598 86 780
23.9326572956552 91 990
1.14284121929451 70 276
0 46 0
0 46 0
0 46 0
2.54111876098175 79 528
0 46 0
7.29629439384926 87 820
0 46 0
0 46 0
0 46 0
3.64424543854234 76 214
0 46 0
3.96818115811532 83 666
0 46 0
0 46 0
0 46 0
48.1198579188778 135 1936
0 46 0
0 46 0
23.9326572956552 91 990
0 46 0
0 46 0
0 46 0
14.0796743258005 123 1450
0 46 0
2.92591255659196 89 483
6.10780385349598 86 780
0 46 0
11.4556245644789 89 903
0 46 0
6.10780385349598 86 780
0 46 0
0 46 0
0 46 0
0 46 0
14.1041872675867 123 1456
15.6147118539706 90 946
0 46 0
0 46 0
15.6147118539706 90 946
0.891009466767058 67 210
8.96007648149142 88 861
0 46 0
0 46 0
0 46 0
0 46 0
0 46 0
53.6018526119051 169 2461
0 46 0
0 46 0
48.1198579188778 135 1936
0 46 0
15.6147118539706 90 946
0 46 0
0 46 0
72.5609144577714 178 2839
0 46 0
0 46 0
0 46 0
0 46 0
0 46 0
23.9326572956552 91 990
0 46 0
0 46 0
27.1915246029146 125 1521
0 46 0
0.632718207233477 63 136
0 46 0
0.578370989811915 62 120
0.311974066821874 56 45
0 46 0
0 46 0
23.9326572956552 91 990
0.632718207233477 63 136
19.7349051528831 124 1507
0 46 0
24.3839613313722 122 927
0 46 0
0 46 0
48.1198579188778 135 1936
0 46 0
0 46 0
2.81563652103797 80 561
11.4556245644789 89 903
15.6147118539706 90 946
11.4556245644789 89 903
0 46 0
57.2069852656537 212 2954
0 46 0
0.632718207233477 63 136
0 46 0
0 46 0
