"COLLES.MDM.LN" "SACKIN" "COPHENETIC"
21.8898166498115 73 529
37.9123446742102 111 868
0 26 0
0 26 0
28.844104203234 89 631
0 26 0
17.4093038043192 58 309
0 26 0
13.6610460946502 51 300
23.6512973852802 86 609
0 26 0
13.6610460946502 51 300
110.703846287883 195 1620
19.2803247366514 82 499
13.6610460946502 51 300
0 26 0
0 26 0
64.71969558862 138 1207
10.2928922078656 50 85
0.274708717190266 31 10
6.31180052355024 49 253
0 26 0
15.7305887821047 63 366
3.83599859635439 54 207
2.63476929830413 45 171
8.76178268125793 50 276
16.1214106056217 74 359
13.6610460946502 51 300
36.9304571093151 110 566
2.14553475964307 33 9
0 26 0
2.22566849895734 44 153
0 26 0
0 26 0
0 26 0
31.1488184758094 89 667
4.58644677891952 50 175
35.2534096660576 95 760
0 26 0
0 26 0
92.0339382721637 170 1458
8.76178268125793 50 276
0 26 0
8.39298471566536 65 367
22.0212868996379 84 450
13.6610460946502 51 300
15.4577106078149 61 345
0 26 0
0 26 0
2.63476929830413 45 171
4.07893930678206 52 160
0 26 0
6.51919183508214 43 42
0 26 0
0 26 0
0 26 0
0 26 0
2.22566849895734 44 153
27.5610704007398 75 576
15.1485877264852 71 486
29.9761397614317 93 717
17.3862515434447 72 507
2.84433705916796 50 148
27.5610704007398 75 576
36.7058259953159 107 647
8.39298471566536 65 367
21.8898166498115 73 529
22.9111692688151 74 553
13.6610460946502 51 300
10.6580652738487 70 310
0 26 0
0 26 0
13.6610460946502 51 300
13.6610460946502 51 300
21.0691487756496 74 319
0 26 0
52.4358613431695 122 907
0 26 0
15.5879118062994 62 355
0 26 0
0 26 0
0 26 0
21.8898166498115 73 529
4.86679408100565 48 111
0.274708717190266 31 10
7.17073725813739 63 330
1.21665406468619 40 91
13.9147342075544 65 361
0 26 0
15.1485877264852 71 486
28.4254654509191 100 706
13.6610460946502 51 300
14.4495606744575 70 463
0.155986182526195 29 3
18.7935185221225 71 484
0 26 0
3.86104102265725 47 210
3.86104102265725 47 210
38.6721581348606 115 773
20.6080735644167 73 531
48.032090035956 135 973
18.7935185221225 71 484
13.6610460946502 51 300
8.76178268125793 50 276
0 26 0
24.4633129158555 90 527
0 26 0
13.6610460946502 51 300
0 26 0
13.6610460946502 51 300
17.3862515434447 72 507
64.0017991496644 144 899
22.2450471329841 89 482
34.7320080294547 91 633
8.76178268125793 50 276
15.5879118062994 62 355
0 26 0
0 26 0
0 26 0
33.2208261110309 98 673
26.2750935752429 90 665
13.6610460946502 51 300
27.5610704007398 75 576
21.5115810493553 84 568
40.2955674953052 109 849
0 26 0
26.1095065012779 89 643
0 26 0
27.5610704007398 75 576
1.21665406468619 40 91
34.2421787300346 99 697
18.7935185221225 71 484
125.519356682232 203 1665
8.76178268125793 50 276
0 26 0
0 26 0
13.6610460946502 51 300
2.50389360066935 38 31
16.7266612379469 69 441
15.1115557606056 58 321
19.4916357777427 64 336
11.1549789390087 69 293
15.1485877264852 71 486
55.9002286744002 129 701
17.3862515434447 72 507
21.8898166498115 73 529
17.687246523678 70 471
4.24000801589293 49 211
0 26 0
0 26 0
39.4032709528269 100 720
0 26 0
0 26 0
21.9306835776868 84 534
19.7376310753678 75 427
8.76178268125793 50 276
0.912606025525192 38 66
0 26 0
56.3313443799126 114 608
39.9497842487668 106 829
0 26 0
41.8187266007096 119 917
0 26 0
3.1604528524637 46 190
25.0732530174985 87 607
0 26 0
21.8898166498115 73 529
31.6585399555554 91 696
32.9234311265093 101 670
13.6610460946502 51 300
65.0228337407128 145 1172
24.0501505178019 80 550
13.6610460946502 51 300
0.912606025525192 38 66
49.5114042453367 121 928
0 26 0
0 26 0
6.652425560351 47 100
0 26 0
8.39298471566536 65 367
0.413700441811392 33 21
3.86104102265725 47 210
3.2954044497803 52 181
69.1478005853808 143 1237
31.6764065414109 108 814
15.1740207638193 67 400
11.5050394995991 68 310
7.33666681175782 61 291
0 26 0
19.2381681842534 72 510
6.31180052355024 49 253
0.102057788557282 28 1
54.8950458224511 131 1075
0 26 0
0 26 0
0 26 0
1.40621641484993 41 105
0 26 0
0 26 0
27.4100793940767 100 686
23.6268280565318 90 524
0 26 0
0 26 0
17.2053607394355 69 453
30.7257442440213 101 698
0 26 0
18.3314910684067 71 490
13.6610460946502 51 300
16.3349242285695 84 478
4.84150862497053 48 231
6.31180052355024 49 253
29.5803643840618 79 582
13.6610460946502 51 300
36.4067087200154 114 801
15.1115557606056 58 321
0.581175009540804 35 36
1.89815462170043 43 136
13.6610460946502 51 300
0 26 0
0 26 0
11.4582667167872 63 182
37.9123446742102 111 868
17.9147839939191 86 579
26.7173840457819 86 571
11.3288947736523 62 289
0 26 0
41.6979702121995 98 829
13.6610460946502 51 300
13.6610460946502 51 300
3.43108334109854 37 25
6.31180052355024 49 253
0 26 0
8.76178268125793 50 276
0 26 0
25.1560606394732 89 637
28.3711053873364 105 765
15.00256718289 57 315
0 26 0
27.6675675857797 92 700
13.6610460946502 51 300
20.1666535246219 66 349
0 26 0
14.7791347123651 55 306
2.22566849895734 44 153
0 26 0
0 26 0
29.9761397614317 93 717
0 26 0
36.2747622850612 96 784
11.883327656384 61 289
4.84150862497053 48 231
0 26 0
0 26 0
37.2961149040649 97 807
18.6659136019672 76 462
0 26 0
18.7935185221225 71 484
8.14157862631379 57 155
3.23528667309744 45 83
13.6610460946502 51 300
14.2461934584509 79 459
6.31180052355024 49 253
1.40621641484993 41 105
9.48723724640114 53 279
4.84150862497053 48 231
20.6080735644167 73 531
0 26 0
8.70866371794677 53 169
0 26 0
0 26 0
48.8500630340599 116 970
57.9384310577936 136 921
3.1604528524637 46 190
13.6610460946502 51 300
0 26 0
0 26 0
12.0808658009341 61 257
19.8232518461281 69 190
0 26 0
20.8398225416299 68 364
0 26 0
13.6610460946502 51 300
13.6610460946502 51 300
0 26 0
20.6080735644167 73 531
0.213253584415411 30 6
0 26 0
13.6610460946502 51 300
11.1630219233213 66 381
3.2954044497803 52 181
0 26 0
56.2752331386036 129 1024
6.31180052355024 49 253
17.3862515434447 72 507
0 26 0
6.31180052355024 49 253
8.76178268125793 50 276
50.8927682720672 118 1017
56.0694203915014 120 1060
27.5610704007398 75 576
0 26 0
13.6610460946502 51 300
13.6610460946502 51 300
24.4653061248952 73 364
8.59082685599935 49 79
27.5610704007398 75 576
22.9520361966905 85 553
0 26 0
9.43891371669793 55 196
26.1217271674915 71 167
82.7259709687333 160 1238
0 26 0
0 26 0
29.9761397614317 93 717
7.96716557593255 64 346
0 26 0
0 26 0
0 26 0
0 26 0
45.3456443861729 119 857
23.386451567494 98 657
49.473666244317 107 845
7.09852031895397 54 263
32.3013993822296 106 779
0 26 0
19.2381681842534 72 510
13.6610460946502 51 300
0 26 0
70.672838909519 141 1270
8.76178268125793 50 276
3.1604528524637 46 190
0 26 0
5.4215070016171 38 19
6.31180052355024 49 253
21.764377498028 77 409
0 26 0
0 26 0
25.226233555062 90 667
108.6365042632 198 1531
92.7146195771831 179 1210
0 26 0
0 26 0
20.6080735644167 73 531
8.76178268125793 50 276
49.8714156530635 117 994
0 26 0
0 26 0
41.075651491218 112 890
7.98530272334543 61 319
0 26 0
8.76178268125793 50 276
15.2221476150863 59 328
0 26 0
13.6610460946502 51 300
13.6610460946502 51 300
0 26 0
0 26 0
13.6610460946502 51 300
0 26 0
0 26 0
0 26 0
15.5015561784326 78 453
13.6610460946502 51 300
0.274708717190266 31 10
0 26 0
0 26 0
0 26 0
27.874035831335 92 706
0 26 0
14.1778111484358 68 212
0 26 0
13.9147342075544 65 361
73.9105420838546 152 1169
13.6610460946502 51 300
6.14749918118389 58 276
37.2961149040649 97 807
0 26 0
32.018844999439 95 763
50.4727447707818 127 983
13.6610460946502 51 300
69.5700029407966 157 1197
1.78315181519235 43 76
15.1740207638193 67 400
0 26 0
0.788670586455862 37 55
13.6610460946502 51 300
48.6587753840301 124 922
1.62995460765176 42 120
13.6610460946502 51 300
4.36083525367514 54 163
27.5610704007398 75 576
0 26 0
7.82651068013605 52 104
16.0708385153092 65 391
13.6610460946502 51 300
27.5610704007398 75 576
0 26 0
0 26 0
0.274708717190266 31 10
17.4093038043192 58 309
13.6610460946502 51 300
31.6585399555554 91 696
22.9111692688151 74 553
0 26 0
33.3238074261556 94 741
10.1173721710347 59 312
0 26 0
1.58822294935762 34 13
0 26 0
21.8898166498115 73 529
15.4577106078149 61 345
37.5029275849045 107 784
18.9257089675781 77 445
21.8898166498115 73 529
47.6899200224836 122 941
0 26 0
0 26 0
0 26 0
0 26 0
2.63476929830413 45 171
0 26 0
15.8593220285651 82 343
13.6610460946502 51 300
19.2381681842534 72 510
0 26 0
0 26 0
8.76178268125793 50 276
13.6610460946502 51 300
48.6474323554037 122 925
13.5413057574675 77 402
27.2091949383761 92 702
13.6610460946502 51 300
13.6610460946502 51 300
12.5477576586569 68 421
13.6610460946502 51 300
16.2807174514919 66 405
13.6610460946502 51 300
0 26 0
13.6610460946502 51 300
57.2725365241911 132 985
27.5610704007398 75 576
8.76178268125793 50 276
75.6219409939417 157 1386
33.0323246549568 94 747
0 26 0
0 26 0
28.0040837218266 102 699
8.76178268125793 50 276
31.9197424704605 100 614
4.84150862497053 48 231
13.6610460946502 51 300
0 26 0
0 26 0
3.86104102265725 47 210
0 26 0
20.4215984016141 74 511
22.8862870248076 74 421
8.00458341263965 51 144
13.6610460946502 51 300
33.9719854768372 82 388
13.6610460946502 51 300
9.06655047296374 65 373
0.413700441811392 33 21
6.6571129827785 41 31
0 26 0
0 26 0
9.62384872623687 52 102
0 26 0
20.6080735644167 73 531
36.2747622850612 96 784
18.3040077271544 69 214
46.172624538101 131 845
0 26 0
13.6610460946502 51 300
19.6132816523021 80 352
0.493260571873732 34 28
1.62995460765176 42 120
0 26 0
0.912606025525192 38 66
21.8898166498115 73 529
22.3858991387379 83 484
3.86104102265725 47 210
0 26 0
0 26 0
4.70676513128023 41 49
13.6610460946502 51 300
1.55719934198143 38 34
18.7935185221225 71 484
31.7087882858585 107 697
20.6080735644167 73 531
46.2811428259017 128 854
13.6610460946502 51 300
2.63476929830413 45 171
21.2038815025264 83 556
29.3004120639831 105 583
15.3367099691773 60 336
22.9111692688151 74 553
59.9073235894546 142 1032
0 26 0
10.8562604551206 71 277
11.0128448818948 59 256
30.2783524373556 106 770
0 26 0
21.8898166498115 73 529
47.2528078661506 115 865
0 26 0
7.32070963146195 49 121
0 26 0
18.7935185221225 71 484
0 26 0
8.76178268125793 50 276
0.788670586455862 37 55
4.70676513128023 41 49
37.661657562448 115 769
0 26 0
15.1740207638193 67 400
40.6395845870349 105 835
0 26 0
0.788670586455862 37 55
23.3087704564639 80 412
13.9147342075544 65 361
0.413700441811392 33 21
5.59219997030701 58 244
23.1506728686468 87 610
1.21665406468619 40 91
9.43891371669793 55 196
14.6559563245693 64 192
37.2961149040649 97 807
41.1908963561934 108 802
0 26 0
0 26 0
0.102057788557282 28 1
0 26 0
0 26 0
13.6610460946502 51 300
0 26 0
0 26 0
1.23946556206268 39 48
13.6610460946502 51 300
0 26 0
0 26 0
35.1383624684499 96 786
0 26 0
0 26 0
30.7418883493617 98 637
25.0495130393295 79 439
27.5610704007398 75 576
13.6610460946502 51 300
27.5610704007398 75 576
36.2384040836783 107 712
13.6610460946502 51 300
0 26 0
13.6610460946502 51 300
25.975742025836 79 419
8.76178268125793 50 276
0 26 0
13.6610460946502 51 300
0 26 0
5.34838629833006 43 64
13.6610460946502 51 300
0 26 0
7.87663819545438 44 46
18.3314910684067 71 490
0 26 0
8.76178268125793 50 276
14.5247065752668 53 301
0 26 0
15.1740207638193 67 400
10.2420818483635 60 321
16.7266612379469 69 441
32.6502728303668 95 436
13.6610460946502 51 300
27.5610704007398 75 576
6.31180052355024 49 253
0 26 0
2.22566849895734 44 153
41.6979702121995 98 829
15.6404469177124 74 379
0.102057788557282 28 1
6.7552227601009 63 236
30.9492059293093 88 654
21.8898166498115 73 529
0 26 0
5.34838629833006 43 64
4.97104440748661 58 256
18.7935185221225 71 484
44.8401932858355 115 953
0 26 0
8.76178268125793 50 276
0 26 0
0 26 0
25.1262974254143 83 341
27.5610704007398 75 576
13.6610460946502 51 300
21.8898166498115 73 529
0 26 0
17.3862515434447 72 507
8.76178268125793 50 276
0 26 0
28.9422833986683 90 524
26.7173840457819 86 571
0 26 0
44.9329117715196 116 978
3.1604528524637 46 190
56.8647453865552 123 979
31.3556111495405 92 700
0 26 0
2.22566849895734 44 153
0 26 0
0.788670586455862 37 55
8.76178268125793 50 276
13.6610460946502 51 300
15.1485877264852 71 486
0.213253584415411 30 6
47.6969490693142 125 973
20.3480679757716 74 361
18.1097849027154 70 387
13.6610460946502 51 300
0 26 0
3.86104102265725 47 210
27.5610704007398 75 576
17.4930360964077 76 470
27.5610704007398 75 576
13.6610460946502 51 300
21.0294031092544 92 529
29.6840360748241 87 285
13.6610460946502 51 300
0 26 0
41.6979702121995 98 829
0 26 0
0 26 0
13.6610460946502 51 300
0 26 0
0 26 0
54.5903851379828 135 920
0 26 0
13.6610460946502 51 300
2.22566849895734 44 153
5.57426418083566 59 276
0 26 0
0 26 0
0 26 0
0 26 0
48.9306238949235 127 880
0 26 0
41.6979702121995 98 829
6.652425560351 47 100
0.341210580023124 32 15
27.874035831335 92 706
6.31180052355024 49 253
0 26 0
84.8208543610209 146 727
0.155986182526195 29 3
7.01062763145605 62 310
11.4557170279868 66 396
0 26 0
0 26 0
11.7065435511794 58 157
0 26 0
0 26 0
8.76178268125793 50 276
22.432096683608 86 589
18.7935185221225 71 484
35.1482027570327 104 596
46.2792217168326 123 803
4.84150862497053 48 231
0 26 0
43.6080254080739 115 832
4.30521863772298 41 34
0 26 0
24.1275673044953 97 655
13.3207518628361 72 340
0 26 0
24.0182888369749 69 346
0 26 0
0.413700441811392 33 21
0 26 0
0 26 0
0 26 0
11.2465062732296 73 320
8.76178268125793 50 276
0 26 0
0 26 0
27.5610704007398 75 576
0 26 0
8.76178268125793 50 276
11.0856262297149 65 295
17.2634148179628 73 347
13.6610460946502 51 300
59.1050788625165 131 1025
26.9838910649711 99 669
33.0323246549568 94 747
8.76178268125793 50 276
27.5610704007398 75 576
0 26 0
0 26 0
0 26 0
40.0814072469291 110 865
115.037058818739 204 1578
0 26 0
3.1604528524637 46 190
0 26 0
25.0714033036109 80 496
13.6610460946502 51 300
16.7266612379469 69 441
0.912606025525192 38 66
8.76178268125793 50 276
41.6979702121995 98 829
0 26 0
0 26 0
0 26 0
0 26 0
35.4522675787552 108 817
16.3137008717382 68 210
3.86104102265725 47 210
13.6610460946502 51 300
0 26 0
0 26 0
9.62384872623687 52 102
0 26 0
0 26 0
0.788670586455862 37 55
4.00560974076028 40 30
27.5610704007398 75 576
0 26 0
0 26 0
26.8444813025387 82 338
27.5610704007398 75 576
0 26 0
10.3402254901363 57 131
8.76178268125793 50 276
0.102057788557282 28 1
31.3556111495405 92 700
0 26 0
3.00545131094547 44 82
8.76178268125793 50 276
14.6582034278769 54 303
49.5114042453367 121 928
0.341210580023124 32 15
0 26 0
56.0694203915014 120 1060
19.2381681842534 72 510
21.0649850620731 85 561
49.6094156121846 128 1034
0 26 0
13.6610460946502 51 300
50.459111230642 129 941
17.0789326334746 63 334
4.84150862497053 48 231
2.3114044279247 46 139
0 26 0
13.6610460946502 51 300
0 26 0
1.21665406468619 40 91
0 26 0
22.4841379412762 79 546
41.6979702121995 98 829
13.6610460946502 51 300
22.9111692688151 74 553
13.6610460946502 51 300
9.06655047296374 65 373
0 26 0
0.155986182526195 29 3
3.86104102265725 47 210
8.76178268125793 50 276
12.2877930940116 69 443
15.1740207638193 67 400
0 26 0
8.76178268125793 50 276
19.5260814252837 81 481
6.652425560351 47 100
0 26 0
0 26 0
0 26 0
0 26 0
13.6610460946502 51 300
4.84150862497053 48 231
0 26 0
3.86104102265725 47 210
27.5610704007398 75 576
8.76178268125793 50 276
0 26 0
35.3964805109533 105 766
31.5092523838614 92 694
0.581175009540804 35 36
0 26 0
0 26 0
56.5045004977916 138 814
0 26 0
0 26 0
0 26 0
0 26 0
24.0182888369749 69 346
67.6689201845788 137 884
45.220486771969 123 910
29.7638649026652 88 568
13.6610460946502 51 300
48.8500630340599 116 970
0 26 0
0 26 0
4.28706598696673 56 226
47.7159487960286 132 912
0 26 0
28.6889202047833 93 724
0 26 0
0 26 0
4.84150862497053 48 231
28.4052747272911 99 699
0 26 0
0.679002380729961 36 45
48.3982927157555 133 950
3.86104102265725 47 210
16.2807174514919 66 405
13.6610460946502 51 300
13.6610460946502 51 300
0 26 0
41.6979702121995 98 829
19.2381681842534 72 510
22.1034901425209 85 575
13.9147342075544 65 361
13.6610460946502 51 300
13.6610460946502 51 300
14.5087870849367 70 367
13.6610460946502 51 300
1.62995460765176 42 120
41.4257600602468 101 590
0 26 0
0 26 0
0 26 0
36.2747622850612 96 784
0 26 0
17.4816956177529 80 466
22.8554638564768 87 446
21.8898166498115 73 529
3.90168079695315 53 175
0 26 0
0 26 0
22.637164937534 90 660
79.1254256737246 160 1273
0 26 0
0 26 0
50.8927682720672 118 1017
0 26 0
0 26 0
21.8898166498115 73 529
13.6610460946502 51 300
24.2869654823591 76 554
0 26 0
41.6979702121995 98 829
0 26 0
48.2701824989965 121 916
0 26 0
1.62995460765176 42 120
13.6610460946502 51 300
17.9302747964829 66 151
1.05391603447025 39 78
13.6610460946502 51 300
0 26 0
0 26 0
16.7266612379469 69 441
0 26 0
13.6610460946502 51 300
0 26 0
29.9259620227928 94 743
0 26 0
0 26 0
12.8383158958765 63 324
16.3999336339291 81 414
0 26 0
13.6610460946502 51 300
35.1383624684499 96 786
13.6610460946502 51 300
58.4237659041077 144 1124
27.5610704007398 75 576
1.62995460765176 42 120
6.652425560351 47 100
0.788670586455862 37 55
64.5377507712821 145 988
27.6675675857797 92 700
0 26 0
0 26 0
1.89815462170043 43 136
34.0035754402012 107 698
47.2013380972506 120 844
57.6316262252025 131 1055
0 26 0
8.76178268125793 50 276
7.01062763145605 62 310
0 26 0
13.6610460946502 51 300
33.867118095847 95 766
35.3091058969222 104 766
27.5610704007398 75 576
8.76178268125793 50 276
20.5546339742956 80 526
49.4727939066475 135 975
17.2053607394355 69 453
0 26 0
27.5610704007398 75 576
55.4308833753511 123 1045
19.2381681842534 72 510
0 26 0
15.1485877264852 71 486
9.16372894468242 65 363
0 26 0
35.5159448626618 110 863
0 26 0
6.50602671531414 60 297
16.5292206467063 67 420
0 26 0
0 26 0
0 26 0
1.89815462170043 43 136
0 26 0
0.493260571873732 34 28
0 26 0
15.630130982261 81 513
0 26 0
3.86104102265725 47 210
1.89815462170043 43 136
62.6769903506127 136 1160
0 26 0
0 26 0
16.3941412084983 61 329
13.6610460946502 51 300
62.0638307616051 141 998
11.1630219233213 66 381
6.31180052355024 49 253
18.7935185221225 71 484
3.86104102265725 47 210
10.4633904272598 74 391
22.9111692688151 74 553
2.63476929830413 45 171
35.2534096660576 95 760
20.6080735644167 73 531
13.6610460946502 51 300
72.4332809025914 157 1220
8.01220934227065 67 292
0.493260571873732 34 28
39.8771244780711 105 760
15.3367099691773 60 336
11.4111583882503 60 138
68.4541881539213 152 1193
22.306438449544 85 352
0 26 0
29.942475746189 90 595
36.4815749659009 106 765
0 26 0
0 26 0
12.2877930940116 69 443
2.63476929830413 45 171
40.5435650440934 112 894
1.62995460765176 42 120
0 26 0
13.6610460946502 51 300
0 26 0
63.0752913520851 137 1190
0 26 0
0 26 0
0.213253584415411 30 6
0 26 0
0 26 0
0 26 0
14.2686809252721 62 251
8.76178268125793 50 276
0.413700441811392 33 21
13.9284914893936 59 166
10.6851909321758 57 147
16.3041836411259 58 311
3.1604528524637 46 190
0 26 0
70.1437213760725 143 1235
16.523486464009 82 501
0.788670586455862 37 55
0 26 0
0 26 0
3.86104102265725 47 210
21.8898166498115 73 529
0 26 0
0 26 0
0 26 0
20.1666535246219 66 349
4.24000801589293 49 211
0.493260571873732 34 28
0 26 0
0 26 0
0 26 0
0 26 0
2.69623163918256 48 119
6.31180052355024 49 253
0.581175009540804 35 36
0 26 0
0 26 0
0 26 0
4.06855443496368 39 36
8.76178268125793 50 276
13.6610460946502 51 300
31.8031671867109 105 765
13.6610460946502 51 300
13.6610460946502 51 300
13.6610460946502 51 300
22.9111692688151 74 553
8.76178268125793 50 276
4.36696632014933 55 202
0 26 0
0 26 0
0 26 0
25.1560606394732 89 637
1.21665406468619 40 91
4.59376645391958 57 237
51.9141208910709 119 1039
97.2011766578771 178 1502
0 26 0
13.8375552374518 71 378
4.16760148995168 54 218
8.70866371794677 53 169
0 26 0
13.6610460946502 51 300
61.9753961769318 138 1210
0 26 0
0 26 0
0 26 0
6.5404487718748 53 121
11.0128448818948 59 256
56.4766603674548 128 1075
27.5610704007398 75 576
50.1234138316874 124 843
0 26 0
0 26 0
0 26 0
6.31180052355024 49 253
31.4119777779264 99 667
23.5800848537876 88 614
0 26 0
27.5610704007398 75 576
13.6610460946502 51 300
0 26 0
21.8898166498115 73 529
45.0755580064537 124 885
0 26 0
13.6610460946502 51 300
27.8477200391371 100 672
0 26 0
3.6883754185741 45 75
51.8393224129483 125 813
46.6949917071445 128 1016
23.6329774157148 76 430
22.9176596055975 87 442
27.5610704007398 75 576
6.31180052355024 49 253
8.76178268125793 50 276
4.36696632014933 55 202
21.8898166498115 73 529
27.5610704007398 75 576
36.3533576133419 101 762
6.31180052355024 49 253
23.0637411272072 83 576
96.7529355960674 152 731
18.7935185221225 71 484
10.9251995128836 60 190
35.4602223468972 105 745
8.76178268125793 50 276
9.43891371669793 55 196
0 26 0
0 26 0
66.0928653910444 147 1179
0 26 0
37.8809784576219 105 728
13.6610460946502 51 300
77.1206623545955 154 1100
0 26 0
15.4577106078149 61 345
13.6610460946502 51 300
49.7741749203559 131 1070
21.8898166498115 73 529
0 26 0
25.5609243985669 88 458
18.7935185221225 71 484
0 26 0
0 26 0
0 26 0
4.84150862497053 48 231
3.86104102265725 47 210
54.3687725868868 137 1046
20.0476266832198 73 485
27.5610704007398 75 576
0 26 0
13.6610460946502 51 300
0 26 0
4.84150862497053 48 231
13.6610460946502 51 300
14.6582034278769 54 303
67.9131365199723 135 1109
0 26 0
1.62995460765176 42 120
0 26 0
10.1376124162114 67 406
18.3314910684067 71 490
3.86104102265725 47 210
57.8899857009172 134 1124
16.7266612379469 69 441
0 26 0
13.9147342075544 65 361
0 26 0
9.16372894468242 65 363
8.76178268125793 50 276
0 26 0
0 26 0
0 26 0
0 26 0
0 26 0
35.2642968196771 93 649
0.912606025525192 38 66
27.5610704007398 75 576
16.3740360305849 63 172
33.3238074261556 94 741
0 26 0
8.17437484448172 66 339
0 26 0
27.5610704007398 75 576
0.413700441811392 33 21
0 26 0
0 26 0
0 26 0
30.1873569245131 103 712
12.4589901412837 61 150
19.2797557187373 70 227
10.3518419751717 62 179
0 26 0
0 26 0
13.6610460946502 51 300
26.4733347685456 90 457
0 26 0
19.2381681842534 72 510
32.4423214681836 93 729
13.6610460946502 51 300
26.6716758996051 103 622
16.5776257309248 88 522
49.8714156530635 117 994
104.501827131078 191 1651
13.6610460946502 51 300
0 26 0
32.018844999439 95 763
12.8383158958765 63 324
0 26 0
47.4221491103184 115 965
56.0310310883163 138 1084
0 26 0
0 26 0
25.505226082722 88 634
0 26 0
0 26 0
7.32070963146195 49 121
25.8428787816404 89 649
1.24329445926342 40 67
13.6610460946502 51 300
31.453153841116 105 757
13.6610460946502 51 300
33.0323246549568 94 747
8.76178268125793 50 276
33.0925059665661 85 597
13.6610460946502 51 300
79.7951267114515 158 1400
0 26 0
0 26 0
0 26 0
0 26 0
0 26 0
44.8980365694973 115 928
8.15772636261661 63 326
9.37714798157761 52 277
6.31180052355024 49 253
0 26 0
41.6979702121995 98 829
41.6979702121995 98 829
0 26 0
48.0074009152674 107 497
0 26 0
13.6610460946502 51 300
0 26 0
82.2034475333183 156 1181
20.8452670109825 82 531
16.7266612379469 69 441
27.6737748301913 100 658
0 26 0
27.5610704007398 75 576
0 26 0
9.52553822288008 66 389
13.6610460946502 51 300
4.84150862497053 48 231
2.22566849895734 44 153
13.6610460946502 51 300
42.8163772673814 119 713
36.7035431179224 106 785
31.5092523838614 92 694
12.7770374260686 65 271
13.9147342075544 65 361
17.687246523678 70 471
0 26 0
22.9111692688151 74 553
0 26 0
13.6610460946502 51 300
36.2747622850612 96 784
1.75822029242741 42 65
61.9753961769318 138 1210
0 26 0
27.5610704007398 75 576
3.1604528524637 46 190
13.6610460946502 51 300
10.9162746360339 64 367
54.928844936413 129 848
53.2483710037018 132 1087
57.579857378351 144 1056
1.89815462170043 43 136
37.2961149040649 97 807
13.6610460946502 51 300
0 26 0
19.2381681842534 72 510
8.00458341263965 51 144
17.7115263829895 79 446
38.4879169122242 104 724
0 26 0
35.4404995033019 91 628
15.00256718289 57 315
0 26 0
0 26 0
17.0765825349133 74 421
6.31180052355024 49 253
93.8638695139428 180 1538
13.6610460946502 51 300
25.4846442642663 90 663
8.76178268125793 50 276
0 26 0
0 26 0
0.341210580023124 32 15
72.4109874534962 158 1202
0 26 0
13.6610460946502 51 300
0 26 0
0 26 0
44.7611667300405 116 940
68.4855194820793 149 1244
14.4495606744575 70 463
0.679002380729961 36 45
54.6365589197562 135 991
17.2053607394355 69 453
29.8748543503693 90 661
77.7054206910787 155 1361
0 26 0
13.6610460946502 51 300
20.6080735644167 73 531
0 26 0
0 26 0
13.6610460946502 51 300
5.35340034442767 58 265
0.493260571873732 34 28
6.90574855203013 52 256
27.5610704007398 75 576
25.938198322727 83 464
20.6080735644167 73 531
20.6080735644167 73 531
3.1604528524637 46 190
0 26 0
8.76178268125793 50 276
0.213253584415411 30 6
0 26 0
0 26 0
42.1387043748153 123 907
0 26 0
32.3225606696248 97 634
4.84150862497053 48 231
0 26 0
8.76178268125793 50 276
0 26 0
0.213253584415411 30 6
62.2567544516713 135 1165
14.0384981571661 63 312
0 26 0
0 26 0
27.5610704007398 75 576
13.6610460946502 51 300
17.687246523678 70 471
2.22566849895734 44 153
0 26 0
0 26 0
46.4127322181746 121 930
0 26 0
21.4758339380815 83 532
0.102057788557282 28 1
5.27258727992926 48 92
2.63476929830413 45 171
27.5610704007398 75 576
38.5620693968962 109 824
41.1389302024809 116 830
13.6610460946502 51 300
0 26 0
0 26 0
9.59238134135999 67 334
24.3984771428552 77 250
46.6275181350092 127 911
19.2381681842534 72 510
24.737810258851 84 338
0 26 0
36.5015853506867 97 614
0 26 0
13.6610460946502 51 300
2.63476929830413 45 171
68.4871473478692 139 890
13.6610460946502 51 300
93.1029838958014 177 1448
19.3126878365139 83 520
1.40621641484993 41 105
13.6610460946502 51 300
0 26 0
3.86104102265725 47 210
22.8862870248076 74 421
0 26 0
0 26 0
3.23528667309744 45 83
35.2534096660576 95 760
13.6610460946502 51 300
1.21665406468619 40 91
0 26 0
13.6610460946502 51 300
2.22566849895734 44 153
13.6610460946502 51 300
190.39881836336 266 2134
36.8854787670512 110 629
0 26 0
67.4638249901269 139 1022
0 26 0
33.7389934896989 94 437
13.6610460946502 51 300
6.83902451048209 47 61
0 26 0
4.84150862497053 48 231
8.76178268125793 50 276
41.6979702121995 98 829
88.5420954847019 174 1318
3.1604528524637 46 190
21.1585822756655 85 555
0 26 0
0 26 0
27.5277279802637 92 566
0 26 0
0 26 0
0 26 0
0 26 0
1.05391603447025 39 78
0 26 0
0.413700441811392 33 21
21.7963120647176 84 406
23.2678230295789 80 460
24.9624689909933 98 639
12.7096250036754 56 136
3.1604528524637 46 190
22.9111692688151 74 553
100.287442446639 189 1489
16.2807174514919 66 405
0 26 0
0.274708717190266 31 10
0 26 0
26.2750935752429 90 665
13.6610460946502 51 300
23.8498010219466 78 415
14.5247065752668 53 301
21.0503534442672 95 534
13.6610460946502 51 300
32.018844999439 95 763
4.84150862497053 48 231
0 26 0
13.6610460946502 51 300
6.31180052355024 49 253
8.76178268125793 50 276
8.40330859605488 66 263
13.6610460946502 51 300
13.6610460946502 51 300
21.8898166498115 73 529
33.3238074261556 94 741
115.139513873443 201 1697
13.6610460946502 51 300
0 26 0
8.76178268125793 50 276
13.4915004051381 66 333
0 26 0
44.0112105390529 108 748
13.6610460946502 51 300
20.6080735644167 73 531
8.76178268125793 50 276
0 26 0
0 26 0
1.62995460765176 42 120
0.213253584415411 30 6
0.102057788557282 28 1
1.62995460765176 42 120
0 26 0
6.31180052355024 49 253
12.9275512533784 69 447
81.0185235426447 168 1251
0 26 0
4.84150862497053 48 231
18.1187386834202 60 316
0 26 0
4.84150862497053 48 231
19.2381681842534 72 510
0 26 0
24.2379235528279 92 398
0 26 0
13.6610460946502 51 300
21.2276568658754 71 190
0 26 0
0 26 0
42.1530869790408 118 858
41.7051939404204 119 865
1.40621641484993 41 105
0 26 0
46.1481806324594 118 832
13.6610460946502 51 300
0 26 0
0 26 0
0 26 0
6.31180052355024 49 253
27.5610704007398 75 576
9.01017094574662 60 152
2.22566849895734 44 153
0 26 0
0 26 0
0 26 0
0 26 0
17.687246523678 70 471
26.3910273094673 90 653
0 26 0
0 26 0
15.8898109812437 64 378
0 26 0
0 26 0
0 26 0
0 26 0
0 26 0
6.31180052355024 49 253
0 26 0
15.3821530777554 67 340
8.76178268125793 50 276
0 26 0
0 26 0
0 26 0
32.7713461542157 90 535
0 26 0
0 26 0
0 26 0
0 26 0
7.18762960347558 65 301
0 26 0
7.42669815003562 53 115
79.4815393803191 163 1293
0 26 0
0 26 0
22.6117845622983 78 317
0 26 0
35.7053411870604 106 767
7.8988577357782 67 280
13.6610460946502 51 300
0 26 0
49.3596060918222 114 811
16.7266612379469 69 441
29.8964264070681 81 591
42.178704456598 106 605
0 26 0
41.6979702121995 98 829
64.0221325465787 140 961
4.84150862497053 48 231
17.3862515434447 72 507
13.6610460946502 51 300
0 26 0
37.9123446742102 111 868
27.5610704007398 75 576
100.311681179422 188 1505
73.2682571032976 153 1013
23.8880237232022 89 432
57.9534520949962 131 959
14.2462239368301 64 284
0 26 0
0.213253584415411 30 6
13.6610460946502 51 300
45.0517305409704 118 804
10.4633904272598 74 391
17.3862515434447 72 507
13.6610460946502 51 300
0 26 0
0 26 0
29.2269349707652 93 721
61.2607363097909 135 1147
14.5247065752668 53 301
16.7266612379469 69 441
38.6770220974396 98 697
20.2793880823712 81 479
58.8501981070626 131 1085
10.6233953208273 68 322
0 26 0
2.84372816657357 43 66
8.76178268125793 50 276
19.2643530544784 82 505
9.43891371669793 55 196
49.8714156530635 117 994
10.5302056939261 63 195
7.32070963146195 49 121
13.6610460946502 51 300
13.6610460946502 51 300
20.6080735644167 73 531
41.6979702121995 98 829
24.4771007732196 90 591
53.0982422982555 134 953
24.8972968359364 83 514
41.6979702121995 98 829
0 26 0
0 26 0
0 26 0
33.1852049300479 106 773
0 26 0
0 26 0
0 26 0
0 26 0
0 26 0
27.5610704007398 75 576
0 26 0
0 26 0
2.98676928413904 50 168
21.2491860849129 81 529
26.0342992869651 92 472
33.0323246549568 94 747
5.03080652259363 56 214
0 26 0
21.0649850620731 85 561
8.76178268125793 50 276
3.23528667309744 45 83
0 26 0
0 26 0
22.0128309205645 96 635
0 26 0
0.274708717190266 31 10
35.0998999172107 106 767
6.31180052355024 49 253
39.2457673284021 108 733
23.6952129077439 87 600
17.3862515434447 72 507
28.9046094037891 93 719
0 26 0
16.7266612379469 69 441
55.3356344827546 143 1109
42.6412666822501 113 756
22.9111692688151 74 553
67.7319515068208 151 1173
39.8065445732706 109 777
41.6979702121995 98 829
0.413700441811392 33 21
27.5610704007398 75 576
33.2729697517813 112 702
17.687246523678 70 471
0 26 0
17.3862515434447 72 507
0 26 0
13.6610460946502 51 300
0 26 0
48.0006813712673 108 858
0 26 0
35.4602223468972 105 745
3.86104102265725 47 210
0 26 0
0 26 0
29.2269349707652 93 721
0 26 0
0 26 0
0 26 0
15.8898109812437 64 378
8.76178268125793 50 276
8.76178268125793 50 276
3.12984509403074 51 174
39.292946833731 106 588
8.76178268125793 50 276
0 26 0
27.0900543614949 91 676
57.7766194148086 138 917
15.1115557606056 58 321
11.989370148901 67 382
0 26 0
8.76178268125793 50 276
1.89815462170043 43 136
0 26 0
12.296582226655 68 429
0 26 0
13.6610460946502 51 300
57.019948142889 127 1025
33.867118095847 95 766
16.7266612379469 69 441
13.6610460946502 51 300
0 26 0
15.1740207638193 67 400
45.694925796327 118 719
0 26 0
0.679002380729961 36 45
6.25194781448692 60 245
25.2317512831775 87 620
31.3556111495405 92 700
35.1383624684499 96 786
3.1604528524637 46 190
13.6610460946502 51 300
55.3770507685842 137 871
48.8500630340599 116 970
3.1604528524637 46 190
13.6610460946502 51 300
26.8526832123314 91 682
0 26 0
0 26 0
58.4382783410701 135 1159
56.0694203915014 120 1060
57.6482602329097 126 830
42.7974880478282 113 907
8.76178268125793 50 276
0 26 0
18.3314910684067 71 490
0 26 0
21.3007407013748 82 497
8.76178268125793 50 276
0 26 0
13.6610460946502 51 300
27.5610704007398 75 576
7.98530272334543 61 319
16.7266612379469 69 441
18.1497232211373 78 429
16.8304088851476 68 436
42.8902065335122 114 931
0 26 0
14.7791347123651 55 306
50.0106788979528 129 1032
54.8939135188984 137 1016
8.50822784871389 60 182
27.5610704007398 75 576
13.6610460946502 51 300
18.9939881314123 71 316
15.7051622457442 84 414
6.31180052355024 49 253
0 26 0
38.2168481333669 109 836
17.2053607394355 69 453
12.8383158958765 63 324
12.5477576586569 68 421
3.43108334109854 37 25
9.22112495188358 66 384
4.84150862497053 48 231
0 26 0
29.1853015439656 77 577
35.2534096660576 95 760
29.9259620227928 94 743
27.5610704007398 75 576
68.4578961960277 149 1220
17.4816956177529 80 466
0 26 0
13.6610460946502 51 300
0 26 0
31.8567225834732 91 479
19.0331975830178 69 373
21.9306835776868 84 534
4.84150862497053 48 231
0 26 0
0 26 0
7.32070963146195 49 121
22.9111692688151 74 553
109.591544803326 194 1710
23.2985937414073 86 591
46.2708530913217 114 931
1.40621641484993 41 105
9.52553822288008 66 389
0.679002380729961 36 45
14.4888480109993 82 515
15.2221476150863 59 328
0.912606025525192 38 66
13.6610460946502 51 300
0.493260571873732 34 28
13.6610460946502 51 300
46.1313442499539 123 831
10.2033022792934 57 225
0 26 0
0 26 0
0 26 0
0 26 0
65.6219885347299 146 1154
2.63476929830413 45 171
1.05391603447025 39 78
16.2420621989592 72 332
15.4577106078149 61 345
18.3314910684067 71 490
21.1585822756655 85 555
0 26 0
0 26 0
75.2502358614892 156 1363
0.413700441811392 33 21
0 26 0
6.17513847286861 61 301
0 26 0
0.912606025525192 38 66
13.6610460946502 51 300
0 26 0
0 26 0
48.5348402696455 110 548
0.493260571873732 34 28
6.31180052355024 49 253
0 26 0
0 26 0
27.5610704007398 75 576
54.4751359806236 135 983
0.413700441811392 33 21
0 26 0
8.70866371794677 53 169
27.6348678731378 86 589
0 26 0
70.731707650519 149 1178
26.2106180605849 85 416
30.5604105123196 102 731
0.413700441811392 33 21
6.0262592384776 57 227
0 26 0
46.9459224156951 126 862
2.63476929830413 45 171
12.8383158958765 63 324
13.6610460946502 51 300
41.397977058194 112 892
4.84150862497053 48 231
0.981341454771115 37 37
8.66241286197345 60 246
8.76178268125793 50 276
18.980814516196 75 321
33.3238074261556 94 741
18.3314910684067 71 490
8.70866371794677 53 169
32.9138471351547 112 795
26.4657254177017 72 175
11.0151082341964 61 313
8.76178268125793 50 276
13.6610460946502 51 300
0 26 0
17.3862515434447 72 507
19.2381681842534 72 510
0 26 0
0.788670586455862 37 55
4.98643623379191 58 249
25.9268116327766 78 533
46.4174268841867 121 896
0 26 0
0 26 0
0 26 0
1.89815462170043 43 136
0 26 0
20.6080735644167 73 531
0 26 0
39.672925226812 111 886
46.2139102488064 114 937
0 26 0
0 26 0
1.62995460765176 42 120
0 26 0
0 26 0
47.2962921208965 126 777
0 26 0
2.22566849895734 44 153
8.00458341263965 51 144
0 26 0
47.9603278259865 116 982
6.19506030688146 57 199
0 26 0
0 26 0
18.7935185221225 71 484
37.4110592608181 111 733
0 26 0
3.70085936375109 50 196
0 26 0
33.0323246549568 94 747
33.7455836646682 108 812
0 26 0
0 26 0
0 26 0
0 26 0
0 26 0
23.6952129077439 87 600
8.76178268125793 50 276
0 26 0
21.8898166498115 73 529
2.79133790966297 35 16
0 26 0
38.3731951470656 118 697
27.5610704007398 75 576
0 26 0
13.6610460946502 51 300
4.84150862497053 48 231
7.96716557593255 64 346
0.413700441811392 33 21
10.7108736620357 63 354
51.5438018395997 137 914
0.679002380729961 36 45
16.5168630375334 68 218
47.8006997025351 118 953
20.5941070039639 75 513
15.1485877264852 71 486
0 26 0
27.2388603838428 82 293
46.2139102488064 114 937
0 26 0
51.2795625523026 128 1004
4.84150862497053 48 231
0 26 0
0 26 0
7.41110981654263 57 281
58.8402635530347 144 968
0 26 0
17.2053607394355 69 453
8.76178268125793 50 276
15.3986201373088 56 100
16.2807174514919 66 405
4.84150862497053 48 231
0 26 0
29.0714760056585 87 469
0 26 0
0 26 0
4.84150862497053 48 231
0 26 0
0 26 0
0 26 0
0 26 0
15.8898109812437 64 378
0 26 0
0 26 0
21.8406035420123 81 472
0.413700441811392 33 21
56.7232276791853 134 1139
16.2807174514919 66 405
4.84150862497053 48 231
14.8927090417402 56 310
0 26 0
15.5879118062994 62 355
9.08084232232433 60 186
54.2773385273646 137 994
5.34838629833006 43 64
0 26 0
22.5129688233839 72 244
13.6610460946502 51 300
13.6610460946502 51 300
13.0539384169558 78 469
57.1020889497967 134 1123
45.4084717423978 107 599
0 26 0
1.40621641484993 41 105
13.6610460946502 51 300
13.6610460946502 51 300
12.8383158958765 63 324
46.0351957514382 110 895
0 26 0
0 26 0
31.3808195053945 90 681
39.1261312810026 106 737
23.5914969116595 76 444
24.6004242890668 83 555
56.3088865265061 133 1108
27.5610704007398 75 576
13.6610460946502 51 300
12.5477576586569 68 421
0 26 0
0 26 0
0 26 0
0 26 0
25.140484502103 100 662
32.076231102472 102 691
13.6610460946502 51 300
15.1740207638193 67 400
0 26 0
13.6610460946502 51 300
26.9205805479872 90 610
0 26 0
29.862517597668 90 335
0 26 0
2.63476929830413 45 171
4.84150862497053 48 231
0.274708717190266 31 10
94.5746512955536 164 989
13.6610460946502 51 300
8.76178268125793 50 276
0 26 0
0 26 0
3.86104102265725 47 210
0 26 0
3.86104102265725 47 210
0 26 0
26.5265787017257 89 658
0.413700441811392 33 21
0 26 0
3.1604528524637 46 190
0 26 0
15.1740207638193 67 400
27.5610704007398 75 576
0 26 0
0 26 0
4.84150862497053 48 231
0 26 0
14.9447597991658 67 262
0 26 0
3.1604528524637 46 190
0 26 0
0 26 0
0 26 0
0 26 0
13.6610460946502 51 300
0 26 0
3.86104102265725 47 210
18.4725328410205 80 466
0 26 0
19.9737457260169 71 391
31.3556111495405 92 700
6.31180052355024 49 253
0.102057788557282 28 1
2.63476929830413 45 171
27.5610704007398 75 576
0 26 0
0 26 0
15.3821530777554 67 340
4.39592869808954 56 219
0 26 0
12.3077918695998 74 373
3.1604528524637 46 190
31.5092523838614 92 694
17.2053607394355 69 453
0 26 0
48.4783800859232 125 984
0 26 0
41.0101937770116 118 851
0 26 0
18.3314910684067 71 490
0 26 0
0.413700441811392 33 21
0 26 0
29.861383460292 101 708
0 26 0
27.5610704007398 75 576
0.341210580023124 32 15
13.6610460946502 51 300
27.5610704007398 75 576
6.31180052355024 49 253
0.213253584415411 30 6
0.155986182526195 29 3
27.5610704007398 75 576
0 26 0
36.2592783648424 104 784
0 26 0
35.2534096660576 95 760
4.53169827303592 54 186
28.66980915206 88 624
22.9111692688151 74 553
0 26 0
11.0128448818948 59 256
61.4826558723488 129 741
8.76178268125793 50 276
33.3238074261556 94 741
38.7306613315363 116 782
0 26 0
0 26 0
25.29126580729 78 256
13.6610460946502 51 300
13.6610460946502 51 300
0 26 0
30.9974923804353 94 739
16.8304088851476 68 436
0 26 0
1.4883427497937 31 4
1.05391603447025 39 78
27.5610704007398 75 576
27.5610704007398 75 576
27.5610704007398 75 576
0.976782867368763 33 11
0 26 0
12.8383158958765 63 324
27.4123799284709 91 674
29.2269349707652 93 721
0 26 0
0 26 0
8.76178268125793 50 276
0 26 0
21.5766845977771 77 457
0 26 0
5.99602184384762 45 81
0 26 0
8.76178268125793 50 276
0.413700441811392 33 21
0 26 0
13.6610460946502 51 300
16.0708385153092 65 391
0.274708717190266 31 10
6.31180052355024 49 253
0 26 0
31.1488184758094 89 667
13.6610460946502 51 300
0.213253584415411 30 6
30.7339977235302 95 565
31.5092523838614 92 694
40.5435650440934 112 894
0 26 0
0 26 0
0 26 0
12.8383158958765 63 324
0 26 0
92.2019831482316 148 902
43.9115591525159 115 955
14.4495606744575 70 463
13.6610460946502 51 300
0 26 0
0 26 0
13.6610460946502 51 300
23.455491797884 83 541
0 26 0
0 26 0
27.5203887947249 103 601
2.14553475964307 33 9
8.18473614670418 62 331
15.1740207638193 67 400
66.9520945386523 137 814
19.436251060857 78 427
43.1086692992237 114 672
2.22566849895734 44 153
13.6610460946502 51 300
0 26 0
49.8999631759101 118 1019
3.91198326327306 52 205
3.86104102265725 47 210
8.76178268125793 50 276
5.99602184384762 45 81
16.6726328757318 56 304
9.84797593034814 69 321
0 26 0
18.7935185221225 71 484
4.84150862497053 48 231
0 26 0
21.1585822756655 85 555
15.1602816553425 62 199
10.9960674184413 68 424
0 26 0
29.4095026511712 94 677
34.5915496749568 104 746
0 26 0
0 26 0
22.9111692688151 74 553
13.6610460946502 51 300
20.8212536507867 74 361
16.6380127800801 71 406
13.6610460946502 51 300
0 26 0
13.6610460946502 51 300
40.224089175556 117 777
22.6595654802695 95 604
0 26 0
0 26 0
16.5471952938919 72 342
13.6610460946502 51 300
0 26 0
44.4515865600748 123 846
13.6610460946502 51 300
6.31180052355024 49 253
27.6476963946443 93 376
0.213253584415411 30 6
22.9111692688151 74 553
15.3367099691773 60 336
35.7460232801182 103 566
13.6610460946502 51 300
13.6610460946502 51 300
14.4495606744575 70 463
63.6983429696164 137 1184
56.2091707352286 125 998
13.6610460946502 51 300
1.89815462170043 43 136
20.5581448539583 81 501
0 26 0
0.102057788557282 28 1
14.1144337400589 72 283
13.6610460946502 51 300
18.4463507698942 68 366
0 26 0
0 26 0
0 26 0
13.6610460946502 51 300
0 26 0
0.788670586455862 37 55
18.3314910684067 71 490
8.76178268125793 50 276
21.8898166498115 73 529
0 26 0
27.5610704007398 75 576
4.53169827303592 54 186
3.1604528524637 46 190
4.06855443496368 39 36
12.2877930940116 69 443
0 26 0
16.5753880032314 81 503
0 26 0
0 26 0
37.2696418983885 104 774
6.31180052355024 49 253
2.14553475964307 33 9
22.9520361966905 85 553
0 26 0
0 26 0
15.1602816553425 62 199
30.9974923804353 94 739
0 26 0
8.76178268125793 50 276
6.31180052355024 49 253
0 26 0
24.560164984831 84 478
13.6610460946502 51 300
0 26 0
25.8183506465877 96 600
13.6610460946502 51 300
0 26 0
19.2381681842534 72 510
21.8898166498115 73 529
0 26 0
16.2807174514919 66 405
3.86104102265725 47 210
4.58644677891952 50 175
13.6610460946502 51 300
13.6610460946502 51 300
19.7153755183661 79 472
13.6610460946502 51 300
18.3314910684067 71 490
15.819555376959 65 313
41.3543156973321 112 704
13.6610460946502 51 300
13.9147342075544 65 361
0 26 0
0 26 0
16.8304088851476 68 436
31.8942172477324 106 789
0 26 0
13.6610460946502 51 300
0 26 0
46.4481323249848 112 920
47.5411722457482 123 919
15.2221476150863 59 328
8.76178268125793 50 276
0 26 0
0 26 0
30.9974923804353 94 739
6.31180052355024 49 253
20.6080735644167 73 531
0 26 0
0 26 0
1.89815462170043 43 136
12.2877930940116 69 443
62.6769903506127 136 1160
27.5610704007398 75 576
0 26 0
31.3556111495405 92 700
13.6610460946502 51 300
0 26 0
0 26 0
0 26 0
15.8898109812437 64 378
27.4123799284709 91 674
30.7078376250507 97 599
14.7791347123651 55 306
28.436350289786 90 613
22.0898623557176 89 502
3.1604528524637 46 190
50.8927682720672 118 1017
36.3905149201638 104 778
17.2053607394355 69 453
3.37880176360979 36 14
87.1244424517743 170 1466
27.5610704007398 75 576
40.9317565601733 104 772
7.80529917842704 54 139
1.05391603447025 39 78
40.2588788288103 111 877
10.6580652738487 70 310
27.5610704007398 75 576
12.3626466802373 71 325
2.63476929830413 45 171
18.3314910684067 71 490
0 26 0
44.8028575213991 112 900
6.51111313616405 50 91
30.4548111183979 97 626
0 26 0
27.5610704007398 75 576
39.758726440716 98 657
21.8898166498115 73 529
0 26 0
1.21665406468619 40 91
4.84150862497053 48 231
0 26 0
2.63476929830413 45 171
3.1604528524637 46 190
0 26 0
0 26 0
2.74692543163181 48 159
0 26 0
13.6610460946502 51 300
70.672838909519 141 1270
13.6610460946502 51 300
28.3238042659323 94 671
27.5610704007398 75 576
0 26 0
0 26 0
6.652425560351 47 100
0 26 0
0 26 0
37.6745553965407 105 656
0.493260571873732 34 28
27.5610704007398 75 576
13.6610460946502 51 300
0 26 0
0.679002380729961 36 45
8.76178268125793 50 276
12.4690362077764 73 329
27.5610704007398 75 576
37.4750368826202 101 733
0 26 0
13.3673205807759 68 334
8.76178268125793 50 276
46.2288455499488 111 907
13.6610460946502 51 300
22.9111692688151 74 553
0 26 0
17.1202831262157 84 541
35.3368403433953 96 742
0 26 0
0 26 0
0 26 0
94.1729673557352 181 1488
0 26 0
4.84150862497053 48 231
6.652425560351 47 100
6.31180052355024 49 253
13.6610460946502 51 300
16.6726328757318 56 304
0 26 0
14.0384981571661 63 312
0 26 0
18.3314910684067 71 490
81.1638780263355 150 1016
22.2699372588308 85 459
9.13765209396088 71 364
10.2033022792934 57 225
0 26 0
33.3238074261556 94 741
70.672838909519 141 1270
9.52553822288008 66 389
2.22566849895734 44 153
8.76178268125793 50 276
47.9603278259865 116 982
57.1020889497967 134 1123
0 26 0
0 26 0
13.6610460946502 51 300
6.95186456601147 65 259
15.4577106078149 61 345
13.6610460946502 51 300
8.38463012414513 60 273
0 26 0
8.76178268125793 50 276
49.8999631759101 118 1019
10.782249975297 65 310
80.0002018741335 165 1199
13.6610460946502 51 300
71.0318248112694 149 1208
31.0214494406899 99 557
20.7265912827352 68 202
27.5610704007398 75 576
1.89815462170043 43 136
20.6080735644167 73 531
0 26 0
0 26 0
0.581175009540804 35 36
35.0265989902839 97 412
6.31180052355024 49 253
0 26 0
4.84150862497053 48 231
0 26 0
0 26 0
0 26 0
0.912606025525192 38 66
28.6889202047833 93 724
60.5784787348548 127 1081
0 26 0
0 26 0
9.45280911723613 67 341
8.01538129526321 61 196
1.89815462170043 43 136
0 26 0
13.6610460946502 51 300
0 26 0
60.4802380341739 126 884
62.6769903506127 136 1160
6.31180052355024 49 253
0 26 0
35.1383624684499 96 786
6.31180052355024 49 253
13.6610460946502 51 300
0 26 0
0 26 0
20.6080735644167 73 531
63.3415071457918 147 1185
13.6610460946502 51 300
36.4647495761148 100 776
13.6610460946502 51 300
27.5610704007398 75 576
26.7173840457819 86 571
19.1347005808549 79 486
2.63476929830413 45 171
27.5610704007398 75 576
0 26 0
28.844104203234 89 631
0 26 0
15.8720204515288 65 164
27.5610704007398 75 576
13.6610460946502 51 300
13.6610460946502 51 300
13.6610460946502 51 300
0 26 0
13.6610460946502 51 300
46.2139102488064 114 937
15.0597993289615 69 289
0 26 0
8.76178268125793 50 276
28.844104203234 89 631
1.62995460765176 42 120
0.274708717190266 31 10
22.975544867553 81 290
51.9141208910709 119 1039
33.0323246549568 94 747
18.7935185221225 71 484
1.62995460765176 42 120
0 26 0
0 26 0
50.4727447707818 127 991
0 26 0
8.76178268125793 50 276
13.6610460946502 51 300
0 26 0
3.86104102265725 47 210
0 26 0
3.43108334109854 37 25
0.155986182526195 29 3
2.22566849895734 44 153
0 26 0
30.2925130909787 102 703
0 26 0
0 26 0
8.76178268125793 50 276
4.97176616442216 53 171
18.3314910684067 71 490
0.912606025525192 38 66
0 26 0
48.0854081336159 116 976
0 26 0
8.76178268125793 50 276
48.3713738092074 122 914
3.1604528524637 46 190
4.84150862497053 48 231
0 26 0
0 26 0
0 26 0
0 26 0
17.687246523678 70 471
16.7266612379469 69 441
13.6610460946502 51 300
18.3314910684067 71 490
4.84150862497053 48 231
35.2534096660576 95 760
0 26 0
13.6610460946502 51 300
0 26 0
0 26 0
0.976782867368763 33 11
10.073389049907 64 343
0 26 0
8.76178268125793 50 276
13.6610460946502 51 300
6.98640001743217 61 287
46.2314552471469 114 841
6.31180052355024 49 253
13.6610460946502 51 300
0 26 0
27.5610704007398 75 576
0 26 0
4.84150862497053 48 231
8.76178268125793 50 276
24.640411153059 78 559
67.7036491624296 158 1172
35.7143624033702 104 754
50.3768465984346 119 949
8.76178268125793 50 276
24.9116163418739 88 612
27.5610704007398 75 576
0 26 0
0 26 0
0 26 0
0 26 0
33.6730186605119 91 636
13.6610460946502 51 300
0 26 0
3.89194944813699 54 191
0 26 0
0 26 0
19.7776065281648 89 566
3.1604528524637 46 190
0 26 0
41.6979702121995 98 829
27.5610704007398 75 576
1.40621641484993 41 105
27.9950232390063 86 304
0 26 0
0 26 0
0 26 0
23.8330160535925 91 533
5.35340034442767 58 265
14.7791347123651 55 306
8.76178268125793 50 276
42.8435441462348 111 811
0 26 0
1.62995460765176 42 120
0 26 0
13.6610460946502 51 300
13.6610460946502 51 300
13.6610460946502 51 300
0.274708717190266 31 10
7.29732465475039 56 226
15.4594185129551 67 191
2.63476929830413 45 171
13.6610460946502 51 300
2.14553475964307 33 9
18.7935185221225 71 484
1.40621641484993 41 105
6.60209101357583 62 315
3.53437919285219 53 181
9.98543166671847 44 34
36.5745160441026 89 606
13.6610460946502 51 300
0 26 0
25.5297032123955 83 325
0 26 0
47.4221491103184 115 965
0 26 0
3.86104102265725 47 210
0 26 0
5.92937484382994 43 50
8.76178268125793 50 276
72.7860333326438 154 1328
0 26 0
0 26 0
23.6512973852802 86 609
36.2747622850612 96 784
1.58822294935762 34 13
26.4546045798823 89 552
0 26 0
27.0900543614949 91 676
22.9111692688151 74 553
46.2708530913217 114 931
8.76178268125793 50 276
0 26 0
6.31180052355024 49 253
27.5610704007398 75 576
0 26 0
13.6610460946502 51 300
0 26 0
0.341210580023124 32 15
21.5149100511393 70 381
5.34838629833006 43 64
2.50389360066935 38 31
13.6610460946502 51 300
14.9519526562985 77 336
0 26 0
33.867118095847 95 766
9.52553822288008 66 389
0 26 0
11.0128448818948 59 256
19.9848711839263 92 570
0 26 0
15.8898109812437 64 378
70.6258080348516 148 1243
18.7658779452797 83 353
4.84150862497053 48 231
0 26 0
0 26 0
31.6585399555554 91 696
0.213253584415411 30 6
31.2372458234306 99 679
77.3690001456527 157 1252
0 26 0
41.6979702121995 98 829
2.63476929830413 45 171
6.31180052355024 49 253
61.7926122017421 145 1174
43.5939167001036 105 578
7.68669219528253 58 241
44.785886326875 122 939
0 26 0
20.6080735644167 73 531
17.2053607394355 69 453
17.0785389096307 65 351
50.8927682720672 118 1017
5.45474644146878 52 237
6.31180052355024 49 253
29.5803643840618 79 582
11.0758483834935 60 206
0 26 0
3.89549063635106 44 73
0 26 0
16.2420621989592 72 332
8.76178268125793 50 276
13.6610460946502 51 300
27.5610704007398 75 576
8.76178268125793 50 276
27.5610704007398 75 576
17.3862515434447 72 507
0 26 0
28.9046094037891 93 719
3.86104102265725 47 210
0 26 0
17.2053607394355 69 453
0.581175009540804 35 36
18.5628722135675 86 583
29.9259620227928 94 743
0 26 0
0 26 0
44.4004015061167 122 904
26.8526832123314 91 682
0.912606025525192 38 66
7.68669219528253 58 241
0 26 0
13.6610460946502 51 300
0 26 0
0 26 0
10.6558111621163 60 278
8.76178268125793 50 276
20.6080735644167 73 531
44.7885750774355 111 685
16.7266612379469 69 441
9.9873857660467 67 277
13.6610460946502 51 300
15.9704430957648 73 389
0 26 0
0 26 0
0 26 0
6.31180052355024 49 253
13.9147342075544 65 361
40.5452163738305 118 817
0.274708717190266 31 10
0 26 0
48.0854081336159 116 976
107.928880609789 187 1550
0 26 0
0 26 0
0 26 0
0 26 0
1.62995460765176 42 120
0.788670586455862 37 55
41.6979702121995 98 829
13.6610460946502 51 300
0 26 0
0 26 0
5.99602184384762 45 81
0 26 0
6.31180052355024 49 253
26.1095065012779 89 643
0 26 0
0 26 0
11.6829291807782 71 364
18.3541107447679 80 478
15.8539155038793 81 403
0 26 0
13.6610460946502 51 300
16.5292206467063 67 420
13.6610460946502 51 300
14.6582034278769 54 303
0 26 0
13.6610460946502 51 300
8.00458341263965 51 144
0 26 0
10.5343119076829 62 342
36.5230551791816 104 744
0 26 0
33.3238074261556 94 741
29.9761397614317 93 717
0 26 0
29.0609970213912 100 491
20.6080735644167 73 531
43.7024033024999 111 871
17.687246523678 70 471
0 26 0
1.21665406468619 40 91
56.0694203915014 120 1060
0 26 0
13.6610460946502 51 300
25.0714033036109 80 496
13.8135545752598 70 466
12.8210003505571 63 212
1.40621641484993 41 105
15.0597993289615 69 289
8.76178268125793 50 276
23.5800848537876 88 614
13.6610460946502 51 300
22.9111692688151 74 553
40.3917831446756 93 622
27.2091949383761 92 702
13.9147342075544 65 361
0 26 0
0 26 0
51.5652001944514 129 958
34.0796899480854 100 678
6.23969299018798 60 276
0 26 0
17.3862515434447 72 507
103.85076154903 190 1652
21.8898166498115 73 529
24.8972968359364 83 514
1.05391603447025 39 78
0 26 0
10.6558111621163 60 278
0 26 0
0 26 0
6.31180052355024 49 253
0 26 0
24.2412850391447 95 590
0 26 0
61.771611486875 143 1131
35.1383624684499 96 786
50.9593967708864 127 977
0.912606025525192 38 66
21.8898166498115 73 529
8.76178268125793 50 276
13.6610460946502 51 300
0 26 0
78.5768215272865 155 1181
0 26 0
13.6610460946502 51 300
13.6610460946502 51 300
13.6610460946502 51 300
14.9920734626346 73 267
0 26 0
26.0145757205018 91 684
13.6610460946502 51 300
25.8668383478746 92 697
8.76178268125793 50 276
0 26 0
93.666870791781 175 1551
20.3832503753449 75 490
24.0705160268028 103 584
0 26 0
16.8304088851476 68 436
46.2708530913217 114 931
13.6610460946502 51 300
0.919576394792025 34 16
48.4371864421872 121 918
63.4971225561711 147 1201
3.43108334109854 37 25
13.6610460946502 51 300
0.493260571873732 34 28
13.6610460946502 51 300
33.944783745513 102 689
13.6610460946502 51 300
0 26 0
2.63476929830413 45 171
24.806389741347 85 595
0 26 0
4.84150862497053 48 231
0 26 0
0 26 0
0 26 0
0 26 0
0 26 0
0 26 0
3.1604528524637 46 190
4.84150862497053 48 231
13.6610460946502 51 300
11.0128448818948 59 256
28.5676292543252 84 324
0 26 0
13.6610460946502 51 300
62.9493455524047 136 985
15.4577106078149 61 345
0 26 0
8.76178268125793 50 276
22.637164937534 90 660
8.76178268125793 50 276
0 26 0
0.341210580023124 32 15
0 26 0
34.8891695858136 111 706
23.2985937414073 86 591
0.341210580023124 32 15
1.21665406468619 40 91
8.76178268125793 50 276
13.6610460946502 51 300
0 26 0
13.6610460946502 51 300
0.341210580023124 32 15
32.084005611424 85 605
22.9111692688151 74 553
0 26 0
56.3124288607128 135 1150
9.37714798157761 52 277
0 26 0
0 26 0
0 26 0
0 26 0
13.6610460946502 51 300
0 26 0
29.458950793266 87 321
21.836742342986 84 562
0 26 0
32.4085837181091 108 678
19.2381681842534 72 510
34.8704263769995 96 640
13.6610460946502 51 300
0 26 0
13.6610460946502 51 300
0 26 0
13.6610460946502 51 300
3.86104102265725 47 210
47.4221491103184 115 965
0 26 0
76.7310688544405 155 1331
15.7795100539715 61 167
0 26 0
0 26 0
0 26 0
0 26 0
0 26 0
42.6534871375157 108 832
30.6732349753341 102 619
0 26 0
13.6318581003013 79 364
0 26 0
35.9546793457136 103 767
30.6048344736897 102 667
0 26 0
0 26 0
3.11065295667912 51 156
17.3862515434447 72 507
13.6610460946502 51 300
2.22566849895734 44 153
13.6610460946502 51 300
31.919408013445 104 728
10.7108736620357 63 354
13.6610460946502 51 300
43.9577479635092 121 908
0 26 0
13.9147342075544 65 361
0 26 0
0 26 0
36.1046121619475 100 650
0.581175009540804 35 36
13.8135545752598 70 466
61.9753961769318 138 1210
6.31180052355024 49 253
1.62995460765176 42 120
32.5690040416251 95 603
50.4879449621812 130 1049
0 26 0
0 26 0
0 26 0
14.7791347123651 55 306
0 26 0
13.6610460946502 51 300
17.687246523678 70 471
4.70676513128023 41 49
1.12418214063941 32 7
13.6610460946502 51 300
13.6610460946502 51 300
8.76178268125793 50 276
1.40621641484993 41 105
0 26 0
2.22566849895734 44 153
66.8419083263635 146 1196
0 26 0
56.2091707352286 125 998
13.6610460946502 51 300
41.075651491218 112 890
63.6983429696164 137 1184
19.470063721044 73 491
24.2082063263557 85 573
1.21665406468619 40 91
26.7939778170814 95 657
20.6730958042815 82 537
13.6610460946502 51 300
0 26 0
15.5879118062994 62 355
0 26 0
0 26 0
0 26 0
55.8380096701916 132 1084
6.31180052355024 49 253
32.018844999439 95 763
41.6979702121995 98 829
13.6610460946502 51 300
8.76178268125793 50 276
8.76178268125793 50 276
0 26 0
8.70866371794677 53 169
1.21665406468619 40 91
0 26 0
0 26 0
27.4123799284709 91 674
0 26 0
22.4218233590659 86 595
26.03127565781 86 425
20.6080735644167 73 531
4.84150862497053 48 231
12.9275512533784 69 447
47.4847487329344 130 948
33.4563795209149 84 419
27.5610704007398 75 576
18.8845018251623 78 367
32.4490395934237 105 790
35.9411561739536 110 853
19.499319098211 87 602
0 26 0
14.6792394417001 58 119
13.4330950777839 71 322
8.76178268125793 50 276
0 26 0
6.31180052355024 49 253
10.9960674184413 68 424
0 26 0
0 26 0
27.5610704007398 75 576
22.0180918623967 91 520
0 26 0
13.8423529695608 64 224
0 26 0
0.679002380729961 36 45
13.6610460946502 51 300
0 26 0
0 26 0
32.7256758021146 112 724
41.6979702121995 98 829
8.76178268125793 50 276
3.50994357822903 48 191
0 26 0
27.5610704007398 75 576
7.40065554948883 48 84
18.3314910684067 71 490
65.1373108549987 143 917
0.581175009540804 35 36
44.8028575213991 112 900
0 26 0
13.6610460946502 51 300
45.7838500834139 124 964
41.6979702121995 98 829
35.2534096660576 95 760
13.6610460946502 51 300
0 26 0
24.6664056016708 89 651
6.31180052355024 49 253
13.6610460946502 51 300
4.84255794048429 39 26
0 26 0
10.6991037643853 68 336
13.6610460946502 51 300
0 26 0
32.6082717453887 88 624
13.6610460946502 51 300
5.34838629833006 43 64
13.6610460946502 51 300
81.5203991446831 168 1397
14.6582034278769 54 303
7.05895743583868 57 209
35.8091196194811 97 767
9.06655047296374 65 373
0 26 0
0 26 0
16.7266612379469 69 441
48.0003685924682 119 901
1.05391603447025 39 78
13.6610460946502 51 300
2.63476929830413 45 171
0 26 0
83.2097745064373 167 1335
48.725417195113 117 1000
0 26 0
1.40621641484993 41 105
31.8644993293075 92 514
11.8943925480429 65 208
4.26970434795799 49 129
13.9147342075544 65 361
41.6979702121995 98 829
18.3314910684067 71 490
8.76178268125793 50 276
15.7305887821047 63 366
0 26 0
3.1604528524637 46 190
11.2095765779155 73 367
8.76178268125793 50 276
21.6885137319011 86 577
12.8210003505571 63 212
13.6610460946502 51 300
0 26 0
25.2977489142003 79 365
22.6743519057573 89 474
42.4193296771977 113 912
25.7570697822701 101 697
0.102057788557282 28 1
0 26 0
0 26 0
61.9670293716527 134 1151
18.7935185221225 71 484
0 26 0
0 26 0
20.6080735644167 73 531
1.62995460765176 42 120
0 26 0
5.4695950539425 40 28
0 26 0
37.2961149040649 97 807
70.672838909519 141 1270
15.1740207638193 67 400
44.8401932858355 115 950
3.86104102265725 47 210
6.31180052355024 49 253
15.1740207638193 67 400
61.8924759422407 143 1067
59.9326909389245 136 1168
13.6610460946502 51 300
28.9413048313878 93 580
51.6584238229141 128 1000
8.76178268125793 50 276
27.5610704007398 75 576
13.6610460946502 51 300
28.0079768694227 97 539
17.687246523678 70 471
20.6080735644167 73 531
55.5100253842283 128 829
13.6610460946502 51 300
6.31180052355024 49 253
13.6610460946502 51 300
57.6428568077667 138 875
92.1946997904112 171 1300
0.155986182526195 29 3
0 26 0
4.84150862497053 48 231
5.99602184384762 45 81
48.8500630340599 116 970
0 26 0
16.9176729387585 75 377
5.16999718630613 44 49
0 26 0
4.53169827303592 54 186
1.62995460765176 42 120
38.5620693968962 109 824
27.5610704007398 75 576
1.4883427497937 31 4
18.9574408448901 64 332
16.0708385153092 65 391
38.9336972932139 112 888
1.21665406468619 40 91
0 26 0
27.5610704007398 75 576
0 26 0
3.86104102265725 47 210
16.3598481851861 75 406
27.5610704007398 75 576
4.84150862497053 48 231
22.8862870248076 74 421
13.6610460946502 51 300
30.9974923804353 94 739
0 26 0
41.6979702121995 98 829
0.413700441811392 33 21
13.6610460946502 51 300
0 26 0
0.788670586455862 37 55
0 26 0
0 26 0
0.679002380729961 36 45
3.1604528524637 46 190
19.2381681842534 72 510
16.3351681788431 76 396
0 26 0
41.6979702121995 98 829
8.76178268125793 50 276
13.6610460946502 51 300
13.6610460946502 51 300
70.9777344536887 139 842
13.6610460946502 51 300
13.6610460946502 51 300
26.5107911623556 94 521
0 26 0
8.76178268125793 50 276
1.21665406468619 40 91
0 26 0
3.43108334109854 37 25
0 26 0
37.2961149040649 97 807
13.6610460946502 51 300
22.9111692688151 74 553
13.6610460946502 51 300
17.9836876380462 84 564
13.6610460946502 51 300
0 26 0
10.8584649454188 72 404
54.8166570511879 131 1065
0 26 0
0 26 0
49.7613534570164 131 983
2.22566849895734 44 153
0.102057788557282 28 1
7.33666681175782 61 291
2.22566849895734 44 153
13.9147342075544 65 361
17.2126294327171 84 496
0.581175009540804 35 36
16.7266612379469 69 441
0 26 0
17.2053607394355 69 453
8.76178268125793 50 276
13.6610460946502 51 300
24.8326237056675 97 611
0 26 0
32.9310308017987 101 685
13.6610460946502 51 300
0.788670586455862 37 55
37.2961149040649 97 807
2.22566849895734 44 153
7.01062763145605 62 310
25.4521225869657 75 247
0 26 0
14.0630288712664 81 497
42.1602828214846 117 854
18.1722727887009 72 412
23.8902637228703 87 592
10.2928922078656 50 85
0 26 0
41.6979702121995 98 829
15.1740207638193 67 400
0 26 0
19.1006971475843 78 522
22.4413651714208 89 634
21.8898166498115 73 529
51.3051734748153 121 880
13.6610460946502 51 300
37.9952719423088 98 617
0 26 0
13.6610460946502 51 300
25.4176902793959 100 495
0 26 0
13.6610460946502 51 300
0 26 0
12.8383158958765 63 324
41.5678659554361 120 754
13.6610460946502 51 300
8.76178268125793 50 276
15.1293799342645 59 104
11.4557170279868 66 396
0 26 0
0 26 0
0 26 0
27.5610704007398 75 576
13.6610460946502 51 300
27.5610704007398 75 576
27.6084910953451 92 452
0 26 0
21.8898166498115 73 529
31.5092523838614 92 694
17.3862515434447 72 507
13.6610460946502 51 300
16.7485985205068 71 376
8.1647404665065 64 234
20.6080735644167 73 531
0 26 0
36.8380371832288 113 752
4.84150862497053 48 231
0 26 0
29.4235839427661 90 571
0 26 0
27.5610704007398 75 576
0 26 0
48.8500630340599 116 970
0 26 0
10.8810278525787 59 298
3.86104102265725 47 210
18.7935185221225 71 484
20.6080735644167 73 531
29.9074460723685 96 619
1.4883427497937 31 4
13.6610460946502 51 300
13.6610460946502 51 300
17.5972415657456 69 421
33.1718057888541 102 571
41.5505567734072 109 626
0 26 0
0 26 0
38.9684727046945 101 756
41.5813649242363 114 784
27.5610704007398 75 576
0 26 0
0 26 0
23.1506728686468 87 610
0 26 0
23.2985937414073 86 591
27.5610704007398 75 576
8.76178268125793 50 276
0 26 0
0 26 0
6.31180052355024 49 253
0 26 0
42.5161130729175 108 748
12.8383158958765 63 324
22.5331382895008 87 444
0 26 0
11.0128448818948 59 256
0 26 0
0 26 0
19.9612824176885 76 248
0 26 0
13.6610460946502 51 300
3.86104102265725 47 210
0 26 0
20.6080735644167 73 531
10.5432625395427 71 328
2.63476929830413 45 171
13.9147342075544 65 361
27.5610704007398 75 576
13.6610460946502 51 300
16.7266612379469 69 441
13.6610460946502 51 300
0 26 0
0 26 0
13.6610460946502 51 300
15.1740207638193 67 400
13.8375552374518 71 378
0 26 0
0 26 0
0 26 0
84.3451785860299 162 1262
0 26 0
0.341210580023124 32 15
36.8115805580712 99 661
28.7949865817415 90 595
0 26 0
26.5184228979641 94 604
3.1604528524637 46 190
16.6599082629914 73 272
24.7251279835271 84 484
33.944783745513 102 689
19.2381681842534 72 510
13.6610460946502 51 300
27.5610704007398 75 576
0 26 0
0 26 0
33.3238074261556 94 741
3.1604528524637 46 190
7.80539713211706 61 269
13.6610460946502 51 300
0.155986182526195 29 3
0.912606025525192 38 66
0 26 0
0 26 0
7.98530272334543 61 319
8.76178268125793 50 276
44.0826361592149 94 468
44.4562980490275 112 884
4.84150862497053 48 231
0 26 0
32.8947664179189 96 556
0 26 0
21.862181725514 75 532
24.1874381252193 81 557
0 26 0
3.86104102265725 47 210
1.89815462170043 43 136
0 26 0
0 26 0
8.78870619575619 55 130
8.00458341263965 51 144
74.2295282149014 146 1200
13.6610460946502 51 300
0 26 0
0 26 0
14.8927090417402 56 310
0 26 0
10.4071249469696 62 202
27.4577837402719 82 299
13.6610460946502 51 300
13.6610460946502 51 300
0 26 0
17.9446091938839 71 426
0 26 0
0 26 0
21.8898166498115 73 529
0 26 0
13.6610460946502 51 300
6.31180052355024 49 253
0 26 0
16.9691826256074 76 332
0 26 0
0 26 0
8.84659858314838 71 358
2.63476929830413 45 171
20.2667054225225 87 492
13.6610460946502 51 300
9.48723724640114 53 279
42.3148399893692 108 798
5.34838629833006 43 64
0 26 0
13.6610460946502 51 300
0 26 0
11.8739869809029 60 142
8.76178268125793 50 276
13.6610460946502 51 300
0 26 0
0 26 0
34.0939529122433 115 785
33.0323246549568 94 747
17.8279051299345 67 360
41.1027598659328 111 889
32.0019127166968 92 712
0 26 0
8.76178268125793 50 276
0 26 0
40.1514303777503 102 745
13.6610460946502 51 300
22.9731373179598 87 594
2.63476929830413 45 171
4.86679408100565 48 111
62.6456111176114 140 897
3.23528667309744 45 83
0 26 0
64.8898463943793 139 1231
0 26 0
33.9234847242329 102 715
41.6979702121995 98 829
10.1173721710347 59 312
0.493260571873732 34 28
43.7917383941204 115 960
0 26 0
0 26 0
0 26 0
0 26 0
28.2048236400218 84 554
29.3971006070214 78 579
0 26 0
11.8449470092184 63 224
0 26 0
0 26 0
0 26 0
0 26 0
0.274708717190266 31 10
0 26 0
4.02470662644395 42 44
0 26 0
69.8661303034699 150 1256
26.392440145031 91 569
0 26 0
0 26 0
0 26 0
0 26 0
0 26 0
27.5610704007398 75 576
13.6610460946502 51 300
42.4193296771977 113 912
18.1988875707295 82 517
25.1424466670388 92 604
0 26 0
17.687246523678 70 471
35.2534096660576 95 760
0 26 0
45.4313201475502 126 850
13.6610460946502 51 300
13.6610460946502 51 300
27.5610704007398 75 576
11.883327656384 61 289
35.8565179275477 90 625
3.86104102265725 47 210
1.05391603447025 39 78
0 26 0
11.1630219233213 66 381
38.4879169122242 104 724
0 26 0
0.274708717190266 31 10
0 26 0
3.43108334109854 37 25
17.9075147574857 81 487
0 26 0
0 26 0
3.86104102265725 47 210
2.50389360066935 38 31
4.97104440748661 58 256
0 26 0
0.102057788557282 28 1
0 26 0
76.9954351731807 157 1122
0 26 0
16.7986544784001 85 563
0 26 0
0 26 0
96.9785345634071 176 1459
0 26 0
31.5092523838614 92 694
13.6610460946502 51 300
1.21665406468619 40 91
13.6610460946502 51 300
0 26 0
17.3862515434447 72 507
18.6543616393633 88 536
0 26 0
13.6610460946502 51 300
8.15772636261661 63 326
63.2152806947613 129 878
0.581175009540804 35 36
8.76178268125793 50 276
15.7305887821047 63 366
0.493260571873732 34 28
8.76178268125793 50 276
0 26 0
3.86104102265725 47 210
37.2961149040649 97 807
0 26 0
0 26 0
37.2961149040649 97 807
6.31180052355024 49 253
13.6610460946502 51 300
32.4423214681836 93 729
13.6610460946502 51 300
39.8424885869749 113 722
10.1117055722339 61 170
37.8454307611538 108 818
8.76178268125793 50 276
13.6610460946502 51 300
0.679002380729961 36 45
0 26 0
8.76178268125793 50 276
0 26 0
13.6610460946502 51 300
0 26 0
13.6610460946502 51 300
13.6610460946502 51 300
41.8136506256813 111 898
8.76178268125793 50 276
7.32070963146195 49 121
6.652425560351 47 100
27.4231232881804 91 681
35.2534096660576 95 760
48.0854081336159 116 976
0 26 0
13.9147342075544 65 361
13.6610460946502 51 300
22.9111692688151 74 553
0 26 0
87.9799406682903 152 934
15.3502582818385 69 367
0 26 0
84.3747287445126 169 1416
12.9275512533784 69 447
0 26 0
13.6610460946502 51 300
17.4093038043192 58 309
5.03080652259363 56 214
1.34775046764208 35 18
16.3598481851861 75 406
0 26 0
6.31180052355024 49 253
23.3461687705676 81 472
45.1823672344453 120 856
5.85308629080619 53 199
0 26 0
0 26 0
4.84150862497053 48 231
0 26 0
27.5610704007398 75 576
0 26 0
0 26 0
0 26 0
0 26 0
13.6610460946502 51 300
0 26 0
21.8898166498115 73 529
0 26 0
46.4757441846273 125 942
0 26 0
0 26 0
25.5713447557152 90 603
21.8898166498115 73 529
0 26 0
22.9111692688151 74 553
41.6979702121995 98 829
5.34838629833006 43 64
50.3588084018381 124 934
20.6080735644167 73 531
0.155986182526195 29 3
13.9147342075544 65 361
27.5610704007398 75 576
3.86104102265725 47 210
8.76178268125793 50 276
0 26 0
13.6610460946502 51 300
0 26 0
17.6853563320868 68 274
0 26 0
49.2141802652623 124 859
15.8898109812437 64 378
1.40621641484993 41 105
13.6610460946502 51 300
55.1081437896556 140 1068
0 26 0
0.155986182526195 29 3
6.31180052355024 49 253
0 26 0
0 26 0
13.6610460946502 51 300
0 26 0
13.6610460946502 51 300
25.6615990023475 86 427
6.53621357275047 45 53
10.0825155028093 72 362
41.8358706999601 115 669
10.073389049907 64 343
12.680366610869 66 317
0 26 0
0.341210580023124 32 15
0.341210580023124 32 15
13.6610460946502 51 300
21.5526630296082 63 115
27.5610704007398 75 576
8.76178268125793 50 276
10.073389049907 64 343
27.5610704007398 75 576
0 26 0
13.6610460946502 51 300
15.8898109812437 64 378
21.8898166498115 73 529
77.4842053505836 149 1131
0 26 0
18.7935185221225 71 484
11.883327656384 61 289
0 26 0
16.2730824518193 83 410
0 26 0
12.296582226655 68 429
24.9053703629872 76 394
59.2685900954181 141 887
40.309529292976 112 685
63.9558994638704 136 1103
16.8304088851476 68 436
13.6610460946502 51 300
1.40621641484993 41 105
22.9111692688151 74 553
1.21665406468619 40 91
32.6741014978754 99 732
0 26 0
8.76178268125793 50 276
29.9761397614317 93 717
13.6610460946502 51 300
0 26 0
13.6610460946502 51 300
0 26 0
0.581175009540804 35 36
1.89815462170043 43 136
0 26 0
0 26 0
0 26 0
13.6610460946502 51 300
36.6943505319704 102 747
0 26 0
0 26 0
1.21665406468619 40 91
0 26 0
26.6109104086249 98 659
13.6134982076496 52 74
0 26 0
6.31180052355024 49 253
10.4661359622057 67 402
15.4577106078149 61 345
0.934252815156603 36 29
22.9111692688151 74 553
73.2075306234819 154 1321
28.7738831591642 93 610
0 26 0
0 26 0
6.31180052355024 49 253
27.0900543614949 91 676
0 26 0
13.6610460946502 51 300
13.6610460946502 51 300
18.8198088637931 78 427
0 26 0
21.8898166498115 73 529
0 26 0
24.1944950233916 77 404
6.31180052355024 49 253
64.719580562473 150 1072
0 26 0
22.9111692688151 74 553
27.5610704007398 75 576
22.1585671201637 79 483
0.341210580023124 32 15
41.6453872168116 108 814
40.5435650440934 112 894
0 26 0
8.76178268125793 50 276
27.5610704007398 75 576
70.6258080348516 148 1243
48.0319709881009 124 991
85.5053452562282 161 1460
0 26 0
0.102057788557282 28 1
38.6591569174621 108 834
56.1322399524426 129 795
0 26 0
13.6610460946502 51 300
13.6610460946502 51 300
0 26 0
15.1740207638193 67 400
3.63968638381955 47 102
46.5054613214273 108 805
0 26 0
41.6979702121995 98 829
32.9784724241096 110 696
0 26 0
26.0145757205018 91 684
0 26 0
13.6610460946502 51 300
2.22566849895734 44 153
0 26 0
41.4257600602468 101 590
14.4131748531962 68 334
13.6610460946502 51 300
21.8898166498115 73 529
26.3910273094673 90 653
0 26 0
0 26 0
19.2381681842534 72 510
0 26 0
0 26 0
0 26 0
20.6080735644167 73 531
8.76178268125793 50 276
0 26 0
20.6080735644167 73 531
0.788670586455862 37 55
15.1740207638193 67 400
26.1095065012779 89 643
43.8060326630425 117 796
8.00458341263965 51 144
0 26 0
16.7266612379469 69 441
114.872663241937 204 1739
0 26 0
55.7348467856503 134 935
16.7850269133621 72 410
8.85836861512156 62 295
0 26 0
26.678617976762 97 611
24.4750328770116 77 556
0 26 0
0 26 0
56.6312120934821 133 1110
0 26 0
13.6610460946502 51 300
1.05391603447025 39 78
0 26 0
13.6610460946502 51 300
2.22566849895734 44 153
25.7755028586733 94 447
41.6979702121995 98 829
13.6610460946502 51 300
29.2239778021829 97 664
27.5610704007398 75 576
92.2370806963974 169 1488
13.6610460946502 51 300
47.2268355958771 114 885
13.3102969154685 63 209
29.7446636913071 80 586
44.4562980490275 112 884
0 26 0
0 26 0
33.6410922018441 91 595
3.11065295667912 51 156
14.4495606744575 70 463
0 26 0
0 26 0
48.2753755495608 123 901
13.6610460946502 51 300
3.1604528524637 46 190
4.15996420749791 35 10
27.5610704007398 75 576
1.30376431292588 40 58
13.6610460946502 51 300
41.6979702121995 98 829
0 26 0
19.2381681842534 72 510
13.6610460946502 51 300
8.76178268125793 50 276
0 26 0
37.8246458928947 108 811
20.2565144939579 80 502
13.6610460946502 51 300
8.76178268125793 50 276
13.6610460946502 51 300
0 26 0
0 26 0
13.6610460946502 51 300
4.84150862497053 48 231
4.84150862497053 48 231
24.3172811306981 78 469
0 26 0
6.31180052355024 49 253
9.7192887868613 61 267
29.2768695755939 80 392
13.6610460946502 51 300
0 26 0
27.5610704007398 75 576
17.4540940397588 65 346
0 26 0
8.76178268125793 50 276
0 26 0
0 26 0
0.413700441811392 33 21
13.6610460946502 51 300
0 26 0
31.3556111495405 92 700
17.4652006764431 68 208
0 26 0
12.7096250036754 56 136
0 26 0
15.1740207638193 67 400
0 26 0
0 26 0
0 26 0
13.6610460946502 51 300
3.1604528524637 46 190
3.1604528524637 46 190
0 26 0
27.6348678731378 86 589
0 26 0
0 26 0
27.5610704007398 75 576
0 26 0
18.7935185221225 71 484
11.1630219233213 66 381
13.6610460946502 51 300
0 26 0
30.6122923942727 86 631
18.7935185221225 71 484
0 26 0
8.76178268125793 50 276
27.5610704007398 75 576
13.6610460946502 51 300
35.2534096660576 95 760
0 26 0
45.3553788401742 99 641
46.2139102488064 114 937
0 26 0
8.76178268125793 50 276
0 26 0
0 26 0
0 26 0
8.76178268125793 50 276
8.76178268125793 50 276
20.6080735644167 73 531
16.7266612379469 69 441
6.0262592384776 57 227
16.2807174514919 66 405
16.8304088851476 68 436
13.6610460946502 51 300
48.3424409661288 131 917
0 26 0
27.5610704007398 75 576
14.5006244862302 77 457
7.74897945087095 53 112
19.2381681842534 72 510
0 26 0
0 26 0
9.57181590041623 51 88
0 26 0
47.2813817793344 124 921
1.89815462170043 43 136
0 26 0
29.5493363799253 100 654
0 26 0
8.76178268125793 50 276
0 26 0
27.5610704007398 75 576
20.5237140065262 86 598
78.4801680054154 143 1056
13.6610460946502 51 300
3.86104102265725 47 210
0 26 0
13.6610460946502 51 300
27.5610704007398 75 576
26.2750935752429 90 665
0 26 0
17.2053607394355 69 453
46.2139102488064 114 937
0 26 0
14.8070966177947 79 484
6.31180052355024 49 253
13.6610460946502 51 300
13.6610460946502 51 300
0.341210580023124 32 15
0 26 0
76.5463602781642 144 1145
6.02920429616317 60 220
2.79133790966297 35 16
0 26 0
3.1604528524637 46 190
0 26 0
0 26 0
6.92599443466748 55 143
0 26 0
0 26 0
13.9147342075544 65 361
22.9111692688151 74 553
13.6610460946502 51 300
8.76178268125793 50 276
0 26 0
0 26 0
71.4226555307715 155 1174
3.1604528524637 46 190
29.3196281823246 101 563
0 26 0
0 26 0
0 26 0
31.5092523838614 92 694
0 26 0
28.6889202047833 93 724
55.1463798927153 122 1042
18.9645368515666 67 357
13.6610460946502 51 300
0 26 0
0 26 0
0 26 0
14.1921615873343 79 451
4.84150862497053 48 231
23.6952129077439 87 600
0 26 0
0 26 0
17.4870579501167 75 378
31.6585399555554 91 696
0 26 0
0 26 0
22.8518505593766 87 604
8.76178268125793 50 276
13.6610460946502 51 300
68.864771179049 152 1292
29.626897441586 99 640
35.1176695050141 106 773
49.8714156530635 117 994
8.76178268125793 50 276
0.788670586455862 37 55
1.89815462170043 43 136
13.6610460946502 51 300
0 26 0
46.6004413691692 124 984
12.7096250036754 56 136
0 26 0
37.2961149040649 97 807
21.1992768644241 68 344
31.7861085431853 94 375
20.6080735644167 73 531
13.6610460946502 51 300
8.76178268125793 50 276
0 26 0
13.6610460946502 51 300
0 26 0
64.2054716454151 150 1106
0 26 0
0 26 0
18.2880157940661 85 567
2.96263672127314 40 43
5.83515733896603 57 202
0 26 0
17.687246523678 70 471
0 26 0
0 26 0
11.883327656384 61 289
26.2531039021812 88 644
2.22566849895734 44 153
0 26 0
0 26 0
0 26 0
0 26 0
9.61910726888536 46 45
75.1540005261434 154 1109
13.6610460946502 51 300
20.5121283817758 74 289
12.5477576586569 68 421
52.4091359220932 133 955
46.44382853717 101 384
8.76178268125793 50 276
44.2003719398609 118 677
26.4921589373512 87 587
21.6131887651916 83 550
16.7983332254914 81 376
0 26 0
0 26 0
2.08713079821701 39 38
13.6610460946502 51 300
0 26 0
0 26 0
0 26 0
21.8898166498115 73 529
49.1785136815762 129 1036
6.31180052355024 49 253
47.7876457383568 134 963
0 26 0
12.8383158958765 63 324
13.6610460946502 51 300
10.5343119076829 62 342
6.31180052355024 49 253
0 26 0
13.6610460946502 51 300
27.5610704007398 75 576
22.9111692688151 74 553
0 26 0
39.4032709528269 100 720
9.48723724640114 53 279
0 26 0
0 26 0
14.4495606744575 70 463
14.7094623924722 65 325
43.8188406668319 114 929
0 26 0
13.6610460946502 51 300
13.6610460946502 51 300
29.8748543503693 90 661
13.6610460946502 51 300
1.58822294935762 34 13
85.414136205669 173 1322
27.5610704007398 75 576
28.66980915206 88 624
17.3862515434447 72 507
13.6610460946502 51 300
4.39592869808954 56 219
22.9111692688151 74 553
0 26 0
33.0323246549568 94 747
20.4211578508581 80 478
0 26 0
0 26 0
0 26 0
0 26 0
0 26 0
1.58822294935762 34 13
0 26 0
71.1648253854746 152 1277
11.8238589713273 67 412
0 26 0
8.76178268125793 50 276
0 26 0
6.31180052355024 49 253
0 26 0
3.86104102265725 47 210
3.86104102265725 47 210
0.341210580023124 32 15
1.40621641484993 41 105
63.6983429696164 137 1184
0 26 0
11.0128448818948 59 256
13.6610460946502 51 300
0 26 0
44.7885750774355 111 685
13.6610460946502 51 300
36.2747622850612 96 784
32.0044138515488 98 611
0 26 0
46.4481323249848 112 920
38.874535473418 107 841
0 26 0
23.2775013002158 81 355
0.341210580023124 32 15
27.5610704007398 75 576
23.5044505728703 94 526
0 26 0
25.3973311755418 96 672
17.1564089137572 78 449
18.7935185221225 71 484
30.9974923804353 94 739
19.2381681842534 72 510
27.2964461942465 91 689
27.5610704007398 75 576
41.6979702121995 98 829
0 26 0
33.1852049300479 106 773
0 26 0
10.9960674184413 68 424
13.6610460946502 51 300
0 26 0
0.493260571873732 34 28
0 26 0
0 26 0
10.5343119076829 62 342
19.0699422212725 77 260
43.828358438391 111 620
2.63476929830413 45 171
10.0284098006151 57 159
0 26 0
13.6610460946502 51 300
15.5879118062994 62 355
10.8810278525787 59 298
46.4285668079691 122 943
0 26 0
27.5610704007398 75 576
17.3862515434447 72 507
0 26 0
0 26 0
3.1604528524637 46 190
0 26 0
13.9147342075544 65 361
43.9536396621194 118 796
13.6610460946502 51 300
55.1673867904639 133 800
3.86104102265725 47 210
27.5610704007398 75 576
41.6979702121995 98 829
13.6610460946502 51 300
44.5160732524044 114 696
13.6610460946502 51 300
13.6610460946502 51 300
0 26 0
1.40621641484993 41 105
0.493260571873732 34 28
60.1517632710785 135 866
12.8383158958765 63 324
0 26 0
0 26 0
59.5751942565768 123 1063
16.1962841184989 85 479
56.1000475573726 126 1060
43.6496367941947 110 865
0 26 0
8.76178268125793 50 276
3.86104102265725 47 210
13.6610460946502 51 300
0.413700441811392 33 21
16.5966354512093 73 297
0.679002380729961 36 45
0 26 0
0.213253584415411 30 6
0 26 0
0 26 0
54.1018548553702 131 1075
18.7935185221225 71 484
25.3946398960819 90 655
26.7114587267917 84 556
47.4951271038127 117 677
0 26 0
27.5610704007398 75 576
20.8549126450179 87 612
0 26 0
13.6610460946502 51 300
29.2269349707652 93 721
3.1604528524637 46 190
0 26 0
22.9111692688151 74 553
69.1478005853808 143 1237
8.76178268125793 50 276
1.89815462170043 43 136
3.86104102265725 47 210
53.4347183620118 132 939
26.2531039021812 88 644
56.0694203915014 120 1060
1.62995460765176 42 120
22.8518505593766 87 604
13.6610460946502 51 300
56.1844274480328 130 933
0 26 0
2.22566849895734 44 153
10.2685903538502 62 205
13.6610460946502 51 300
64.8431973583952 134 1028
13.6610460946502 51 300
27.5610704007398 75 576
0 26 0
8.76178268125793 50 276
0 26 0
2.22566849895734 44 153
13.6610460946502 51 300
15.3821530777554 67 340
12.5477576586569 68 421
51.6543369290479 119 794
13.6610460946502 51 300
0 26 0
11.1630219233213 66 381
8.96407904771481 43 32
0 26 0
0.912606025525192 38 66
4.84150862497053 48 231
20.6080735644167 73 531
0 26 0
60.5530439409882 135 1049
20.1576628620792 94 581
49.3637935851325 132 932
18.3314910684067 71 490
10.4661359622057 67 402
13.6610460946502 51 300
0 26 0
0 26 0
0 26 0
3.86104102265725 47 210
0 26 0
13.6610460946502 51 300
10.00245692159 58 304
18.3314910684067 71 490
0 26 0
1.40621641484993 41 105
0 26 0
27.5610704007398 75 576
13.6610460946502 51 300
0 26 0
0 26 0
56.0694203915014 120 1060
0 26 0
13.6610460946502 51 300
6.31180052355024 49 253
7.92439725917807 59 226
25.3444834433652 92 516
12.8383158958765 63 324
3.02869422036111 51 164
26.7173840457819 86 571
20.7335439927701 85 425
0 26 0
0 26 0
0 26 0
0 26 0
27.5610704007398 75 576
61.9753961769318 138 1210
3.1604528524637 46 190
21.8898166498115 73 529
0 26 0
3.42565167967909 42 57
0 26 0
0 26 0
8.76178268125793 50 276
5.87410629313342 56 259
13.6610460946502 51 300
8.76178268125793 50 276
20.7189553199855 78 471
28.6889202047833 93 724
75.090992854756 155 1201
13.6610460946502 51 300
44.3225202367399 123 925
7.81405995749191 60 308
31.5092523838614 92 694
81.7025296335027 167 1158
0 26 0
2.69623163918256 48 119
2.22566849895734 44 153
1.62995460765176 42 120
43.8188406668319 114 929
0 26 0
6.31180052355024 49 253
50.4819807545935 121 860
17.2053607394355 69 453
13.6610460946502 51 300
106.401588766988 190 1598
6.31180052355024 49 253
27.4231232881804 91 681
0 26 0
17.3862515434447 72 507
0 26 0
0.788670586455862 37 55
0 26 0
13.6610460946502 51 300
14.2379017208835 76 350
0 26 0
0 26 0
13.6610460946502 51 300
13.6610460946502 51 300
27.5610704007398 75 576
0 26 0
22.7797905827743 81 511
13.6610460946502 51 300
13.6610460946502 51 300
27.5610704007398 75 576
21.8898166498115 73 529
45.0660824452008 106 466
14.8507918577063 73 323
0 26 0
0 26 0
59.4461812674967 133 1102
29.6195243280751 98 619
31.2800467632259 105 758
17.7746705654285 79 452
8.15772636261661 63 326
0 26 0
24.0397062412033 80 432
8.70866371794677 53 169
11.4557170279868 66 396
4.84150862497053 48 231
31.5092523838614 92 694
37.2961149040649 97 807
0 26 0
0 26 0
18.3314910684067 71 490
2.22566849895734 44 153
0 26 0
0 26 0
26.8642701657694 104 744
3.1604528524637 46 190
0 26 0
0 26 0
28.8757989329952 101 556
0 26 0
44.6061949272235 115 631
0 26 0
0.581175009540804 35 36
0 26 0
1.21665406468619 40 91
8.76178268125793 50 276
14.8927090417402 56 310
18.0855792779664 80 394
6.31180052355024 49 253
6.23969299018798 60 276
0 26 0
19.2381681842534 72 510
30.8980553944414 103 710
20.5581448539583 81 501
18.7935185221225 71 484
0.788670586455862 37 55
22.9078809925352 82 567
61.3163961069698 133 897
8.76178268125793 50 276
45.049876827851 109 820
0 26 0
13.6610460946502 51 300
27.5610704007398 75 576
4.70676513128023 41 49
23.7403501161407 90 583
13.6610460946502 51 300
2.22566849895734 44 153
21.8898166498115 73 529
0 26 0
13.6610460946502 51 300
8.76178268125793 50 276
13.6610460946502 51 300
7.05036499741734 56 211
0 26 0
0 26 0
0 26 0
0 26 0
31.6585399555554 91 696
0.493260571873732 34 28
50.8927682720672 118 1017
4.84150862497053 48 231
31.5071919739733 93 496
47.6366327816792 123 736
0 26 0
53.1443771437828 125 765
8.76178268125793 50 276
8.76178268125793 50 276
13.6610460946502 51 300
0 26 0
2.63476929830413 45 171
3.86104102265725 47 210
3.1604528524637 46 190
0 26 0
0 26 0
0 26 0
0 26 0
45.8717291639638 125 950
0 26 0
30.0535002124967 82 412
0 26 0
13.9250897042276 70 305
0 26 0
0 26 0
51.4595428987989 120 982
20.6080735644167 73 531
8.76178268125793 50 276
26.0172552274689 77 386
13.6610460946502 51 300
2.22566849895734 44 153
12.111516137669 68 364
0 26 0
13.5040618454716 73 359
0 26 0
0 26 0
8.76178268125793 50 276
4.03250229932317 53 211
0 26 0
0 26 0
16.8304088851476 68 436
0.413700441811392 33 21
0 26 0
10.4661359622057 67 402
10.9960674184413 68 424
27.5610704007398 75 576
18.3314910684067 71 490
8.76178268125793 50 276
18.7935185221225 71 484
22.1585671201637 79 483
36.2747622850612 96 784
0 26 0
1.40621641484993 41 105
30.3062944851982 99 509
0 26 0
110.032889700839 197 1448
27.5610704007398 75 576
13.6610460946502 51 300
0 26 0
15.1740207638193 67 400
0 26 0
13.6610460946502 51 300
0 26 0
8.76178268125793 50 276
29.2269349707652 93 721
45.7901401445278 111 833
39.2991502693158 121 900
0 26 0
0 26 0
0 26 0
0 26 0
0 26 0
8.76178268125793 50 276
16.2807174514919 66 405
27.5610704007398 75 576
28.5634732593173 101 490
3.4828786331428 51 150
13.7834306278906 68 280
0 26 0
15.7305887821047 63 366
13.6610460946502 51 300
3.86104102265725 47 210
0 26 0
0 26 0
0 26 0
13.6610460946502 51 300
27.5610704007398 75 576
6.652425560351 47 100
3.1604528524637 46 190
1.05391603447025 39 78
13.6610460946502 51 300
0 26 0
13.6610460946502 51 300
44.8401932858355 115 953
13.6610460946502 51 300
6.31180052355024 49 253
15.0235355191801 67 362
8.76178268125793 50 276
0 26 0
0 26 0
13.6610460946502 51 300
8.76178268125793 50 276
8.76178268125793 50 276
17.2053607394355 69 453
0 26 0
0 26 0
0 26 0
0.413700441811392 33 21
16.5292206467063 67 420
81.8731646532419 166 1380
32.018844999439 95 763
1.05391603447025 39 78
32.0726940798077 96 550
76.7320881056674 156 1031
6.31180052355024 49 253
59.4461812674967 133 1102
0 26 0
26.0145757205018 91 684
26.2531039021812 88 644
22.5867015506896 79 461
0 26 0
22.9111692688151 74 553
0 26 0
6.97607870738124 53 235
35.501702560178 103 727
0 26 0
0 26 0
0 26 0
8.76178268125793 50 276
0 26 0
0 26 0
22.9111692688151 74 553
50.9176345052362 127 825
0 26 0
13.6610460946502 51 300
13.4401256695362 61 295
0 26 0
0 26 0
26.5894915739711 96 548
0 26 0
0 26 0
31.5092523838614 92 694
65.7410482076237 139 1229
36.7697517275728 105 802
79.7951267114515 158 1400
18.313734101256 83 517
87.7249215251752 172 1473
0 26 0
9.43891371669793 55 196
0 26 0
17.2053607394355 69 453
0 26 0
98.5322178230525 182 1362
4.84150862497053 48 231
11.1600055146894 65 381
32.4423214681836 93 729
22.9111692688151 74 553
0 26 0
18.949153767878 76 464
27.5610704007398 75 576
0 26 0
7.81405995749191 60 308
39.4437314936148 111 877
8.76178268125793 50 276
22.9111692688151 74 553
41.6979702121995 98 829
0 26 0
6.31180052355024 49 253
15.1115557606056 58 321
16.9749151087207 75 277
13.6610460946502 51 300
26.5265787017257 89 658
35.2534096660576 95 760
0 26 0
0 26 0
4.84150862497053 48 231
22.9111692688151 74 553
21.8898166498115 73 529
41.6979702121995 98 829
0 26 0
0 26 0
19.2643530544784 82 505
3.86104102265725 47 210
0 26 0
2.14553475964307 33 9
30.4808523591661 94 635
13.6610460946502 51 300
0 26 0
0 26 0
25.9713253673917 94 589
0 26 0
41.6979702121995 98 829
0 26 0
13.6610460946502 51 300
0 26 0
0 26 0
41.6979702121995 98 829
13.6610460946502 51 300
0 26 0
13.6610460946502 51 300
0 26 0
0 26 0
4.84150862497053 48 231
0 26 0
49.8999631759101 118 1019
7.58961661221179 55 132
0 26 0
19.7107525574243 84 404
0 26 0
0 26 0
49.6915248613948 126 900
3.67766783580366 52 136
2.84497486540827 47 102
55.0787830469495 133 936
0 26 0
0.581175009540804 35 36
13.6610460946502 51 300
33.3238074261556 94 741
0 26 0
107.183587806772 194 1718
13.6610460946502 51 300
0 26 0
23.5800848537876 88 614
14.7791347123651 55 306
13.6610460946502 51 300
54.6145272408882 130 980
27.5610704007398 75 576
18.7935185221225 71 484
16.0708385153092 65 391
0 26 0
0.102057788557282 28 1
13.6610460946502 51 300
0 26 0
0 26 0
48.2374849750802 127 861
27.833658146137 91 605
0 26 0
6.31180052355024 49 253
7.0129198070777 62 322
3.12984509403074 51 174
0 26 0
20.6026582318846 77 425
7.66438871921882 59 298
0 26 0
27.3749565741774 89 508
2.74323274279681 47 106
0 26 0
0 26 0
8.76178268125793 50 276
50.8927682720672 118 1017
0.155986182526195 29 3
33.0323246549568 94 747
0 26 0
1.05391603447025 39 78
27.5610704007398 75 576
36.2747622850612 96 784
13.6610460946502 51 300
0 26 0
0 26 0
0 26 0
13.6610460946502 51 300
13.7474019636847 74 444
0 26 0
13.2203358769154 75 382
13.6610460946502 51 300
13.6610460946502 51 300
0 26 0
0 26 0
38.9251844159944 108 719
0 26 0
0 26 0
41.075651491218 112 890
8.76178268125793 50 276
10.9707019383626 56 283
27.4923028034002 95 503
11.5838976558878 50 67
0 26 0
0 26 0
8.76178268125793 50 276
32.0019127166968 92 712
0 26 0
0 26 0
5.34682478570625 54 203
18.3314910684067 71 490
13.6610460946502 51 300
0 26 0
6.31180052355024 49 253
3.1604528524637 46 190
0 26 0
22.9111692688151 74 553
24.0386676667759 85 494
37.2443632195637 116 832
20.6080735644167 73 531
27.6348678731378 86 589
13.6610460946502 51 300
3.43108334109854 37 25
36.3043601531716 107 699
13.6610460946502 51 300
13.6610460946502 51 300
13.6610460946502 51 300
4.89472037632714 57 231
0 26 0
13.6610460946502 51 300
7.32070963146195 49 121
5.75782745634368 55 252
0 26 0
0 26 0
8.76178268125793 50 276
0 26 0
0 26 0
58.9113383199209 135 1145
25.6428156206756 92 620
3.86104102265725 47 210
0 26 0
77.4954048074655 158 1308
25.3946398960819 90 655
0 26 0
75.2212044218548 155 1281
37.2961149040649 97 807
2.04677751966973 36 21
32.0019127166968 92 712
85.5022747378303 170 1448
13.6610460946502 51 300
1.23946556206268 39 48
3.09941520956242 49 127
35.5654331464857 106 787
27.5610704007398 75 576
0 26 0
13.6610460946502 51 300
0 26 0
0 26 0
23.2348418273471 84 586
6.31180052355024 49 253
55.0550926482289 127 780
20.6080735644167 73 531
12.7096250036754 56 136
21.8898166498115 73 529
13.6610460946502 51 300
67.6780603537723 147 1209
28.844104203234 89 631
13.6610460946502 51 300
0 26 0
0 26 0
0 26 0
38.8109447835782 106 786
4.84150862497053 48 231
27.5610704007398 75 576
8.76178268125793 50 276
8.76178268125793 50 276
3.1604528524637 46 190
90.4537927990668 181 1359
8.76178268125793 50 276
0 26 0
8.39298471566536 65 367
46.5538814187345 124 947
9.16783389703889 62 307
9.06655047296374 65 373
21.5766845977771 77 457
9.28117821186609 63 219
13.6610460946502 51 300
0 26 0
19.2426340112263 85 443
0 26 0
55.9585165064901 125 775
28.0745603451797 94 659
8.70889200728334 64 358
4.05978945702755 46 69
13.365229856967 61 301
0 26 0
10.1759056725139 57 175
21.764377498028 77 409
4.84150862497053 48 231
22.9111692688151 74 553
54.1680191671293 120 559
16.8304088851476 68 436
0 26 0
13.6610460946502 51 300
16.3041836411259 58 311
1.93610010445589 44 121
19.8027392707177 70 226
13.6610460946502 51 300
11.3288947736523 62 289
4.84150862497053 48 231
11.7135215506014 65 297
29.1853015439656 77 577
27.5610704007398 75 576
8.76178268125793 50 276
3.1604528524637 46 190
13.6610460946502 51 300
23.5800848537876 88 614
6.31180052355024 49 253
13.6610460946502 51 300
24.3172811306981 78 469
96.180866517499 178 1264
1.62995460765176 42 120
21.0235002328577 75 433
9.43891371669793 55 196
8.76178268125793 50 276
9.28117821186609 63 219
11.0128448818948 59 256
46.6772192873021 125 984
0.912606025525192 38 66
0 26 0
0 26 0
19.5074965569931 70 395
57.6238271147327 126 808
0 26 0
2.84433705916796 50 148
13.6610460946502 51 300
0 26 0
11.883327656384 61 289
27.5610704007398 75 576
0 26 0
8.76178268125793 50 276
0.912606025525192 38 66
27.5610704007398 75 576
27.5610704007398 75 576
0 26 0
41.5747684590913 108 760
13.3414950074396 60 158
20.4895830949106 88 616
0 26 0
13.6610460946502 51 300
14.4495606744575 70 463
13.6610460946502 51 300
0 26 0
17.3862515434447 72 507
22.4218233590659 86 595
13.6610460946502 51 300
17.2053607394355 69 453
41.6979702121995 98 829
22.9111692688151 74 553
1.89815462170043 43 136
35.2534096660576 95 760
0 26 0
35.5761574548201 114 828
28.2037062864268 101 680
0 26 0
16.7266612379469 69 441
3.1604528524637 46 190
15.630130982261 81 513
0 26 0
3.86104102265725 47 210
13.6610460946502 51 300
0 26 0
0 26 0
0 26 0
6.31180052355024 49 253
19.2381681842534 72 510
84.6334735663869 159 1018
13.6610460946502 51 300
10.7108736620357 63 354
30.1420996893517 92 449
2.04677751966973 36 21
39.580183569698 119 725
13.6610460946502 51 300
0 26 0
8.76178268125793 50 276
8.76178268125793 50 276
8.76178268125793 50 276
8.39298471566536 65 367
13.6610460946502 51 300
33.3238074261556 94 741
1.40621641484993 41 105
42.3597714161247 120 850
13.6610460946502 51 300
75.6219409939417 157 1386
6.31180052355024 49 253
0 26 0
12.2877930940116 69 443
27.4231232881804 91 681
22.9111692688151 74 553
20.491193779666 73 411
14.7791347123651 55 306
13.6610460946502 51 300
0 26 0
126.502581829501 197 1639
0.788670586455862 37 55
0 26 0
27.5610704007398 75 576
0 26 0
6.31180052355024 49 253
1.62995460765176 42 120
20.3832503753449 75 490
13.6610460946502 51 300
0 26 0
76.7310688544405 155 1331
60.4596595312717 129 976
15.5879118062994 62 355
9.37714798157761 52 277
4.84150862497053 48 231
0 26 0
22.1585671201637 79 483
19.2381681842534 72 510
1.05391603447025 39 78
6.31180052355024 49 253
0 26 0
11.3612541064767 77 433
0 26 0
3.1604528524637 46 190
0 26 0
42.6131346783602 103 679
0 26 0
17.4870579501167 75 378
37.3628052776692 105 811
0 26 0
6.31180052355024 49 253
13.6610460946502 51 300
20.2651702154865 85 413
1.62995460765176 42 120
0 26 0
21.5149100511393 70 381
56.0694203915014 120 1060
23.8394192754761 91 678
21.8898166498115 73 529
0 26 0
0 26 0
8.99276437138697 58 143
0 26 0
0 26 0
0.493260571873732 34 28
42.7974880478282 113 907
4.84150862497053 48 231
0 26 0
22.9111692688151 74 553
21.9025526141874 85 581
53.1600756006199 128 988
0 26 0
6.31180052355024 49 253
0 26 0
2.22566849895734 44 153
81.6146648679996 164 1353
8.33882567439448 69 312
8.76178268125793 50 276
13.6610460946502 51 300
0 26 0
0 26 0
16.0708385153092 65 391
0 26 0
27.5610704007398 75 576
50.3785965415185 129 1041
13.6610460946502 51 300
21.7794107433678 76 320
20.6080735644167 73 531
4.84150862497053 48 231
0 26 0
0 26 0
70.7290143449019 158 1146
47.0354018210634 125 776
20.2542082081804 84 542
3.30415481848606 48 96
0 26 0
15.1740207638193 67 400
3.89549063635106 44 73
0 26 0
6.31180052355024 49 253
11.1630219233213 66 381
6.31180052355024 49 253
4.00560974076028 40 30
8.76178268125793 50 276
0 26 0
10.2420818483635 60 321
27.5610704007398 75 576
8.76178268125793 50 276
30.799285758073 100 666
6.31180052355024 49 253
0 26 0
8.76178268125793 50 276
21.8898166498115 73 529
14.2504745569001 74 457
0 26 0
0 26 0
55.4226254260154 141 1086
31.4958748341426 87 499
44.4562980490275 112 884
63.0032827329871 141 1100
16.0708385153092 65 391
13.6610460946502 51 300
7.01685298957796 63 270
20.2565144939579 80 502
25.7516760625993 81 472
13.6610460946502 51 300
91.6880187489865 167 1298
14.7728437988553 78 445
1.89815462170043 43 136
4.84150862497053 48 231
4.84150862497053 48 231
9.79165300548965 56 291
22.9111692688151 74 553
0 26 0
0 26 0
35.1383624684499 96 786
36.5129249055136 117 826
41.6979702121995 98 829
2.54965180564643 44 76
32.4423214681836 93 729
27.5610704007398 75 576
1.4883427497937 31 4
2.63476929830413 45 171
0 26 0
75.8475865078221 162 1158
3.1604528524637 46 190
8.76178268125793 50 276
11.883327656384 61 289
0 26 0
21.8898166498115 73 529
78.8509539611792 171 1293
37.5029275849045 107 784
13.6610460946502 51 300
41.8303174737637 101 788
14.8738640913922 82 429
2.63476929830413 45 171
22.9731373179598 87 594
18.7935185221225 71 484
2.63476929830413 45 171
5.16727518191531 57 255
0 26 0
11.8238589713273 67 412
13.6610460946502 51 300
0 26 0
13.6610460946502 51 300
12.8383158958765 63 324
0 26 0
0 26 0
15.00256718289 57 315
16.7266612379469 69 441
20.6080735644167 73 531
73.1421499377185 151 1248
22.1956936642311 72 400
0 26 0
30.1805106669595 83 604
0 26 0
41.6979702121995 98 829
37.2961149040649 97 807
20.6080735644167 73 531
13.6610460946502 51 300
52.2006942199272 132 1002
46.2708530913217 114 931
0 26 0
17.9282401862197 74 283
4.84150862497053 48 231
0 26 0
22.9176596055975 87 442
7.53134679893239 58 289
17.3862515434447 72 507
0 26 0
0 26 0
100.771225587818 168 1034
18.7935185221225 71 484
85.5053452562282 161 1460
71.9090998431551 145 1126
0 26 0
44.7874372131155 111 825
0 26 0
51.1225335063274 126 985
56.0694203915014 120 1060
0 26 0
0 26 0
29.7508372520799 75 191
0 26 0
30.376269091418 91 549
35.9706200292574 89 464
3.86104102265725 47 210
0 26 0
0 26 0
13.6610460946502 51 300
29.8968636005213 102 646
0 26 0
10.4661359622057 67 402
6.48711663121429 55 156
27.5610704007398 75 576
71.1648253854746 152 1274
16.0708385153092 65 391
0 26 0
0 26 0
24.9116163418739 88 612
0 26 0
0 26 0
4.84150862497053 48 231
0 26 0
0 26 0
0 26 0
1.12418214063941 32 7
8.61980921240072 56 139
56.1932962229497 133 1120
35.1383624684499 96 786
8.76178268125793 50 276
1.62995460765176 42 120
21.8898166498115 73 529
27.5610704007398 75 576
13.6610460946502 51 300
13.6610460946502 51 300
41.075651491218 112 890
42.4236904247332 120 886
19.3538661962674 91 509
27.5610704007398 75 576
16.2807174514919 66 405
0 26 0
6.63858584674465 59 258
8.76178268125793 50 276
52.1374612243232 125 1004
2.22566849895734 44 153
3.86104102265725 47 210
0.493260571873732 34 28
17.3862515434447 72 507
57.6316262252025 131 1055
0 26 0
13.6610460946502 51 300
6.31180052355024 49 253
6.31180052355024 49 253
1.62995460765176 42 120
3.86104102265725 47 210
20.0074917612714 80 508
0 26 0
13.6610460946502 51 300
8.76178268125793 50 276
0 26 0
0.912606025525192 38 66
0 26 0
13.6610460946502 51 300
4.84150862497053 48 231
0 26 0
22.0624749993527 77 385
0 26 0
16.6726328757318 56 304
0 26 0
8.59680094273775 52 110
0 26 0
0 26 0
59.144794187804 136 1170
3.86104102265725 47 210
13.6610460946502 51 300
3.1604528524637 46 190
0 26 0
27.5610704007398 75 576
0 26 0
13.6610460946502 51 300
8.76178268125793 50 276
12.8383158958765 63 324
0.679002380729961 36 45
0 26 0
0 26 0
0 26 0
0 26 0
0 26 0
0 26 0
34.9661363645166 103 707
35.2534096660576 95 760
3.90168079695315 53 175
4.06855443496368 39 36
42.6890206479003 104 488
1.62995460765176 42 120
46.0977348935235 122 956
4.84150862497053 48 231
0 26 0
0 26 0
27.5610704007398 75 576
20.6080735644167 73 531
63.9478219981711 149 947
0 26 0
18.2439584884431 72 442
0 26 0
22.795968461437 86 511
0 26 0
0 26 0
0.788670586455862 37 55
7.7174259478865 57 154
0 26 0
0 26 0
0 26 0
46.8442639821935 114 646
22.9111692688151 74 553
16.7266612379469 69 441
13.9234071801621 66 249
0 26 0
29.2450579594609 85 462
27.5610704007398 75 576
0 26 0
7.09852031895397 54 263
12.9275512533784 69 447
0 26 0
22.5025812591192 85 565
0 26 0
39.1322014923995 102 745
13.6610460946502 51 300
40.7615580558979 99 691
33.3238074261556 94 741
15.00256718289 57 315
28.9046094037891 93 719
13.6610460946502 51 300
43.1702379915801 130 846
1.21665406468619 40 91
13.6610460946502 51 300
4.32179687925583 55 226
30.1805106669595 83 604
49.8714156530635 117 994
0 26 0
0 26 0
51.3051734748153 121 880
4.86679408100565 48 111
0 26 0
0 26 0
8.76178268125793 50 276
0 26 0
2.27558077245647 47 120
13.6610460946502 51 300
9.59058964209715 54 282
33.353364670108 106 737
0 26 0
0 26 0
0 26 0
6.31180052355024 49 253
27.5610704007398 75 576
0 26 0
0 26 0
6.51919183508214 43 42
14.5247065752668 53 301
0 26 0
0 26 0
13.1493991366189 68 215
21.8898166498115 73 529
9.43891371669793 55 196
0.413700441811392 33 21
0 26 0
25.9895126975392 79 409
7.29732465475039 56 226
50.8927682720672 118 1017
67.4365435770241 148 1201
13.6610460946502 51 300
0 26 0
6.12667432440478 63 259
1.62995460765176 42 120
0 26 0
1.89815462170043 43 136
77.4758303688049 161 1165
26.25420487587 95 572
0 26 0
1.40621641484993 41 105
0.155986182526195 29 3
15.7305887821047 63 366
13.6610460946502 51 300
64.8898463943793 139 1231
13.6610460946502 51 300
0 26 0
0 26 0
10.073389049907 64 343
9.22112495188358 66 384
3.42565167967909 42 57
3.86104102265725 47 210
0 26 0
47.3022770282115 106 574
37.7031810937642 110 737
9.16372894468242 65 363
31.3556111495405 92 700
