"COLLES.MDM.LN" "SACKIN" "COPHENETIC"
0 26 0
9.52553822288008 66 389
0 26 0
0 26 0
0 26 0
0 26 0
13.6610460946502 51 300
1.40621641484993 41 105
0 26 0
0 26 0
13.6610460946502 51 300
6.31180052355024 49 253
0 26 0
0.581175009540804 35 36
6.31180052355024 49 253
0 26 0
0 26 0
13.6610460946502 51 300
21.8898166498115 73 529
12.3655223708686 71 364
0 26 0
8.76178268125793 50 276
0.679002380729961 36 45
12.8383158958765 63 324
2.63476929830413 45 171
0 26 0
35.2534096660576 95 760
0.213253584415411 30 6
5.2910352529207 59 268
18.3314910684067 71 490
0 26 0
0.679002380729961 36 45
29.9761397614317 93 717
1.62995460765176 42 120
27.5052993415923 89 380
0 26 0
13.6610460946502 51 300
13.6610460946502 51 300
6.24672128094056 61 295
0.581175009540804 35 36
0 26 0
13.6610460946502 51 300
13.6610460946502 51 300
13.9147342075544 65 361
0 26 0
23.8902637228703 87 592
0 26 0
0 26 0
8.76178268125793 50 276
45.1823672344453 120 856
37.2961149040649 97 807
46.5240879571766 126 975
0 26 0
0 26 0
0 26 0
46.3445351196043 118 909
0 26 0
17.3862515434447 72 507
0 26 0
8.76178268125793 50 276
3.86104102265725 47 210
30.9974923804353 94 739
0 26 0
14.4495606744575 70 463
13.6610460946502 51 300
8.76178268125793 50 276
0 26 0
0 26 0
0 26 0
0 26 0
0 26 0
13.6610460946502 51 300
1.89815462170043 43 136
32.018844999439 95 763
13.6610460946502 51 300
0 26 0
0 26 0
0 26 0
0 26 0
0 26 0
13.9147342075544 65 361
2.08713079821701 39 38
7.66438871921882 59 298
8.76178268125793 50 276
0 26 0
13.6610460946502 51 300
0 26 0
0 26 0
0 26 0
10.9960674184413 68 424
2.63476929830413 45 171
0 26 0
0 26 0
19.8547087470924 83 517
8.76178268125793 50 276
0 26 0
0 26 0
0 26 0
0 26 0
6.31180052355024 49 253
20.9475687857065 79 512
0 26 0
0 26 0
0 26 0
0 26 0
0 26 0
8.76178268125793 50 276
13.6610460946502 51 300
10.5343119076829 62 342
0 26 0
0 26 0
23.7700204862923 78 539
0 26 0
0 26 0
8.38463012414513 60 273
0 26 0
6.31180052355024 49 253
0 26 0
13.6610460946502 51 300
0 26 0
0 26 0
0 26 0
0 26 0
17.3862515434447 72 507
0 26 0
33.3238074261556 94 741
31.1459255692329 89 484
0 26 0
20.7189553199855 78 471
0 26 0
13.6610460946502 51 300
6.62619911100611 58 260
17.687246523678 70 471
0 26 0
8.76178268125793 50 276
13.6610460946502 51 300
19.9665036756687 87 479
0 26 0
0 26 0
18.7935185221225 71 484
15.1115557606056 58 321
27.5610704007398 75 576
18.3314910684067 71 490
20.2687681325662 96 610
0 26 0
10.2033022792934 57 225
1.89815462170043 43 136
16.8304088851476 68 436
0 26 0
0 26 0
0 26 0
13.6610460946502 51 300
0.155986182526195 29 3
0 26 0
22.9111692688151 74 553
3.86104102265725 47 210
13.6610460946502 51 300
0 26 0
0.341210580023124 32 15
0 26 0
29.5803643840618 79 582
5.34838629833006 43 64
0 26 0
0 26 0
6.31180052355024 49 253
0 26 0
0 26 0
13.6610460946502 51 300
0.341210580023124 32 15
0 26 0
1.21665406468619 40 91
2.22566849895734 44 153
4.84150862497053 48 231
13.6610460946502 51 300
13.9147342075544 65 361
62.6285272154476 144 1094
16.3879511853156 57 307
13.6610460946502 51 300
0 26 0
0 26 0
0 26 0
16.1575377426548 77 484
0 26 0
0 26 0
0 26 0
3.86104102265725 47 210
0 26 0
0 26 0
0 26 0
20.6080735644167 73 531
0.493260571873732 34 28
13.6610460946502 51 300
27.5610704007398 75 576
0 26 0
70.5793763093683 152 1280
0 26 0
0 26 0
0 26 0
27.1434109388324 89 511
39.3495441295353 116 806
0 26 0
7.33666681175782 61 291
0 26 0
8.76178268125793 50 276
13.6610460946502 51 300
0 26 0
0 26 0
10.2210856332902 62 247
8.76178268125793 50 276
0 26 0
0 26 0
0 26 0
0.102057788557282 28 1
0 26 0
13.6610460946502 51 300
22.9111692688151 74 553
0 26 0
0 26 0
0 26 0
0 26 0
0.413700441811392 33 21
4.50104872363116 56 235
0 26 0
1.89815462170043 43 136
0 26 0
14.4495606744575 70 463
2.04677751966973 36 21
17.4870579501167 75 378
0 26 0
10.4071249469696 62 202
7.98530272334543 61 319
4.70676513128023 41 49
2.63476929830413 45 171
6.31180052355024 49 253
0 26 0
27.5610704007398 75 576
0 26 0
3.1604528524637 46 190
16.5292206467063 67 420
0 26 0
21.8898166498115 73 529
4.84150862497053 48 231
22.9111692688151 74 553
8.76178268125793 50 276
2.63476929830413 45 171
26.7114587267917 84 556
0 26 0
0 26 0
4.84150862497053 48 231
5.45474644146878 52 237
0 26 0
0 26 0
0 26 0
0 26 0
0 26 0
0.155986182526195 29 3
1.21665406468619 40 91
0 26 0
13.6610460946502 51 300
0 26 0
0 26 0
0 26 0
6.31180052355024 49 253
13.6610460946502 51 300
70.4104186182618 157 1113
0 26 0
0 26 0
7.01062763145605 62 310
0 26 0
4.70676513128023 41 49
0 26 0
3.83599859635439 54 207
23.1403922234485 90 657
1.89815462170043 43 136
27.8270486453087 90 485
26.7405194596193 91 556
6.02711546449865 48 70
0 26 0
34.857173952338 108 806
0 26 0
0 26 0
25.4846442642663 90 663
0 26 0
16.7111812702099 72 239
6.31180052355024 49 253
0 26 0
13.6610460946502 51 300
0 26 0
13.6610460946502 51 300
8.76178268125793 50 276
0 26 0
0.581175009540804 35 36
0 26 0
5.34838629833006 43 64
2.63476929830413 45 171
14.8539539507738 72 344
0 26 0
36.8115805580712 99 661
1.4759163063101 40 51
0 26 0
13.6610460946502 51 300
0 26 0
22.9111692688151 74 553
41.3081781991058 118 845
22.8518505593766 87 604
7.66438871921882 59 298
0.493260571873732 34 28
27.5610704007398 75 576
0 26 0
12.5477576586569 68 421
0 26 0
0 26 0
0 26 0
0 26 0
56.7969213637684 129 1036
0 26 0
23.340263186718 82 459
27.5610704007398 75 576
0 26 0
0 26 0
32.4423214681836 93 729
8.76178268125793 50 276
0 26 0
17.3862515434447 72 507
22.8603984789027 91 526
8.76178268125793 50 276
21.5935243841427 90 523
16.7266612379469 69 441
0.413700441811392 33 21
0 26 0
0 26 0
6.31180052355024 49 253
0 26 0
0.581175009540804 35 36
4.84150862497053 48 231
25.0714033036109 80 496
3.86104102265725 47 210
0 26 0
0 26 0
0.341210580023124 32 15
5.26503553730521 50 232
37.2961149040649 97 807
0 26 0
10.6609847424919 55 128
0 26 0
0 26 0
8.76178268125793 50 276
0 26 0
0 26 0
0 26 0
3.1604528524637 46 190
13.6610460946502 51 300
0 26 0
27.5610704007398 75 576
4.84150862497053 48 231
13.6610460946502 51 300
16.0708385153092 65 391
5.34838629833006 43 64
0.581175009540804 35 36
8.76178268125793 50 276
0 26 0
18.2436651894364 80 299
0 26 0
27.5610704007398 75 576
29.8748543503693 90 661
11.883327656384 61 289
13.6610460946502 51 300
4.84150862497053 48 231
32.018844999439 95 763
16.7266612379469 69 441
0 26 0
13.6610460946502 51 300
0 26 0
0 26 0
13.6610460946502 51 300
13.6610460946502 51 300
0 26 0
4.84150862497053 48 231
0 26 0
0 26 0
18.7960478353038 72 472
0 26 0
19.7523298097578 74 423
8.76178268125793 50 276
6.31180052355024 49 253
25.1953970383446 84 442
0 26 0
0 26 0
0 26 0
0.102057788557282 28 1
0 26 0
31.5537194357742 87 303
6.54497323437454 55 206
0 26 0
10.2033022792934 57 225
1.62995460765176 42 120
38.7602607067955 117 811
0 26 0
0 26 0
0 26 0
0 26 0
0 26 0
0 26 0
3.86104102265725 47 210
0 26 0
13.6610460946502 51 300
0.213253584415411 30 6
4.84150862497053 48 231
13.6610460946502 51 300
0 26 0
2.22566849895734 44 153
0 26 0
0 26 0
0 26 0
19.8411614827967 79 444
27.5610704007398 75 576
13.6610460946502 51 300
0 26 0
13.6610460946502 51 300
0 26 0
0 26 0
0.788670586455862 37 55
0 26 0
1.21665406468619 40 91
0 26 0
13.6610460946502 51 300
4.84150862497053 48 231
0 26 0
3.86104102265725 47 210
50.4619873976979 124 956
0.155986182526195 29 3
0 26 0
8.76178268125793 50 276
13.6610460946502 51 300
17.3862515434447 72 507
15.1740207638193 67 400
0 26 0
0 26 0
12.2877930940116 69 443
8.38463012414513 60 273
0.155986182526195 29 3
0 26 0
13.6610460946502 51 300
0 26 0
13.6610460946502 51 300
18.7935185221225 71 484
0 26 0
0 26 0
0 26 0
0.341210580023124 32 15
0 26 0
31.8653099646545 108 698
13.6610460946502 51 300
12.7953406342816 77 417
0 26 0
26.7114587267917 84 556
0 26 0
26.3910273094673 90 653
36.6060003554401 105 795
7.32070963146195 49 121
35.5601387069624 110 855
11.2386286803648 56 122
0 26 0
16.4103496483625 65 235
0 26 0
0 26 0
0 26 0
0 26 0
0 26 0
8.76178268125793 50 276
27.5610704007398 75 576
18.7935185221225 71 484
11.2909456183433 61 211
0 26 0
0 26 0
0 26 0
18.7935185221225 71 484
3.86104102265725 47 210
13.6610460946502 51 300
0 26 0
16.0708385153092 65 391
44.4562980490275 112 884
0 26 0
0 26 0
0 26 0
0.912606025525192 38 66
0 26 0
1.21665406468619 40 91
1.40621641484993 41 105
0 26 0
8.76178268125793 50 276
0 26 0
13.6610460946502 51 300
0 26 0
3.1604528524637 46 190
2.22566849895734 44 153
3.1604528524637 46 190
0 26 0
1.62995460765176 42 120
0 26 0
0 26 0
0 26 0
35.2534096660576 95 760
0.493260571873732 34 28
1.89815462170043 43 136
13.6610460946502 51 300
0.493260571873732 34 28
0 26 0
13.6610460946502 51 300
1.62995460765176 42 120
0 26 0
6.31180052355024 49 253
0 26 0
28.66980915206 88 624
29.3971006070214 78 579
13.6610460946502 51 300
0 26 0
24.7861090748356 95 585
0 26 0
0 26 0
0 26 0
0 26 0
0 26 0
5.34838629833006 43 64
3.1604528524637 46 190
2.63476929830413 45 171
3.1604528524637 46 190
0 26 0
0 26 0
13.8135545752598 70 466
0 26 0
0 26 0
0 26 0
0 26 0
13.6610460946502 51 300
8.76178268125793 50 276
0 26 0
0 26 0
0 26 0
0 26 0
0 26 0
0 26 0
0 26 0
0 26 0
8.51536142839876 70 326
0 26 0
13.6610460946502 51 300
13.6610460946502 51 300
41.6979702121995 98 829
13.6610460946502 51 300
0 26 0
0 26 0
17.3156071854698 81 531
0 26 0
0 26 0
0 26 0
0 26 0
28.0436328588164 93 622
0 26 0
13.6610460946502 51 300
0 26 0
0 26 0
2.46192524634585 41 51
0 26 0
13.6610460946502 51 300
19.499319098211 87 602
14.5247065752668 53 301
0 26 0
0 26 0
0 26 0
0 26 0
13.6610460946502 51 300
8.76178268125793 50 276
8.76178268125793 50 276
22.9111692688151 74 553
27.5610704007398 75 576
16.7266612379469 69 441
13.6610460946502 51 300
0 26 0
0 26 0
27.5610704007398 75 576
0 26 0
21.1886101469383 89 639
0 26 0
0 26 0
13.6610460946502 51 300
4.84150862497053 48 231
40.7391991756029 112 794
13.6610460946502 51 300
0 26 0
8.76178268125793 50 276
3.63968638381955 47 102
7.32070963146195 49 121
21.1316899920843 80 356
1.05391603447025 39 78
1.05391603447025 39 78
3.80245198075879 51 200
0 26 0
0 26 0
3.1604528524637 46 190
0 26 0
17.7418478908484 66 187
33.9229891524555 96 400
0 26 0
23.5800848537876 88 614
6.31312473517548 59 286
18.3314910684067 71 490
0 26 0
0 26 0
5.26503553730521 50 232
0 26 0
0 26 0
11.9243477552976 77 429
0 26 0
8.76178268125793 50 276
0 26 0
0 26 0
13.6610460946502 51 300
21.9306835776868 84 534
0 26 0
0 26 0
0 26 0
6.31180052355024 49 253
0 26 0
27.5610704007398 75 576
0 26 0
0 26 0
5.59219997030701 58 244
0 26 0
0 26 0
0 26 0
0 26 0
14.9502195381213 79 464
0 26 0
18.7935185221225 71 484
46.0725717101348 114 817
27.5610704007398 75 576
13.6610460946502 51 300
56.7969213637684 129 1036
0 26 0
0 26 0
0 26 0
47.2051749348359 126 993
16.4782221674236 76 402
17.3862515434447 72 507
0 26 0
0 26 0
0 26 0
0 26 0
8.76178268125793 50 276
13.6610460946502 51 300
0 26 0
0 26 0
0 26 0
0 26 0
0 26 0
11.5843161551631 77 424
0 26 0
0 26 0
11.883327656384 61 289
0 26 0
0 26 0
32.018844999439 95 763
3.86104102265725 47 210
1.21665406468619 40 91
0 26 0
39.503437417849 119 854
0 26 0
0 26 0
0 26 0
0 26 0
17.2053607394355 69 453
8.70889200728334 64 358
0 26 0
0 26 0
3.1604528524637 46 190
0 26 0
54.7852332218169 120 611
0.274708717190266 31 10
14.6172002608411 75 386
13.6610460946502 51 300
24.647183980601 101 690
0 26 0
0 26 0
0 26 0
6.31180052355024 49 253
4.84150862497053 48 231
13.6610460946502 51 300
13.6610460946502 51 300
27.4573706629698 94 661
0 26 0
0 26 0
1.40621641484993 41 105
0 26 0
2.07691870442402 45 93
1.89815462170043 43 136
14.8927090417402 56 310
0 26 0
0 26 0
0 26 0
0.912606025525192 38 66
13.6610460946502 51 300
0 26 0
4.84150862497053 48 231
22.9111692688151 74 553
0 26 0
4.84150862497053 48 231
0 26 0
0 26 0
0 26 0
16.7266612379469 69 441
0 26 0
1.62995460765176 42 120
57.8899857009172 134 1124
22.9111692688151 74 553
27.3284958863734 94 569
6.17513847286861 61 301
12.680366610869 66 317
0 26 0
8.76178268125793 50 276
0 26 0
26.7173840457819 86 571
76.2715884804929 157 1382
0 26 0
0 26 0
1.05391603447025 39 78
0 26 0
13.6610460946502 51 300
0 26 0
0.581175009540804 35 36
86.3861590260098 174 1406
0 26 0
13.9147342075544 65 361
0 26 0
0 26 0
0 26 0
8.76178268125793 50 276
8.39298471566536 65 367
0.581175009540804 35 36
2.63476929830413 45 171
3.63968638381955 47 102
0 26 0
0 26 0
17.687246523678 70 471
64.71969558862 138 1207
13.6610460946502 51 300
0 26 0
27.5610704007398 75 576
8.76178268125793 50 276
13.6610460946502 51 300
3.43108334109854 37 25
27.5610704007398 75 576
6.31180052355024 49 253
3.4505557189216 52 165
0 26 0
13.6610460946502 51 300
0 26 0
0.102057788557282 28 1
15.2221476150863 59 328
0 26 0
0 26 0
4.84150862497053 48 231
41.7490331561131 113 913
0 26 0
4.84150862497053 48 231
13.6610460946502 51 300
0 26 0
1.21665406468619 40 91
0 26 0
0 26 0
0 26 0
13.6610460946502 51 300
4.86592062692505 51 162
13.6610460946502 51 300
13.6610460946502 51 300
27.5610704007398 75 576
13.6610460946502 51 300
0 26 0
2.63476929830413 45 171
0 26 0
41.6979702121995 98 829
19.3612802412023 83 470
29.9259620227928 94 743
13.6610460946502 51 300
0 26 0
2.22566849895734 44 153
22.1978054176391 77 537
0 26 0
15.1115557606056 58 321
5.00736630175051 56 246
32.018844999439 95 763
13.6610460946502 51 300
0 26 0
0 26 0
0 26 0
25.6526499705112 68 140
15.3304948802642 80 502
0 26 0
0 26 0
18.8745904936127 75 441
13.6610460946502 51 300
0.102057788557282 28 1
14.6172002608411 75 386
1.62995460765176 42 120
1.05391603447025 39 78
1.40621641484993 41 105
0 26 0
0 26 0
44.8401932858355 115 953
7.96716557593255 64 346
0 26 0
0 26 0
0 26 0
0 26 0
8.76178268125793 50 276
0.274708717190266 31 10
8.76178268125793 50 276
0 26 0
0 26 0
18.7935185221225 71 484
3.1604528524637 46 190
13.6610460946502 51 300
10.4948786463655 71 343
26.0145757205018 91 684
1.05391603447025 39 78
4.84150862497053 48 231
0 26 0
0 26 0
0 26 0
0 26 0
3.1604528524637 46 190
0 26 0
0 26 0
0 26 0
0 26 0
6.31180052355024 49 253
13.1963329677501 67 284
0 26 0
44.9760424743697 122 885
0 26 0
13.6610460946502 51 300
70.672838909519 141 1270
0.912606025525192 38 66
0 26 0
13.6610460946502 51 300
8.76178268125793 50 276
0 26 0
1.05391603447025 39 78
25.2317512831775 87 620
10.4661359622057 67 402
0 26 0
0 26 0
14.1631524945451 80 480
0 26 0
22.9111692688151 74 553
4.84150862497053 48 231
22.9111692688151 74 553
41.6979702121995 98 829
0 26 0
0 26 0
0 26 0
0 26 0
0 26 0
0 26 0
0 26 0
12.2877930940116 69 443
0 26 0
32.076231102472 102 691
0 26 0
0 26 0
0 26 0
0 26 0
0 26 0
3.86104102265725 47 210
1.05391603447025 39 78
0 26 0
13.6610460946502 51 300
0 26 0
15.5879118062994 62 355
0 26 0
22.9111692688151 74 553
0 26 0
8.76178268125793 50 276
0 26 0
0 26 0
13.6610460946502 51 300
0 26 0
13.6610460946502 51 300
8.76178268125793 50 276
35.4153807953619 96 616
0 26 0
8.76178268125793 50 276
18.7935185221225 71 484
0 26 0
0 26 0
0 26 0
15.1485877264852 71 486
14.6415401477869 69 291
0 26 0
2.22566849895734 44 153
0 26 0
0 26 0
30.9974923804353 94 739
0 26 0
0 26 0
0 26 0
0.102057788557282 28 1
89.2966243007231 179 1464
2.63476929830413 45 171
13.6610460946502 51 300
28.9046094037891 93 719
13.4330950777839 71 322
44.1118036116894 122 913
0 26 0
0 26 0
0 26 0
0 26 0
0 26 0
13.6610460946502 51 300
0 26 0
15.1485877264852 71 486
7.41110981654263 57 281
0 26 0
14.3912524408996 75 462
0 26 0
0 26 0
0 26 0
4.06855443496368 39 36
0 26 0
6.31180052355024 49 253
0 26 0
26.0244767587802 87 631
0 26 0
0 26 0
13.6610460946502 51 300
0 26 0
36.2747622850612 96 784
0 26 0
0 26 0
0 26 0
14.1921615873343 79 451
8.59048431503656 46 53
8.76178268125793 50 276
2.22566849895734 44 153
10.9162746360339 64 367
13.5322359744397 72 390
21.8898166498115 73 529
0.102057788557282 28 1
0 26 0
13.8135545752598 70 466
0 26 0
6.70174376284521 63 230
19.3126878365139 83 520
0 26 0
13.6610460946502 51 300
13.6610460946502 51 300
9.43891371669793 55 196
0 26 0
23.8902637228703 87 592
6.31180052355024 49 253
0 26 0
0 26 0
2.22566849895734 44 153
29.013999295023 99 497
0 26 0
0 26 0
0 26 0
0 26 0
29.8964264070681 81 591
0 26 0
0.274708717190266 31 10
0 26 0
0.679002380729961 36 45
0 26 0
31.7586965988116 98 675
3.86104102265725 47 210
20.6080735644167 73 531
6.31180052355024 49 253
24.3147275708457 76 290
0 26 0
0 26 0
0 26 0
13.6610460946502 51 300
0 26 0
7.35863419103493 63 336
6.652425560351 47 100
0 26 0
0 26 0
0 26 0
13.6610460946502 51 300
19.5416895797752 81 507
0 26 0
3.1604528524637 46 190
4.27200286206199 51 178
14.5247065752668 53 301
13.9147342075544 65 361
21.8898166498115 73 529
1.05391603447025 39 78
22.9111692688151 74 553
0 26 0
13.6610460946502 51 300
13.6610460946502 51 300
0 26 0
0 26 0
20.6080735644167 73 531
33.2976126731746 94 701
0 26 0
14.1176320342414 79 382
0 26 0
0 26 0
0 26 0
0 26 0
0 26 0
0 26 0
0 26 0
30.1873569245131 103 712
62.6769903506127 136 1160
13.6610460946502 51 300
0 26 0
0.341210580023124 32 15
0 26 0
0 26 0
13.6610460946502 51 300
0 26 0
18.8127783147985 78 437
0 26 0
0.274708717190266 31 10
0 26 0
0 26 0
0 26 0
13.6610460946502 51 300
0 26 0
0 26 0
0 26 0
27.5610704007398 75 576
0 26 0
0 26 0
13.6610460946502 51 300
13.6610460946502 51 300
0 26 0
27.5610704007398 75 576
28.6889202047833 93 724
0 26 0
2.22566849895734 44 153
1.21665406468619 40 91
12.8383158958765 63 324
4.84150862497053 48 231
42.4193296771977 113 912
2.63476929830413 45 171
0 26 0
3.86104102265725 47 210
0 26 0
0 26 0
0 26 0
4.84150862497053 48 231
0 26 0
4.06855443496368 39 36
0 26 0
0 26 0
13.6610460946502 51 300
1.05391603447025 39 78
0 26 0
20.9952810057334 73 394
33.0323246549568 94 747
0 26 0
1.79386015254223 44 97
20.6080735644167 73 531
0 26 0
0 26 0
29.8990050305504 88 452
8.76178268125793 50 276
7.32070963146195 49 121
1.89815462170043 43 136
0 26 0
0 26 0
8.76178268125793 50 276
0 26 0
0 26 0
32.484785498934 103 766
3.11065295667912 51 156
4.84150862497053 48 231
0 26 0
13.9147342075544 65 361
32.6029645805263 92 458
0 26 0
13.9250897042276 70 305
5.26503553730521 50 232
20.6080735644167 73 531
13.8135545752598 70 466
21.8898166498115 73 529
2.63476929830413 45 171
0.493260571873732 34 28
0 26 0
1.89815462170043 43 136
0 26 0
14.7883619864416 72 374
1.65295380839905 43 94
30.5423882899003 90 384
0 26 0
0 26 0
0 26 0
17.4816956177529 80 466
2.63476929830413 45 171
6.31180052355024 49 253
0 26 0
0 26 0
0 26 0
3.54197739248219 47 124
0 26 0
13.6610460946502 51 300
43.6255683327276 122 895
16.2106540272465 62 151
0 26 0
22.9111692688151 74 553
13.6610460946502 51 300
0 26 0
0 26 0
0 26 0
0 26 0
9.64106572243026 54 121
0.413700441811392 33 21
13.6610460946502 51 300
13.6610460946502 51 300
0 26 0
0 26 0
0 26 0
13.6610460946502 51 300
24.4889069480515 91 507
13.6610460946502 51 300
2.22566849895734 44 153
22.9111692688151 74 553
0 26 0
13.6610460946502 51 300
6.31180052355024 49 253
4.06855443496368 39 36
0 26 0
20.1055711043283 86 574
0 26 0
13.6610460946502 51 300
20.6695828989819 77 499
18.7935185221225 71 484
0 26 0
0 26 0
1.21665406468619 40 91
36.9322245473083 108 820
38.1236066691041 107 797
20.5581448539583 81 501
0 26 0
9.52553822288008 66 389
0 26 0
1.89815462170043 43 136
0 26 0
0 26 0
21.8898166498115 73 529
0 26 0
0 26 0
0.912606025525192 38 66
15.1740207638193 67 400
21.0649850620731 85 561
40.0503575787196 111 745
0 26 0
3.86104102265725 47 210
1.05391603447025 39 78
0 26 0
0 26 0
4.84150862497053 48 231
0 26 0
6.31180052355024 49 253
0 26 0
0 26 0
0 26 0
0 26 0
13.6610460946502 51 300
12.9314083242212 72 411
0 26 0
8.76178268125793 50 276
0 26 0
0 26 0
0 26 0
6.31180052355024 49 253
0 26 0
6.31180052355024 49 253
4.84150862497053 48 231
0 26 0
0 26 0
0 26 0
0 26 0
0 26 0
27.0057173526431 83 509
0 26 0
6.31180052355024 49 253
13.6610460946502 51 300
37.2961149040649 97 807
0.679002380729961 36 45
0 26 0
13.6610460946502 51 300
0 26 0
13.6610460946502 51 300
0 26 0
0 26 0
0.493260571873732 34 28
0 26 0
0 26 0
0 26 0
13.6610460946502 51 300
8.76178268125793 50 276
8.76178268125793 50 276
2.63476929830413 45 171
0 26 0
2.22566849895734 44 153
13.6610460946502 51 300
0 26 0
40.8527419061632 110 556
0 26 0
41.6979702121995 98 829
0 26 0
0 26 0
6.31180052355024 49 253
0 26 0
0 26 0
13.6610460946502 51 300
8.76178268125793 50 276
0.581175009540804 35 36
6.31180052355024 49 253
0 26 0
24.1029272643369 89 582
51.3543570839324 130 1048
12.9275512533784 69 447
39.0999375757817 101 794
27.5610704007398 75 576
17.7077731821047 70 401
0 26 0
6.31180052355024 49 253
57.019948142889 127 1025
0 26 0
36.4815749659009 106 765
21.8898166498115 73 529
0 26 0
1.62995460765176 42 120
13.1331228017625 64 292
30.9974923804353 94 739
0 26 0
0 26 0
35.1383624684499 96 786
1.89815462170043 43 136
0 26 0
0 26 0
0 26 0
29.4838974981739 104 636
0 26 0
0 26 0
13.6610460946502 51 300
0 26 0
0 26 0
4.84150862497053 48 231
6.31180052355024 49 253
38.1679126556362 103 807
17.3862515434447 72 507
4.84150862497053 48 231
27.5610704007398 75 576
4.84150862497053 48 231
0 26 0
13.6610460946502 51 300
0 26 0
2.22566849895734 44 153
0 26 0
8.76178268125793 50 276
0 26 0
4.04006416534327 55 216
2.63476929830413 45 171
0.274708717190266 31 10
0 26 0
20.6080735644167 73 531
20.4264560913044 78 397
0 26 0
27.5610704007398 75 576
24.3172811306981 78 469
0 26 0
22.8862870248076 74 421
0 26 0
0 26 0
17.3862515434447 72 507
0 26 0
0 26 0
0 26 0
0 26 0
26.2676068550792 96 658
0 26 0
21.8898166498115 73 529
0 26 0
13.6610460946502 51 300
22.9111692688151 74 553
13.8375552374518 71 378
0 26 0
36.2747622850612 96 784
13.3086552396493 71 319
3.1604528524637 46 190
13.6610460946502 51 300
12.8383158958765 63 324
15.1740207638193 67 400
13.6610460946502 51 300
0 26 0
0 26 0
27.5610704007398 75 576
0 26 0
0 26 0
4.84150862497053 48 231
3.86104102265725 47 210
0 26 0
1.40621641484993 41 105
24.8972968359364 83 514
3.86104102265725 47 210
0 26 0
18.7935185221225 71 484
8.76178268125793 50 276
0 26 0
0 26 0
2.50389360066935 38 31
0 26 0
0 26 0
0 26 0
2.54263953105429 46 154
0 26 0
0 26 0
0 26 0
0 26 0
19.9932025640594 83 520
0 26 0
0 26 0
4.98643623379191 58 249
13.6610460946502 51 300
0 26 0
0 26 0
13.6610460946502 51 300
12.5477576586569 68 421
0 26 0
22.4218233590659 86 595
6.31180052355024 49 253
2.22566849895734 44 153
0 26 0
0 26 0
6.31180052355024 49 253
0 26 0
18.7935185221225 71 484
3.86104102265725 47 210
8.76178268125793 50 276
36.2747622850612 96 784
0 26 0
0 26 0
13.6610460946502 51 300
37.2961149040649 97 807
0 26 0
25.2571446917727 91 633
26.7114587267917 84 556
12.5477576586569 68 421
0.912606025525192 38 66
27.5610704007398 75 576
0 26 0
9.80789878958801 70 313
42.8902065335122 114 931
33.0323246549568 94 747
8.76178268125793 50 276
0 26 0
0 26 0
0 26 0
17.3862515434447 72 507
0 26 0
0 26 0
0 26 0
13.6610460946502 51 300
1.05391603447025 39 78
13.6610460946502 51 300
0 26 0
0 26 0
13.6610460946502 51 300
0 26 0
0 26 0
0 26 0
6.31180052355024 49 253
0.788670586455862 37 55
13.6610460946502 51 300
25.2100500672903 92 428
0 26 0
44.5591114443521 117 751
0 26 0
20.8549126450179 87 612
43.0369670944162 105 764
13.6610460946502 51 300
3.86104102265725 47 210
6.31180052355024 49 253
13.6610460946502 51 300
13.9147342075544 65 361
6.31180052355024 49 253
31.3808195053945 90 681
0 26 0
13.6610460946502 51 300
17.3862515434447 72 507
0 26 0
36.2747622850612 96 784
1.62995460765176 42 120
27.5610704007398 75 576
0 26 0
6.31180052355024 49 253
0 26 0
0 26 0
0 26 0
13.6610460946502 51 300
13.6610460946502 51 300
13.9147342075544 65 361
0 26 0
13.6610460946502 51 300
0 26 0
13.6610460946502 51 300
0 26 0
0 26 0
0 26 0
6.31180052355024 49 253
23.3874763861667 72 382
0 26 0
13.8135545752598 70 466
35.2534096660576 95 760
21.8898166498115 73 529
0 26 0
0 26 0
0.102057788557282 28 1
20.6080735644167 73 531
0 26 0
4.97176616442216 53 171
0 26 0
0 26 0
0 26 0
0 26 0
70.672838909519 141 1270
18.7935185221225 71 484
0 26 0
0.679002380729961 36 45
5.32558637363043 48 76
4.84150862497053 48 231
0 26 0
0 26 0
13.6610460946502 51 300
19.1618233430754 74 277
0 26 0
0 26 0
9.35198581194532 63 216
13.6610460946502 51 300
0 26 0
13.6610460946502 51 300
33.5511208940312 107 804
22.9111692688151 74 553
0 26 0
13.6610460946502 51 300
27.5610704007398 75 576
0 26 0
0 26 0
16.7266612379469 69 441
0.155986182526195 29 3
13.6610460946502 51 300
8.76178268125793 50 276
0 26 0
0 26 0
22.9111692688151 74 553
0 26 0
7.32070963146195 49 121
1.89815462170043 43 136
13.6610460946502 51 300
15.1740207638193 67 400
16.7266612379469 69 441
0 26 0
0 26 0
0 26 0
8.70866371794677 53 169
19.4916357777427 64 336
0 26 0
0 26 0
0 26 0
1.05391603447025 39 78
0 26 0
0 26 0
13.6610460946502 51 300
0 26 0
0.493260571873732 34 28
13.6610460946502 51 300
19.5416895797752 81 507
0 26 0
0 26 0
0 26 0
0.581175009540804 35 36
13.6610460946502 51 300
13.6610460946502 51 300
0 26 0
13.6610460946502 51 300
0 26 0
0 26 0
0 26 0
30.8980553944414 103 710
22.9111692688151 74 553
8.76178268125793 50 276
11.1600055146894 65 381
0 26 0
13.6610460946502 51 300
13.6610460946502 51 300
13.6610460946502 51 300
8.76178268125793 50 276
33.0465566126406 107 789
0 26 0
16.2420621989592 72 332
18.1187386834202 60 316
21.6885137319011 86 577
1.40621641484993 41 105
0 26 0
0 26 0
13.6610460946502 51 300
0 26 0
0 26 0
23.2656128633555 75 530
69.2101304312809 157 1220
0 26 0
16.7266612379469 69 441
20.6080735644167 73 531
0 26 0
39.672925226812 111 886
0 26 0
8.76178268125793 50 276
0 26 0
0 26 0
0.679002380729961 36 45
0 26 0
6.31180052355024 49 253
0 26 0
4.84150862497053 48 231
0 26 0
6.31180052355024 49 253
22.5142682243856 76 398
0 26 0
13.6610460946502 51 300
4.07893930678206 52 160
0 26 0
13.6610460946502 51 300
0 26 0
0 26 0
13.6610460946502 51 300
0 26 0
0 26 0
13.6610460946502 51 300
0 26 0
3.86104102265725 47 210
0 26 0
13.6610460946502 51 300
11.883327656384 61 289
0 26 0
0 26 0
0 26 0
16.4103496483625 65 235
0 26 0
0 26 0
0 26 0
13.6610460946502 51 300
0 26 0
0 26 0
0 26 0
0 26 0
0 26 0
0 26 0
0 26 0
0 26 0
7.68669219528253 58 241
8.76178268125793 50 276
0 26 0
0 26 0
0 26 0
0 26 0
13.6610460946502 51 300
3.86104102265725 47 210
0.102057788557282 28 1
0 26 0
5.90401157097262 52 157
0 26 0
0 26 0
11.1630219233213 66 381
2.22566849895734 44 153
0 26 0
8.76178268125793 50 276
13.6610460946502 51 300
7.32070963146195 49 121
0 26 0
13.6610460946502 51 300
30.6122923942727 86 631
0 26 0
13.6610460946502 51 300
0 26 0
40.6479304776301 116 850
13.6610460946502 51 300
0 26 0
13.6610460946502 51 300
8.76178268125793 50 276
31.6585399555554 91 696
15.1740207638193 67 400
0 26 0
13.6610460946502 51 300
0 26 0
0 26 0
37.2961149040649 97 807
0.976782867368763 33 11
20.1666535246219 66 349
44.8401932858355 115 950
3.1604528524637 46 190
3.86104102265725 47 210
0 26 0
7.68669219528253 58 241
37.724895736926 107 809
0 26 0
20.6080735644167 73 531
38.0853798064365 103 759
13.6610460946502 51 300
75.2502358614892 156 1363
17.2053607394355 69 453
13.6610460946502 51 300
13.6610460946502 51 300
6.31180052355024 49 253
0 26 0
22.9111692688151 74 553
0 26 0
1.40621641484993 41 105
0 26 0
33.3095515292469 95 555
0 26 0
0 26 0
0 26 0
27.5610704007398 75 576
0 26 0
0.413700441811392 33 21
6.31180052355024 49 253
0 26 0
21.8898166498115 73 529
0 26 0
0 26 0
12.9275512533784 69 447
10.2420818483635 60 321
25.4846442642663 90 663
22.9111692688151 74 553
0 26 0
0 26 0
0 26 0
13.6610460946502 51 300
20.2224343377741 78 263
1.62995460765176 42 120
5.50882443449583 59 262
13.9247404825722 63 162
0 26 0
9.16372894468242 65 363
0 26 0
13.6610460946502 51 300
0 26 0
0 26 0
0 26 0
45.1300996369858 119 905
0 26 0
0 26 0
0 26 0
13.6610460946502 51 300
0 26 0
46.1228313968647 121 892
0 26 0
10.5343119076829 62 342
0 26 0
0 26 0
0 26 0
12.296582226655 68 429
0 26 0
0 26 0
16.0708385153092 65 391
0.341210580023124 32 15
11.1630219233213 66 381
0 26 0
0 26 0
0 26 0
0 26 0
0.981341454771115 37 37
0 26 0
0 26 0
13.6610460946502 51 300
8.76178268125793 50 276
13.6610460946502 51 300
0 26 0
1.62995460765176 42 120
30.6478913172543 89 602
0.213253584415411 30 6
0 26 0
4.37485121676752 46 91
0 26 0
0 26 0
0 26 0
1.05391603447025 39 78
0 26 0
32.018844999439 95 763
0 26 0
0 26 0
21.8898166498115 73 529
14.5247065752668 53 301
0 26 0
0 26 0
13.6610460946502 51 300
0 26 0
0 26 0
4.84150862497053 48 231
48.8500630340599 116 970
41.6979702121995 98 829
27.5610704007398 75 576
0 26 0
49.8999631759101 118 1019
27.5610704007398 75 576
9.52553822288008 66 389
4.36696632014933 55 202
8.76178268125793 50 276
13.6610460946502 51 300
13.6610460946502 51 300
2.79133790966297 35 16
27.6675675857797 92 700
8.76178268125793 50 276
0 26 0
0 26 0
0 26 0
3.79696393069027 50 133
10.0495297185019 64 274
15.1602816553425 62 199
13.6610460946502 51 300
17.687246523678 70 471
20.3489476094185 79 486
0 26 0
0 26 0
13.6610460946502 51 300
0 26 0
3.1604528524637 46 190
36.2747622850612 96 784
0 26 0
35.2534096660576 95 760
0 26 0
0.274708717190266 31 10
38.4879169122242 104 724
0 26 0
6.652425560351 47 100
0 26 0
35.7143624033702 104 754
1.40621641484993 41 105
25.864443740583 82 525
3.76587459321529 52 169
67.1467937740102 151 1111
0 26 0
0 26 0
16.2807174514919 66 405
0 26 0
13.6610460946502 51 300
0 26 0
11.4991344163002 53 109
0.413700441811392 33 21
26.7173840457819 86 571
0.581175009540804 35 36
0 26 0
0 26 0
0 26 0
0 26 0
13.6610460946502 51 300
0 26 0
0 26 0
10.9162746360339 64 367
10.5291792617644 70 281
35.8785265713416 109 827
13.6610460946502 51 300
0 26 0
11.0128448818948 59 256
15.3367099691773 60 336
0.413700441811392 33 21
0 26 0
5.36055108860636 51 234
0 26 0
0 26 0
21.8898166498115 73 529
21.8898166498115 73 529
0 26 0
0.788670586455862 37 55
6.14749918118389 58 276
22.9111692688151 74 553
6.17158611001905 49 73
21.8898166498115 73 529
1.40621641484993 41 105
15.1740207638193 67 400
0 26 0
0 26 0
22.3984320002092 91 550
27.5610704007398 75 576
6.90574855203013 52 256
21.8898166498115 73 529
11.9920545573663 57 285
0 26 0
8.00458341263965 51 144
34.1953587487454 110 850
0 26 0
0 26 0
23.2985937414073 86 591
0 26 0
0 26 0
0 26 0
27.5610704007398 75 576
17.3862515434447 72 507
3.86104102265725 47 210
1.89815462170043 43 136
0 26 0
0 26 0
0 26 0
1.05391603447025 39 78
37.456596745997 100 598
0 26 0
0 26 0
0 26 0
1.89815462170043 43 136
41.2928040596176 105 784
0 26 0
0 26 0
0 26 0
0 26 0
0 26 0
0 26 0
41.6979702121995 98 829
8.76178268125793 50 276
0 26 0
0 26 0
5.4215070016171 38 19
13.6610460946502 51 300
0 26 0
0 26 0
0 26 0
0 26 0
14.5247065752668 53 301
13.6610460946502 51 300
12.296582226655 68 429
30.6708608618927 95 720
0 26 0
0 26 0
0 26 0
0 26 0
13.6610460946502 51 300
0 26 0
8.76178268125793 50 276
0.679002380729961 36 45
0 26 0
0 26 0
13.6610460946502 51 300
16.7266612379469 69 441
1.62995460765176 42 120
0 26 0
64.5304374266022 129 719
0 26 0
3.86104102265725 47 210
0 26 0
3.1604528524637 46 190
8.76178268125793 50 276
10.2033022792934 57 225
0 26 0
8.15772636261661 63 326
0.788670586455862 37 55
0 26 0
0 26 0
0 26 0
15.8244594119814 81 483
0.102057788557282 28 1
0 26 0
30.9974923804353 94 739
0 26 0
8.76178268125793 50 276
8.76178268125793 50 276
4.84150862497053 48 231
0.155986182526195 29 3
0 26 0
0 26 0
13.6610460946502 51 300
13.6610460946502 51 300
0 26 0
22.9111692688151 74 553
0 26 0
0 26 0
37.35634562246 103 563
0 26 0
0 26 0
4.97147345359461 57 227
6.31180052355024 49 253
0 26 0
31.3556111495405 92 700
0 26 0
0 26 0
24.6413993094414 84 562
47.1257856853617 113 752
13.6610460946502 51 300
13.8135545752598 70 466
0 26 0
0 26 0
46.3785748162602 125 865
34.9535132097399 92 599
33.8410980050225 107 811
13.6610460946502 51 300
13.6610460946502 51 300
8.76178268125793 50 276
1.21665406468619 40 91
13.6610460946502 51 300
8.76178268125793 50 276
13.6610460946502 51 300
0 26 0
0.493260571873732 34 28
0 26 0
34.4399014193078 104 756
0 26 0
0 26 0
0 26 0
25.0714033036109 80 496
14.4495606744575 70 463
1.4883427497937 31 4
0 26 0
0 26 0
21.7545244283552 83 478
0 26 0
8.76178268125793 50 276
13.6610460946502 51 300
4.96707022528258 43 44
0 26 0
4.84150862497053 48 231
15.1740207638193 67 400
0 26 0
0 26 0
27.5610704007398 75 576
0 26 0
45.8581693607366 109 884
6.31180052355024 49 253
0 26 0
16.1649890944539 76 433
0 26 0
0 26 0
26.2716003962103 86 533
8.76178268125793 50 276
5.90401157097262 52 157
0 26 0
0 26 0
2.63476929830413 45 171
0.155986182526195 29 3
13.6610460946502 51 300
4.84150862497053 48 231
0 26 0
27.5610704007398 75 576
2.22566849895734 44 153
49.2932133179946 119 879
0 26 0
0 26 0
3.1604528524637 46 190
15.5879118062994 62 355
8.76178268125793 50 276
0 26 0
16.9312207545842 59 313
0 26 0
19.2381681842534 72 510
2.22566849895734 44 153
13.6610460946502 51 300
0 26 0
0 26 0
30.2456216629602 106 668
0 26 0
1.40621641484993 41 105
0 26 0
13.6610460946502 51 300
0 26 0
15.1485877264852 71 486
0 26 0
0 26 0
0 26 0
4.98643623379191 58 249
6.36870893551464 42 31
0 26 0
0 26 0
34.9118494969177 110 685
8.76178268125793 50 276
0 26 0
3.63791482464453 44 64
0 26 0
13.6610460946502 51 300
3.86104102265725 47 210
0 26 0
6.31180052355024 49 253
0 26 0
8.76178268125793 50 276
8.76178268125793 50 276
0 26 0
0 26 0
0 26 0
13.6610460946502 51 300
22.0240103569317 78 337
0 26 0
0 26 0
0 26 0
1.40621641484993 41 105
20.6080735644167 73 531
1.05391603447025 39 78
21.8898166498115 73 529
0.413700441811392 33 21
0 26 0
0 26 0
0 26 0
1.21665406468619 40 91
18.7505421748279 75 457
0 26 0
1.62995460765176 42 120
0 26 0
0 26 0
0 26 0
0 26 0
0 26 0
0 26 0
27.5610704007398 75 576
8.76178268125793 50 276
18.7935185221225 71 484
0 26 0
0 26 0
0 26 0
0 26 0
0 26 0
0 26 0
17.2053607394355 69 453
0.679002380729961 36 45
3.32306180549287 46 109
8.76178268125793 50 276
0 26 0
33.3238074261556 94 741
0 26 0
14.0020725391144 69 317
0 26 0
13.6610460946502 51 300
0 26 0
4.84150862497053 48 231
13.6610460946502 51 300
0 26 0
0 26 0
24.806389741347 85 595
0 26 0
13.6610460946502 51 300
0 26 0
0 26 0
0.679002380729961 36 45
0 26 0
0 26 0
0 26 0
13.6610460946502 51 300
27.5610704007398 75 576
1.89815462170043 43 136
0 26 0
0 26 0
0 26 0
28.4953790024536 83 569
8.76178268125793 50 276
0 26 0
0 26 0
15.0861027532186 73 349
22.7433174860944 70 365
13.6610460946502 51 300
18.7935185221225 71 484
0 26 0
1.05391603447025 39 78
0 26 0
0.581175009540804 35 36
13.6610460946502 51 300
13.6610460946502 51 300
0 26 0
13.6610460946502 51 300
9.06655047296374 65 373
0 26 0
0 26 0
6.31180052355024 49 253
0 26 0
3.86104102265725 47 210
0 26 0
2.8605845291362 49 163
0 26 0
25.4650771118408 70 340
6.31180052355024 49 253
0 26 0
0 26 0
15.1740207638193 67 400
27.5610704007398 75 576
18.7156209167719 86 591
0 26 0
0 26 0
1.19810739121606 37 31
0 26 0
7.35863419103493 63 336
14.068038821616 70 353
0 26 0
0 26 0
0.788670586455862 37 55
0 26 0
2.84433705916796 50 148
13.8135545752598 70 466
11.8104615219111 62 205
8.00458341263965 51 144
27.5610704007398 75 576
23.455491797884 83 541
0 26 0
0 26 0
8.76178268125793 50 276
0 26 0
13.6610460946502 51 300
0 26 0
20.3818065569322 78 319
4.84150862497053 48 231
0 26 0
63.6983429696164 137 1184
0 26 0
0 26 0
0 26 0
3.4828786331428 51 150
0 26 0
13.6610460946502 51 300
0 26 0
2.63476929830413 45 171
10.1376124162114 67 406
0 26 0
17.3862515434447 72 507
13.6610460946502 51 300
13.6610460946502 51 300
0 26 0
0 26 0
13.6610460946502 51 300
6.31180052355024 49 253
6.652425560351 47 100
8.76178268125793 50 276
0 26 0
0 26 0
13.6610460946502 51 300
0 26 0
0 26 0
27.5610704007398 75 576
4.84150862497053 48 231
3.1604528524637 46 190
0 26 0
0 26 0
21.8898166498115 73 529
0 26 0
20.6080735644167 73 531
13.6610460946502 51 300
40.8377612809011 104 629
0 26 0
0 26 0
8.76178268125793 50 276
0 26 0
13.6610460946502 51 300
13.6610460946502 51 300
0 26 0
0 26 0
0 26 0
0 26 0
0 26 0
0 26 0
0 26 0
3.1604528524637 46 190
0 26 0
21.5686360429325 77 370
20.1666535246219 66 349
0.413700441811392 33 21
27.5610704007398 75 576
18.3314910684067 71 490
0 26 0
0 26 0
7.73510277295397 48 74
8.83768610583861 62 235
0 26 0
0 26 0
0 26 0
15.1485877264852 71 486
0 26 0
1.40621641484993 41 105
0 26 0
8.76178268125793 50 276
13.6610460946502 51 300
0 26 0
16.5292206467063 67 420
1.37265861402838 41 79
35.2534096660576 95 760
0 26 0
0 26 0
0 26 0
0 26 0
13.6610460946502 51 300
0 26 0
0 26 0
21.8898166498115 73 529
43.0957808357833 118 796
13.6610460946502 51 300
27.5610704007398 75 576
0 26 0
0 26 0
13.6610460946502 51 300
15.1740207638193 67 400
13.6610460946502 51 300
6.31180052355024 49 253
0 26 0
0 26 0
0.413700441811392 33 21
0 26 0
0 26 0
0 26 0
0 26 0
0 26 0
0 26 0
0 26 0
16.2807174514919 66 405
0 26 0
6.31180052355024 49 253
0 26 0
0 26 0
2.22566849895734 44 153
13.6610460946502 51 300
0 26 0
1.21665406468619 40 91
13.6610460946502 51 300
8.76178268125793 50 276
0.679002380729961 36 45
16.0811519479652 70 303
0.102057788557282 28 1
15.1740207638193 67 400
3.86104102265725 47 210
13.6610460946502 51 300
0 26 0
0 26 0
0 26 0
2.22566849895734 44 153
0 26 0
0 26 0
2.84372816657357 43 66
4.84150862497053 48 231
0 26 0
0 26 0
0 26 0
5.57806484932463 57 239
2.63476929830413 45 171
0 26 0
0 26 0
40.8034864334013 106 843
15.1091407675687 76 402
5.37498582518763 50 133
0 26 0
0 26 0
0 26 0
0 26 0
29.2269349707652 93 721
0.788670586455862 37 55
8.76178268125793 50 276
22.5025812591192 85 565
20.0648718703695 91 583
5.55947261868199 52 130
13.6610460946502 51 300
8.76178268125793 50 276
33.867118095847 95 766
15.9501751647772 80 511
8.76178268125793 50 276
6.31180052355024 49 253
13.6610460946502 51 300
0 26 0
13.6610460946502 51 300
3.1604528524637 46 190
11.0128448818948 59 256
11.4557170279868 66 396
0 26 0
0 26 0
1.62995460765176 42 120
20.6080735644167 73 531
0 26 0
0 26 0
13.6610460946502 51 300
27.2964461942465 91 689
2.22566849895734 44 153
0 26 0
0 26 0
0 26 0
16.5292206467063 67 420
0 26 0
12.7800973001567 65 241
35.388476835391 99 712
0 26 0
13.6610460946502 51 300
2.22566849895734 44 153
0 26 0
13.6610460946502 51 300
4.97176616442216 53 171
18.9492361822618 64 164
0 26 0
27.5610704007398 75 576
0 26 0
37.5305333742064 114 775
0 26 0
8.76178268125793 50 276
11.2615720889117 50 65
0 26 0
0 26 0
0 26 0
0 26 0
13.6610460946502 51 300
0 26 0
5.65088910187949 54 246
18.1497232211373 78 429
0 26 0
0 26 0
0 26 0
22.9111692688151 74 553
6.31180052355024 49 253
27.3646563961692 92 520
0 26 0
0 26 0
3.1604528524637 46 190
2.22566849895734 44 153
0 26 0
0 26 0
24.0182888369749 69 346
13.6610460946502 51 300
23.2678230295789 80 460
22.0180918623967 91 520
14.5247065752668 53 301
13.6610460946502 51 300
0 26 0
20.0926814816876 78 373
13.6610460946502 51 300
0 26 0
0 26 0
35.2534096660576 95 760
4.84150862497053 48 231
13.327121145773 59 115
0.102057788557282 28 1
0 26 0
13.6610460946502 51 300
0 26 0
4.84150862497053 48 231
1.40621641484993 41 105
0 26 0
6.31180052355024 49 253
13.6610460946502 51 300
0 26 0
0 26 0
0 26 0
16.0604786995336 69 357
0 26 0
0 26 0
0 26 0
0 26 0
23.6096788547853 91 524
13.6610460946502 51 300
22.9111692688151 74 553
10.0284098006151 57 159
15.6687666172229 75 275
3.1604528524637 46 190
49.5541417553943 121 908
24.032418635526 83 473
3.1604528524637 46 190
11.883327656384 61 289
0 26 0
13.9147342075544 65 361
21.2491860849129 81 529
13.8311655885739 66 277
0 26 0
0 26 0
0 26 0
11.883327656384 61 289
0 26 0
0 26 0
0 26 0
0 26 0
15.1485877264852 71 486
0 26 0
0 26 0
0 26 0
13.6610460946502 51 300
13.6610460946502 51 300
0 26 0
1.89815462170043 43 136
0 26 0
8.76178268125793 50 276
0 26 0
27.5610704007398 75 576
0 26 0
9.43891371669793 55 196
0 26 0
0 26 0
1.62995460765176 42 120
0 26 0
0 26 0
0 26 0
13.6610460946502 51 300
6.31180052355024 49 253
0 26 0
0 26 0
0 26 0
1.89815462170043 43 136
0 26 0
0 26 0
0 26 0
0 26 0
4.41175195541875 56 178
0 26 0
20.5546339742956 80 526
15.8898109812437 64 378
0 26 0
0 26 0
3.70085936375109 50 196
13.9147342075544 65 361
0 26 0
8.76178268125793 50 276
66.1737082165431 137 1064
0 26 0
64.5808609061378 150 1133
0 26 0
0 26 0
8.76178268125793 50 276
0 26 0
0 26 0
33.3238074261556 94 741
13.6610460946502 51 300
0 26 0
0 26 0
20.6080735644167 73 531
0 26 0
0 26 0
0.679002380729961 36 45
0 26 0
6.31180052355024 49 253
4.84150862497053 48 231
0 26 0
0 26 0
0 26 0
5.36055108860636 51 234
2.84433705916796 50 148
35.1383624684499 96 786
3.1604528524637 46 190
8.76178268125793 50 276
0 26 0
0 26 0
24.2000206782076 89 637
13.6610460946502 51 300
0.155986182526195 29 3
8.76178268125793 50 276
3.86104102265725 47 210
3.1604528524637 46 190
0 26 0
0 26 0
0 26 0
25.505226082722 88 634
25.4846442642663 90 663
0.581175009540804 35 36
0 26 0
0 26 0
0 26 0
31.7317012397281 98 649
0 26 0
40.5435650440934 112 894
7.58961661221179 55 132
13.6610460946502 51 300
0 26 0
2.22566849895734 44 153
0 26 0
0 26 0
13.6610460946502 51 300
0 26 0
0 26 0
0.274708717190266 31 10
21.5766845977771 77 457
70.672838909519 141 1270
0 26 0
6.31180052355024 49 253
22.5025812591192 85 565
8.70866371794677 53 169
0 26 0
13.6610460946502 51 300
18.0272709424106 66 351
13.8135545752598 70 466
0 26 0
1.40621641484993 41 105
8.76178268125793 50 276
13.6610460946502 51 300
0 26 0
0 26 0
31.931028622374 106 775
3.86104102265725 47 210
0 26 0
0 26 0
13.8135545752598 70 466
0 26 0
0.213253584415411 30 6
8.76178268125793 50 276
0 26 0
8.76178268125793 50 276
0 26 0
45.8581693607366 109 884
0 26 0
0 26 0
10.2928922078656 50 85
0.679002380729961 36 45
0 26 0
0 26 0
13.6094054008607 75 432
0 26 0
0 26 0
0 26 0
27.5610704007398 75 576
0 26 0
11.4361621254394 76 408
0 26 0
6.31180052355024 49 253
0.413700441811392 33 21
0 26 0
13.6610460946502 51 300
0 26 0
0.788670586455862 37 55
8.76178268125793 50 276
0 26 0
0 26 0
0 26 0
0 26 0
13.6610460946502 51 300
6.31180052355024 49 253
1.21665406468619 40 91
0 26 0
0 26 0
0.102057788557282 28 1
0.213253584415411 30 6
0 26 0
6.31180052355024 49 253
0 26 0
13.8135545752598 70 466
45.8615459048392 116 974
0 26 0
20.0439137278287 70 367
18.0157044718684 61 125
27.4231232881804 91 681
0 26 0
0 26 0
13.6610460946502 51 300
16.1318408453265 79 351
0 26 0
1.05391603447025 39 78
27.5610704007398 75 576
14.8927090417402 56 310
8.76178268125793 50 276
0 26 0
0.155986182526195 29 3
37.2961149040649 97 807
35.5490365551792 98 644
0 26 0
0 26 0
0 26 0
12.8383158958765 63 324
30.4815470923914 97 436
0 26 0
0 26 0
0 26 0
9.1262940928515 51 76
3.09941520956242 49 127
16.0708385153092 65 391
9.16372894468242 65 363
1.89815462170043 43 136
9.68810092955 68 346
0 26 0
13.6610460946502 51 300
39.770945387674 109 851
0.679002380729961 36 45
0 26 0
0 26 0
3.27114017362692 48 114
0 26 0
15.1602816553425 62 199
13.6610460946502 51 300
2.63476929830413 45 171
0 26 0
5.4946819694225 48 79
0 26 0
0 26 0
13.6610460946502 51 300
14.7791347123651 55 306
33.944783745513 102 689
0 26 0
27.5610704007398 75 576
8.76178268125793 50 276
7.30059516543909 56 274
30.9492059293093 88 654
0 26 0
0 26 0
13.6610460946502 51 300
0 26 0
2.22566849895734 44 153
22.2217165694137 92 556
28.9046094037891 93 719
6.0262592384776 57 227
0.912606025525192 38 66
0 26 0
27.5610704007398 75 576
15.4577106078149 61 345
0 26 0
0 26 0
5.4393306381503 48 80
0 26 0
0 26 0
0 26 0
27.0093022515837 99 659
0 26 0
0 26 0
0 26 0
10.3978545619292 56 112
12.8383158958765 63 324
2.22566849895734 44 153
0 26 0
0 26 0
2.63476929830413 45 171
0 26 0
0 26 0
15.1740207638193 67 400
0 26 0
13.6610460946502 51 300
26.2750935752429 90 665
0 26 0
0 26 0
22.9111692688151 74 553
0 26 0
32.018844999439 95 763
13.6610460946502 51 300
0 26 0
0 26 0
0 26 0
10.7959795196679 69 328
13.9147342075544 65 361
6.31180052355024 49 253
0 26 0
0.912606025525192 38 66
0.581175009540804 35 36
25.3946398960819 90 655
17.687246523678 70 471
13.6610460946502 51 300
0 26 0
0 26 0
13.6610460946502 51 300
0 26 0
0 26 0
0 26 0
13.6610460946502 51 300
0 26 0
32.7112926371253 102 705
10.2033022792934 57 225
8.76178268125793 50 276
13.6610460946502 51 300
0 26 0
0 26 0
0 26 0
0 26 0
18.6793734029145 92 534
0 26 0
0 26 0
8.07243469309475 58 169
0 26 0
2.63476929830413 45 171
0 26 0
20.6080735644167 73 531
6.31180052355024 49 253
0 26 0
0 26 0
13.6610460946502 51 300
56.0694203915014 120 1060
0 26 0
0.213253584415411 30 6
0 26 0
18.7935185221225 71 484
0 26 0
10.3584479950839 59 151
13.6610460946502 51 300
13.6610460946502 51 300
3.09941520956242 49 127
3.1604528524637 46 190
0.274708717190266 31 10
1.89815462170043 43 136
0 26 0
8.76178268125793 50 276
13.6610460946502 51 300
3.1604528524637 46 190
0 26 0
29.7126451045265 94 549
2.22566849895734 44 153
0 26 0
21.8898166498115 73 529
0 26 0
0 26 0
13.6610460946502 51 300
35.2534096660576 95 760
23.0364766703632 87 615
0 26 0
6.31180052355024 49 253
8.76178268125793 50 276
0 26 0
27.0900543614949 91 676
13.6610460946502 51 300
51.9141208910709 119 1039
3.86104102265725 47 210
0 26 0
0 26 0
0 26 0
0 26 0
0 26 0
0 26 0
0 26 0
0 26 0
0 26 0
48.8500630340599 116 970
6.31180052355024 49 253
0 26 0
0.788670586455862 37 55
45.8099681677381 117 856
16.4103496483625 65 235
13.6610460946502 51 300
0 26 0
8.76178268125793 50 276
10.4661359622057 67 402
0 26 0
0 26 0
0 26 0
0 26 0
46.8828985238428 117 997
0 26 0
1.05391603447025 39 78
0.274708717190266 31 10
0 26 0
53.0359897003616 123 991
3.1604528524637 46 190
10.9162746360339 64 367
22.9111692688151 74 553
0 26 0
0 26 0
0 26 0
10.5343119076829 62 342
0 26 0
32.1638523110442 105 755
0 26 0
0 26 0
0 26 0
13.6610460946502 51 300
0 26 0
0 26 0
17.3862515434447 72 507
0 26 0
15.1485877264852 71 486
12.8383158958765 63 324
0 26 0
0 26 0
0.679002380729961 36 45
13.6610460946502 51 300
44.4562980490275 112 884
0 26 0
13.6610460946502 51 300
0 26 0
0 26 0
0 26 0
3.1604528524637 46 190
0 26 0
0 26 0
0 26 0
0 26 0
15.961025894714 77 415
21.8898166498115 73 529
0 26 0
0 26 0
0 26 0
13.6610460946502 51 300
27.5610704007398 75 576
0 26 0
0 26 0
0 26 0
0 26 0
19.412022098768 75 436
14.4495606744575 70 463
13.6610460946502 51 300
0 26 0
0 26 0
6.31180052355024 49 253
18.3314910684067 71 490
20.6080735644167 73 531
8.76178268125793 50 276
17.2337942961631 67 372
6.31180052355024 49 253
1.21665406468619 40 91
8.76178268125793 50 276
0 26 0
27.5610704007398 75 576
21.8898166498115 73 529
13.6610460946502 51 300
0 26 0
0 26 0
5.27258727992926 48 92
0 26 0
13.6610460946502 51 300
10.00245692159 58 304
0 26 0
0 26 0
6.31180052355024 49 253
0 26 0
0 26 0
0 26 0
0 26 0
50.8927682720672 118 1017
29.9270537834339 87 507
13.6610460946502 51 300
12.5477576586569 68 421
0 26 0
0 26 0
2.44996124947863 48 135
0 26 0
6.31180052355024 49 253
6.31180052355024 49 253
0 26 0
0 26 0
36.2747622850612 96 784
0 26 0
0.493260571873732 34 28
3.86104102265725 47 210
7.17073725813739 63 330
0 26 0
8.76178268125793 50 276
0 26 0
0 26 0
7.41110981654263 57 281
0 26 0
5.12807478123641 58 236
0 26 0
17.5972415657456 69 421
21.8898166498115 73 529
0 26 0
0 26 0
13.6610460946502 51 300
0 26 0
0 26 0
13.6610460946502 51 300
2.63476929830413 45 171
8.76178268125793 50 276
16.4103496483625 65 235
1.89815462170043 43 136
0 26 0
0 26 0
8.76178268125793 50 276
10.4661359622057 67 402
21.8898166498115 73 529
0 26 0
4.84150862497053 48 231
0 26 0
0 26 0
18.7935185221225 71 484
1.40621641484993 41 105
0 26 0
8.76178268125793 50 276
13.9147342075544 65 361
0 26 0
0 26 0
0 26 0
10.9960674184413 68 424
0 26 0
30.9974923804353 94 739
13.6610460946502 51 300
11.8238589713273 67 412
0.912606025525192 38 66
1.21665406468619 40 91
4.86750067958219 55 238
0 26 0
20.1055711043283 86 574
20.7939100951059 66 138
3.86104102265725 47 210
2.22566849895734 44 153
25.1560606394732 89 637
25.0715031368055 81 574
0 26 0
0 26 0
0 26 0
0 26 0
48.725417195113 117 1000
8.76178268125793 50 276
15.2221476150863 59 328
22.9111692688151 74 553
0 26 0
13.6610460946502 51 300
0 26 0
0.679002380729961 36 45
14.223650492681 67 330
13.6610460946502 51 300
49.8714156530635 117 994
0 26 0
29.8748543503693 90 661
0 26 0
0 26 0
0.788670586455862 37 55
2.63476929830413 45 171
17.4093038043192 58 309
6.652425560351 47 100
20.6080735644167 73 531
0 26 0
27.5610704007398 75 576
0 26 0
0 26 0
13.6610460946502 51 300
0 26 0
0 26 0
0 26 0
0 26 0
0 26 0
0 26 0
0.493260571873732 34 28
31.3556111495405 92 700
24.9116163418739 88 612
4.84150862497053 48 231
13.6610460946502 51 300
4.84150862497053 48 231
0 26 0
13.6610460946502 51 300
6.31180052355024 49 253
15.2221476150863 59 328
7.17330314653065 56 154
13.6610460946502 51 300
13.6610460946502 51 300
0 26 0
0 26 0
13.6610460946502 51 300
0 26 0
44.8028575213991 112 900
0 26 0
0 26 0
3.1604528524637 46 190
8.76178268125793 50 276
1.58822294935762 34 13
3.1604528524637 46 190
2.22566849895734 44 153
0 26 0
0 26 0
0 26 0
8.76178268125793 50 276
0 26 0
0 26 0
31.1488184758094 89 667
0 26 0
13.6610460946502 51 300
0 26 0
26.1356294017728 93 615
0 26 0
7.05036499741734 56 211
36.244591780387 95 617
0 26 0
0 26 0
3.86104102265725 47 210
0 26 0
0 26 0
0 26 0
27.5610704007398 75 576
37.2961149040649 97 807
8.76178268125793 50 276
0 26 0
2.22566849895734 44 153
13.6610460946502 51 300
1.40621641484993 41 105
0.493260571873732 34 28
0 26 0
1.9582296054989 45 111
6.90574855203013 52 256
0 26 0
14.7791347123651 55 306
0 26 0
51.9141208910709 119 1039
4.84150862497053 48 231
15.4577106078149 61 345
13.6610460946502 51 300
0 26 0
0 26 0
3.86104102265725 47 210
35.8785265713416 109 827
0 26 0
0 26 0
5.26503553730521 50 232
0 26 0
0 26 0
0 26 0
13.6610460946502 51 300
0 26 0
13.6610460946502 51 300
27.5610704007398 75 576
0.102057788557282 28 1
6.31180052355024 49 253
0 26 0
13.6610460946502 51 300
8.76178268125793 50 276
0 26 0
0 26 0
18.3314910684067 71 490
18.7935185221225 71 484
0 26 0
18.7935185221225 71 484
13.6610460946502 51 300
8.24925173898642 60 200
0 26 0
9.59058964209715 54 282
16.0708385153092 65 391
13.6610460946502 51 300
17.1214379345269 63 157
46.1271398064003 124 779
0 26 0
8.76178268125793 50 276
13.6610460946502 51 300
13.6610460946502 51 300
21.8898166498115 73 529
37.2961149040649 97 807
0 26 0
0 26 0
0 26 0
6.31180052355024 49 253
15.1740207638193 67 400
0.788670586455862 37 55
13.6610460946502 51 300
0 26 0
0 26 0
13.6610460946502 51 300
0 26 0
2.50389360066935 38 31
0 26 0
0 26 0
0 26 0
0 26 0
35.8079971608349 113 652
0 26 0
0 26 0
0 26 0
13.6610460946502 51 300
1.21665406468619 40 91
0 26 0
27.5610704007398 75 576
2.63476929830413 45 171
0 26 0
30.9974923804353 94 739
4.70676513128023 41 49
0 26 0
1.62995460765176 42 120
0 26 0
13.6610460946502 51 300
1.52751645464981 42 92
0 26 0
33.7936288575478 108 824
0 26 0
0 26 0
0 26 0
6.0262592384776 57 227
0 26 0
0 26 0
15.8898109812437 64 378
37.8454307611538 108 818
20.6080735644167 73 531
13.6610460946502 51 300
0 26 0
0 26 0
4.84150862497053 48 231
0 26 0
0 26 0
0 26 0
13.6610460946502 51 300
13.6610460946502 51 300
0 26 0
26.2531039021812 88 644
0 26 0
0 26 0
33.3238074261556 94 741
4.07893930678206 52 160
3.09941520956242 49 127
8.76178268125793 50 276
7.80205914467507 64 351
27.5610704007398 75 576
0 26 0
0 26 0
0 26 0
0 26 0
29.8964264070681 81 591
13.6610460946502 51 300
0 26 0
0 26 0
0 26 0
0 26 0
34.6879604565664 104 736
13.6610460946502 51 300
15.3367099691773 60 336
41.6979702121995 98 829
6.31180052355024 49 253
0 26 0
0 26 0
0 26 0
0 26 0
13.6610460946502 51 300
14.4495606744575 70 463
0 26 0
14.4495606744575 70 463
11.2909456183433 61 211
0 26 0
0 26 0
0 26 0
13.6610460946502 51 300
15.00256718289 57 315
0 26 0
0 26 0
3.86104102265725 47 210
16.3351681788431 76 396
18.7935185221225 71 484
13.6610460946502 51 300
0.213253584415411 30 6
13.6610460946502 51 300
0 26 0
0 26 0
0 26 0
8.76178268125793 50 276
2.63476929830413 45 171
13.6610460946502 51 300
0 26 0
13.6610460946502 51 300
31.3680258074559 104 620
0 26 0
13.6610460946502 51 300
0 26 0
0 26 0
0 26 0
5.99602184384762 45 81
0 26 0
35.2534096660576 95 760
15.00256718289 57 315
0 26 0
13.6610460946502 51 300
0 26 0
8.76178268125793 50 276
17.687246523678 70 471
0 26 0
4.84150862497053 48 231
0 26 0
2.74692543163181 48 159
7.01062763145605 62 310
32.0019127166968 92 712
1.40621641484993 41 105
0 26 0
8.76178268125793 50 276
2.63476929830413 45 171
0 26 0
13.6610460946502 51 300
13.9147342075544 65 361
0 26 0
36.2747622850612 96 784
38.1236066691041 107 797
35.7378222981878 112 718
0.581175009540804 35 36
17.3862515434447 72 507
13.6610460946502 51 300
0 26 0
6.31180052355024 49 253
27.2091949383761 92 702
0 26 0
0 26 0
12.5477576586569 68 421
0 26 0
0 26 0
5.75782745634368 55 252
8.76178268125793 50 276
2.21008525719544 42 60
0 26 0
0 26 0
12.8269851054927 67 264
0 26 0
0 26 0
0 26 0
18.3314910684067 71 490
13.6610460946502 51 300
0 26 0
0 26 0
0 26 0
6.31180052355024 49 253
13.6610460946502 51 300
0 26 0
0 26 0
0 26 0
0 26 0
6.31180052355024 49 253
16.5292206467063 67 420
0 26 0
26.6019037978446 99 662
15.4570145615409 72 464
37.3951472627074 106 667
0 26 0
13.9147342075544 65 361
13.6610460946502 51 300
0 26 0
0.912606025525192 38 66
0 26 0
8.18473614670418 62 331
0 26 0
0 26 0
3.86104102265725 47 210
13.9147342075544 65 361
0 26 0
0 26 0
0 26 0
0 26 0
8.76178268125793 50 276
0 26 0
13.2107902567121 67 270
1.40621641484993 41 105
10.9960674184413 68 424
1.05391603447025 39 78
0 26 0
0.274708717190266 31 10
0 26 0
0 26 0
0.493260571873732 34 28
20.4895830949106 88 616
0 26 0
13.6610460946502 51 300
0 26 0
3.86104102265725 47 210
8.76178268125793 50 276
15.3367099691773 60 336
8.76178268125793 50 276
1.89815462170043 43 136
2.42247870264423 47 142
41.6979702121995 98 829
22.9111692688151 74 553
0 26 0
13.6610460946502 51 300
3.1604528524637 46 190
0 26 0
2.22566849895734 44 153
8.42153611242449 63 344
0 26 0
16.0708385153092 65 391
0 26 0
0 26 0
64.6042861604018 137 1028
0.413700441811392 33 21
6.31180052355024 49 253
1.05391603447025 39 78
11.0128448818948 59 256
27.5610704007398 75 576
0 26 0
3.1604528524637 46 190
0 26 0
8.76178268125793 50 276
13.6610460946502 51 300
2.63476929830413 45 171
20.6080735644167 73 531
0 26 0
0 26 0
0 26 0
0 26 0
0 26 0
0 26 0
0 26 0
6.31180052355024 49 253
13.6610460946502 51 300
50.3180807875681 125 938
3.1604528524637 46 190
31.5092523838614 92 694
30.9974923804353 94 739
0 26 0
3.1604528524637 46 190
0 26 0
20.6080735644167 73 531
35.2534096660576 95 760
8.70866371794677 53 169
0 26 0
0 26 0
8.76178268125793 50 276
15.00256718289 57 315
27.5610704007398 75 576
0 26 0
0 26 0
17.2053607394355 69 453
0 26 0
6.652425560351 47 100
0 26 0
31.4419418125327 97 500
0 26 0
8.76178268125793 50 276
8.76178268125793 50 276
0 26 0
0 26 0
13.6610460946502 51 300
24.252350083533 88 626
41.6979702121995 98 829
0 26 0
12.8383158958765 63 324
13.9147342075544 65 361
0.274708717190266 31 10
45.3247849514737 124 835
0 26 0
0 26 0
30.4628958390685 85 621
27.5610704007398 75 576
0 26 0
0 26 0
4.06855443496368 39 36
21.8898166498115 73 529
0 26 0
3.49102508874498 53 189
0 26 0
13.6610460946502 51 300
16.8304088851476 68 436
27.5610704007398 75 576
0 26 0
6.31180052355024 49 253
0 26 0
13.6610460946502 51 300
0 26 0
0 26 0
13.6610460946502 51 300
31.3556111495405 92 700
15.8544862096129 82 504
0 26 0
13.6610460946502 51 300
22.9111692688151 74 553
0.581175009540804 35 36
13.6610460946502 51 300
0 26 0
12.296582226655 68 429
13.6610460946502 51 300
12.5477576586569 68 421
0 26 0
42.1634264287085 116 852
32.018844999439 95 763
8.76178268125793 50 276
13.6610460946502 51 300
0 26 0
0 26 0
0 26 0
0 26 0
0 26 0
41.6979702121995 98 829
0 26 0
22.2480129681813 90 493
0 26 0
10.073389049907 64 343
0 26 0
0 26 0
0 26 0
0 26 0
6.31180052355024 49 253
0 26 0
0 26 0
1.39348076159874 41 69
0 26 0
31.5092523838614 92 694
0.788670586455862 37 55
0 26 0
0 26 0
0 26 0
3.4828786331428 51 150
0 26 0
27.5610704007398 75 576
0 26 0
0 26 0
0 26 0
13.6610460946502 51 300
8.76178268125793 50 276
15.3367099691773 60 336
3.1604528524637 46 190
0 26 0
11.1630219233213 66 381
0 26 0
0 26 0
61.7255465000401 133 1138
13.6610460946502 51 300
0 26 0
1.89815462170043 43 136
9.37714798157761 52 277
0 26 0
0 26 0
79.4855875942052 153 1059
8.76178268125793 50 276
0 26 0
0 26 0
0 26 0
0 26 0
4.70676513128023 41 49
0 26 0
4.84150862497053 48 231
0 26 0
13.6610460946502 51 300
13.6610460946502 51 300
0 26 0
19.8608458000891 77 460
6.31180052355024 49 253
9.16783389703889 62 307
13.6610460946502 51 300
0.213253584415411 30 6
0.679002380729961 36 45
13.6610460946502 51 300
8.76178268125793 50 276
0 26 0
6.31180052355024 49 253
0 26 0
0 26 0
21.0235002328577 75 433
0 26 0
21.8898166498115 73 529
61.2982470312166 135 1153
0 26 0
2.40829687381887 45 87
27.5610704007398 75 576
0 26 0
13.6610460946502 51 300
0 26 0
0 26 0
6.31180052355024 49 253
14.6404154595306 62 146
20.6080735644167 73 531
0 26 0
0 26 0
0 26 0
0 26 0
27.5610704007398 75 576
28.8659997720174 94 597
11.0128448818948 59 256
8.76178268125793 50 276
0 26 0
2.63476929830413 45 171
12.685045786129 59 292
0 26 0
44.8401932858355 115 953
13.6610460946502 51 300
13.6610460946502 51 300
17.8260196557537 84 422
0 26 0
0 26 0
0 26 0
0 26 0
0 26 0
1.62995460765176 42 120
0 26 0
0 26 0
0 26 0
13.6610460946502 51 300
4.99607879025241 51 136
0 26 0
3.1604528524637 46 190
26.589438522151 100 668
13.6610460946502 51 300
13.6610460946502 51 300
15.1115557606056 58 321
13.6610460946502 51 300
12.0023338235812 64 302
0 26 0
27.5610704007398 75 576
0 26 0
0 26 0
21.8898166498115 73 529
19.8411614827967 79 444
55.9100431214872 142 1004
13.6610460946502 51 300
0 26 0
13.6610460946502 51 300
0 26 0
0 26 0
16.7266612379469 69 441
0.274708717190266 31 10
18.7935185221225 71 484
0 26 0
0 26 0
8.76178268125793 50 276
0 26 0
3.86104102265725 47 210
0 26 0
12.9661770920363 61 272
0 26 0
0 26 0
13.6610460946502 51 300
13.6610460946502 51 300
0 26 0
0 26 0
31.8644993293075 92 514
6.17513847286861 61 301
0 26 0
0 26 0
0 26 0
13.6610460946502 51 300
0 26 0
10.9960674184413 68 424
6.31180052355024 49 253
27.5610704007398 75 576
2.22566849895734 44 153
20.6080735644167 73 531
2.63476929830413 45 171
1.62995460765176 42 120
0 26 0
0 26 0
8.76178268125793 50 276
21.5149100511393 70 381
34.827835824174 112 750
0 26 0
13.6610460946502 51 300
21.3713680209311 88 619
8.76178268125793 50 276
13.6610460946502 51 300
3.86104102265725 47 210
0.493260571873732 34 28
0 26 0
13.6610460946502 51 300
0 26 0
3.38455649771044 51 186
0 26 0
0 26 0
3.86104102265725 47 210
0 26 0
0.788670586455862 37 55
27.4123799284709 91 674
17.2053607394355 69 453
0 26 0
0 26 0
0.788670586455862 37 55
0 26 0
0 26 0
21.3848813694491 86 574
0 26 0
8.76178268125793 50 276
0 26 0
0 26 0
56.6312120934821 133 1110
17.3862515434447 72 507
1.93610010445589 44 121
0 26 0
4.84150862497053 48 231
1.62995460765176 42 120
13.6610460946502 51 300
13.6610460946502 51 300
0 26 0
0 26 0
13.6610460946502 51 300
3.1604528524637 46 190
0 26 0
13.6610460946502 51 300
0.413700441811392 33 21
0 26 0
8.23086808214493 63 282
10.073389049907 64 343
0 26 0
0 26 0
13.6610460946502 51 300
0 26 0
7.30059516543909 56 274
0 26 0
6.31180052355024 49 253
12.6388392293858 79 425
1.89815462170043 43 136
20.6080735644167 73 531
13.6610460946502 51 300
0 26 0
44.8401932858355 115 950
0 26 0
0 26 0
0 26 0
0 26 0
11.1600055146894 65 381
6.14749918118389 58 276
0 26 0
0 26 0
2.63476929830413 45 171
1.62995460765176 42 120
48.725417195113 117 1000
13.6610460946502 51 300
0 26 0
2.63476929830413 45 171
0 26 0
23.6190585340554 77 535
0 26 0
0 26 0
0 26 0
0 26 0
0 26 0
0 26 0
13.6610460946502 51 300
0 26 0
0 26 0
5.70100207400982 60 281
0 26 0
13.6610460946502 51 300
22.9111692688151 74 553
0 26 0
0 26 0
0 26 0
19.4932865302332 72 412
0 26 0
12.9275512533784 69 447
21.764377498028 77 409
0 26 0
0 26 0
0 26 0
12.5477576586569 68 421
0 26 0
15.7305887821047 63 366
0 26 0
1.05391603447025 39 78
0.581175009540804 35 36
3.86104102265725 47 210
0 26 0
20.6080735644167 73 531
13.6610460946502 51 300
0 26 0
0 26 0
13.6610460946502 51 300
0.413700441811392 33 21
18.3314910684067 71 490
13.6610460946502 51 300
0.493260571873732 34 28
3.02800289819008 37 19
19.8010351795375 79 491
0 26 0
0 26 0
21.5766845977771 77 457
0.274708717190266 31 10
0 26 0
0 26 0
0 26 0
0 26 0
7.36009738375348 61 259
1.62995460765176 42 120
1.89815462170043 43 136
19.2803247366514 82 499
0 26 0
0 26 0
0 26 0
21.8898166498115 73 529
0.102057788557282 28 1
0 26 0
0 26 0
13.6610460946502 51 300
0 26 0
0 26 0
0 26 0
8.76178268125793 50 276
15.2221476150863 59 328
0 26 0
0 26 0
0 26 0
41.6979702121995 98 829
0 26 0
13.6610460946502 51 300
1.62995460765176 42 120
0 26 0
20.6080735644167 73 531
13.6610460946502 51 300
44.4562980490275 112 884
0 26 0
0 26 0
18.9790246300727 76 456
0 26 0
0 26 0
0 26 0
0 26 0
16.2807174514919 66 405
0 26 0
0 26 0
10.4810708456817 66 289
0 26 0
0.912606025525192 38 66
0 26 0
13.6610460946502 51 300
0 26 0
0 26 0
20.6080735644167 73 531
0 26 0
8.76178268125793 50 276
0 26 0
9.16783389703889 62 307
13.6610460946502 51 300
0 26 0
13.6610460946502 51 300
0 26 0
37.3912382874089 102 720
0 26 0
27.5610704007398 75 576
0 26 0
0 26 0
4.84150862497053 48 231
0 26 0
0.102057788557282 28 1
11.9157365392326 65 331
13.6610460946502 51 300
6.31180052355024 49 253
0 26 0
0 26 0
37.2961149040649 97 807
0 26 0
0 26 0
0 26 0
0 26 0
0.493260571873732 34 28
15.1485877264852 71 486
24.0182888369749 69 346
6.31180052355024 49 253
13.6610460946502 51 300
27.5610704007398 75 576
2.63476929830413 45 171
0 26 0
0 26 0
0 26 0
0 26 0
0 26 0
0 26 0
0 26 0
0 26 0
14.2316152878505 77 409
13.6610460946502 51 300
0 26 0
11.8238589713273 67 412
10.5343119076829 62 342
0 26 0
16.7266612379469 69 441
18.7935185221225 71 484
4.84150862497053 48 231
3.0903920218161 44 61
0 26 0
24.3875714073635 90 466
41.6979702121995 98 829
13.6610460946502 51 300
0 26 0
0.102057788557282 28 1
6.31180052355024 49 253
0 26 0
13.6610460946502 51 300
8.76178268125793 50 276
8.76178268125793 50 276
35.4153807953619 96 616
0 26 0
0 26 0
13.6610460946502 51 300
27.5610704007398 75 576
11.4991344163002 53 109
18.7935185221225 71 484
12.5477576586569 68 421
0 26 0
0 26 0
0 26 0
80.6328870889426 155 1281
27.5610704007398 75 576
0 26 0
0.341210580023124 32 15
0 26 0
1.40621641484993 41 105
47.0205319810747 114 949
0 26 0
2.22566849895734 44 153
0.581175009540804 35 36
0.493260571873732 34 28
2.22566849895734 44 153
0 26 0
0 26 0
0 26 0
0 26 0
0 26 0
0 26 0
0 26 0
0 26 0
0 26 0
0 26 0
14.5247065752668 53 301
0 26 0
0 26 0
30.9017321264894 96 722
0 26 0
10.5343119076829 62 342
0 26 0
27.5610704007398 75 576
0 26 0
8.76178268125793 50 276
2.63476929830413 45 171
8.76178268125793 50 276
13.6610460946502 51 300
0 26 0
36.4647495761148 100 776
0 26 0
0 26 0
40.2588788288103 111 877
0 26 0
32.018844999439 95 763
13.6610460946502 51 300
8.70866371794677 53 169
23.6249489921573 88 524
13.6610460946502 51 300
0 26 0
0 26 0
0 26 0
22.1956936642311 72 400
0 26 0
13.6610460946502 51 300
13.6610460946502 51 300
22.9111692688151 74 553
22.9111692688151 74 553
4.84150862497053 48 231
0 26 0
0 26 0
0 26 0
0 26 0
1.62995460765176 42 120
3.86104102265725 47 210
0 26 0
11.8238589713273 67 412
5.8420873848956 60 288
13.6610460946502 51 300
0 26 0
1.21665406468619 40 91
0 26 0
17.2053607394355 69 453
3.1604528524637 46 190
0 26 0
26.5265787017257 89 658
10.4661359622057 67 402
8.76178268125793 50 276
0 26 0
1.21665406468619 40 91
2.96263672127314 40 43
27.5610704007398 75 576
0 26 0
13.6610460946502 51 300
27.5610704007398 75 576
12.8269851054927 67 264
0 26 0
6.31180052355024 49 253
3.86104102265725 47 210
13.6610460946502 51 300
0 26 0
0 26 0
0 26 0
13.6610460946502 51 300
28.9046094037891 93 719
0 26 0
0 26 0
8.76178268125793 50 276
0.341210580023124 32 15
13.6610460946502 51 300
13.6610460946502 51 300
13.6610460946502 51 300
0 26 0
12.8383158958765 63 324
0 26 0
11.883327656384 61 289
21.0649850620731 85 561
0 26 0
18.7935185221225 71 484
0 26 0
17.687246523678 70 471
1.40621641484993 41 105
0 26 0
0 26 0
0 26 0
8.15772636261661 63 326
10.2033022792934 57 225
12.9275512533784 69 447
0 26 0
2.22566849895734 44 153
0 26 0
13.6610460946502 51 300
0 26 0
0 26 0
13.6610460946502 51 300
8.76178268125793 50 276
32.9785329762101 102 736
0 26 0
15.00256718289 57 315
0 26 0
1.62995460765176 42 120
17.5125167809235 69 397
0 26 0
0 26 0
13.0901702895697 74 303
0 26 0
0 26 0
0 26 0
0 26 0
8.76178268125793 50 276
44.7653506595156 127 997
0 26 0
10.9292541849071 67 266
0 26 0
0 26 0
0 26 0
8.76178268125793 50 276
0 26 0
0.912606025525192 38 66
15.149872014461 80 487
0 26 0
0 26 0
0 26 0
0 26 0
1.05391603447025 39 78
13.6610460946502 51 300
15.1740207638193 67 400
13.6610460946502 51 300
0 26 0
9.54751163779701 68 286
0 26 0
0 26 0
0 26 0
0 26 0
0 26 0
18.0644265858161 85 560
8.76178268125793 50 276
0 26 0
35.7987237040918 95 667
1.21665406468619 40 91
0 26 0
0 26 0
21.8898166498115 73 529
0 26 0
0 26 0
0 26 0
13.6610460946502 51 300
19.8778145840096 87 421
25.8668383478746 92 697
0 26 0
0 26 0
16.7266612379469 69 441
0 26 0
3.1604528524637 46 190
13.6610460946502 51 300
6.31180052355024 49 253
0 26 0
82.5417517636867 169 1424
0 26 0
0 26 0
0 26 0
13.6610460946502 51 300
0 26 0
15.1485877264852 71 486
9.79165300548965 56 291
0 26 0
0 26 0
0 26 0
0 26 0
0 26 0
0 26 0
21.8898166498115 73 529
17.5888560636579 77 370
13.6610460946502 51 300
3.16084366831263 49 177
0 26 0
1.05391603447025 39 78
8.76178268125793 50 276
0 26 0
0 26 0
0 26 0
0.581175009540804 35 36
13.6610460946502 51 300
13.6610460946502 51 300
13.6610460946502 51 300
0 26 0
27.5610704007398 75 576
0 26 0
0.155986182526195 29 3
0 26 0
0.679002380729961 36 45
1.89815462170043 43 136
0 26 0
3.86104102265725 47 210
1.21665406468619 40 91
19.2381681842534 72 510
0 26 0
0 26 0
13.6610460946502 51 300
0.493260571873732 34 28
0 26 0
1.05391603447025 39 78
0 26 0
1.89815462170043 43 136
0 26 0
30.4628958390685 85 621
0 26 0
0 26 0
2.22566849895734 44 153
0 26 0
1.40621641484993 41 105
13.6610460946502 51 300
0 26 0
41.6979702121995 98 829
0 26 0
13.6610460946502 51 300
13.6610460946502 51 300
0 26 0
0 26 0
0 26 0
0 26 0
33.3238074261556 94 741
0 26 0
3.1604528524637 46 190
16.2807174514919 66 405
49.1263895564836 124 949
4.84150862497053 48 231
6.00275561479773 57 267
0 26 0
13.6610460946502 51 300
0 26 0
0 26 0
0 26 0
0 26 0
0 26 0
0 26 0
27.5610704007398 75 576
12.2760321129155 68 357
6.31180052355024 49 253
1.40621641484993 41 105
0 26 0
0 26 0
0 26 0
0 26 0
0 26 0
20.7437393488496 87 475
21.8898166498115 73 529
43.9115591525159 115 955
0 26 0
21.909429835288 74 394
16.2730824518193 83 410
0 26 0
0 26 0
13.6610460946502 51 300
0 26 0
0 26 0
0 26 0
18.3314910684067 71 490
13.6610460946502 51 300
17.4816956177529 80 466
17.6569655133728 72 274
0 26 0
13.6610460946502 51 300
0 26 0
1.05391603447025 39 78
18.7935185221225 71 484
0 26 0
6.60925095976384 54 219
16.7266612379469 69 441
4.06060818338546 49 123
16.2807174514919 66 405
0 26 0
8.76178268125793 50 276
0 26 0
13.6610460946502 51 300
3.86104102265725 47 210
8.76178268125793 50 276
0 26 0
0 26 0
0 26 0
0 26 0
3.86104102265725 47 210
8.38463012414513 60 273
7.96716557593255 64 346
0 26 0
0 26 0
28.9046094037891 93 719
0 26 0
53.5162787064256 128 1020
5.16727518191531 57 255
1.40621641484993 41 105
0 26 0
0 26 0
0 26 0
0 26 0
8.76178268125793 50 276
0 26 0
2.63476929830413 45 171
13.6610460946502 51 300
0 26 0
2.22566849895734 44 153
0 26 0
4.84150862497053 48 231
13.6610460946502 51 300
0 26 0
0 26 0
8.76178268125793 50 276
30.9974923804353 94 739
27.4123799284709 91 674
0 26 0
18.7935185221225 71 484
19.1347005808549 79 486
27.5610704007398 75 576
0 26 0
6.31180052355024 49 253
0 26 0
20.8916832528541 81 514
13.9147342075544 65 361
13.6610460946502 51 300
2.63476929830413 45 171
2.63476929830413 45 171
0 26 0
0 26 0
6.31180052355024 49 253
0 26 0
10.2033022792934 57 225
9.37714798157761 52 277
19.2643530544784 82 505
0 26 0
4.84150862497053 48 231
3.86104102265725 47 210
8.76178268125793 50 276
20.6080735644167 73 531
0 26 0
0 26 0
27.4123799284709 91 674
0 26 0
11.7120503944244 77 394
0 26 0
0 26 0
0 26 0
0 26 0
0 26 0
0 26 0
137.032716513465 206 1495
0 26 0
0 26 0
0 26 0
6.31180052355024 49 253
0 26 0
0 26 0
0 26 0
17.3862515434447 72 507
8.76178268125793 50 276
13.6610460946502 51 300
15.9397347477194 77 356
7.00224222427782 53 259
13.6610460946502 51 300
0 26 0
3.86104102265725 47 210
0 26 0
0 26 0
11.0128448818948 59 256
0 26 0
6.31180052355024 49 253
33.3238074261556 94 741
1.40621641484993 41 105
25.8166755168114 91 527
0 26 0
0 26 0
0.341210580023124 32 15
0.155986182526195 29 3
2.79133790966297 35 16
0 26 0
0 26 0
0 26 0
0 26 0
39.5834220158998 110 845
0 26 0
13.6610460946502 51 300
0.213253584415411 30 6
0 26 0
55.0277361188866 131 975
6.31180052355024 49 253
17.2634148179628 73 347
15.7305887821047 63 366
0 26 0
31.2528736933207 96 634
0 26 0
2.22566849895734 44 153
12.9275512533784 69 447
13.6610460946502 51 300
0 26 0
13.6610460946502 51 300
4.84150862497053 48 231
0 26 0
0 26 0
0.155986182526195 29 3
0 26 0
26.7114587267917 84 556
13.6610460946502 51 300
29.9761397614317 93 717
11.0128448818948 59 256
9.43891371669793 55 196
1.89815462170043 43 136
0 26 0
13.6610460946502 51 300
0 26 0
29.9259620227928 94 743
0.155986182526195 29 3
13.6610460946502 51 300
17.5282667834535 69 408
13.8135545752598 70 466
0 26 0
0 26 0
22.9111692688151 74 553
4.84150862497053 48 231
0 26 0
13.6610460946502 51 300
27.5610704007398 75 576
7.81405995749191 60 308
13.6610460946502 51 300
13.9147342075544 65 361
0 26 0
0 26 0
13.6610460946502 51 300
10.4661359622057 67 402
0 26 0
0 26 0
12.8383158958765 63 324
0 26 0
13.6610460946502 51 300
8.76178268125793 50 276
0 26 0
1.05391603447025 39 78
0 26 0
3.1604528524637 46 190
8.70866371794677 53 169
0 26 0
0 26 0
0 26 0
0 26 0
18.7935185221225 71 484
22.9111692688151 74 553
0.679002380729961 36 45
0 26 0
13.6610460946502 51 300
2.15204820099396 46 106
0 26 0
0.912606025525192 38 66
4.06855443496368 39 36
15.7305887821047 63 366
13.6610460946502 51 300
4.69366437041188 44 52
0 26 0
0 26 0
0 26 0
2.50389360066935 38 31
0 26 0
0 26 0
21.8898166498115 73 529
0 26 0
0 26 0
13.6610460946502 51 300
13.6610460946502 51 300
0 26 0
1.40621641484993 41 105
0 26 0
7.68669219528253 58 241
0 26 0
13.6610460946502 51 300
0 26 0
0.155986182526195 29 3
22.8518505593766 87 604
0.413700441811392 33 21
14.5247065752668 53 301
16.7819685590562 78 459
5.35340034442767 58 265
0.912606025525192 38 66
27.5610704007398 75 576
53.4360706105811 129 1054
0 26 0
0 26 0
2.22566849895734 44 153
0 26 0
0 26 0
0 26 0
0 26 0
2.36400252463653 46 99
33.8358213333343 107 787
0 26 0
0 26 0
0 26 0
36.2747622850612 96 784
0 26 0
22.1585671201637 79 483
0 26 0
3.86104102265725 47 210
0 26 0
5.99602184384762 45 81
0 26 0
0 26 0
2.63476929830413 45 171
13.6610460946502 51 300
6.31180052355024 49 253
2.63476929830413 45 171
50.0806324938879 125 962
4.84150862497053 48 231
8.76178268125793 50 276
13.6610460946502 51 300
0 26 0
0 26 0
48.6408534268845 126 823
0 26 0
13.6610460946502 51 300
0 26 0
13.6610460946502 51 300
31.5092523838614 92 694
0 26 0
26.6078136491446 90 613
0 26 0
2.22566849895734 44 153
16.3203665781745 76 422
0 26 0
0 26 0
11.8238589713273 67 412
6.31180052355024 49 253
3.86104102265725 47 210
21.5471828815522 84 562
0 26 0
5.24708616577549 52 152
13.6610460946502 51 300
18.8704634128879 70 383
2.7334856691336 49 133
6.31180052355024 49 253
0 26 0
0.102057788557282 28 1
0 26 0
13.6610460946502 51 300
8.36411256974698 57 247
6.31180052355024 49 253
8.76178268125793 50 276
0 26 0
13.9147342075544 65 361
0 26 0
35.2534096660576 95 760
16.8304088851476 68 436
6.31180052355024 49 253
8.76178268125793 50 276
13.6610460946502 51 300
14.8927090417402 56 310
21.8898166498115 73 529
2.50389360066935 38 31
33.0323246549568 94 747
0 26 0
6.31180052355024 49 253
0.274708717190266 31 10
0 26 0
39.6813618964724 104 644
19.2381681842534 72 510
0 26 0
0 26 0
0 26 0
8.00458341263965 51 144
13.6610460946502 51 300
0.581175009540804 35 36
0.788670586455862 37 55
4.84150862497053 48 231
16.8304088851476 68 436
0 26 0
27.5610704007398 75 576
30.9704885681305 98 617
6.63858584674465 59 258
4.06855443496368 39 36
24.2082063263557 85 573
0 26 0
13.6610460946502 51 300
1.21665406468619 40 91
0 26 0
7.87663819545438 44 46
41.6453872168116 108 814
8.76178268125793 50 276
0.679002380729961 36 45
0 26 0
13.6610460946502 51 300
0.581175009540804 35 36
0 26 0
0 26 0
0 26 0
0 26 0
8.06796600400567 63 292
5.65088910187949 54 246
6.31180052355024 49 253
13.6610460946502 51 300
8.70866371794677 53 169
0 26 0
0 26 0
10.127439778193 50 73
0 26 0
6.60209101357583 62 315
0 26 0
36.2747622850612 96 784
0 26 0
0 26 0
0 26 0
0 26 0
15.1485877264852 71 486
0 26 0
0 26 0
27.5610704007398 75 576
1.05391603447025 39 78
19.0778642325188 92 566
0 26 0
0 26 0
0 26 0
0 26 0
1.89815462170043 43 136
8.76178268125793 50 276
0 26 0
13.6610460946502 51 300
0 26 0
0 26 0
19.30002824993 75 372
0 26 0
13.6610460946502 51 300
0 26 0
27.5610704007398 75 576
0 26 0
0 26 0
13.6610460946502 51 300
0 26 0
1.40621641484993 41 105
0 26 0
0 26 0
0 26 0
13.6610460946502 51 300
8.76178268125793 50 276
0 26 0
0 26 0
0 26 0
4.84150862497053 48 231
4.84150862497053 48 231
2.84372816657357 43 66
0 26 0
1.62995460765176 42 120
0 26 0
27.2091949383761 92 702
8.76178268125793 50 276
12.2877930940116 69 443
13.6610460946502 51 300
4.84150862497053 48 231
18.3314910684067 71 490
0 26 0
0 26 0
0 26 0
27.0100991284428 94 579
13.6610460946502 51 300
0 26 0
0 26 0
0 26 0
3.83599859635439 54 207
15.8898109812437 64 378
15.0861027532186 73 349
0 26 0
13.6610460946502 51 300
0 26 0
13.6610460946502 51 300
0 26 0
4.84150862497053 48 231
27.5610704007398 75 576
0 26 0
0 26 0
21.8898166498115 73 529
13.6610460946502 51 300
18.5084105691203 76 394
2.40829687381887 45 87
0 26 0
13.6610460946502 51 300
11.2223010355496 74 417
6.31180052355024 49 253
27.5610704007398 75 576
33.867118095847 95 766
17.0785389096307 65 351
15.2221476150863 59 328
1.62995460765176 42 120
22.9111692688151 74 553
13.6610460946502 51 300
29.2269349707652 93 721
0 26 0
0 26 0
0 26 0
27.4123799284709 91 674
5.37498582518763 50 133
3.86104102265725 47 210
6.31180052355024 49 253
13.5040618454716 73 359
0 26 0
33.3238074261556 94 741
0 26 0
35.2534096660576 95 760
13.6610460946502 51 300
0 26 0
0 26 0
0 26 0
22.9111692688151 74 553
37.2961149040649 97 807
13.6610460946502 51 300
0 26 0
2.22566849895734 44 153
13.6610460946502 51 300
22.9111692688151 74 553
13.6610460946502 51 300
0 26 0
0 26 0
4.71355434628697 57 245
13.6134982076496 52 74
0 26 0
36.2422418572194 102 553
0 26 0
8.76178268125793 50 276
0 26 0
13.6610460946502 51 300
0.155986182526195 29 3
0 26 0
18.6433038795787 81 457
0 26 0
0 26 0
1.21665406468619 40 91
0 26 0
0 26 0
60.9540435579282 137 1188
0 26 0
0 26 0
21.8898166498115 73 529
17.3862515434447 72 507
12.9275512533784 69 447
0 26 0
0 26 0
0 26 0
1.05391603447025 39 78
0 26 0
0 26 0
4.84150862497053 48 231
0 26 0
0 26 0
9.30523641093449 65 219
0 26 0
0.976782867368763 33 11
4.84150862497053 48 231
0 26 0
0 26 0
0.581175009540804 35 36
1.89815462170043 43 136
8.76178268125793 50 276
6.31180052355024 49 253
0 26 0
0 26 0
0 26 0
13.6610460946502 51 300
0 26 0
0 26 0
0 26 0
0 26 0
0 26 0
4.84150862497053 48 231
11.9067937525996 67 360
0 26 0
24.0516661633755 83 515
0 26 0
22.9111692688151 74 553
0 26 0
29.5803643840618 79 582
0.413700441811392 33 21
10.0495297185019 64 274
0.341210580023124 32 15
0 26 0
13.6610460946502 51 300
6.31180052355024 49 253
2.63476929830413 45 171
5.34838629833006 43 64
0 26 0
0 26 0
27.5610704007398 75 576
0 26 0
19.2381681842534 72 510
0 26 0
2.22566849895734 44 153
0 26 0
0 26 0
0 26 0
0 26 0
87.1441859860692 171 1289
0 26 0
0.155986182526195 29 3
0 26 0
13.6610460946502 51 300
27.5610704007398 75 576
10.8655177348506 59 172
13.6610460946502 51 300
3.05571327519702 50 141
17.8189080019067 81 421
13.6610460946502 51 300
0 26 0
13.6610460946502 51 300
0 26 0
27.5610704007398 75 576
1.89815462170043 43 136
6.73505543925691 61 309
0 26 0
0 26 0
0 26 0
8.76178268125793 50 276
13.8135545752598 70 466
3.1604528524637 46 190
21.8898166498115 73 529
0 26 0
17.687246523678 70 471
0 26 0
14.4495606744575 70 463
14.8927090417402 56 310
0 26 0
0 26 0
0 26 0
27.5610704007398 75 576
9.16372894468242 65 363
15.5879118062994 62 355
4.06060818338546 49 123
27.5610704007398 75 576
27.5610704007398 75 576
18.7935185221225 71 484
6.31180052355024 49 253
6.90574855203013 52 256
6.31180052355024 49 253
0 26 0
5.35340034442767 58 265
2.63476929830413 45 171
8.76178268125793 50 276
17.687246523678 70 471
0 26 0
35.1383624684499 96 786
0.213253584415411 30 6
0 26 0
0 26 0
7.66438871921882 59 298
0.581175009540804 35 36
0.155986182526195 29 3
29.3971006070214 78 579
0 26 0
0 26 0
0 26 0
1.78426611746263 41 55
2.79133790966297 35 16
0 26 0
0 26 0
8.76178268125793 50 276
13.6610460946502 51 300
23.6952129077439 87 600
8.76178268125793 50 276
1.89815462170043 43 136
0 26 0
27.5610704007398 75 576
0 26 0
27.5610704007398 75 576
0 26 0
0 26 0
17.2053607394355 69 453
30.3787732925339 93 556
0 26 0
14.1176320342414 79 382
0.213253584415411 30 6
0 26 0
3.86104102265725 47 210
0 26 0
0 26 0
18.3314910684067 71 490
0.102057788557282 28 1
21.8898166498115 73 529
19.2381681842534 72 510
20.5936967414137 71 366
7.98530272334543 61 319
0 26 0
6.31180052355024 49 253
0 26 0
8.76178268125793 50 276
0 26 0
4.84150862497053 48 231
0 26 0
13.6610460946502 51 300
0 26 0
3.1604528524637 46 190
4.84150862497053 48 231
0 26 0
0 26 0
2.50389360066935 38 31
0 26 0
37.2961149040649 97 807
0 26 0
0 26 0
0 26 0
0 26 0
0 26 0
11.6016482546615 62 310
0 26 0
21.8898166498115 73 529
0 26 0
0 26 0
0 26 0
18.7935185221225 71 484
13.6610460946502 51 300
0.341210580023124 32 15
15.7396447465218 72 334
8.76178268125793 50 276
0 26 0
13.6610460946502 51 300
20.6080735644167 73 531
0 26 0
15.1485877264852 71 486
0.581175009540804 35 36
13.6610460946502 51 300
0 26 0
3.86104102265725 47 210
2.63476929830413 45 171
27.5610704007398 75 576
8.76178268125793 50 276
3.43108334109854 37 25
0 26 0
13.6610460946502 51 300
38.6721581348606 115 773
0 26 0
27.5610704007398 75 576
0 26 0
0 26 0
9.69110017071989 55 286
0 26 0
13.6610460946502 51 300
0.274708717190266 31 10
8.76178268125793 50 276
0 26 0
0 26 0
0 26 0
12.2877930940116 69 443
0 26 0
46.2139102488064 114 937
0.788670586455862 37 55
30.9032180982816 104 768
40.7894708518057 101 680
4.84150862497053 48 231
0 26 0
0 26 0
13.6610460946502 51 300
0 26 0
0 26 0
3.86104102265725 47 210
1.89815462170043 43 136
15.1115557606056 58 321
0 26 0
0 26 0
3.86104102265725 47 210
0 26 0
13.8135545752598 70 466
13.6610460946502 51 300
0 26 0
44.8278700956256 103 839
0 26 0
0.788670586455862 37 55
0 26 0
3.06086761179993 48 174
0 26 0
10.1173721710347 59 312
36.2747622850612 96 784
15.9703818113006 66 313
11.0128448818948 59 256
0 26 0
23.4536802580079 76 532
0 26 0
0 26 0
1.62995460765176 42 120
2.14553475964307 33 9
7.66438871921882 59 298
18.6251076495835 73 459
13.6610460946502 51 300
13.6610460946502 51 300
0 26 0
1.21665406468619 40 91
0 26 0
6.31180052355024 49 253
0 26 0
0 26 0
17.3862515434447 72 507
14.6582034278769 54 303
20.8398225416299 68 364
0 26 0
0 26 0
2.40829687381887 45 87
0.413700441811392 33 21
0 26 0
0 26 0
16.5046678436141 57 96
1.56938022328087 42 72
0 26 0
0.581175009540804 35 36
0.788670586455862 37 55
0 26 0
0 26 0
0 26 0
31.3556111495405 92 700
0 26 0
45.8615459048392 116 974
0 26 0
0 26 0
15.1740207638193 67 400
0 26 0
25.864443740583 82 525
0.155986182526195 29 3
19.2381681842534 72 510
5.99602184384762 45 81
10.3797485544972 61 331
0.912606025525192 38 66
0 26 0
0 26 0
0 26 0
0 26 0
0 26 0
17.3862515434447 72 507
8.76178268125793 50 276
13.8423529695608 64 224
13.6610460946502 51 300
0 26 0
48.9886802295353 114 789
0.493260571873732 34 28
16.3598481851861 75 406
6.31180052355024 49 253
8.76178268125793 50 276
0 26 0
13.6610460946502 51 300
0 26 0
10.1173721710347 59 312
0 26 0
0 26 0
27.6675675857797 92 700
8.76178268125793 50 276
19.7153755183661 79 472
0 26 0
0 26 0
13.6610460946502 51 300
0 26 0
13.6610460946502 51 300
21.8898166498115 73 529
0 26 0
0 26 0
0 26 0
9.16372894468242 65 363
0 26 0
18.0650518400491 80 478
13.6610460946502 51 300
5.99602184384762 45 81
4.50264864004254 51 146
49.8714156530635 117 994
0.155986182526195 29 3
24.2246563963488 88 524
0 26 0
13.6610460946502 51 300
0 26 0
41.6979702121995 98 829
0 26 0
0 26 0
0 26 0
0 26 0
0 26 0
0 26 0
0 26 0
12.8383158958765 63 324
0 26 0
6.31180052355024 49 253
0 26 0
0 26 0
0 26 0
8.76178268125793 50 276
19.5102745302679 82 401
0 26 0
1.40621641484993 41 105
41.9296418703029 109 824
0 26 0
0 26 0
22.9111692688151 74 553
0 26 0
5.4215070016171 38 19
0 26 0
4.84150862497053 48 231
0 26 0
13.6610460946502 51 300
1.89815462170043 43 136
1.78315181519235 43 76
0 26 0
0 26 0
13.6610460946502 51 300
13.6610460946502 51 300
13.6610460946502 51 300
0 26 0
15.1115557606056 58 321
3.1604528524637 46 190
0 26 0
0 26 0
0 26 0
13.6610460946502 51 300
0 26 0
27.5610704007398 75 576
13.6610460946502 51 300
0.155986182526195 29 3
16.2552272633493 84 449
0 26 0
13.6610460946502 51 300
0 26 0
0 26 0
0 26 0
0 26 0
15.8340777485228 73 299
0 26 0
0 26 0
0 26 0
0 26 0
12.9275512533784 69 447
8.76178268125793 50 276
0 26 0
0 26 0
0 26 0
0 26 0
4.06855443496368 39 36
13.6610460946502 51 300
0 26 0
45.8615459048392 116 974
12.5477576586569 68 421
0 26 0
0 26 0
17.3862515434447 72 507
0 26 0
0 26 0
13.6610460946502 51 300
61.0049843430788 146 1016
0 26 0
0 26 0
70.672838909519 141 1270
0 26 0
0 26 0
1.89815462170043 43 136
0 26 0
1.62995460765176 42 120
8.76178268125793 50 276
11.5242087869366 70 358
2.63476929830413 45 171
0 26 0
0 26 0
0 26 0
0 26 0
13.6610460946502 51 300
8.76178268125793 50 276
45.7579944645278 116 910
0 26 0
0 26 0
0 26 0
0 26 0
13.6610460946502 51 300
13.6610460946502 51 300
0 26 0
13.6610460946502 51 300
0 26 0
0 26 0
0 26 0
36.2747622850612 96 784
0 26 0
11.0128448818948 59 256
0 26 0
0 26 0
0 26 0
21.8898166498115 73 529
0 26 0
48.8500630340599 116 970
0 26 0
13.8135545752598 70 466
0 26 0
0 26 0
9.08684514841739 47 64
34.9860134064262 109 844
0 26 0
0 26 0
7.0129198070777 62 322
0 26 0
8.76178268125793 50 276
0 26 0
13.6610460946502 51 300
13.6610460946502 51 300
41.6453872168116 108 814
0 26 0
0 26 0
6.31180052355024 49 253
0 26 0
0 26 0
8.76178268125793 50 276
7.2749783832534 57 169
0 26 0
0 26 0
0.493260571873732 34 28
9.85448917528618 71 354
13.6610460946502 51 300
18.3314910684067 71 490
0 26 0
0 26 0
0 26 0
0 26 0
15.3367099691773 60 336
0 26 0
0 26 0
4.84150862497053 48 231
0 26 0
1.62995460765176 42 120
0 26 0
0 26 0
3.1604528524637 46 190
0 26 0
13.6610460946502 51 300
0 26 0
0 26 0
3.1604528524637 46 190
0 26 0
13.6610460946502 51 300
27.5610704007398 75 576
33.3020700821706 106 625
0 26 0
0 26 0
0 26 0
22.9111692688151 74 553
17.3862515434447 72 507
13.6610460946502 51 300
27.5610704007398 75 576
