"COLLES.MDM.LN" "SACKIN" "COPHENETIC"
0.755448972273232 17 10
1.56989582291882 19 11
0 12 0
2.75800294540928 23 27
0 12 0
0.231949519448368 14 1
0.231949519448368 14 1
0 12 0
1.73815129880325 20 16
0 12 0
0.231949519448368 14 1
7.51837242958476 26 58
0.932034644435812 18 7
9.46993427142305 29 58
0 12 0
0.51028894278641 16 2
0 12 0
0.755448972273232 17 10
0 12 0
0 12 0
0 12 0
0 12 0
0.699457010506748 17 4
0.51028894278641 16 2
0 12 0
1.78601129975244 17 4
0 12 0
0.932034644435812 18 7
1.86665758935253 21 10
0 12 0
0.374366838062868 15 3
0 12 0
2.12620392827671 19 5
0 12 0
1.87439017312018 20 28
2.52958281202227 22 29
0 12 0
0 12 0
0.231949519448368 14 1
0.231949519448368 14 1
0 12 0
0.231949519448368 14 1
1.02363174006937 18 15
0 12 0
0.231949519448368 14 1
0 12 0
0.231949519448368 14 1
0 12 0
0.932034644435812 18 7
0.699457010506748 17 4
0.374366838062868 15 3
0.231949519448368 14 1
0.231949519448368 14 1
3.98907854886636 25 32
1.95630129737228 20 8
0 12 0
0.231949519448368 14 1
0.544981382394939 16 6
0.374366838062868 15 3
0.51028894278641 16 2
1.78601129975244 17 4
0.231949519448368 14 1
0.374366838062868 15 3
2.98084889488324 22 29
0.231949519448368 14 1
0.231949519448368 14 1
0 12 0
0.755448972273232 17 10
0.51028894278641 16 2
0 12 0
0 12 0
0.231949519448368 14 1
0.544981382394939 16 6
0 12 0
0.231949519448368 14 1
0 12 0
2.04471860139162 21 22
0.544981382394939 16 6
2.04471860139162 21 22
0.51028894278641 16 2
0.231949519448368 14 1
0.699457010506748 17 4
6.30936469164689 23 55
0.51028894278641 16 2
0.374366838062868 15 3
0 12 0
1.78601129975244 17 4
0.51028894278641 16 2
0 12 0
0 12 0
0.231949519448368 14 1
0 12 0
0.374366838062868 15 3
1.95630129737228 20 8
1.56989582291882 19 11
7.3023870645639 25 56
3.76016306956922 26 31
0.231949519448368 14 1
0 12 0
1.87439017312018 20 28
0 12 0
0 12 0
0.231949519448368 14 1
0.231949519448368 14 1
0.51028894278641 16 2
4.61994692298901 24 25
0.231949519448368 14 1
2.18968484394806 21 16
0.51028894278641 16 2
0.231949519448368 14 1
0.755448972273232 17 10
0 12 0
3.84768015746978 22 45
0.231949519448368 14 1
0 12 0
0.544981382394939 16 6
0.544981382394939 16 6
0.231949519448368 14 1
0 12 0
0 12 0
0 12 0
1.26379397264183 21 6
2.04471860139162 21 22
0.544981382394939 16 6
0.51028894278641 16 2
4.83983162965511 25 48
0 12 0
0.231949519448368 14 1
0.231949519448368 14 1
1.63494414718482 20 12
0.231949519448368 14 1
0 12 0
0.231949519448368 14 1
0.544981382394939 16 6
0 12 0
0.231949519448368 14 1
0.755448972273232 17 10
0.231949519448368 14 1
1.1058197260616 19 5
0 12 0
3.70058278849453 25 38
0 12 0
0 12 0
0.231949519448368 14 1
2.57129120082109 19 9
0.231949519448368 14 1
1.37900147270464 19 21
0 12 0
4.57986624994665 25 32
0.231949519448368 14 1
1.87439017312018 20 28
0.51028894278641 16 2
0.231949519448368 14 1
0.231949519448368 14 1
0.231949519448368 14 1
0.374366838062868 15 3
0.850481571310684 18 3
0 12 0
0.231949519448368 14 1
0.231949519448368 14 1
0.231949519448368 14 1
0.231949519448368 14 1
0 12 0
5.09363744138759 26 51
0 12 0
0.374366838062868 15 3
1.73815129880325 20 16
0.374366838062868 15 3
0 12 0
0 12 0
2.57129120082109 19 9
0 12 0
0 12 0
0 12 0
0.374366838062868 15 3
0 12 0
0 12 0
0.699457010506748 17 4
0 12 0
2.18380655536673 20 13
0.51028894278641 16 2
0 12 0
0.374366838062868 15 3
0.231949519448368 14 1
0 12 0
0.231949519448368 14 1
0 12 0
8.93032544664096 29 62
0 12 0
1.54993858181743 18 7
1.95630129737228 20 8
0 12 0
2.12620392827671 19 5
0 12 0
1.95630129737228 20 8
0.544981382394939 16 6
1.54993858181743 18 7
2.52958281202227 22 29
0 12 0
3.83503572910242 25 42
0.231949519448368 14 1
0.231949519448368 14 1
7.3023870645639 25 56
0 12 0
0.231949519448368 14 1
3.82716707089808 22 8
0 12 0
2.87890310732528 23 23
0.374366838062868 15 3
4.93991877409392 27 33
2.60636841658528 24 22
0 12 0
0.231949519448368 14 1
6.73853029993738 27 49
0.374366838062868 15 3
0.231949519448368 14 1
0.231949519448368 14 1
0.374366838062868 15 3
1.78601129975244 17 4
1.61947781573627 20 16
0.699457010506748 17 4
2.87044426463955 22 21
0 12 0
0 12 0
6.73853029993738 27 49
1.37900147270464 19 21
0.231949519448368 14 1
2.80576284232763 23 31
1.87439017312018 20 28
0.544981382394939 16 6
0.231949519448368 14 1
0.231949519448368 14 1
0.51028894278641 16 2
0.850481571310684 18 3
3.66419641712789 25 28
0.51028894278641 16 2
2.12620392827671 19 5
0.231949519448368 14 1
0.374366838062868 15 3
0.231949519448368 14 1
0 12 0
3.01756365551001 22 21
0.544981382394939 16 6
0 12 0
0.231949519448368 14 1
1.85774686767499 21 12
2.18181811222286 21 18
1.02363174006937 18 15
0.231949519448368 14 1
0 12 0
0 12 0
0 12 0
8.9041604355828 31 31
0.374366838062868 15 3
1.54993858181743 18 7
2.97765391637594 21 10
0.374366838062868 15 3
0.374366838062868 15 3
0 12 0
2.04471860139162 21 22
2.1714172126119 21 18
0.231949519448368 14 1
4.62102548565907 24 46
0.231949519448368 14 1
4.2305142447301 26 46
0 12 0
0.374366838062868 15 3
4.3829642421437 24 22
1.22786235601684 19 11
6.30936469164689 23 55
3.72676359346146 25 32
0 12 0
0.231949519448368 14 1
0.374366838062868 15 3
4.24965824510977 23 25
4.86622266451539 27 43
0.51028894278641 16 2
0 12 0
2.97765391637594 21 10
0.755448972273232 17 10
0.51028894278641 16 2
0.544981382394939 16 6
0.850481571310684 18 3
4.07320877000357 25 38
2.61528754293362 21 36
0.231949519448368 14 1
0.374366838062868 15 3
1.02363174006937 18 15
0.755448972273232 17 10
0.374366838062868 15 3
0.231949519448368 14 1
1.78601129975244 17 4
0 12 0
0.231949519448368 14 1
1.95630129737228 20 8
0 12 0
0.850481571310684 18 3
4.2305142447301 26 46
0 12 0
2.37994370259483 22 24
1.85774686767499 21 12
1.78601129975244 17 4
0.231949519448368 14 1
1.54993858181743 18 7
2.80576284232763 23 31
0 12 0
0.544981382394939 16 6
3.53922907287537 24 39
0 12 0
0 12 0
1.56989582291882 19 11
0.231949519448368 14 1
4.57029217238472 26 43
0.51028894278641 16 2
0.755448972273232 17 10
0.699457010506748 17 4
1.43411163931277 20 7
7.5465658012249 33 46
0 12 0
1.02363174006937 18 15
0.755448972273232 17 10
0 12 0
0.699457010506748 17 4
0.51028894278641 16 2
0.699457010506748 17 4
0.93591709515717 18 6
1.02363174006937 18 15
0 12 0
3.72676359346146 25 32
1.78601129975244 17 4
1.87439017312018 20 28
0.231949519448368 14 1
0.231949519448368 14 1
0 12 0
0.93591709515717 18 6
0 12 0
0 12 0
2.57129120082109 19 9
0.231949519448368 14 1
0 12 0
0 12 0
0.374366838062868 15 3
0.374366838062868 15 3
0 12 0
5.76242224962341 28 57
0 12 0
4.11337798774718 27 37
2.57129120082109 19 9
7.37256449198593 30 36
0 12 0
0 12 0
0.231949519448368 14 1
0 12 0
0 12 0
0.755448972273232 17 10
0.699457010506748 17 4
0.231949519448368 14 1
0.231949519448368 14 1
0.231949519448368 14 1
0.51028894278641 16 2
3.21647465067505 24 25
0 12 0
0.231949519448368 14 1
0 12 0
0 12 0
0.755448972273232 17 10
0.231949519448368 14 1
0.51028894278641 16 2
2.68200109952233 22 14
1.37900147270464 19 21
0 12 0
0.51028894278641 16 2
0 12 0
0 12 0
0 12 0
0.544981382394939 16 6
0 12 0
1.78601129975244 17 4
0.374366838062868 15 3
0 12 0
1.63494414718482 20 12
0 12 0
0.231949519448368 14 1
0 12 0
0.374366838062868 15 3
1.1058197260616 19 5
1.78601129975244 17 4
0.755448972273232 17 10
0 12 0
1.23550011745473 19 9
1.37900147270464 19 21
3.48705005724482 23 37
1.78601129975244 17 4
0.374366838062868 15 3
0.699457010506748 17 4
0 12 0
1.87439017312018 20 28
2.12620392827671 19 5
0.231949519448368 14 1
0.231949519448368 14 1
1.61947781573627 20 16
0.231949519448368 14 1
0.699457010506748 17 4
0.699457010506748 17 4
0 12 0
0 12 0
0.850481571310684 18 3
0 12 0
0.231949519448368 14 1
0 12 0
2.86115225757343 23 27
0.51028894278641 16 2
0 12 0
0.231949519448368 14 1
0.231949519448368 14 1
1.95630129737228 20 8
0.374366838062868 15 3
0.755448972273232 17 10
0.850481571310684 18 3
0 12 0
1.78601129975244 17 4
0.699457010506748 17 4
4.83983162965511 25 48
3.29977948412475 23 37
0.231949519448368 14 1
1.87439017312018 20 28
0 12 0
2.18380655536673 20 13
0.231949519448368 14 1
0 12 0
0 12 0
0.231949519448368 14 1
0.231949519448368 14 1
0.231949519448368 14 1
1.87439017312018 20 28
3.01756365551001 22 21
0 12 0
0.231949519448368 14 1
0.231949519448368 14 1
1.78601129975244 17 4
0.231949519448368 14 1
1.9075213740986 24 25
0.231949519448368 14 1
0.231949519448368 14 1
0.544981382394939 16 6
2.97802991733573 23 19
1.1058197260616 19 5
0.374366838062868 15 3
0 12 0
0 12 0
2.06753573125709 21 12
2.7053969097401 21 10
8.08747532137428 30 52
0 12 0
0 12 0
0.231949519448368 14 1
0 12 0
0.231949519448368 14 1
0 12 0
1.37900147270464 19 21
0.932034644435812 18 7
0.231949519448368 14 1
7.3023870645639 25 56
0.755448972273232 17 10
2.18968484394806 21 16
2.12620392827671 19 5
0 12 0
0.231949519448368 14 1
1.63121002646909 20 13
0.544981382394939 16 6
0.231949519448368 14 1
5.46280794297135 26 47
1.78601129975244 17 4
0.932034644435812 18 7
0 12 0
0.231949519448368 14 1
0.231949519448368 14 1
0.51028894278641 16 2
0.850481571310684 18 3
1.42967455277408 20 8
0.231949519448368 14 1
0 12 0
0.231949519448368 14 1
0.374366838062868 15 3
0.374366838062868 15 3
1.73815129880325 20 16
1.22786235601684 19 11
0.374366838062868 15 3
2.61528754293362 21 36
0.231949519448368 14 1
3.8820907735513 23 17
2.1714172126119 21 18
0 12 0
1.86665758935253 21 10
3.30414389298062 24 30
1.22786235601684 19 11
0.231949519448368 14 1
0.699457010506748 17 4
0.231949519448368 14 1
0.755448972273232 17 10
0 12 0
2.62056786644008 27 34
0 12 0
0 12 0
0.374366838062868 15 3
0.374366838062868 15 3
2.71713916066321 22 13
7.3023870645639 25 56
4.08250522564899 22 14
2.16509071003198 21 22
1.78601129975244 17 4
1.78601129975244 17 4
0.51028894278641 16 2
0.231949519448368 14 1
0.231949519448368 14 1
0 12 0
0.51028894278641 16 2
0 12 0
0.850481571310684 18 3
1.87439017312018 20 28
0.374366838062868 15 3
0.51028894278641 16 2
3.1100830978912 23 17
1.95630129737228 20 8
0 12 0
0.932034644435812 18 7
1.95630129737228 20 8
4.87954275676792 32 65
0.231949519448368 14 1
0.93591709515717 18 6
1.37900147270464 19 21
0.374366838062868 15 3
0 12 0
0 12 0
3.17065133225895 24 34
0 12 0
1.37900147270464 19 21
0.544981382394939 16 6
0.699457010506748 17 4
0.231949519448368 14 1
1.43411163931277 20 7
0.544981382394939 16 6
0.932034644435812 18 7
1.95630129737228 20 8
0 12 0
1.02363174006937 18 15
1.56989582291882 19 11
2.37994370259483 22 24
1.22786235601684 19 11
1.61947781573627 20 16
0.544981382394939 16 6
4.88586517796455 27 39
2.86115225757343 23 27
0.231949519448368 14 1
1.86665758935253 21 10
1.37900147270464 19 21
5.46689784065522 28 24
0 12 0
0.699457010506748 17 4
0.374366838062868 15 3
9.34837830503155 30 64
0.231949519448368 14 1
0 12 0
0.231949519448368 14 1
3.53922907287537 24 39
0 12 0
0.51028894278641 16 2
2.75800294540928 23 27
12.1269277625 34 92
2.06753573125709 21 12
0.231949519448368 14 1
0.231949519448368 14 1
6.30936469164689 23 55
0.755448972273232 17 10
0 12 0
6.51608335641534 28 21
3.36891678752446 23 11
0.231949519448368 14 1
0.374366838062868 15 3
3.53922907287537 24 39
2.04471860139162 21 22
0.231949519448368 14 1
0.231949519448368 14 1
0.231949519448368 14 1
2.04471860139162 21 22
0 12 0
3.38445086521304 21 16
0.231949519448368 14 1
0 12 0
0.932034644435812 18 7
2.98084889488324 22 29
0.231949519448368 14 1
0.231949519448368 14 1
0 12 0
2.16509071003198 21 22
2.52958281202227 22 29
0.544981382394939 16 6
0.231949519448368 14 1
0.231949519448368 14 1
0 12 0
0.850481571310684 18 3
0.231949519448368 14 1
2.38154208302762 20 7
2.97765391637594 21 10
0.93591709515717 18 6
0 12 0
2.12620392827671 19 5
0 12 0
0 12 0
0.231949519448368 14 1
1.78601129975244 17 4
0 12 0
0.374366838062868 15 3
0.544981382394939 16 6
1.02363174006937 18 15
0 12 0
1.02363174006937 18 15
0.699457010506748 17 4
0 12 0
1.23550011745473 19 9
0 12 0
0.544981382394939 16 6
0.374366838062868 15 3
0 12 0
0.374366838062868 15 3
4.54070217428008 26 40
0.932034644435812 18 7
2.3680358104614 22 17
0 12 0
0 12 0
2.52958281202227 22 29
1.02363174006937 18 15
2.87044426463955 22 21
0.231949519448368 14 1
0.51028894278641 16 2
0.374366838062868 15 3
2.61528754293362 21 36
5.18795029201124 27 39
1.54993858181743 18 7
0 12 0
0.231949519448368 14 1
0.374366838062868 15 3
0.51028894278641 16 2
0 12 0
0.699457010506748 17 4
1.23550011745473 19 9
0.755448972273232 17 10
0 12 0
2.3680358104614 22 17
0 12 0
0 12 0
0 12 0
3.66419641712789 25 28
0.231949519448368 14 1
1.95630129737228 20 8
0.231949519448368 14 1
2.18380655536673 20 13
0 12 0
0 12 0
1.02363174006937 18 15
4.57029217238472 26 43
0.231949519448368 14 1
0 12 0
0.231949519448368 14 1
0 12 0
3.29977948412475 23 37
0.51028894278641 16 2
0 12 0
0.231949519448368 14 1
0.231949519448368 14 1
2.61528754293362 21 36
4.67764864220876 21 10
0 12 0
0.231949519448368 14 1
0 12 0
3.64574061919771 24 31
0.231949519448368 14 1
0.755448972273232 17 10
0 12 0
0 12 0
0.231949519448368 14 1
0.374366838062868 15 3
0.755448972273232 17 10
0.932034644435812 18 7
8.34900751400641 27 57
1.54993858181743 18 7
0 12 0
0 12 0
0.231949519448368 14 1
0.755448972273232 17 10
4.62102548565907 24 46
0 12 0
1.78601129975244 17 4
1.42967455277408 20 8
0.699457010506748 17 4
0.755448972273232 17 10
0.231949519448368 14 1
0 12 0
0.231949519448368 14 1
0 12 0
0.374366838062868 15 3
0.231949519448368 14 1
7.3023870645639 25 56
0.231949519448368 14 1
2.04471860139162 21 22
0.231949519448368 14 1
6.75447381638813 29 56
0.544981382394939 16 6
3.84768015746978 22 45
0.231949519448368 14 1
2.7053969097401 21 10
0 12 0
0 12 0
0 12 0
1.02363174006937 18 15
0.51028894278641 16 2
2.1714172126119 21 18
1.42967455277408 20 8
0.374366838062868 15 3
1.56989582291882 19 11
0 12 0
0.231949519448368 14 1
0 12 0
2.52958281202227 22 29
0.850481571310684 18 3
0 12 0
0.231949519448368 14 1
0.374366838062868 15 3
2.18181811222286 21 18
6.30936469164689 23 55
1.02363174006937 18 15
5.36825932588988 29 34
0 12 0
0 12 0
0.374366838062868 15 3
1.78601129975244 17 4
0.231949519448368 14 1
2.18380655536673 20 13
2.12620392827671 19 5
0 12 0
1.54993858181743 18 7
0.231949519448368 14 1
0.231949519448368 14 1
0.231949519448368 14 1
8.95029233606508 29 61
1.02363174006937 18 15
2.61528754293362 21 36
2.16509071003198 21 22
0 12 0
1.22786235601684 19 11
0 12 0
1.54993858181743 18 7
0.231949519448368 14 1
0 12 0
5.41026994925479 27 55
1.22786235601684 19 11
0 12 0
0.699457010506748 17 4
1.56989582291882 19 11
0.544981382394939 16 6
0 12 0
0 12 0
0 12 0
0 12 0
0 12 0
1.56989582291882 19 11
0 12 0
0.374366838062868 15 3
0.51028894278641 16 2
3.48705005724482 23 37
0 12 0
7.3023870645639 25 56
0 12 0
0 12 0
0 12 0
1.02363174006937 18 15
0 12 0
3.98111926670613 23 19
2.28459321062346 21 10
0 12 0
0.699457010506748 17 4
0 12 0
0.374366838062868 15 3
0 12 0
0.755448972273232 17 10
1.87439017312018 20 28
0.544981382394939 16 6
0.231949519448368 14 1
0.699457010506748 17 4
0 12 0
2.97802991733573 23 19
1.02363174006937 18 15
0.231949519448368 14 1
0 12 0
0.699457010506748 17 4
0.755448972273232 17 10
0.932034644435812 18 7
0.231949519448368 14 1
1.04672701885369 26 32
1.02363174006937 18 15
1.02363174006937 18 15
0 12 0
1.23550011745473 19 9
0.51028894278641 16 2
8.95029233606508 29 61
0.231949519448368 14 1
0.374366838062868 15 3
0.231949519448368 14 1
0.231949519448368 14 1
0.231949519448368 14 1
0 12 0
2.28459321062346 21 10
2.12620392827671 19 5
0.231949519448368 14 1
0.231949519448368 14 1
0 12 0
0.231949519448368 14 1
0.755448972273232 17 10
6.30936469164689 23 55
0 12 0
0 12 0
0.51028894278641 16 2
0.231949519448368 14 1
0.231949519448368 14 1
4.98994448633104 26 32
2.18380655536673 20 13
0.544981382394939 16 6
0.51028894278641 16 2
0.231949519448368 14 1
4.73607162092281 27 29
1.94337337888353 22 17
0.231949519448368 14 1
0 12 0
0.231949519448368 14 1
6.66555405652036 27 37
2.37994370259483 22 24
0 12 0
1.22786235601684 19 11
1.42967455277408 20 8
0 12 0
0 12 0
0.231949519448368 14 1
0.231949519448368 14 1
1.02363174006937 18 15
0.231949519448368 14 1
0 12 0
0.374366838062868 15 3
0 12 0
0.231949519448368 14 1
0.231949519448368 14 1
0.374366838062868 15 3
0.544981382394939 16 6
0.699457010506748 17 4
0.932034644435812 18 7
0 12 0
0.231949519448368 14 1
0 12 0
0 12 0
3.29977948412475 23 37
0 12 0
0 12 0
2.16509071003198 21 22
0 12 0
0.544981382394939 16 6
0.544981382394939 16 6
0.374366838062868 15 3
8.5455222455405 32 61
3.02179588909293 22 20
0 12 0
1.02363174006937 18 15
0 12 0
0.231949519448368 14 1
0 12 0
2.55144471393205 21 6
0.231949519448368 14 1
0.374366838062868 15 3
0 12 0
0 12 0
5.54617436932166 27 33
0.699457010506748 17 4
0.932034644435812 18 7
5.3489311269696 26 40
0.544981382394939 16 6
2.06753573125709 21 12
2.81371484581721 26 26
0.231949519448368 14 1
1.42967455277408 20 8
0 12 0
9.92402909170722 32 53
1.73815129880325 20 16
0.231949519448368 14 1
0.231949519448368 14 1
0 12 0
0.374366838062868 15 3
0 12 0
10.5774279080979 32 41
1.02363174006937 18 15
0.231949519448368 14 1
3.53922907287537 24 39
2.4787676459428 23 13
2.8025746845097 23 19
0 12 0
0 12 0
9.56818662512397 30 66
1.87439017312018 20 28
0.544981382394939 16 6
0 12 0
0.755448972273232 17 10
2.06753573125709 21 12
0 12 0
0 12 0
0.231949519448368 14 1
0 12 0
0.51028894278641 16 2
0.51028894278641 16 2
0.544981382394939 16 6
1.1058197260616 19 5
2.04471860139162 21 22
2.61528754293362 21 36
3.84768015746978 22 45
0.374366838062868 15 3
9.1700173415072 35 64
0.51028894278641 16 2
1.95745203176291 22 14
0 12 0
8.09291291595236 32 69
0.231949519448368 14 1
0.932034644435812 18 7
0.699457010506748 17 4
0 12 0
5.10385784465265 23 17
0.374366838062868 15 3
0.755448972273232 17 10
0 12 0
0 12 0
0 12 0
4.29339578241916 25 38
0.231949519448368 14 1
0.93591709515717 18 6
0 12 0
0.93591709515717 18 6
0.51028894278641 16 2
2.7053969097401 22 17
0.51028894278641 16 2
0.231949519448368 14 1
0 12 0
0.93591709515717 18 6
6.68475608201689 28 28
1.63121002646909 20 13
0.544981382394939 16 6
0.699457010506748 17 4
0 12 0
4.80891920063141 27 51
1.37900147270464 19 21
0 12 0
0 12 0
0 12 0
1.02363174006937 18 15
0 12 0
0.231949519448368 14 1
0 12 0
1.23550011745473 19 9
0 12 0
0.374366838062868 15 3
2.98084889488324 22 29
0.544981382394939 16 6
1.37900147270464 19 21
0 12 0
2.97802991733573 23 19
0 12 0
0.374366838062868 15 3
2.57129120082109 19 9
0.231949519448368 14 1
0 12 0
0.374366838062868 15 3
0 12 0
0.231949519448368 14 1
0.374366838062868 15 3
0.755448972273232 17 10
0 12 0
0.231949519448368 14 1
0.374366838062868 15 3
0.231949519448368 14 1
0 12 0
0.231949519448368 14 1
3.02179588909293 22 20
0.374366838062868 15 3
2.38154208302762 20 7
1.22786235601684 19 11
0 12 0
2.12620392827671 19 5
0.231949519448368 14 1
0.374366838062868 15 3
0 12 0
0 12 0
2.57129120082109 19 9
4.3829642421437 24 22
0 12 0
0.755448972273232 17 10
0 12 0
0 12 0
0 12 0
1.37900147270464 19 21
0.231949519448368 14 1
0.544981382394939 16 6
0.231949519448368 14 1
9.83014583159913 33 70
2.98084889488324 22 29
0 12 0
0.231949519448368 14 1
0.231949519448368 14 1
0.51028894278641 16 2
1.22786235601684 19 11
1.43411163931277 20 7
0 12 0
0.544981382394939 16 6
0.231949519448368 14 1
3.12398362186697 23 31
0.231949519448368 14 1
1.37900147270464 19 21
1.54993858181743 18 7
0.374366838062868 15 3
0 12 0
0.544981382394939 16 6
6.42566948015101 26 28
0.231949519448368 14 1
0.231949519448368 14 1
0.51028894278641 16 2
0.51028894278641 16 2
1.78601129975244 17 4
0 12 0
0.755448972273232 17 10
0 12 0
12.8187628293754 33 100
0 12 0
0.544981382394939 16 6
0.755448972273232 17 10
0 12 0
0 12 0
1.85774686767499 21 12
6.30936469164689 23 55
0 12 0
0.374366838062868 15 3
0.51028894278641 16 2
0.231949519448368 14 1
0.374366838062868 15 3
0.850481571310684 18 3
0.51028894278641 16 2
0.231949519448368 14 1
0.374366838062868 15 3
0 12 0
0 12 0
0.231949519448368 14 1
0.374366838062868 15 3
1.02363174006937 18 15
0 12 0
0.699457010506748 17 4
2.16509071003198 21 22
0.231949519448368 14 1
1.02363174006937 18 15
0 12 0
0 12 0
0 12 0
1.02363174006937 18 15
0 12 0
0.374366838062868 15 3
1.95630129737228 20 8
0 12 0
0.544981382394939 16 6
0.231949519448368 14 1
0 12 0
0 12 0
2.61528754293362 21 36
1.56989582291882 19 11
0.231949519448368 14 1
0 12 0
0.231949519448368 14 1
1.78601129975244 17 4
0.231949519448368 14 1
0 12 0
0.932034644435812 18 7
0 12 0
1.56989582291882 19 11
0 12 0
0.699457010506748 17 4
0.231949519448368 14 1
0 12 0
0.231949519448368 14 1
0.374366838062868 15 3
2.04471860139162 21 22
1.54993858181743 18 7
0 12 0
0 12 0
0 12 0
0 12 0
0.231949519448368 14 1
2.50451876783554 22 14
4.77584262191248 24 13
1.42967455277408 20 8
0 12 0
0 12 0
3.50160173653735 24 22
0 12 0
0 12 0
0 12 0
0 12 0
2.04471860139162 21 22
0 12 0
0.93591709515717 18 6
1.42967455277408 20 8
1.78601129975244 17 4
0.544981382394939 16 6
1.02363174006937 18 15
0.51028894278641 16 2
0 12 0
0.374366838062868 15 3
3.41435093571953 24 21
0 12 0
2.04471860139162 21 22
12.2423261687745 35 83
1.85774686767499 21 12
0 12 0
0.374366838062868 15 3
1.02363174006937 18 15
2.86115225757343 23 27
0 12 0
0.51028894278641 16 2
4.13146581098654 25 27
0 12 0
1.22786235601684 19 11
0 12 0
2.50451876783554 22 14
0.51028894278641 16 2
3.30594582962711 22 12
0.374366838062868 15 3
1.23550011745473 19 9
0 12 0
1.22786235601684 19 11
0 12 0
0.51028894278641 16 2
3.13346922464102 22 14
0 12 0
3.84768015746978 22 45
1.02363174006937 18 15
1.54993858181743 18 7
0.699457010506748 17 4
1.37900147270464 19 21
0.932034644435812 18 7
0 12 0
0 12 0
1.02363174006937 18 15
1.02363174006937 18 15
0 12 0
0.374366838062868 15 3
0 12 0
4.07320877000357 25 38
0 12 0
1.02363174006937 18 15
0.231949519448368 14 1
0.231949519448368 14 1
0.231949519448368 14 1
0.544981382394939 16 6
0.374366838062868 15 3
2.38154208302762 20 7
0.231949519448368 14 1
2.7053969097401 21 10
0.231949519448368 14 1
0 12 0
1.56989582291882 19 11
0.231949519448368 14 1
0.231949519448368 14 1
2.37994370259483 22 24
0.231949519448368 14 1
0.374366838062868 15 3
1.61947781573627 20 16
1.73815129880325 20 16
0.374366838062868 15 3
0 12 0
1.78601129975244 17 4
7.74548893483389 30 52
1.02363174006937 18 15
0.231949519448368 14 1
0.51028894278641 16 2
0.374366838062868 15 3
2.38154208302762 20 7
1.54993858181743 18 7
0.51028894278641 16 2
0.231949519448368 14 1
0 12 0
0 12 0
7.3023870645639 25 56
0.374366838062868 15 3
0.51028894278641 16 2
5.26480090583239 27 43
0.231949519448368 14 1
10.3514688215871 32 65
1.78601129975244 17 4
0 12 0
0.231949519448368 14 1
2.12620392827671 19 5
0.544981382394939 16 6
1.1058197260616 19 5
1.54993858181743 18 7
0 12 0
0.544981382394939 16 6
0 12 0
0.231949519448368 14 1
0.231949519448368 14 1
0 12 0
0 12 0
0.544981382394939 16 6
0.699457010506748 17 4
1.73815129880325 20 16
0.93591709515717 18 6
0.231949519448368 14 1
0.231949519448368 14 1
2.38154208302762 20 7
0 12 0
0 12 0
1.54993858181743 18 7
1.61947781573627 20 16
4.63044122822433 27 37
3.84768015746978 22 45
0.374366838062868 15 3
0.231949519448368 14 1
2.34794892356216 25 12
0.544981382394939 16 6
1.78601129975244 17 4
0.699457010506748 17 4
2.61528754293362 21 36
4.29339578241916 25 38
0.699457010506748 17 4
0.51028894278641 16 2
1.78601129975244 17 4
1.87439017312018 20 28
0.699457010506748 17 4
1.95630129737228 20 8
7.24375843347535 30 40
0 12 0
0 12 0
0 12 0
0.374366838062868 15 3
0.932034644435812 18 7
0.231949519448368 14 1
0.699457010506748 17 4
0 12 0
0 12 0
0.51028894278641 16 2
1.87439017312018 20 28
0.231949519448368 14 1
0.231949519448368 14 1
11.1257136450131 32 65
1.56989582291882 19 11
0.544981382394939 16 6
0.374366838062868 15 3
0.932034644435812 18 7
1.87439017312018 20 28
0.231949519448368 14 1
0.544981382394939 16 6
0 12 0
4.62102548565907 24 46
0 12 0
0.231949519448368 14 1
0 12 0
1.95630129737228 20 8
0 12 0
0.699457010506748 17 4
0 12 0
0 12 0
0.231949519448368 14 1
0.93591709515717 18 6
0.755448972273232 17 10
0 12 0
0.51028894278641 16 2
0.932034644435812 18 7
0.231949519448368 14 1
0.699457010506748 17 4
0.231949519448368 14 1
8.62042111690091 28 59
1.02363174006937 18 15
0 12 0
1.78601129975244 17 4
0 12 0
0 12 0
2.1714172126119 21 18
0.755448972273232 17 10
0.231949519448368 14 1
2.98084889488324 22 29
0 12 0
0 12 0
0 12 0
1.63121002646909 20 13
0 12 0
0.699457010506748 17 4
0.51028894278641 16 2
0.231949519448368 14 1
1.78601129975244 17 4
0.374366838062868 15 3
3.30594582962711 22 12
0 12 0
0 12 0
0.231949519448368 14 1
0.231949519448368 14 1
0.51028894278641 16 2
0 12 0
0.231949519448368 14 1
5.09363744138759 26 51
1.02363174006937 18 15
0 12 0
0 12 0
0.231949519448368 14 1
0.374366838062868 15 3
1.02363174006937 18 15
0 12 0
0.231949519448368 14 1
0.374366838062868 15 3
2.57129120082109 19 9
0.699457010506748 17 4
0 12 0
0.699457010506748 17 4
0 12 0
1.63494414718482 20 12
0 12 0
0.231949519448368 14 1
0.231949519448368 14 1
4.62102548565907 24 46
0.374366838062868 15 3
0.374366838062868 15 3
0.231949519448368 14 1
0.231949519448368 14 1
3.79037460441692 24 25
0.231949519448368 14 1
0.544981382394939 16 6
0.699457010506748 17 4
0 12 0
0 12 0
0 12 0
0.932034644435812 18 7
2.61528754293362 21 36
0 12 0
0 12 0
0.231949519448368 14 1
0 12 0
0.755448972273232 17 10
1.87439017312018 20 28
0.374366838062868 15 3
0.374366838062868 15 3
0.231949519448368 14 1
5.76242224962341 28 57
0 12 0
3.8852561762045 24 22
0.51028894278641 16 2
0.544981382394939 16 6
1.54993858181743 18 7
2.12620392827671 19 5
0 12 0
1.02363174006937 18 15
1.94337337888353 22 17
0 12 0
0 12 0
0 12 0
1.02363174006937 18 15
0 12 0
0.231949519448368 14 1
1.37900147270464 19 21
0.231949519448368 14 1
0 12 0
0.932034644435812 18 7
2.37994370259483 22 24
0.699457010506748 17 4
0 12 0
0.374366838062868 15 3
0.544981382394939 16 6
0 12 0
0.374366838062868 15 3
0.231949519448368 14 1
0.231949519448368 14 1
0 12 0
0.544981382394939 16 6
0 12 0
0 12 0
0 12 0
0.231949519448368 14 1
0.93591709515717 18 6
0.231949519448368 14 1
0 12 0
0.231949519448368 14 1
6.86893184380377 30 42
0.231949519448368 14 1
0 12 0
2.57129120082109 19 9
2.97765391637594 21 10
0.231949519448368 14 1
0.755448972273232 17 10
1.73815129880325 20 16
0.374366838062868 15 3
0.231949519448368 14 1
0.231949519448368 14 1
0 12 0
0.231949519448368 14 1
0.374366838062868 15 3
0.231949519448368 14 1
0.231949519448368 14 1
0.231949519448368 14 1
0.932034644435812 18 7
0 12 0
0 12 0
0 12 0
0 12 0
0.231949519448368 14 1
0.699457010506748 17 4
0 12 0
4.3829642421437 24 22
0 12 0
0.374366838062868 15 3
0 12 0
0 12 0
0 12 0
8.0221705612334 28 65
0.51028894278641 16 2
2.7053969097401 21 10
0.51028894278641 16 2
5.75567584758106 27 49
0 12 0
0.231949519448368 14 1
1.54993858181743 18 7
0 12 0
0 12 0
0.699457010506748 17 4
0 12 0
0 12 0
0.51028894278641 16 2
1.22786235601684 19 11
0 12 0
0 12 0
0.231949519448368 14 1
0.699457010506748 17 4
0.755448972273232 17 10
0.544981382394939 16 6
0.231949519448368 14 1
3.98111926670613 23 19
0 12 0
0.231949519448368 14 1
2.38154208302762 20 7
0.231949519448368 14 1
0.231949519448368 14 1
0 12 0
0.231949519448368 14 1
0 12 0
1.02363174006937 18 15
1.78601129975244 17 4
3.29977948412475 23 37
2.61528754293362 21 36
0.231949519448368 14 1
3.83503572910242 25 42
0.93591709515717 18 6
0.231949519448368 14 1
3.01756365551001 22 21
0.374366838062868 15 3
0.544981382394939 16 6
0.374366838062868 15 3
0.755448972273232 17 10
0.231949519448368 14 1
0 12 0
0 12 0
0.231949519448368 14 1
5.24869897567628 27 33
6.01438863071861 28 52
0.544981382394939 16 6
0.231949519448368 14 1
0.231949519448368 14 1
0 12 0
0 12 0
0.231949519448368 14 1
0.51028894278641 16 2
0 12 0
1.23550011745473 19 9
0.231949519448368 14 1
4.3829642421437 24 22
0.51028894278641 16 2
0.231949519448368 14 1
0 12 0
2.7053969097401 21 10
0.51028894278641 16 2
0 12 0
0.231949519448368 14 1
0 12 0
0 12 0
0.231949519448368 14 1
0.231949519448368 14 1
1.02363174006937 18 15
0.231949519448368 14 1
0.544981382394939 16 6
1.56989582291882 19 11
0 12 0
0.932034644435812 18 7
0.51028894278641 16 2
0 12 0
0.231949519448368 14 1
6.30936469164689 23 55
0.231949519448368 14 1
0 12 0
8.34900751400641 27 57
0.231949519448368 14 1
0.231949519448368 14 1
0 12 0
0.51028894278641 16 2
4.67764864220876 21 10
0.231949519448368 14 1
0.231949519448368 14 1
0 12 0
0.231949519448368 14 1
1.22786235601684 19 11
0.374366838062868 15 3
0.231949519448368 14 1
0.231949519448368 14 1
0.932034644435812 18 7
0 12 0
0 12 0
0.755448972273232 17 10
0 12 0
0.231949519448368 14 1
0.231949519448368 14 1
0.374366838062868 15 3
4.399705978833 25 32
0 12 0
0 12 0
0.231949519448368 14 1
0.374366838062868 15 3
0 12 0
0.374366838062868 15 3
0.374366838062868 15 3
0.374366838062868 15 3
2.98084889488324 22 29
0.51028894278641 16 2
0.231949519448368 14 1
0.699457010506748 17 4
0.51028894278641 16 2
0.231949519448368 14 1
0.231949519448368 14 1
0.231949519448368 14 1
0 12 0
0.374366838062868 15 3
7.3023870645639 25 56
0.51028894278641 16 2
0 12 0
0 12 0
0.231949519448368 14 1
0 12 0
7.3023870645639 25 56
0 12 0
0.374366838062868 15 3
0 12 0
0.755448972273232 17 10
2.55144471393205 21 6
0 12 0
0.932034644435812 18 7
0.374366838062868 15 3
0.850481571310684 18 3
0.231949519448368 14 1
0 12 0
9.47090268821159 29 62
0 12 0
0.231949519448368 14 1
0 12 0
3.30594582962711 22 12
0.544981382394939 16 6
0 12 0
0 12 0
0.374366838062868 15 3
0.51028894278641 16 2
2.12620392827671 19 5
0 12 0
2.61528754293362 21 36
0.231949519448368 14 1
2.57129120082109 19 9
0.51028894278641 16 2
0 12 0
0.231949519448368 14 1
0.231949519448368 14 1
0.231949519448368 14 1
2.87890310732528 23 23
1.1058197260616 19 5
0.699457010506748 17 4
0.231949519448368 14 1
2.38847406016187 23 25
0 12 0
0 12 0
1.78601129975244 17 4
1.95630129737228 20 8
0.544981382394939 16 6
10.7456566283891 30 60
0 12 0
0 12 0
2.16509071003198 21 22
0 12 0
0 12 0
0.231949519448368 14 1
0 12 0
3.01756365551001 22 21
0.231949519448368 14 1
3.79037460441692 24 25
0 12 0
1.22786235601684 19 11
0 12 0
1.87439017312018 20 28
0.231949519448368 14 1
0.544981382394939 16 6
0 12 0
1.73815129880325 20 16
1.43411163931277 20 7
2.87044426463955 22 21
0 12 0
0 12 0
3.72676359346146 25 32
6.30936469164689 23 55
0.699457010506748 17 4
0.51028894278641 16 2
7.51837242958476 26 58
0.231949519448368 14 1
1.56989582291882 19 11
3.84768015746978 22 45
0 12 0
8.93032544664096 29 62
2.57129120082109 19 9
0 12 0
1.1058197260616 19 5
0.850481571310684 18 3
0 12 0
0 12 0
1.56989582291882 19 11
0.231949519448368 14 1
0.544981382394939 16 6
0.544981382394939 16 6
0 12 0
1.22786235601684 19 11
1.37900147270464 19 21
0 12 0
2.38154208302762 20 7
0.755448972273232 17 10
0 12 0
0.231949519448368 14 1
0 12 0
0.755448972273232 17 10
0.231949519448368 14 1
0 12 0
1.87439017312018 20 28
0 12 0
0 12 0
0.51028894278641 16 2
0 12 0
0 12 0
0 12 0
2.3680358104614 22 17
1.22786235601684 19 11
0 12 0
0.231949519448368 14 1
0 12 0
1.23550011745473 19 9
0.374366838062868 15 3
0.231949519448368 14 1
0.544981382394939 16 6
6.30936469164689 23 55
0 12 0
0.374366838062868 15 3
0.231949519448368 14 1
1.02363174006937 18 15
1.78601129975244 17 4
0.231949519448368 14 1
1.54993858181743 18 7
0.699457010506748 17 4
2.87832475324781 23 23
0 12 0
0.699457010506748 17 4
0.544981382394939 16 6
2.61528754293362 21 36
1.78601129975244 17 4
0 12 0
0 12 0
0.231949519448368 14 1
0 12 0
0.544981382394939 16 6
0.699457010506748 17 4
0.932034644435812 18 7
1.02363174006937 18 15
0.699457010506748 17 4
0 12 0
0 12 0
1.78601129975244 17 4
0 12 0
0.850481571310684 18 3
5.46280794297135 26 47
2.12620392827671 19 5
0.544981382394939 16 6
0.755448972273232 17 10
0.374366838062868 15 3
0.51028894278641 16 2
0 12 0
6.30936469164689 23 55
0.51028894278641 16 2
3.26988829436963 26 23
0 12 0
2.68200109952233 22 14
0.231949519448368 14 1
0 12 0
0 12 0
4.24965824510977 23 25
0.231949519448368 14 1
0.51028894278641 16 2
3.8852561762045 24 22
2.12620392827671 19 5
3.00441930421413 22 24
0 12 0
0.231949519448368 14 1
0.231949519448368 14 1
1.54993858181743 18 7
0.231949519448368 14 1
1.22786235601684 19 11
0 12 0
0.231949519448368 14 1
2.52958281202227 22 29
7.30311650226178 30 61
0 12 0
0.374366838062868 15 3
0.932034644435812 18 7
0.699457010506748 17 4
0.51028894278641 16 2
0.374366838062868 15 3
2.37994370259483 22 24
1.37900147270464 19 21
0.699457010506748 17 4
1.95630129737228 20 8
0.932034644435812 18 7
0 12 0
0.231949519448368 14 1
0.93591709515717 18 6
3.01756365551001 22 21
0 12 0
0.699457010506748 17 4
0.544981382394939 16 6
1.56989582291882 19 11
0.231949519448368 14 1
2.18380655536673 20 13
1.22786235601684 19 11
5.59220786661487 28 36
0.231949519448368 14 1
0 12 0
0 12 0
1.22786235601684 19 11
0.51028894278641 16 2
0.231949519448368 14 1
3.70871666801328 24 30
0.231949519448368 14 1
0 12 0
0.231949519448368 14 1
0.374366838062868 15 3
1.02363174006937 18 15
0.374366838062868 15 3
0.755448972273232 17 10
0.231949519448368 14 1
1.54993858181743 18 7
0.699457010506748 17 4
0 12 0
0 12 0
0.374366838062868 15 3
1.78601129975244 17 4
0 12 0
0.51028894278641 16 2
0.231949519448368 14 1
0.374366838062868 15 3
0.699457010506748 17 4
0 12 0
0.932034644435812 18 7
0.755448972273232 17 10
0.231949519448368 14 1
0 12 0
0 12 0
1.73815129880325 20 16
0.231949519448368 14 1
0.544981382394939 16 6
7.51837242958476 26 58
0 12 0
0.51028894278641 16 2
0.231949519448368 14 1
0.699457010506748 17 4
0 12 0
2.61528754293362 21 36
0 12 0
3.72938467863596 23 19
0 12 0
0 12 0
0.231949519448368 14 1
0.699457010506748 17 4
0 12 0
0 12 0
0 12 0
0 12 0
0.231949519448368 14 1
2.55144471393205 21 6
0.51028894278641 16 2
0 12 0
0.231949519448368 14 1
0.231949519448368 14 1
0.544981382394939 16 6
0 12 0
1.87183419031434 21 9
2.98084889488324 22 29
0.374366838062868 15 3
1.56989582291882 19 11
7.3023870645639 25 56
0.231949519448368 14 1
0.231949519448368 14 1
0.374366838062868 15 3
0.231949519448368 14 1
0 12 0
0.231949519448368 14 1
1.1058197260616 19 5
0.699457010506748 17 4
0.374366838062868 15 3
0.231949519448368 14 1
2.06753573125709 21 12
0.231949519448368 14 1
0.231949519448368 14 1
0 12 0
2.87890310732528 23 23
0.231949519448368 14 1
0.51028894278641 16 2
0.231949519448368 14 1
2.52958281202227 22 29
0 12 0
0 12 0
0 12 0
2.97802991733573 23 19
0.51028894278641 16 2
0.231949519448368 14 1
0.231949519448368 14 1
6.30936469164689 23 55
0.755448972273232 17 10
0.755448972273232 17 10
0 12 0
0.231949519448368 14 1
0 12 0
3.30594582962711 22 12
0.544981382394939 16 6
17.1982129515643 40 87
2.06753573125709 21 12
0 12 0
3.39609821737711 26 22
0 12 0
0.231949519448368 14 1
1.95745203176291 22 14
0 12 0
0.699457010506748 17 4
0 12 0
2.28459321062346 21 10
0.51028894278641 16 2
0.231949519448368 14 1
0 12 0
0.544981382394939 16 6
3.01756365551001 22 21
1.37900147270464 19 21
2.61528754293362 21 36
2.38154208302762 20 7
1.37900147270464 19 21
1.86665758935253 21 10
0.51028894278641 16 2
1.78601129975244 17 4
1.63494414718482 20 12
0 12 0
1.63494414718482 20 12
2.68200109952233 22 14
4.62102548565907 24 46
2.55144471393205 21 6
0.932034644435812 18 7
1.02363174006937 18 15
1.87439017312018 20 28
0 12 0
0.231949519448368 14 1
0.699457010506748 17 4
1.42967455277408 20 8
0.231949519448368 14 1
1.22786235601684 19 11
0 12 0
0.850481571310684 18 3
9.62472987097244 28 59
0.231949519448368 14 1
3.70871666801328 24 30
1.73815129880325 20 16
0 12 0
0.231949519448368 14 1
0.544981382394939 16 6
2.12620392827671 19 5
0.231949519448368 14 1
0 12 0
0.699457010506748 17 4
1.87439017312018 20 28
0.231949519448368 14 1
0 12 0
1.95630129737228 20 8
0 12 0
0.544981382394939 16 6
3.48014390110056 28 36
0.699457010506748 17 4
1.02363174006937 18 15
0.51028894278641 16 2
1.85774686767499 21 12
1.78601129975244 17 4
0 12 0
0.374366838062868 15 3
0.850481571310684 18 3
0 12 0
0.231949519448368 14 1
0.374366838062868 15 3
0.231949519448368 14 1
0 12 0
2.12620392827671 19 5
0 12 0
2.3680358104614 22 17
4.57029217238472 26 43
0 12 0
0 12 0
1.37900147270464 19 21
0.51028894278641 16 2
0 12 0
0.374366838062868 15 3
0 12 0
8.09291291595236 32 69
0.231949519448368 14 1
2.12620392827671 19 5
0.51028894278641 16 2
0 12 0
0.544981382394939 16 6
0.51028894278641 16 2
0 12 0
0 12 0
0.374366838062868 15 3
0 12 0
0.544981382394939 16 6
0 12 0
4.13146581098654 25 27
0.231949519448368 14 1
4.08250522564899 22 14
0 12 0
0.374366838062868 15 3
2.87890310732528 23 23
0.231949519448368 14 1
0.231949519448368 14 1
0 12 0
1.87439017312018 20 28
3.53922907287537 24 39
0.755448972273232 17 10
2.3680358104614 22 17
0.699457010506748 17 4
1.61947781573627 20 16
0.231949519448368 14 1
0.699457010506748 17 4
1.78601129975244 17 4
0 12 0
0 12 0
0 12 0
4.62102548565907 24 46
0 12 0
8.26200851174444 32 66
1.87439017312018 20 28
0.231949519448368 14 1
6.89252335295265 31 55
0 12 0
0.51028894278641 16 2
0.544981382394939 16 6
0.699457010506748 17 4
0.932034644435812 18 7
0.932034644435812 18 7
4.62102548565907 24 46
0.231949519448368 14 1
0 12 0
1.56989582291882 19 11
1.95630129737228 20 8
0.231949519448368 14 1
1.56989582291882 19 11
0.231949519448368 14 1
0.93591709515717 18 6
0.231949519448368 14 1
0.544981382394939 16 6
0.544981382394939 16 6
2.18380655536673 20 13
0.93591709515717 18 6
0 12 0
1.51089794454646 23 16
0.93591709515717 18 6
4.24965824510977 23 25
0 12 0
3.17065133225895 24 34
0.51028894278641 16 2
0.374366838062868 15 3
0 12 0
0.374366838062868 15 3
0 12 0
0 12 0
0.374366838062868 15 3
0 12 0
0.231949519448368 14 1
0 12 0
0.374366838062868 15 3
2.38154208302762 20 7
0 12 0
0.231949519448368 14 1
2.12620392827671 19 5
3.01756365551001 22 21
4.67764864220876 21 10
0 12 0
0.231949519448368 14 1
0.231949519448368 14 1
0.374366838062868 15 3
1.87439017312018 20 28
1.02363174006937 18 15
0.544981382394939 16 6
0 12 0
0.51028894278641 16 2
0.231949519448368 14 1
0.699457010506748 17 4
4.24965824510977 23 25
0.231949519448368 14 1
0.755448972273232 17 10
0 12 0
2.50451876783554 22 14
0.231949519448368 14 1
0.231949519448368 14 1
4.24965824510977 23 25
0 12 0
0 12 0
0.374366838062868 15 3
0.374366838062868 15 3
1.95630129737228 21 12
6.46144930165106 29 66
0.544981382394939 16 6
0 12 0
0 12 0
0 12 0
0.51028894278641 16 2
1.54993858181743 18 7
0.231949519448368 14 1
0.231949519448368 14 1
0.231949519448368 14 1
0 12 0
3.1197236505239 23 16
6.62706436455962 29 54
10.3333701519489 31 59
0.699457010506748 17 4
0.699457010506748 17 4
0.932034644435812 18 7
0.231949519448368 14 1
0.231949519448368 14 1
0 12 0
3.70871666801328 24 30
0 12 0
0 12 0
0.231949519448368 14 1
0 12 0
2.8025746845097 23 19
0.231949519448368 14 1
0 12 0
0.374366838062868 15 3
2.61528754293362 21 36
2.12620392827671 19 5
0.544981382394939 16 6
0.374366838062868 15 3
0 12 0
0.231949519448368 14 1
0.374366838062868 15 3
2.12620392827671 19 5
2.28459321062346 21 10
0 12 0
0 12 0
0.932034644435812 18 7
10.689576456056 33 66
1.23550011745473 19 9
9.69509803746234 32 45
0.231949519448368 14 1
0.231949519448368 14 1
0.231949519448368 14 1
1.1058197260616 19 5
0.231949519448368 14 1
0.699457010506748 17 4
0.231949519448368 14 1
0.374366838062868 15 3
0.699457010506748 17 4
0 12 0
3.72676359346146 25 32
0 12 0
0 12 0
2.18181811222286 21 18
0 12 0
0 12 0
0.374366838062868 15 3
0.231949519448368 14 1
1.95630129737228 20 8
0 12 0
0.231949519448368 14 1
1.1058197260616 19 5
3.72676359346146 25 32
0.51028894278641 16 2
2.12620392827671 19 5
1.86665758935253 21 10
0 12 0
2.61528754293362 21 36
6.30936469164689 23 55
1.56989582291882 19 11
0 12 0
0.932034644435812 18 7
0 12 0
0.231949519448368 14 1
0.374366838062868 15 3
0.699457010506748 17 4
0.231949519448368 14 1
0.231949519448368 14 1
0 12 0
3.83503572910242 25 42
0.231949519448368 14 1
0 12 0
0 12 0
0.231949519448368 14 1
2.16509071003198 21 22
3.65998343793954 27 19
1.78601129975244 17 4
0 12 0
0.231949519448368 14 1
0.544981382394939 16 6
0.231949519448368 14 1
1.22786235601684 19 11
3.01756365551001 22 21
1.61947781573627 20 16
1.61947781573627 20 16
0.51028894278641 16 2
0 12 0
0 12 0
0 12 0
0.231949519448368 14 1
0 12 0
0 12 0
0.231949519448368 14 1
0.51028894278641 16 2
1.37900147270464 19 21
0 12 0
0.932034644435812 18 7
0 12 0
0 12 0
0.51028894278641 16 2
0.374366838062868 15 3
3.21647465067505 24 25
0 12 0
1.54993858181743 18 7
5.81477375246808 29 52
0.51028894278641 16 2
0 12 0
4.83983162965511 25 48
0.51028894278641 16 2
2.68200109952233 22 14
0 12 0
0.231949519448368 14 1
0.231949519448368 14 1
0.231949519448368 14 1
1.22786235601684 19 11
0.51028894278641 16 2
1.73815129880325 20 16
0.231949519448368 14 1
0 12 0
4.67181418677516 27 42
6.30936469164689 23 55
3.64574061919771 24 31
1.87439017312018 20 28
0.755448972273232 17 10
1.87439017312018 20 28
1.37900147270464 19 21
0 12 0
0.374366838062868 15 3
2.27350205055629 24 30
0 12 0
0.544981382394939 16 6
0 12 0
3.02179588909293 22 20
0.544981382394939 16 6
0 12 0
4.62102548565907 24 46
0.374366838062868 15 3
0.231949519448368 14 1
0.374366838062868 15 3
2.61528754293362 21 36
0 12 0
1.02363174006937 18 15
0.51028894278641 16 2
0 12 0
0.231949519448368 14 1
0.374366838062868 15 3
0 12 0
0 12 0
0 12 0
0 12 0
2.97765391637594 21 10
2.08941146179556 23 19
0 12 0
0.374366838062868 15 3
0 12 0
0 12 0
0.374366838062868 15 3
0.51028894278641 16 2
0 12 0
3.29977948412475 23 37
0 12 0
0.932034644435812 18 7
0 12 0
0 12 0
0.51028894278641 16 2
1.95745203176291 22 14
0 12 0
3.3587408955529 24 39
0 12 0
0 12 0
1.37900147270464 19 21
0.231949519448368 14 1
0 12 0
0.231949519448368 14 1
0 12 0
0.374366838062868 15 3
0 12 0
0 12 0
0.231949519448368 14 1
1.02363174006937 18 15
0 12 0
0 12 0
0.755448972273232 17 10
0 12 0
3.84768015746978 22 45
0 12 0
1.73815129880325 20 16
0 12 0
2.90400843159814 22 8
0.374366838062868 15 3
0.231949519448368 14 1
0 12 0
2.1714172126119 21 18
0 12 0
3.30594582962711 22 12
3.66419641712789 25 28
1.23550011745473 19 9
0 12 0
0.231949519448368 14 1
0 12 0
0 12 0
1.02363174006937 18 15
0.231949519448368 14 1
0 12 0
0.51028894278641 16 2
0.850481571310684 18 3
0.51028894278641 16 2
0 12 0
0.51028894278641 16 2
0.699457010506748 17 4
2.57129120082109 19 9
0 12 0
0 12 0
1.37900147270464 19 21
0.93591709515717 18 6
2.3680358104614 22 17
8.46434403462443 32 62
0 12 0
0 12 0
3.95485272890121 26 40
1.54993858181743 18 7
1.54993858181743 18 7
2.12620392827671 19 5
0 12 0
0.231949519448368 14 1
0.51028894278641 16 2
0 12 0
4.2305142447301 26 46
0.231949519448368 14 1
0.231949519448368 14 1
0 12 0
0 12 0
0.231949519448368 14 1
1.22786235601684 19 11
1.56989582291882 19 11
0.93591709515717 18 6
1.37900147270464 19 21
0 12 0
0 12 0
0.544981382394939 16 6
0.231949519448368 14 1
0.374366838062868 15 3
1.37900147270464 19 21
2.80576284232763 23 31
0 12 0
6.30936469164689 23 55
0 12 0
0 12 0
2.57129120082109 19 9
0.231949519448368 14 1
0 12 0
2.38154208302762 20 7
0 12 0
3.29977948412475 23 37
0.544981382394939 16 6
0.374366838062868 15 3
0 12 0
0.231949519448368 14 1
1.56989582291882 19 11
0.231949519448368 14 1
1.87439017312018 20 28
0 12 0
0.231949519448368 14 1
3.66419641712789 25 28
0.51028894278641 16 2
2.50451876783554 22 14
1.23550011745473 19 9
3.84768015746978 22 45
1.37900147270464 19 21
0.544981382394939 16 6
4.24965824510977 23 25
0 12 0
0 12 0
6.30936469164689 23 55
0.231949519448368 14 1
0 12 0
1.37900147270464 19 21
0.544981382394939 16 6
0.231949519448368 14 1
0 12 0
0.231949519448368 14 1
0.231949519448368 14 1
0.544981382394939 16 6
0 12 0
0.699457010506748 17 4
0 12 0
3.02179588909293 22 20
0.231949519448368 14 1
0 12 0
0 12 0
0.699457010506748 17 4
0 12 0
0.544981382394939 16 6
0.231949519448368 14 1
3.83503572910242 25 42
0.231949519448368 14 1
0 12 0
2.28459321062346 21 10
4.55542065188112 26 31
2.12620392827671 19 5
0 12 0
1.95630129737228 20 8
0.374366838062868 15 3
0.231949519448368 14 1
0.51028894278641 16 2
2.80576284232763 23 31
0.699457010506748 17 4
1.02363174006937 18 15
0.231949519448368 14 1
0.755448972273232 17 10
0.93591709515717 18 6
0 12 0
0.231949519448368 14 1
6.3020951281459 27 49
0.93591709515717 18 6
1.02363174006937 18 15
0.231949519448368 14 1
0.755448972273232 17 10
3.84768015746978 22 45
0.932034644435812 18 7
7.3023870645639 25 56
0 12 0
5.92036150145651 25 16
0.231949519448368 14 1
0 12 0
0.231949519448368 14 1
0 12 0
1.02363174006937 18 15
0.51028894278641 16 2
1.02363174006937 18 15
0.231949519448368 14 1
0.699457010506748 17 4
0.231949519448368 14 1
0 12 0
0.699457010506748 17 4
0.755448972273232 17 10
1.78601129975244 17 4
0.231949519448368 14 1
1.02363174006937 18 15
0.231949519448368 14 1
2.57129120082109 19 9
5.75567584758106 27 49
2.61528754293362 21 36
0.231949519448368 14 1
0.374366838062868 15 3
3.84768015746978 22 45
0 12 0
3.1197236505239 23 16
0.374366838062868 15 3
0.51028894278641 16 2
0.231949519448368 14 1
4.82068679314527 25 16
4.57986624994665 25 32
0.231949519448368 14 1
1.22786235601684 19 11
0 12 0
3.84768015746978 22 45
0 12 0
0.231949519448368 14 1
0 12 0
0.374366838062868 15 3
0 12 0
2.12620392827671 19 5
0 12 0
0.231949519448368 14 1
1.63121002646909 20 13
10.6342341416129 32 73
0.699457010506748 17 4
0 12 0
10.7456566283891 30 60
0.932034644435812 18 7
1.37900147270464 19 21
0.231949519448368 14 1
0 12 0
2.61528754293362 21 36
7.09783850349537 30 45
8.34900751400641 27 57
0 12 0
7.0127903463643 29 35
0 12 0
0.544981382394939 16 6
2.87890310732528 23 23
2.50451876783554 22 14
0.755448972273232 17 10
0.374366838062868 15 3
0.231949519448368 14 1
0.231949519448368 14 1
1.23550011745473 19 9
0.374366838062868 15 3
1.1058197260616 19 5
0.231949519448368 14 1
0.231949519448368 14 1
1.56989582291882 19 11
0 12 0
1.78601129975244 17 4
0 12 0
0.374366838062868 15 3
0.231949519448368 14 1
0.374366838062868 15 3
0 12 0
0.231949519448368 14 1
0.231949519448368 14 1
6.30936469164689 23 55
5.83204158689249 28 36
0 12 0
0 12 0
0.231949519448368 14 1
1.61947781573627 20 16
0 12 0
2.12620392827671 19 5
0.755448972273232 17 10
9.493805792532 38 73
0 12 0
0.231949519448368 14 1
1.54993858181743 18 7
0 12 0
0.699457010506748 17 4
0.231949519448368 14 1
0.51028894278641 16 2
0 12 0
0 12 0
2.16509071003198 21 22
0 12 0
0 12 0
3.84768015746978 22 45
1.78601129975244 17 4
0.374366838062868 15 3
0.231949519448368 14 1
3.74366838062868 26 28
0 12 0
0.231949519448368 14 1
2.57129120082109 19 9
0.231949519448368 14 1
0.374366838062868 15 3
0 12 0
0.93591709515717 18 6
2.06753573125709 21 12
2.61528754293362 21 36
2.87890310732528 23 23
2.7053969097401 21 10
0.699457010506748 17 4
0 12 0
0.231949519448368 14 1
0.932034644435812 18 7
0.374366838062868 15 3
1.22786235601684 19 11
0.231949519448368 14 1
0.93591709515717 18 6
0 12 0
0.231949519448368 14 1
0.544981382394939 16 6
2.52958281202227 22 29
0.93591709515717 18 6
0 12 0
0.231949519448368 14 1
0 12 0
0.699457010506748 17 4
2.12620392827671 19 5
0.231949519448368 14 1
0.51028894278641 16 2
0.932034644435812 18 7
0.231949519448368 14 1
1.1058197260616 19 5
0.51028894278641 16 2
0.231949519448368 14 1
0.699457010506748 17 4
0 12 0
0 12 0
1.37900147270464 19 21
0.231949519448368 14 1
3.66419641712789 25 28
0.231949519448368 14 1
4.83983162965511 25 48
0 12 0
0 12 0
2.86115225757343 23 27
2.16509071003198 21 22
0.755448972273232 17 10
0.374366838062868 15 3
0.374366838062868 15 3
2.06753573125709 21 12
3.19554871582937 26 26
0 12 0
0 12 0
2.3680358104614 22 17
0.231949519448368 14 1
0 12 0
8.82935059563979 32 74
2.12620392827671 19 5
2.06753573125709 21 12
5.3489311269696 26 40
0.850481571310684 18 3
0 12 0
0.51028894278641 16 2
0.231949519448368 14 1
2.52958281202227 22 29
0 12 0
0.374366838062868 15 3
0 12 0
0.544981382394939 16 6
2.06753573125709 21 12
7.3023870645639 25 56
1.37900147270464 19 21
1.73815129880325 20 16
0.699457010506748 17 4
0 12 0
0.932034644435812 18 7
0.93591709515717 18 6
0.374366838062868 15 3
0.51028894278641 16 2
1.22786235601684 19 11
0.231949519448368 14 1
0 12 0
0 12 0
0 12 0
0.231949519448368 14 1
0.374366838062868 15 3
0.932034644435812 18 7
0 12 0
0 12 0
1.23550011745473 19 9
0 12 0
0 12 0
0 12 0
0.51028894278641 16 2
0 12 0
2.28459321062346 21 10
0.932034644435812 18 7
0.231949519448368 14 1
1.73815129880325 20 16
0.374366838062868 15 3
0.755448972273232 17 10
0.544981382394939 16 6
0 12 0
0.374366838062868 15 3
0.699457010506748 17 4
0 12 0
0.544981382394939 16 6
0.932034644435812 18 7
4.2305142447301 26 46
0.755448972273232 17 10
0 12 0
2.12620392827671 19 5
0 12 0
0 12 0
0.231949519448368 14 1
0.699457010506748 17 4
3.12398362186697 23 31
3.70871666801328 24 30
0.231949519448368 14 1
0.231949519448368 14 1
0.231949519448368 14 1
0.544981382394939 16 6
0 12 0
0 12 0
0.374366838062868 15 3
0 12 0
2.52958281202227 22 29
2.28459321062346 21 10
0.231949519448368 14 1
0 12 0
1.73815129880325 20 16
0.544981382394939 16 6
0 12 0
0 12 0
0 12 0
0 12 0
2.61528754293362 21 36
0 12 0
0.544981382394939 16 6
0 12 0
0.231949519448368 14 1
1.22786235601684 19 11
0.932034644435812 18 7
0.51028894278641 16 2
1.22786235601684 19 11
0.51028894278641 16 2
0 12 0
0.231949519448368 14 1
0.93591709515717 18 6
0.231949519448368 14 1
3.17065133225895 24 34
3.84768015746978 22 45
0.231949519448368 14 1
0.231949519448368 14 1
1.02363174006937 18 15
0 12 0
0.51028894278641 16 2
6.30936469164689 23 55
0.932034644435812 18 7
0.231949519448368 14 1
3.60848451671997 25 28
0.231949519448368 14 1
4.83983162965511 25 48
2.50451876783554 22 14
1.87439017312018 20 28
0.231949519448368 14 1
0.51028894278641 16 2
0.231949519448368 14 1
1.63121002646909 20 13
0.51028894278641 16 2
0 12 0
4.15404711021384 24 25
0 12 0
0 12 0
0.231949519448368 14 1
4.37390522388352 24 9
0.374366838062868 15 3
0.374366838062868 15 3
0 12 0
0 12 0
0.374366838062868 15 3
0.231949519448368 14 1
0.231949519448368 14 1
0.231949519448368 14 1
0.850481571310684 18 3
2.38154208302762 20 7
2.87832475324781 23 23
1.61947781573627 20 16
0.932034644435812 18 7
0.231949519448368 14 1
0 12 0
0.51028894278641 16 2
0.699457010506748 17 4
0 12 0
0.374366838062868 15 3
0.231949519448368 14 1
0 12 0
0 12 0
1.73815129880325 20 16
1.87439017312018 20 28
1.63121002646909 20 13
6.73472319929215 31 47
0 12 0
0.374366838062868 15 3
9.4813793699779 31 83
0.231949519448368 14 1
0.755448972273232 17 10
0.374366838062868 15 3
3.38445086521304 21 16
0.374366838062868 15 3
0.231949519448368 14 1
0 12 0
0.51028894278641 16 2
0.231949519448368 14 1
5.46280794297135 26 47
0.231949519448368 14 1
0 12 0
0.544981382394939 16 6
2.7053969097401 21 10
1.54993858181743 18 7
0 12 0
0 12 0
0.93591709515717 18 6
0 12 0
0 12 0
0.374366838062868 15 3
0 12 0
0 12 0
1.23550011745473 19 9
0.231949519448368 14 1
1.02363174006937 18 15
0.755448972273232 17 10
6.30936469164689 23 55
0 12 0
0.231949519448368 14 1
1.37900147270464 19 21
0.231949519448368 14 1
0.699457010506748 17 4
0.51028894278641 16 2
0.544981382394939 16 6
3.68619514516662 27 33
0.51028894278641 16 2
0.544981382394939 16 6
0.374366838062868 15 3
0.231949519448368 14 1
2.18380655536673 20 13
0.231949519448368 14 1
0 12 0
0 12 0
0.374366838062868 15 3
0.231949519448368 14 1
0.231949519448368 14 1
5.41026994925479 27 55
0.231949519448368 14 1
0 12 0
0.374366838062868 15 3
2.04471860139162 21 22
0.231949519448368 14 1
0 12 0
0.231949519448368 14 1
0 12 0
0.544981382394939 16 6
0.231949519448368 14 1
1.78601129975244 17 4
1.61947781573627 20 16
0.51028894278641 16 2
0 12 0
0 12 0
0.231949519448368 14 1
6.83375169244698 29 38
0.374366838062868 15 3
0.699457010506748 17 4
0 12 0
0.544981382394939 16 6
3.29977948412475 23 37
0.932034644435812 18 7
0 12 0
0 12 0
0.699457010506748 17 4
0.231949519448368 14 1
0 12 0
0.51028894278641 16 2
0.374366838062868 15 3
0 12 0
0.544981382394939 16 6
0.374366838062868 15 3
0.51028894278641 16 2
0 12 0
0.51028894278641 16 2
3.53922907287537 24 39
1.95630129737228 20 8
1.87439017312018 20 28
0.699457010506748 17 4
0 12 0
1.37900147270464 19 21
0 12 0
0.231949519448368 14 1
3.02179588909293 22 20
0.932034644435812 18 7
0.231949519448368 14 1
0.374366838062868 15 3
0 12 0
0 12 0
1.43411163931277 20 7
0.374366838062868 15 3
0.755448972273232 17 10
0.544981382394939 16 6
1.73815129880325 20 16
3.98111926670613 23 19
0 12 0
0.699457010506748 17 4
3.75449000290883 23 11
6.30936469164689 23 55
0.231949519448368 14 1
0.231949519448368 14 1
1.37900147270464 19 21
0 12 0
2.04471860139162 21 22
0.231949519448368 14 1
0.374366838062868 15 3
0 12 0
0 12 0
0.231949519448368 14 1
1.02363174006937 18 15
0.755448972273232 17 10
1.95630129737228 20 8
0.699457010506748 17 4
0.699457010506748 17 4
0.231949519448368 14 1
6.30936469164689 23 55
3.84768015746978 22 45
0.374366838062868 15 3
2.4787676459428 22 9
11.7015585191307 35 61
0 12 0
0.231949519448368 14 1
0.932034644435812 18 7
1.54993858181743 18 7
0.374366838062868 15 3
0.231949519448368 14 1
0 12 0
0.374366838062868 15 3
1.54993858181743 18 7
0.544981382394939 16 6
0.699457010506748 17 4
0.544981382394939 16 6
0.231949519448368 14 1
1.02363174006937 18 15
0.231949519448368 14 1
0 12 0
0.51028894278641 16 2
0 12 0
2.4787676459428 22 9
0.231949519448368 14 1
0.231949519448368 14 1
1.43411163931277 20 7
0.231949519448368 14 1
0.755448972273232 17 10
0.699457010506748 17 4
0 12 0
1.78601129975244 17 4
0.544981382394939 16 6
0.374366838062868 15 3
0 12 0
0.231949519448368 14 1
7.3023870645639 25 56
0.699457010506748 17 4
0.231949519448368 14 1
0.51028894278641 16 2
3.48705005724482 23 37
2.86115225757343 23 27
2.55144471393205 21 6
0.231949519448368 14 1
0 12 0
0.231949519448368 14 1
0.231949519448368 14 1
1.54993858181743 18 7
0 12 0
0.374366838062868 15 3
8.62042111690091 28 59
0.932034644435812 18 7
0 12 0
0.231949519448368 14 1
1.37900147270464 19 21
0.374366838062868 15 3
3.64574061919771 24 31
0 12 0
0.231949519448368 14 1
8.34900751400641 27 57
0.51028894278641 16 2
0.374366838062868 15 3
0.231949519448368 14 1
0 12 0
0 12 0
0.231949519448368 14 1
0.544981382394939 16 6
0.51028894278641 16 2
0.51028894278641 16 2
0.544981382394939 16 6
0.231949519448368 14 1
0.231949519448368 14 1
8.62042111690091 28 59
0.231949519448368 14 1
0 12 0
0.374366838062868 15 3
0.231949519448368 14 1
0 12 0
0.231949519448368 14 1
2.87890310732528 23 23
1.56989582291882 19 11
0.231949519448368 14 1
2.06753573125709 21 12
0.231949519448368 14 1
0.231949519448368 14 1
5.07505653110764 25 17
0.374366838062868 15 3
5.41026994925479 27 55
2.06753573125709 21 12
0.51028894278641 16 2
1.23550011745473 19 9
0.231949519448368 14 1
1.37900147270464 19 21
0 12 0
3.53922907287537 24 39
0.231949519448368 14 1
1.1058197260616 19 5
1.78601129975244 17 4
0 12 0
0.231949519448368 14 1
0.231949519448368 14 1
0.231949519448368 14 1
10.2488435008406 32 77
2.97765391637594 21 10
0.231949519448368 14 1
0 12 0
0.93591709515717 18 6
0.93591709515717 18 6
0 12 0
0.51028894278641 16 2
1.02363174006937 18 15
0.374366838062868 15 3
1.37900147270464 19 21
0.544981382394939 16 6
0 12 0
0 12 0
0.699457010506748 17 4
1.02363174006937 18 15
3.50160173653735 24 22
2.61528754293362 21 36
0.231949519448368 14 1
0.51028894278641 16 2
0.231949519448368 14 1
5.40431686114736 25 24
2.4787676459428 22 9
0.231949519448368 14 1
0.755448972273232 17 10
1.95630129737228 20 8
0.231949519448368 14 1
0 12 0
0.231949519448368 14 1
0.544981382394939 16 6
0.374366838062868 15 3
0.231949519448368 14 1
1.78601129975244 17 4
0.51028894278641 16 2
4.07320877000357 25 38
0.231949519448368 14 1
0.374366838062868 15 3
0.93591709515717 18 6
2.1714172126119 21 18
2.28459321062346 21 10
0 12 0
3.29977948412475 23 37
0 12 0
0.51028894278641 16 2
1.86665758935253 21 10
0.699457010506748 17 4
0.231949519448368 14 1
3.76016306956922 25 24
0.51028894278641 16 2
1.63121002646909 20 13
2.61528754293362 21 36
0 12 0
0 12 0
0 12 0
3.75449000290883 23 11
0.231949519448368 14 1
0 12 0
0 12 0
1.37900147270464 19 21
0 12 0
0.932034644435812 18 7
0.374366838062868 15 3
1.73815129880325 20 16
0.231949519448368 14 1
1.23550011745473 19 9
2.87832475324781 23 23
0 12 0
0 12 0
2.06753573125709 21 12
0.544981382394939 16 6
1.78601129975244 17 4
0.374366838062868 15 3
5.55045852148018 28 45
2.12620392827671 19 5
4.15404711021384 24 25
0.231949519448368 14 1
0 12 0
0.231949519448368 14 1
2.38154208302762 20 7
3.48705005724482 23 37
0 12 0
2.61528754293362 21 36
5.8360890889876 28 60
1.22786235601684 19 11
8.09413833396951 29 32
1.78601129975244 17 4
0.231949519448368 14 1
2.87044426463955 22 21
1.1058197260616 19 5
0.544981382394939 16 6
2.38154208302762 20 7
2.52958281202227 22 29
2.18181811222286 21 18
0.231949519448368 14 1
8.35965921056653 29 70
2.97765391637594 21 10
0.231949519448368 14 1
0.231949519448368 14 1
0.93591709515717 18 6
1.23550011745473 19 9
0.544981382394939 16 6
0.374366838062868 15 3
0.231949519448368 14 1
0 12 0
0 12 0
0.544981382394939 16 6
0.699457010506748 17 4
0 12 0
0 12 0
0.231949519448368 14 1
2.57129120082109 19 9
3.1197236505239 23 16
2.52958281202227 22 29
0 12 0
0.374366838062868 15 3
0.231949519448368 14 1
0.231949519448368 14 1
0.231949519448368 14 1
0.544981382394939 16 6
2.18968484394806 21 16
2.61528754293362 21 36
3.84768015746978 22 45
0.231949519448368 14 1
0 12 0
1.37900147270464 19 21
0.231949519448368 14 1
0 12 0
0.755448972273232 17 10
0.231949519448368 14 1
0 12 0
0.544981382394939 16 6
0.374366838062868 15 3
0 12 0
0.374366838062868 15 3
0.231949519448368 14 1
0 12 0
1.87439017312018 20 28
1.87439017312018 20 28
3.37530110682571 25 26
3.30414389298062 24 30
2.18968484394806 21 16
1.02363174006937 18 15
0.699457010506748 17 4
0.231949519448368 14 1
1.23550011745473 19 9
0.231949519448368 14 1
1.02363174006937 18 15
1.37900147270464 19 21
0.544981382394939 16 6
0.374366838062868 15 3
1.56989582291882 19 11
0.51028894278641 16 2
0.374366838062868 15 3
0 12 0
0.231949519448368 14 1
2.12620392827671 19 5
6.12424204686776 31 30
1.61947781573627 20 16
0.374366838062868 15 3
1.73815129880325 20 16
3.12398362186697 23 31
1.42967455277408 20 8
0 12 0
1.95630129737228 20 8
2.18380655536673 20 13
0.231949519448368 14 1
0 12 0
0.231949519448368 14 1
0 12 0
0.699457010506748 17 4
0.231949519448368 14 1
0 12 0
1.37900147270464 19 21
9.56810671442275 31 81
0 12 0
1.42967455277408 20 8
0.231949519448368 14 1
0 12 0
0.231949519448368 14 1
1.61947781573627 20 16
0.231949519448368 14 1
0 12 0
0.374366838062868 15 3
0 12 0
0 12 0
0.231949519448368 14 1
1.87439017312018 20 28
0 12 0
0.51028894278641 16 2
0.699457010506748 17 4
0.231949519448368 14 1
0 12 0
2.37994370259483 22 24
3.50160173653735 25 28
1.02363174006937 18 15
0.231949519448368 14 1
0 12 0
0 12 0
0 12 0
0.51028894278641 16 2
0.51028894278641 16 2
1.02363174006937 18 15
5.20218890597907 25 36
0.231949519448368 14 1
4.67764864220876 21 10
0 12 0
0 12 0
2.57129120082109 19 9
4.62102548565907 24 46
0.231949519448368 14 1
1.87439017312018 20 28
1.1058197260616 19 5
0 12 0
2.75800294540928 23 27
3.84768015746978 22 45
0 12 0
0.231949519448368 14 1
0.231949519448368 14 1
0 12 0
0.374366838062868 15 3
0 12 0
0 12 0
4.62102548565907 24 46
0.231949519448368 14 1
4.57986624994665 25 32
0 12 0
9.4813793699779 31 83
1.54993858181743 18 7
2.61528754293362 21 36
1.61947781573627 20 16
0.755448972273232 17 10
0 12 0
0 12 0
1.02363174006937 18 15
3.30414389298062 24 30
0 12 0
0.544981382394939 16 6
2.61528754293362 21 36
0 12 0
0 12 0
0.374366838062868 15 3
0.231949519448368 14 1
5.75567584758106 27 49
0.755448972273232 17 10
0.231949519448368 14 1
2.7053969097401 21 10
0 12 0
0.699457010506748 17 4
4.37390522388352 26 16
0.231949519448368 14 1
0.231949519448368 14 1
0.51028894278641 16 2
0.231949519448368 14 1
0.231949519448368 14 1
1.54993858181743 18 7
0.231949519448368 14 1
1.78601129975244 17 4
0 12 0
1.87439017312018 20 28
0.374366838062868 15 3
0 12 0
2.97802991733573 23 19
0.231949519448368 14 1
0.231949519448368 14 1
0.231949519448368 14 1
0.374366838062868 15 3
1.56989582291882 19 11
0.231949519448368 14 1
0 12 0
0 12 0
4.01115372906391 26 30
9.62472987097244 28 59
1.85774686767499 21 12
0.374366838062868 15 3
0.374366838062868 15 3
0 12 0
0.93591709515717 18 6
2.06753573125709 21 12
0 12 0
0.231949519448368 14 1
0 12 0
0 12 0
0.51028894278641 16 2
0.51028894278641 16 2
0.231949519448368 14 1
1.22786235601684 19 11
2.08941146179556 23 19
6.30936469164689 23 55
0.544981382394939 16 6
2.80576284232763 23 31
0.374366838062868 15 3
0.544981382394939 16 6
3.6984300297968 25 28
0.51028894278641 16 2
0 12 0
0.231949519448368 14 1
0.850481571310684 18 3
1.54993858181743 18 7
0.51028894278641 16 2
0.51028894278641 16 2
0.231949519448368 14 1
1.61947781573627 20 16
0.51028894278641 16 2
0.544981382394939 16 6
2.61528754293362 21 36
0.231949519448368 14 1
0.231949519448368 14 1
0.374366838062868 15 3
0.51028894278641 16 2
1.56989582291882 19 11
6.30936469164689 23 55
0.374366838062868 15 3
0.231949519448368 14 1
0 12 0
1.61947781573627 20 16
1.87439017312018 20 28
0 12 0
2.71713916066321 22 13
1.56989582291882 19 11
0 12 0
0 12 0
0 12 0
0.544981382394939 16 6
1.54993858181743 18 7
0.231949519448368 14 1
0.699457010506748 17 4
0.231949519448368 14 1
5.75567584758106 27 49
0.755448972273232 17 10
0.755448972273232 17 10
1.78601129975244 17 4
1.54993858181743 18 7
0.231949519448368 14 1
0.231949519448368 14 1
0 12 0
1.95630129737228 20 8
1.02363174006937 18 15
0.699457010506748 17 4
0 12 0
0.231949519448368 14 1
0.755448972273232 17 10
7.3023870645639 25 56
0 12 0
0.231949519448368 14 1
0.544981382394939 16 6
0.932034644435812 18 7
0.231949519448368 14 1
0 12 0
3.48705005724482 23 37
0.374366838062868 15 3
0 12 0
3.29977948412475 23 37
0.231949519448368 14 1
2.06753573125709 21 12
1.22786235601684 19 11
0 12 0
0.231949519448368 14 1
0 12 0
0 12 0
0 12 0
6.30936469164689 23 55
2.52958281202227 22 29
0 12 0
0 12 0
0.51028894278641 16 2
0.51028894278641 16 2
3.98907854886636 25 32
0.231949519448368 14 1
1.95630129737228 20 8
1.54993858181743 18 7
0.231949519448368 14 1
0.231949519448368 14 1
0 12 0
0 12 0
0.231949519448368 14 1
0.374366838062868 15 3
4.11337798774718 25 24
2.97802991733573 23 19
0 12 0
0.51028894278641 16 2
0.755448972273232 17 10
1.02363174006937 18 15
2.04471860139162 21 22
0.231949519448368 14 1
0.544981382394939 16 6
0.231949519448368 14 1
0 12 0
0.231949519448368 14 1
0 12 0
1.54993858181743 18 7
0.51028894278641 16 2
3.12398362186697 23 31
0.374366838062868 15 3
0 12 0
0.231949519448368 14 1
2.28459321062346 21 10
0.374366838062868 15 3
2.09924487645206 23 17
0 12 0
0 12 0
0 12 0
0.231949519448368 14 1
0.699457010506748 17 4
1.78601129975244 17 4
7.67864632227824 29 50
0.755448972273232 17 10
0 12 0
2.85445750925975 25 24
5.8360890889876 28 60
1.61947781573627 20 16
0.932034644435812 18 7
0.231949519448368 14 1
1.78601129975244 17 4
0.374366838062868 15 3
0.932034644435812 18 7
0 12 0
0.51028894278641 16 2
0 12 0
0.932034644435812 18 7
0.231949519448368 14 1
0 12 0
1.37900147270464 19 21
2.61528754293362 21 36
1.87439017312018 20 28
0.51028894278641 16 2
0 12 0
0.699457010506748 17 4
1.78601129975244 17 4
3.48705005724482 23 37
3.98111926670613 23 19
0.51028894278641 16 2
1.78601129975244 17 4
2.50451876783554 22 14
2.22439790798043 24 15
0.231949519448368 14 1
0.231949519448368 14 1
0.374366838062868 15 3
0.231949519448368 14 1
1.54993858181743 18 7
0 12 0
0.231949519448368 14 1
0.699457010506748 17 4
0.374366838062868 15 3
0 12 0
1.70193155940991 22 14
0.231949519448368 14 1
0.231949519448368 14 1
2.16509071003198 21 22
1.78601129975244 17 4
0.374366838062868 15 3
0 12 0
0 12 0
0 12 0
0 12 0
0.231949519448368 14 1
0.231949519448368 14 1
2.04471860139162 21 22
0.374366838062868 15 3
0.231949519448368 14 1
0.374366838062868 15 3
2.68200109952233 22 14
0 12 0
0 12 0
0 12 0
0.51028894278641 16 2
3.81875070255155 26 28
1.78601129975244 17 4
0 12 0
1.54993858181743 18 7
2.61528754293362 21 36
4.23862079980314 25 18
0.51028894278641 16 2
2.97765391637594 21 10
2.57129120082109 19 9
0 12 0
0 12 0
0.699457010506748 17 4
0 12 0
0.374366838062868 15 3
0 12 0
4.83983162965511 25 48
2.18181811222286 21 18
1.02363174006937 18 15
0.699457010506748 17 4
2.37994370259483 22 24
0.231949519448368 14 1
0 12 0
0.231949519448368 14 1
2.68200109952233 22 14
0.231949519448368 14 1
0.374366838062868 15 3
0 12 0
0 12 0
0.231949519448368 14 1
0.755448972273232 17 10
0 12 0
0 12 0
4.29339578241916 25 38
0.51028894278641 16 2
0 12 0
0.374366838062868 15 3
1.63121002646909 20 13
0.544981382394939 16 6
0.231949519448368 14 1
0 12 0
0.231949519448368 14 1
0.51028894278641 16 2
1.42967455277408 20 8
0.231949519448368 14 1
2.52958281202227 22 29
0.755448972273232 17 10
2.61528754293362 21 36
0.231949519448368 14 1
3.84768015746978 22 45
0 12 0
2.57129120082109 19 9
0.544981382394939 16 6
0 12 0
2.06753573125709 21 12
0.932034644435812 18 7
0.544981382394939 16 6
0 12 0
0 12 0
0 12 0
2.80576284232763 23 31
2.57129120082109 19 9
0.374366838062868 15 3
0 12 0
0.51028894278641 16 2
0.544981382394939 16 6
3.72676359346146 25 32
0.231949519448368 14 1
0 12 0
0 12 0
0 12 0
7.75149570877198 27 61
0 12 0
0.231949519448368 14 1
0 12 0
2.50451876783554 22 14
0.932034644435812 18 7
0.544981382394939 16 6
0 12 0
0.755448972273232 17 10
0.231949519448368 14 1
0.231949519448368 14 1
1.63494414718482 20 12
0.544981382394939 16 6
0.374366838062868 15 3
0.231949519448368 14 1
0.231949519448368 14 1
0.51028894278641 16 2
1.95745203176291 22 14
0 12 0
0.231949519448368 14 1
0.231949519448368 14 1
1.43411163931277 20 7
3.3462604917298 24 15
0 12 0
0 12 0
0.374366838062868 15 3
0 12 0
0 12 0
0 12 0
0.374366838062868 15 3
0 12 0
2.38154208302762 20 7
0.231949519448368 14 1
0 12 0
0.932034644435812 18 7
0 12 0
1.95630129737228 20 8
0.231949519448368 14 1
0 12 0
3.75449000290883 23 11
0.231949519448368 14 1
1.95745203176291 22 14
0 12 0
4.67764864220876 21 10
0 12 0
4.62102548565907 24 46
0.544981382394939 16 6
0.231949519448368 14 1
0.231949519448368 14 1
0.544981382394939 16 6
2.90400843159814 22 8
0 12 0
0.544981382394939 16 6
0.699457010506748 17 4
2.7395851839964 24 18
2.52958281202227 22 29
1.56989582291882 19 11
0 12 0
0.231949519448368 14 1
0.231949519448368 14 1
0 12 0
0.699457010506748 17 4
0 12 0
0.374366838062868 15 3
1.78601129975244 17 4
2.12620392827671 19 5
0.374366838062868 15 3
0.231949519448368 14 1
0.231949519448368 14 1
0.374366838062868 15 3
4.53269383363939 29 44
0.850481571310684 18 3
0.231949519448368 14 1
0.51028894278641 16 2
2.16509071003198 21 22
3.00441930421413 22 24
1.43411163931277 20 7
0.699457010506748 17 4
1.95630129737228 20 8
0.231949519448368 14 1
0.51028894278641 16 2
0.699457010506748 17 4
0 12 0
0.231949519448368 14 1
0.231949519448368 14 1
7.3023870645639 25 56
2.04471860139162 21 22
0.755448972273232 17 10
0 12 0
3.82716707089808 22 8
0 12 0
3.84768015746978 22 45
0 12 0
0.231949519448368 14 1
0.231949519448368 14 1
6.30936469164689 23 55
0.231949519448368 14 1
1.23550011745473 19 9
1.26379397264183 21 6
0 12 0
0 12 0
0.374366838062868 15 3
5.03588542653525 26 26
0.231949519448368 14 1
0.374366838062868 15 3
2.12620392827671 19 5
5.8360890889876 28 60
0.231949519448368 14 1
0.231949519448368 14 1
1.54993858181743 18 7
0.231949519448368 14 1
0.699457010506748 17 4
0 12 0
1.54993858181743 18 7
3.70058278849453 25 38
3.84768015746978 22 45
3.29977948412475 23 37
0 12 0
3.50160173653735 24 22
0.374366838062868 15 3
3.30594582962711 22 12
1.02363174006937 18 15
8.0221705612334 28 65
1.87439017312018 20 28
2.57129120082109 19 9
0 12 0
0.231949519448368 14 1
0.374366838062868 15 3
0 12 0
1.37900147270464 19 21
0.374366838062868 15 3
0 12 0
0.374366838062868 15 3
1.42967455277408 20 8
2.12620392827671 19 5
3.66419641712789 25 28
1.02363174006937 18 15
2.18181811222286 21 18
2.06850220905696 23 23
3.84768015746978 22 45
0 12 0
0 12 0
1.95630129737228 20 8
1.56989582291882 19 11
0 12 0
1.1058197260616 19 5
2.12620392827671 19 5
0.231949519448368 14 1
0.699457010506748 17 4
0 12 0
0.231949519448368 14 1
0.231949519448368 14 1
0 12 0
2.12620392827671 19 5
1.87439017312018 20 28
0 12 0
0.231949519448368 14 1
0.51028894278641 16 2
0.544981382394939 16 6
0.932034644435812 18 7
0.231949519448368 14 1
0 12 0
0 12 0
0.231949519448368 14 1
0.374366838062868 15 3
0.231949519448368 14 1
0 12 0
0.932034644435812 18 7
8.68358715472259 31 55
0.231949519448368 14 1
2.98084889488324 22 29
0 12 0
0.374366838062868 15 3
0.699457010506748 17 4
0 12 0
0.231949519448368 14 1
0 12 0
0 12 0
0 12 0
1.37900147270464 19 21
0.231949519448368 14 1
0.51028894278641 16 2
0 12 0
1.73815129880325 20 16
0.699457010506748 17 4
0.231949519448368 14 1
0.231949519448368 14 1
0.374366838062868 15 3
11.4312195336664 35 77
0 12 0
0 12 0
0.231949519448368 14 1
0.231949519448368 14 1
0.231949519448368 14 1
4.68597543280045 29 38
0.231949519448368 14 1
0.231949519448368 14 1
0 12 0
0.544981382394939 16 6
0 12 0
4.48227156727794 27 39
3.84768015746978 22 45
1.02363174006937 18 15
0 12 0
0 12 0
0.755448972273232 17 10
3.50160173653735 24 22
0.231949519448368 14 1
0.231949519448368 14 1
0.374366838062868 15 3
0.374366838062868 15 3
0.374366838062868 15 3
3.53922907287537 24 39
0.231949519448368 14 1
0.699457010506748 17 4
0.231949519448368 14 1
3.3462604917298 25 12
0 12 0
0.231949519448368 14 1
3.48705005724482 23 37
1.95630129737228 20 8
0.231949519448368 14 1
0 12 0
0.850481571310684 18 3
0 12 0
0.544981382394939 16 6
0 12 0
0.231949519448368 14 1
0.544981382394939 16 6
0.51028894278641 16 2
0 12 0
0 12 0
2.12620392827671 19 5
0.374366838062868 15 3
0.699457010506748 17 4
1.56989582291882 19 11
0.231949519448368 14 1
0 12 0
1.23550011745473 19 9
7.36190769678165 30 45
0 12 0
0.699457010506748 17 4
3.79037460441692 24 25
0 12 0
0 12 0
0 12 0
3.72632330077192 24 19
1.61947781573627 20 16
2.57129120082109 19 9
0 12 0
0 12 0
6.30936469164689 23 55
0 12 0
0.231949519448368 14 1
1.37900147270464 19 21
0 12 0
1.02363174006937 18 15
0 12 0
3.72938467863596 23 19
0 12 0
0 12 0
4.40879418869365 26 40
0 12 0
0 12 0
0.755448972273232 17 10
1.78601129975244 17 4
2.97765391637594 21 10
0.231949519448368 14 1
2.16509071003198 21 22
0.231949519448368 14 1
5.5140689429708 26 47
2.61528754293362 21 36
0.699457010506748 17 4
0.374366838062868 15 3
0 12 0
0.544981382394939 16 6
0.51028894278641 16 2
2.06753573125709 21 12
2.18380655536673 20 13
0.51028894278641 16 2
0 12 0
7.3023870645639 25 56
0 12 0
0 12 0
2.06753573125709 21 12
0.231949519448368 14 1
2.52958281202227 22 29
2.61528754293362 21 36
1.02363174006937 18 15
0.374366838062868 15 3
0 12 0
1.78601129975244 17 4
0.231949519448368 14 1
0.231949519448368 14 1
0 12 0
5.2599734188068 26 20
0 12 0
0.231949519448368 14 1
6.03637341191274 27 37
0.51028894278641 16 2
1.56989582291882 19 11
0.231949519448368 14 1
3.64574061919771 24 31
1.37900147270464 19 21
3.12398362186697 23 31
0.932034644435812 18 7
0.231949519448368 14 1
0.374366838062868 15 3
0.699457010506748 17 4
0 12 0
0.544981382394939 16 6
0.51028894278641 16 2
0.699457010506748 17 4
0 12 0
0 12 0
1.02363174006937 18 15
0.755448972273232 17 10
0.51028894278641 16 2
0.231949519448368 14 1
2.04471860139162 21 22
0 12 0
4.33629120827981 26 35
0.231949519448368 14 1
0 12 0
0.231949519448368 14 1
0 12 0
0.374366838062868 15 3
2.61528754293362 21 36
2.12620392827671 19 5
0.51028894278641 16 2
4.83983162965511 25 48
0.374366838062868 15 3
0.374366838062868 15 3
1.87439017312018 20 28
0 12 0
0.93591709515717 18 6
0.231949519448368 14 1
0.544981382394939 16 6
0 12 0
0 12 0
0 12 0
3.72676359346146 25 32
0 12 0
0 12 0
0.231949519448368 14 1
0.374366838062868 15 3
0.231949519448368 14 1
0 12 0
0 12 0
2.87832475324781 23 23
1.78601129975244 17 4
0.231949519448368 14 1
0.374366838062868 15 3
2.61528754293362 21 36
0 12 0
2.61528754293362 21 36
0.932034644435812 18 7
0 12 0
0.699457010506748 17 4
2.04471860139162 21 22
0.51028894278641 16 2
0.231949519448368 14 1
0.51028894278641 16 2
1.95630129737228 21 12
3.29977948412475 23 37
0 12 0
1.78601129975244 17 4
0.231949519448368 14 1
1.02363174006937 18 15
0.231949519448368 14 1
0 12 0
0.699457010506748 17 4
0.231949519448368 14 1
0.374366838062868 15 3
2.1714172126119 21 18
1.22786235601684 19 11
0.231949519448368 14 1
2.16509071003198 21 22
5.64333546769948 29 35
0 12 0
0.544981382394939 16 6
0.231949519448368 14 1
2.57129120082109 19 9
0.699457010506748 17 4
0 12 0
2.12620392827671 19 5
0.231949519448368 14 1
1.42967455277408 20 8
0.544981382394939 16 6
1.02363174006937 18 15
2.06753573125709 21 12
1.95630129737228 20 8
0 12 0
0 12 0
1.87439017312018 20 28
0 12 0
2.71713916066321 22 13
0 12 0
0.231949519448368 14 1
0 12 0
0 12 0
0.374366838062868 15 3
0.544981382394939 16 6
0 12 0
1.78601129975244 17 4
0.374366838062868 15 3
0.231949519448368 14 1
1.87439017312018 20 28
0 12 0
0 12 0
0.374366838062868 15 3
0.231949519448368 14 1
1.54993858181743 18 7
0 12 0
0.699457010506748 17 4
1.22786235601684 19 11
0.699457010506748 17 4
0 12 0
0.374366838062868 15 3
2.16509071003198 21 22
0 12 0
0.932034644435812 18 7
0.699457010506748 17 4
1.42967455277408 20 8
0.51028894278641 16 2
2.06753573125709 21 12
1.85774686767499 21 12
0 12 0
2.08941146179556 23 19
0 12 0
0.51028894278641 16 2
0.231949519448368 14 1
0.231949519448368 14 1
0 12 0
0.231949519448368 14 1
3.66419641712789 25 28
6.30936469164689 23 55
0 12 0
0.51028894278641 16 2
0.231949519448368 14 1
0 12 0
3.72676359346146 25 32
0.544981382394939 16 6
0 12 0
0.544981382394939 16 6
1.87439017312018 20 28
1.02363174006937 18 15
0 12 0
0.231949519448368 14 1
0.850481571310684 18 3
0.374366838062868 15 3
1.54993858181743 18 7
5.20218890597907 25 36
0 12 0
0.231949519448368 14 1
8.0221705612334 28 65
2.12620392827671 19 5
1.87439017312018 20 28
1.78601129975244 17 4
0 12 0
0.231949519448368 14 1
4.77584262191248 24 13
0 12 0
0.51028894278641 16 2
1.54993858181743 18 7
3.84768015746978 22 45
0 12 0
0.231949519448368 14 1
0 12 0
0.231949519448368 14 1
0.231949519448368 14 1
0.374366838062868 15 3
5.87356494698796 28 33
0.51028894278641 16 2
1.22786235601684 19 11
0.374366838062868 15 3
1.37900147270464 19 21
3.79037460441692 24 25
0 12 0
0.231949519448368 14 1
1.61947781573627 20 16
0.231949519448368 14 1
0.374366838062868 15 3
3.53922907287537 24 39
3.84768015746978 22 45
0.699457010506748 17 4
0.231949519448368 14 1
0.755448972273232 17 10
11.1055751434963 33 82
0.231949519448368 14 1
3.29977948412475 23 37
0 12 0
5.75004581372735 27 49
0.231949519448368 14 1
0.755448972273232 17 10
1.23550011745473 19 9
0 12 0
3.29977948412475 23 37
2.16509071003198 21 22
0 12 0
0 12 0
2.16509071003198 21 22
0.231949519448368 14 1
0 12 0
0.231949519448368 14 1
0.93591709515717 18 6
0.699457010506748 17 4
0.51028894278641 16 2
0.231949519448368 14 1
0 12 0
0.544981382394939 16 6
0 12 0
1.02363174006937 18 15
0.231949519448368 14 1
0.231949519448368 14 1
0 12 0
0.231949519448368 14 1
4.49579787923864 24 46
7.66223453571894 30 53
0.231949519448368 14 1
0.374366838062868 15 3
3.98907854886636 25 32
0.231949519448368 14 1
1.54993858181743 18 7
3.84768015746978 22 45
0 12 0
1.02363174006937 18 15
5.3017227639415 26 22
0.544981382394939 16 6
0.231949519448368 14 1
0 12 0
4.49579787923864 24 46
1.37900147270464 19 21
0.231949519448368 14 1
0 12 0
0 12 0
0 12 0
2.7053969097401 22 17
0 12 0
0 12 0
0 12 0
0.231949519448368 14 1
1.95745203176291 22 14
0.231949519448368 14 1
0 12 0
0 12 0
0.51028894278641 16 2
0.51028894278641 16 2
0.374366838062868 15 3
1.37900147270464 19 21
4.33957516486366 24 19
0.51028894278641 16 2
1.02363174006937 18 15
3.1197236505239 25 27
5.46280794297135 26 47
3.41435093571953 24 21
3.64574061919771 24 31
2.18181811222286 21 18
0.51028894278641 16 2
0 12 0
0.93591709515717 18 6
0.231949519448368 14 1
0.374366838062868 15 3
0 12 0
0 12 0
2.60636841658528 24 22
0.231949519448368 14 1
0 12 0
1.54993858181743 18 7
1.78601129975244 17 4
0 12 0
0.231949519448368 14 1
2.18380655536673 20 13
0 12 0
0 12 0
1.78601129975244 17 4
2.57129120082109 19 9
10.8747081895884 34 60
1.56989582291882 19 11
0 12 0
0 12 0
1.56989582291882 19 11
3.38445086521304 21 16
7.3023870645639 25 56
1.78601129975244 17 4
1.02363174006937 18 15
0.231949519448368 14 1
1.78601129975244 17 4
0 12 0
0.374366838062868 15 3
0.231949519448368 14 1
0.699457010506748 17 4
0 12 0
5.53603060744223 28 35
2.52958281202227 22 29
0 12 0
0 12 0
0.699457010506748 17 4
0.231949519448368 14 1
0.699457010506748 17 4
3.64574061919771 24 31
2.12620392827671 19 5
0 12 0
0 12 0
0 12 0
0.51028894278641 16 2
0 12 0
0.51028894278641 16 2
0 12 0
0 12 0
0.51028894278641 16 2
0 12 0
3.29977948412475 23 37
0.231949519448368 14 1
0 12 0
0.374366838062868 15 3
3.70871666801328 24 30
0 12 0
0 12 0
0 12 0
0 12 0
0.231949519448368 14 1
0.932034644435812 18 7
0 12 0
0.699457010506748 17 4
0 12 0
0.231949519448368 14 1
3.84768015746978 22 45
0 12 0
0 12 0
4.64463914449048 25 20
9.62472987097244 28 59
6.30936469164689 23 55
0.231949519448368 14 1
1.87439017312018 20 28
7.3023870645639 25 56
0.374366838062868 15 3
0 12 0
4.67764864220876 21 10
0.231949519448368 14 1
0 12 0
0.231949519448368 14 1
1.61947781573627 20 16
1.37900147270464 19 21
0 12 0
0.231949519448368 14 1
1.73815129880325 20 16
0.231949519448368 14 1
0 12 0
1.43411163931277 20 7
1.11520852902099 24 31
0.231949519448368 14 1
1.54993858181743 18 7
0.231949519448368 14 1
0.51028894278641 16 2
1.95630129737228 20 8
0.51028894278641 16 2
0.231949519448368 14 1
0.231949519448368 14 1
1.73815129880325 20 16
0 12 0
0.51028894278641 16 2
0 12 0
0.51028894278641 16 2
3.30594582962711 22 12
1.87439017312018 20 28
0.932034644435812 18 7
0.231949519448368 14 1
0.932034644435812 18 7
0 12 0
3.73590347918596 26 18
7.3023870645639 25 56
2.90400843159814 22 8
0.544981382394939 16 6
1.54993858181743 18 7
0.374366838062868 15 3
0.544981382394939 16 6
2.98084889488324 22 29
0.699457010506748 17 4
2.52958281202227 22 29
0 12 0
7.096080419294 30 46
0.699457010506748 17 4
2.38154208302762 20 7
3.37409338848627 23 10
0 12 0
1.27572235696603 22 9
7.3023870645639 25 56
0 12 0
0.374366838062868 15 3
2.85445750925975 25 24
0.374366838062868 15 3
0.374366838062868 15 3
3.50160173653735 25 28
0 12 0
5.84304208137503 28 44
0 12 0
0.544981382394939 16 6
0 12 0
0.231949519448368 14 1
1.56989582291882 19 11
7.55465418173751 32 55
0.231949519448368 14 1
0.231949519448368 14 1
4.2603082504762 26 34
3.21647465067505 24 25
1.61947781573627 20 16
0.544981382394939 16 6
0 12 0
0 12 0
4.62102548565907 24 46
1.54993858181743 18 7
0 12 0
4.15404711021384 24 25
0.231949519448368 14 1
0.231949519448368 14 1
0.231949519448368 14 1
2.37994370259483 22 24
0.51028894278641 16 2
1.78601129975244 17 4
0.544981382394939 16 6
4.83983162965511 25 48
1.42967455277408 20 8
0.93591709515717 18 6
0.231949519448368 14 1
7.3023870645639 25 56
0 12 0
0.231949519448368 14 1
0.374366838062868 15 3
0.755448972273232 17 10
0 12 0
0.231949519448368 14 1
2.87890310732528 23 23
3.17065133225895 24 34
0.51028894278641 16 2
0.231949519448368 14 1
2.73105560904145 23 13
0 12 0
0.231949519448368 14 1
1.02363174006937 18 15
1.23550011745473 19 9
0.374366838062868 15 3
0 12 0
0.755448972273232 17 10
0 12 0
1.78601129975244 17 4
1.1058197260616 19 5
2.04471860139162 21 22
0 12 0
0.231949519448368 14 1
0 12 0
0 12 0
0.374366838062868 15 3
0.51028894278641 16 2
1.37900147270464 19 21
1.02363174006937 18 15
2.27350205055629 24 30
0.374366838062868 15 3
0.231949519448368 14 1
0.231949519448368 14 1
0.932034644435812 18 7
0 12 0
0.231949519448368 14 1
0.544981382394939 16 6
0.544981382394939 16 6
0 12 0
0 12 0
1.02363174006937 18 15
1.1058197260616 19 5
0.374366838062868 15 3
0 12 0
2.97765391637594 21 10
0.374366838062868 15 3
0.932034644435812 18 7
0.51028894278641 16 2
0.231949519448368 14 1
0.231949519448368 14 1
0 12 0
0.231949519448368 14 1
6.30936469164689 23 55
0.374366838062868 15 3
0.231949519448368 14 1
0.231949519448368 14 1
0 12 0
0 12 0
1.78601129975244 17 4
0.231949519448368 14 1
1.37900147270464 19 21
0 12 0
0 12 0
0 12 0
5.46280794297135 26 47
2.68200109952233 22 14
2.68200109952233 22 14
0.51028894278641 16 2
0.850481571310684 18 3
0.544981382394939 16 6
0 12 0
0.231949519448368 14 1
5.46280794297135 26 47
2.18968484394806 21 16
0.544981382394939 16 6
0.231949519448368 14 1
0 12 0
1.23550011745473 19 9
0.932034644435812 18 7
4.83983162965511 25 48
0.544981382394939 16 6
0.51028894278641 16 2
1.63121002646909 20 13
0 12 0
0 12 0
2.97765391637594 21 10
1.1058197260616 19 5
1.37900147270464 19 21
1.22786235601684 19 11
1.78601129975244 17 4
0.231949519448368 14 1
2.98084889488324 22 29
0 12 0
1.9075213740986 24 25
2.61528754293362 21 36
4.08250522564899 22 14
2.97765391637594 21 10
10.2488435008406 32 77
0.231949519448368 14 1
0 12 0
0 12 0
0.231949519448368 14 1
0.51028894278641 16 2
3.37530110682571 25 26
1.02363174006937 18 15
0.374366838062868 15 3
0 12 0
0 12 0
0 12 0
0.374366838062868 15 3
0.932034644435812 18 7
6.76389535102812 30 58
1.78601129975244 17 4
0 12 0
0 12 0
0.755448972273232 17 10
6.30936469164689 23 55
1.87439017312018 20 28
4.88586517796455 27 39
0 12 0
1.78601129975244 17 4
19.8178209064649 43 129
0.544981382394939 16 6
0 12 0
0.374366838062868 15 3
2.18181811222286 21 18
2.86115225757343 23 27
0 12 0
0.231949519448368 14 1
0.231949519448368 14 1
0.231949519448368 14 1
0.374366838062868 15 3
0 12 0
0.755448972273232 17 10
2.87890310732528 23 23
1.56989582291882 19 11
0 12 0
0.231949519448368 14 1
2.80576284232763 23 31
0.544981382394939 16 6
0 12 0
0.51028894278641 16 2
6.30936469164689 23 55
0.544981382394939 16 6
0.231949519448368 14 1
0 12 0
0.932034644435812 18 7
2.16509071003198 21 22
2.38154208302762 20 7
0.231949519448368 14 1
1.78601129975244 17 4
2.12620392827671 19 5
0 12 0
0 12 0
0.544981382394939 16 6
0 12 0
0.544981382394939 16 6
3.29977948412475 23 37
0.850481571310684 18 3
0 12 0
0.231949519448368 14 1
0.231949519448368 14 1
0 12 0
1.78601129975244 17 4
2.16509071003198 21 22
0.51028894278641 16 2
7.3023870645639 25 56
0.231949519448368 14 1
0 12 0
0 12 0
0.544981382394939 16 6
0 12 0
0.231949519448368 14 1
1.37900147270464 19 21
0.51028894278641 16 2
0 12 0
0.755448972273232 17 10
5.10385784465265 23 17
0.755448972273232 17 10
0.231949519448368 14 1
0.231949519448368 14 1
0 12 0
7.3023870645639 25 56
0.231949519448368 14 1
0.231949519448368 14 1
0 12 0
0 12 0
0.932034644435812 18 7
0.231949519448368 14 1
1.1058197260616 19 5
0.231949519448368 14 1
0.755448972273232 17 10
0.231949519448368 14 1
0.231949519448368 14 1
0 12 0
0.231949519448368 14 1
0.231949519448368 14 1
0.374366838062868 15 3
0.231949519448368 14 1
0.544981382394939 16 6
0 12 0
0 12 0
0 12 0
0 12 0
0 12 0
0 12 0
1.56989582291882 19 11
0.51028894278641 16 2
0.93591709515717 18 6
0.231949519448368 14 1
0.231949519448368 14 1
0 12 0
0 12 0
0 12 0
0 12 0
0.374366838062868 15 3
2.16509071003198 21 22
0 12 0
0.755448972273232 17 10
0 12 0
0.231949519448368 14 1
0.374366838062868 15 3
0.231949519448368 14 1
0.231949519448368 14 1
0 12 0
1.22786235601684 19 11
0.231949519448368 14 1
0 12 0
0.231949519448368 14 1
0 12 0
0 12 0
0 12 0
0.231949519448368 14 1
0.850481571310684 18 3
4.48227156727794 26 32
0 12 0
0 12 0
0 12 0
0 12 0
0.231949519448368 14 1
0.699457010506748 17 4
0 12 0
0.231949519448368 14 1
0.374366838062868 15 3
1.02363174006937 18 15
0 12 0
2.52958281202227 22 29
0.51028894278641 16 2
0 12 0
0.231949519448368 14 1
1.54993858181743 18 7
1.87439017312018 20 28
1.02363174006937 18 15
1.63121002646909 20 13
0.850481571310684 18 3
0 12 0
10.5715063833971 32 77
0.231949519448368 14 1
1.22786235601684 19 11
1.87439017312018 20 28
0.544981382394939 16 6
0 12 0
2.86115225757343 23 27
0.231949519448368 14 1
0.374366838062868 15 3
0 12 0
0 12 0
5.82738345419531 26 26
1.02363174006937 18 15
0.51028894278641 16 2
0 12 0
0 12 0
2.61528754293362 21 36
0.544981382394939 16 6
0 12 0
0 12 0
0 12 0
2.57129120082109 19 9
2.3680358104614 22 17
1.1058197260616 19 5
0.231949519448368 14 1
0.231949519448368 14 1
1.56989582291882 19 11
0 12 0
3.50012026494646 23 11
0 12 0
8.34900751400641 27 57
0 12 0
0 12 0
2.68200109952233 22 14
0.699457010506748 17 4
1.54993858181743 18 7
0 12 0
0 12 0
0.231949519448368 14 1
0.374366838062868 15 3
0.850481571310684 18 3
2.87890310732528 23 23
0.231949519448368 14 1
0 12 0
0.231949519448368 14 1
0.374366838062868 15 3
0 12 0
0.374366838062868 15 3
0.231949519448368 14 1
0.699457010506748 17 4
0.544981382394939 16 6
0.51028894278641 16 2
0 12 0
0.544981382394939 16 6
0.231949519448368 14 1
1.78601129975244 17 4
0.231949519448368 14 1
0.699457010506748 17 4
0.231949519448368 14 1
0 12 0
0 12 0
0.374366838062868 15 3
0 12 0
0.231949519448368 14 1
0 12 0
6.76757131533424 29 43
0 12 0
0 12 0
0 12 0
0 12 0
0 12 0
0.544981382394939 16 6
0 12 0
2.06753573125709 21 12
0.231949519448368 14 1
0 12 0
0.374366838062868 15 3
0.699457010506748 17 4
0 12 0
0.51028894278641 16 2
0.755448972273232 17 10
1.02363174006937 18 15
3.6038203998019 26 32
0.231949519448368 14 1
2.04471860139162 21 22
0.231949519448368 14 1
0.231949519448368 14 1
0.51028894278641 16 2
0.850481571310684 18 3
4.15404711021384 24 25
0 12 0
0.231949519448368 14 1
0.932034644435812 18 7
1.78601129975244 17 4
0 12 0
0 12 0
3.98111926670613 23 19
2.3680358104614 22 17
0.231949519448368 14 1
0.231949519448368 14 1
1.02363174006937 18 15
0.231949519448368 14 1
0 12 0
0.544981382394939 16 6
0.93591709515717 18 6
3.12398362186697 23 31
0 12 0
0.932034644435812 18 7
0.755448972273232 17 10
0.231949519448368 14 1
2.3680358104614 22 17
0 12 0
0.231949519448368 14 1
0.51028894278641 16 2
0 12 0
0 12 0
0.231949519448368 14 1
1.78601129975244 17 4
3.29977948412475 23 37
1.02363174006937 18 15
0 12 0
0 12 0
0 12 0
2.57129120082109 19 9
5.70534257399455 27 25
0.231949519448368 14 1
1.54993858181743 18 7
0 12 0
0 12 0
2.12620392827671 19 5
0.51028894278641 16 2
0 12 0
0 12 0
0 12 0
0.51028894278641 16 2
0.231949519448368 14 1
2.7395851839964 24 18
0 12 0
5.46280794297135 26 47
0.93591709515717 18 6
1.78601129975244 17 4
0 12 0
0 12 0
2.8025746845097 23 19
3.70871666801328 24 30
0.699457010506748 17 4
0 12 0
0.231949519448368 14 1
0 12 0
0.699457010506748 17 4
0 12 0
1.22786235601684 19 11
0.544981382394939 16 6
2.37994370259483 22 24
0.51028894278641 16 2
0 12 0
0.699457010506748 17 4
5.04722363435117 30 32
4.60497157421951 24 15
4.0128284119011 24 21
0.51028894278641 16 2
0 12 0
0 12 0
0 12 0
0.231949519448368 14 1
7.3023870645639 25 56
1.23550011745473 19 9
0.544981382394939 16 6
2.69448286486856 25 17
1.78601129975244 17 4
0 12 0
2.04471860139162 21 22
1.42967455277408 20 8
0.231949519448368 14 1
0.231949519448368 14 1
0 12 0
0 12 0
0 12 0
7.98984343490152 31 57
6.3020951281459 27 49
2.50451876783554 22 14
0 12 0
0.699457010506748 17 4
0 12 0
0 12 0
0.231949519448368 14 1
0.544981382394939 16 6
1.54993858181743 18 7
0.231949519448368 14 1
4.29339578241916 25 38
0.374366838062868 15 3
6.29718454311391 29 46
0 12 0
0.93591709515717 18 6
0 12 0
1.22786235601684 19 11
0.231949519448368 14 1
0.374366838062868 15 3
2.97765391637594 21 10
0.231949519448368 14 1
0 12 0
0.374366838062868 15 3
0.231949519448368 14 1
7.11627780623571 28 29
0.231949519448368 14 1
0.231949519448368 14 1
1.02363174006937 18 15
4.62102548565907 24 46
0 12 0
0 12 0
0.932034644435812 18 7
2.12620392827671 19 5
0.231949519448368 14 1
0.231949519448368 14 1
0.231949519448368 14 1
0.231949519448368 14 1
0.51028894278641 16 2
0.231949519448368 14 1
0.231949519448368 14 1
0 12 0
0.544981382394939 16 6
2.18181811222286 21 18
1.87439017312018 20 28
0.51028894278641 16 2
0.374366838062868 15 3
0.231949519448368 14 1
0.374366838062868 15 3
1.54993858181743 18 7
0.755448972273232 17 10
0.699457010506748 17 4
0 12 0
0 12 0
2.61528754293362 21 36
0.231949519448368 14 1
3.53922907287537 24 39
0.231949519448368 14 1
0 12 0
0 12 0
0.374366838062868 15 3
0.231949519448368 14 1
0.374366838062868 15 3
0 12 0
0.544981382394939 16 6
0.231949519448368 14 1
0.374366838062868 15 3
4.32425041109156 25 24
0 12 0
1.42967455277408 20 8
0.374366838062868 15 3
4.3829642421437 24 22
0 12 0
0.231949519448368 14 1
4.74311528224248 26 26
1.61947781573627 20 16
2.16509071003198 21 22
2.04471860139162 21 22
1.78601129975244 17 4
3.29977948412475 23 37
0 12 0
4.11337798774718 27 37
0 12 0
0.374366838062868 15 3
0.699457010506748 17 4
2.57129120082109 19 9
0.231949519448368 14 1
0.231949519448368 14 1
0.231949519448368 14 1
2.12620392827671 19 5
0.231949519448368 14 1
0.51028894278641 16 2
0.231949519448368 14 1
0.544981382394939 16 6
0 12 0
0.544981382394939 16 6
0 12 0
3.29977948412475 23 37
0.51028894278641 16 2
0.544981382394939 16 6
0.699457010506748 17 4
2.1714172126119 21 18
0.231949519448368 14 1
1.78601129975244 17 4
1.37900147270464 19 21
0.374366838062868 15 3
0.231949519448368 14 1
3.1197236505239 23 16
0.374366838062868 15 3
0.231949519448368 14 1
0.374366838062868 15 3
0 12 0
1.22786235601684 19 11
0 12 0
0.374366838062868 15 3
7.61022935129455 27 31
2.04471860139162 21 22
0.231949519448368 14 1
5.5140689429708 26 47
2.38154208302762 20 7
1.78601129975244 17 4
0 12 0
0.231949519448368 14 1
0 12 0
0 12 0
0 12 0
0.231949519448368 14 1
0 12 0
0.231949519448368 14 1
0 12 0
0.231949519448368 14 1
1.02363174006937 18 15
3.48705005724482 23 37
1.37900147270464 19 21
0 12 0
1.78601129975244 17 4
0.374366838062868 15 3
6.5985500551915 29 56
0.231949519448368 14 1
3.17065133225895 24 34
0 12 0
0.231949519448368 14 1
0 12 0
1.87439017312018 20 28
2.97802991733573 23 19
0.231949519448368 14 1
2.52958281202227 22 29
0.51028894278641 16 2
0 12 0
3.72938467863596 23 19
0 12 0
0.231949519448368 14 1
0.544981382394939 16 6
0 12 0
3.84768015746978 22 45
0.374366838062868 15 3
0.699457010506748 17 4
0.51028894278641 16 2
0 12 0
0 12 0
0.231949519448368 14 1
0.231949519448368 14 1
1.02363174006937 18 15
2.61528754293362 21 36
0 12 0
0.231949519448368 14 1
4.83983162965511 25 48
0.231949519448368 14 1
0 12 0
1.95630129737228 20 8
2.06753573125709 21 12
0.699457010506748 17 4
0.231949519448368 14 1
2.16509071003198 21 22
2.4787676459428 22 9
0.51028894278641 16 2
3.84768015746978 22 45
0.231949519448368 14 1
2.3680358104614 22 17
3.84768015746978 22 45
0.374366838062868 15 3
1.54993858181743 18 7
0.231949519448368 14 1
0 12 0
0.51028894278641 16 2
0 12 0
0 12 0
0.932034644435812 18 7
0.231949519448368 14 1
2.61528754293362 21 36
1.78601129975244 17 4
0 12 0
1.1058197260616 19 5
3.84768015746978 22 45
3.50012026494646 23 11
0.755448972273232 17 10
0.374366838062868 15 3
0 12 0
0 12 0
0.231949519448368 14 1
0.231949519448368 14 1
1.78601129975244 17 4
0 12 0
0.51028894278641 16 2
7.08992887235848 28 29
1.23550011745473 19 9
3.50012026494646 23 11
0 12 0
7.3023870645639 25 56
0.51028894278641 16 2
1.37900147270464 19 21
0.374366838062868 15 3
0.231949519448368 14 1
1.20871835563717 23 13
0 12 0
0 12 0
1.1058197260616 19 5
0.699457010506748 17 4
0.374366838062868 15 3
5.20218890597907 25 36
0.51028894278641 16 2
1.78601129975244 17 4
0 12 0
1.87439017312018 20 28
0 12 0
0 12 0
0.755448972273232 17 10
0.699457010506748 17 4
0 12 0
1.02363174006937 18 15
0.231949519448368 14 1
1.87439017312018 20 28
0 12 0
0.544981382394939 16 6
1.02363174006937 18 15
0.374366838062868 15 3
6.46144930165106 29 66
0.374366838062868 15 3
0.231949519448368 14 1
0.231949519448368 14 1
0.51028894278641 16 2
0.231949519448368 14 1
0 12 0
0.374366838062868 15 3
0 12 0
0.231949519448368 14 1
0.699457010506748 17 4
0.231949519448368 14 1
0 12 0
0.374366838062868 15 3
0.51028894278641 16 2
0.374366838062868 15 3
0.51028894278641 16 2
1.63121002646909 20 13
0.699457010506748 17 4
0.51028894278641 16 2
0 12 0
0 12 0
0.374366838062868 15 3
0 12 0
0.231949519448368 14 1
0.231949519448368 14 1
0.51028894278641 16 2
0 12 0
0.755448972273232 17 10
0 12 0
0 12 0
0 12 0
0.231949519448368 14 1
0 12 0
0 12 0
0.231949519448368 14 1
0 12 0
0.374366838062868 15 3
2.04471860139162 21 22
0.231949519448368 14 1
0.544981382394939 16 6
0.699457010506748 17 4
0.231949519448368 14 1
0 12 0
2.61528754293362 21 36
0.374366838062868 15 3
1.22786235601684 19 11
0.231949519448368 14 1
0.231949519448368 14 1
2.3680358104614 22 17
0.231949519448368 14 1
0.544981382394939 16 6
0.231949519448368 14 1
2.87044426463955 22 21
0 12 0
0 12 0
0.374366838062868 15 3
0.231949519448368 14 1
3.53922907287537 24 39
0.231949519448368 14 1
2.61528754293362 21 36
0.231949519448368 14 1
3.66729618326851 28 28
1.22786235601684 19 11
0.51028894278641 16 2
0.544981382394939 16 6
1.02363174006937 18 15
0.231949519448368 14 1
0 12 0
5.10385784465265 23 17
0.932034644435812 18 7
0.231949519448368 14 1
1.23550011745473 19 9
0.374366838062868 15 3
0.231949519448368 14 1
0.231949519448368 14 1
0 12 0
0.51028894278641 16 2
0 12 0
0.231949519448368 14 1
0 12 0
0.231949519448368 14 1
0.231949519448368 14 1
3.70871666801328 24 30
0.755448972273232 17 10
0.231949519448368 14 1
0.231949519448368 14 1
3.84768015746978 22 45
0.231949519448368 14 1
0 12 0
0 12 0
1.87439017312018 20 28
0.51028894278641 16 2
0.932034644435812 18 7
0 12 0
1.63494414718482 20 12
7.3023870645639 25 56
4.61994692298901 24 25
0 12 0
0 12 0
0 12 0
0.231949519448368 14 1
1.78601129975244 17 4
4.83983162965511 25 48
0.755448972273232 17 10
0 12 0
0 12 0
0.231949519448368 14 1
2.04471860139162 21 22
10.2772454370867 34 75
0 12 0
0.231949519448368 14 1
2.87890310732528 23 23
0 12 0
2.04471860139162 21 22
5.73146680832469 31 45
0.755448972273232 17 10
4.2305142447301 26 46
0.231949519448368 14 1
0.231949519448368 14 1
0 12 0
0.699457010506748 17 4
0 12 0
0 12 0
0.231949519448368 14 1
0.932034644435812 18 7
5.53603060744223 28 41
6.30936469164689 23 55
2.61528754293362 21 36
0.699457010506748 17 4
0.51028894278641 16 2
0 12 0
0.231949519448368 14 1
0.231949519448368 14 1
0 12 0
1.87439017312018 20 28
0 12 0
0 12 0
1.73815129880325 20 16
0.544981382394939 16 6
1.02363174006937 18 15
0 12 0
0 12 0
0.755448972273232 17 10
4.24965824510977 23 25
0.51028894278641 16 2
1.37900147270464 19 21
0 12 0
2.38154208302762 20 7
0 12 0
2.38154208302762 20 7
0 12 0
0.231949519448368 14 1
0.51028894278641 16 2
0.231949519448368 14 1
0 12 0
0.231949519448368 14 1
0.544981382394939 16 6
0.932034644435812 18 7
