"COLLES.MDM.LN" "SACKIN" "COPHENETIC"
16.5230658438053 40 121
3.84768015746978 22 45
0 12 0
0.374366838062868 15 3
18.7518792021979 42 122
3.84768015746978 22 45
12.8007627945895 33 69
0 12 0
0 12 0
12.8939557592169 36 85
9.56810671442275 31 81
3.38445086521304 21 16
4.24965824510977 23 25
13.7217352538024 38 106
0 12 0
0 12 0
1.37900147270464 19 21
0 12 0
6.46144930165106 29 66
0 12 0
0 12 0
3.84768015746978 22 45
3.84768015746978 22 45
0 12 0
0 12 0
0 12 0
2.61528754293362 21 36
0.374366838062868 15 3
0 12 0
0 12 0
17.5153252250626 41 128
12.1269277625 34 92
0 12 0
0 12 0
0 12 0
0 12 0
6.30936469164689 23 55
10.5894593334264 32 91
13.9672613875868 37 88
0 12 0
0 12 0
0 12 0
6.30936469164689 23 55
1.87439017312018 20 28
0 12 0
0 12 0
12.8187628293754 33 100
9.4813793699779 31 83
0 12 0
5.20218890597907 25 36
3.84768015746978 22 45
0 12 0
33.4422456602299 57 185
26.398235872998 50 164
8.35454902768155 31 53
2.57129120082109 19 9
6.30936469164689 23 55
16.4939726060589 40 119
0 12 0
0.231949519448368 14 1
21.9093495067853 46 136
0 12 0
6.30936469164689 23 55
24.8447503730099 43 90
0 12 0
0 12 0
40.4929943289894 61 168
6.30936469164689 23 55
12.8187628293754 33 100
7.66682432768369 29 64
6.30936469164689 23 55
9.62472987097244 28 59
1.37900147270464 19 21
0 12 0
6.30936469164689 23 55
12.8187628293754 33 100
19.5188923284998 42 136
9.0282504784659 28 29
12.8939557592169 36 85
17.5153252250626 41 128
0 12 0
2.61528754293362 21 36
14.7085108015111 38 104
10.9090905611143 36 88
19.5188923284998 42 136
22.9960029055787 48 128
3.84768015746978 22 45
13.2971013423211 32 65
0 12 0
0 12 0
0 12 0
2.1714172126119 21 18
10.5894593334264 32 91
4.67764864220876 21 10
0 12 0
8.0221705612334 28 65
0 12 0
14.6445681497707 39 112
13.6232155307671 38 102
6.3020951281459 27 49
22.031191029439 44 137
0 12 0
26.938989689542 49 145
6.30936469164689 23 55
39.5522371703106 59 168
0 12 0
16.4939726060589 40 119
0 12 0
15.4726199870553 39 109
7.66682432768369 29 64
13.8221154135932 34 72
16.4939726060589 40 119
3.84768015746978 22 45
7.75149570877198 27 61
0 12 0
2.80576284232763 23 31
22.4819908580007 45 123
2.61528754293362 21 36
7.66682432768369 29 64
4.08250522564899 22 14
9.56810671442275 31 81
10.4922553072152 30 64
3.84768015746978 22 45
10.8858275925046 35 81
21.8800250923862 44 119
0 12 0
3.84768015746978 22 45
2.57129120082109 19 9
6.30936469164689 23 55
25.361033710562 50 146
12.8939557592169 36 85
10.0577368845829 35 83
9.37590164668521 32 59
9.56810671442275 31 81
0 12 0
6.30936469164689 23 55
6.30936469164689 23 55
9.4813793699779 31 83
0 12 0
17.5153252250626 41 128
26.8689166925239 50 149
6.30936469164689 23 55
9.56810671442275 31 81
31.0620805258232 55 174
0 12 0
12.8187628293754 33 100
0.374366838062868 15 3
6.30936469164689 23 55
7.75149570877198 27 61
6.46144930165106 29 66
8.35965921056653 29 70
7.82585214762891 29 42
15.4726199870553 39 109
12.8187628293754 33 100
27.619973244491 49 129
12.7003826347988 37 96
0 12 0
0 12 0
17.5539631037855 39 86
0 12 0
6.30936469164689 23 55
9.14456123105719 33 76
0 12 0
0 12 0
0 12 0
1.87439017312018 20 28
34.9137450639916 58 170
11.8874085929917 35 86
10.5894593334264 32 91
55.3395557612665 72 216
11.831143702003 34 64
15.4726199870553 39 109
0.755448972273232 17 10
4.2909174343034 25 28
27.5215500703646 50 133
6.30936469164689 23 55
1.87439017312018 20 28
6.30936469164689 23 55
6.30936469164689 23 55
2.61528754293362 21 36
14.6445681497707 39 112
23.7815193849546 45 119
26.398235872998 50 164
0 12 0
12.8187628293754 33 100
6.30936469164689 23 55
37.4746315913597 59 186
0 12 0
0 12 0
9.4813793699779 31 83
1.02363174006937 18 15
15.1552539835418 37 106
0 12 0
0 12 0
0.544981382394939 16 6
0 12 0
8.35454902768155 31 53
48.0813355920897 64 184
2.80576284232763 23 31
0.231949519448368 14 1
12.8187628293754 33 100
8.81360207445242 30 76
16.4939726060589 40 119
3.38445086521304 21 16
14.7085108015111 38 104
21.7388141469473 43 114
0 12 0
6.30936469164689 23 55
6.30936469164689 23 55
53.2223850018932 70 209
0 12 0
19.5188923284998 42 136
0.374366838062868 15 3
0 12 0
0 12 0
13.0227082017748 37 98
12.8059703837872 34 74
14.8373016845637 38 92
10.8948068591216 33 64
8.81360207445242 30 76
33.4422456602299 57 185
11.0709557164732 30 34
8.0221705612334 28 65
12.3345313074143 34 80
0 12 0
2.61528754293362 21 36
3.84768015746978 22 45
6.3020951281459 27 49
0.374366838062868 15 3
17.5153252250626 41 128
26.398235872998 50 164
6.30936469164689 23 55
10.8948068591216 33 64
3.84768015746978 22 45
0 12 0
10.6216116763888 33 79
11.1055751434963 33 82
33.892392444988 57 161
0 12 0
12.1093196099532 33 49
7.51837242958476 26 58
0 12 0
6.30936469164689 23 55
4.57029217238472 26 43
24.6116858415921 49 157
0 12 0
24.8447503730099 43 90
1.87439017312018 20 28
2.61528754293362 21 36
40.6321018959472 63 200
12.8187628293754 33 100
18.2802394221969 42 100
28.0206421232811 51 152
6.30936469164689 23 55
4.24965824510977 23 25
40.0231140266252 60 176
0 12 0
27.6202636340558 49 111
7.3023870645639 25 56
0 12 0
6.30936469164689 23 55
3.84768015746978 22 45
22.9976282306681 45 107
0 12 0
6.30936469164689 23 55
0 12 0
0 12 0
9.47090268821159 29 62
19.5188923284998 42 136
6.30936469164689 23 55
3.84768015746978 22 45
9.56810671442275 31 81
19.5188923284998 42 136
0 12 0
21.460638238997 44 113
0.544981382394939 16 6
5.8360890889876 28 60
2.57129120082109 19 9
16.5230658438053 40 121
23.7239045490795 48 151
0 12 0
9.56810671442275 31 81
1.37900147270464 19 21
0 12 0
1.87439017312018 20 28
23.8038603566464 47 110
29.8182840861793 54 164
6.30936469164689 23 55
6.80449952862525 28 37
10.5894593334264 32 91
6.30936469164689 23 55
8.00689785946225 27 25
0 12 0
18.2802394221969 42 100
0 12 0
0 12 0
0 12 0
6.30936469164689 23 55
13.381168299765 33 41
1.78601129975244 17 4
10.6216116763888 33 79
16.4939726060589 40 119
0 12 0
33.892392444988 57 161
16.4350804683756 38 86
3.84768015746978 22 45
9.4813793699779 31 83
0 12 0
40.6321018959472 63 200
12.8939557592169 36 85
26.9067272385926 47 108
26.6105581332554 51 146
3.84768015746978 22 45
0 12 0
19.3343958536044 41 77
12.8187628293754 33 100
7.51837242958476 26 58
1.02363174006937 18 15
37.4289364719784 58 160
1.54993858181743 18 7
2.57129120082109 19 9
3.84768015746978 22 45
5.41026994925479 27 55
19.5925507729631 42 116
8.81360207445242 30 76
26.398235872998 50 164
11.231005141886 36 70
0 12 0
0 12 0
6.73853029993738 27 49
16.4939726060589 40 119
0 12 0
6.30936469164689 23 55
15.9178207517346 39 115
3.84768015746978 22 45
0 12 0
0 12 0
1.02363174006937 18 15
10.7745106630179 33 56
5.79567430900034 25 26
7.66682432768369 29 64
11.2081531594806 35 79
0 12 0
12.8939557592169 36 85
6.30936469164689 23 55
2.1714172126119 21 18
14.3073702283281 37 85
15.4726199870553 39 109
0.231949519448368 14 1
13.4063138054281 36 91
26.398235872998 50 164
6.30936469164689 23 55
9.17706100282688 30 46
6.30936469164689 23 55
0 12 0
12.8187628293754 33 100
0 12 0
8.0221705612334 28 65
3.83503572910242 25 42
13.0517117311158 37 77
1.87439017312018 20 28
6.30936469164689 23 55
6.3020951281459 27 49
0.544981382394939 16 6
8.35965921056653 29 70
0 12 0
0 12 0
20.1068350227913 45 129
0 12 0
13.4063138054281 36 91
0.231949519448368 14 1
0 12 0
17.7779957306689 40 111
12.8187628293754 33 100
0 12 0
2.61528754293362 21 36
0 12 0
9.0282504784659 28 29
9.37590164668521 32 59
12.8187628293754 33 100
0 12 0
0 12 0
0 12 0
3.84768015746978 22 45
0 12 0
10.5894593334264 32 91
9.62472987097244 28 59
0 12 0
12.8187628293754 33 100
0 12 0
8.0221705612334 28 65
13.532537054939 37 76
6.30936469164689 23 55
0 12 0
1.37900147270464 19 21
11.0709557164732 30 34
6.30936469164689 23 55
24.3952202922861 44 81
0 12 0
18.555550947552 43 115
1.54993858181743 18 7
6.30936469164689 23 55
0 12 0
6.30936469164689 23 55
5.20218890597907 25 36
10.5894593334264 32 91
0 12 0
45.0515640498639 62 159
1.37900147270464 19 21
23.7746504719575 48 125
16.5230658438053 40 121
3.84768015746978 22 45
2.61528754293362 21 36
4.80891920063141 27 51
0 12 0
6.30936469164689 23 55
11.2581788717177 34 86
6.30936469164689 23 55
37.9804087886179 58 159
10.9090905611143 36 88
7.12682509560126 28 39
19.5188923284998 42 136
0 12 0
2.18380655536673 20 13
3.38445086521304 21 16
12.8187628293754 33 100
0.231949519448368 14 1
0 12 0
6.30936469164689 23 55
18.6715662420674 40 75
6.30936469164689 23 55
16.4939726060589 40 119
6.30936469164689 23 55
10.5894593334264 32 91
7.02933023588947 30 58
0.544981382394939 16 6
10.2300910362103 31 55
0 12 0
0.755448972273232 17 10
10.5112396959629 33 55
15.4726199870553 39 109
0 12 0
12.4213749730227 35 94
1.37900147270464 19 21
11.2081531594806 35 79
19.5188923284998 42 136
7.82585214762891 29 42
0 12 0
18.2802394221969 42 100
0 12 0
0 12 0
3.84768015746978 22 45
15.4563723191992 40 91
0.231949519448368 14 1
6.30936469164689 23 55
7.82585214762891 29 42
12.8187628293754 33 100
0 12 0
1.78601129975244 17 4
3.84768015746978 22 45
12.8187628293754 33 100
0 12 0
15.0817459821629 39 99
37.1971993214179 60 182
12.8187628293754 33 100
16.0099666255941 39 100
4.57986624994665 25 32
6.30936469164689 23 55
0 12 0
10.5894593334264 32 91
15.4726199870553 39 109
12.8187628293754 33 100
0 12 0
11.7264991632698 35 87
0 12 0
6.30936469164689 23 55
0 12 0
12.8939557592169 36 85
7.83394503690555 28 31
5.20218890597907 25 36
26.3364526687187 51 144
12.4213749730227 35 94
0 12 0
12.8187628293754 33 100
0 12 0
36.6930388455269 59 180
8.81360207445242 30 76
6.30936469164689 23 55
9.4813793699779 31 83
0 12 0
9.56810671442275 31 81
0 12 0
12.8187628293754 33 100
3.84768015746978 22 45
6.73853029993738 27 49
0 12 0
0 12 0
6.30936469164689 23 55
7.51837242958476 26 58
0 12 0
31.8496872069807 55 146
2.61528754293362 21 36
0 12 0
13.6232155307671 38 102
7.66682432768369 29 64
15.1552539835418 37 106
20.0947944644911 44 119
6.30936469164689 23 55
16.4939726060589 40 119
0 12 0
0.755448972273232 17 10
14.5718110997361 35 101
11.0879669909495 32 45
0 12 0
33.3435259959638 54 131
12.8187628293754 33 100
10.5894593334264 32 91
9.62472987097244 28 59
0 12 0
12.8939557592169 36 85
3.84768015746978 22 45
6.30936469164689 23 55
30.828334587977 54 140
3.84768015746978 22 45
0 12 0
0 12 0
0.755448972273232 17 10
6.30936469164689 23 55
27.4329704412348 51 146
4.08250522564899 22 14
1.87439017312018 20 28
0 12 0
0 12 0
1.78601129975244 17 4
24.6116858415921 49 157
0 12 0
9.64850007919976 30 40
26.398235872998 50 164
0 12 0
19.5188923284998 42 136
31.8609893241866 56 179
1.37900147270464 19 21
19.5188923284998 42 136
31.2493737186443 53 135
15.4920016120018 38 110
12.1269277625 34 92
0.231949519448368 14 1
23.8426693815816 44 96
13.4063138054281 36 91
0 12 0
10.5894593334264 32 91
10.5894593334264 32 91
6.30936469164689 23 55
10.1868005404769 34 72
0 12 0
29.247525483529 53 161
3.17065133225895 24 34
6.30936469164689 23 55
1.02363174006937 18 15
0.755448972273232 17 10
16.9474860979313 41 88
0 12 0
0 12 0
0 12 0
7.51837242958476 26 58
0 12 0
3.70058278849453 25 38
12.8187628293754 33 100
6.30936469164689 23 55
0.544981382394939 16 6
0 12 0
5.10385784465265 23 17
6.30936469164689 23 55
9.4813793699779 31 83
3.84768015746978 22 45
11.6447008738933 35 89
0 12 0
3.84768015746978 22 45
13.6232155307671 38 102
0 12 0
1.87439017312018 20 28
0 12 0
23.8038603566464 47 110
13.6232155307671 38 102
0 12 0
28.7969314671756 53 155
12.8187628293754 33 100
13.4063138054281 36 91
2.57129120082109 19 9
23.5903332225885 48 149
0 12 0
19.5188923284998 42 136
3.84768015746978 22 45
9.4813793699779 31 83
0 12 0
46.0729166688676 63 174
0 12 0
9.56810671442275 31 81
40.4929943289894 61 176
8.0221705612334 28 65
22.5689806035848 47 140
6.30936469164689 23 55
8.35965921056653 29 70
1.37900147270464 19 21
3.38445086521304 21 16
0 12 0
6.30936469164689 23 55
6.30936469164689 23 55
0 12 0
0.231949519448368 14 1
3.84768015746978 22 45
0 12 0
0 12 0
8.81360207445242 30 76
12.8187628293754 33 100
22.7500210775505 46 142
0 12 0
2.61528754293362 21 36
26.398235872998 50 164
4.15404711021384 24 25
11.8874085929917 35 86
6.30936469164689 23 55
2.57129120082109 19 9
6.30936469164689 23 55
7.75149570877198 27 61
3.84768015746978 22 45
6.30936469164689 23 55
20.3338695219183 44 98
14.7085108015111 38 104
0 12 0
12.8187628293754 33 100
6.30936469164689 23 55
10.1981817962746 31 68
9.56810671442275 31 81
9.4813793699779 31 83
5.09363744138759 26 51
0.231949519448368 14 1
0 12 0
12.8187628293754 33 100
3.17065133225895 24 34
0 12 0
0 12 0
0.231949519448368 14 1
6.30936469164689 23 55
31.7338088779202 55 153
0 12 0
12.8187628293754 33 100
0.231949519448368 14 1
10.5894593334264 32 91
15.9178207517346 39 115
8.35965921056653 29 70
9.56810671442275 31 81
33.4422456602299 57 185
0 12 0
13.381168299765 33 41
10.9090905611143 36 88
6.30936469164689 23 55
10.5894593334264 32 91
0 12 0
0.374366838062868 15 3
0 12 0
6.30936469164689 23 55
1.37900147270464 19 21
3.84768015746978 22 45
0 12 0
2.86115225757343 23 27
1.87439017312018 20 28
0 12 0
6.30936469164689 23 55
16.5230658438053 40 121
0 12 0
6.30936469164689 23 55
6.30936469164689 23 55
0 12 0
10.9359984853874 33 84
0 12 0
2.61528754293362 21 36
3.84768015746978 22 45
0 12 0
7.83394503690555 28 31
18.7518792021979 42 122
6.30936469164689 23 55
1.78601129975244 17 4
23.1666607610928 47 146
1.37900147270464 19 21
19.5188923284998 42 136
11.3827416674182 32 71
6.30936469164689 23 55
1.78601129975244 17 4
10.5894593334264 32 91
19.5188923284998 42 136
6.73853029993738 27 49
19.5188923284998 42 136
7.4958567039435 30 73
0 12 0
9.62472987097244 28 59
14.7085108015111 38 104
12.8187628293754 33 100
0 12 0
40.5881662542026 61 161
0 12 0
12.8187628293754 33 100
1.02363174006937 18 15
22.5105711923524 46 106
6.30936469164689 23 55
15.2429682584616 40 99
0.231949519448368 14 1
12.8187628293754 33 100
0 12 0
9.56810671442275 31 81
1.54993858181743 18 7
6.30936469164689 23 55
0 12 0
16.4939726060589 40 119
8.02390913393856 29 35
11.7179820126448 35 71
4.24965824510977 23 25
0 12 0
6.30936469164689 23 55
0 12 0
7.51837242958476 26 58
17.2709273614934 42 106
0 12 0
16.4939726060589 40 119
0 12 0
0 12 0
1.87439017312018 20 28
0 12 0
0 12 0
1.02363174006937 18 15
0.231949519448368 14 1
0 12 0
15.6321399221733 38 74
15.4726199870553 39 109
1.37900147270464 19 21
22.9976282306681 45 107
0 12 0
6.30936469164689 23 55
6.73853029993738 27 49
0 12 0
32.8736990420979 50 111
0 12 0
32.1720127739567 55 148
9.4813793699779 31 83
10.5894593334264 32 91
6.30936469164689 23 55
12.8187628293754 33 100
6.30936469164689 23 55
16.4939726060589 40 119
0 12 0
0 12 0
0 12 0
16.8387558697567 40 83
6.30936469164689 23 55
3.84768015746978 22 45
14.5718110997361 35 101
20.1887895491852 44 131
2.61528754293362 21 36
2.61528754293362 21 36
25.3151000497151 50 137
10.5112396959629 33 55
14.5796840796117 32 35
23.1069084526341 46 120
3.17065133225895 24 34
0 12 0
3.84768015746978 22 45
9.56810671442275 31 81
18.555550947552 43 115
9.17706100282688 30 46
6.30936469164689 23 55
17.6641461858801 38 104
17.5153252250626 41 128
3.84768015746978 22 45
0.544981382394939 16 6
20.1887895491852 44 131
0 12 0
11.8874085929917 35 86
27.631910752259 52 155
10.5894593334264 32 91
0 12 0
0 12 0
1.37900147270464 19 21
6.30936469164689 23 55
0 12 0
0 12 0
0 12 0
0 12 0
18.1436468684798 41 101
6.3020951281459 27 49
2.61528754293362 21 36
0 12 0
0.544981382394939 16 6
6.30936469164689 23 55
0.544981382394939 16 6
6.30936469164689 23 55
18.4245586188505 44 122
0 12 0
0 12 0
6.30936469164689 23 55
0 12 0
9.83014583159913 33 70
0 12 0
0.231949519448368 14 1
6.30936469164689 23 55
0 12 0
6.30936469164689 23 55
0 12 0
6.30936469164689 23 55
21.5476279845812 46 130
31.0620805258232 55 174
17.5361349131963 40 79
0 12 0
8.35965921056653 29 70
0 12 0
3.84768015746978 22 45
0 12 0
22.031191029439 44 137
0 12 0
6.30936469164689 23 55
6.30936469164689 23 55
28.0206421232811 51 152
0 12 0
38.2185519404216 61 189
12.8187628293754 33 100
7.3023870645639 25 56
6.30936469164689 23 55
0 12 0
5.79567430900034 25 26
9.56810671442275 31 81
9.56810671442275 31 81
26.398235872998 50 164
51.7104456766781 68 204
12.8187628293754 33 100
6.3020951281459 27 49
0 12 0
11.6447008738933 35 89
8.81360207445242 30 76
7.61022935129455 27 31
15.4563723191992 40 91
4.57029217238472 26 43
9.56810671442275 31 81
6.30936469164689 23 55
12.8187628293754 33 100
0 12 0
5.10385784465265 23 17
0 12 0
3.84768015746978 22 45
26.398235872998 50 164
0 12 0
1.78601129975244 17 4
0 12 0
12.3601052203345 36 73
6.30936469164689 23 55
0 12 0
2.52958281202227 22 29
0 12 0
7.75149570877198 27 61
1.37900147270464 19 21
31.9297411312056 53 153
10.8948068591216 33 64
15.4726199870553 39 109
1.78601129975244 17 4
17.5153252250626 41 128
19.5188923284998 42 136
3.84768015746978 22 45
0 12 0
0 12 0
8.35965921056653 29 70
9.56810671442275 31 81
1.87439017312018 20 28
3.83503572910242 25 42
6.30936469164689 23 55
0 12 0
8.0221705612334 28 65
0 12 0
0 12 0
21.1281876417949 46 138
8.81360207445242 30 76
9.4813793699779 31 83
10.0496030974696 29 32
0 12 0
3.84768015746978 22 45
10.0496030974696 29 32
5.76242224962341 28 57
30.8396367051829 55 172
0 12 0
0 12 0
20.0947944644911 44 119
6.30936469164689 23 55
0 12 0
0 12 0
6.30936469164689 23 55
12.8187628293754 33 100
0 12 0
9.37590164668521 32 59
0 12 0
6.30936469164689 23 55
2.57129120082109 19 9
0 12 0
2.57129120082109 19 9
0 12 0
14.5718110997361 35 101
5.20218890597907 25 36
0 12 0
0 12 0
0 12 0
12.8187628293754 33 100
3.84768015746978 22 45
7.66682432768369 29 64
0.374366838062868 15 3
5.8360890889876 28 60
35.5583961979437 58 177
0.544981382394939 16 6
0 12 0
12.7003826347988 37 96
0 12 0
19.5188923284998 42 136
21.5476279845812 46 130
3.84768015746978 22 45
0 12 0
1.87439017312018 20 28
6.30936469164689 23 55
0 12 0
15.6321399221733 38 74
13.0227082017748 37 98
6.30936469164689 23 55
10.5894593334264 32 91
0 12 0
15.4920016120018 38 110
0 12 0
6.30936469164689 23 55
25.8972210279826 47 140
3.84768015746978 22 45
0 12 0
1.02363174006937 18 15
0.374366838062868 15 3
15.9178207517346 39 115
0 12 0
23.8038603566464 47 110
26.398235872998 50 164
2.57129120082109 19 9
0 12 0
3.84768015746978 22 45
6.30936469164689 23 55
15.9178207517346 39 115
3.84768015746978 22 45
16.5230658438053 40 121
12.8187628293754 33 100
0 12 0
0 12 0
15.4920016120018 38 110
0 12 0
2.61528754293362 21 36
24.6018540438166 48 137
0 12 0
6.30936469164689 23 55
9.56810671442275 31 81
7.66682432768369 29 64
6.30936469164689 23 55
9.98130823972735 32 47
18.1436468684798 41 101
0 12 0
25.1084662981845 46 111
0 12 0
13.4063138054281 36 91
0.755448972273232 17 10
28.7969314671756 53 155
7.4958567039435 30 73
11.8874085929917 35 86
17.6641461858801 38 104
3.84768015746978 22 45
6.30936469164689 23 55
8.56902885868234 31 61
0 12 0
0 12 0
1.02363174006937 18 15
1.37900147270464 19 21
15.3605007618395 41 98
12.8187628293754 33 100
0 12 0
0.374366838062868 15 3
0 12 0
0.544981382394939 16 6
0.231949519448368 14 1
4.67764864220876 21 10
15.6321399221733 38 74
27.2788234097632 49 109
0 12 0
12.8187628293754 33 100
16.4939726060589 40 119
6.80449952862525 28 37
21.5476279845812 46 130
36.956450301999 60 185
14.9886140065904 38 90
1.87439017312018 20 28
0 12 0
6.30936469164689 23 55
28.7969314671756 53 155
0 12 0
1.87439017312018 20 28
0 12 0
0 12 0
12.8939557592169 36 85
1.87439017312018 20 28
2.61528754293362 21 36
10.5894593334264 32 91
20.0476418595028 43 108
40.6321018959472 63 200
29.247525483529 53 161
10.0577368845829 35 83
3.38445086521304 21 16
7.66682432768369 29 64
4.57986624994665 25 32
6.30936469164689 23 55
12.8187628293754 33 100
8.35965921056653 29 70
0.544981382394939 16 6
0 12 0
7.75149570877198 27 61
22.5689806035848 47 140
0 12 0
9.4813793699779 31 83
3.84768015746978 22 45
6.30936469164689 23 55
0 12 0
0 12 0
17.5153252250626 41 128
0 12 0
19.5188923284998 42 136
9.62034594428443 33 70
25.1183286579372 49 137
12.6018629117634 37 94
18.3521963957354 37 75
0 12 0
2.57129120082109 19 9
0 12 0
0 12 0
9.56810671442275 31 81
4.67764864220876 21 10
26.398235872998 50 164
8.35454902768155 31 53
0 12 0
5.76242224962341 28 57
0 12 0
9.56810671442275 31 81
7.61022935129455 27 31
1.87439017312018 20 28
0 12 0
7.61022935129455 27 31
0 12 0
0 12 0
11.1147694176578 34 82
3.64574061919771 24 31
12.8187628293754 33 100
1.87439017312018 20 28
3.84768015746978 22 45
10.5894593334264 32 91
7.61022935129455 27 31
22.5689806035848 47 140
0 12 0
3.84768015746978 22 45
6.30936469164689 23 55
8.81360207445242 30 76
6.30936469164689 23 55
18.8892610222313 44 117
10.5894593334264 32 91
7.4958567039435 30 73
0 12 0
6.30936469164689 23 55
5.8360890889876 28 60
0 12 0
0 12 0
9.56810671442275 31 81
3.84768015746978 22 45
0 12 0
8.81360207445242 30 76
1.37900147270464 19 21
0.755448972273232 17 10
0 12 0
10.5894593334264 32 91
1.02363174006937 18 15
3.29977948412475 23 37
12.8187628293754 33 100
0 12 0
0 12 0
3.84768015746978 22 45
1.02363174006937 18 15
0 12 0
0 12 0
0 12 0
16.4939726060589 40 119
12.8187628293754 33 100
3.38445086521304 21 16
5.76242224962341 28 57
0 12 0
13.7217352538024 38 106
17.5153252250626 41 128
20.9319662602386 46 134
1.37900147270464 19 21
25.4406542249132 49 139
15.9178207517346 39 115
0 12 0
9.56810671442275 31 81
0 12 0
6.30936469164689 23 55
46.0172549161969 66 203
15.4726199870553 39 109
9.37590164668521 32 59
6.30936469164689 23 55
0 12 0
0 12 0
12.8187628293754 33 100
0 12 0
0 12 0
6.30936469164689 23 55
0 12 0
6.30936469164689 23 55
20.6240490803671 41 89
9.62472987097244 28 59
0 12 0
6.30936469164689 23 55
0.231949519448368 14 1
25.9176370705384 48 143
4.57029217238472 26 43
0 12 0
2.61528754293362 21 36
0 12 0
0 12 0
0 12 0
6.30936469164689 23 55
0 12 0
0 12 0
34.3171612867723 55 168
5.41026994925479 27 55
0 12 0
0.231949519448368 14 1
9.4813793699779 31 83
2.61528754293362 21 36
18.1460843111779 42 112
13.2776101637882 34 52
10.0577368845829 35 83
2.57129120082109 19 9
12.8187628293754 33 100
6.30936469164689 23 55
29.4348186763501 51 140
13.6232155307671 38 102
10.5894593334264 32 91
19.5188923284998 42 136
29.247525483529 53 161
6.30936469164689 23 55
0 12 0
23.580501424813 47 128
16.4939726060589 40 119
7.66682432768369 29 64
12.8187628293754 33 100
13.1532055095946 37 101
0 12 0
18.3130432346007 40 73
34.1331414644069 57 155
16.5230658438053 40 121
29.4348186763501 51 116
0 12 0
14.8593001507742 36 103
6.30936469164689 23 55
12.8187628293754 33 100
6.30936469164689 23 55
0 12 0
17.7604923238963 40 90
2.61528754293362 21 36
6.30936469164689 23 55
3.64574061919771 24 31
0 12 0
6.30936469164689 23 55
0 12 0
6.30936469164689 23 55
6.30936469164689 23 55
6.30936469164689 23 55
9.4813793699779 31 83
2.61528754293362 21 36
6.30936469164689 23 55
0.231949519448368 14 1
13.4063138054281 36 91
0 12 0
6.30936469164689 23 55
19.5188923284998 42 136
3.84768015746978 22 45
0 12 0
10.5894593334264 32 91
13.6232155307671 38 102
12.8187628293754 33 100
0.374366838062868 15 3
3.84768015746978 22 45
1.87439017312018 20 28
3.84768015746978 22 45
3.84768015746978 22 45
17.7779957306689 40 111
5.76242224962341 28 57
0 12 0
3.83503572910242 25 42
7.51837242958476 26 58
1.02363174006937 18 15
0 12 0
0 12 0
0 12 0
0.374366838062868 15 3
18.1436468684798 41 101
3.84768015746978 22 45
14.5718110997361 35 101
10.5894593334264 32 91
0 12 0
13.0227466422694 36 73
4.80891920063141 27 51
2.61528754293362 21 36
19.5188923284998 42 136
0.374366838062868 15 3
0.231949519448368 14 1
10.5894593334264 32 91
0 12 0
12.8187628293754 33 100
24.0173555245823 49 133
18.292279980497 43 116
1.78601129975244 17 4
4.83983162965511 25 48
0 12 0
12.8187628293754 33 100
46.0172549161969 66 203
28.7969314671756 53 155
0 12 0
13.7798538553162 36 87
6.30936469164689 23 55
7.82585214762891 29 42
30.8396367051829 55 172
0 12 0
10.5894593334264 32 91
0 12 0
0 12 0
8.0221705612334 28 65
19.5188923284998 42 136
8.81360207445242 30 76
6.30936469164689 23 55
20.7608878654012 45 110
28.1347136091268 52 160
2.52958281202227 22 29
4.2305142447301 26 46
7.3023870645639 25 56
0 12 0
0 12 0
6.30936469164689 23 55
0 12 0
7.3023870645639 25 56
0 12 0
0 12 0
10.8858275925046 35 81
11.1055751434963 33 82
10.2300910362103 31 55
0 12 0
16.5230658438053 40 121
0 12 0
0 12 0
10.8948068591216 33 64
0 12 0
0 12 0
15.4920016120018 38 110
19.5188923284998 42 136
0 12 0
0 12 0
0 12 0
9.05160306572435 32 50
21.7388141469473 43 114
6.30936469164689 23 55
3.84768015746978 22 45
22.5689806035848 47 140
0 12 0
0 12 0
16.5230658438053 40 121
0 12 0
0 12 0
0 12 0
3.84768015746978 22 45
6.30936469164689 23 55
0 12 0
0 12 0
0.374366838062868 15 3
9.4813793699779 31 83
0 12 0
12.8939557592169 36 85
1.37900147270464 19 21
21.5476279845812 46 130
20.5954015063276 43 108
0 12 0
19.5188923284998 42 136
1.02363174006937 18 15
0.231949519448368 14 1
23.7239045490795 48 151
12.4106238436184 36 67
12.8187628293754 33 100
6.30936469164689 23 55
6.30936469164689 23 55
1.87439017312018 20 28
3.38445086521304 21 16
0 12 0
0 12 0
8.35965921056653 29 70
0 12 0
10.5894593334264 32 91
0 12 0
15.4726199870553 39 109
23.3738676732824 43 78
5.76242224962341 28 57
19.5188923284998 42 136
3.84768015746978 22 45
8.60326247135125 31 55
0 12 0
21.9093495067853 46 136
6.46144930165106 29 66
6.30936469164689 23 55
6.30936469164689 23 55
0 12 0
6.30936469164689 23 55
16.1374090832439 41 105
10.5894593334264 32 91
31.7338088779202 55 153
0 12 0
9.4813793699779 31 83
6.73853029993738 27 49
9.62034594428443 33 70
2.61528754293362 21 36
19.5188923284998 42 136
12.8187628293754 33 100
22.5689806035848 47 140
17.7779957306689 40 111
13.6232155307671 38 102
6.30936469164689 23 55
8.35965921056653 29 70
10.1868005404769 34 72
0 12 0
7.4958567039435 30 73
43.8803743069267 64 196
29.4348186763501 51 116
7.66682432768369 29 64
0 12 0
0 12 0
12.8187628293754 33 100
9.56810671442275 31 81
5.76242224962341 28 57
9.56810671442275 31 81
19.5188923284998 42 136
6.30936469164689 23 55
6.30936469164689 23 55
0 12 0
0 12 0
0 12 0
0 12 0
6.30936469164689 23 55
6.30936469164689 23 55
6.30936469164689 23 55
19.5188923284998 42 136
0 12 0
6.30936469164689 23 55
6.30936469164689 23 55
6.30936469164689 23 55
9.56810671442275 31 81
15.4563723191992 40 91
1.73815129880325 20 16
3.84768015746978 22 45
7.4958567039435 30 73
6.30936469164689 23 55
12.8187628293754 33 100
18.4242602191281 41 113
12.8187628293754 33 100
1.56989582291882 19 11
3.38445086521304 21 16
6.30936469164689 23 55
0 12 0
2.87044426463955 22 21
9.4813793699779 31 83
0 12 0
0 12 0
6.30936469164689 23 55
0 12 0
15.534253588576 39 88
0 12 0
3.84768015746978 22 45
13.7217352538024 38 106
5.40431686114736 25 24
0 12 0
0 12 0
0 12 0
12.7003826347988 37 96
10.9090905611143 36 88
0 12 0
9.62472987097244 28 59
19.5188923284998 42 136
9.4813793699779 31 83
2.61528754293362 21 36
6.30936469164689 23 55
17.5153252250626 41 128
33.4422456602299 57 185
6.30936469164689 23 55
0 12 0
1.87439017312018 20 28
10.9833224522164 33 76
15.4920016120018 38 110
19.5925507729631 42 116
5.20218890597907 25 36
3.84768015746978 22 45
2.61528754293362 21 36
6.30936469164689 23 55
9.37590164668521 32 59
0 12 0
0 12 0
0 12 0
21.1281876417949 46 138
0 12 0
0.231949519448368 14 1
6.30936469164689 23 55
0 12 0
17.5932529284694 42 108
5.20218890597907 25 36
8.81360207445242 30 76
17.5946277297168 39 107
10.5894593334264 32 91
4.57029217238472 26 43
20.4678659543451 44 95
0 12 0
9.47090268821159 29 62
0 12 0
16.0099666255941 39 100
0 12 0
10.5894593334264 32 91
7.61022935129455 27 31
0 12 0
15.4726199870553 39 109
0 12 0
0.544981382394939 16 6
25.1183286579372 49 137
12.1269277625 34 92
3.84768015746978 22 45
7.75149570877198 27 61
0 12 0
8.81360207445242 30 76
0 12 0
10.5894593334264 32 91
6.30936469164689 23 55
9.56810671442275 31 81
6.30936469164689 23 55
6.46144930165106 29 66
15.7995997036463 39 92
13.6104183243158 36 67
0 12 0
0 12 0
20.0947944644911 44 119
6.30936469164689 23 55
32.9510937502093 54 155
6.30936469164689 23 55
1.02363174006937 18 15
12.8187628293754 33 100
6.30936469164689 23 55
3.84768015746978 22 45
13.381168299765 33 41
6.30936469164689 23 55
33.4422456602299 57 185
0 12 0
6.30936469164689 23 55
0 12 0
35.14450112732 55 140
4.97415238676283 27 39
1.87439017312018 20 28
11.1147694176578 34 82
8.81360207445242 30 76
24.8447503730099 43 90
11.0709557164732 30 34
7.7373365545341 29 50
5.20218890597907 25 36
4.57029217238472 26 43
3.84768015746978 22 45
23.7239045490795 48 151
0 12 0
0 12 0
0 12 0
46.7162819682246 67 206
26.398235872998 50 164
5.20218890597907 25 36
4.2305142447301 26 46
0.755448972273232 17 10
16.3678790134421 39 70
18.1436468684798 41 101
2.87044426463955 22 21
8.35965921056653 29 70
6.30936469164689 23 55
11.7264991632698 35 87
0 12 0
1.02363174006937 18 15
18.3521963957354 37 75
0 12 0
12.8187628293754 33 100
1.02363174006937 18 15
1.87439017312018 20 28
6.46144930165106 29 66
5.26480090583239 27 43
5.41026994925479 27 55
13.4284132161674 38 78
10.8948068591216 33 64
0 12 0
39.5522371703106 59 168
0 12 0
26.398235872998 50 164
0 12 0
0 12 0
0 12 0
0.231949519448368 14 1
2.61528754293362 21 36
0 12 0
19.79536031566 45 107
6.30936469164689 23 55
19.5188923284998 42 136
0 12 0
0 12 0
12.8187628293754 33 100
19.6688440127952 44 127
6.30936469164689 23 55
0 12 0
0 12 0
6.1252104636563 24 19
1.37900147270464 19 21
12.6018629117634 37 94
6.30936469164689 23 55
12.8939557592169 36 85
6.30936469164689 23 55
16.5230658438053 40 121
12.8187628293754 33 100
20.8245501809072 43 100
0 12 0
3.84768015746978 22 45
2.61528754293362 21 36
0 12 0
6.30936469164689 23 55
0 12 0
0 12 0
20.4824208112568 45 119
12.8939557592169 36 85
2.61528754293362 21 36
0 12 0
7.75149570877198 27 61
13.381168299765 33 41
19.5188923284998 42 136
0 12 0
1.54993858181743 18 7
13.8221154135932 34 72
8.95995562072369 31 45
1.54993858181743 18 7
33.4422456602299 57 185
1.78601129975244 17 4
0 12 0
38.2185519404216 61 189
6.30936469164689 23 55
10.1981817962746 31 68
1.37900147270464 19 21
0 12 0
9.4813793699779 31 83
7.4958567039435 30 73
18.4242602191281 41 113
16.4939726060589 40 119
9.62472987097244 28 59
0 12 0
6.30936469164689 23 55
0 12 0
12.8187628293754 33 100
0 12 0
0 12 0
19.5188923284998 42 136
11.6447008738933 35 89
0 12 0
8.81360207445242 30 76
0 12 0
25.4406542249132 49 139
6.30936469164689 23 55
23.303773615643 47 120
3.84768015746978 22 45
1.87439017312018 20 28
6.30936469164689 23 55
0 12 0
20.6551538147863 44 125
0.755448972273232 17 10
17.854288970501 42 110
0.544981382394939 16 6
10.5894593334264 32 91
15.4726199870553 39 109
0 12 0
15.9419953104893 41 102
20.4824208112568 45 119
1.87439017312018 20 28
19.8178209064649 43 129
2.57129120082109 19 9
16.5164303027807 40 85
0 12 0
6.30936469164689 23 55
7.6275100378954 29 54
9.56810671442275 31 81
0 12 0
18.2802394221969 42 100
12.8187628293754 33 100
2.87044426463955 22 21
2.37994370259483 22 24
17.5153252250626 41 128
6.30936469164689 23 55
20.6240490803671 41 89
6.30936469164689 23 55
21.8115441403248 45 103
15.4726199870553 39 109
3.38445086521304 21 16
0 12 0
0 12 0
1.78601129975244 17 4
9.17706100282688 30 46
1.87439017312018 20 28
2.04471860139162 21 22
6.30936469164689 23 55
6.30936469164689 23 55
0 12 0
0 12 0
0.231949519448368 14 1
9.4813793699779 31 83
31.3788103506661 54 156
6.30936469164689 23 55
6.30936469164689 23 55
0 12 0
0 12 0
3.84768015746978 22 45
0 12 0
6.30936469164689 23 55
12.3345313074143 34 80
0 12 0
13.4063138054281 36 91
0 12 0
0 12 0
8.81360207445242 30 76
12.3345313074143 34 80
0 12 0
40.6321018959472 63 200
11.3827416674182 32 71
19.5769035665557 44 125
26.398235872998 50 164
12.8187628293754 33 100
13.2971013423211 32 65
0.231949519448368 14 1
2.61528754293362 21 36
17.5153252250626 41 128
0 12 0
15.4726199870553 39 109
24.6116858415921 49 157
18.6334322169288 42 118
19.5188923284998 42 136
17.2709273614934 42 106
0 12 0
6.30936469164689 23 55
4.80891920063141 27 51
7.10883899797791 30 61
6.30936469164689 23 55
0 12 0
24.3574097462174 47 128
14.7085108015111 38 104
0 12 0
7.51837242958476 26 58
13.2971013423211 32 65
16.4939726060589 40 119
6.30936469164689 23 55
21.5476279845812 46 130
6.30936469164689 23 55
21.5476279845812 46 130
6.30936469164689 23 55
6.30936469164689 23 55
0 12 0
9.4813793699779 31 83
0 12 0
0 12 0
8.93005649876218 26 20
6.30936469164689 23 55
4.24965824510977 23 25
8.35965921056653 29 70
12.8187628293754 33 100
12.8007627945895 33 69
1.37900147270464 19 21
1.02363174006937 18 15
6.3020951281459 27 49
10.5894593334264 32 91
5.5985977837758 27 37
0 12 0
18.8892610222313 44 117
31.1596909821848 51 146
15.7317907176438 40 103
13.6232155307671 38 102
3.84768015746978 22 45
12.8187628293754 33 100
2.61528754293362 21 36
13.8221154135932 34 72
7.3023870645639 25 56
19.0854824037876 44 119
7.31863888529261 30 52
14.3073702283281 37 85
0 12 0
19.3685181460797 41 95
1.87439017312018 20 28
6.30936469164689 23 55
21.9093495067853 46 136
0 12 0
0 12 0
0 12 0
3.38445086521304 21 16
6.30936469164689 23 55
6.30936469164689 23 55
15.2489853775898 37 63
32.1720127739567 55 148
5.8360890889876 28 60
8.35965921056653 29 70
12.8187628293754 33 100
1.02363174006937 18 15
9.56810671442275 31 81
6.30936469164689 23 55
13.7217352538024 38 106
16.5164303027807 40 85
7.61022935129455 27 31
6.30936469164689 23 55
0.374366838062868 15 3
45.0515640498639 62 159
38.2185519404216 61 189
13.6232155307671 38 102
24.9137926047798 47 100
3.84768015746978 22 45
0 12 0
17.6641461858801 38 104
6.30936469164689 23 55
6.30936469164689 23 55
17.5946277297168 39 107
0 12 0
6.30936469164689 23 55
14.7085108015111 38 104
6.30936469164689 23 55
0 12 0
20.6240490803671 41 89
0 12 0
23.5903332225885 48 149
0 12 0
0 12 0
10.1868005404769 34 72
0 12 0
0.374366838062868 15 3
0 12 0
1.87439017312018 20 28
0 12 0
12.8939557592169 36 85
6.30936469164689 23 55
13.4284132161674 38 84
0 12 0
1.37900147270464 19 21
12.8187628293754 33 100
16.5164303027807 40 85
12.8939557592169 36 85
0 12 0
1.54993858181743 18 7
31.1596909821848 51 146
12.8059703837872 34 74
12.1269277625 34 92
30.8396367051829 55 172
6.30936469164689 23 55
26.398235872998 50 164
26.6105581332554 51 146
0 12 0
1.02363174006937 18 15
0 12 0
23.7815193849546 45 119
6.30936469164689 23 55
9.56810671442275 31 81
6.30936469164689 23 55
0 12 0
11.1147694176578 34 82
12.8187628293754 33 100
12.4213749730227 35 94
6.30936469164689 23 55
12.8187628293754 33 100
21.9093495067853 46 136
12.1269277625 34 92
0 12 0
23.626099182619 47 122
6.30936469164689 23 55
0 12 0
0 12 0
7.66682432768369 29 64
1.02363174006937 18 15
12.8187628293754 33 100
1.02363174006937 18 15
29.247525483529 53 161
3.84768015746978 22 45
6.30936469164689 23 55
9.62472987097244 28 59
24.8640220005853 45 101
1.37900147270464 19 21
6.30936469164689 23 55
28.1347136091268 52 160
13.2776101637882 34 52
21.4892185733487 45 101
0 12 0
0.755448972273232 17 10
2.18380655536673 20 13
3.64574061919771 24 31
7.66682432768369 29 64
1.87439017312018 20 28
9.56810671442275 31 81
27.7755788481719 52 145
6.30936469164689 23 55
12.8187628293754 33 100
9.56810671442275 31 81
3.84768015746978 22 45
0 12 0
0.231949519448368 14 1
6.30936469164689 23 55
10.5894593334264 32 91
1.87439017312018 20 28
0 12 0
0 12 0
6.42566948015101 26 28
6.30936469164689 23 55
12.8187628293754 33 100
0 12 0
0 12 0
0 12 0
18.9756364790269 42 100
0 12 0
3.84768015746978 22 45
0 12 0
7.4958567039435 30 73
11.6447008738933 35 89
0 12 0
0 12 0
36.9444797047259 56 138
10.5894593334264 32 91
6.30936469164689 23 55
7.61022935129455 27 31
7.66682432768369 29 64
0 12 0
3.84768015746978 22 45
16.4939726060589 40 119
0 12 0
7.7373365545341 29 50
15.9178207517346 39 115
0 12 0
7.75149570877198 27 61
12.8187628293754 33 100
6.30936469164689 23 55
0 12 0
17.5153252250626 41 128
2.61528754293362 21 36
0 12 0
0 12 0
0 12 0
1.78601129975244 17 4
6.30936469164689 23 55
0 12 0
0 12 0
23.626099182619 47 130
0 12 0
40.4082198810175 59 174
0 12 0
0 12 0
0 12 0
16.8209523226499 40 97
0.755448972273232 17 10
11.0709557164732 30 34
13.6232155307671 38 102
20.6551538147863 44 125
10.5894593334264 32 91
6.30936469164689 23 55
4.24965824510977 23 25
0 12 0
0 12 0
2.57129120082109 19 9
23.5903332225885 48 149
1.37900147270464 19 21
15.2667899145406 37 83
0 12 0
19.5188923284998 42 136
30.5321490695877 54 170
3.84768015746978 22 45
35.1544940834106 58 165
0 12 0
4.67764864220876 21 10
2.61528754293362 21 36
0 12 0
0 12 0
10.1868005404769 34 72
6.30936469164689 23 55
6.30936469164689 23 55
3.84768015746978 22 45
0 12 0
0 12 0
6.30936469164689 23 55
1.87439017312018 20 28
8.35965921056653 29 70
0 12 0
0.544981382394939 16 6
12.8939557592169 36 85
6.30936469164689 23 55
0 12 0
6.30936469164689 23 55
19.5188923284998 42 136
1.37900147270464 19 21
0 12 0
0 12 0
6.30936469164689 23 55
8.93005649876218 26 20
14.7085108015111 38 104
3.84768015746978 22 45
0 12 0
9.56810671442275 31 81
6.30936469164689 23 55
13.2279011151847 34 48
0 12 0
32.8710398259843 56 151
0 12 0
19.3324592689565 43 121
6.30936469164689 23 55
0 12 0
18.6715662420674 40 75
20.4861212843616 42 80
0 12 0
23.8038603566464 47 110
30.5321490695877 54 170
49.1369745258786 66 183
4.62102548565907 24 46
0.544981382394939 16 6
0 12 0
14.6445681497707 39 112
0 12 0
2.61528754293362 21 36
15.6196697435133 41 100
21.5476279845812 46 130
6.30936469164689 23 55
18.1436468684798 41 116
6.30936469164689 23 55
26.398235872998 50 164
0 12 0
11.2915326068972 36 77
11.1055751434963 33 82
0 12 0
6.30936469164689 23 55
34.108572043428 53 117
1.37900147270464 19 21
10.4521850960419 33 54
6.30936469164689 23 55
0 12 0
18.4245586188505 44 122
9.56810671442275 31 81
41.8376690689194 62 183
0 12 0
0 12 0
0 12 0
6.30936469164689 23 55
27.954236319235 52 157
0 12 0
19.5188923284998 42 136
12.8939557592169 36 85
4.2305142447301 26 46
10.8948068591216 33 64
15.4920016120018 38 110
0 12 0
3.84768015746978 22 45
0 12 0
7.3023870645639 25 56
8.5455222455405 32 61
21.1281876417949 46 138
2.57129120082109 19 9
3.84768015746978 22 45
37.9741076428223 60 188
19.5188923284998 42 136
4.2305142447301 26 46
6.30936469164689 23 55
0 12 0
2.57129120082109 19 9
10.2842954001887 32 73
0 12 0
15.6321399221733 38 74
0 12 0
0 12 0
9.56810671442275 31 81
14.7085108015111 38 104
0 12 0
0 12 0
9.56810671442275 31 81
6.30936469164689 23 55
3.84768015746978 22 45
0 12 0
15.1552539835418 37 106
1.87439017312018 20 28
19.3324592689565 43 121
0.755448972273232 17 10
0.544981382394939 16 6
6.30936469164689 23 55
34.8784838032327 57 167
1.02363174006937 18 15
0 12 0
18.7964682874612 42 120
6.30936469164689 23 55
14.3094453763434 37 70
1.87439017312018 20 28
7.31863888529261 30 52
17.5361349131963 40 79
0 12 0
7.18540266866499 31 57
0 12 0
0 12 0
12.8187628293754 33 100
10.8858275925046 35 81
10.5894593334264 32 91
12.8187628293754 33 100
33.6643397561077 56 165
15.1552539835418 37 106
12.3345313074143 34 80
5.8360890889876 28 60
9.4813793699779 31 83
6.30936469164689 23 55
30.0964599941295 53 167
0 12 0
21.5756067328743 42 80
0.544981382394939 16 6
30.5321490695877 54 170
0 12 0
14.8593001507742 36 103
22.1484245642125 46 117
0 12 0
0 12 0
3.84768015746978 22 45
0 12 0
6.30936469164689 23 55
0 12 0
7.6275100378954 29 54
1.37900147270464 19 21
10.5894593334264 32 91
11.4735377150455 34 60
6.30936469164689 23 55
6.46144930165106 29 66
0.231949519448368 14 1
24.6116858415921 49 157
0 12 0
24.6116858415921 49 157
0 12 0
12.8187628293754 33 100
12.8187628293754 33 100
0 12 0
6.30936469164689 23 55
6.30936469164689 23 55
12.8187628293754 33 100
5.76242224962341 28 57
5.8360890889876 28 60
0 12 0
6.30936469164689 23 55
0.755448972273232 17 10
24.6116858415921 49 157
5.20218890597907 25 36
0 12 0
6.30936469164689 23 55
26.398235872998 50 164
15.4726199870553 39 109
6.30936469164689 23 55
0 12 0
0 12 0
15.6038079119516 40 87
6.30936469164689 23 55
0 12 0
16.4939726060589 40 119
6.30936469164689 23 55
11.5529677940527 35 77
0 12 0
6.30936469164689 23 55
0 12 0
2.1714172126119 21 18
1.87439017312018 20 28
0 12 0
35.707044994115 58 180
0 12 0
0 12 0
0 12 0
0 12 0
10.5894593334264 32 91
10.5894593334264 32 91
9.4813793699779 31 83
33.3299460850258 53 129
0.231949519448368 14 1
8.35965921056653 29 70
19.5188923284998 42 136
3.29977948412475 23 37
11.7264991632698 35 87
6.30936469164689 23 55
6.30936469164689 23 55
0.544981382394939 16 6
19.910613641235 45 127
31.9297411312056 53 153
0 12 0
3.84768015746978 22 45
14.5718110997361 35 101
18.8892610222313 44 117
4.57029217238472 26 43
6.30936469164689 23 55
11.1055751434963 33 82
14.8593001507742 36 103
30.828334587977 54 143
16.4939726060589 40 119
26.398235872998 50 164
23.3360571272138 46 124
0 12 0
12.8187628293754 33 100
0 12 0
4.24965824510977 23 25
9.56810671442275 31 81
3.84768015746978 22 45
0 12 0
14.7085108015111 38 104
18.1436468684798 41 101
0 12 0
16.8000505051788 41 95
0 12 0
2.61528754293362 21 36
1.54993858181743 18 7
2.61528754293362 21 36
22.5689806035848 47 140
0 12 0
27.4329704412348 51 146
13.7217352538024 38 106
19.5925507729631 42 116
0.755448972273232 17 10
0 12 0
35.5583961979437 58 177
6.3020951281459 27 49
0 12 0
13.4063138054281 36 91
1.87439017312018 20 28
0 12 0
18.1436468684798 41 116
26.398235872998 50 164
7.75149570877198 27 61
0 12 0
24.3952202922861 44 81
6.30936469164689 23 55
0 12 0
0.544981382394939 16 6
12.8187628293754 33 100
8.5455222455405 32 61
15.9178207517346 39 115
24.2147655527522 46 91
0.544981382394939 16 6
0 12 0
0.544981382394939 16 6
2.61528754293362 21 36
9.56810671442275 31 81
0 12 0
7.66682432768369 29 64
14.5718110997361 35 101
12.3345313074143 34 80
2.1714172126119 21 18
6.30936469164689 23 55
0 12 0
10.5894593334264 32 91
22.9960029055787 48 128
12.8187628293754 33 100
0 12 0
5.20218890597907 25 36
35.3852059884044 53 135
3.84768015746978 22 45
6.30936469164689 23 55
0.544981382394939 16 6
0 12 0
0 12 0
2.52958281202227 22 29
23.1934129337485 45 89
6.30936469164689 23 55
9.4813793699779 31 83
45.0515640498639 62 159
0 12 0
0 12 0
1.02363174006937 18 15
26.398235872998 50 164
12.8187628293754 33 100
0 12 0
0 12 0
12.8187628293754 33 100
1.87439017312018 20 28
0 12 0
0 12 0
0 12 0
12.8187628293754 33 100
6.30936469164689 23 55
13.805114701219 39 89
44.0302114308603 61 163
21.5476279845812 46 130
12.8187628293754 33 100
9.4813793699779 31 83
9.4813793699779 31 83
0 12 0
0.544981382394939 16 6
20.4291605897673 45 131
26.398235872998 50 164
7.66682432768369 29 64
9.56810671442275 31 81
0 12 0
0 12 0
12.8187628293754 33 100
18.6146055474731 43 114
0 12 0
1.37900147270464 19 21
5.76242224962341 28 57
1.02363174006937 18 15
2.61528754293362 21 36
1.87439017312018 20 28
0 12 0
2.61528754293362 21 36
12.8187628293754 33 100
4.57029217238472 26 43
1.37900147270464 19 21
6.30936469164689 23 55
0.755448972273232 17 10
0 12 0
9.4813793699779 31 83
6.30936469164689 23 55
15.4726199870553 39 109
0 12 0
6.30936469164689 23 55
3.84768015746978 22 45
0 12 0
1.02363174006937 18 15
0 12 0
5.59815749108626 28 41
7.51837242958476 26 58
1.78601129975244 17 4
1.87439017312018 20 28
2.61528754293362 21 36
18.6159803487205 40 109
0 12 0
0 12 0
6.30936469164689 23 55
0 12 0
0 12 0
6.30936469164689 23 55
15.1456976298221 36 65
9.4813793699779 31 83
0 12 0
0 12 0
22.3147045082101 45 122
3.84768015746978 22 45
6.30936469164689 23 55
0 12 0
12.8187628293754 33 100
15.6038079119516 40 87
0 12 0
3.84768015746978 22 45
35.707044994115 58 180
21.4892185733487 45 101
12.8187628293754 33 100
12.6018629117634 37 94
1.87439017312018 20 28
20.1068350227913 45 129
0 12 0
9.56810671442275 31 81
18.1436468684798 41 116
0 12 0
3.84768015746978 22 45
7.66682432768369 29 64
0.755448972273232 17 10
13.6232155307671 38 102
6.30936469164689 23 55
19.5188923284998 42 136
0 12 0
19.5188923284998 42 136
12.8939557592169 36 85
6.30936469164689 23 55
8.0221705612334 28 65
0 12 0
9.62472987097244 28 59
12.8187628293754 33 100
25.6184153989406 49 129
6.30936469164689 23 55
12.8187628293754 33 100
3.84768015746978 22 45
4.80891920063141 27 51
6.30936469164689 23 55
0 12 0
0 12 0
19.5188923284998 42 136
20.1057193262052 44 107
2.80576284232763 23 31
6.30936469164689 23 55
13.2776101637882 34 52
26.398235872998 50 164
12.131852890591 36 91
1.02363174006937 18 15
6.30936469164689 23 55
6.30936469164689 23 55
3.84768015746978 22 45
3.38445086521304 21 16
14.9886140065904 38 90
0 12 0
32.6429871371041 55 156
6.30936469164689 23 55
9.47090268821159 29 62
23.2723948117078 48 119
6.30936469164689 23 55
20.5982561855593 45 134
3.38445086521304 21 16
2.87044426463955 22 21
12.8187628293754 33 100
21.9093495067853 46 136
14.7085108015111 38 104
0 12 0
9.37590164668521 32 59
5.8360890889876 28 60
6.30936469164689 23 55
17.5153252250626 41 128
0 12 0
2.61528754293362 21 36
15.1552539835418 37 106
14.1274402681951 39 87
0 12 0
0 12 0
24.5843405448946 48 116
17.6641461858801 38 104
16.3678790134421 39 70
22.5591488058093 46 118
17.5153252250626 41 128
8.0221705612334 28 65
5.41026994925479 27 55
12.8187628293754 33 100
0 12 0
8.81360207445242 30 76
9.56810671442275 31 81
0 12 0
1.37900147270464 19 21
39.4716417099857 60 164
0 12 0
0 12 0
10.5894593334264 32 91
1.02363174006937 18 15
0 12 0
0 12 0
28.8652282563443 51 138
6.30936469164689 23 55
6.73853029993738 27 49
6.30936469164689 23 55
49.1369745258786 66 183
10.5894593334264 32 91
33.4422456602299 57 185
10.8948068591216 33 64
6.30936469164689 23 55
0.231949519448368 14 1
6.1252104636563 24 19
0.231949519448368 14 1
0 12 0
0 12 0
13.6232155307671 38 102
0 12 0
6.30936469164689 23 55
3.84768015746978 22 45
6.30936469164689 23 55
0 12 0
6.30936469164689 23 55
17.5153252250626 41 128
26.6608137815918 50 150
0 12 0
0 12 0
6.30936469164689 23 55
3.84768015746978 22 45
6.30936469164689 23 55
12.8187628293754 33 100
6.30936469164689 23 55
7.3023870645639 25 56
6.30936469164689 23 55
0 12 0
7.3023870645639 25 56
0.374366838062868 15 3
6.3020951281459 27 49
6.30936469164689 23 55
7.4958567039435 30 73
3.84768015746978 22 45
3.84768015746978 22 45
6.30936469164689 23 55
17.2916906155971 39 71
33.4422456602299 57 185
23.7239045490795 48 151
6.30936469164689 23 55
14.3073702283281 37 85
10.9090905611143 36 88
3.84768015746978 22 45
3.84768015746978 22 45
0 12 0
1.02363174006937 18 15
3.84768015746978 22 45
0 12 0
15.4726199870553 39 109
0 12 0
2.37994370259483 22 24
6.30936469164689 23 55
19.5188923284998 42 136
5.76242224962341 28 57
4.83983162965511 25 48
0 12 0
19.1674369301815 43 122
0 12 0
33.4422456602299 57 185
0 12 0
0 12 0
0 12 0
0 12 0
6.30936469164689 23 55
6.30936469164689 23 55
29.4005105257297 54 167
1.87439017312018 20 28
12.8187628293754 33 100
7.66682432768369 29 64
16.4939726060589 40 119
7.88442972069264 32 63
0 12 0
0 12 0
6.30936469164689 23 55
17.7751156684576 41 110
3.84768015746978 22 45
3.84768015746978 22 45
6.30936469164689 23 55
0 12 0
5.76242224962341 28 57
19.5188923284998 42 136
34.1331414644069 57 155
0 12 0
0 12 0
0 12 0
3.84768015746978 22 45
7.66682432768369 29 64
33.4422456602299 57 185
9.56810671442275 31 81
18.5813438423598 39 84
6.30936469164689 23 55
9.4813793699779 31 83
28.6532633712627 53 163
22.5689806035848 47 140
0 12 0
12.1269277625 34 92
0 12 0
0 12 0
4.24965824510977 23 25
12.8187628293754 33 100
10.5894593334264 32 91
6.30936469164689 23 55
0 12 0
6.30936469164689 23 55
0 12 0
0 12 0
6.30936469164689 23 55
19.5188923284998 42 136
0 12 0
13.6104183243158 36 67
9.4813793699779 31 83
18.292279980497 43 116
1.87439017312018 20 28
0 12 0
0 12 0
1.87439017312018 20 28
0.544981382394939 16 6
16.5230658438053 40 121
0.231949519448368 14 1
0.231949519448368 14 1
40.6321018959472 63 200
12.8187628293754 33 100
22.7500210775505 46 142
0 12 0
6.30936469164689 23 55
0 12 0
6.30936469164689 23 55
0 12 0
24.6116858415921 49 157
9.56810671442275 31 81
10.5894593334264 32 91
26.8689166925239 50 149
19.5188923284998 42 136
6.30936469164689 23 55
10.2300910362103 31 55
3.84768015746978 22 45
2.52958281202227 22 29
17.5153252250626 41 128
11.400022354019 34 84
20.1455403873691 44 97
2.61528754293362 21 36
0 12 0
6.30936469164689 23 55
6.46144930165106 29 66
4.57029217238472 26 43
0 12 0
14.5718110997361 35 101
7.66682432768369 29 64
0 12 0
0 12 0
10.5894593334264 32 91
21.1281876417949 46 138
0 12 0
8.0221705612334 28 65
4.2305142447301 26 46
20.4678659543451 44 109
0 12 0
9.4813793699779 31 83
2.61528754293362 21 36
6.30936469164689 23 55
0 12 0
0 12 0
0 12 0
27.0506732140501 49 117
0 12 0
6.30936469164689 23 55
12.8187628293754 33 100
19.5188923284998 42 136
18.2802394221969 42 100
0 12 0
17.5153252250626 41 128
0 12 0
7.61022935129455 27 31
15.4726199870553 39 109
8.35965921056653 29 70
20.6551538147863 44 125
0 12 0
22.3884926648441 45 139
0.544981382394939 16 6
9.56810671442275 31 81
4.62102548565907 24 46
0.231949519448368 14 1
12.8187628293754 33 100
5.41026994925479 27 55
17.8679084032276 43 109
10.072955684728 33 52
0 12 0
6.30936469164689 23 55
38.4502890909821 59 162
19.5188923284998 42 136
6.30936469164689 23 55
0 12 0
0 12 0
22.5689806035848 47 140
20.6240490803671 41 89
6.30936469164689 23 55
17.5153252250626 41 128
2.61528754293362 21 36
11.7264991632698 35 87
1.78601129975244 17 4
12.8187628293754 33 100
6.75447381638813 29 56
6.30936469164689 23 55
12.8187628293754 33 100
0 12 0
0 12 0
37.4746315913597 59 186
0 12 0
10.5894593334264 32 91
0.374366838062868 15 3
0 12 0
0 12 0
0 12 0
16.4939726060589 40 119
0 12 0
0 12 0
20.8245501809072 43 100
6.30936469164689 23 55
15.9178207517346 39 115
4.62102548565907 24 46
12.8187628293754 33 100
0 12 0
0 12 0
1.87439017312018 20 28
21.9533188792423 47 143
0 12 0
0 12 0
3.83503572910242 25 42
0 12 0
22.3884926648441 45 139
3.84768015746978 22 45
0 12 0
0 12 0
10.5894593334264 32 91
6.30936469164689 23 55
7.18540266866499 31 57
6.30936469164689 23 55
26.398235872998 50 164
25.6394611625881 49 141
0.755448972273232 17 10
9.17706100282688 30 46
12.7478517822735 36 97
30.7124562589165 54 152
0 12 0
20.0947944644911 44 119
12.8187628293754 33 100
13.8221154135932 34 72
12.8187628293754 33 100
0.544981382394939 16 6
16.2484590459037 40 76
24.9214634949283 48 137
6.30936469164689 23 55
22.5689806035848 47 140
25.0079679760427 47 112
7.75149570877198 27 61
3.84768015746978 22 45
0 12 0
0 12 0
0 12 0
7.4958567039435 30 73
12.8187628293754 33 100
33.4422456602299 57 185
14.7085108015111 38 104
6.30936469164689 23 55
6.30936469164689 23 55
0 12 0
9.56810671442275 31 81
20.1068350227913 45 129
10.0666143719459 31 40
19.5188923284998 42 136
0 12 0
9.47090268821159 29 62
14.8434680325968 35 74
9.56810671442275 31 81
6.80449952862525 28 37
6.30936469164689 23 55
28.7969314671756 53 155
7.4958567039435 30 73
0 12 0
19.5188923284998 42 136
0 12 0
0 12 0
0 12 0
3.84768015746978 22 45
7.75149570877198 27 61
12.8187628293754 33 100
0.544981382394939 16 6
0 12 0
26.398235872998 50 164
6.30936469164689 23 55
0 12 0
6.30936469164689 23 55
16.4939726060589 40 119
16.8000505051788 41 95
10.5894593334264 32 91
9.83014583159913 33 70
0 12 0
10.4922553072152 30 64
9.56810671442275 31 81
0 12 0
11.3827416674182 32 71
0 12 0
0 12 0
0 12 0
7.4958567039435 30 73
6.30936469164689 23 55
9.56810671442275 31 81
0.231949519448368 14 1
26.398235872998 50 164
6.30936469164689 23 55
0.755448972273232 17 10
26.398235872998 50 164
15.4726199870553 39 109
0 12 0
13.328086297969 39 91
14.6445681497707 39 112
9.4436238294235 32 67
12.8187628293754 33 100
0 12 0
0 12 0
38.2185519404216 61 189
0 12 0
3.84768015746978 22 45
6.30936469164689 23 55
12.3345313074143 34 80
0 12 0
19.5188923284998 42 136
3.84768015746978 22 45
7.4958567039435 30 73
1.73815129880325 20 16
22.5591488058093 46 118
1.78601129975244 17 4
0 12 0
25.5892055142517 50 136
20.5954015063276 43 108
12.8187628293754 33 100
0 12 0
0 12 0
0 12 0
6.30936469164689 23 55
0 12 0
6.30936469164689 23 55
6.30936469164689 23 55
7.75149570877198 27 61
6.30936469164689 23 55
13.1532055095946 37 101
3.84768015746978 22 45
16.0099666255941 39 100
0 12 0
3.84768015746978 22 45
21.5476279845812 46 130
7.66682432768369 29 64
30.8396367051829 55 172
10.2488435008406 32 77
18.6159803487205 40 109
0 12 0
0 12 0
14.9886140065904 38 98
0 12 0
0 12 0
30.828334587977 54 140
0 12 0
6.1252104636563 24 19
14.2276327585861 36 57
3.38445086521304 21 16
1.78601129975244 17 4
0 12 0
54.6016916115767 67 175
0.544981382394939 16 6
12.3345313074143 34 80
0 12 0
0 12 0
11.2581788717177 34 86
0 12 0
6.3020951281459 27 49
16.2643208774653 41 104
0 12 0
12.8187628293754 33 100
6.30936469164689 23 55
3.84768015746978 22 45
0 12 0
1.37900147270464 19 21
15.4726199870553 39 109
9.0282504784659 28 29
6.3020951281459 27 49
0 12 0
3.83503572910242 25 42
6.30936469164689 23 55
0.231949519448368 14 1
6.30936469164689 23 55
26.6105581332554 51 146
0 12 0
3.84768015746978 22 45
6.30936469164689 23 55
12.8187628293754 33 100
6.30936469164689 23 55
2.61528754293362 21 36
3.84768015746978 22 45
6.30936469164689 23 55
0 12 0
0 12 0
6.30936469164689 23 55
19.5188923284998 42 136
20.6240490803671 41 89
9.56810671442275 31 81
6.30936469164689 23 55
0 12 0
0 12 0
27.4329704412348 51 146
0 12 0
0 12 0
0.231949519448368 14 1
20.3338695219183 44 98
0 12 0
0.374366838062868 15 3
4.24965824510977 23 25
0 12 0
3.84768015746978 22 45
3.84768015746978 22 45
0 12 0
6.30936469164689 23 55
0 12 0
11.0709557164732 30 34
30.8396367051829 55 172
12.8187628293754 33 100
47.0942692878713 64 182
9.56810671442275 31 81
0.755448972273232 17 10
12.8187628293754 33 100
11.463055121494 32 47
22.124708711859 42 110
35.1544940834106 58 165
0 12 0
17.3488086308702 41 107
28.0022206775973 47 120
0 12 0
23.7239045490795 48 151
3.84768015746978 22 45
0 12 0
6.30936469164689 23 55
19.5188923284998 42 136
0 12 0
21.1281876417949 46 138
7.75149570877198 27 61
8.46853445795561 31 50
13.2880927573398 36 65
0 12 0
3.84768015746978 22 45
0 12 0
3.84768015746978 22 45
0 12 0
0 12 0
17.6319582930472 41 83
4.67764864220876 21 10
7.66682432768369 29 64
0.755448972273232 17 10
12.3345313074143 34 80
16.5230658438053 40 121
0 12 0
17.5153252250626 41 128
0 12 0
0 12 0
0 12 0
13.7217352538024 38 106
1.37900147270464 19 21
0 12 0
0 12 0
23.5903332225885 48 149
0 12 0
0 12 0
6.42566948015101 26 28
14.7085108015111 38 104
19.5188923284998 42 136
10.5894593334264 32 91
0 12 0
0 12 0
3.98111926670613 23 19
12.8187628293754 33 100
0 12 0
21.4892185733487 45 101
9.56810671442275 31 81
12.8187628293754 33 100
12.8187628293754 33 100
11.3827416674182 32 71
2.57129120082109 19 9
0 12 0
0 12 0
12.7003826347988 37 96
19.4465133353414 43 88
26.398235872998 50 164
19.5188923284998 42 136
15.0239559713376 37 95
37.7376821280164 57 153
20.9319662602386 46 134
17.0653966202492 41 107
0 12 0
0 12 0
6.30936469164689 23 55
0 12 0
0 12 0
19.8178209064649 43 129
25.6056931638983 49 126
0 12 0
21.8380655536673 47 125
17.5153252250626 41 128
0 12 0
1.54993858181743 18 7
7.66682432768369 29 64
0 12 0
6.30936469164689 23 55
6.30936469164689 23 55
0.374366838062868 15 3
18.8892610222313 44 117
1.87439017312018 20 28
9.64850007919976 30 40
0 12 0
5.76242224962341 28 57
33.4422456602299 57 185
12.245838320865 36 73
13.2971013423211 32 65
12.8187628293754 33 100
0 12 0
14.9886140065904 38 90
19.5188923284998 42 136
3.29977948412475 23 37
18.1460843111779 42 112
19.5188923284998 42 136
2.61528754293362 21 36
16.4939726060589 40 119
6.30936469164689 23 55
1.37900147270464 19 21
31.8609893241866 56 179
10.5894593334264 32 91
3.84768015746978 22 45
17.5153252250626 41 128
1.02363174006937 18 15
10.3600772878347 34 74
8.0221705612334 28 65
2.61528754293362 21 36
0 12 0
3.84768015746978 22 45
29.4182341848991 50 132
3.84768015746978 22 45
9.17706100282688 30 46
35.1544940834106 58 165
1.78601129975244 17 4
6.30936469164689 23 55
7.75149570877198 27 61
6.30936469164689 23 55
3.84768015746978 22 45
32.8710398259843 56 159
22.5689806035848 47 140
6.30936469164689 23 55
3.84768015746978 22 45
0 12 0
1.87439017312018 20 28
3.84768015746978 22 45
6.30936469164689 23 55
3.84768015746978 22 45
0 12 0
0 12 0
0 12 0
0 12 0
3.84768015746978 22 45
0 12 0
7.66682432768369 29 64
30.3621920957914 47 84
24.6116858415921 49 157
6.46144930165106 29 66
0.544981382394939 16 6
0 12 0
0 12 0
0 12 0
12.7478517822735 36 97
6.30936469164689 23 55
15.4726199870553 39 109
3.64574061919771 24 31
12.8059703837872 34 74
12.8187628293754 33 100
0 12 0
22.9976282306681 45 107
3.84768015746978 22 45
15.4726199870553 39 109
6.30936469164689 23 55
2.61528754293362 21 36
25.038708143586 50 140
4.67764864220876 21 10
6.30936469164689 23 55
6.30936469164689 23 55
6.30936469164689 23 55
0 12 0
4.3829642421437 24 22
17.5153252250626 41 128
2.61528754293362 21 36
10.8948068591216 33 64
9.56810671442275 31 81
0 12 0
14.7085108015111 38 104
0.374366838062868 15 3
12.8187628293754 33 100
17.5361349131963 40 79
16.5230658438053 40 121
6.30936469164689 23 55
4.83983162965511 25 48
14.5796840796117 32 35
0 12 0
2.57129120082109 19 9
9.56818662512397 30 66
0 12 0
0.231949519448368 14 1
9.19445145081424 33 58
0 12 0
13.7217352538024 38 106
0 12 0
6.30936469164689 23 55
8.93005649876218 26 20
17.5153252250626 41 128
0 12 0
2.57129120082109 19 9
15.1552539835418 37 106
12.8187628293754 33 100
18.7818449428999 41 93
1.87439017312018 20 28
0 12 0
26.398235872998 50 164
19.5188923284998 42 136
7.4958567039435 30 73
10.5894593334264 32 91
12.8187628293754 33 100
0 12 0
9.4813793699779 31 83
0 12 0
0 12 0
12.8187628293754 33 100
10.2842954001887 32 73
6.30936469164689 23 55
2.61528754293362 21 36
8.35965921056653 29 70
16.4939726060589 40 119
19.5188923284998 42 136
2.57129120082109 19 9
0 12 0
6.30936469164689 23 55
29.8182840861793 54 164
33.4422456602299 57 185
10.5894593334264 32 91
9.04526175294222 30 38
13.0517117311158 37 77
12.8187628293754 33 100
6.30936469164689 23 55
15.4726199870553 39 109
4.80891920063141 27 51
23.3183284725547 48 127
12.8187628293754 33 100
0.755448972273232 17 10
0 12 0
0 12 0
12.6018629117634 37 94
6.3020951281459 27 49
0 12 0
19.5188923284998 42 136
0 12 0
17.854288970501 42 110
2.61528754293362 21 36
12.8187628293754 33 100
6.30936469164689 23 55
3.38445086521304 21 16
1.37900147270464 19 21
0 12 0
8.81360207445242 30 76
48.1156219068749 65 186
6.30936469164689 23 55
18.7518792021979 42 122
0 12 0
1.02363174006937 18 15
18.2802394221969 42 100
0 12 0
19.5188923284998 42 136
13.7217352538024 38 106
10.0666143719459 31 43
6.30936469164689 23 55
30.4395868039028 51 134
6.30936469164689 23 55
0 12 0
0 12 0
3.84768015746978 22 45
10.9090905611143 36 88
12.8939557592169 36 85
16.4939726060589 40 119
1.78601129975244 17 4
0 12 0
8.81360207445242 30 76
0 12 0
8.81360207445242 30 76
0 12 0
25.1183286579372 49 137
0 12 0
12.7003826347988 37 96
3.70058278849453 25 38
0 12 0
13.0227466422694 36 73
12.8187628293754 33 100
16.4939726060589 40 119
13.2880927573398 36 65
4.08250522564899 22 14
6.1252104636563 24 19
12.8187628293754 33 100
7.6275100378954 29 54
0 12 0
53.2223850018932 70 209
4.24965824510977 23 25
0 12 0
6.30936469164689 23 55
6.30936469164689 23 55
10.5894593334264 32 91
0 12 0
2.61528754293362 21 36
9.4436238294235 32 67
12.8187628293754 33 100
9.37590164668521 32 59
0 12 0
6.30936469164689 23 55
35.1544940834106 58 165
31.1596909821848 51 146
19.5925507729631 42 116
3.70058278849453 25 38
0.755448972273232 17 10
6.30936469164689 23 55
0 12 0
0 12 0
9.56810671442275 31 81
14.8434680325968 35 74
27.4329704412348 51 146
7.3023870645639 25 56
5.8360890889876 28 60
6.30936469164689 23 55
19.5188923284998 42 136
6.30936469164689 23 55
12.8187628293754 33 100
22.8035931034086 47 128
0 12 0
48.1156219068749 65 186
0 12 0
0 12 0
25.8972210279826 47 140
0 12 0
0 12 0
6.30936469164689 23 55
17.5153252250626 41 128
19.5188923284998 42 136
0 12 0
4.08250522564899 22 14
37.1971993214179 60 182
10.5894593334264 32 91
2.52958281202227 22 29
18.8892610222313 44 117
7.66682432768369 29 64
0 12 0
16.5230658438053 40 121
1.87439017312018 20 28
7.66682432768369 29 64
12.8187628293754 33 100
0 12 0
0.374366838062868 15 3
14.5718110997361 35 101
6.30936469164689 23 55
0 12 0
6.30936469164689 23 55
6.30936469164689 23 55
16.6410223625169 42 108
0.374366838062868 15 3
0 12 0
26.6270457829019 50 121
0 12 0
12.8939557592169 36 85
36.956450301999 60 185
3.53922907287537 24 39
6.30936469164689 23 55
6.30936469164689 23 55
12.3345313074143 34 80
0 12 0
9.0282504784659 28 29
21.0689944785065 44 110
12.8187628293754 33 100
26.6608137815918 50 150
12.8187628293754 33 100
0.755448972273232 17 10
0 12 0
0 12 0
3.84768015746978 22 45
0 12 0
10.4922553072152 30 64
28.7969314671756 53 155
0 12 0
7.66682432768369 29 64
9.56810671442275 31 81
0 12 0
12.8939557592169 36 85
0 12 0
0 12 0
6.30936469164689 23 55
8.35965921056653 29 70
0 12 0
10.2488435008406 32 77
3.53922907287537 24 39
0 12 0
9.0282504784659 28 29
6.30936469164689 23 55
3.84768015746978 22 45
6.30936469164689 23 55
8.5455222455405 32 61
33.0639287609385 55 162
0 12 0
0.231949519448368 14 1
6.42566948015101 26 28
6.30936469164689 23 55
27.6821664005955 51 158
8.5455222455405 32 61
0 12 0
2.61528754293362 21 36
0 12 0
0.544981382394939 16 6
6.30936469164689 23 55
2.61528754293362 21 36
0 12 0
16.4939726060589 40 119
53.5803389925731 66 165
24.6116858415921 49 157
6.30936469164689 23 55
0 12 0
6.73853029993738 27 49
2.61528754293362 21 36
1.87439017312018 20 28
20.4678659543451 44 95
0 12 0
9.56810671442275 31 81
9.4813793699779 31 83
0 12 0
0 12 0
0 12 0
0.231949519448368 14 1
38.2185519404216 61 189
0 12 0
2.61528754293362 21 36
10.5894593334264 32 91
0 12 0
2.87044426463955 22 21
20.1887895491852 44 131
0 12 0
7.4958567039435 30 73
2.61528754293362 21 36
9.62472987097244 28 59
6.30936469164689 23 55
24.2937474307114 49 127
26.6270457829019 50 121
3.84768015746978 22 45
0 12 0
6.46144930165106 29 66
0 12 0
6.30936469164689 23 55
6.30936469164689 23 55
0 12 0
0.755448972273232 17 10
0.755448972273232 17 10
4.24965824510977 23 25
0 12 0
2.61528754293362 21 36
0 12 0
0 12 0
6.30936469164689 23 55
3.84768015746978 22 45
3.29977948412475 23 37
6.30936469164689 23 55
15.6038079119516 40 87
6.30936469164689 23 55
0 12 0
4.67764864220876 21 10
0.374366838062868 15 3
0 12 0
0 12 0
9.56810671442275 31 81
6.46144930165106 29 66
0 12 0
1.78601129975244 17 4
12.6018629117634 37 94
22.5689806035848 47 140
6.30936469164689 23 55
3.84768015746978 22 45
6.30936469164689 23 55
9.17706100282688 30 46
3.84768015746978 22 45
0 12 0
0 12 0
9.56810671442275 31 81
1.87439017312018 20 28
6.30936469164689 23 55
0 12 0
0 12 0
1.87439017312018 20 28
12.8187628293754 33 100
0 12 0
0.755448972273232 17 10
6.3020951281459 27 49
0 12 0
0 12 0
0 12 0
6.30936469164689 23 55
12.8187628293754 33 100
3.84768015746978 22 45
32.8710398259843 56 151
0.231949519448368 14 1
0 12 0
0 12 0
0.544981382394939 16 6
0 12 0
13.6232155307671 38 102
23.8038603566464 47 110
3.38445086521304 21 16
6.30936469164689 23 55
7.51837242958476 26 58
17.6641461858801 38 104
19.5188923284998 42 136
15.7378739727882 39 83
6.30936469164689 23 55
10.5894593334264 32 91
0 12 0
0 12 0
0 12 0
2.61528754293362 21 36
0 12 0
16.4939726060589 40 119
0 12 0
15.4238735377723 35 50
28.7969314671756 53 155
6.30936469164689 23 55
1.78601129975244 17 4
0 12 0
0 12 0
16.5230658438053 40 121
3.84768015746978 22 45
9.98130823972735 32 47
0 12 0
19.5188923284998 42 136
0 12 0
12.8187628293754 33 100
0 12 0
4.57029217238472 26 43
0.374366838062868 15 3
19.5188923284998 42 136
1.78601129975244 17 4
1.87439017312018 20 28
0 12 0
7.66682432768369 29 64
3.38445086521304 21 16
2.57129120082109 19 9
7.51837242958476 26 58
3.84768015746978 22 45
6.30936469164689 23 55
8.35965921056653 29 70
7.66682432768369 29 64
9.4813793699779 31 83
0.544981382394939 16 6
6.30936469164689 23 55
17.5153252250626 41 128
8.35965921056653 29 70
6.30936469164689 23 55
2.61528754293362 21 36
6.30936469164689 23 55
6.30936469164689 23 55
26.398235872998 50 164
15.4726199870553 39 109
1.87439017312018 20 28
12.4213749730227 35 94
3.17065133225895 24 34
0 12 0
0.231949519448368 14 1
0 12 0
10.5894593334264 32 91
0 12 0
0 12 0
6.30936469164689 23 55
0 12 0
11.1055751434963 33 82
3.84768015746978 22 45
16.3818533808432 42 104
0 12 0
26.398235872998 50 164
19.5188923284998 42 136
6.30936469164689 23 55
0 12 0
19.910613641235 45 127
2.61528754293362 21 36
25.8057085917616 47 104
0 12 0
35.9231270857222 55 136
0.231949519448368 14 1
19.4610681922532 44 103
0 12 0
2.61528754293362 21 36
0.231949519448368 14 1
5.09363744138759 26 51
6.80449952862525 28 37
10.5894593334264 32 91
14.6445681497707 39 112
3.64574061919771 24 31
0 12 0
12.1269277625 34 92
15.6321399221733 38 74
10.9359984853874 33 84
6.30936469164689 23 55
6.30936469164689 23 55
25.1183286579372 49 137
26.7360185372225 50 152
23.5033434770043 46 132
0 12 0
0 12 0
1.78601129975244 17 4
0 12 0
12.8187628293754 33 100
15.4726199870553 39 109
3.84768015746978 22 45
6.73853029993738 27 49
12.8187628293754 33 100
7.7373365545341 29 50
3.84768015746978 22 45
0 12 0
6.30936469164689 23 55
0 12 0
1.02363174006937 18 15
0 12 0
7.10883899797791 30 61
2.80576284232763 23 31
6.30936469164689 23 55
12.8939557592169 36 85
10.5894593334264 32 91
19.5188923284998 42 136
14.8716121666411 39 94
1.37900147270464 19 21
0 12 0
19.5925507729631 42 116
27.5215500703646 50 126
2.61528754293362 21 36
8.81360207445242 30 76
13.2971013423211 32 65
3.84768015746978 22 45
6.3020951281459 27 49
6.30936469164689 23 55
0 12 0
0 12 0
17.854288970501 42 110
0.374366838062868 15 3
18.3521963957354 37 75
7.4958567039435 30 73
14.9886140065904 38 90
0 12 0
5.09363744138759 26 51
22.3884926648441 45 139
0 12 0
0 12 0
6.1252104636563 24 19
6.3020951281459 27 49
40.6321018959472 63 200
54.6016916115767 67 175
14.8716121666411 39 94
6.30936469164689 23 55
24.2937474307114 49 127
13.0227466422694 36 73
8.81360207445242 30 76
0 12 0
25.8173557099648 50 144
2.61528754293362 21 36
12.8187628293754 33 100
8.60326247135125 31 55
3.84768015746978 22 45
10.9090905611143 36 88
0 12 0
32.4001629696698 55 164
10.4922553072152 30 64
7.66682432768369 29 64
29.7008360004374 49 101
1.78601129975244 17 4
6.30936469164689 23 55
2.37994370259483 22 24
0 12 0
0 12 0
0 12 0
40.4929943289894 61 173
7.4958567039435 30 73
1.54993858181743 18 7
0 12 0
12.8187628293754 33 100
0 12 0
3.17065133225895 24 34
15.1160564642403 40 97
5.76242224962341 28 57
7.51837242958476 26 58
16.4939726060589 40 119
0.231949519448368 14 1
9.4813793699779 31 83
0 12 0
10.2488435008406 32 77
0 12 0
0.755448972273232 17 10
22.031191029439 44 137
8.81360207445242 30 76
10.5894593334264 32 91
16.4939726060589 40 119
6.3020951281459 27 49
0 12 0
7.66682432768369 29 64
7.3023870645639 25 56
6.1252104636563 24 19
2.57129120082109 19 9
15.9178207517346 39 115
5.79567430900034 25 26
5.40431686114736 25 24
12.8187628293754 33 100
0 12 0
8.0221705612334 28 65
0.231949519448368 14 1
9.4813793699779 31 83
12.8187628293754 33 100
12.8939557592169 36 85
26.398235872998 50 164
15.1552539835418 37 106
2.61528754293362 21 36
6.30936469164689 23 55
12.8187628293754 33 100
6.30936469164689 23 55
23.5903332225885 48 149
9.4813793699779 31 83
21.9093495067853 46 136
0 12 0
6.30936469164689 23 55
2.57129120082109 19 9
18.8892610222313 44 117
3.84768015746978 22 45
12.8187628293754 33 100
26.2060870809869 49 147
6.30936469164689 23 55
6.30936469164689 23 55
4.24965824510977 23 25
0 12 0
0 12 0
15.7995997036463 39 92
12.8187628293754 33 100
5.8360890889876 28 60
3.38445086521304 21 16
4.08250522564899 22 14
6.30936469164689 23 55
0 12 0
19.3324592689565 43 121
6.30936469164689 23 55
2.18380655536673 20 13
10.5894593334264 32 91
1.87439017312018 20 28
12.8187628293754 33 100
2.61528754293362 21 36
6.30936469164689 23 55
9.4813793699779 31 83
3.84768015746978 22 45
20.5982561855593 45 134
0 12 0
7.66682432768369 29 64
0 12 0
6.30936469164689 23 55
2.61528754293362 21 36
2.61528754293362 21 36
13.2776101637882 34 52
5.09363744138759 26 51
9.56810671442275 31 81
16.4350804683756 38 86
24.3574097462174 47 128
7.75149570877198 27 61
9.56810671442275 31 81
3.84768015746978 22 45
2.57129120082109 19 9
0.544981382394939 16 6
6.46144930165106 29 66
6.30936469164689 23 55
34.1331414644069 57 155
19.5188923284998 42 136
19.5188923284998 42 136
0 12 0
0 12 0
7.66682432768369 29 64
0 12 0
15.9178207517346 39 115
30.5321490695877 54 170
4.24965824510977 23 25
6.46144930165106 29 66
5.8360890889876 28 60
1.37900147270464 19 21
15.4726199870553 39 109
0 12 0
0 12 0
2.61528754293362 21 36
0.374366838062868 15 3
2.57129120082109 19 9
0.544981382394939 16 6
0 12 0
0 12 0
4.24965824510977 23 25
15.4726199870553 39 109
31.0564847836901 54 154
0 12 0
6.3020951281459 27 49
35.4626006965158 57 173
0 12 0
0 12 0
5.8360890889876 28 60
0 12 0
0 12 0
26.398235872998 50 164
6.30936469164689 23 55
12.8187628293754 33 100
9.4813793699779 31 83
6.30936469164689 23 55
8.81360207445242 30 76
6.30936469164689 23 55
6.30936469164689 23 55
11.1055751434963 33 82
2.61528754293362 21 36
19.5188923284998 42 136
0 12 0
0 12 0
0 12 0
7.66682432768369 29 64
0 12 0
0 12 0
0.544981382394939 16 6
16.8570111997732 38 68
8.60326247135125 31 55
1.87439017312018 20 28
0 12 0
26.8689166925239 50 149
12.8187628293754 33 100
0 12 0
6.30936469164689 23 55
0 12 0
8.0221705612334 28 65
14.2251788859126 38 94
14.5796840796117 32 35
13.4063138054281 36 91
0 12 0
26.3364526687187 51 144
18.7808464640333 41 89
0 12 0
6.30936469164689 23 55
4.57986624994665 25 32
0 12 0
0.231949519448368 14 1
16.5230658438053 40 121
10.6216116763888 33 79
6.30936469164689 23 55
6.46144930165106 29 66
24.6116858415921 49 157
0.231949519448368 14 1
11.2581788717177 34 86
6.30936469164689 23 55
6.46144930165106 29 66
12.8939557592169 36 85
0 12 0
0 12 0
0 12 0
0 12 0
15.1552539835418 37 106
10.1981817962746 31 68
0 12 0
7.3023870645639 25 56
0.755448972273232 17 10
14.6445681497707 39 112
2.86115225757343 23 27
6.30936469164689 23 55
2.61528754293362 21 36
0.374366838062868 15 3
3.84768015746978 22 45
1.37900147270464 19 21
9.56810671442275 31 81
0.755448972273232 17 10
16.8000505051788 41 95
19.910613641235 45 127
0 12 0
9.05160306572435 32 50
12.8187628293754 33 100
16.4350804683756 38 86
17.7751156684576 41 110
12.8187628293754 33 100
4.67764864220876 21 10
7.4958567039435 30 73
0 12 0
5.20218890597907 25 36
21.8800250923862 44 119
3.29977948412475 23 37
3.84768015746978 22 45
6.30936469164689 23 55
9.56810671442275 31 81
26.398235872998 50 164
6.30936469164689 23 55
0 12 0
6.3020951281459 27 49
0 12 0
10.2488435008406 32 77
0 12 0
4.08250522564899 22 14
20.362043464879 41 71
4.62102548565907 24 46
6.30936469164689 23 55
6.30936469164689 23 55
1.56989582291882 19 11
6.80449952862525 28 37
30.0964599941295 53 167
0 12 0
0 12 0
9.17706100282688 30 46
15.1552539835418 37 106
0 12 0
1.87439017312018 20 28
25.361033710562 50 146
6.30936469164689 23 55
0 12 0
23.7239045490795 48 151
6.46144930165106 29 66
3.84768015746978 22 45
8.0221705612334 28 65
0 12 0
10.5894593334264 32 91
0.374366838062868 15 3
4.80891920063141 27 51
6.30936469164689 23 55
3.84768015746978 22 45
0 12 0
0.231949519448368 14 1
4.24965824510977 23 25
12.1269277625 34 92
25.3151000497151 50 134
7.61022935129455 27 31
15.1227691176094 38 86
4.15404711021384 24 25
0.374366838062868 15 3
0 12 0
2.86115225757343 23 27
0 12 0
3.84768015746978 22 45
0 12 0
5.59815749108626 28 41
0 12 0
3.84768015746978 22 45
8.63763005374768 31 47
0.374366838062868 15 3
0 12 0
2.61528754293362 21 36
4.83983162965511 25 48
0 12 0
12.8187628293754 33 100
1.87439017312018 20 28
5.8360890889876 28 60
9.56810671442275 31 81
13.4063138054281 36 91
19.5188923284998 42 136
2.86115225757343 23 27
0 12 0
6.30936469164689 23 55
0 12 0
3.84768015746978 22 45
12.8939557592169 36 85
0 12 0
0 12 0
12.8187628293754 33 100
0 12 0
0 12 0
7.51837242958476 26 58
0 12 0
21.3311624352751 41 69
0 12 0
26.398235872998 50 164
6.30936469164689 23 55
0 12 0
15.6321399221733 38 74
0 12 0
9.56810671442275 31 81
5.20218890597907 25 36
2.61528754293362 21 36
0 12 0
21.5476279845812 46 130
9.56810671442275 31 81
9.56810671442275 31 81
6.30936469164689 23 55
6.30936469164689 23 55
6.30936469164689 23 55
0.755448972273232 17 10
0.231949519448368 14 1
0 12 0
0 12 0
8.56902885868234 31 61
6.30936469164689 23 55
9.64850007919976 30 40
10.5894593334264 32 91
6.30936469164689 23 55
12.8187628293754 33 100
51.7104456766781 68 204
0 12 0
8.0221705612334 28 65
2.86115225757343 23 27
0 12 0
0 12 0
16.4939726060589 40 119
0 12 0
0 12 0
6.30936469164689 23 55
19.5188923284998 42 136
10.2842954001887 32 73
0 12 0
13.6104183243158 36 67
13.4063138054281 36 91
6.30936469164689 23 55
13.0227082017748 37 98
0 12 0
21.8459027999109 44 104
3.98111926670613 23 19
12.8187628293754 33 100
6.30936469164689 23 55
0 12 0
20.8047463782328 45 115
12.8187628293754 33 100
0 12 0
0 12 0
16.5230658438053 40 121
1.78601129975244 17 4
0 12 0
0.374366838062868 15 3
6.30936469164689 23 55
18.4242602191281 41 113
27.3578052877224 52 150
3.84768015746978 22 45
7.3023870645639 25 56
21.2923534103399 44 101
0 12 0
0 12 0
0 12 0
0 12 0
18.3521963957354 37 75
7.12682509560126 28 39
0 12 0
48.0813355920897 64 184
2.04471860139162 21 22
6.30936469164689 23 55
21.7388141469473 43 114
11.3827416674182 32 71
13.2240846765333 35 77
12.6290592459413 38 86
16.2643208774653 41 104
0 12 0
11.3827416674182 32 71
16.4939726060589 40 119
0 12 0
18.4242602191281 41 113
14.3094453763434 37 70
1.02363174006937 18 15
3.84768015746978 22 45
0 12 0
0 12 0
6.30936469164689 23 55
16.9373241599037 40 105
0 12 0
5.8360890889876 28 60
6.30936469164689 23 55
30.8396367051829 55 172
0.755448972273232 17 10
0.755448972273232 17 10
0.231949519448368 14 1
0 12 0
19.5188923284998 42 136
0 12 0
6.30936469164689 23 55
16.4939726060589 40 119
1.87439017312018 20 28
0 12 0
0 12 0
20.1887895491852 44 131
8.35965921056653 29 70
5.76242224962341 28 57
17.7779957306689 40 111
1.02363174006937 18 15
1.37900147270464 19 21
9.4813793699779 31 83
17.5153252250626 41 128
0 12 0
25.038708143586 50 140
7.66682432768369 29 64
12.8187628293754 33 100
6.30936469164689 23 55
3.84768015746978 22 45
8.58345677272028 33 72
3.84768015746978 22 45
0.544981382394939 16 6
17.5153252250626 41 128
6.30936469164689 23 55
0 12 0
3.38445086521304 21 16
0.374366838062868 15 3
0 12 0
7.4958567039435 30 73
0 12 0
4.24965824510977 23 25
0 12 0
1.02363174006937 18 15
15.4726199870553 39 109
25.8972210279826 47 140
12.8187628293754 33 100
6.30936469164689 23 55
21.4892185733487 45 101
0 12 0
17.3488086308702 41 107
0.544981382394939 16 6
4.67764864220876 21 10
12.8187628293754 33 100
10.6091260295602 32 53
6.30936469164689 23 55
3.84768015746978 22 45
19.5188923284998 42 136
23.3183284725547 48 127
10.5894593334264 32 91
17.6641461858801 38 104
16.9373241599037 40 105
0 12 0
15.4726199870553 39 109
0 12 0
23.7815193849546 45 119
0 12 0
3.84768015746978 22 45
12.3345313074143 34 80
1.87439017312018 20 28
8.0221705612334 28 65
14.5718110997361 35 101
0 12 0
0 12 0
17.2916906155971 39 68
34.1331414644069 57 155
0 12 0
1.02363174006937 18 15
12.8939557592169 36 85
12.8187628293754 33 100
15.1227691176094 38 86
2.61528754293362 21 36
3.83503572910242 25 42
24.6116858415921 49 157
16.5230658438053 40 121
0 12 0
4.24965824510977 23 25
0 12 0
0 12 0
6.30936469164689 23 55
0 12 0
0 12 0
0 12 0
5.41026994925479 27 55
8.81360207445242 30 76
0 12 0
0 12 0
6.30936469164689 23 55
37.4746315913597 59 186
6.30936469164689 23 55
9.56810671442275 31 81
6.30936469164689 23 55
25.6184153989406 49 129
0 12 0
0.544981382394939 16 6
9.17706100282688 30 46
0 12 0
6.30936469164689 23 55
9.83014583159913 33 70
6.30936469164689 23 55
6.30936469164689 23 55
19.5188923284998 42 136
0.374366838062868 15 3
0 12 0
0 12 0
0 12 0
0 12 0
12.8187628293754 33 100
3.84768015746978 22 45
16.3028349639793 41 92
12.8187628293754 33 100
1.87439017312018 20 28
0 12 0
38.4502890909821 59 159
22.3525150542788 42 74
29.8182840861793 54 164
37.4746315913597 59 186
0 12 0
2.61528754293362 21 36
6.30936469164689 23 55
12.8187628293754 33 100
3.84768015746978 22 45
0 12 0
0 12 0
8.35965921056653 29 70
26.500197451361 49 123
6.30936469164689 23 55
12.6018629117634 37 94
15.4726199870553 39 109
3.84768015746978 22 45
0 12 0
0 12 0
26.398235872998 50 164
16.9373241599037 40 105
0 12 0
7.66682432768369 29 64
7.12682509560126 28 39
6.30936469164689 23 55
6.30936469164689 23 55
26.398235872998 50 164
2.61528754293362 21 36
19.5188923284998 42 136
5.76242224962341 28 57
19.5188923284998 42 136
0 12 0
20.8245501809072 43 100
0 12 0
8.60326247135125 31 55
24.6116858415921 49 157
0 12 0
2.61528754293362 21 36
6.30936469164689 23 55
0 12 0
12.8187628293754 33 100
7.3023870645639 25 56
18.2802394221969 42 100
16.5147822941926 39 77
6.28615352483604 28 45
3.84768015746978 22 45
12.4213749730227 35 94
22.5689806035848 47 140
15.9178207517346 39 115
37.4746315913597 59 186
3.38445086521304 21 16
6.30936469164689 23 55
3.84768015746978 22 45
0 12 0
0.374366838062868 15 3
6.78870742905704 29 44
6.30936469164689 23 55
0 12 0
26.398235872998 50 164
6.30936469164689 23 55
12.8187628293754 33 100
0 12 0
10.5894593334264 32 91
13.8221154135932 34 72
8.80782850843454 30 46
1.02363174006937 18 15
37.1971993214179 60 182
0.544981382394939 16 6
10.2842954001887 32 73
21.9093495067853 46 136
6.73853029993738 27 49
12.8187628293754 33 100
20.5982561855593 45 134
3.17065133225895 24 34
12.8187628293754 33 100
19.5188923284998 42 136
18.6159803487205 40 109
16.5230658438053 40 121
10.5894593334264 32 91
0 12 0
3.84768015746978 22 45
0 12 0
0 12 0
19.5188923284998 42 136
0 12 0
2.61528754293362 21 36
0 12 0
11.0709557164732 30 34
12.8187628293754 33 100
1.87439017312018 20 28
14.0026033523339 36 85
0.231949519448368 14 1
0 12 0
12.8187628293754 33 100
6.30936469164689 23 55
1.87439017312018 20 28
6.3020951281459 27 49
6.30936469164689 23 55
0 12 0
0 12 0
13.2880927573398 36 65
21.8800250923862 44 119
1.87439017312018 20 28
0 12 0
7.66682432768369 29 64
3.84768015746978 22 45
0 12 0
4.24965824510977 23 25
0 12 0
0 12 0
16.1219252706223 39 94
1.73815129880325 20 16
0 12 0
3.84768015746978 22 45
25.8057085917616 47 114
16.7531433366475 41 113
12.8187628293754 33 100
3.84768015746978 22 45
3.84768015746978 22 45
3.84768015746978 22 45
0 12 0
8.0221705612334 28 65
0 12 0
0 12 0
8.82935059563979 32 74
6.30936469164689 23 55
0 12 0
0 12 0
4.57029217238472 26 43
19.5188923284998 42 136
6.30936469164689 23 55
23.8038603566464 47 110
8.81360207445242 30 76
0.544981382394939 16 6
6.30936469164689 23 55
3.84768015746978 22 45
6.46144930165106 29 66
0 12 0
6.30936469164689 23 55
2.61528754293362 21 36
19.5188923284998 42 136
0 12 0
3.38445086521304 21 16
12.8059703837872 34 74
6.30936469164689 23 55
6.42566948015101 26 28
23.5903332225885 48 149
15.2508415779549 39 102
0 12 0
23.1666607610928 47 146
9.4813793699779 31 83
6.30936469164689 23 55
6.30936469164689 23 55
0 12 0
45.6949293492209 66 201
22.1720603147449 44 89
1.78601129975244 17 4
21.9533188792423 47 143
15.6321399221733 38 74
20.4291605897673 45 131
3.84768015746978 22 45
13.8221154135932 34 72
17.4032059998468 43 112
1.87439017312018 20 28
6.30936469164689 23 55
0 12 0
9.56810671442275 31 81
15.1552539835418 37 106
9.35870983255525 34 76
10.3600772878347 34 74
3.84768015746978 22 45
8.95995562072369 31 45
4.2305142447301 26 46
0 12 0
0 12 0
0 12 0
0 12 0
0 12 0
9.62472987097244 28 59
6.3020951281459 27 49
13.0227082017748 37 98
21.9093495067853 46 136
10.5894593334264 32 91
19.5188923284998 42 136
8.5455222455405 32 61
4.57724516477215 26 35
3.84768015746978 22 45
9.14456123105719 33 76
23.2723948117078 48 119
1.87439017312018 20 28
40.4929943289894 61 176
17.854288970501 42 110
3.29977948412475 23 37
13.4063138054281 36 91
0.755448972273232 17 10
3.84768015746978 22 45
31.1596909821848 51 146
44.578404805004 65 198
4.24965824510977 23 25
0 12 0
6.30936469164689 23 55
4.24965824510977 23 25
2.61528754293362 21 36
17.6641461858801 38 104
9.82302436110781 31 71
0 12 0
10.0577368845829 35 83
0 12 0
18.1436468684798 41 101
30.8396367051829 55 172
5.20218890597907 25 36
6.30936469164689 23 55
0 12 0
9.4813793699779 31 83
0 12 0
19.3685181460797 41 95
32.8710398259843 56 151
17.5153252250626 41 128
0 12 0
6.30936469164689 23 55
0 12 0
11.2081531594806 35 79
9.56810671442275 31 81
6.30936469164689 23 55
12.6018629117634 37 94
14.3251737754348 37 65
12.8187628293754 33 100
12.8187628293754 33 100
27.0506732140501 49 121
6.30936469164689 23 55
0 12 0
0 12 0
12.8187628293754 33 100
37.896712934711 56 156
3.84768015746978 22 45
12.8187628293754 33 100
7.3023870645639 25 56
0 12 0
6.30936469164689 23 55
6.30936469164689 23 55
36.4075838529748 57 154
16.4939726060589 40 119
6.46144930165106 29 66
12.8187628293754 33 100
0 12 0
0 12 0
2.61528754293362 21 36
6.30936469164689 23 55
0 12 0
12.8187628293754 33 100
31.2493737186443 53 155
25.3151000497151 50 137
15.4726199870553 39 109
0.231949519448368 14 1
19.1674369301815 43 122
0 12 0
28.0206421232811 51 152
6.30936469164689 23 55
6.30936469164689 23 55
0 12 0
0 12 0
24.6116858415921 49 157
0 12 0
3.84768015746978 22 45
11.0943083037317 34 56
20.4291605897673 45 131
6.30936469164689 23 55
0 12 0
0 12 0
0 12 0
0 12 0
10.8948068591216 33 64
7.51837242958476 26 58
0 12 0
9.56810671442275 31 81
10.1868005404769 34 72
0 12 0
0 12 0
41.6095188732063 62 171
1.54993858181743 18 7
12.8187628293754 33 100
6.30936469164689 23 55
3.84768015746978 22 45
6.30936469164689 23 55
1.37900147270464 19 21
17.8679084032276 43 109
13.7578325714203 35 56
14.6445681497707 39 112
7.66682432768369 29 64
3.84768015746978 22 45
3.84768015746978 22 45
7.4958567039435 30 73
3.84768015746978 22 45
21.9600954296633 46 112
3.84768015746978 22 45
0 12 0
52.2010323828895 69 204
19.5925507729631 42 116
6.30936469164689 23 55
6.30936469164689 23 55
0 12 0
8.0221705612334 28 65
14.8373016845637 38 92
0 12 0
13.7217352538024 38 106
0 12 0
12.8187628293754 33 100
0 12 0
0 12 0
0 12 0
6.78870742905704 29 44
1.87439017312018 20 28
16.5230658438053 40 121
37.9741076428223 60 188
0 12 0
6.30936469164689 23 55
0 12 0
0 12 0
12.8187628293754 33 100
6.46144930165106 29 66
6.30936469164689 23 55
8.81360207445242 30 76
1.02363174006937 18 15
19.4610681922532 44 109
0 12 0
26.398235872998 50 164
27.1133609901232 51 152
2.57129120082109 19 9
2.61528754293362 21 36
2.61528754293362 21 36
0 12 0
21.6872800684224 39 56
0 12 0
1.87439017312018 20 28
3.84768015746978 22 45
5.10385784465265 23 17
0 12 0
23.2723948117078 48 119
8.5455222455405 32 61
19.5188923284998 42 136
20.1068350227913 45 129
30.8396367051829 55 172
11.8874085929917 35 86
3.84768015746978 22 45
6.30936469164689 23 55
24.6116858415921 49 157
0 12 0
0 12 0
3.38445086521304 21 16
8.35965921056653 29 70
0.544981382394939 16 6
6.30936469164689 23 55
6.30936469164689 23 55
0.544981382394939 16 6
0 12 0
0 12 0
2.61528754293362 21 36
9.56810671442275 31 81
6.30936469164689 23 55
0 12 0
1.78601129975244 17 4
6.30936469164689 23 55
17.6641461858801 38 104
12.8187628293754 33 100
3.84768015746978 22 45
15.2429682584616 40 99
0 12 0
1.87439017312018 20 28
0 12 0
6.3020951281459 27 49
8.0221705612334 28 65
14.245437295537 36 79
8.81360207445242 30 76
8.0221705612334 28 65
0 12 0
17.5153252250626 41 128
0 12 0
0 12 0
0 12 0
14.5718110997361 35 101
10.8948068591216 33 64
0 12 0
33.4422456602299 57 185
12.8187628293754 33 100
0 12 0
0 12 0
6.30936469164689 23 55
13.6232155307671 38 102
20.6551538147863 44 125
15.1227691176094 38 86
4.67764864220876 21 10
22.7500210775505 46 142
6.28615352483604 28 45
6.3020951281459 27 49
0 12 0
6.3020951281459 27 49
6.30936469164689 23 55
0 12 0
47.0942692878713 64 164
5.8360890889876 28 60
0.544981382394939 16 6
6.30936469164689 23 55
0 12 0
2.57129120082109 19 9
6.30936469164689 23 55
0 12 0
19.5188923284998 42 136
0 12 0
6.30936469164689 23 55
1.37900147270464 19 21
0.544981382394939 16 6
9.17706100282688 30 46
20.4678659543451 44 109
36.1758467024142 59 174
10.8858275925046 35 81
16.4939726060589 40 119
11.400022354019 34 84
6.73853029993738 27 49
0.544981382394939 16 6
12.7478517822735 36 97
12.6018629117634 37 94
6.30936469164689 23 55
26.1396812769408 50 142
13.9850446613521 37 87
23.1666607610928 47 146
12.1093196099532 33 49
0 12 0
19.5188923284998 42 136
0 12 0
12.8187628293754 33 100
0 12 0
12.8187628293754 33 100
0 12 0
6.30936469164689 23 55
8.93005649876218 26 20
0 12 0
0 12 0
11.400022354019 34 84
0 12 0
0 12 0
6.30936469164689 23 55
0 12 0
16.4939726060589 40 119
3.84768015746978 22 45
26.398235872998 50 164
6.30936469164689 23 55
0 12 0
10.5894593334264 32 91
15.7786978861752 40 89
6.30936469164689 23 55
0.544981382394939 16 6
23.7239045490795 48 151
10.6216116763888 33 79
16.4939726060589 40 119
0 12 0
15.1552539835418 37 106
12.8187628293754 33 100
6.30936469164689 23 55
18.2493809190947 42 98
6.30936469164689 23 55
0.755448972273232 17 10
12.8187628293754 33 100
10.8948068591216 33 64
0 12 0
16.5230658438053 40 121
8.81360207445242 30 76
0 12 0
0 12 0
9.56810671442275 31 81
12.8187628293754 33 100
3.83503572910242 25 42
3.84768015746978 22 45
15.4920016120018 38 110
0 12 0
0 12 0
6.30936469164689 23 55
6.30936469164689 23 55
4.57029217238472 26 43
3.84768015746978 22 45
12.8187628293754 33 100
0.374366838062868 15 3
0 12 0
2.61528754293362 21 36
0 12 0
0 12 0
0 12 0
1.87439017312018 20 28
15.4726199870553 39 109
0 12 0
0 12 0
0 12 0
0 12 0
10.5894593334264 32 91
0 12 0
23.1666607610928 47 146
0.755448972273232 17 10
17.5361349131963 40 79
12.8187628293754 33 100
19.5188923284998 42 136
7.66682432768369 29 64
0 12 0
12.8187628293754 33 100
7.66682432768369 29 64
10.5112396959629 33 55
9.56810671442275 31 81
6.30936469164689 23 55
18.7964682874612 42 120
5.09363744138759 26 51
16.4939726060589 40 119
0 12 0
2.61528754293362 21 36
1.37900147270464 19 21
2.61528754293362 21 36
15.0239559713376 37 95
12.8187628293754 33 100
46.0729166688676 63 162
0 12 0
25.8972210279826 47 140
0 12 0
6.30936469164689 23 55
0 12 0
0 12 0
3.17065133225895 24 34
1.78601129975244 17 4
8.78151375902994 32 55
12.8187628293754 33 100
16.4939726060589 40 119
25.8972210279826 47 140
0 12 0
32.7224885366458 55 160
12.1269277625 34 92
0 12 0
14.9886140065904 38 90
5.41026994925479 27 55
9.17706100282688 30 46
17.8679084032276 43 109
35.1299246624317 54 119
9.56810671442275 31 81
6.30936469164689 23 55
14.2276327585861 36 57
33.4422456602299 57 185
19.5769035665557 44 125
6.30936469164689 23 55
4.24965824510977 23 25
12.8187628293754 33 100
10.5894593334264 32 91
1.37900147270464 19 21
1.37900147270464 19 21
30.0231615674134 49 99
21.5476279845812 46 130
14.7085108015111 38 104
20.4861212843616 42 80
18.2802394221969 42 100
0 12 0
6.30936469164689 23 55
1.73815129880325 20 16
8.81360207445242 30 76
3.84768015746978 22 45
0 12 0
8.63763005374768 31 47
23.8038603566464 47 110
6.30936469164689 23 55
0 12 0
16.4939726060589 40 119
49.8958906343839 66 195
2.61528754293362 21 36
0 12 0
17.5153252250626 41 128
6.30936469164689 23 55
34.3648786149675 55 128
0 12 0
9.12144344309323 31 65
38.4502890909821 59 154
21.9093495067853 46 136
0 12 0
6.30936469164689 23 55
6.30936469164689 23 55
0 12 0
17.8679084032276 43 109
6.30936469164689 23 55
0 12 0
62.772512563606 75 219
7.4958567039435 30 73
19.5188923284998 42 136
0 12 0
6.30936469164689 23 55
12.8187628293754 33 100
14.8593001507742 36 103
0 12 0
18.7518792021979 42 122
0.374366838062868 15 3
1.37900147270464 19 21
0 12 0
15.6321399221733 38 74
0.755448972273232 17 10
2.18380655536673 20 13
0.755448972273232 17 10
4.98994448633104 26 32
21.1281876417949 46 138
8.11010473008232 30 52
0 12 0
46.0172549161969 66 203
4.57029217238472 26 43
2.61528754293362 21 36
3.84768015746978 22 45
0 12 0
19.5188923284998 42 136
3.70058278849453 25 38
0 12 0
0 12 0
6.30936469164689 23 55
0 12 0
12.8939557592169 36 85
14.245437295537 36 79
0 12 0
12.4213749730227 35 94
9.4813793699779 31 83
0.374366838062868 15 3
6.30936469164689 23 55
6.30936469164689 23 55
0 12 0
29.4182341848991 50 132
0.374366838062868 15 3
0 12 0
18.1436468684798 41 101
0 12 0
17.5153252250626 41 128
12.1093196099532 33 49
0 12 0
23.303773615643 47 120
0 12 0
3.38445086521304 21 16
0 12 0
22.5416353068873 46 102
8.81360207445242 30 76
3.84768015746978 22 45
20.7901915213211 44 111
5.09363744138759 26 51
0 12 0
0 12 0
0 12 0
3.84768015746978 22 45
3.84768015746978 22 45
11.3827416674182 32 71
15.2429682584616 40 99
0 12 0
22.5689806035848 47 140
0 12 0
14.7085108015111 38 104
32.0778374026938 55 160
3.84768015746978 22 45
19.5769035665557 44 125
6.30936469164689 23 55
3.84768015746978 22 45
2.57129120082109 19 9
19.5188923284998 42 136
5.20218890597907 25 36
22.619301420527 47 122
26.398235872998 50 164
19.5188923284998 42 136
7.51837242958476 26 58
0 12 0
6.30936469164689 23 55
5.79567430900034 25 26
0 12 0
8.81360207445242 30 76
1.37900147270464 19 21
0 12 0
10.9833224522164 33 76
27.6483984019056 51 122
26.8689166925239 50 149
15.4920016120018 38 110
9.4813793699779 31 83
6.30936469164689 23 55
0 12 0
0 12 0
3.84768015746978 22 45
22.031191029439 44 137
0.231949519448368 14 1
13.2671909398687 37 80
0 12 0
12.8187628293754 33 100
12.8187628293754 33 100
1.02363174006937 18 15
0 12 0
0.544981382394939 16 6
21.9533188792423 47 143
5.20218890597907 25 36
6.30936469164689 23 55
0 12 0
8.81360207445242 30 76
6.30936469164689 23 55
0 12 0
1.37900147270464 19 21
33.4422456602299 57 185
1.87439017312018 20 28
0 12 0
0.374366838062868 15 3
13.6232155307671 38 102
12.1746323301289 36 93
21.974650286575 47 118
6.30936469164689 23 55
46.2667805497954 62 171
1.87439017312018 20 28
6.30936469164689 23 55
0 12 0
23.303773615643 47 120
0 12 0
23.5033434770043 46 132
8.0221705612334 28 65
3.84768015746978 22 45
6.30936469164689 23 55
6.30936469164689 23 55
12.8187628293754 33 100
6.30936469164689 23 55
12.7478517822735 36 97
7.6275100378954 29 54
12.8187628293754 33 100
0 12 0
0 12 0
12.6018629117634 37 94
16.8387558697567 40 83
0 12 0
2.57129120082109 19 9
6.30936469164689 23 55
12.8187628293754 33 100
8.81360207445242 30 76
0 12 0
0 12 0
18.6334322169288 42 118
6.30936469164689 23 55
13.0227082017748 37 98
8.0221705612334 28 65
0 12 0
31.0620805258232 55 174
5.76242224962341 28 57
8.81360207445242 30 76
22.5689806035848 47 140
5.76242224962341 28 57
6.30936469164689 23 55
0 12 0
9.56810671442275 31 81
9.56810671442275 31 81
6.30936469164689 23 55
0 12 0
1.87439017312018 20 28
6.30936469164689 23 55
33.4422456602299 57 185
0 12 0
9.4813793699779 31 83
5.20218890597907 25 36
0 12 0
12.8187628293754 33 100
14.0026033523339 36 85
0 12 0
1.37900147270464 19 21
0 12 0
7.75149570877198 27 61
4.57029217238472 26 43
0 12 0
9.37590164668521 32 59
10.5894593334264 32 91
6.30936469164689 23 55
13.1206329758667 35 65
8.35965921056653 29 70
24.6116858415921 49 157
6.30936469164689 23 55
0 12 0
0 12 0
2.61528754293362 21 36
5.20218890597907 25 36
10.5894593334264 32 91
0 12 0
25.038708143586 50 140
3.84768015746978 22 45
4.67764864220876 21 10
0 12 0
9.56810671442275 31 81
46.0729166688676 63 169
41.3667922126048 61 181
6.30936469164689 23 55
1.02363174006937 18 15
0 12 0
0 12 0
6.30936469164689 23 55
0 12 0
4.15404711021384 24 25
9.56810671442275 31 81
0.231949519448368 14 1
25.5091351769746 48 131
15.4920016120018 38 110
6.30936469164689 23 55
6.30936469164689 23 55
19.5188923284998 42 136
0 12 0
29.8182840861793 54 164
19.5188923284998 42 136
0 12 0
19.5188923284998 42 136
6.30936469164689 23 55
34.1331414644069 57 155
5.8360890889876 28 60
6.30936469164689 23 55
5.10385784465265 23 17
31.3008207579565 52 119
24.9214634949283 48 137
6.3020951281459 27 49
12.8187628293754 33 100
0 12 0
5.20218890597907 25 36
9.04526175294222 30 38
33.892392444988 57 165
0 12 0
10.5894593334264 32 91
6.30936469164689 23 55
10.5894593334264 32 91
19.5188923284998 42 136
19.4610681922532 44 103
0.544981382394939 16 6
40.6321018959472 63 200
6.30936469164689 23 55
12.8187628293754 33 100
3.84768015746978 22 45
9.56810671442275 31 81
8.35965921056653 29 70
4.24965824510977 23 25
14.6205254260814 36 81
0 12 0
15.4726199870553 39 109
0 12 0
0 12 0
8.81360207445242 30 76
1.78601129975244 17 4
12.8187628293754 33 100
6.30936469164689 23 55
0.755448972273232 17 10
1.54993858181743 18 7
0 12 0
19.5188923284998 42 136
8.35965921056653 29 70
12.8939557592169 36 85
4.62102548565907 24 46
23.5903332225885 48 149
10.5894593334264 32 91
10.5894593334264 32 91
2.61528754293362 21 36
0 12 0
2.61528754293362 21 36
1.87439017312018 20 28
3.84768015746978 22 45
12.8187628293754 33 100
0 12 0
2.57129120082109 19 9
18.3309853450749 42 100
10.5894593334264 32 91
0.374366838062868 15 3
0.231949519448368 14 1
33.0639287609385 55 152
1.87439017312018 20 28
7.75149570877198 27 61
3.84768015746978 22 45
0 12 0
0 12 0
6.30936469164689 23 55
0.544981382394939 16 6
12.8187628293754 33 100
14.3094453763434 37 70
3.84768015746978 22 45
35.1544940834106 58 165
0 12 0
11.2081531594806 35 79
3.83503572910242 25 42
1.87439017312018 20 28
12.8187628293754 33 100
15.4726199870553 39 109
7.3023870645639 25 56
6.30936469164689 23 55
8.81360207445242 30 76
12.131852890591 36 91
1.87439017312018 20 28
5.20218890597907 25 36
19.5188923284998 42 136
0 12 0
0 12 0
18.2802394221969 42 100
36.6930388455269 59 180
0 12 0
10.5894593334264 32 91
1.87439017312018 20 28
0 12 0
6.28615352483604 28 45
1.87439017312018 20 28
0 12 0
6.30936469164689 23 55
19.910613641235 45 124
0 12 0
18.4245586188505 44 122
4.24965824510977 23 25
17.5599912233561 38 80
0 12 0
14.8593001507742 36 103
0 12 0
18.2802394221969 42 100
3.84768015746978 22 45
3.84768015746978 22 45
10.8858275925046 35 81
0 12 0
6.73853029993738 27 49
0 12 0
0 12 0
0 12 0
11.1055751434963 33 82
25.3846694610944 48 122
12.8939557592169 36 85
12.8187628293754 33 100
5.20218890597907 25 36
41.3667922126048 61 181
0.374366838062868 15 3
12.8187628293754 33 100
6.30936469164689 23 55
33.4422456602299 57 185
0.374366838062868 15 3
12.8187628293754 33 100
13.7217352538024 38 106
12.1269277625 34 92
0 12 0
6.30936469164689 23 55
6.30936469164689 23 55
0.374366838062868 15 3
2.57129120082109 19 9
13.6232155307671 38 102
25.3846694610944 48 122
17.5153252250626 41 128
6.30936469164689 23 55
0 12 0
0 12 0
14.8593001507742 36 103
12.8187628293754 33 100
15.9178207517346 39 115
6.42566948015101 26 28
6.30936469164689 23 55
29.4182341848991 50 132
3.84768015746978 22 45
8.81360207445242 30 76
0 12 0
0 12 0
0 12 0
6.30936469164689 23 55
6.30936469164689 23 55
0 12 0
22.5689806035848 47 140
0 12 0
3.84768015746978 22 45
12.8187628293754 33 100
0.544981382394939 16 6
9.4813793699779 31 83
0 12 0
6.30936469164689 23 55
0 12 0
6.3020951281459 27 49
0 12 0
5.41026994925479 27 55
6.30936469164689 23 55
23.7239045490795 48 151
3.84768015746978 22 45
2.61528754293362 21 36
3.84768015746978 22 45
22.5689806035848 47 140
6.30936469164689 23 55
19.6746635310545 43 96
9.12144344309323 31 65
7.3023870645639 25 56
10.4922553072152 30 64
0 12 0
6.30936469164689 23 55
9.56810671442275 31 81
37.4289364719784 58 149
12.8187628293754 33 100
9.47090268821159 29 62
4.83983162965511 25 48
5.79567430900034 25 26
16.5230658438053 40 121
7.75149570877198 27 61
0 12 0
2.61528754293362 21 36
6.30936469164689 23 55
16.9373241599037 40 105
15.534253588576 39 88
12.8187628293754 33 100
6.30936469164689 23 55
0 12 0
6.30936469164689 23 55
0 12 0
12.8187628293754 33 100
0.755448972273232 17 10
3.84768015746978 22 45
17.5153252250626 41 128
0 12 0
0 12 0
34.3512987040295 54 139
0 12 0
0 12 0
12.8187628293754 33 100
54.2437376208968 71 213
6.30936469164689 23 55
20.0947944644911 44 119
58.6871020875913 71 205
9.4813793699779 31 83
13.1532055095946 37 101
19.5188923284998 42 136
0 12 0
6.30936469164689 23 55
6.30936469164689 23 55
26.7283476470741 49 123
18.6533109120509 42 90
31.044514186417 50 105
0 12 0
10.2488435008406 32 77
15.4726199870553 39 109
0 12 0
0 12 0
0 12 0
17.5153252250626 41 128
0 12 0
0 12 0
26.398235872998 50 164
9.4813793699779 31 83
5.20218890597907 25 36
0 12 0
0 12 0
16.5230658438053 40 121
0.231949519448368 14 1
14.5718110997361 35 101
0 12 0
12.8939557592169 36 85
19.5188923284998 42 136
6.30936469164689 23 55
0 12 0
0 12 0
22.5689806035848 47 140
22.124708711859 42 110
32.8736990420979 50 111
19.5188923284998 42 136
0 12 0
6.30936469164689 23 55
19.5188923284998 42 136
0 12 0
12.8187628293754 33 100
0 12 0
0 12 0
2.87044426463955 22 21
14.7085108015111 38 104
19.5188923284998 42 136
27.3578052877224 52 153
2.61528754293362 21 36
7.61022935129455 27 31
26.6608137815918 50 150
1.87439017312018 20 28
12.8187628293754 33 100
18.5813438423598 39 84
15.2271064269 39 74
6.30936469164689 23 55
10.1868005404769 34 72
0 12 0
23.5903332225885 48 149
0 12 0
6.30936469164689 23 55
6.30936469164689 23 55
