"COLLES.MDM.LN" "SACKIN" "COPHENETIC"
2.00470656094661 14 4
5.2769506456668 21 31
0.53480976866124 12 3
4.68597543280045 17 28
0 9 0
1.04918551576012 14 4
1.7913555451214 15 15
0 9 0
0.318930589241506 11 1
2.38847406016187 17 16
0 9 0
0.318930589241506 11 1
0.728984203980586 13 2
4.68597543280045 17 28
3.66419641712789 18 22
0 9 0
0 9 0
2.55144471393205 16 5
0.318930589241506 11 1
0.728984203980586 13 2
1.89966708707081 15 7
2.00470656094661 14 4
0.318930589241506 11 1
5.7673496802896 20 17
3.94367165187452 18 16
5.77721887707024 19 29
1.20871835563717 14 10
0 9 0
1.04918551576012 14 4
0 9 0
0.318930589241506 11 1
0 9 0
0 9 0
0.318930589241506 11 1
0 9 0
0.53480976866124 12 3
1.20871835563717 14 10
9.54465354319901 25 44
1.20871835563717 14 10
0.817472073592408 13 6
5.2769506456668 21 31
0 9 0
0.53480976866124 12 3
0.817472073592408 13 6
0.318930589241506 11 1
0 9 0
0 9 0
0 9 0
0.728984203980586 13 2
1.20871835563717 14 10
9.68344641049512 27 42
2.12911660958031 16 11
0.318930589241506 11 1
2.00470656094661 14 4
2.75800294540928 16 21
0.318930589241506 11 1
0.318930589241506 11 1
0 9 0
11.0348078705019 27 46
0 9 0
0.318930589241506 11 1
2.00470656094661 14 4
0.318930589241506 11 1
0.53480976866124 12 3
0 9 0
2.65904806581589 17 16
1.04918551576012 14 4
0 9 0
0.318930589241506 11 1
0.728984203980586 13 2
0.318930589241506 11 1
1.7913555451214 15 15
0.784462575874132 18 10
0.318930589241506 11 1
0.318930589241506 11 1
0.53480976866124 12 3
0.318930589241506 11 1
6.98511005441662 22 38
0.728984203980586 13 2
2.75800294540928 16 21
0.318930589241506 11 1
0.318930589241506 11 1
0 9 0
2.92101970607446 16 9
0.728984203980586 13 2
6.01179397788883 21 25
0.53480976866124 12 3
0.318930589241506 11 1
0 9 0
0 9 0
1.20871835563717 14 10
0 9 0
0 9 0
0.318930589241506 11 1
2.12911660958031 16 11
1.04918551576012 14 4
0.318930589241506 11 1
0 9 0
0 9 0
0.53480976866124 12 3
0 9 0
2.00470656094661 14 4
2.75800294540928 16 21
6.776019673729 25 27
0 9 0
5.74075060634711 23 16
6.07849001066192 20 31
0.53480976866124 12 3
0.728984203980586 13 2
0.318930589241506 11 1
0.53480976866124 12 3
0.318930589241506 11 1
0 9 0
4.38152955911169 19 12
1.4912554310973 15 7
4.68597543280045 17 28
0 9 0
0 9 0
0 9 0
0.318930589241506 11 1
0 9 0
1.7913555451214 15 15
0 9 0
2.12911660958031 16 11
0 9 0
6.45517859818104 21 34
0 9 0
0 9 0
0 9 0
2.65904806581589 17 16
0 9 0
7.42837505528544 22 32
5.77721887707024 19 29
0 9 0
1.20871835563717 14 10
0.53480976866124 12 3
2.65904806581589 17 16
0.53480976866124 12 3
7.17892764265958 23 30
5.1028894278641 18 10
0 9 0
3.94367165187452 18 16
3.67862433116584 21 22
1.04918551576012 14 4
0 9 0
0 9 0
0.318930589241506 11 1
0 9 0
0.728984203980586 13 2
9.54973119319387 24 49
14.1067253147415 29 47
0.53480976866124 12 3
0 9 0
0 9 0
1.4912554310973 15 7
6.98463737548553 21 30
0 9 0
0 9 0
5.8261861301936 21 15
0.318930589241506 11 1
1.25902261891215 16 5
0 9 0
2.74535681246103 17 13
1.99759484850178 21 19
5.99705717788657 21 13
5.77721887707024 19 29
0.817472073592408 13 6
0 9 0
6.07849001066192 20 31
4.31389720916794 23 30
5.17055501212241 20 25
10.4970403081693 26 44
0.318930589241506 11 1
2.00470656094661 14 4
4.68597543280045 17 28
0.728984203980586 13 2
0.53480976866124 12 3
0 9 0
6.07849001066192 20 31
0.53480976866124 12 3
2.8612820611479 18 22
3.44561246395452 21 15
2.65904806581589 17 16
0.817472073592408 13 6
2.00470656094661 14 4
2.92101970607446 16 9
1.04918551576012 14 4
0.728984203980586 13 2
0 9 0
0.817472073592408 13 6
0 9 0
0.817472073592408 13 6
0.817472073592408 13 6
4.68597543280045 17 28
0.318930589241506 11 1
0 9 0
0.817472073592408 13 6
0.53480976866124 12 3
0 9 0
0.817472073592408 13 6
5.77721887707024 19 29
3.94367165187452 18 16
4.68597543280045 17 28
2.74535681246103 17 13
1.20871835563717 14 10
0 9 0
2.92101970607446 16 9
0.318930589241506 11 1
0 9 0
1.7913555451214 15 15
0 9 0
0 9 0
2.65904806581589 17 16
0.318930589241506 11 1
2.00470656094661 14 4
0 9 0
7.843019340719 23 43
0.318930589241506 11 1
2.00470656094661 14 4
1.89966708707081 15 7
0.318930589241506 11 1
0.318930589241506 11 1
4.74599706128595 19 14
0 9 0
0 9 0
0 9 0
0 9 0
2.16212520554578 16 9
0 9 0
1.7913555451214 15 15
0 9 0
5.77721887707024 19 29
1.7913555451214 15 15
7.843019340719 23 43
0 9 0
1.7913555451214 15 15
0 9 0
1.04918551576012 14 4
2.16212520554578 16 9
0.53480976866124 12 3
0.53480976866124 12 3
0.53480976866124 12 3
0 9 0
0 9 0
3.77765282432066 19 17
9.54973119319387 24 49
2.75800294540928 16 21
5.8261861301936 21 15
0 9 0
0.53480976866124 12 3
0 9 0
0 9 0
0.318930589241506 11 1
0.318930589241506 11 1
0 9 0
2.8612820611479 18 22
0.318930589241506 11 1
0 9 0
2.75800294540928 16 21
1.20871835563717 14 10
0 9 0
0 9 0
0.817472073592408 13 6
0 9 0
3.77765282432066 18 10
0 9 0
0.318930589241506 11 1
5.77721887707024 19 29
4.68597543280045 17 28
0.318930589241506 11 1
0 9 0
0 9 0
0 9 0
2.75800294540928 16 21
2.75800294540928 16 21
0.318930589241506 11 1
0 9 0
4.68597543280045 17 28
0.318930589241506 11 1
0.318930589241506 11 1
7.9960762371821 26 29
0.53480976866124 12 3
0 9 0
0.728984203980586 13 2
2.75800294540928 16 21
2.75800294540928 16 21
2.65904806581589 17 16
0 9 0
0.318930589241506 11 1
3.66419641712789 18 22
0.728984203980586 13 2
0.728984203980586 13 2
4.39900925394454 21 15
1.7913555451214 15 15
0.817472073592408 13 6
8.68248526587511 24 39
2.00470656094661 14 4
0.53480976866124 12 3
6.07849001066192 20 31
4.68597543280045 17 28
1.4912554310973 15 7
0 9 0
0 9 0
1.20871835563717 14 10
0 9 0
0.728984203980586 13 2
4.68597543280045 17 28
6.45517859818104 21 34
5.77721887707024 19 29
0 9 0
4.59260048507769 21 15
0 9 0
0.728984203980586 13 2
9.84007753073997 26 38
0.728984203980586 13 2
0.53480976866124 12 3
0.728984203980586 13 2
0.817472073592408 13 6
0.728984203980586 13 2
0.318930589241506 11 1
0 9 0
0 9 0
0 9 0
2.14875912302948 16 11
0.53480976866124 12 3
0.318930589241506 11 1
1.04918551576012 14 4
2.14875912302948 16 11
0.817472073592408 13 6
6.07849001066192 20 31
0.318930589241506 11 1
2.00470656094661 14 4
2.00470656094661 14 4
0.318930589241506 11 1
7.20126045938435 24 18
6.45517859818104 21 34
0 9 0
0 9 0
5.17055501212241 20 25
8.26035973245156 22 32
6.45517859818104 21 34
0.817472073592408 13 6
0.53480976866124 12 3
1.4912554310973 15 7
0 9 0
3.09804230070295 18 18
0.53480976866124 12 3
0.53480976866124 12 3
5.77721887707024 19 29
5.77721887707024 19 29
4.73607162092281 20 23
0.318930589241506 11 1
0.53480976866124 12 3
0.318930589241506 11 1
0 9 0
0.318930589241506 11 1
0.53480976866124 12 3
2.12911660958031 16 11
0 9 0
0.318930589241506 11 1
5.2769506456668 21 31
2.75800294540928 16 21
4.68597543280045 17 28
0 9 0
0.53480976866124 12 3
0.53480976866124 12 3
0 9 0
0.318930589241506 11 1
4.74599706128595 19 14
4.68597543280045 17 28
5.77721887707024 19 29
0 9 0
4.68597543280045 17 28
1.20871835563717 14 10
0 9 0
2.00470656094661 14 4
2.12911660958031 16 11
4.68597543280045 17 28
0 9 0
0 9 0
0.318930589241506 11 1
4.00795187589814 20 23
2.00470656094661 14 4
0.318930589241506 11 1
8.68248526587511 24 39
1.20871835563717 14 10
2.12911660958031 16 11
5.92553810241832 22 17
0 9 0
0 9 0
4.68597543280045 17 28
0 9 0
1.20871835563717 14 10
0 9 0
0.53480976866124 12 3
12.5591665833506 29 41
14.1682770951429 31 60
2.00470656094661 14 4
0 9 0
3.94367165187452 18 16
0 9 0
1.04918551576012 14 4
4.68597543280045 17 28
3.94367165187452 18 16
3.66419641712789 18 22
0.318930589241506 11 1
1.27572235696603 15 3
3.37530110682571 19 17
2.75800294540928 16 21
3.37530110682571 19 17
9.65555214531626 24 33
0 9 0
0 9 0
3.66419641712789 18 22
4.68597543280045 17 28
0 9 0
0.318930589241506 11 1
0.318930589241506 11 1
1.7913555451214 15 15
0.817472073592408 13 6
0 9 0
0.318930589241506 11 1
1.04918551576012 14 4
0.53480976866124 12 3
5.86832284204372 20 11
0 9 0
3.94367165187452 18 16
0.318930589241506 11 1
2.92101970607446 16 9
0 9 0
3.66419641712789 18 22
0 9 0
0 9 0
0 9 0
2.38847406016187 17 16
0 9 0
2.12911660958031 16 11
3.13979164583765 18 12
8.26035973245156 22 32
3.6411457520129 18 10
0 9 0
0.53480976866124 12 3
2.14875912302948 16 11
0.318930589241506 11 1
1.20871835563717 14 10
0 9 0
0 9 0
0 9 0
0 9 0
3.13979164583765 18 12
1.20871835563717 14 10
6.45517859818104 21 34
1.04918551576012 14 4
1.20871835563717 14 10
0 9 0
5.1028894278641 18 10
0.728984203980586 13 2
0.318930589241506 11 1
0.53480976866124 12 3
0 9 0
0 9 0
0 9 0
0.318930589241506 11 1
1.4912554310973 15 7
1.27572235696603 15 3
0.318930589241506 11 1
0 9 0
2.75800294540928 16 21
0.53480976866124 12 3
3.94367165187452 18 16
0.318930589241506 11 1
0 9 0
1.7913555451214 15 15
0 9 0
0.318930589241506 11 1
0 9 0
0 9 0
6.98511005441662 22 38
6.45517859818104 21 34
9.54973119319387 24 49
2.00470656094661 14 4
1.7913555451214 15 15
0.318930589241506 11 1
0.318930589241506 11 1
2.00470656094661 14 4
0 9 0
1.49746735225147 15 6
8.18388302910191 24 39
0 9 0
0.318930589241506 11 1
3.12328689697851 19 14
5.77721887707024 19 29
5.77721887707024 19 29
6.15757502365593 22 28
1.04918551576012 14 4
11.417830037039 26 50
2.74535681246103 17 13
3.72813857774325 22 22
2.55144471393205 16 5
0.728984203980586 13 2
2.92101970607446 16 9
0.728984203980586 13 2
0.53480976866124 12 3
4.68597543280045 17 28
2.69448286486856 23 20
0 9 0
0.53480976866124 12 3
0.318930589241506 11 1
0 9 0
5.17055501212241 20 25
0 9 0
1.04918551576012 14 4
0.318930589241506 11 1
4.68597543280045 17 28
0.318930589241506 11 1
2.14875912302948 16 11
2.8612820611479 18 22
0 9 0
4.68597543280045 17 28
0.817472073592408 13 6
0.728984203980586 13 2
0.318930589241506 11 1
1.20871835563717 14 10
0.728984203980586 13 2
3.66419641712789 18 22
2.74535681246103 17 13
0.318930589241506 11 1
0.318930589241506 11 1
0 9 0
0 9 0
0.318930589241506 11 1
1.20871835563717 14 10
0 9 0
0.817472073592408 13 6
0.817472073592408 13 6
6.01179397788883 21 25
1.04918551576012 14 4
0 9 0
4.68597543280045 17 28
0.318930589241506 11 1
0.53480976866124 12 3
1.04918551576012 14 4
2.8612820611479 18 22
0 9 0
1.4912554310973 15 7
0 9 0
5.77721887707024 19 29
2.14875912302948 16 11
0 9 0
0.53480976866124 12 3
1.4912554310973 15 7
8.52330092419535 24 37
0.318930589241506 11 1
0.728984203980586 13 2
0 9 0
3.75758482900691 19 14
1.7913555451214 15 15
1.16404902141794 18 12
0.318930589241506 11 1
6.8679302235809 22 26
2.75800294540928 16 21
0 9 0
0.53480976866124 12 3
0.318930589241506 11 1
0.318930589241506 11 1
2.00470656094661 14 4
0.817472073592408 13 6
7.42837505528544 22 32
0 9 0
0.318930589241506 11 1
0.728984203980586 13 2
0 9 0
5.77721887707024 19 29
0 9 0
0.728984203980586 13 2
0.318930589241506 11 1
2.12911660958031 16 11
0 9 0
0.728984203980586 13 2
0.728984203980586 13 2
1.4912554310973 15 7
0.318930589241506 11 1
0 9 0
0.318930589241506 11 1
1.7913555451214 15 15
12.1649854034661 28 43
2.92101970607446 16 9
2.75800294540928 16 21
2.75800294540928 16 21
0.318930589241506 11 1
0.728984203980586 13 2
0.318930589241506 11 1
0.318930589241506 11 1
0.728984203980586 13 2
0 9 0
8.52330092419535 24 37
0.318930589241506 11 1
0 9 0
1.20871835563717 14 10
0 9 0
11.417830037039 26 50
7.48733676125736 24 34
0.318930589241506 11 1
3.77765282432066 19 17
1.99759484850178 21 19
3.94367165187452 18 16
2.00470656094661 14 4
4.68597543280045 17 28
0 9 0
0 9 0
1.7913555451214 15 15
0 9 0
0 9 0
0.53480976866124 12 3
0.318930589241506 11 1
5.77721887707024 19 29
0.817472073592408 13 6
11.417830037039 26 50
8.27885662659612 23 35
0.318930589241506 11 1
0 9 0
0 9 0
0 9 0
0.53480976866124 12 3
0 9 0
0.318930589241506 11 1
0 9 0
0.318930589241506 11 1
0.53480976866124 12 3
2.00470656094661 14 4
3.79933417414161 21 15
12.1649854034661 28 43
0.318930589241506 11 1
2.93597299853103 20 19
0 9 0
0.569379668315705 18 16
0.728984203980586 13 2
0.728984203980586 13 2
0.817472073592408 13 6
0.318930589241506 11 1
2.50969536879735 21 21
0.817472073592408 13 6
0 9 0
2.75800294540928 16 21
9.30020924559978 24 37
8.18388302910191 24 39
1.4912554310973 15 7
0 9 0
0.817472073592408 13 6
14.8999277380321 30 56
0.728984203980586 13 2
2.92101970607446 16 9
0 9 0
0 9 0
0 9 0
0 9 0
0.318930589241506 11 1
3.7970693527306 19 21
0 9 0
0.318930589241506 11 1
0 9 0
0.817472073592408 13 6
5.17055501212241 20 25
0.318930589241506 11 1
1.20871835563717 14 10
1.89966708707081 15 7
0.318930589241506 11 1
1.04918551576012 14 4
3.12328689697851 19 14
0.318930589241506 11 1
0.318930589241506 11 1
4.68597543280045 17 28
4.68597543280045 17 28
0.817472073592408 13 6
2.61979313300924 17 8
0 9 0
2.84950063060621 20 11
0.318930589241506 11 1
0.318930589241506 11 1
2.00470656094661 14 4
0 9 0
10.4970403081693 26 44
0.318930589241506 11 1
0 9 0
0.53480976866124 12 3
2.00470656094661 14 4
2.74535681246103 17 13
0.817472073592408 13 6
0 9 0
0.817472073592408 13 6
5.2769506456668 21 31
6.82166672171535 22 36
2.38847406016187 17 16
14.1682770951429 31 60
0.318930589241506 11 1
1.20871835563717 14 10
1.7913555451214 15 15
0 9 0
2.8612820611479 18 22
0 9 0
0 9 0
1.04918551576012 14 4
3.09804230070295 18 18
0.318930589241506 11 1
0.318930589241506 11 1
0.318930589241506 11 1
0 9 0
0 9 0
0 9 0
0.53480976866124 12 3
0 9 0
6.98463737548553 21 30
1.20871835563717 14 10
0 9 0
0 9 0
0.53480976866124 12 3
0 9 0
4.68597543280045 17 28
0 9 0
0 9 0
0.318930589241506 11 1
0.53480976866124 12 3
0.318930589241506 11 1
8.68248526587511 24 31
0 9 0
9.65555214531626 24 33
0.53480976866124 12 3
6.07849001066192 20 31
1.7913555451214 15 15
0.53480976866124 12 3
0 9 0
1.20871835563717 14 10
1.4912554310973 15 7
0 9 0
0 9 0
4.68597543280045 17 28
2.75800294540928 16 21
0.318930589241506 11 1
2.14875912302948 16 11
0 9 0
2.00470656094661 14 4
2.12911660958031 16 11
0 9 0
0 9 0
0.53480976866124 12 3
0 9 0
0 9 0
0.53480976866124 12 3
0.318930589241506 11 1
0.318930589241506 11 1
0.318930589241506 11 1
0 9 0
0.53480976866124 12 3
0.53480976866124 12 3
0.728984203980586 13 2
0.318930589241506 11 1
5.77721887707024 19 29
0 9 0
0.53480976866124 12 3
0.53480976866124 12 3
0.817472073592408 13 6
1.7913555451214 15 15
2.75800294540928 16 21
2.00470656094661 14 4
0.318930589241506 11 1
0 9 0
2.55144471393205 16 5
0 9 0
1.7913555451214 15 15
1.22620811038861 17 8
0 9 0
1.20871835563717 14 10
5.2769506456668 21 31
17.7358353993299 33 67
9.30020924559978 24 37
0 9 0
4.73607162092281 20 23
1.4912554310973 15 7
0.318930589241506 11 1
0 9 0
6.67666770150428 21 13
0 9 0
1.89966708707081 15 7
0 9 0
0.53480976866124 12 3
0 9 0
0 9 0
0 9 0
1.63494414718482 17 12
10.7446115410564 27 32
0 9 0
1.04918551576012 14 4
1.71087689992846 18 18
0 9 0
0 9 0
5.63243831516986 23 32
4.68597543280045 17 28
0.728984203980586 13 2
4.68597543280045 17 28
2.16212520554578 16 9
0 9 0
0 9 0
12.0561604895055 28 53
4.00795187589814 20 23
2.00470656094661 14 4
3.71583548387221 24 22
9.54465354319901 25 44
0 9 0
0.318930589241506 11 1
3.09804230070295 18 18
1.20871835563717 14 10
3.13979164583765 18 12
0 9 0
0 9 0
0.53480976866124 12 3
0.318930589241506 11 1
0.318930589241506 11 1
7.843019340719 23 43
2.12911660958031 16 11
2.14875912302948 16 11
0.318930589241506 11 1
0.53480976866124 12 3
0 9 0
0 9 0
0.728984203980586 13 2
4.59260048507769 19 8
1.04918551576012 14 4
0 9 0
0 9 0
5.77721887707024 19 29
0 9 0
2.65904806581589 17 16
0 9 0
2.92101970607446 16 9
0.318930589241506 11 1
0.318930589241506 11 1
0 9 0
0.728984203980586 13 2
0.318930589241506 11 1
2.12911660958031 16 11
3.13979164583765 18 12
5.77721887707024 19 29
0.318930589241506 11 1
13.0775131085092 29 59
4.68597543280045 17 28
11.0348078705019 27 46
1.04918551576012 14 4
0.817472073592408 13 6
0 9 0
0.318930589241506 11 1
0 9 0
0.318930589241506 11 1
5.77721887707024 19 29
19.7415176981679 35 74
0 9 0
0.53480976866124 12 3
2.74535681246103 17 13
0.318930589241506 11 1
1.04918551576012 14 4
13.1863380224698 29 50
0.318930589241506 11 1
0.318930589241506 11 1
0.53480976866124 12 3
0.318930589241506 11 1
0 9 0
0 9 0
0.53480976866124 12 3
0.318930589241506 11 1
10.3630569341128 25 35
0.728984203980586 13 2
0.318930589241506 11 1
0 9 0
2.65904806581589 17 16
0.53480976866124 12 3
0.318930589241506 11 1
4.38152955911169 19 12
0.318930589241506 11 1
2.75800294540928 16 21
0 9 0
1.25902261891215 16 5
1.20871835563717 14 10
0 9 0
0.53480976866124 12 3
8.68248526587511 24 31
8.26035973245156 22 32
0.728984203980586 13 2
0 9 0
0.728984203980586 13 2
5.77721887707024 19 29
1.20871835563717 14 10
5.8261861301936 22 20
0.318930589241506 11 1
1.63494414718482 17 12
1.89966708707081 15 7
0.817472073592408 13 6
5.17055501212241 20 25
6.07849001066192 20 31
0.318930589241506 11 1
3.66419641712789 18 22
0 9 0
0 9 0
1.7913555451214 15 15
1.27572235696603 17 8
0 9 0
0 9 0
6.45517859818104 21 34
6.07849001066192 20 31
0.728984203980586 13 2
0 9 0
4.68597543280045 17 28
0.318930589241506 11 1
0.728984203980586 13 2
0.318930589241506 11 1
0.318930589241506 11 1
2.74535681246103 17 13
3.66419641712789 18 22
0 9 0
2.12911660958031 16 11
8.52330092419535 24 37
0 9 0
2.14875912302948 16 11
0.817472073592408 13 6
0.318930589241506 11 1
0 9 0
2.80658918532526 18 6
0 9 0
1.20871835563717 14 10
0 9 0
10.2834449693679 28 43
2.12911660958031 16 11
6.07849001066192 20 31
0 9 0
5.36825932588988 22 28
0.318930589241506 11 1
0.817472073592408 13 6
1.27572235696603 15 3
0 9 0
0.318930589241506 11 1
0.318930589241506 11 1
0.728984203980586 13 2
0.728984203980586 13 2
0 9 0
0.318930589241506 11 1
2.80658918532526 18 6
4.68597543280045 17 28
0.318930589241506 11 1
6.82166672171535 22 36
0.318930589241506 11 1
3.13979164583765 18 12
6.07849001066192 20 31
1.7913555451214 15 15
0.53480976866124 12 3
5.77721887707024 19 29
0 9 0
0 9 0
0.318930589241506 11 1
0.53480976866124 12 3
0.53480976866124 12 3
1.20871835563717 14 10
0 9 0
0 9 0
4.68597543280045 17 28
0 9 0
8.52330092419535 24 37
0.318930589241506 11 1
4.68597543280045 17 28
1.49746735225147 15 6
1.20871835563717 14 10
0.53480976866124 12 3
1.20871835563717 14 10
9.54973119319387 24 49
0.318930589241506 11 1
0.318930589241506 11 1
0.318930589241506 11 1
0.318930589241506 11 1
0.728984203980586 13 2
0 9 0
0.318930589241506 11 1
0.318930589241506 11 1
0 9 0
4.46502824938109 21 9
0 9 0
1.27572235696603 17 8
0 9 0
9.65555214531626 24 33
5.2769506456668 21 31
0 9 0
6.45517859818104 21 34
4.68597543280045 17 28
1.7913555451214 15 15
0.318930589241506 11 1
3.74366838062868 20 16
4.68597543280045 17 28
1.04918551576012 14 4
0 9 0
0 9 0
0.53480976866124 12 3
3.09804230070295 18 18
0 9 0
0.728984203980586 13 2
0 9 0
5.77721887707024 19 29
0 9 0
6.8679302235809 22 26
0 9 0
2.65904806581589 17 16
0.53480976866124 12 3
9.69548991294179 23 20
0.318930589241506 11 1
0.817472073592408 13 6
0.318930589241506 11 1
0 9 0
0 9 0
1.89966708707081 15 7
2.65904806581589 17 16
4.01115372906391 19 24
6.45517859818104 21 34
0.318930589241506 11 1
0 9 0
0 9 0
0 9 0
0 9 0
0 9 0
0 9 0
3.75758482900691 19 14
5.77721887707024 19 29
6.07849001066192 20 31
1.20871835563717 14 10
0.318930589241506 11 1
9.69250973698144 26 42
7.843019340719 23 43
3.66419641712789 18 22
5.2769506456668 21 31
5.17055501212241 20 25
2.00470656094661 14 4
6.07849001066192 20 31
0 9 0
3.7970693527306 19 21
0 9 0
0.318930589241506 11 1
0 9 0
1.04918551576012 14 4
4.68597543280045 17 28
0 9 0
0.728984203980586 13 2
0 9 0
2.75800294540928 16 21
0 9 0
0 9 0
0.318930589241506 11 1
0.318930589241506 11 1
2.12911660958031 16 11
0 9 0
0.318930589241506 11 1
0.53480976866124 12 3
0 9 0
4.68597543280045 17 28
0 9 0
0 9 0
0.817472073592408 13 6
3.94367165187452 18 16
0.817472073592408 13 6
5.77721887707024 19 29
1.04918551576012 14 4
5.77721887707024 19 29
2.55144471393205 16 5
0.817472073592408 13 6
0 9 0
0.817472073592408 13 6
0 9 0
2.00470656094661 14 4
0.53480976866124 12 3
0 9 0
6.78870229929326 21 19
5.05337518128669 20 19
6.98511005441662 22 38
6.8679302235809 22 26
6.15757502365593 22 28
0 9 0
4.68597543280045 17 28
0.728984203980586 13 2
0 9 0
0 9 0
1.7913555451214 15 15
5.88680805313223 22 26
0.318930589241506 11 1
0.318930589241506 11 1
1.04918551576012 14 4
5.77721887707024 19 29
1.4912554310973 15 7
11.417830037039 26 50
0.817472073592408 13 6
0.318930589241506 11 1
0.318930589241506 11 1
0 9 0
4.68597543280045 17 28
8.44114453745162 25 44
0 9 0
0.53480976866124 12 3
2.75800294540928 16 21
0.318930589241506 11 1
0 9 0
0.53480976866124 12 3
2.65904806581589 17 16
5.7673496802896 20 17
4.68597543280045 17 28
4.68597543280045 17 28
2.74535681246103 17 13
1.49746735225147 15 6
4.68597543280045 17 28
0 9 0
0 9 0
0 9 0
3.13979164583765 18 12
0 9 0
0.318930589241506 11 1
0.817472073592408 13 6
0.53480976866124 12 3
0 9 0
7.96824334042563 24 22
0.817472073592408 13 6
0 9 0
0 9 0
4.68597543280045 17 28
6.07849001066192 20 31
0 9 0
0 9 0
0.318930589241506 11 1
2.65904806581589 17 16
10.1779459589717 26 26
0.318930589241506 11 1
3.97020522183458 20 15
4.68597543280045 17 28
0.318930589241506 11 1
3.94367165187452 18 16
0 9 0
4.68597543280045 17 28
7.17892764265958 23 30
1.04918551576012 14 4
0 9 0
0 9 0
1.20871835563717 14 10
4.68597543280045 17 28
0.318930589241506 11 1
0 9 0
0 9 0
3.09804230070295 18 18
4.01115372906391 19 24
1.20871835563717 14 10
0 9 0
2.92101970607446 16 9
0.53480976866124 12 3
0.728984203980586 13 2
0.318930589241506 11 1
2.12911660958031 16 11
0 9 0
0 9 0
1.20871835563717 14 10
0.318930589241506 11 1
1.22620811038861 17 8
4.68597543280045 17 28
0.318930589241506 11 1
2.65904806581589 17 16
0.318930589241506 11 1
1.20871835563717 14 10
0 9 0
0 9 0
0 9 0
0 9 0
0 9 0
6.07849001066192 20 31
0.53480976866124 12 3
2.00470656094661 14 4
2.74535681246103 17 13
2.12911660958031 16 11
0.318930589241506 11 1
0.318930589241506 11 1
0 9 0
3.66419641712789 18 22
0 9 0
6.82166672171535 22 36
0 9 0
0 9 0
0.318930589241506 11 1
4.68597543280045 17 28
0 9 0
1.7913555451214 15 15
0.318930589241506 11 1
1.49746735225147 15 6
0.53480976866124 12 3
0 9 0
1.7913555451214 15 15
5.7673496802896 20 17
0.318930589241506 11 1
5.05337518128669 20 19
1.20871835563717 14 10
1.7913555451214 15 15
5.77721887707024 19 29
0 9 0
0.817472073592408 13 6
6.98463737548553 21 30
0 9 0
0.53480976866124 12 3
0 9 0
0.53480976866124 12 3
2.30698873327677 20 19
4.68597543280045 17 28
2.92101970607446 16 9
4.68597543280045 17 28
0.318930589241506 11 1
0 9 0
5.77721887707024 19 29
0.318930589241506 11 1
0.728984203980586 13 2
2.65904806581589 17 16
4.00795187589814 20 23
0.318930589241506 11 1
0.318930589241506 11 1
0.318930589241506 11 1
0 9 0
2.92101970607446 16 9
0 9 0
2.92101970607446 16 9
0.817472073592408 13 6
0 9 0
1.7913555451214 15 15
0 9 0
3.66419641712789 18 22
0 9 0
0.318930589241506 11 1
1.04918551576012 14 4
0 9 0
0.817472073592408 13 6
4.68597543280045 17 28
4.68597543280045 17 28
2.65904806581589 17 16
4.68597543280045 17 28
0 9 0
1.4912554310973 15 7
0.53480976866124 12 3
0.53480976866124 12 3
2.16212520554578 16 9
0.318930589241506 11 1
1.4912554310973 15 7
0 9 0
6.98511005441662 22 38
0.53480976866124 12 3
0 9 0
0 9 0
1.4912554310973 15 7
0.318930589241506 11 1
0 9 0
1.20871835563717 14 10
7.50125320963559 23 28
0.318930589241506 11 1
1.7913555451214 15 15
9.69548991294179 23 20
0 9 0
1.20871835563717 14 10
0 9 0
2.92101970607446 16 9
0.53480976866124 12 3
4.68597543280045 17 28
2.61979313300924 17 8
0.318930589241506 11 1
2.12911660958031 16 11
3.1197236505239 21 13
0 9 0
0.318930589241506 11 1
5.46156726747689 23 32
1.4912554310973 15 7
0.318930589241506 11 1
0.318930589241506 11 1
0 9 0
3.09804230070295 18 18
0 9 0
0 9 0
6.98463737548553 21 30
0.318930589241506 11 1
0.53480976866124 12 3
2.75800294540928 16 21
1.20871835563717 14 10
4.68597543280045 17 28
0.318930589241506 11 1
4.49609640475824 20 27
0.817472073592408 13 6
0 9 0
0.318930589241506 11 1
8.18388302910191 24 39
2.75800294540928 16 21
0.318930589241506 11 1
0.53480976866124 12 3
0.318930589241506 11 1
0 9 0
1.89966708707081 15 7
2.00470656094661 14 4
0.318930589241506 11 1
4.01115372906391 19 24
1.20871835563717 14 10
0 9 0
2.12911660958031 16 11
5.77721887707024 19 29
0 9 0
3.81875070255155 20 19
0.318930589241506 11 1
3.94367165187452 18 16
1.20871835563717 14 10
0.53480976866124 12 3
0.318930589241506 11 1
0 9 0
7.843019340719 23 43
0 9 0
2.12911660958031 16 11
4.68597543280045 17 28
2.00470656094661 14 4
2.00470656094661 14 4
1.71087689992846 18 18
5.77721887707024 19 29
0.53480976866124 12 3
1.89966708707081 15 7
0.318930589241506 11 1
1.89966708707081 15 7
0 9 0
0.728984203980586 13 2
2.92101970607446 16 9
3.75758482900691 19 14
1.25902261891215 16 5
7.843019340719 23 43
0 9 0
4.68597543280045 17 28
0 9 0
4.68597543280045 17 28
0.318930589241506 11 1
0.318930589241506 11 1
0 9 0
2.04115577114564 19 9
0 9 0
0.318930589241506 11 1
0 9 0
1.7913555451214 15 15
0.318930589241506 11 1
0 9 0
0.728984203980586 13 2
0 9 0
0 9 0
2.38847406016187 17 16
7.843019340719 23 43
2.92101970607446 16 9
8.68248526587511 24 39
1.7913555451214 15 15
4.68597543280045 17 28
0 9 0
3.66419641712789 18 22
0 9 0
0.318930589241506 11 1
2.12911660958031 16 11
0.53480976866124 12 3
15.5989547900597 31 60
2.8612820611479 18 22
0.318930589241506 11 1
0.53480976866124 12 3
0.53480976866124 12 3
0.318930589241506 11 1
0.817472073592408 13 6
0 9 0
6.82166672171535 22 36
0 9 0
0.318930589241506 11 1
0.318930589241506 11 1
0 9 0
1.71087689992846 18 18
0 9 0
0 9 0
0 9 0
0.728984203980586 13 2
0 9 0
0.318930589241506 11 1
1.20871835563717 14 10
2.75800294540928 16 21
0.53480976866124 12 3
4.68597543280045 17 28
0.318930589241506 11 1
0 9 0
0 9 0
0.318930589241506 11 1
4.68597543280045 17 28
6.82166672171535 22 36
8.68248526587511 24 31
0 9 0
5.17055501212241 20 25
3.09804230070295 18 18
14.5753003416265 30 64
0 9 0
2.75800294540928 16 21
0.817472073592408 13 6
1.7913555451214 15 15
0.53480976866124 12 3
0.728984203980586 13 2
2.14875912302948 16 11
0.53480976866124 12 3
2.75800294540928 16 21
0.318930589241506 11 1
0.728984203980586 13 2
1.04918551576012 14 4
0 9 0
0 9 0
0 9 0
0.318930589241506 11 1
0 9 0
0 9 0
0.318930589241506 11 1
4.68597543280045 17 28
2.55144471393205 16 5
7.37569475353193 23 26
0 9 0
4.36664139856698 21 25
3.74366838062868 20 16
0 9 0
11.8117161919063 27 52
0 9 0
0.817472073592408 13 6
2.00470656094661 14 4
13.0775131085092 29 59
0.318930589241506 11 1
0.318930589241506 11 1
0.53480976866124 12 3
0.318930589241506 11 1
5.77721887707024 19 29
0 9 0
1.7913555451214 15 15
0.318930589241506 11 1
0 9 0
0 9 0
0.318930589241506 11 1
0 9 0
6.45517859818104 21 34
2.75800294540928 16 21
0 9 0
0 9 0
4.68597543280045 17 28
0.53480976866124 12 3
0 9 0
0.318930589241506 11 1
0 9 0
0 9 0
0 9 0
0 9 0
4.68597543280045 17 28
0.318930589241506 11 1
0.53480976866124 12 3
0.817472073592408 13 6
2.75800294540928 16 21
2.38847406016187 17 16
2.8612820611479 18 22
0 9 0
2.92101970607446 16 9
0.318930589241506 11 1
0.728984203980586 13 2
0.817472073592408 13 6
0 9 0
0.53480976866124 12 3
2.75800294540928 16 21
0 9 0
2.92101970607446 16 9
0 9 0
2.75800294540928 16 21
2.74535681246103 17 13
0.318930589241506 11 1
0.53480976866124 12 3
1.7913555451214 15 15
1.4912554310973 15 7
0.53480976866124 12 3
3.66419641712789 18 22
6.15757502365593 22 28
1.7913555451214 15 15
0 9 0
2.75800294540928 16 21
5.77721887707024 19 29
0 9 0
0.53480976866124 12 3
0.318930589241506 11 1
0.318930589241506 11 1
1.7913555451214 15 15
0 9 0
6.82166672171535 22 36
2.14875912302948 16 11
1.20871835563717 14 10
0 9 0
0 9 0
4.68597543280045 17 28
2.42425984495087 19 9
4.68597543280045 17 28
0 9 0
0.728984203980586 13 2
2.75800294540928 16 21
3.7970693527306 19 21
0.318930589241506 11 1
0.817472073592408 13 6
1.7913555451214 15 15
0 9 0
1.49746735225147 15 6
0 9 0
6.07849001066192 20 31
7.50125320963559 23 28
4.68597543280045 17 28
2.92101970607446 16 9
0 9 0
2.00470656094661 14 4
0 9 0
5.7673496802896 20 17
0.318930589241506 11 1
1.04918551576012 14 4
4.68597543280045 17 28
0 9 0
0 9 0
0.53480976866124 12 3
0 9 0
0 9 0
0 9 0
0 9 0
0.318930589241506 11 1
0.318930589241506 11 1
2.38847406016187 17 16
1.4912554310973 15 7
0.318930589241506 11 1
1.7913555451214 15 15
7.37569475353193 23 26
0 9 0
0.318930589241506 11 1
0 9 0
0.318930589241506 11 1
7.843019340719 23 43
0 9 0
6.82166672171535 22 36
0 9 0
0.728984203980586 13 2
0.318930589241506 11 1
0.318930589241506 11 1
0.318930589241506 11 1
0.53480976866124 12 3
0.53480976866124 12 3
4.01115372906391 19 24
0 9 0
4.01115372906391 19 24
0.318930589241506 11 1
0 9 0
3.75758482900691 20 19
2.92101970607446 16 9
0.817472073592408 13 6
0 9 0
0 9 0
0.53480976866124 12 3
1.25902261891215 16 5
1.7913555451214 15 15
0.318930589241506 11 1
0 9 0
12.2069968592483 26 38
1.89966708707081 15 7
2.65904806581589 17 16
8.27885662659612 23 35
0.817472073592408 13 6
0.318930589241506 11 1
3.66419641712789 18 22
6.07849001066192 20 31
0.817472073592408 13 6
6.07849001066192 20 31
19.7415176981679 35 74
2.12911660958031 16 11
4.68597543280045 17 28
9.22811241543634 24 25
0.318930589241506 11 1
0.318930589241506 11 1
0 9 0
0.318930589241506 11 1
0 9 0
2.75800294540928 16 21
5.77721887707024 19 29
1.27572235696603 15 3
1.7913555451214 15 15
0.318930589241506 11 1
1.20871835563717 14 10
1.71087689992846 18 18
2.00470656094661 14 4
5.99705717788657 21 13
0.318930589241506 11 1
0.318930589241506 11 1
1.20871835563717 14 10
1.7913555451214 15 15
1.49746735225147 15 6
0.318930589241506 11 1
0 9 0
4.68597543280045 17 28
0 9 0
2.00470656094661 14 4
0.817472073592408 13 6
19.5756395466637 33 59
6.45517859818104 21 34
0.53480976866124 12 3
0 9 0
2.00470656094661 14 4
5.1028894278641 18 10
0 9 0
0 9 0
0.817472073592408 13 6
0 9 0
0 9 0
0.817472073592408 13 6
0 9 0
0 9 0
0.318930589241506 11 1
1.20871835563717 14 10
0.318930589241506 11 1
0.53480976866124 12 3
0 9 0
11.417830037039 26 50
4.59260048507769 19 8
0.728984203980586 13 2
0 9 0
9.54973119319387 24 49
0.53480976866124 12 3
0.318930589241506 11 1
2.00470656094661 14 4
2.12911660958031 16 11
4.73607162092281 20 23
0 9 0
7.37569475353193 23 26
0 9 0
0.728984203980586 13 2
9.65555214531626 24 33
2.38847406016187 17 16
2.12911660958031 16 11
0.318930589241506 11 1
0 9 0
0 9 0
0.817472073592408 13 6
2.00470656094661 14 4
0 9 0
0.53480976866124 12 3
0 9 0
0.817472073592408 13 6
0.318930589241506 11 1
0 9 0
0 9 0
4.68597543280045 17 28
4.68597543280045 17 28
0.817472073592408 13 6
0 9 0
0.817472073592408 13 6
0 9 0
0 9 0
5.17055501212241 20 25
0.318930589241506 11 1
0 9 0
0 9 0
0 9 0
2.00470656094661 14 4
1.04918551576012 14 4
6.98511005441662 22 38
0 9 0
1.27572235696603 15 3
2.00470656094661 14 4
0.53480976866124 12 3
0 9 0
0.318930589241506 11 1
0 9 0
1.89966708707081 15 7
0.728984203980586 13 2
0 9 0
1.04918551576012 14 4
1.04918551576012 14 4
4.68597543280045 17 28
1.04918551576012 14 4
0.318930589241506 11 1
0.318930589241506 11 1
1.7913555451214 15 15
8.0446240873921 23 35
3.97020522183458 20 15
0 9 0
0.318930589241506 11 1
0.53480976866124 12 3
0 9 0
0.318930589241506 11 1
2.00470656094661 14 4
6.98511005441662 22 38
0 9 0
0 9 0
0.728984203980586 13 2
2.12911660958031 16 11
0 9 0
0.318930589241506 11 1
0.817472073592408 13 6
3.7970693527306 19 21
0 9 0
0.318930589241506 11 1
0 9 0
0 9 0
0.53480976866124 12 3
0 9 0
0.318930589241506 11 1
0.318930589241506 11 1
0 9 0
4.68597543280045 17 28
0.318930589241506 11 1
0.318930589241506 11 1
0 9 0
0 9 0
0.318930589241506 11 1
0.817472073592408 13 6
6.67666770150428 21 13
0.318930589241506 11 1
2.65904806581589 17 16
0.318930589241506 11 1
0 9 0
1.89966708707081 15 7
2.38847406016187 17 16
0.728984203980586 13 2
0 9 0
0.318930589241506 11 1
3.7970693527306 19 21
0 9 0
0 9 0
0.318930589241506 11 1
0.817472073592408 13 6
0 9 0
5.1028894278641 18 10
6.82166672171535 22 36
0 9 0
2.75800294540928 16 21
0 9 0
0.817472073592408 13 6
2.55144471393205 16 5
0 9 0
0.318930589241506 11 1
5.1028894278641 18 10
0.318930589241506 11 1
0.318930589241506 11 1
2.14875912302948 16 11
0.728984203980586 13 2
0.318930589241506 11 1
1.04918551576012 14 4
0.728984203980586 13 2
0.318930589241506 11 1
1.20871835563717 14 10
0.53480976866124 12 3
2.75800294540928 16 21
1.7913555451214 15 15
0.318930589241506 11 1
1.04918551576012 14 4
0 9 0
0 9 0
9.65555214531626 24 33
10.7138623559851 27 49
0 9 0
0 9 0
0 9 0
1.7913555451214 15 15
3.94367165187452 18 16
3.66419641712789 18 22
0 9 0
7.42837505528544 22 32
6.98463737548553 21 30
5.05337518128669 20 19
2.75800294540928 16 21
0 9 0
0 9 0
0.318930589241506 11 1
5.36825932588988 22 28
0 9 0
1.20871835563717 14 10
0 9 0
0.728984203980586 13 2
1.7913555451214 15 15
0 9 0
1.89966708707081 15 7
1.20871835563717 14 10
2.8612820611479 18 22
10.8614301497436 27 40
5.77721887707024 19 29
2.55144471393205 16 5
0 9 0
0 9 0
8.26035973245156 22 32
0.817472073592408 13 6
0.728984203980586 13 2
3.77765282432066 19 17
0 9 0
2.12911660958031 16 11
2.74535681246103 17 13
0 9 0
3.13979164583765 18 12
0 9 0
0.318930589241506 11 1
0 9 0
6.07849001066192 20 31
0.53480976866124 12 3
1.4912554310973 15 7
1.04918551576012 14 4
0.318930589241506 11 1
4.36664139856698 21 25
4.68597543280045 17 28
0.318930589241506 11 1
0 9 0
0 9 0
0.53480976866124 12 3
2.00470656094661 14 4
2.8612820611479 18 22
2.38847406016187 17 16
0.318930589241506 11 1
3.09804230070295 18 18
1.89966708707081 15 7
0 9 0
4.36664139856698 21 25
0 9 0
0 9 0
0 9 0
0.318930589241506 11 1
0 9 0
1.04918551576012 14 4
6.84753874919726 22 18
3.7970693527306 19 21
0.53480976866124 12 3
2.14875912302948 16 11
2.55144471393205 16 5
0 9 0
0.318930589241506 11 1
4.68597543280045 17 28
0.318930589241506 11 1
1.20871835563717 14 10
0.728984203980586 13 2
0.53480976866124 12 3
0 9 0
5.77721887707024 19 29
1.04918551576012 14 4
0.318930589241506 11 1
14.2633564349864 31 51
0 9 0
0 9 0
2.65904806581589 17 16
11.1992985779754 27 30
0 9 0
0 9 0
0.318930589241506 11 1
6.45517859818104 21 34
0 9 0
3.66419641712789 18 22
0 9 0
0.318930589241506 11 1
1.7913555451214 15 15
0 9 0
3.66419641712789 18 22
0 9 0
0.318930589241506 11 1
0 9 0
5.77721887707024 19 29
0.817472073592408 13 6
3.37530110682571 19 17
3.66419641712789 18 22
0.318930589241506 11 1
0.318930589241506 11 1
0 9 0
0.318930589241506 11 1
0 9 0
1.04918551576012 14 4
0 9 0
10.9591687674611 26 38
0.318930589241506 11 1
0.318930589241506 11 1
0 9 0
4.68597543280045 17 28
0.53480976866124 12 3
0 9 0
0.728984203980586 13 2
0 9 0
2.75800294540928 16 21
0 9 0
2.00470656094661 14 4
5.77721887707024 19 29
0.817472073592408 13 6
1.7913555451214 15 15
0 9 0
0.318930589241506 11 1
1.04918551576012 14 4
0 9 0
0.53480976866124 12 3
10.4970403081693 26 44
1.04918551576012 14 4
0.728984203980586 13 2
0.318930589241506 11 1
1.27572235696603 15 3
1.04918551576012 14 4
0 9 0
2.12911660958031 16 11
4.68597543280045 17 28
0 9 0
0.318930589241506 11 1
0.318930589241506 11 1
4.68597543280045 17 28
0 9 0
1.04918551576012 14 4
0.318930589241506 11 1
0 9 0
1.7913555451214 15 15
4.00795187589814 20 23
2.61979313300924 17 8
0.817472073592408 13 6
1.23397301183133 17 7
2.75800294540928 16 21
0 9 0
8.99348268495379 25 39
8.26035973245156 22 32
0 9 0
4.93784193927272 21 19
2.75800294540928 16 21
4.68597543280045 17 28
1.20871835563717 14 10
0.318930589241506 11 1
0 9 0
0.728984203980586 13 2
0 9 0
4.68597543280045 17 28
4.68597543280045 17 28
0 9 0
0.53480976866124 12 3
0.728984203980586 13 2
0.728984203980586 13 2
0.318930589241506 11 1
9.65555214531626 24 33
0.53480976866124 12 3
0.318930589241506 11 1
2.55144471393205 16 5
13.5562495520524 29 47
7.843019340719 23 43
4.73607162092281 20 23
0 9 0
0 9 0
2.38847406016187 17 16
0.53480976866124 12 3
0.318930589241506 11 1
4.68597543280045 17 28
2.00470656094661 14 4
0 9 0
2.12911660958031 16 11
0 9 0
0.318930589241506 11 1
0.318930589241506 11 1
0.318930589241506 11 1
0 9 0
0.817472073592408 13 6
0 9 0
0 9 0
0 9 0
2.61979313300924 17 8
14.5753003416265 30 64
0.318930589241506 11 1
0 9 0
0.53480976866124 12 3
0 9 0
1.20871835563717 14 10
4.68597543280045 17 28
0 9 0
1.7913555451214 15 15
0 9 0
0 9 0
2.75800294540928 16 21
0 9 0
0.318930589241506 11 1
4.74599706128595 19 14
0 9 0
0 9 0
2.75800294540928 16 21
0.53480976866124 12 3
1.7913555451214 15 15
0 9 0
0.318930589241506 11 1
0.53480976866124 12 3
7.843019340719 23 43
4.49609640475824 20 27
5.77721887707024 19 29
2.38847406016187 17 16
0 9 0
2.75800294540928 16 21
1.04918551576012 14 4
0 9 0
0.318930589241506 11 1
0 9 0
7.70190704603244 24 27
0 9 0
0 9 0
0.318930589241506 11 1
3.37530110682571 19 17
0.817472073592408 13 6
0 9 0
0.53480976866124 12 3
0.728984203980586 13 2
2.06892478025658 22 18
0.318930589241506 11 1
0 9 0
0.318930589241506 11 1
0 9 0
0.53480976866124 12 3
0 9 0
0 9 0
8.26035973245156 22 32
0.318930589241506 11 1
2.12911660958031 16 11
0.53480976866124 12 3
6.07849001066192 20 31
1.4912554310973 15 7
0 9 0
9.54973119319387 24 49
4.68597543280045 17 28
6.07849001066192 20 31
1.89966708707081 15 7
3.66419641712789 18 22
8.42131702283744 27 41
0.318930589241506 11 1
8.06791879172024 23 34
2.75800294540928 16 21
7.843019340719 23 43
0 9 0
0.318930589241506 11 1
1.49746735225147 15 6
1.20871835563717 14 10
0 9 0
1.7913555451214 15 15
0 9 0
0.53480976866124 12 3
0 9 0
0.318930589241506 11 1
1.20871835563717 14 10
1.20871835563717 14 10
0 9 0
3.66419641712789 18 22
4.68597543280045 17 28
0.53480976866124 12 3
0 9 0
0.318930589241506 11 1
3.13979164583765 18 12
0 9 0
1.20871835563717 14 10
0.53480976866124 12 3
0 9 0
0 9 0
10.4659721527922 26 38
0.728984203980586 13 2
0.728984203980586 13 2
0.318930589241506 11 1
3.66419641712789 18 22
5.77721887707024 19 29
0.318930589241506 11 1
0.53480976866124 12 3
0.817472073592408 13 6
0.318930589241506 11 1
0 9 0
0.817472073592408 13 6
0 9 0
0.53480976866124 12 3
9.54465354319901 25 44
5.30709345234524 21 25
1.20871835563717 14 10
5.95337099917479 24 18
0.318930589241506 11 1
0 9 0
2.12911660958031 16 11
12.8925547381769 30 54
2.65904806581589 17 16
0 9 0
0.318930589241506 11 1
0 9 0
0.318930589241506 11 1
0 9 0
5.77721887707024 19 29
2.16212520554578 16 9
0 9 0
0.817472073592408 13 6
1.7913555451214 15 15
8.33781833256804 25 29
4.59414995193936 22 20
0.318930589241506 11 1
5.17055501212241 20 25
6.82166672171535 22 36
3.6411457520129 18 10
0.53480976866124 12 3
0.318930589241506 11 1
0 9 0
0 9 0
0 9 0
0 9 0
1.4912554310973 15 7
1.20871835563717 14 10
0.53480976866124 12 3
7.76986287504609 25 31
0.318930589241506 11 1
4.49609640475824 20 27
4.68597543280045 17 28
0 9 0
5.17055501212241 20 25
9.54973119319387 24 49
4.68597543280045 17 28
0.53480976866124 12 3
0.817472073592408 13 6
0.817472073592408 13 6
0.318930589241506 11 1
1.04918551576012 14 4
5.17055501212241 20 25
0 9 0
0 9 0
0 9 0
0.318930589241506 11 1
0 9 0
0.318930589241506 11 1
0 9 0
11.8117161919063 27 52
2.00470656094661 14 4
0.817472073592408 13 6
2.75800294540928 16 21
1.7913555451214 15 15
0 9 0
3.7970693527306 19 21
1.4912554310973 15 7
3.09804230070295 18 18
2.75800294540928 16 21
5.77721887707024 19 29
0 9 0
0.318930589241506 11 1
5.77721887707024 19 29
3.29025294969464 19 14
2.00470656094661 14 4
13.0562499235441 31 58
0 9 0
5.86832284204372 20 11
1.04918551576012 14 4
0.53480976866124 12 3
4.68597543280045 17 28
0 9 0
0 9 0
0.318930589241506 11 1
0 9 0
0.817472073592408 13 6
0.318930589241506 11 1
17.776614307255 33 47
10.24946503444 25 29
2.92101970607446 16 9
0 9 0
3.66419641712789 18 22
2.74535681246103 17 13
1.04918551576012 14 4
2.16212520554578 16 9
0 9 0
7.86889136820091 25 29
0.318930589241506 11 1
7.42837505528544 22 32
0 9 0
14.5753003416265 30 64
0 9 0
0.53480976866124 12 3
0 9 0
1.04918551576012 14 4
0 9 0
9.54973119319387 24 49
0.318930589241506 11 1
0 9 0
4.68597543280045 17 28
0.53480976866124 12 3
0 9 0
2.8612820611479 18 22
4.68597543280045 17 28
4.68597543280045 17 28
1.89966708707081 15 7
0.728984203980586 13 2
2.8612820611479 18 22
2.55144471393205 16 5
0.318930589241506 11 1
0.728984203980586 13 2
6.8679302235809 22 26
0 9 0
0 9 0
6.0999723965659 24 29
0 9 0
0 9 0
4.36664139856698 21 25
0 9 0
0 9 0
0 9 0
0.53480976866124 12 3
2.14875912302948 16 11
2.75800294540928 16 21
1.04918551576012 14 4
1.27572235696603 15 3
0 9 0
0 9 0
0 9 0
2.12911660958031 16 11
1.25902261891215 16 5
0 9 0
2.92101970607446 16 9
0 9 0
0 9 0
0 9 0
0.318930589241506 11 1
9.56791767724519 26 26
0.318930589241506 11 1
0.318930589241506 11 1
0 9 0
2.92101970607446 16 9
6.84753874919726 22 18
0 9 0
1.04918551576012 14 4
4.68597543280045 17 28
0.318930589241506 11 1
0.318930589241506 11 1
0 9 0
5.17055501212241 20 25
6.07849001066192 20 31
0.318930589241506 11 1
5.77721887707024 19 29
0.318930589241506 11 1
2.00470656094661 14 4
1.7913555451214 15 15
0 9 0
0.318930589241506 11 1
0.318930589241506 11 1
3.67862433116584 21 22
0 9 0
0 9 0
4.01115372906391 19 24
4.68597543280045 17 28
2.74535681246103 17 13
0 9 0
0 9 0
0 9 0
0 9 0
2.75800294540928 16 21
4.74599706128595 19 14
2.00470656094661 14 4
0.53480976866124 12 3
0 9 0
2.14875912302948 16 11
0 9 0
0.817472073592408 13 6
1.20871835563717 14 10
0 9 0
11.1844157332297 29 47
0.53480976866124 12 3
0 9 0
0.318930589241506 11 1
0.318930589241506 11 1
0 9 0
1.89966708707081 15 7
1.04918551576012 14 4
0.53480976866124 12 3
4.82425003959988 22 24
0 9 0
0 9 0
0.728984203980586 13 2
0 9 0
0.53480976866124 12 3
2.38847406016187 17 16
0 9 0
2.00470656094661 14 4
2.12911660958031 16 11
2.65904806581589 17 16
3.66419641712789 18 22
1.7913555451214 15 15
5.45854797162828 21 22
0.318930589241506 11 1
1.04918551576012 14 4
6.07849001066192 20 31
0.817472073592408 13 6
0.728984203980586 13 2
0 9 0
0.318930589241506 11 1
8.52330092419535 24 37
0 9 0
2.75800294540928 16 21
0.53480976866124 12 3
4.01115372906391 19 24
0.318930589241506 11 1
0.318930589241506 11 1
10.4970403081693 26 44
0.817472073592408 13 6
0.53480976866124 12 3
0.318930589241506 11 1
1.25902261891215 16 5
2.75800294540928 16 21
1.20871835563717 14 10
0 9 0
0.318930589241506 11 1
4.68597543280045 17 28
2.04115577114564 19 9
1.49746735225147 15 6
7.843019340719 23 43
3.94367165187452 18 16
4.68597543280045 17 28
1.04918551576012 14 4
1.7913555451214 15 15
3.6411457520129 18 10
0.318930589241506 11 1
0 9 0
0.318930589241506 11 1
2.75800294540928 16 21
0.728984203980586 13 2
0 9 0
0 9 0
0.53480976866124 12 3
3.7970693527306 19 21
1.4912554310973 15 7
0.817472073592408 13 6
1.7913555451214 15 15
0.318930589241506 11 1
15.6494439826108 32 55
0 9 0
0.318930589241506 11 1
0 9 0
2.12911660958031 16 11
0.318930589241506 11 1
0 9 0
1.89966708707081 15 7
1.4912554310973 15 7
2.16212520554578 16 9
0 9 0
4.68597543280045 17 28
0 9 0
0 9 0
0 9 0
1.4912554310973 15 7
2.55144471393205 16 5
9.69250973698144 26 42
9.44266964184109 28 43
1.7913555451214 15 15
11.417830037039 26 50
0.728984203980586 13 2
0.817472073592408 13 6
0 9 0
2.12911660958031 16 11
1.20871835563717 14 10
4.68597543280045 17 28
0 9 0
0 9 0
0 9 0
0.318930589241506 11 1
0.318930589241506 11 1
9.54465354319901 25 44
0 9 0
7.14559466587141 24 29
0.318930589241506 11 1
0 9 0
0.318930589241506 11 1
0 9 0
0.318930589241506 11 1
0.53480976866124 12 3
2.75800294540928 16 21
0.53480976866124 12 3
0 9 0
4.00795187589814 20 23
9.27179859414812 29 42
2.75800294540928 16 21
8.27885662659612 23 35
4.68597543280045 17 28
5.77721887707024 19 29
2.55144471393205 16 5
1.20871835563717 14 10
2.14875912302948 16 11
6.78870229929326 21 19
0.318930589241506 11 1
0 9 0
0.53480976866124 12 3
0 9 0
8.52330092419535 24 37
5.8261861301936 22 20
0 9 0
0.318930589241506 11 1
0 9 0
9.30020924559978 24 37
0.318930589241506 11 1
9.54973119319387 24 49
0 9 0
0.318930589241506 11 1
1.4912554310973 15 7
0.53480976866124 12 3
0 9 0
0 9 0
0.318930589241506 11 1
0.318930589241506 11 1
0.53480976866124 12 3
11.417830037039 26 50
13.7546169590616 30 55
4.80483351118994 23 22
0 9 0
0.318930589241506 11 1
11.417830037039 26 50
4.68597543280045 17 28
0.318930589241506 11 1
0 9 0
9.26209235036429 27 38
0 9 0
3.66419641712789 18 22
0 9 0
0.318930589241506 11 1
8.27885662659612 23 35
0.817472073592408 13 6
1.89966708707081 15 7
0 9 0
0.728984203980586 13 2
3.94367165187452 18 16
0 9 0
0 9 0
0.53480976866124 12 3
0.318930589241506 11 1
0.569379668315705 18 16
0 9 0
0.318930589241506 11 1
1.63494414718482 17 12
15.2290432604771 31 56
4.68597543280045 17 28
0 9 0
4.85531819497703 22 28
0 9 0
1.04918551576012 14 4
5.77721887707024 19 29
5.77721887707024 19 29
0 9 0
0 9 0
1.04918551576012 14 4
0 9 0
0 9 0
8.99348268495379 25 39
0.318930589241506 11 1
0.318930589241506 11 1
0.318930589241506 11 1
1.7913555451214 15 15
2.74535681246103 17 13
2.65904806581589 17 16
0 9 0
2.30698873327677 20 19
0 9 0
1.7913555451214 15 15
0.318930589241506 11 1
0 9 0
6.82166672171535 22 36
1.20871835563717 14 10
0 9 0
0.318930589241506 11 1
0 9 0
0 9 0
0.318930589241506 11 1
0.728984203980586 13 2
4.68597543280045 17 28
0 9 0
9.54973119319387 24 49
9.54973119319387 24 49
0 9 0
0 9 0
0.53480976866124 12 3
0.318930589241506 11 1
0.728984203980586 13 2
0.318930589241506 11 1
2.00470656094661 14 4
0 9 0
0 9 0
0.318930589241506 11 1
0.318930589241506 11 1
0 9 0
0 9 0
0.53480976866124 12 3
5.77721887707024 19 29
2.84950063060621 20 11
3.7970693527306 19 21
2.75800294540928 16 21
2.65904806581589 17 16
0.318930589241506 11 1
3.37530110682571 19 17
12.0561604895055 28 53
0 9 0
2.75800294540928 16 21
0.53480976866124 12 3
4.68597543280045 17 28
4.68597543280045 17 28
1.49746735225147 15 6
0.817472073592408 13 6
0.318930589241506 11 1
3.09804230070295 18 18
4.68597543280045 17 28
2.12911660958031 16 11
4.49609640475824 20 27
1.20871835563717 14 10
4.99155784083824 25 23
0 9 0
1.4912554310973 15 7
0 9 0
0.318930589241506 11 1
2.75800294540928 16 21
5.17055501212241 20 25
0 9 0
0 9 0
6.98511005441662 22 38
0.728984203980586 13 2
3.75758482900691 20 19
0.817472073592408 13 6
3.29025294969464 19 14
0 9 0
0 9 0
0.318930589241506 11 1
0.53480976866124 12 3
0 9 0
7.843019340719 23 43
0.318930589241506 11 1
0.817472073592408 13 6
0.318930589241506 11 1
0.318930589241506 11 1
0 9 0
8.0446240873921 23 35
0.728984203980586 13 2
3.77765282432066 19 17
0 9 0
0.728984203980586 13 2
1.20871835563717 14 10
4.74599706128595 19 14
2.00470656094661 14 4
1.89966708707081 15 7
0 9 0
0 9 0
0.318930589241506 11 1
0.318930589241506 11 1
7.42837505528544 22 32
0.318930589241506 11 1
0.318930589241506 11 1
0.817472073592408 13 6
13.4427814485888 28 51
0 9 0
0 9 0
0 9 0
0 9 0
2.14875912302948 16 11
3.09804230070295 18 18
5.77721887707024 19 29
0 9 0
0.53480976866124 12 3
0.318930589241506 11 1
0 9 0
2.14875912302948 16 11
0.318930589241506 11 1
0.817472073592408 13 6
0.318930589241506 11 1
0 9 0
4.68597543280045 17 28
0.817472073592408 13 6
0 9 0
5.77721887707024 19 29
0.318930589241506 11 1
4.68597543280045 17 28
2.14875912302948 16 11
0.53480976866124 12 3
0.318930589241506 11 1
0.318930589241506 11 1
0 9 0
2.92101970607446 16 9
0.318930589241506 11 1
2.75800294540928 16 21
5.17055501212241 20 25
0.728984203980586 13 2
3.36017694010804 18 10
12.1649854034661 28 43
6.98511005441662 22 38
0 9 0
2.61979313300924 17 8
2.75800294540928 16 21
5.63243831516986 23 32
0.728984203980586 13 2
0 9 0
4.00795187589814 20 23
0 9 0
0 9 0
3.13979164583765 18 12
9.54973119319387 24 49
2.75800294540928 16 21
0.817472073592408 13 6
0 9 0
0.318930589241506 11 1
0 9 0
0 9 0
0 9 0
0 9 0
0 9 0
7.42837505528544 22 32
1.20871835563717 14 10
0.53480976866124 12 3
0.53480976866124 12 3
2.00470656094661 14 4
1.04918551576012 14 4
0 9 0
0 9 0
1.04918551576012 14 4
6.45517859818104 21 34
8.52330092419535 24 37
8.68248526587511 24 31
0.318930589241506 11 1
0 9 0
0 9 0
0 9 0
0.318930589241506 11 1
0 9 0
6.98511005441662 22 38
0 9 0
0 9 0
0.318930589241506 11 1
4.68597543280045 17 28
1.7913555451214 15 15
0.318930589241506 11 1
0.53480976866124 12 3
3.66419641712789 18 22
0 9 0
0 9 0
4.59414995193936 23 26
0.53480976866124 12 3
0 9 0
0 9 0
5.77721887707024 19 29
2.92101970607446 16 9
1.04918551576012 14 4
4.68597543280045 17 28
0 9 0
5.1028894278641 18 10
0 9 0
2.75800294540928 16 21
2.75800294540928 16 21
2.61979313300924 17 8
1.49746735225147 15 6
2.75800294540928 16 21
0.53480976866124 12 3
2.75800294540928 16 21
2.16212520554578 16 9
3.66419641712789 18 22
0 9 0
1.20871835563717 14 10
0.318930589241506 11 1
0 9 0
2.14875912302948 16 11
4.68597543280045 17 28
0 9 0
4.68597543280045 17 28
1.04918551576012 14 4
3.66419641712789 18 22
0 9 0
1.20871835563717 14 10
4.68597543280045 17 28
0 9 0
6.07849001066192 20 31
0.318930589241506 11 1
2.38847406016187 17 16
5.1028894278641 18 10
0.817472073592408 13 6
2.55144471393205 16 5
3.66419641712789 18 22
4.68597543280045 17 28
0.318930589241506 11 1
0.817472073592408 13 6
2.12911660958031 16 11
0.318930589241506 11 1
0 9 0
4.68597543280045 17 28
1.7913555451214 15 15
15.5390787919524 31 48
0.728984203980586 13 2
0.53480976866124 12 3
4.99155784083824 25 23
0 9 0
0 9 0
0 9 0
0 9 0
0.318930589241506 11 1
4.68597543280045 17 28
4.68597543280045 17 28
5.77721887707024 19 29
2.12911660958031 16 11
0.318930589241506 11 1
4.68597543280045 17 28
6.01179397788883 21 25
0 9 0
0 9 0
0.318930589241506 11 1
0 9 0
1.7913555451214 15 15
0 9 0
2.16212520554578 16 9
0 9 0
0.318930589241506 11 1
0 9 0
0.318930589241506 11 1
4.85531819497703 22 28
2.75800294540928 16 21
0 9 0
1.20871835563717 14 10
2.00470656094661 14 4
0.728984203980586 13 2
0 9 0
2.55144471393205 16 5
0 9 0
1.71087689992846 18 18
6.82166672171535 22 36
0.817472073592408 13 6
0.318930589241506 11 1
6.07849001066192 20 31
0 9 0
0 9 0
3.66419641712789 18 22
0 9 0
0 9 0
0 9 0
0 9 0
0.728984203980586 13 2
0 9 0
2.75800294540928 16 21
0 9 0
0.318930589241506 11 1
0.318930589241506 11 1
0 9 0
0 9 0
3.77765282432066 19 17
0 9 0
0 9 0
0 9 0
0.318930589241506 11 1
2.12620392827671 20 11
4.68597543280045 17 28
0.728984203980586 13 2
0.318930589241506 11 1
0.318930589241506 11 1
6.85660207568357 23 32
1.7913555451214 15 15
0 9 0
0.318930589241506 11 1
4.68597543280045 17 28
4.68597543280045 17 28
0.318930589241506 11 1
0.318930589241506 11 1
1.20871835563717 14 10
0.318930589241506 11 1
0.318930589241506 11 1
2.12911660958031 16 11
0.53480976866124 12 3
0.318930589241506 11 1
6.07849001066192 20 31
0 9 0
4.68597543280045 17 28
0 9 0
0.318930589241506 11 1
1.49746735225147 15 6
0.318930589241506 11 1
3.09804230070295 18 18
0.728984203980586 13 2
1.4912554310973 15 7
1.4912554310973 15 7
4.68597543280045 17 28
5.7673496802896 20 17
11.1436327844625 27 38
4.74599706128595 19 14
4.68597543280045 17 28
0.728984203980586 13 2
0 9 0
5.1028894278641 18 10
3.66419641712789 18 22
1.4912554310973 15 7
1.20871835563717 14 10
0 9 0
0.318930589241506 11 1
0 9 0
0 9 0
0.318930589241506 11 1
1.89966708707081 15 7
0 9 0
0 9 0
1.7913555451214 15 15
0 9 0
0 9 0
0 9 0
0.728984203980586 13 2
0 9 0
3.67862433116584 21 22
2.75800294540928 16 21
2.75800294540928 16 21
0 9 0
0 9 0
4.68597543280045 17 28
0.53480976866124 12 3
0.728984203980586 13 2
0.53480976866124 12 3
0.728984203980586 13 2
11.417830037039 26 50
0.728984203980586 13 2
5.77721887707024 19 29
0 9 0
2.00470656094661 14 4
0.318930589241506 11 1
3.81875070255155 20 19
0.318930589241506 11 1
0.817472073592408 13 6
0.53480976866124 12 3
4.01115372906391 19 24
2.00470656094661 14 4
9.3158082519298 25 41
0.318930589241506 11 1
0.318930589241506 11 1
19.7914866485058 34 63
0 9 0
0.728984203980586 13 2
0 9 0
4.68597543280045 17 28
0 9 0
0.318930589241506 11 1
0 9 0
1.20871835563717 14 10
13.0775131085092 29 59
0 9 0
0.318930589241506 11 1
0.318930589241506 11 1
1.20871835563717 14 10
0.728984203980586 13 2
0.728984203980586 13 2
0.728984203980586 13 2
0.53480976866124 12 3
0.53480976866124 12 3
0.53480976866124 12 3
2.38847406016187 17 16
0 9 0
6.07849001066192 20 31
0 9 0
3.66419641712789 18 22
3.13979164583765 18 12
0 9 0
0 9 0
0 9 0
2.12911660958031 16 11
16.2503958794807 32 62
0.318930589241506 11 1
0.318930589241506 11 1
0 9 0
6.78870229929326 21 19
0.318930589241506 11 1
9.54973119319387 24 49
2.01453059272862 17 13
1.04918551576012 14 4
0 9 0
17.7610845043695 31 48
1.20871835563717 14 10
0.318930589241506 11 1
0 9 0
2.92101970607446 16 9
4.68597543280045 17 28
0.53480976866124 12 3
1.4912554310973 15 7
1.7913555451214 15 15
6.8679302235809 22 26
4.68597543280045 17 28
0 9 0
0 9 0
0 9 0
1.20871835563717 14 10
2.00470656094661 14 4
4.68597543280045 17 28
2.65904806581589 17 16
0 9 0
5.77721887707024 19 29
2.75800294540928 16 21
6.98463737548553 21 30
0.728984203980586 13 2
0 9 0
0 9 0
0.728984203980586 13 2
0.318930589241506 11 1
9.30020924559978 24 37
2.16212520554578 16 9
4.68597543280045 17 28
2.65904806581589 17 16
0 9 0
0 9 0
0 9 0
0 9 0
0.318930589241506 11 1
0.318930589241506 11 1
0.318930589241506 11 1
6.01179397788883 21 25
0 9 0
1.4912554310973 15 7
5.77721887707024 19 29
0 9 0
0.318930589241506 11 1
0 9 0
5.1028894278641 18 10
6.07849001066192 20 31
0.817472073592408 13 6
0 9 0
2.75800294540928 16 21
7.20126045938435 24 18
0 9 0
2.00470656094661 14 4
0.318930589241506 11 1
0 9 0
0 9 0
0 9 0
0 9 0
0.318930589241506 11 1
0.318930589241506 11 1
10.0148353039574 26 46
0.318930589241506 11 1
0.53480976866124 12 3
0.318930589241506 11 1
0.728984203980586 13 2
0.318930589241506 11 1
0 9 0
0.318930589241506 11 1
5.77721887707024 19 29
0 9 0
0 9 0
6.45517859818104 21 34
0 9 0
0 9 0
3.66419641712789 18 22
0.53480976866124 12 3
0.318930589241506 11 1
0.318930589241506 11 1
0.318930589241506 11 1
0.318930589241506 11 1
0 9 0
5.77721887707024 19 29
2.12911660958031 16 11
3.09804230070295 18 18
4.68597543280045 17 28
0 9 0
0 9 0
0 9 0
1.4912554310973 15 7
0.817472073592408 13 6
0.817472073592408 13 6
5.17055501212241 20 25
1.20871835563717 14 10
2.55144471393205 16 5
0.318930589241506 11 1
2.38847406016187 17 16
3.66419641712789 18 22
0 9 0
4.01115372906391 19 24
6.21356429623875 23 20
3.04503391866458 17 7
0.728984203980586 13 2
0 9 0
0 9 0
2.65904806581589 17 16
0 9 0
0 9 0
1.91358353544904 20 17
5.77721887707024 19 29
0 9 0
14.0494461667214 29 53
2.00470656094661 14 4
0.318930589241506 11 1
0.318930589241506 11 1
0.728984203980586 13 2
0.53480976866124 12 3
3.66419641712789 18 22
0 9 0
10.4659721527922 26 38
9.54465354319901 25 44
0.53480976866124 12 3
0.318930589241506 11 1
0.817472073592408 13 6
4.68597543280045 17 28
0.318930589241506 11 1
2.92101970607446 16 9
0 9 0
0 9 0
4.68597543280045 17 28
0.318930589241506 11 1
0 9 0
0.318930589241506 11 1
8.27885662659612 23 35
5.7673496802896 20 17
0 9 0
0 9 0
0 9 0
0 9 0
0.53480976866124 12 3
0.318930589241506 11 1
0 9 0
4.68597543280045 17 28
0 9 0
0 9 0
1.04918551576012 14 4
0 9 0
0.53480976866124 12 3
5.17055501212241 20 25
1.04918551576012 14 4
2.00470656094661 14 4
1.25902261891215 16 5
0.728984203980586 13 2
2.00470656094661 14 4
4.01115372906391 19 24
4.95434668813186 20 17
8.18388302910191 24 39
0.53480976866124 12 3
0 9 0
2.65904806581589 17 16
0 9 0
0.318930589241506 11 1
0.318930589241506 11 1
0.53480976866124 12 3
0 9 0
1.20871835563717 14 10
6.98511005441662 22 38
0.817472073592408 13 6
0 9 0
3.77765282432066 19 17
0 9 0
9.54973119319387 24 49
5.77721887707024 19 29
0 9 0
0.53480976866124 12 3
0 9 0
0 9 0
0 9 0
0.728984203980586 13 2
0 9 0
9.69250973698144 26 42
6.45517859818104 21 34
5.84203941214892 23 18
0 9 0
0.728984203980586 13 2
2.00470656094661 14 4
0 9 0
2.00470656094661 14 4
0 9 0
0.318930589241506 11 1
0.728984203980586 13 2
0 9 0
0.817472073592408 13 6
4.68597543280045 17 28
0 9 0
0 9 0
0 9 0
1.7913555451214 15 15
0.318930589241506 11 1
5.77721887707024 19 29
2.00470656094661 14 4
0 9 0
2.75800294540928 16 21
1.20871835563717 14 10
2.14875912302948 16 11
1.04918551576012 14 4
0.318930589241506 11 1
0 9 0
0 9 0
0.318930589241506 11 1
0 9 0
0.817472073592408 13 6
4.68597543280045 17 28
0 9 0
0.318930589241506 11 1
0.817472073592408 13 6
4.74599706128595 19 14
0.318930589241506 11 1
4.68597543280045 17 28
5.1028894278641 18 10
0 9 0
0 9 0
8.68248526587511 24 31
0.53480976866124 12 3
0.728984203980586 13 2
0 9 0
0 9 0
0.318930589241506 11 1
0.53480976866124 12 3
0.817472073592408 13 6
1.7913555451214 15 15
0 9 0
0.817472073592408 13 6
5.77721887707024 19 29
0 9 0
0 9 0
1.04918551576012 14 4
0.318930589241506 11 1
0 9 0
7.48733676125736 24 34
6.45517859818104 21 34
0.318930589241506 11 1
3.66419641712789 18 22
0.318930589241506 11 1
0 9 0
0.53480976866124 12 3
0.817472073592408 13 6
0.53480976866124 12 3
7.16542218048559 24 37
11.417830037039 26 50
1.04918551576012 14 4
1.20871835563717 14 10
3.09804230070295 18 18
1.7913555451214 15 15
0.817472073592408 13 6
0 9 0
0.318930589241506 11 1
0.53480976866124 12 3
4.68597543280045 17 28
0.728984203980586 13 2
0.53480976866124 12 3
0.318930589241506 11 1
6.98511005441662 22 38
0.53480976866124 12 3
0.53480976866124 12 3
0.318930589241506 11 1
0 9 0
2.75800294540928 16 21
3.13979164583765 18 12
4.68597543280045 17 28
0.53480976866124 12 3
4.68597543280045 17 28
0.318930589241506 11 1
0.318930589241506 11 1
0 9 0
0 9 0
0.318930589241506 11 1
5.05337518128669 20 19
0 9 0
6.45517859818104 21 34
1.04918551576012 14 4
0.318930589241506 11 1
0 9 0
7.31646571356439 24 25
4.97570455888292 20 11
12.3115953504635 28 55
0.728984203980586 13 2
0.728984203980586 13 2
0 9 0
2.12911660958031 16 11
0.817472073592408 13 6
0.53480976866124 12 3
0 9 0
0.53480976866124 12 3
0.318930589241506 11 1
0.728984203980586 13 2
3.66419641712789 18 22
0.318930589241506 11 1
1.20871835563717 14 10
0 9 0
0.318930589241506 11 1
0 9 0
0 9 0
1.04918551576012 14 4
0.817472073592408 13 6
0 9 0
0 9 0
0 9 0
0.318930589241506 11 1
1.04918551576012 14 4
0.318930589241506 11 1
2.75800294540928 16 21
0.318930589241506 11 1
0.318930589241506 11 1
0 9 0
0.318930589241506 11 1
0.318930589241506 11 1
0 9 0
0 9 0
20.0154437388371 36 71
2.80658918532526 18 6
2.00470656094661 14 4
0 9 0
7.843019340719 23 43
4.68597543280045 17 28
2.75800294540928 16 21
0.318930589241506 11 1
0.53480976866124 12 3
2.00470656094661 14 4
0 9 0
0.53480976866124 12 3
2.00470656094661 14 4
20.1332287438917 35 68
8.26035973245156 22 32
0 9 0
1.20871835563717 14 10
6.98511005441662 22 38
8.99348268495379 25 39
2.61979313300924 17 8
1.7913555451214 15 15
2.00470656094661 14 4
0 9 0
0.318930589241506 11 1
0.53480976866124 12 3
0 9 0
2.75800294540928 16 21
1.20871835563717 14 10
3.29025294969464 19 14
0.53480976866124 12 3
0 9 0
5.1028894278641 18 10
0 9 0
0.318930589241506 11 1
0 9 0
0.318930589241506 11 1
4.68597543280045 17 28
0.318930589241506 11 1
4.01115372906391 19 24
2.14875912302948 16 11
14.7185038055548 29 53
0 9 0
0.728984203980586 13 2
4.01115372906391 19 24
0 9 0
2.61979313300924 17 8
0.53480976866124 12 3
3.74366838062868 20 16
0.318930589241506 11 1
1.04918551576012 14 4
0 9 0
0 9 0
7.42837505528544 22 32
0 9 0
2.00470656094661 14 4
12.0640200767342 27 42
0.318930589241506 11 1
0.817472073592408 13 6
4.68597543280045 17 28
0.318930589241506 11 1
2.75800294540928 16 21
0.53480976866124 12 3
0.318930589241506 11 1
0 9 0
15.28470905399 32 53
0 9 0
1.7913555451214 15 15
0 9 0
0.817472073592408 13 6
0 9 0
1.4912554310973 15 7
0.318930589241506 11 1
0.817472073592408 13 6
0 9 0
0.318930589241506 11 1
0.318930589241506 11 1
0.318930589241506 11 1
0.53480976866124 12 3
0 9 0
3.77765282432066 18 10
5.30709345234524 21 25
1.89966708707081 15 7
8.27885662659612 23 35
4.68597543280045 17 28
0 9 0
6.01179397788883 21 25
1.04918551576012 14 4
0 9 0
6.82166672171535 22 36
0 9 0
0.318930589241506 11 1
0.728984203980586 13 2
2.01453059272862 17 13
8.27885662659612 23 35
0 9 0
0 9 0
0.53480976866124 12 3
2.8612820611479 18 22
1.7913555451214 15 15
0.318930589241506 11 1
0 9 0
11.2708176534436 26 32
1.27572235696603 15 3
5.1028894278641 18 10
0.318930589241506 11 1
0 9 0
0.53480976866124 12 3
0 9 0
0 9 0
0 9 0
0.817472073592408 13 6
1.22620811038861 17 8
3.6411457520129 18 10
14.5753003416265 30 64
4.68597543280045 17 28
0 9 0
0.318930589241506 11 1
4.68597543280045 17 28
0 9 0
0.53480976866124 12 3
0 9 0
2.12911660958031 16 11
1.04918551576012 14 4
7.843019340719 23 43
0.817472073592408 13 6
0.728984203980586 13 2
15.5989547900597 31 60
0.318930589241506 11 1
0.318930589241506 11 1
6.45517859818104 21 34
2.55144471393205 16 5
0.318930589241506 11 1
0.318930589241506 11 1
5.77721887707024 19 29
3.38833331593439 21 21
0.318930589241506 11 1
5.2769506456668 21 31
0.817472073592408 13 6
6.98511005441662 22 38
0.53480976866124 12 3
6.78870229929326 21 19
4.68597543280045 17 28
6.07849001066192 20 31
2.75800294540928 16 21
5.7673496802896 20 17
0.318930589241506 11 1
4.68597543280045 17 28
0 9 0
3.94367165187452 18 16
0 9 0
0.817472073592408 13 6
0 9 0
0 9 0
1.89966708707081 15 7
0.318930589241506 11 1
3.66419641712789 18 22
4.68597543280045 17 28
0.318930589241506 11 1
1.20871835563717 14 10
0 9 0
4.68597543280045 17 28
0.318930589241506 11 1
0 9 0
0 9 0
2.01453059272862 17 13
0.318930589241506 11 1
1.7913555451214 15 15
0 9 0
0 9 0
6.45517859818104 21 34
0.318930589241506 11 1
0.318930589241506 11 1
0 9 0
0 9 0
0 9 0
0 9 0
0.728984203980586 13 2
2.75800294540928 16 21
0 9 0
0.318930589241506 11 1
0 9 0
8.18388302910191 24 39
0 9 0
6.98463737548553 21 30
0 9 0
0 9 0
0 9 0
0.318930589241506 11 1
0.318930589241506 11 1
0.728984203980586 13 2
0 9 0
0.318930589241506 11 1
0 9 0
2.12911660958031 16 11
0 9 0
0 9 0
5.99705717788657 21 13
3.66419641712789 18 22
0 9 0
5.77721887707024 19 29
0.817472073592408 13 6
0 9 0
0.318930589241506 11 1
0 9 0
11.417830037039 26 50
2.16212520554578 16 9
5.77721887707024 19 29
4.68597543280045 17 28
3.09804230070295 18 18
0.318930589241506 11 1
3.04503391866458 17 7
2.00470656094661 14 4
0 9 0
4.68597543280045 17 28
4.73607162092281 20 23
0 9 0
5.88680805313223 22 26
0.817472073592408 13 6
0 9 0
0 9 0
6.01179397788883 21 25
10.8018906890765 29 29
0.728984203980586 13 2
0 9 0
2.16212520554578 16 9
1.4912554310973 15 7
5.77721887707024 19 29
1.89966708707081 15 7
0 9 0
1.04918551576012 14 4
5.05337518128669 20 19
0.318930589241506 11 1
1.04918551576012 14 4
1.7913555451214 15 15
0 9 0
8.26035973245156 22 32
0 9 0
0.728984203980586 13 2
0 9 0
0 9 0
4.68597543280045 17 28
0.318930589241506 11 1
9.54973119319387 24 49
1.04918551576012 14 4
0.318930589241506 11 1
1.4912554310973 15 7
1.4912554310973 15 7
0.53480976866124 12 3
4.68597543280045 17 28
0.318930589241506 11 1
4.68597543280045 17 28
7.843019340719 23 43
0.53480976866124 12 3
6.98463737548553 21 30
0 9 0
0 9 0
0 9 0
0 9 0
1.22620811038861 17 8
0.318930589241506 11 1
4.68597543280045 17 28
0.53480976866124 12 3
6.07849001066192 20 31
0 9 0
0.318930589241506 11 1
5.1028894278641 18 10
5.77721887707024 19 29
0.318930589241506 11 1
6.45517859818104 21 34
1.4912554310973 15 7
0.817472073592408 13 6
2.8612820611479 18 22
0.318930589241506 11 1
2.75800294540928 16 21
0 9 0
0 9 0
0.318930589241506 11 1
0 9 0
0 9 0
0 9 0
0.53480976866124 12 3
1.49746735225147 15 6
2.38847406016187 17 16
0.318930589241506 11 1
0.817472073592408 13 6
0.318930589241506 11 1
0.318930589241506 11 1
0 9 0
5.86832284204372 22 18
7.86889136820091 23 20
0 9 0
4.73607162092281 20 23
0 9 0
8.26035973245156 22 32
2.38847406016187 17 16
0.728984203980586 13 2
2.8612820611479 18 22
2.61979313300924 17 8
4.49609640475824 20 27
0 9 0
0.318930589241506 11 1
0.53480976866124 12 3
0.318930589241506 11 1
2.00470656094661 14 4
2.55144471393205 16 5
1.7913555451214 15 15
2.00470656094661 14 4
5.45854797162828 21 22
0.53480976866124 12 3
0 9 0
0.318930589241506 11 1
0 9 0
0 9 0
0 9 0
0.318930589241506 11 1
2.00470656094661 14 4
0 9 0
1.04918551576012 14 4
0 9 0
0 9 0
0 9 0
0.318930589241506 11 1
0.318930589241506 11 1
0.318930589241506 11 1
0.318930589241506 11 1
6.07849001066192 20 31
0.53480976866124 12 3
0 9 0
1.04918551576012 14 4
6.82166672171535 22 36
6.01179397788883 21 25
6.45517859818104 21 34
2.75800294540928 16 21
0 9 0
0.318930589241506 11 1
0 9 0
0 9 0
0 9 0
1.4912554310973 15 7
0.318930589241506 11 1
0.318930589241506 11 1
2.00470656094661 14 4
0 9 0
2.8612820611479 18 22
4.68597543280045 17 28
7.50125320963559 23 28
0.817472073592408 13 6
0.318930589241506 11 1
3.6411457520129 18 10
0 9 0
0 9 0
0 9 0
0.53480976866124 12 3
0 9 0
0.318930589241506 11 1
0 9 0
3.66419641712789 18 22
1.4912554310973 15 7
0.318930589241506 11 1
3.81875070255155 20 19
4.68597543280045 17 28
0.53480976866124 12 3
0.318930589241506 11 1
2.74535681246103 17 13
2.92101970607446 16 9
0 9 0
6.47990059063194 22 24
0 9 0
0 9 0
5.7673496802896 20 17
1.04918551576012 14 4
2.61979313300924 17 8
9.54973119319387 24 49
0.318930589241506 11 1
0.298055916674157 18 6
5.77721887707024 19 29
0 9 0
0 9 0
0 9 0
0.728984203980586 13 2
0.318930589241506 11 1
0.318930589241506 11 1
5.1028894278641 18 10
4.68597543280045 17 28
0.318930589241506 11 1
0.728984203980586 13 2
0 9 0
0.728984203980586 13 2
0 9 0
0 9 0
6.15757502365593 22 28
0.728984203980586 13 2
0 9 0
0 9 0
0.53480976866124 12 3
7.9125775469127 26 35
0 9 0
0.53480976866124 12 3
6.01179397788883 21 25
0 9 0
0 9 0
0 9 0
1.7913555451214 15 15
0.318930589241506 11 1
2.00470656094661 14 4
0 9 0
5.17055501212241 20 25
1.4912554310973 15 7
13.4427814485888 28 51
5.77721887707024 19 29
5.17055501212241 20 25
1.4912554310973 15 7
1.04918551576012 14 4
5.17055501212241 20 25
0.318930589241506 11 1
0 9 0
4.68597543280045 17 28
2.75800294540928 16 21
0 9 0
0 9 0
0 9 0
0 9 0
5.77721887707024 19 29
8.68248526587511 24 31
0.53480976866124 12 3
0.53480976866124 12 3
0.318930589241506 11 1
0.53480976866124 12 3
0.318930589241506 11 1
0.53480976866124 12 3
2.75800294540928 16 21
0 9 0
0.318930589241506 11 1
0.318930589241506 11 1
6.5938184885978 23 26
0.728984203980586 13 2
0.728984203980586 13 2
0.318930589241506 11 1
0 9 0
10.9591687674611 26 38
0.53480976866124 12 3
2.65904806581589 17 16
0 9 0
0.318930589241506 11 1
0.318930589241506 11 1
5.77721887707024 19 29
0 9 0
3.94367165187452 18 16
0 9 0
6.82166672171535 22 36
5.17055501212241 20 25
1.7913555451214 15 15
1.20871835563717 14 10
0.318930589241506 11 1
0 9 0
0.53480976866124 12 3
0.53480976866124 12 3
3.94367165187452 18 16
0 9 0
1.20871835563717 14 10
0 9 0
5.2769506456668 21 31
0 9 0
3.44561246395452 21 15
9.54973119319387 24 49
5.77721887707024 19 29
0.817472073592408 13 6
4.01115372906391 19 24
0.318930589241506 11 1
0.318930589241506 11 1
0 9 0
0.318930589241506 11 1
4.68597543280045 17 28
0 9 0
0.318930589241506 11 1
2.75800294540928 16 21
1.89966708707081 15 7
1.04918551576012 14 4
0.53480976866124 12 3
7.81161222018078 24 33
0 9 0
5.1028894278641 18 10
0.318930589241506 11 1
1.7913555451214 15 15
2.92101970607446 16 9
2.14875912302948 16 11
3.75758482900691 20 19
1.4912554310973 15 7
0 9 0
0.318930589241506 11 1
0.318930589241506 11 1
2.14875912302948 16 11
6.07849001066192 20 31
0 9 0
2.00470656094661 14 4
7.843019340719 23 43
2.75800294540928 16 21
0 9 0
0.817472073592408 13 6
0.318930589241506 11 1
2.75800294540928 16 21
0 9 0
0 9 0
0 9 0
14.0494461667214 29 53
0 9 0
0.318930589241506 11 1
1.89966708707081 15 7
0.53480976866124 12 3
0.817472073592408 13 6
3.66419641712789 18 22
0 9 0
1.20871835563717 14 10
0 9 0
0 9 0
0.817472073592408 13 6
0.817472073592408 13 6
0.318930589241506 11 1
0 9 0
4.68597543280045 17 28
0 9 0
0 9 0
6.01179397788883 21 25
2.00470656094661 14 4
2.00470656094661 14 4
0.728984203980586 13 2
0 9 0
4.68597543280045 17 28
0.728984203980586 13 2
0.318930589241506 11 1
0.817472073592408 13 6
5.77721887707024 19 29
1.04918551576012 14 4
0.318930589241506 11 1
0.728984203980586 13 2
0.318930589241506 11 1
4.74599706128595 19 14
0.53480976866124 12 3
2.00470656094661 14 4
0.318930589241506 11 1
0.318930589241506 11 1
2.00470656094661 14 4
0 9 0
4.68597543280045 17 28
0 9 0
0 9 0
2.00470656094661 14 4
1.20871835563717 14 10
5.77721887707024 19 29
1.23397301183133 17 7
6.07849001066192 20 31
1.20871835563717 14 10
0 9 0
0.318930589241506 11 1
5.45854797162828 21 22
0.53480976866124 12 3
4.95434668813186 20 17
2.75800294540928 16 21
0.53480976866124 12 3
2.30698873327677 20 19
0 9 0
9.54465354319901 25 44
1.4912554310973 15 7
3.09804230070295 18 18
9.24396569739166 26 23
2.75800294540928 16 21
0.318930589241506 11 1
7.843019340719 23 43
0 9 0
1.7913555451214 15 15
3.04503391866458 17 7
2.65904806581589 17 16
0.318930589241506 11 1
0 9 0
0.318930589241506 11 1
0 9 0
0 9 0
1.04918551576012 14 4
0 9 0
0 9 0
0 9 0
0.53480976866124 12 3
0 9 0
5.77721887707024 19 29
1.89966708707081 15 7
11.1436327844625 27 38
0.817472073592408 13 6
5.1028894278641 18 10
0.817472073592408 13 6
0 9 0
0 9 0
0.318930589241506 11 1
1.7913555451214 15 15
0.318930589241506 11 1
14.5753003416265 30 64
3.04503391866458 17 7
0.318930589241506 11 1
1.25902261891215 16 5
5.2769506456668 21 31
0.318930589241506 11 1
2.75800294540928 16 21
3.77765282432066 19 17
5.77721887707024 19 29
0 9 0
2.75800294540928 16 21
0 9 0
4.68597543280045 17 28
2.65904806581589 17 16
0.318930589241506 11 1
3.36017694010804 18 10
0 9 0
6.45517859818104 21 34
0 9 0
0.318930589241506 11 1
0.318930589241506 11 1
0 9 0
0 9 0
0 9 0
3.66419641712789 18 22
2.38847406016187 17 16
0.318930589241506 11 1
0.817472073592408 13 6
0 9 0
4.68597543280045 17 28
6.47990059063194 22 24
0.728984203980586 13 2
0 9 0
0 9 0
0.318930589241506 11 1
5.77721887707024 19 29
10.6348933085377 27 42
0.318930589241506 11 1
0.53480976866124 12 3
4.85531819497703 22 28
22.116394521232 37 63
0 9 0
2.75800294540928 16 21
0.318930589241506 11 1
2.16212520554578 16 9
2.74535681246103 17 13
0.318930589241506 11 1
2.75800294540928 16 21
0.318930589241506 11 1
0.318930589241506 11 1
0.53480976866124 12 3
8.99348268495379 25 39
0.318930589241506 11 1
0 9 0
2.00470656094661 14 4
7.843019340719 23 43
3.66419641712789 18 22
0 9 0
1.7913555451214 15 15
1.7913555451214 15 15
1.20871835563717 14 10
4.68597543280045 17 28
1.71087689992846 18 18
13.0775131085092 29 59
0 9 0
2.16212520554578 16 9
0.318930589241506 11 1
0 9 0
0 9 0
0.728984203980586 13 2
0 9 0
1.20871835563717 14 10
2.74535681246103 17 13
0 9 0
0 9 0
0.318930589241506 11 1
1.04918551576012 14 4
0 9 0
0 9 0
1.89966708707081 15 7
5.7673496802896 20 17
1.04918551576012 14 4
2.00470656094661 14 4
0.817472073592408 13 6
1.27572235696603 15 3
0.318930589241506 11 1
2.61979313300924 17 8
0.318930589241506 11 1
2.75800294540928 16 21
0 9 0
1.7913555451214 15 15
0 9 0
0.318930589241506 11 1
8.33781833256804 25 29
0 9 0
4.01115372906391 19 24
1.91358353544904 20 17
9.30020924559978 24 37
0.53480976866124 12 3
3.7970693527306 19 21
2.01453059272862 17 13
0 9 0
5.86832284204372 20 11
0 9 0
1.04918551576012 14 4
5.96890080206022 24 23
4.00795187589814 20 23
0 9 0
0.318930589241506 11 1
0 9 0
0.728984203980586 13 2
0 9 0
0.53480976866124 12 3
1.27572235696603 15 3
3.04503391866458 17 7
0 9 0
2.00470656094661 14 4
5.86832284204372 20 11
0.53480976866124 12 3
0 9 0
3.6411457520129 18 10
1.20871835563717 14 10
0.728984203980586 13 2
0 9 0
0 9 0
2.92101970607446 16 9
0 9 0
0.318930589241506 11 1
0.318930589241506 11 1
0.318930589241506 11 1
0 9 0
0 9 0
14.2076906414734 30 52
0 9 0
2.38847406016187 17 16
12.9876340780203 30 41
6.01179397788883 21 25
0 9 0
0.53480976866124 12 3
7.48733676125736 24 34
0.53480976866124 12 3
0 9 0
1.04918551576012 14 4
0 9 0
1.7913555451214 15 15
13.1863380224698 29 50
0 9 0
0.728984203980586 13 2
9.54973119319387 24 49
2.74535681246103 17 13
3.7970693527306 19 21
0.728984203980586 13 2
0.817472073592408 13 6
2.55144471393205 16 5
0.817472073592408 13 6
1.20871835563717 14 10
7.66015770089775 25 36
0.318930589241506 11 1
0 9 0
0 9 0
2.75800294540928 16 21
0.318930589241506 11 1
1.20871835563717 14 10
9.54465354319901 25 44
0.318930589241506 11 1
0.318930589241506 11 1
2.14875912302948 16 11
3.09804230070295 18 18
2.12911660958031 16 11
5.77721887707024 19 29
0.53480976866124 12 3
2.14875912302948 16 11
0 9 0
2.16212520554578 16 9
0 9 0
0.318930589241506 11 1
0 9 0
0.53480976866124 12 3
0.728984203980586 13 2
0.53480976866124 12 3
0 9 0
6.07849001066192 20 31
2.00470656094661 14 4
0.817472073592408 13 6
0 9 0
3.66419641712789 18 22
0.817472073592408 13 6
3.09804230070295 18 18
0.318930589241506 11 1
0 9 0
5.7673496802896 20 17
2.38847406016187 17 16
0.728984203980586 13 2
2.12911660958031 16 11
0 9 0
0 9 0
1.04918551576012 14 4
0.318930589241506 11 1
0.318930589241506 11 1
0 9 0
1.7913555451214 15 15
0.318930589241506 11 1
6.82166672171535 22 36
1.20871835563717 14 10
0.318930589241506 11 1
3.75758482900691 20 19
0.318930589241506 11 1
3.09804230070295 18 18
0.53480976866124 12 3
9.07309464969869 26 28
0 9 0
0 9 0
0.817472073592408 13 6
0 9 0
0 9 0
0.318930589241506 11 1
4.68597543280045 17 28
0 9 0
1.20871835563717 14 10
0.53480976866124 12 3
0.318930589241506 11 1
0 9 0
0 9 0
1.7913555451214 15 15
0.318930589241506 11 1
1.20871835563717 14 10
0 9 0
0.728984203980586 13 2
2.92101970607446 16 9
2.12911660958031 16 11
1.20871835563717 14 10
7.2766662603771 25 33
6.18055479852047 25 40
0.318930589241506 11 1
0 9 0
0.53480976866124 12 3
2.12911660958031 16 11
0.53480976866124 12 3
0 9 0
0.318930589241506 11 1
0 9 0
0.53480976866124 12 3
0.318930589241506 11 1
0.318930589241506 11 1
9.54973119319387 24 49
0.318930589241506 11 1
0 9 0
0.318930589241506 11 1
7.42837505528544 22 32
0 9 0
4.68597543280045 17 28
1.4912554310973 15 7
0.53480976866124 12 3
1.89966708707081 15 7
0 9 0
0 9 0
0.53480976866124 12 3
6.07849001066192 20 31
0 9 0
0 9 0
0.318930589241506 11 1
0 9 0
0.318930589241506 11 1
0 9 0
0 9 0
1.04918551576012 14 4
0.318930589241506 11 1
2.00470656094661 14 4
0.318930589241506 11 1
2.92101970607446 16 9
1.89966708707081 15 7
0.318930589241506 11 1
0 9 0
0.318930589241506 11 1
0 9 0
5.36825932588988 22 28
13.4427814485888 28 51
0 9 0
2.55144471393205 16 5
0 9 0
0 9 0
3.66419641712789 18 22
0.318930589241506 11 1
0.318930589241506 11 1
0 9 0
2.12911660958031 16 11
0.318930589241506 11 1
17.7358353993299 33 67
0 9 0
0.318930589241506 11 1
0 9 0
0.728984203980586 13 2
2.00470656094661 14 4
7.83102874859072 24 37
4.39900925394454 21 15
4.68597543280045 17 28
0 9 0
1.20871835563717 14 10
3.66419641712789 18 22
4.68597543280045 17 28
0 9 0
0.318930589241506 11 1
0.817472073592408 13 6
2.00470656094661 14 4
5.77721887707024 19 29
0 9 0
1.7913555451214 15 15
0 9 0
0 9 0
1.89966708707081 15 7
0 9 0
0.318930589241506 11 1
1.04918551576012 14 4
0.817472073592408 13 6
0 9 0
1.04918551576012 14 4
0.53480976866124 12 3
5.30709345234524 21 25
2.55144471393205 16 5
0 9 0
1.4912554310973 15 7
0 9 0
4.68597543280045 17 28
9.54973119319387 24 49
2.75800294540928 16 21
3.29025294969464 19 14
2.00470656094661 14 4
0.728984203980586 13 2
12.2069968592483 26 38
2.14875912302948 16 11
0.817472073592408 13 6
0.817472073592408 13 6
0.318930589241506 11 1
1.20871835563717 14 10
3.74366838062868 20 16
3.74366838062868 20 16
2.16212520554578 16 9
2.00470656094661 14 4
0 9 0
0.318930589241506 11 1
1.20871835563717 14 10
4.68597543280045 17 28
2.75800294540928 16 21
11.417830037039 26 50
0.318930589241506 11 1
0 9 0
0 9 0
1.20871835563717 14 10
2.12911660958031 16 11
2.92101970607446 16 9
2.75800294540928 16 21
2.00470656094661 14 4
5.17055501212241 20 25
2.65904806581589 17 16
0.318930589241506 11 1
0 9 0
0.318930589241506 11 1
4.51777775457919 21 22
2.75800294540928 16 21
0 9 0
5.77721887707024 19 29
0 9 0
7.14559466587141 24 29
0.318930589241506 11 1
0 9 0
0 9 0
0 9 0
1.04918551576012 14 4
0.53480976866124 12 3
9.54465354319901 25 44
0.318930589241506 11 1
5.17055501212241 20 25
0.53480976866124 12 3
0 9 0
9.93781614845749 26 40
1.20871835563717 14 10
0 9 0
0 9 0
0 9 0
2.75800294540928 16 21
0.318930589241506 11 1
0.728984203980586 13 2
10.9591687674611 26 38
3.66419641712789 18 22
4.95434668813186 20 17
0 9 0
0.318930589241506 11 1
0 9 0
0.728984203980586 13 2
1.04918551576012 14 4
0 9 0
2.92101970607446 16 9
0 9 0
2.55144471393205 16 5
0.318930589241506 11 1
3.09804230070295 18 18
0.318930589241506 11 1
11.417830037039 26 50
5.77721887707024 19 29
0 9 0
1.4912554310973 15 7
0 9 0
2.00470656094661 14 4
0.318930589241506 11 1
0 9 0
0.728984203980586 13 2
3.75758482900691 19 14
0.318930589241506 11 1
1.22620811038861 17 8
0 9 0
0 9 0
0.318930589241506 11 1
0 9 0
0.53480976866124 12 3
4.01115372906391 19 24
2.38847406016187 17 16
0.728984203980586 13 2
0 9 0
1.4912554310973 15 7
0.817472073592408 13 6
0 9 0
8.27885662659612 23 35
2.75800294540928 16 21
0 9 0
1.89966708707081 15 7
0 9 0
0 9 0
0 9 0
0.728984203980586 13 2
0.318930589241506 11 1
6.98511005441662 22 38
3.66419641712789 18 22
8.52330092419535 24 37
3.66419641712789 18 22
0.318930589241506 11 1
5.17055501212241 20 25
0 9 0
0.817472073592408 13 6
0.318930589241506 11 1
0 9 0
10.24946503444 25 29
0 9 0
0 9 0
0 9 0
1.20871835563717 14 10
0.318930589241506 11 1
0.318930589241506 11 1
5.2769506456668 21 31
0.53480976866124 12 3
6.82166672171535 22 36
0 9 0
0.817472073592408 13 6
1.7913555451214 15 15
0 9 0
15.2290432604771 31 56
0.53480976866124 12 3
0 9 0
0 9 0
3.29025294969464 19 14
0 9 0
0.318930589241506 11 1
0.318930589241506 11 1
2.92101970607446 16 9
0 9 0
3.7970693527306 19 21
1.04918551576012 14 4
4.68597543280045 17 28
8.26035973245156 22 32
1.20871835563717 14 10
2.00470656094661 14 4
0.318930589241506 11 1
0.318930589241506 11 1
0.318930589241506 11 1
0.817472073592408 13 6
3.13979164583765 18 12
3.13979164583765 18 12
1.89966708707081 15 7
0 9 0
0.318930589241506 11 1
1.4912554310973 15 7
0.318930589241506 11 1
5.2769506456668 21 31
0.728984203980586 13 2
0 9 0
0.318930589241506 11 1
0 9 0
4.68597543280045 17 28
0 9 0
0 9 0
0 9 0
0.53480976866124 12 3
2.65904806581589 17 16
4.68597543280045 17 28
4.01115372906391 19 24
0.53480976866124 12 3
2.00470656094661 14 4
13.0775131085092 29 59
0.817472073592408 13 6
6.98463737548553 21 30
0 9 0
0 9 0
0.318930589241506 11 1
4.59260048507769 19 8
1.4912554310973 15 7
0 9 0
0 9 0
0.318930589241506 11 1
0.53480976866124 12 3
0 9 0
0 9 0
0.53480976866124 12 3
0 9 0
0 9 0
0.318930589241506 11 1
0 9 0
0.318930589241506 11 1
2.55144471393205 16 5
4.74599706128595 19 14
0.318930589241506 11 1
1.20871835563717 14 10
1.7913555451214 15 15
4.68597543280045 17 28
0.318930589241506 11 1
0.728984203980586 13 2
0.318930589241506 11 1
2.8612820611479 18 22
8.52330092419535 24 37
1.7913555451214 15 15
0.318930589241506 11 1
0 9 0
4.38152955911169 19 12
0 9 0
1.04918551576012 14 4
0.318930589241506 11 1
0.318930589241506 11 1
1.20871835563717 14 10
0 9 0
1.71087689992846 18 18
0 9 0
1.89966708707081 15 7
2.75800294540928 16 21
0 9 0
0 9 0
0 9 0
0 9 0
0 9 0
0 9 0
4.68597543280045 17 28
0 9 0
0 9 0
2.75800294540928 16 21
0 9 0
0.318930589241506 11 1
6.45517859818104 21 34
0 9 0
0.318930589241506 11 1
0.318930589241506 11 1
0 9 0
0.318930589241506 11 1
1.7913555451214 15 15
0 9 0
0 9 0
0.53480976866124 12 3
5.77721887707024 19 29
1.20871835563717 14 10
1.89966708707081 15 7
5.77721887707024 19 29
0 9 0
1.04918551576012 14 4
3.6411457520129 18 10
0 9 0
0.318930589241506 11 1
2.16212520554578 16 9
1.04918551576012 14 4
1.7913555451214 15 15
0 9 0
0 9 0
2.75800294540928 16 21
1.20871835563717 14 10
4.68597543280045 17 28
0.318930589241506 11 1
2.75800294540928 16 21
2.65904806581589 17 16
0 9 0
0.53480976866124 12 3
0.728984203980586 13 2
0 9 0
0 9 0
1.89966708707081 15 7
4.68597543280045 17 28
0 9 0
0 9 0
1.04918551576012 14 4
0 9 0
2.00470656094661 14 4
6.82166672171535 22 36
0.53480976866124 12 3
0 9 0
0.318930589241506 11 1
5.1028894278641 18 10
0 9 0
1.7913555451214 15 15
8.52330092419535 24 37
0.318930589241506 11 1
3.75758482900691 19 14
0.728984203980586 13 2
5.77721887707024 19 29
0.318930589241506 11 1
0.318930589241506 11 1
0.318930589241506 11 1
0.728984203980586 13 2
4.68597543280045 17 28
6.78870229929326 21 19
0.569379668315705 18 16
0 9 0
2.12911660958031 16 11
0 9 0
0 9 0
2.38847406016187 17 16
0 9 0
2.75800294540928 16 21
1.89966708707081 15 7
6.82166672171535 22 36
0.318930589241506 11 1
0 9 0
0 9 0
0.318930589241506 11 1
0 9 0
0 9 0
0.53480976866124 12 3
4.68597543280045 17 28
0 9 0
0.318930589241506 11 1
0.318930589241506 11 1
4.01115372906391 19 24
13.4427814485888 28 51
0 9 0
2.75800294540928 16 21
0.318930589241506 11 1
0.318930589241506 11 1
0 9 0
0 9 0
5.17055501212241 20 25
7.14559466587141 24 29
0 9 0
0 9 0
5.17055501212241 20 25
2.55144471393205 16 5
0.318930589241506 11 1
1.20871835563717 14 10
3.66419641712789 18 22
9.3158082519298 25 41
0.817472073592408 13 6
0 9 0
0 9 0
0 9 0
0.53480976866124 12 3
5.2769506456668 21 31
0.318930589241506 11 1
4.95434668813186 20 17
0 9 0
0 9 0
2.00470656094661 14 4
1.22620811038861 17 8
11.417830037039 26 50
0.318930589241506 11 1
0.53480976866124 12 3
6.84753874919726 22 18
0 9 0
5.1028894278641 18 10
6.98511005441662 22 38
0.318930589241506 11 1
6.98463737548553 21 30
0 9 0
2.75800294540928 16 21
0.728984203980586 13 2
0 9 0
4.73607162092281 20 23
0 9 0
1.20871835563717 14 10
0.728984203980586 13 2
0.817472073592408 13 6
0.53480976866124 12 3
0.318930589241506 11 1
0.53480976866124 12 3
1.4912554310973 15 7
1.7913555451214 15 15
5.2769506456668 21 31
1.20871835563717 14 10
1.4912554310973 15 7
0.318930589241506 11 1
0 9 0
12.2069968592483 26 38
1.04918551576012 14 4
1.20871835563717 14 10
0.318930589241506 11 1
0 9 0
0.318930589241506 11 1
4.68597543280045 17 28
0.318930589241506 11 1
6.07849001066192 20 31
0.728984203980586 13 2
2.00470656094661 14 4
6.5938184885978 23 26
0.318930589241506 11 1
1.7913555451214 15 15
0 9 0
0.53480976866124 12 3
4.68597543280045 17 28
2.55144471393205 16 5
4.68597543280045 17 28
7.16542218048559 24 37
0 9 0
5.77721887707024 19 29
0 9 0
0.817472073592408 13 6
0 9 0
0.318930589241506 11 1
0.318930589241506 11 1
0.728984203980586 13 2
4.63253825270322 23 20
0 9 0
3.66419641712789 18 22
2.74535681246103 17 13
5.77721887707024 19 29
0.318930589241506 11 1
0 9 0
8.68248526587511 24 39
1.25902261891215 16 5
0.53480976866124 12 3
0.318930589241506 11 1
0 9 0
0.817472073592408 13 6
1.7913555451214 15 15
4.01115372906391 19 24
2.00470656094661 14 4
0 9 0
3.7970693527306 19 21
0.728984203980586 13 2
0 9 0
0 9 0
1.49746735225147 15 6
0 9 0
3.04503391866458 17 7
0 9 0
0.53480976866124 12 3
1.7913555451214 15 15
2.55144471393205 16 5
0.318930589241506 11 1
0 9 0
0.53480976866124 12 3
0 9 0
0.53480976866124 12 3
4.68597543280045 17 28
4.68597543280045 17 28
1.89966708707081 15 7
6.82166672171535 22 36
2.92101970607446 16 9
13.0853726957379 28 45
17.0241948327317 31 54
6.98511005441662 22 38
0 9 0
6.07849001066192 20 31
0.318930589241506 11 1
0.318930589241506 11 1
2.00470656094661 14 4
0.318930589241506 11 1
0.318930589241506 11 1
1.04918551576012 14 4
0 9 0
0.318930589241506 11 1
4.68597543280045 17 28
2.00470656094661 14 4
4.49609640475824 20 27
2.75800294540928 16 21
2.00470656094661 14 4
0 9 0
4.59260048507769 21 15
0.318930589241506 11 1
4.68597543280045 17 28
0 9 0
0 9 0
0 9 0
0.53480976866124 12 3
0.53480976866124 12 3
0.318930589241506 11 1
0.728984203980586 13 2
1.20871835563717 14 10
0.53480976866124 12 3
0 9 0
0.728984203980586 13 2
3.94367165187452 18 16
5.77721887707024 19 29
0 9 0
0.728984203980586 13 2
0 9 0
0.817472073592408 13 6
4.01115372906391 19 24
4.49609640475824 20 27
0 9 0
1.7913555451214 15 15
0.318930589241506 11 1
6.45517859818104 21 34
0.318930589241506 11 1
0.318930589241506 11 1
6.45517859818104 21 34
0 9 0
0.318930589241506 11 1
2.75800294540928 16 21
0 9 0
2.74535681246103 17 13
1.25902261891215 16 5
1.04918551576012 14 4
7.843019340719 23 43
4.68597543280045 17 28
0 9 0
2.14875912302948 16 11
0 9 0
5.77721887707024 19 29
6.07849001066192 20 31
1.27572235696603 15 3
1.20871835563717 14 10
1.7913555451214 15 15
0 9 0
0 9 0
0.318930589241506 11 1
0 9 0
3.36017694010804 18 10
0.318930589241506 11 1
0.318930589241506 11 1
4.68597543280045 17 28
8.27885662659612 23 35
0 9 0
0.318930589241506 11 1
0 9 0
0.318930589241506 11 1
0.318930589241506 11 1
0 9 0
1.49746735225147 15 6
4.01115372906391 19 24
5.96890080206022 24 23
1.49746735225147 15 6
0 9 0
5.77721887707024 19 29
0 9 0
11.8117161919063 27 52
0 9 0
3.13979164583765 18 12
1.04918551576012 14 4
0.318930589241506 11 1
6.98511005441662 22 38
4.68597543280045 17 28
2.12911660958031 16 11
0 9 0
0.318930589241506 11 1
0 9 0
0 9 0
6.82166672171535 22 36
0 9 0
0 9 0
0 9 0
1.20871835563717 14 10
6.45517859818104 21 34
5.17055501212241 20 25
5.45854797162828 21 22
0.53480976866124 12 3
0.318930589241506 11 1
0 9 0
0 9 0
0 9 0
6.01179397788883 21 25
0.53480976866124 12 3
11.417830037039 26 50
0 9 0
0 9 0
0 9 0
0.318930589241506 11 1
2.92101970607446 16 9
1.89966708707081 15 7
6.82166672171535 22 36
8.06791879172024 23 34
2.01453059272862 17 13
4.01115372906391 19 24
7.843019340719 23 43
3.37530110682571 19 17
2.00470656094661 14 4
0.817472073592408 13 6
0.53480976866124 12 3
5.68347145832699 23 22
3.13979164583765 18 12
0 9 0
0 9 0
1.04918551576012 14 4
3.75758482900691 20 19
1.20871835563717 14 10
0.318930589241506 11 1
0 9 0
2.55144471393205 16 5
0.53480976866124 12 3
0.318930589241506 11 1
0.53480976866124 12 3
4.68597543280045 17 28
0.728984203980586 13 2
12.0561604895055 28 53
4.68597543280045 17 28
10.9591687674611 26 38
0.53480976866124 12 3
8.27885662659612 23 35
1.49746735225147 15 6
4.73607162092281 20 23
1.49746735225147 15 6
3.66419641712789 18 22
1.4912554310973 15 7
0.53480976866124 12 3
0.318930589241506 11 1
7.50125320963559 23 28
0.318930589241506 11 1
14.110612040266 30 56
0.817472073592408 13 6
0.817472073592408 13 6
0 9 0
0.53480976866124 12 3
1.27572235696603 15 3
0 9 0
0.318930589241506 11 1
1.89966708707081 15 7
0.53480976866124 12 3
0.318930589241506 11 1
7.42837505528544 22 32
0.318930589241506 11 1
7.4980265006212 25 29
4.01115372906391 19 24
0 9 0
5.77721887707024 19 29
0.318930589241506 11 1
0 9 0
0.53480976866124 12 3
0 9 0
0.318930589241506 11 1
0 9 0
2.75800294540928 16 21
0 9 0
3.81875070255155 20 19
9.3158082519298 25 41
9.54973119319387 24 49
0.318930589241506 11 1
0 9 0
7.48733676125736 24 34
1.27572235696603 15 3
2.12911660958031 16 11
0.728984203980586 13 2
0.53480976866124 12 3
0.817472073592408 13 6
0 9 0
0 9 0
0 9 0
2.55144471393205 16 5
2.8612820611479 18 22
0 9 0
0.53480976866124 12 3
0.318930589241506 11 1
0.817472073592408 13 6
0.817472073592408 13 6
0 9 0
0.53480976866124 12 3
0.318930589241506 11 1
0.318930589241506 11 1
0 9 0
0.318930589241506 11 1
1.27572235696603 17 8
0 9 0
1.20871835563717 14 10
0 9 0
2.75800294540928 16 21
5.77721887707024 19 29
4.68597543280045 17 28
0.318930589241506 11 1
0 9 0
0 9 0
6.82166672171535 22 36
0 9 0
0.318930589241506 11 1
0.318930589241506 11 1
2.00470656094661 14 4
2.00470656094661 14 4
0.53480976866124 12 3
2.75800294540928 16 21
0 9 0
0 9 0
0 9 0
0.728984203980586 13 2
4.68597543280045 17 28
0.53480976866124 12 3
2.65904806581589 17 16
0 9 0
1.4912554310973 15 7
6.98511005441662 22 38
9.30020924559978 24 37
0.318930589241506 11 1
6.98511005441662 22 38
0 9 0
0.318930589241506 11 1
4.68597543280045 17 28
0 9 0
0.318930589241506 11 1
0.318930589241506 11 1
5.77721887707024 19 29
0.318930589241506 11 1
0 9 0
1.4912554310973 15 7
2.61979313300924 18 12
2.00470656094661 14 4
3.09804230070295 18 18
0.318930589241506 11 1
0 9 0
0 9 0
0 9 0
4.68597543280045 17 28
0.318930589241506 11 1
0 9 0
6.98463737548553 21 30
3.66419641712789 18 22
0.318930589241506 11 1
0 9 0
0.817472073592408 13 6
0.318930589241506 11 1
7.843019340719 23 43
0.318930589241506 11 1
9.54973119319387 24 49
0.318930589241506 11 1
0 9 0
0.318930589241506 11 1
3.75758482900691 20 19
0 9 0
4.68597543280045 17 28
0 9 0
0.318930589241506 11 1
0 9 0
0 9 0
0.53480976866124 12 3
0 9 0
0 9 0
0 9 0
0 9 0
1.4912554310973 15 7
0 9 0
0.318930589241506 11 1
4.49609640475824 20 27
6.98511005441662 22 38
7.843019340719 23 43
0.318930589241506 11 1
0.318930589241506 11 1
4.01115372906391 19 24
0.318930589241506 11 1
1.7913555451214 15 15
0.318930589241506 11 1
4.68597543280045 17 28
0 9 0
2.00470656094661 14 4
0 9 0
0.318930589241506 11 1
2.55144471393205 16 5
0 9 0
3.6411457520129 18 10
0 9 0
0.318930589241506 11 1
1.49746735225147 15 6
4.68597543280045 17 28
0.53480976866124 12 3
5.2769506456668 21 31
0 9 0
1.04918551576012 14 4
1.04918551576012 14 4
2.00470656094661 14 4
0.318930589241506 11 1
3.04503391866458 17 7
0 9 0
5.77721887707024 19 29
0.318930589241506 11 1
0 9 0
0.318930589241506 11 1
6.78870229929326 21 19
0 9 0
0 9 0
3.7970693527306 19 21
6.98463737548553 21 30
9.54973119319387 24 49
0.728984203980586 13 2
0 9 0
5.77721887707024 19 29
2.00470656094661 14 4
0.318930589241506 11 1
0.318930589241506 11 1
8.27885662659612 23 35
1.4912554310973 15 7
1.27572235696603 15 3
0.318930589241506 11 1
0 9 0
0 9 0
0.318930589241506 11 1
0.817472073592408 13 6
6.07849001066192 20 31
0.318930589241506 11 1
0.817472073592408 13 6
11.8117161919063 27 52
5.86832284204372 20 11
3.09804230070295 18 18
0.318930589241506 11 1
2.75800294540928 16 21
0 9 0
0 9 0
0 9 0
15.6494439826108 32 55
14.1682770951429 31 60
3.66419641712789 18 22
0.318930589241506 11 1
0 9 0
14.1067253147415 29 47
0.728984203980586 13 2
2.12911660958031 16 11
4.59260048507769 19 8
0.318930589241506 11 1
0 9 0
1.7913555451214 15 15
4.68597543280045 17 28
0.318930589241506 11 1
0 9 0
0.318930589241506 11 1
0 9 0
2.75800294540928 16 21
5.88735200373823 22 20
6.8679302235809 22 26
0.728984203980586 13 2
3.94367165187452 18 16
5.77721887707024 19 29
0 9 0
0 9 0
2.74535681246103 17 13
2.8612820611479 18 22
0.318930589241506 11 1
0 9 0
4.74599706128595 19 14
4.68597543280045 17 28
0 9 0
8.26035973245156 22 32
1.20871835563717 14 10
0 9 0
1.04918551576012 14 4
0 9 0
3.09804230070295 18 18
19.7415176981679 35 74
0.318930589241506 11 1
0.318930589241506 11 1
1.4912554310973 15 7
2.74535681246103 17 13
0.53480976866124 12 3
2.12911660958031 16 11
0.728984203980586 13 2
1.20871835563717 14 10
2.92101970607446 16 9
0 9 0
0 9 0
0.728984203980586 13 2
0.318930589241506 11 1
0 9 0
0.318930589241506 11 1
0 9 0
1.27572235696603 15 3
0 9 0
4.68597543280045 17 28
0.817472073592408 13 6
0 9 0
2.75800294540928 16 21
0.318930589241506 11 1
0 9 0
0.817472073592408 13 6
0 9 0
0.817472073592408 13 6
0 9 0
0 9 0
0.318930589241506 11 1
0 9 0
2.75800294540928 16 21
0 9 0
0 9 0
0.817472073592408 13 6
4.68597543280045 17 28
0.817472073592408 13 6
2.74535681246103 17 13
0.318930589241506 11 1
0.318930589241506 11 1
0 9 0
4.68597543280045 17 28
0.817472073592408 13 6
2.92101970607446 16 9
0.318930589241506 11 1
2.75800294540928 16 21
0 9 0
0 9 0
0 9 0
4.68597543280045 17 28
0.318930589241506 11 1
0.318930589241506 11 1
0 9 0
0 9 0
5.8261861301936 22 20
1.89966708707081 15 7
0.318930589241506 11 1
2.00470656094661 14 4
0 9 0
0 9 0
1.7913555451214 15 15
3.09804230070295 18 18
3.66419641712789 18 22
0.53480976866124 12 3
0.728984203980586 13 2
0 9 0
0 9 0
0 9 0
0 9 0
0 9 0
0 9 0
4.68597543280045 17 28
2.75800294540928 16 21
2.75800294540928 16 21
0.53480976866124 12 3
0 9 0
0.318930589241506 11 1
0 9 0
5.77721887707024 19 29
0 9 0
1.04918551576012 14 4
0 9 0
0 9 0
1.7913555451214 15 15
0.318930589241506 11 1
0.318930589241506 11 1
7.843019340719 23 43
6.84753874919726 22 18
1.20871835563717 14 10
0 9 0
2.74535681246103 17 13
0 9 0
1.7913555451214 15 15
3.37530110682571 19 17
