"COLLES.MDM.LN" "SACKIN" "COPHENETIC"
28.0948347582178 89 657
0 25 0
13.1426740218869 49 276
0 25 0
0 25 0
0 25 0
0.61536177480791 34 36
0 25 0
13.1426740218869 49 276
0 25 0
0 25 0
0 25 0
2.503877061327 43 153
0 25 0
0 25 0
0 25 0
0 25 0
0 25 0
0 25 0
0 25 0
0 25 0
0 25 0
15.9965079198586 66 400
34.2842803628407 108 717
16.2725150168483 69 303
4.6332492271887 46 210
0 25 0
0 25 0
0 25 0
0 25 0
0 25 0
0 25 0
0 25 0
14.477343709944 64 361
0 25 0
0 25 0
5.527312756963 41 37
13.1426740218869 49 276
0 25 0
0 25 0
0 25 0
0 25 0
0 25 0
0 25 0
0 25 0
0 25 0
0 25 0
0.287790084675517 30 10
0 25 0
0 25 0
0 25 0
0 25 0
13.1426740218869 49 276
0 25 0
0 25 0
4.6332492271887 46 210
0 25 0
0 25 0
0 25 0
13.1426740218869 49 276
0 25 0
0 25 0
0 25 0
0 25 0
0 25 0
0.162768190462116 28 3
8.41573403140032 48 253
0 25 0
0.61536177480791 34 36
1.53405427074538 40 105
0 25 0
0 25 0
0 25 0
0 25 0
0 25 0
10.3483416310368 72 375
20.1277357673628 78 492
0 25 0
4.6332492271887 46 210
0 25 0
0 25 0
0 25 0
0 25 0
0 25 0
0 25 0
0 25 0
0 25 0
1.79295006841694 41 120
0 25 0
22.0447867943582 71 507
1.79295006841694 41 120
0 25 0
0 25 0
0 25 0
0 25 0
0 25 0
0 25 0
0 25 0
0 25 0
2.10906069077826 42 136
0 25 0
0 25 0
0 25 0
17.6691781525717 71 410
0 25 0
2.15797569461255 32 9
5.39766540019926 57 249
3.68719499454099 45 190
0.841248625552919 36 55
13.1426740218869 49 276
0 25 0
0 25 0
0 25 0
19.6772956869995 64 325
0 25 0
0 25 0
0 25 0
0 25 0
0 25 0
6.05188578121316 47 231
0 25 0
0 25 0
0 25 0
0 25 0
0 25 0
0 25 0
0 25 0
4.6332492271887 46 210
0 25 0
13.1426740218869 49 276
0 25 0
0 25 0
13.2562129321596 67 424
0 25 0
0 25 0
1.79295006841694 41 120
0 25 0
0 25 0
0 25 0
0.35827110902428 31 15
13.1426740218869 49 276
4.6332492271887 46 210
0 25 0
13.1426740218869 49 276
0 25 0
0 25 0
13.1426740218869 49 276
0 25 0
0 25 0
0.106310196413835 27 1
1.13498649866027 38 78
0 25 0
0 25 0
52.3079350808542 125 967
0 25 0
0 25 0
13.1426740218869 49 276
11.2404109418737 58 256
0 25 0
0 25 0
0 25 0
0 25 0
0 25 0
0 25 0
0 25 0
0 25 0
0 25 0
0 25 0
14.8491473136853 58 312
13.1426740218869 49 276
6.95823752175398 53 246
13.1426740218869 49 276
0 25 0
6.05188578121316 47 231
0 25 0
0 25 0
13.1426740218869 49 276
0 25 0
0 25 0
3.01116491234757 44 171
0 25 0
22.0447867943582 71 507
3.01116491234757 44 171
0 25 0
0.841248625552919 36 55
0 25 0
0 25 0
13.1426740218869 49 276
15.6554800067362 63 367
13.1426740218869 49 276
0 25 0
0 25 0
0 25 0
0 25 0
0 25 0
0 25 0
1.53405427074538 40 105
0 25 0
0 25 0
18.0125457804406 68 441
0 25 0
13.1426740218869 49 276
0 25 0
0 25 0
0 25 0
0 25 0
0 25 0
13.1426740218869 49 276
0 25 0
13.1426740218869 49 276
13.1426740218869 49 276
1.13498649866027 38 78
0.287790084675517 30 10
0 25 0
13.1426740218869 49 276
0 25 0
0 25 0
0 25 0
0 25 0
8.41573403140032 48 253
0 25 0
0 25 0
0 25 0
4.6332492271887 46 210
0 25 0
26.522924451167 72 529
0.106310196413835 27 1
0 25 0
0 25 0
0 25 0
0 25 0
26.522924451167 72 529
0 25 0
0 25 0
0 25 0
14.5401266280783 68 443
13.1426740218869 49 276
0 25 0
0 25 0
0 25 0
0 25 0
13.1426740218869 49 276
0 25 0
10.2668177871584 60 319
13.1426740218869 49 276
0 25 0
0 25 0
0 25 0
9.35866583267221 53 263
0.721440029525583 35 45
0 25 0
0 25 0
0 25 0
1.13498649866027 38 78
13.1426740218869 49 276
4.6332492271887 46 210
0 25 0
0 25 0
28.7592175646178 89 653
0 25 0
1.31804190341004 39 91
0 25 0
0 25 0
0 25 0
0 25 0
0 25 0
0 25 0
0 25 0
0 25 0
0 25 0
0 25 0
10.147641896023 69 361
0 25 0
0 25 0
0 25 0
11.9904160155567 65 381
0 25 0
1.13498649866027 38 78
0 25 0
0 25 0
0 25 0
0 25 0
0 25 0
13.1426740218869 49 276
0 25 0
13.1426740218869 49 276
0 25 0
0 25 0
0 25 0
8.41573403140032 48 253
0 25 0
0 25 0
0 25 0
0 25 0
0 25 0
2.503877061327 43 153
0 25 0
0 25 0
0 25 0
0 25 0
0 25 0
0 25 0
0 25 0
0 25 0
0 25 0
0 25 0
0 25 0
3.01116491234757 44 171
0 25 0
0 25 0
0 25 0
6.05188578121316 47 231
15.9965079198586 66 400
0 25 0
13.1426740218869 49 276
0 25 0
0 25 0
0.106310196413835 27 1
0.721440029525583 35 45
0 25 0
13.1426740218869 49 276
3.01116491234757 44 171
0 25 0
0 25 0
0 25 0
0 25 0
0 25 0
0 25 0
0 25 0
0 25 0
0 25 0
0 25 0
14.9783547567982 59 321
0 25 0
0 25 0
1.52748705135947 38 42
3.68719499454099 45 190
0 25 0
0 25 0
0 25 0
0 25 0
20.3576357883724 66 340
17.0140864477957 67 429
0 25 0
0 25 0
0 25 0
13.1426740218869 49 276
0 25 0
0 25 0
0.35827110902428 31 15
0 25 0
0 25 0
0 25 0
0 25 0
0 25 0
6.83607134217968 57 167
6.04386226622139 44 81
0 25 0
2.503877061327 43 153
6.81910268948067 60 295
0 25 0
3.68719499454099 45 190
0 25 0
0 25 0
0 25 0
0 25 0
0 25 0
8.41573403140032 48 253
1.79295006841694 41 120
1.31804190341004 39 91
30.101592452565 88 637
0 25 0
2.503877061327 43 153
8.41573403140032 48 253
0 25 0
0 25 0
0 25 0
0 25 0
3.01116491234757 44 171
0 25 0
6.05188578121316 47 231
13.1426740218869 49 276
12.1976823783559 66 374
0 25 0
0 25 0
0 25 0
13.1426740218869 49 276
5.65467181305966 54 198
0 25 0
0 25 0
0 25 0
0 25 0
0 25 0
0 25 0
0 25 0
0 25 0
0 25 0
0 25 0
0 25 0
0 25 0
0 25 0
0 25 0
0 25 0
8.41573403140032 48 253
0.841248625552919 36 55
0 25 0
22.0447867943582 71 507
0 25 0
0 25 0
0 25 0
0 25 0
0 25 0
0 25 0
3.68719499454099 45 190
0 25 0
0 25 0
0 25 0
3.68719499454099 45 190
0 25 0
0 25 0
0 25 0
0.106310196413835 27 1
0 25 0
0.841248625552919 36 55
7.39294855573445 48 121
0 25 0
0 25 0
0 25 0
0 25 0
0 25 0
0 25 0
0 25 0
0 25 0
0 25 0
0 25 0
13.1426740218869 49 276
0 25 0
4.6332492271887 46 210
0.106310196413835 27 1
13.1426740218869 49 276
0 25 0
0 25 0
14.1290745979178 67 310
0 25 0
0 25 0
8.41573403140032 48 253
3.01116491234757 44 171
0 25 0
7.74442276043146 60 291
13.1426740218869 49 276
0 25 0
2.10906069077826 42 136
0 25 0
0 25 0
0 25 0
0 25 0
8.41573403140032 48 253
0 25 0
22.4108789239048 84 493
0 25 0
0 25 0
0 25 0
0 25 0
0 25 0
0 25 0
0 25 0
2.503877061327 43 153
3.45154771369882 36 25
0 25 0
0 25 0
0.106310196413835 27 1
0 25 0
0 25 0
26.522924451167 72 529
3.68719499454099 45 190
0 25 0
0 25 0
0 25 0
1.31804190341004 39 91
0 25 0
9.70660858072907 53 121
0 25 0
0 25 0
1.53405427074538 40 105
0.841248625552919 36 55
0.162768190462116 28 3
0 25 0
0 25 0
0 25 0
0 25 0
0.977792170205563 37 66
0 25 0
0 25 0
0 25 0
0 25 0
0 25 0
4.6332492271887 46 210
9.57364130056805 61 307
0 25 0
0 25 0
13.1426740218869 49 276
0 25 0
0 25 0
0 25 0
0 25 0
0 25 0
3.01116491234757 44 171
0 25 0
44.119853270151 111 888
0 25 0
0.977792170205563 37 66
0 25 0
0 25 0
0 25 0
0 25 0
4.6332492271887 46 210
0 25 0
0 25 0
0 25 0
0 25 0
5.38735164336122 42 64
6.05188578121316 47 231
0 25 0
0 25 0
0 25 0
0 25 0
0 25 0
26.8245655577233 88 643
0 25 0
0 25 0
13.1426740218869 49 276
0 25 0
6.05188578121316 47 231
0 25 0
6.59995599691075 53 183
0 25 0
0 25 0
0 25 0
21.0234341753546 70 484
8.41573403140032 48 253
13.1426740218869 49 276
0 25 0
0 25 0
0 25 0
0 25 0
4.6332492271887 46 210
0 25 0
0 25 0
13.1426740218869 49 276
0 25 0
0 25 0
8.41573403140032 48 253
0 25 0
0.61536177480791 34 36
0 25 0
13.1426740218869 49 276
0 25 0
0 25 0
3.46492513463614 41 57
0 25 0
0 25 0
22.4388004505689 72 397
0 25 0
12.1823969748692 60 289
13.1426740218869 49 276
0 25 0
8.41573403140032 48 253
14.3855604616252 54 286
0 25 0
0 25 0
0 25 0
0 25 0
0 25 0
3.01116491234757 44 171
15.4515261396126 62 354
0 25 0
0 25 0
0 25 0
13.1426740218869 49 276
9.57364130056805 61 307
0 25 0
0 25 0
0 25 0
0 25 0
0 25 0
8.41573403140032 48 253
0 25 0
1.31804190341004 39 91
0 25 0
0 25 0
33.8650136808454 91 694
0 25 0
0 25 0
4.6332492271887 46 210
8.41573403140032 48 253
0 25 0
0 25 0
8.41573403140032 48 253
0 25 0
8.41573403140032 48 253
1.31804190341004 39 91
4.6332492271887 46 210
0 25 0
0 25 0
0 25 0
0 25 0
0 25 0
0 25 0
19.9589349994082 79 352
6.05188578121316 47 231
25.5393434979359 80 501
0 25 0
22.0447867943582 71 507
0 25 0
0 25 0
0 25 0
8.41573403140032 48 253
2.50137052288846 40 51
0 25 0
0 25 0
0 25 0
0 25 0
0 25 0
0 25 0
0 25 0
22.5329469579707 84 555
0 25 0
13.1426740218869 49 276
0 25 0
0 25 0
0 25 0
26.522924451167 72 529
0 25 0
0 25 0
6.05188578121316 47 231
0 25 0
25.5393434979359 80 501
0 25 0
0 25 0
0 25 0
0 25 0
2.503877061327 43 153
0 25 0
0 25 0
0 25 0
0 25 0
0 25 0
0 25 0
0 25 0
0 25 0
0 25 0
8.09381712196278 50 144
0 25 0
8.41573403140032 48 253
0 25 0
0 25 0
0 25 0
2.80747703770515 34 16
0 25 0
9.9949239090881 64 363
1.13498649866027 38 78
0 25 0
0 25 0
0 25 0
0 25 0
13.1426740218869 49 276
0 25 0
3.01116491234757 44 171
42.1825506412491 110 875
0 25 0
0 25 0
0.106310196413835 27 1
8.41573403140032 48 253
0 25 0
0 25 0
13.1426740218869 49 276
8.41573403140032 48 253
6.05188578121316 47 231
0 25 0
0 25 0
0.222946929161566 29 6
0 25 0
0 25 0
0 25 0
0 25 0
0 25 0
0 25 0
0 25 0
13.1426740218869 49 276
21.0234341753546 70 484
0 25 0
0 25 0
6.71115258196076 46 100
0 25 0
4.6332492271887 46 210
0.106310196413835 27 1
0 25 0
0 25 0
0 25 0
30.8183614922575 88 649
0 25 0
13.1426740218869 49 276
0 25 0
0 25 0
0 25 0
0 25 0
0 25 0
0 25 0
18.8302120979087 75 394
13.1426740218869 49 276
0 25 0
0 25 0
0 25 0
0 25 0
4.6332492271887 46 210
0 25 0
0 25 0
0 25 0
0 25 0
3.68719499454099 45 190
40.1384817581771 94 760
0 25 0
0 25 0
0 25 0
0 25 0
18.0125457804406 68 441
14.477343709944 64 361
0 25 0
0 25 0
0 25 0
0 25 0
0 25 0
0.61536177480791 34 36
0 25 0
4.6332492271887 46 210
0 25 0
1.49758711469925 30 4
0 25 0
0 25 0
5.25966047763157 50 216
0 25 0
0 25 0
0 25 0
0 25 0
0.106310196413835 27 1
4.6332492271887 46 210
13.1426740218869 49 276
2.12644824126319 43 81
0 25 0
0 25 0
0 25 0
0 25 0
0 25 0
0 25 0
0 25 0
6.05188578121316 47 231
0 25 0
0 25 0
13.1426740218869 49 276
15.8962784231242 64 381
0 25 0
0 25 0
0 25 0
0 25 0
0 25 0
19.8271008227349 70 486
0 25 0
0 25 0
0 25 0
0 25 0
0 25 0
0 25 0
0 25 0
0 25 0
0 25 0
8.41573403140032 48 253
18.4707214861175 83 548
0 25 0
0 25 0
0 25 0
0 25 0
0 25 0
13.1426740218869 49 276
0 25 0
0 25 0
0 25 0
0 25 0
3.68719499454099 45 190
0 25 0
0 25 0
0 25 0
0 25 0
0 25 0
0 25 0
13.4513781788572 77 437
0 25 0
0 25 0
0 25 0
0 25 0
0 25 0
1.53405427074538 40 105
0 25 0
0.721440029525583 35 45
0 25 0
18.0125457804406 68 441
0 25 0
0 25 0
3.68719499454099 45 190
8.41573403140032 48 253
0 25 0
3.01116491234757 44 171
0 25 0
1.13498649866027 38 78
0 25 0
0 25 0
10.3799026583127 56 225
0 25 0
0 25 0
0 25 0
0 25 0
33.8650136808454 91 694
0 25 0
13.1426740218869 49 276
0.162768190462116 28 3
0 25 0
0 25 0
0 25 0
6.05188578121316 47 231
0 25 0
0 25 0
0 25 0
0 25 0
0 25 0
0 25 0
0 25 0
0.721440029525583 35 45
0 25 0
0 25 0
0 25 0
13.1426740218869 49 276
0 25 0
3.68719499454099 45 190
0 25 0
8.41573403140032 48 253
0.977792170205563 37 66
8.41573403140032 48 253
0 25 0
0 25 0
0 25 0
0.977792170205563 37 66
0 25 0
0 25 0
0 25 0
21.0234341753546 70 484
0 25 0
0 25 0
4.6332492271887 46 210
0 25 0
13.1426740218869 49 276
0 25 0
0 25 0
0 25 0
0 25 0
16.1874921706374 65 396
0 25 0
6.05188578121316 47 231
0 25 0
0 25 0
8.41573403140032 48 253
0 25 0
0 25 0
0 25 0
2.503877061327 43 153
0 25 0
21.0234341753546 70 484
0 25 0
0 25 0
4.69920669330652 55 226
0 25 0
0 25 0
0 25 0
0 25 0
0.106310196413835 27 1
4.6332492271887 46 210
26.522924451167 72 529
0 25 0
0 25 0
3.68719499454099 45 190
0 25 0
0 25 0
0 25 0
0 25 0
19.8271008227349 70 486
8.41573403140032 48 253
0 25 0
0 25 0
0 25 0
0 25 0
8.41573403140032 48 253
0.977792170205563 37 66
1.53405427074538 40 105
0 25 0
0 25 0
13.1426740218869 49 276
0 25 0
0 25 0
0 25 0
0 25 0
0.520663936977828 33 28
0 25 0
0 25 0
0 25 0
0 25 0
0 25 0
18.0125457804406 68 441
0 25 0
0.520663936977828 33 28
0 25 0
0 25 0
0 25 0
0 25 0
0 25 0
29.7805701836215 90 674
0 25 0
0 25 0
0 25 0
13.1426740218869 49 276
0 25 0
26.522924451167 72 529
0 25 0
0 25 0
1.31804190341004 39 91
22.4033879802037 72 485
0 25 0
0 25 0
0 25 0
0 25 0
0 25 0
8.68564636115621 59 273
0 25 0
26.522924451167 72 529
0.222946929161566 29 6
0 25 0
0 25 0
0 25 0
0 25 0
0 25 0
3.01116491234757 44 171
0 25 0
0 25 0
0 25 0
0 25 0
0 25 0
3.01116491234757 44 171
1.13498649866027 38 78
26.522924451167 72 529
0 25 0
0 25 0
3.01116491234757 44 171
13.1426740218869 49 276
1.53405427074538 40 105
0 25 0
0 25 0
0 25 0
7.74442276043146 60 291
0 25 0
0 25 0
0 25 0
13.1426740218869 49 276
2.45492569866101 45 99
0 25 0
0 25 0
0 25 0
0 25 0
0 25 0
0 25 0
0 25 0
0 25 0
6.05188578121316 47 231
0 25 0
0 25 0
0 25 0
0 25 0
3.01116491234757 44 171
0 25 0
4.6332492271887 46 210
0 25 0
34.8863662998491 92 717
0 25 0
0.222946929161566 29 6
0 25 0
0 25 0
11.9904160155567 65 381
8.41573403140032 48 253
0 25 0
0 25 0
13.1426740218869 49 276
0 25 0
0 25 0
0 25 0
0 25 0
0 25 0
0 25 0
0 25 0
0 25 0
13.1426740218869 49 276
0 25 0
0 25 0
0 25 0
0 25 0
0 25 0
0 25 0
0 25 0
0 25 0
26.522924451167 72 529
0 25 0
0 25 0
0 25 0
0 25 0
0 25 0
0 25 0
0 25 0
0 25 0
8.41573403140032 48 253
0 25 0
0 25 0
0 25 0
0 25 0
0 25 0
0 25 0
0 25 0
13.1426740218869 49 276
6.05188578121316 47 231
2.503877061327 43 153
0 25 0
2.503877061327 43 153
0 25 0
3.01116491234757 44 171
13.1426740218869 49 276
0 25 0
0 25 0
8.41573403140032 48 253
0 25 0
1.79295006841694 41 120
0 25 0
0 25 0
4.6332492271887 46 210
0 25 0
0 25 0
13.1426740218869 49 276
0 25 0
1.31804190341004 39 91
0 25 0
0 25 0
2.503877061327 43 153
0 25 0
0 25 0
0 25 0
0 25 0
0.977792170205563 37 66
0 25 0
0 25 0
0 25 0
0 25 0
8.81960134100136 52 169
0 25 0
12.4039823054699 66 406
0.106310196413835 27 1
8.41573403140032 48 253
0 25 0
0 25 0
3.68719499454099 45 190
13.1426740218869 49 276
0 25 0
0 25 0
0 25 0
0 25 0
8.41573403140032 48 253
11.9904160155567 65 381
13.1426740218869 49 276
0 25 0
0 25 0
0 25 0
0 25 0
13.1426740218869 49 276
0.287790084675517 30 10
0 25 0
0.977792170205563 37 66
0 25 0
0 25 0
41.4675380044962 109 859
6.05188578121316 47 231
14.477343709944 64 361
15.2749643852597 61 342
0 25 0
3.68719499454099 45 190
3.01116491234757 44 171
0 25 0
0 25 0
0 25 0
0 25 0
0 25 0
7.58141554722641 61 310
0 25 0
13.1426740218869 49 276
13.1426740218869 49 276
0 25 0
0 25 0
1.13498649866027 38 78
6.05188578121316 47 231
0 25 0
0 25 0
14.9783547567982 59 321
0 25 0
6.05188578121316 47 231
0 25 0
13.7048542637429 66 326
0 25 0
26.522924451167 72 529
0 25 0
0 25 0
0 25 0
0 25 0
0 25 0
0 25 0
0 25 0
17.3612297120505 78 464
0 25 0
0 25 0
0 25 0
12.9422429305434 62 212
0 25 0
0 25 0
0 25 0
0 25 0
3.01116491234757 44 171
0 25 0
4.6332492271887 46 210
0 25 0
6.05188578121316 47 231
13.1426740218869 49 276
0 25 0
0 25 0
0 25 0
0 25 0
0 25 0
0 25 0
0 25 0
0 25 0
0 25 0
0 25 0
0 25 0
0 25 0
0 25 0
0 25 0
0 25 0
1.31804190341004 39 91
12.1823969748692 60 289
0 25 0
0.721440029525583 35 45
0 25 0
0 25 0
8.41573403140032 48 253
0 25 0
0 25 0
0 25 0
0 25 0
0 25 0
0 25 0
1.79295006841694 41 120
13.1426740218869 49 276
0 25 0
0 25 0
0 25 0
29.9073274353555 98 647
0 25 0
6.05188578121316 47 231
31.8106637765037 90 682
0 25 0
3.45154771369882 36 25
0 25 0
0 25 0
0 25 0
0 25 0
0 25 0
0 25 0
0 25 0
0.162768190462116 28 3
0 25 0
0.721440029525583 35 45
6.05188578121316 47 231
3.68719499454099 45 190
0 25 0
0 25 0
0 25 0
0 25 0
0 25 0
0 25 0
0 25 0
0 25 0
0 25 0
0 25 0
0 25 0
0.35827110902428 31 15
0 25 0
6.05188578121316 47 231
6.94107792201901 58 258
0 25 0
0 25 0
13.1426740218869 49 276
0 25 0
0 25 0
4.6332492271887 46 210
0 25 0
0 25 0
26.522924451167 72 529
16.0796501599909 77 466
6.71115258196076 46 100
0 25 0
0 25 0
3.68719499454099 45 190
0 25 0
0.222946929161566 29 6
0 25 0
0 25 0
0 25 0
0 25 0
0.35827110902428 31 15
0 25 0
2.503877061327 43 153
0 25 0
0.287790084675517 30 10
0 25 0
6.05188578121316 47 231
0 25 0
0 25 0
0 25 0
0 25 0
4.6332492271887 46 210
0 25 0
0 25 0
0 25 0
0 25 0
0 25 0
13.1426740218869 49 276
0 25 0
0 25 0
13.1426740218869 49 276
0 25 0
11.9904160155567 65 381
8.41573403140032 48 253
8.68564636115621 59 273
0 25 0
26.522924451167 72 529
1.53405427074538 40 105
13.1426740218869 49 276
13.1426740218869 49 276
0 25 0
0 25 0
0 25 0
18.0125457804406 68 441
0 25 0
0 25 0
0 25 0
0 25 0
14.5401266280783 68 443
4.70097174279934 55 219
6.05188578121316 47 231
0 25 0
13.1426740218869 49 276
0 25 0
0 25 0
13.1426740218869 49 276
0.162768190462116 28 3
0 25 0
0 25 0
0.61536177480791 34 36
0 25 0
0 25 0
13.4040621418651 66 270
0 25 0
0 25 0
0 25 0
2.10906069077826 42 136
0 25 0
0 25 0
0 25 0
6.05188578121316 47 231
0 25 0
0 25 0
0 25 0
0 25 0
0 25 0
34.8863662998491 92 717
4.6332492271887 46 210
0 25 0
1.53405427074538 40 105
0 25 0
0 25 0
0 25 0
12.1823969748692 60 289
0 25 0
0 25 0
0 25 0
8.72644966401087 62 326
8.41573403140032 48 253
1.79295006841694 41 120
1.13498649866027 38 78
0 25 0
0 25 0
0 25 0
0 25 0
0 25 0
0 25 0
13.1426740218869 49 276
0 25 0
8.41573403140032 48 253
3.01116491234757 44 171
0 25 0
0 25 0
0 25 0
0 25 0
0 25 0
0 25 0
0 25 0
0 25 0
0 25 0
0.287790084675517 30 10
8.41573403140032 48 253
14.477343709944 64 361
0 25 0
17.6348140145315 68 447
0 25 0
0 25 0
13.1426740218869 49 276
9.57806483453772 54 196
0 25 0
13.1426740218869 49 276
0 25 0
0 25 0
0 25 0
0 25 0
0 25 0
0 25 0
0 25 0
0 25 0
0 25 0
0 25 0
0 25 0
0 25 0
0 25 0
0 25 0
3.01116491234757 44 171
2.503877061327 43 153
0.35827110902428 31 15
0.106310196413835 27 1
0 25 0
3.68719499454099 45 190
0 25 0
0 25 0
0 25 0
0 25 0
15.9965079198586 66 400
0 25 0
2.503877061327 43 153
0 25 0
8.41573403140032 48 253
13.1426740218869 49 276
0 25 0
0 25 0
0 25 0
0 25 0
0.977792170205563 37 66
0 25 0
1.13498649866027 38 78
0 25 0
0 25 0
0 25 0
0 25 0
1.13498649866027 38 78
0 25 0
0 25 0
0 25 0
15.0072655641105 68 339
0 25 0
0 25 0
0 25 0
0 25 0
0 25 0
3.68719499454099 45 190
0 25 0
0 25 0
0 25 0
0 25 0
2.12644824126319 43 81
0 25 0
1.79295006841694 41 120
4.6332492271887 46 210
0 25 0
0 25 0
0 25 0
0 25 0
13.1426740218869 49 276
0 25 0
0 25 0
4.6332492271887 46 210
0 25 0
0 25 0
0 25 0
13.1426740218869 49 276
11.7968344773161 65 389
0 25 0
0 25 0
0 25 0
0 25 0
0 25 0
0 25 0
0 25 0
0 25 0
13.1426740218869 49 276
0 25 0
0 25 0
8.41573403140032 48 253
1.53405427074538 40 105
0 25 0
0 25 0
0 25 0
0 25 0
0 25 0
0 25 0
0 25 0
0 25 0
25.8032129387196 87 620
0 25 0
0.936654832729955 34 22
0 25 0
3.68719499454099 45 190
0 25 0
22.4473034410025 84 561
0 25 0
0 25 0
0 25 0
0 25 0
0 25 0
0 25 0
0 25 0
0 25 0
4.6332492271887 46 210
0 25 0
0 25 0
0 25 0
0 25 0
0 25 0
1.31804190341004 39 91
0 25 0
0 25 0
0 25 0
0 25 0
0.841248625552919 36 55
4.6332492271887 46 210
0 25 0
0 25 0
0 25 0
0 25 0
0 25 0
0 25 0
0 25 0
2.54049626524501 45 139
0 25 0
0 25 0
0 25 0
0 25 0
0 25 0
3.01116491234757 44 171
0 25 0
0 25 0
13.1426740218869 49 276
0 25 0
8.41573403140032 48 253
5.54605013497738 57 256
0 25 0
13.1426740218869 49 276
0 25 0
14.1457724973147 52 279
0 25 0
22.0447867943582 71 507
0 25 0
0 25 0
8.41573403140032 48 253
0.162768190462116 28 3
0 25 0
0 25 0
0 25 0
0 25 0
0 25 0
8.41573403140032 48 253
0 25 0
0 25 0
0 25 0
0.841248625552919 36 55
0 25 0
0 25 0
0 25 0
0 25 0
0 25 0
13.1426740218869 49 276
0 25 0
51.360019071372 119 856
0 25 0
8.41573403140032 48 253
4.6332492271887 46 210
0 25 0
0 25 0
0 25 0
14.7280397686909 57 304
4.6332492271887 46 210
0 25 0
0.106310196413835 27 1
0 25 0
0 25 0
0 25 0
0 25 0
0 25 0
0 25 0
0 25 0
13.1426740218869 49 276
0 25 0
0 25 0
0 25 0
0 25 0
0 25 0
0 25 0
0 25 0
2.503877061327 43 153
0 25 0
0 25 0
0 25 0
0 25 0
13.1426740218869 49 276
0 25 0
3.68719499454099 45 190
0 25 0
0 25 0
0 25 0
14.7280397686909 57 304
0 25 0
0 25 0
0 25 0
0 25 0
0 25 0
0 25 0
0 25 0
0 25 0
0 25 0
0 25 0
0 25 0
0 25 0
0 25 0
0 25 0
0 25 0
0 25 0
0 25 0
0 25 0
0 25 0
0 25 0
0 25 0
0 25 0
0 25 0
0 25 0
0.977792170205563 37 66
0 25 0
13.1426740218869 49 276
0 25 0
0 25 0
0 25 0
0 25 0
0 25 0
18.0125457804406 68 441
3.68719499454099 45 190
26.522924451167 72 529
13.1426740218869 49 276
4.6332492271887 46 210
3.68719499454099 45 190
0 25 0
0 25 0
0 25 0
13.1426740218869 49 276
0 25 0
0 25 0
0 25 0
0 25 0
0 25 0
0 25 0
0 25 0
0 25 0
0 25 0
0 25 0
0.977792170205563 37 66
0 25 0
13.1426740218869 49 276
0 25 0
26.522924451167 72 529
0.35827110902428 31 15
8.41573403140032 48 253
0 25 0
0 25 0
26.522924451167 72 529
1.13498649866027 38 78
13.1426740218869 49 276
0 25 0
0 25 0
1.13498649866027 38 78
0 25 0
13.1426740218869 49 276
4.6332492271887 46 210
26.522924451167 72 529
26.522924451167 72 529
0 25 0
0 25 0
0 25 0
0 25 0
0 25 0
0 25 0
0 25 0
13.1426740218869 49 276
0.841248625552919 36 55
0 25 0
0 25 0
0 25 0
6.05188578121316 47 231
0 25 0
0 25 0
13.1426740218869 49 276
0 25 0
0 25 0
0 25 0
26.522924451167 72 529
0 25 0
0 25 0
0 25 0
26.522924451167 72 529
4.6332492271887 46 210
0 25 0
0 25 0
0 25 0
0 25 0
0 25 0
26.522924451167 72 529
0 25 0
0 25 0
0 25 0
0 25 0
0 25 0
0 25 0
0 25 0
3.68719499454099 45 190
29.1489179315779 88 461
0 25 0
0 25 0
0 25 0
0 25 0
0 25 0
0 25 0
20.4648845531934 79 478
13.1426740218869 49 276
3.68719499454099 45 190
0 25 0
0 25 0
11.7968344773161 65 389
0 25 0
0 25 0
0 25 0
0 25 0
21.0234341753546 70 484
0 25 0
21.0416773435112 68 357
0 25 0
0 25 0
0 25 0
0 25 0
13.241574131672 62 324
0 25 0
0 25 0
0 25 0
13.1426740218869 49 276
4.41930277613832 36 17
0 25 0
0 25 0
0 25 0
0 25 0
0 25 0
8.41573403140032 48 253
3.01116491234757 44 171
13.1426740218869 49 276
0 25 0
0 25 0
0 25 0
0 25 0
0 25 0
0 25 0
0 25 0
0 25 0
0 25 0
3.29477327021058 44 83
0 25 0
0 25 0
0 25 0
0 25 0
0 25 0
0 25 0
0 25 0
0 25 0
0 25 0
0 25 0
20.1305047071802 80 481
0 25 0
0.162768190462116 28 3
0 25 0
0 25 0
0 25 0
0 25 0
0 25 0
0 25 0
7.22818473579506 55 211
6.05188578121316 47 231
0 25 0
0 25 0
13.1426740218869 49 276
0 25 0
18.3171642999431 72 427
8.41573403140032 48 253
0 25 0
0 25 0
6.05188578121316 47 231
0 25 0
0 25 0
0 25 0
0 25 0
13.1426740218869 49 276
4.6149791645608 50 146
0 25 0
13.1426740218869 49 276
22.0447867943582 71 507
0 25 0
11.3416714354446 64 373
0.841248625552919 36 55
0 25 0
9.92252249130404 71 355
0 25 0
0.841248625552919 36 55
0 25 0
15.7992547237523 57 292
13.1426740218869 49 276
0 25 0
13.1426740218869 49 276
0 25 0
0 25 0
0 25 0
0 25 0
13.1426740218869 49 276
3.01116491234757 44 171
3.26108301300567 50 164
0 25 0
3.68719499454099 45 190
0 25 0
0 25 0
11.7968344773161 65 389
0 25 0
0 25 0
13.1426740218869 49 276
0 25 0
8.41573403140032 48 253
0 25 0
0 25 0
0 25 0
0 25 0
13.1426740218869 49 276
0 25 0
0 25 0
0 25 0
1.52436792865489 39 51
0 25 0
0 25 0
0 25 0
4.74204852205131 53 218
0 25 0
0 25 0
6.05188578121316 47 231
13.1426740218869 49 276
0 25 0
0.61536177480791 34 36
0 25 0
0 25 0
0 25 0
3.68719499454099 45 190
0 25 0
0 25 0
0 25 0
2.10906069077826 42 136
0 25 0
11.9904160155567 65 381
0 25 0
0 25 0
0 25 0
13.1426740218869 49 276
0 25 0
0 25 0
0 25 0
0 25 0
0 25 0
13.1426740218869 49 276
0 25 0
0 25 0
0 25 0
0 25 0
0 25 0
0 25 0
0 25 0
0 25 0
0 25 0
13.1426740218869 49 276
0 25 0
0 25 0
9.25457575834452 52 259
3.68719499454099 45 190
4.6332492271887 46 210
13.1426740218869 49 276
0 25 0
1.53405427074538 40 105
0 25 0
0 25 0
26.522924451167 72 529
13.1426740218869 49 276
0 25 0
0.841248625552919 36 55
0 25 0
0 25 0
0 25 0
0 25 0
0 25 0
0 25 0
0 25 0
0 25 0
0 25 0
26.522924451167 72 529
5.84789879022778 55 246
0 25 0
0 25 0
0 25 0
8.41573403140032 48 253
0 25 0
0 25 0
0 25 0
0 25 0
0 25 0
0 25 0
4.6332492271887 46 210
0 25 0
0 25 0
0 25 0
0 25 0
0 25 0
0 25 0
0 25 0
0 25 0
0 25 0
8.68564636115621 59 273
0 25 0
0 25 0
0 25 0
13.1426740218869 49 276
0 25 0
0 25 0
0 25 0
0 25 0
8.41573403140032 48 253
0 25 0
8.41573403140032 48 253
0 25 0
0 25 0
8.41573403140032 48 253
0 25 0
0 25 0
0 25 0
0 25 0
0.61536177480791 34 36
0 25 0
0 25 0
0 25 0
0 25 0
6.04386226622139 44 81
13.1426740218869 49 276
0 25 0
2.80747703770515 34 16
0 25 0
0 25 0
13.1426740218869 49 276
0 25 0
0 25 0
4.6332492271887 46 210
0 25 0
1.79295006841694 41 120
0 25 0
0 25 0
0 25 0
1.13498649866027 38 78
0 25 0
0 25 0
0 25 0
14.5401266280783 68 443
0 25 0
0 25 0
0 25 0
0 25 0
0 25 0
0.520663936977828 33 28
0 25 0
0 25 0
0 25 0
38.5531948008016 106 810
0 25 0
0 25 0
0 25 0
0 25 0
7.58141554722641 61 310
14.9783547567982 59 321
0 25 0
0 25 0
0 25 0
0.841248625552919 36 55
0 25 0
3.01116491234757 44 171
1.81787696165413 41 65
0 25 0
0 25 0
0 25 0
0 25 0
0 25 0
0 25 0
0 25 0
2.503877061327 43 153
0 25 0
13.1426740218869 49 276
8.41573403140032 48 253
4.6332492271887 46 210
0 25 0
0.992921995410941 32 11
1.31804190341004 39 91
0 25 0
0 25 0
0 25 0
0 25 0
4.6332492271887 46 210
0 25 0
0 25 0
0.61536177480791 34 36
0 25 0
0 25 0
0 25 0
0 25 0
0 25 0
0 25 0
0 25 0
0 25 0
0 25 0
0 25 0
0 25 0
0 25 0
13.2562129321596 67 424
0 25 0
0 25 0
6.05188578121316 47 231
0 25 0
0 25 0
26.2694493645743 87 627
9.57806483453772 54 196
0 25 0
0 25 0
0 25 0
0 25 0
0 25 0
0 25 0
0 25 0
6.05188578121316 47 231
0 25 0
0.287790084675517 30 10
2.503877061327 43 153
0 25 0
4.6332492271887 46 210
0 25 0
0 25 0
0 25 0
0 25 0
0 25 0
26.2694493645743 87 627
0 25 0
1.79295006841694 41 120
0 25 0
0 25 0
13.1426740218869 49 276
0 25 0
0 25 0
13.1426740218869 49 276
0 25 0
0 25 0
13.1426740218869 49 276
0 25 0
0 25 0
0 25 0
30.1597921081361 87 452
0 25 0
0 25 0
0 25 0
0 25 0
0 25 0
8.41573403140032 48 253
0 25 0
0 25 0
13.1426740218869 49 276
0 25 0
0 25 0
0 25 0
0 25 0
8.80133684243889 63 346
0.977792170205563 37 66
0 25 0
0 25 0
0 25 0
0 25 0
3.68719499454099 45 190
2.10906069077826 42 136
0 25 0
0 25 0
0 25 0
0 25 0
0 25 0
0 25 0
0 25 0
13.1426740218869 49 276
0 25 0
13.1426740218869 49 276
0 25 0
4.6332492271887 46 210
0 25 0
0 25 0
5.54550718533765 53 134
0 25 0
13.241574131672 62 324
3.60083056434828 51 181
0 25 0
1.53405427074538 40 105
0 25 0
0 25 0
0 25 0
0 25 0
0 25 0
13.1426740218869 49 276
9.23071251841788 66 302
0 25 0
0 25 0
0 25 0
0 25 0
0 25 0
0 25 0
0 25 0
0 25 0
0 25 0
0 25 0
0 25 0
1.90619067706048 43 97
0 25 0
13.1426740218869 49 276
0 25 0
0 25 0
0 25 0
6.04386226622139 44 81
0 25 0
0 25 0
0 25 0
8.41573403140032 48 253
0 25 0
0 25 0
26.522924451167 72 529
15.9965079198586 66 400
0 25 0
0 25 0
0 25 0
0 25 0
7.58141554722641 61 310
1.53405427074538 40 105
0 25 0
0 25 0
4.6332492271887 46 210
0 25 0
0 25 0
8.41573403140032 48 253
0 25 0
0 25 0
22.0447867943582 71 507
0.35827110902428 31 15
0 25 0
0 25 0
0 25 0
0 25 0
0 25 0
0.977792170205563 37 66
32.0199622152837 90 676
0 25 0
3.01116491234757 44 171
0 25 0
0 25 0
0.841248625552919 36 55
14.5401266280783 68 443
0 25 0
0 25 0
13.1426740218869 49 276
0 25 0
0 25 0
13.1426740218869 49 276
0 25 0
0 25 0
0 25 0
4.6332492271887 46 210
0 25 0
0 25 0
0 25 0
0 25 0
0 25 0
4.73841850423392 40 49
13.1426740218869 49 276
13.1426740218869 49 276
0 25 0
2.503877061327 43 153
0 25 0
0 25 0
0.222946929161566 29 6
0 25 0
0 25 0
8.32680245771044 61 322
0 25 0
0 25 0
0.721440029525583 35 45
0 25 0
0 25 0
0 25 0
0 25 0
0.977792170205563 37 66
3.01116491234757 44 171
0 25 0
0 25 0
2.80747703770515 34 16
0 25 0
0 25 0
26.522924451167 72 529
8.41573403140032 48 253
0 25 0
17.0140864477957 67 429
0 25 0
0 25 0
0.106310196413835 27 1
0 25 0
13.8410995760506 67 421
0 25 0
0 25 0
4.6332492271887 46 210
0 25 0
0 25 0
17.2238908510184 74 380
0 25 0
0 25 0
26.522924451167 72 529
0 25 0
0 25 0
0 25 0
13.1426740218869 49 276
0 25 0
0.222946929161566 29 6
0 25 0
0 25 0
13.1426740218869 49 276
0 25 0
0 25 0
0 25 0
32.5711349741127 90 617
0 25 0
0 25 0
0 25 0
0 25 0
13.1426740218869 49 276
0 25 0
0 25 0
0 25 0
0 25 0
13.1426740218869 49 276
0 25 0
0 25 0
0 25 0
0 25 0
0 25 0
0 25 0
0 25 0
0.721440029525583 35 45
4.73841850423392 40 49
0 25 0
8.09381712196278 50 144
8.41573403140032 48 253
0 25 0
13.1426740218869 49 276
0 25 0
4.8968026067466 54 226
0.841248625552919 36 55
9.2811844381908 66 282
0 25 0
1.94110573218546 43 88
3.68719499454099 45 190
0 25 0
0 25 0
0 25 0
0 25 0
2.16778339149043 44 93
1.31804190341004 39 91
0 25 0
0 25 0
0 25 0
0 25 0
0 25 0
0 25 0
1.31804190341004 39 91
0 25 0
0 25 0
8.41573403140032 48 253
0 25 0
14.477343709944 64 361
0 25 0
0 25 0
0.43547414927515 32 21
6.05188578121316 47 231
0 25 0
1.13498649866027 38 78
0 25 0
0 25 0
0 25 0
0 25 0
0 25 0
0 25 0
0 25 0
4.6332492271887 46 210
6.05188578121316 47 231
0 25 0
1.49758711469925 30 4
0 25 0
0 25 0
0 25 0
13.1426740218869 49 276
0.43547414927515 32 21
1.79295006841694 41 120
4.6332492271887 46 210
1.31804190341004 39 91
6.05188578121316 47 231
0 25 0
13.1426740218869 49 276
0 25 0
1.53405427074538 40 105
3.68719499454099 45 190
0 25 0
0 25 0
0 25 0
0 25 0
0 25 0
0 25 0
8.41573403140032 48 253
0 25 0
3.01116491234757 44 171
0 25 0
13.1426740218869 49 276
0 25 0
0 25 0
0 25 0
0.35827110902428 31 15
0 25 0
0 25 0
0 25 0
4.6332492271887 46 210
15.2749643852597 61 342
0 25 0
0 25 0
0 25 0
0 25 0
8.41573403140032 48 253
13.1426740218869 49 276
0 25 0
0 25 0
0 25 0
0 25 0
0 25 0
0 25 0
0 25 0
0 25 0
11.7416218681437 65 329
13.1426740218869 49 276
3.01116491234757 44 171
0.520663936977828 33 28
30.4864247266996 87 634
1.13498649866027 38 78
0 25 0
0 25 0
8.41573403140032 48 253
0 25 0
0 25 0
0 25 0
0 25 0
1.13498649866027 38 78
0 25 0
1.13498649866027 38 78
0 25 0
0 25 0
0 25 0
0 25 0
0.61536177480791 34 36
0 25 0
4.59868312640892 54 202
0 25 0
0 25 0
0 25 0
0 25 0
0 25 0
0 25 0
0 25 0
0.977792170205563 37 66
0 25 0
0 25 0
13.1426740218869 49 276
0 25 0
0 25 0
16.6920535508386 69 463
3.01116491234757 44 171
34.3762516437186 95 580
0 25 0
0.721440029525583 35 45
0 25 0
0 25 0
0 25 0
0 25 0
0 25 0
0 25 0
0 25 0
0 25 0
0 25 0
0 25 0
0 25 0
0 25 0
13.1426740218869 49 276
0 25 0
2.10906069077826 42 136
4.6332492271887 46 210
0 25 0
8.41573403140032 48 253
0 25 0
2.15797569461255 32 9
0 25 0
0 25 0
0 25 0
0 25 0
0 25 0
0 25 0
0 25 0
8.86389310510775 57 235
0 25 0
0 25 0
0 25 0
0 25 0
0 25 0
0 25 0
0 25 0
0 25 0
3.01116491234757 44 171
13.1426740218869 49 276
0 25 0
0 25 0
20.4618271171343 84 560
0 25 0
0 25 0
2.503877061327 43 153
0 25 0
0 25 0
0 25 0
0 25 0
0 25 0
6.05188578121316 47 231
0 25 0
0 25 0
13.1426740218869 49 276
0 25 0
0 25 0
13.1426740218869 49 276
0 25 0
1.79295006841694 41 120
0 25 0
0 25 0
0 25 0
3.01116491234757 44 171
0 25 0
0 25 0
0 25 0
0 25 0
0.977792170205563 37 66
0 25 0
13.1426740218869 49 276
0 25 0
4.6332492271887 46 210
0.162768190462116 28 3
4.6332492271887 46 210
0 25 0
13.1426740218869 49 276
0 25 0
1.79295006841694 41 120
0 25 0
0 25 0
0 25 0
20.5922622691723 73 361
0 25 0
3.68719499454099 45 190
0 25 0
0 25 0
0 25 0
0 25 0
0 25 0
0 25 0
0 25 0
0 25 0
0 25 0
0 25 0
0 25 0
0 25 0
0 25 0
0 25 0
0 25 0
3.01116491234757 44 171
0 25 0
0 25 0
13.1426740218869 49 276
0 25 0
0 25 0
0 25 0
0 25 0
0 25 0
0 25 0
0 25 0
0 25 0
0 25 0
0 25 0
0 25 0
0 25 0
0 25 0
0 25 0
0 25 0
21.0234341753546 70 484
1.79295006841694 41 120
0 25 0
0 25 0
0 25 0
0 25 0
0 25 0
0 25 0
0 25 0
0 25 0
0 25 0
0 25 0
6.05188578121316 47 231
8.41573403140032 48 253
0 25 0
0 25 0
0 25 0
0 25 0
0 25 0
7.58141554722641 61 310
40.1384817581771 94 760
0 25 0
1.53405427074538 40 105
0 25 0
0 25 0
0 25 0
0 25 0
0 25 0
0 25 0
0 25 0
0 25 0
0 25 0
0 25 0
0 25 0
1.13498649866027 38 78
0 25 0
0 25 0
22.0447867943582 71 507
0 25 0
0 25 0
0 25 0
0 25 0
0 25 0
13.1426740218869 49 276
0 25 0
0 25 0
3.01116491234757 44 171
13.1426740218869 49 276
13.1426740218869 49 276
0 25 0
0 25 0
0 25 0
0 25 0
0 25 0
0 25 0
0 25 0
1.13498649866027 38 78
0 25 0
8.41573403140032 48 253
0.287790084675517 30 10
0 25 0
13.1426740218869 49 276
4.74204852205131 53 218
0.61536177480791 34 36
0 25 0
0 25 0
13.1426740218869 49 276
0 25 0
0 25 0
0 25 0
30.8019228026252 91 697
0 25 0
2.503877061327 43 153
6.05188578121316 47 231
0 25 0
6.05188578121316 47 231
13.1426740218869 49 276
0 25 0
0 25 0
0 25 0
25.0600362276662 85 583
14.1457724973147 52 279
0 25 0
0 25 0
0 25 0
0 25 0
0 25 0
0 25 0
0 25 0
26.522924451167 72 529
0 25 0
0 25 0
0 25 0
0 25 0
3.68719499454099 45 190
7.82432653334031 66 290
0 25 0
0 25 0
0 25 0
0 25 0
0 25 0
0 25 0
0 25 0
0 25 0
0.43547414927515 32 21
1.79295006841694 41 120
0 25 0
0 25 0
1.31804190341004 39 91
0 25 0
0 25 0
13.1426740218869 49 276
0 25 0
16.1874921706374 65 396
13.1426740218869 49 276
0 25 0
18.0125457804406 68 441
4.6332492271887 46 210
0 25 0
0 25 0
0 25 0
0 25 0
10.9868709364445 63 358
0 25 0
0 25 0
0 25 0
0 25 0
0 25 0
2.503877061327 43 153
0 25 0
0 25 0
0 25 0
0 25 0
0 25 0
0 25 0
0 25 0
0 25 0
0 25 0
0 25 0
0 25 0
0 25 0
3.68719499454099 45 190
0 25 0
8.41573403140032 48 253
13.1426740218869 49 276
0 25 0
0 25 0
0 25 0
0 25 0
0 25 0
13.1426740218869 49 276
0 25 0
0 25 0
0 25 0
0 25 0
0 25 0
0 25 0
0 25 0
0 25 0
0 25 0
0 25 0
3.68719499454099 45 190
13.1426740218869 49 276
0 25 0
8.41573403140032 48 253
0 25 0
13.1426740218869 49 276
0 25 0
0 25 0
13.1426740218869 49 276
0.222946929161566 29 6
14.2691027383468 53 282
0 25 0
0 25 0
13.1426740218869 49 276
0 25 0
13.1426740218869 49 276
0 25 0
0.162768190462116 28 3
0 25 0
0.977792170205563 37 66
5.39766540019926 57 249
0 25 0
0 25 0
8.41573403140032 48 253
3.01116491234757 44 171
0 25 0
0 25 0
13.1426740218869 49 276
0 25 0
0 25 0
16.6920535508386 69 463
0 25 0
0 25 0
5.16139973134016 49 213
0 25 0
32.3216210288895 100 688
33.8650136808454 91 694
1.31804190341004 39 91
0 25 0
0 25 0
0 25 0
8.68564636115621 59 273
0 25 0
0 25 0
0 25 0
0 25 0
0 25 0
22.0447867943582 71 507
0 25 0
26.522924451167 72 529
0 25 0
0.61536177480791 34 36
0 25 0
0 25 0
13.1426740218869 49 276
0 25 0
0 25 0
13.8410995760506 67 421
0 25 0
13.1426740218869 49 276
0 25 0
9.57806483453772 54 196
0 25 0
0 25 0
0 25 0
0 25 0
2.503877061327 43 153
0 25 0
0 25 0
5.28883458094657 56 245
0 25 0
0 25 0
0 25 0
0 25 0
0 25 0
0 25 0
0 25 0
2.503877061327 43 153
0 25 0
0 25 0
0 25 0
2.503877061327 43 153
0 25 0
0 25 0
24.0740181471289 85 577
0 25 0
0 25 0
0 25 0
0 25 0
0 25 0
0 25 0
0 25 0
0 25 0
0 25 0
2.10906069077826 42 136
6.05188578121316 47 231
0 25 0
0 25 0
0 25 0
0 25 0
0 25 0
0 25 0
0 25 0
0 25 0
0 25 0
0 25 0
0 25 0
0 25 0
1.81787696165413 41 65
0 25 0
0 25 0
4.24813930269418 53 207
6.05188578121316 47 231
8.41573403140032 48 253
9.57806483453772 54 196
8.41573403140032 48 253
0 25 0
22.0447867943582 71 507
4.6332492271887 46 210
0 25 0
13.1426740218869 49 276
0 25 0
0 25 0
0 25 0
0 25 0
0 25 0
0 25 0
13.1426740218869 49 276
0 25 0
0 25 0
0.35827110902428 31 15
0 25 0
0 25 0
0 25 0
0 25 0
0 25 0
0 25 0
0 25 0
0 25 0
0 25 0
0 25 0
0 25 0
2.10906069077826 42 136
0 25 0
0 25 0
0 25 0
0.841248625552919 36 55
0 25 0
0 25 0
0 25 0
21.0234341753546 70 484
13.4734805573814 73 388
0.35827110902428 31 15
17.0140864477957 67 429
0 25 0
0 25 0
0 25 0
0.520663936977828 33 28
0 25 0
0 25 0
0 25 0
0 25 0
0 25 0
13.8410995760506 67 421
0 25 0
0 25 0
0 25 0
0 25 0
3.68719499454099 45 190
0 25 0
0 25 0
0 25 0
0 25 0
0 25 0
0 25 0
0 25 0
0 25 0
16.9076410776319 81 515
0 25 0
0 25 0
0 25 0
13.1426740218869 49 276
0 25 0
0 25 0
0.287790084675517 30 10
13.1426740218869 49 276
4.09412513731741 38 36
0 25 0
3.68719499454099 45 190
0 25 0
0 25 0
0 25 0
12.4039823054699 66 406
0 25 0
0 25 0
6.05188578121316 47 231
0 25 0
0 25 0
0 25 0
13.1426740218869 49 276
0 25 0
0 25 0
0 25 0
0 25 0
3.68719499454099 45 190
0 25 0
0 25 0
0 25 0
0 25 0
13.1426740218869 49 276
0.222946929161566 29 6
1.31804190341004 39 91
0 25 0
0 25 0
0 25 0
2.80747703770515 34 16
3.68719499454099 45 190
0 25 0
0 25 0
8.41573403140032 48 253
16.3466870751709 80 486
0 25 0
0 25 0
0 25 0
0 25 0
0 25 0
13.1426740218869 49 276
8.41573403140032 48 253
0 25 0
0 25 0
0 25 0
0 25 0
0 25 0
0.222946929161566 29 6
0.721440029525583 35 45
0 25 0
0 25 0
5.91921595273522 58 262
13.1426740218869 49 276
6.05188578121316 47 231
8.41573403140032 48 253
0 25 0
0.106310196413835 27 1
0 25 0
0 25 0
0.222946929161566 29 6
0 25 0
26.522924451167 72 529
0 25 0
8.41573403140032 48 253
2.97550036196209 45 94
0 25 0
0 25 0
0 25 0
0 25 0
5.86548228502033 58 268
0 25 0
8.41573403140032 48 253
0 25 0
0 25 0
13.1426740218869 49 276
6.05188578121316 47 231
0 25 0
0 25 0
0 25 0
13.1426740218869 49 276
0 25 0
0 25 0
13.1426740218869 49 276
0 25 0
0 25 0
0 25 0
0 25 0
0 25 0
0 25 0
17.5090994394682 72 347
0.222946929161566 29 6
0 25 0
0 25 0
0 25 0
0 25 0
0 25 0
0 25 0
0 25 0
12.4039823054699 66 406
0 25 0
8.41573403140032 48 253
33.8345172575779 92 719
0 25 0
0 25 0
0 25 0
13.1426740218869 49 276
26.522924451167 72 529
0 25 0
3.01116491234757 44 171
2.10906069077826 42 136
8.41573403140032 48 253
0.841248625552919 36 55
0 25 0
0 25 0
0 25 0
13.1426740218869 49 276
0 25 0
0 25 0
0 25 0
3.21240605797408 48 127
0 25 0
0 25 0
0 25 0
0.287790084675517 30 10
15.9965079198586 66 400
0 25 0
13.1426740218869 49 276
0 25 0
0 25 0
0 25 0
8.41573403140032 48 253
0 25 0
8.41573403140032 48 253
15.8962784231242 64 381
0.841248625552919 36 55
0 25 0
0 25 0
0 25 0
0 25 0
0 25 0
0 25 0
0 25 0
0 25 0
0 25 0
0 25 0
0.106310196413835 27 1
53.9663985366578 123 926
8.41573403140032 48 253
0 25 0
0 25 0
0 25 0
2.25864780851408 41 60
8.41573403140032 48 253
0 25 0
5.39766540019926 57 249
0 25 0
0 25 0
0 25 0
0 25 0
2.503877061327 43 153
0 25 0
0 25 0
0 25 0
0 25 0
0 25 0
0 25 0
0 25 0
13.1426740218869 49 276
0 25 0
0 25 0
19.8271008227349 70 486
0 25 0
0 25 0
0 25 0
0 25 0
0.61536177480791 34 36
0 25 0
0 25 0
0 25 0
8.41573403140032 48 253
0 25 0
13.2562129321596 67 424
0 25 0
0 25 0
1.31804190341004 39 91
0 25 0
0 25 0
0 25 0
0 25 0
1.13498649866027 38 78
0 25 0
4.6332492271887 46 210
0 25 0
0 25 0
0 25 0
0 25 0
3.68719499454099 45 190
13.1426740218869 49 276
0 25 0
0 25 0
0 25 0
0 25 0
8.41573403140032 48 253
0 25 0
1.53405427074538 40 105
0 25 0
0 25 0
0 25 0
0 25 0
0 25 0
0 25 0
0 25 0
0 25 0
0 25 0
0.721440029525583 35 45
0 25 0
0 25 0
0 25 0
1.79295006841694 41 120
0 25 0
0 25 0
0 25 0
0 25 0
1.13498649866027 38 78
8.41573403140032 48 253
0 25 0
13.1426740218869 49 276
0 25 0
13.1426740218869 49 276
0.287790084675517 30 10
0 25 0
0 25 0
0 25 0
8.28962764679762 57 255
0.287790084675517 30 10
0 25 0
0 25 0
0.520663936977828 33 28
0 25 0
2.60930847487315 43 76
0 25 0
13.1426740218869 49 276
0 25 0
13.1426740218869 49 276
0 25 0
4.93958793268678 47 111
0 25 0
0 25 0
0 25 0
0 25 0
0 25 0
0 25 0
2.10906069077826 42 136
0 25 0
13.1426740218869 49 276
13.1426740218869 49 276
0 25 0
0 25 0
0 25 0
0 25 0
0 25 0
0 25 0
8.09381712196278 50 144
0 25 0
0 25 0
0 25 0
0 25 0
13.1426740218869 49 276
0 25 0
0 25 0
0 25 0
0 25 0
0 25 0
0 25 0
2.89217978891836 42 66
0 25 0
0.162768190462116 28 3
0 25 0
0 25 0
0 25 0
4.6332492271887 46 210
17.0140864477957 67 429
3.68719499454099 45 190
0 25 0
0 25 0
0 25 0
0 25 0
8.41573403140032 48 253
0 25 0
13.1426740218869 49 276
0 25 0
2.503877061327 43 153
0 25 0
2.503877061327 43 153
18.5080148661651 69 466
8.41573403140032 48 253
13.1426740218869 49 276
0 25 0
0 25 0
0 25 0
18.0125457804406 68 441
0 25 0
16.6920535508386 69 463
2.503877061327 43 153
0 25 0
0 25 0
13.1426740218869 49 276
0 25 0
0 25 0
0 25 0
0 25 0
20.0272544830929 77 462
0 25 0
0 25 0
0 25 0
0 25 0
0 25 0
0 25 0
0 25 0
0 25 0
0 25 0
0 25 0
2.503877061327 43 153
0 25 0
6.05188578121316 47 231
4.6332492271887 46 210
0 25 0
0 25 0
0 25 0
0 25 0
0 25 0
3.68719499454099 45 190
0.520663936977828 33 28
0 25 0
0 25 0
0 25 0
13.1426740218869 49 276
0 25 0
0 25 0
13.1426740218869 49 276
1.13498649866027 38 78
0 25 0
1.31804190341004 39 91
8.41573403140032 48 253
0.721440029525583 35 45
0 25 0
0 25 0
0 25 0
1.53405427074538 40 105
13.1426740218869 49 276
6.05188578121316 47 231
0 25 0
0 25 0
0 25 0
0 25 0
0 25 0
13.1426740218869 49 276
0 25 0
1.53405427074538 40 105
0 25 0
0.222946929161566 29 6
0 25 0
0 25 0
0 25 0
0 25 0
0 25 0
13.1426740218869 49 276
0 25 0
0 25 0
0 25 0
8.41573403140032 48 253
0 25 0
0 25 0
0 25 0
0 25 0
0 25 0
2.503877061327 43 153
0 25 0
0 25 0
0 25 0
13.1426740218869 49 276
0 25 0
2.503877061327 43 153
0 25 0
13.1426740218869 49 276
0 25 0
0 25 0
0 25 0
0 25 0
0 25 0
0 25 0
0 25 0
17.4370294905603 79 463
15.8962784231242 64 381
0 25 0
4.6332492271887 46 210
0 25 0
2.503877061327 43 153
0 25 0
2.25864780851408 41 60
0 25 0
0 25 0
0 25 0
0 25 0
0 25 0
0.35827110902428 31 15
0 25 0
3.01116491234757 44 171
0 25 0
0 25 0
0 25 0
8.41573403140032 48 253
0 25 0
0 25 0
0 25 0
0 25 0
7.22818473579506 55 211
0 25 0
0 25 0
0 25 0
0 25 0
0 25 0
0 25 0
0 25 0
0 25 0
0 25 0
0 25 0
0 25 0
7.39294855573445 48 121
0 25 0
0 25 0
0 25 0
0 25 0
0 25 0
13.1426740218869 49 276
0 25 0
0 25 0
0 25 0
0 25 0
0 25 0
0 25 0
0 25 0
0 25 0
0 25 0
8.41573403140032 48 253
0 25 0
15.2749643852597 61 342
0 25 0
0 25 0
8.09381712196278 50 144
0 25 0
0 25 0
0 25 0
0.287790084675517 30 10
0.35827110902428 31 15
0.43547414927515 32 21
0 25 0
0 25 0
0 25 0
0 25 0
0 25 0
26.522924451167 72 529
1.79295006841694 41 120
0 25 0
0 25 0
0 25 0
0 25 0
4.6332492271887 46 210
0 25 0
0 25 0
9.80932572809353 57 289
8.41573403140032 48 253
4.6332492271887 46 210
0 25 0
8.41573403140032 48 253
0 25 0
0 25 0
0 25 0
0 25 0
0 25 0
0 25 0
0 25 0
0 25 0
1.31804190341004 39 91
0 25 0
0 25 0
4.6332492271887 46 210
0 25 0
0 25 0
8.41573403140032 48 253
2.503877061327 43 153
0 25 0
0 25 0
13.1426740218869 49 276
0 25 0
0 25 0
8.41573403140032 48 253
0 25 0
0 25 0
0 25 0
0 25 0
0 25 0
0 25 0
8.41573403140032 48 253
0 25 0
0 25 0
0 25 0
0 25 0
1.79295006841694 41 120
0 25 0
0 25 0
0.106310196413835 27 1
0 25 0
0 25 0
0 25 0
0 25 0
26.522924451167 72 529
0 25 0
0 25 0
0 25 0
0 25 0
0 25 0
0 25 0
0 25 0
0.61536177480791 34 36
0 25 0
16.6920535508386 69 463
0 25 0
0 25 0
0 25 0
0 25 0
0 25 0
0 25 0
0 25 0
1.79295006841694 41 120
0 25 0
0 25 0
0 25 0
0 25 0
0 25 0
13.1426740218869 49 276
0 25 0
0 25 0
0 25 0
0 25 0
4.6332492271887 46 210
0 25 0
0 25 0
21.0234341753546 70 484
1.13498649866027 38 78
0 25 0
13.1426740218869 49 276
6.05188578121316 47 231
0 25 0
0 25 0
0 25 0
11.9904160155567 65 381
8.41573403140032 48 253
0 25 0
13.1426740218869 49 276
0 25 0
0 25 0
0 25 0
1.13498649866027 38 78
0 25 0
0 25 0
3.45154771369882 36 25
14.0102557829331 51 277
0 25 0
0 25 0
0 25 0
0 25 0
13.1426740218869 49 276
0 25 0
0 25 0
8.41573403140032 48 253
0 25 0
3.68719499454099 45 190
4.73841850423392 40 49
0.287790084675517 30 10
0 25 0
0 25 0
0 25 0
0 25 0
0 25 0
4.6332492271887 46 210
0 25 0
0 25 0
0 25 0
13.1426740218869 49 276
8.41573403140032 48 253
0 25 0
0 25 0
0 25 0
0 25 0
0.222946929161566 29 6
22.0447867943582 71 507
0 25 0
0 25 0
0 25 0
0 25 0
1.31804190341004 39 91
0 25 0
13.1426740218869 49 276
0 25 0
0 25 0
0 25 0
0 25 0
0 25 0
0 25 0
0 25 0
0 25 0
0 25 0
8.41573403140032 48 253
0 25 0
0.43547414927515 32 21
0 25 0
2.503877061327 43 153
0 25 0
0 25 0
0 25 0
0 25 0
0 25 0
0 25 0
13.1426740218869 49 276
6.05188578121316 47 231
0 25 0
0 25 0
0 25 0
0 25 0
0 25 0
0 25 0
12.1823969748692 60 289
0 25 0
23.9132087308796 76 445
0 25 0
0 25 0
0 25 0
0 25 0
0 25 0
13.1426740218869 49 276
0 25 0
16.5494418184281 66 412
0 25 0
0 25 0
0 25 0
3.68719499454099 45 190
0 25 0
0 25 0
0 25 0
0.43547414927515 32 21
0 25 0
0 25 0
0 25 0
0 25 0
0.977792170205563 37 66
0 25 0
13.1426740218869 49 276
26.522924451167 72 529
0 25 0
1.31804190341004 39 91
0 25 0
0 25 0
11.7968344773161 65 389
0 25 0
0 25 0
13.1426740218869 49 276
9.5718914198751 55 274
8.41573403140032 48 253
0 25 0
19.200725078108 76 457
12.1352543832151 69 358
0 25 0
0 25 0
3.01116491234757 44 171
0 25 0
0 25 0
4.6332492271887 46 210
0 25 0
0 25 0
0 25 0
0 25 0
0 25 0
11.9904160155567 65 381
9.5718914198751 55 274
0 25 0
0 25 0
0 25 0
0 25 0
0 25 0
0 25 0
3.01116491234757 44 171
0 25 0
5.97406434222036 56 179
0 25 0
1.53405427074538 40 105
14.8491473136853 58 312
0 25 0
5.28883458094657 56 245
0 25 0
13.1426740218869 49 276
1.31804190341004 39 91
6.05188578121316 47 231
0 25 0
0 25 0
0 25 0
3.01116491234757 44 171
0 25 0
0 25 0
0 25 0
0 25 0
0 25 0
0 25 0
0 25 0
0 25 0
5.25966047763157 50 216
0 25 0
2.10906069077826 42 136
0 25 0
27.6068777124391 89 660
26.522924451167 72 529
1.31804190341004 39 91
0 25 0
0 25 0
0 25 0
13.1426740218869 49 276
14.3855604616252 54 286
0 25 0
26.522924451167 72 529
0 25 0
0 25 0
16.6920535508386 69 463
0 25 0
0 25 0
6.05188578121316 47 231
13.1426740218869 49 276
0 25 0
0 25 0
0 25 0
0 25 0
6.05188578121316 47 231
0 25 0
0 25 0
0 25 0
0 25 0
0 25 0
0 25 0
0 25 0
0 25 0
0 25 0
13.1426740218869 49 276
15.6554800067362 63 367
0 25 0
13.1426740218869 49 276
2.10906069077826 42 136
0 25 0
0 25 0
13.8410995760506 67 421
0 25 0
0 25 0
0 25 0
0 25 0
3.01116491234757 44 171
0 25 0
0 25 0
16.2725150168483 69 303
0 25 0
0 25 0
0 25 0
0.721440029525583 35 45
0 25 0
0 25 0
0.222946929161566 29 6
13.1426740218869 49 276
0 25 0
0 25 0
13.1426740218869 49 276
6.71115258196076 46 100
0 25 0
0 25 0
13.1426740218869 49 276
0 25 0
0 25 0
0 25 0
0 25 0
0 25 0
0 25 0
13.1426740218869 49 276
0 25 0
0 25 0
0 25 0
13.8410995760506 67 421
0 25 0
0 25 0
0 25 0
13.1426740218869 49 276
0 25 0
0 25 0
0 25 0
8.41573403140032 48 253
13.1426740218869 49 276
0 25 0
0 25 0
0 25 0
0 25 0
3.26108301300567 50 164
0 25 0
0.162768190462116 28 3
1.13498649866027 38 78
0 25 0
0 25 0
4.60898528852323 44 61
0 25 0
0 25 0
0 25 0
6.05188578121316 47 231
0 25 0
0 25 0
0 25 0
4.08153672026024 52 175
0 25 0
0 25 0
0 25 0
0 25 0
13.1426740218869 49 276
0 25 0
6.05188578121316 47 231
0 25 0
0 25 0
0 25 0
3.68719499454099 45 190
0 25 0
6.94107792201901 58 258
0 25 0
6.05188578121316 47 231
0 25 0
0 25 0
0 25 0
3.68719499454099 45 190
0.287790084675517 30 10
0 25 0
0 25 0
0 25 0
0 25 0
28.6531934719162 86 600
8.41573403140032 48 253
0 25 0
0 25 0
0 25 0
5.65467181305966 54 198
4.6332492271887 46 210
0 25 0
0 25 0
0 25 0
1.79295006841694 41 120
0 25 0
31.5029650709076 100 673
0 25 0
22.0447867943582 71 507
0 25 0
0 25 0
8.41573403140032 48 253
0 25 0
0 25 0
0 25 0
13.1426740218869 49 276
0 25 0
0 25 0
0 25 0
3.01116491234757 44 171
0 25 0
6.05188578121316 47 231
0 25 0
0 25 0
0 25 0
0 25 0
0 25 0
1.13498649866027 38 78
0 25 0
0 25 0
11.7968344773161 65 389
18.315949664886 78 446
0 25 0
6.05188578121316 47 231
26.522924451167 72 529
0 25 0
0 25 0
0 25 0
0 25 0
18.77943215516 70 448
0 25 0
0 25 0
0 25 0
6.56409524554624 44 65
0.222946929161566 29 6
0 25 0
13.1426740218869 49 276
0 25 0
18.9806839079063 86 467
0 25 0
0 25 0
0 25 0
0 25 0
0 25 0
0 25 0
0 25 0
0 25 0
0 25 0
13.1426740218869 49 276
0 25 0
0 25 0
1.79295006841694 41 120
0 25 0
8.67096158322493 62 336
29.4597685611822 82 574
6.05188578121316 47 231
11.9904160155567 65 381
13.1426740218869 49 276
0 25 0
0 25 0
0 25 0
0.61536177480791 34 36
16.1874921706374 65 396
0 25 0
0 25 0
0 25 0
0 25 0
3.01116491234757 44 171
8.41573403140032 48 253
4.6332492271887 46 210
0 25 0
0 25 0
0 25 0
0 25 0
6.05188578121316 47 231
0 25 0
0 25 0
14.3855604616252 54 286
11.3416714354446 64 373
0 25 0
0 25 0
0 25 0
2.503877061327 43 153
0.287790084675517 30 10
13.1426740218869 49 276
6.41533520934523 58 276
0 25 0
0 25 0
4.6332492271887 46 210
0 25 0
0 25 0
21.0234341753546 70 484
6.05188578121316 47 231
0 25 0
0.977792170205563 37 66
0.61536177480791 34 36
0 25 0
0 25 0
0 25 0
2.15797569461255 32 9
0 25 0
4.6332492271887 46 210
0 25 0
0 25 0
0 25 0
0 25 0
2.503877061327 43 153
25.6050852929339 97 542
5.37121471487198 57 199
0 25 0
13.1426740218869 49 276
6.05188578121316 47 231
26.522924451167 72 529
13.1426740218869 49 276
0 25 0
0 25 0
0 25 0
0 25 0
0 25 0
0 25 0
0 25 0
0.520663936977828 33 28
0 25 0
0 25 0
0 25 0
0 25 0
0 25 0
0 25 0
0 25 0
4.6332492271887 46 210
0 25 0
0 25 0
0 25 0
0 25 0
3.01116491234757 44 171
0 25 0
0 25 0
0 25 0
4.6332492271887 46 210
0 25 0
0.721440029525583 35 45
0 25 0
0 25 0
0 25 0
0 25 0
0 25 0
0 25 0
0 25 0
0 25 0
7.01475359641932 60 301
0 25 0
3.01116491234757 44 171
13.1426740218869 49 276
0 25 0
0 25 0
1.79295006841694 41 120
3.01116491234757 44 171
4.74204852205131 53 218
1.13498649866027 38 78
0 25 0
0 25 0
0 25 0
13.1426740218869 49 276
0 25 0
0 25 0
0 25 0
4.6332492271887 46 210
0 25 0
0 25 0
0 25 0
0 25 0
0 25 0
0 25 0
0 25 0
22.2364229901394 83 552
22.0447867943582 71 507
4.6332492271887 46 210
3.68719499454099 45 190
0 25 0
0 25 0
6.05188578121316 47 231
0 25 0
0.721440029525583 35 45
13.1426740218869 49 276
0 25 0
0 25 0
0 25 0
8.81960134100136 52 169
13.1426740218869 49 276
0 25 0
0 25 0
8.41573403140032 48 253
29.1629208358364 80 557
0 25 0
6.05188578121316 47 231
0 25 0
3.68719499454099 45 190
0 25 0
27.7725091912418 89 655
0 25 0
0 25 0
0 25 0
1.6384540777044 41 92
0 25 0
0 25 0
0 25 0
0 25 0
3.68719499454099 45 190
0 25 0
0 25 0
4.6332492271887 46 210
12.6749627208471 65 319
0 25 0
0 25 0
0 25 0
13.1426740218869 49 276
0 25 0
3.01116491234757 44 171
0 25 0
0 25 0
0 25 0
0 25 0
2.10906069077826 42 136
0 25 0
0 25 0
0 25 0
0 25 0
0 25 0
2.10906069077826 42 136
2.503877061327 43 153
0.287790084675517 30 10
0 25 0
0 25 0
1.53405427074538 40 105
6.05188578121316 47 231
3.01116491234757 44 171
0 25 0
0 25 0
8.41573403140032 48 253
0 25 0
8.41573403140032 48 253
0 25 0
0 25 0
0 25 0
0 25 0
21.0234341753546 70 484
0 25 0
0 25 0
0 25 0
13.1426740218869 49 276
0 25 0
0 25 0
0 25 0
0 25 0
0 25 0
14.9783547567982 59 321
0 25 0
0.287790084675517 30 10
0 25 0
0 25 0
0 25 0
0 25 0
0 25 0
0 25 0
0 25 0
0 25 0
0 25 0
0 25 0
0 25 0
0 25 0
0 25 0
0 25 0
13.1426740218869 49 276
0 25 0
0 25 0
21.0234341753546 70 484
35.9077189188527 93 739
0 25 0
0 25 0
0 25 0
8.41573403140032 48 253
15.8962784231242 64 381
0 25 0
8.41573403140032 48 253
0 25 0
0 25 0
0 25 0
0 25 0
13.1426740218869 49 276
0 25 0
0 25 0
0 25 0
0 25 0
0 25 0
0 25 0
0 25 0
0 25 0
0 25 0
0 25 0
0 25 0
0 25 0
1.31804190341004 39 91
0 25 0
0 25 0
0 25 0
2.10906069077826 42 136
0 25 0
0 25 0
0 25 0
0 25 0
0 25 0
0 25 0
0 25 0
0 25 0
8.41573403140032 48 253
0 25 0
13.1426740218869 49 276
0 25 0
0 25 0
0 25 0
0 25 0
8.41573403140032 48 253
0 25 0
0 25 0
0 25 0
0 25 0
8.41573403140032 48 253
0 25 0
8.41573403140032 48 253
0 25 0
0 25 0
0 25 0
0.222946929161566 29 6
0 25 0
6.05188578121316 47 231
0 25 0
8.41573403140032 48 253
13.1426740218869 49 276
0 25 0
0 25 0
8.41573403140032 48 253
0 25 0
0 25 0
2.503877061327 43 153
2.10906069077826 42 136
0 25 0
13.1426740218869 49 276
0 25 0
0 25 0
0.721440029525583 35 45
0 25 0
0 25 0
13.1426740218869 49 276
0 25 0
0 25 0
0 25 0
0 25 0
13.1426740218869 49 276
26.522924451167 72 529
0 25 0
1.53405427074538 40 105
0 25 0
0 25 0
0 25 0
0 25 0
0 25 0
0 25 0
3.01116491234757 44 171
0 25 0
2.60930847487315 43 76
0.520663936977828 33 28
0 25 0
0 25 0
0 25 0
0 25 0
0 25 0
13.1426740218869 49 276
0 25 0
0 25 0
0 25 0
0 25 0
9.57806483453772 54 196
0 25 0
0 25 0
6.25649629717176 56 227
3.68719499454099 45 190
13.1426740218869 49 276
0 25 0
0 25 0
13.1426740218869 49 276
0 25 0
1.31804190341004 39 91
13.1426740218869 49 276
0 25 0
0.977792170205563 37 66
26.522924451167 72 529
0 25 0
0 25 0
0 25 0
26.522924451167 72 529
0 25 0
0 25 0
0 25 0
0 25 0
0 25 0
0 25 0
13.1426740218869 49 276
0 25 0
4.6332492271887 46 210
0 25 0
0 25 0
0 25 0
0 25 0
0 25 0
2.503877061327 43 153
0 25 0
0 25 0
0 25 0
0 25 0
0 25 0
0 25 0
0 25 0
0 25 0
0 25 0
0 25 0
0 25 0
0 25 0
0 25 0
0 25 0
1.79295006841694 41 120
13.1426740218869 49 276
7.87509724684679 66 302
0 25 0
0 25 0
0 25 0
0 25 0
0 25 0
18.5080148661651 69 466
0 25 0
0 25 0
0.287790084675517 30 10
1.53405427074538 40 105
8.41573403140032 48 253
13.1426740218869 49 276
0 25 0
0 25 0
0 25 0
0 25 0
8.41573403140032 48 253
0 25 0
0 25 0
0 25 0
15.2749643852597 61 342
0 25 0
13.1426740218869 49 276
0 25 0
0 25 0
0 25 0
0 25 0
0 25 0
0 25 0
0 25 0
13.1426740218869 49 276
0 25 0
14.9783547567982 59 321
0 25 0
0 25 0
0 25 0
21.0234341753546 70 484
0 25 0
0 25 0
2.503877061327 43 153
0 25 0
0 25 0
16.5494418184281 66 412
0 25 0
0 25 0
0 25 0
9.9949239090881 64 363
0 25 0
0 25 0
0 25 0
0 25 0
0 25 0
0 25 0
0 25 0
0 25 0
13.1426740218869 49 276
0 25 0
0 25 0
0 25 0
0 25 0
0 25 0
0 25 0
0 25 0
0.841248625552919 36 55
0 25 0
0.35827110902428 31 15
3.01116491234757 44 171
0 25 0
6.05188578121316 47 231
0 25 0
0 25 0
0 25 0
0 25 0
6.05188578121316 47 231
0 25 0
0 25 0
0 25 0
0 25 0
0 25 0
0 25 0
0 25 0
0 25 0
0 25 0
0 25 0
13.1426740218869 49 276
0 25 0
1.53405427074538 40 105
0 25 0
0 25 0
13.1426740218869 49 276
0 25 0
13.1426740218869 49 276
0 25 0
0 25 0
0 25 0
13.1426740218869 49 276
0 25 0
0 25 0
0 25 0
0 25 0
2.503877061327 43 153
0 25 0
13.1426740218869 49 276
3.68719499454099 45 190
0 25 0
0 25 0
0 25 0
2.10906069077826 42 136
0 25 0
0 25 0
0 25 0
0 25 0
0 25 0
8.41573403140032 48 253
13.1426740218869 49 276
0 25 0
1.31804190341004 39 91
0 25 0
0 25 0
0 25 0
13.1426740218869 49 276
2.60930847487315 43 76
0 25 0
21.0234341753546 70 484
0 25 0
0 25 0
14.7801723071949 70 364
0 25 0
0 25 0
0 25 0
13.1426740218869 49 276
0 25 0
0 25 0
4.6332492271887 46 210
9.57806483453772 54 196
8.41573403140032 48 253
0 25 0
0 25 0
0 25 0
0.35827110902428 31 15
0.287790084675517 30 10
12.1823969748692 60 289
3.14421050810398 43 61
0 25 0
0 25 0
0 25 0
0 25 0
0 25 0
0 25 0
0 25 0
0 25 0
13.1426740218869 49 276
5.86548228502033 58 268
13.1426740218869 49 276
13.1426740218869 49 276
26.522924451167 72 529
0 25 0
0 25 0
0 25 0
6.41533520934523 58 276
0 25 0
8.41573403140032 48 253
4.08153672026024 52 175
2.10906069077826 42 136
1.31804190341004 39 91
13.1426740218869 49 276
0 25 0
0 25 0
0.520663936977828 33 28
0 25 0
0 25 0
0 25 0
13.1426740218869 49 276
0 25 0
0 25 0
3.01116491234757 44 171
8.41573403140032 48 253
13.1426740218869 49 276
0 25 0
13.1426740218869 49 276
0 25 0
0 25 0
0 25 0
0 25 0
26.522924451167 72 529
8.41573403140032 48 253
0.43547414927515 32 21
19.5588337243061 77 449
15.9965079198586 66 400
3.68719499454099 45 190
0 25 0
0 25 0
0 25 0
0 25 0
23.7245272927688 85 591
0 25 0
0 25 0
13.1426740218869 49 276
0 25 0
0 25 0
0 25 0
0 25 0
6.65389300600009 50 234
0 25 0
13.1426740218869 49 276
0 25 0
0 25 0
6.05188578121316 47 231
0 25 0
0 25 0
0 25 0
13.1426740218869 49 276
0 25 0
0 25 0
0 25 0
0 25 0
0 25 0
13.1426740218869 49 276
13.1426740218869 49 276
0 25 0
0 25 0
0 25 0
1.79295006841694 41 120
19.8271008227349 70 486
0.61536177480791 34 36
0 25 0
9.31926867533567 68 324
0 25 0
0 25 0
0 25 0
0 25 0
0 25 0
3.68719499454099 45 190
0 25 0
13.1426740218869 49 276
13.1426740218869 49 276
6.05188578121316 47 231
0 25 0
0.977792170205563 37 66
0 25 0
0 25 0
0 25 0
0 25 0
0 25 0
13.1426740218869 49 276
0 25 0
0 25 0
22.0447867943582 71 507
0 25 0
13.1426740218869 49 276
0 25 0
0 25 0
0 25 0
0 25 0
2.8091058144865 48 141
0 25 0
11.9904160155567 65 381
0 25 0
0 25 0
0 25 0
0 25 0
0 25 0
0 25 0
13.1426740218869 49 276
0 25 0
0 25 0
6.64894636083771 59 276
21.0234341753546 70 484
0 25 0
0 25 0
0 25 0
0 25 0
0 25 0
26.522924451167 72 529
7.91578403260284 57 241
1.79295006841694 41 120
0 25 0
4.6332492271887 46 210
0 25 0
1.79295006841694 41 120
6.05188578121316 47 231
0 25 0
0 25 0
13.1426740218869 49 276
0 25 0
16.2109743286414 60 307
4.6332492271887 46 210
0 25 0
0 25 0
0 25 0
0 25 0
0 25 0
8.41573403140032 48 253
0 25 0
0 25 0
0 25 0
0 25 0
9.9443506619963 58 298
25.0600362276662 85 583
0 25 0
0 25 0
6.01576002458484 51 157
0.106310196413835 27 1
0 25 0
0 25 0
0 25 0
16.1874921706374 65 396
0 25 0
0 25 0
13.1426740218869 49 276
0 25 0
0 25 0
0 25 0
0 25 0
3.68719499454099 45 190
0 25 0
0 25 0
0 25 0
0 25 0
0 25 0
0 25 0
0.106310196413835 27 1
13.1426740218869 49 276
0 25 0
0 25 0
0 25 0
13.1426740218869 49 276
0 25 0
24.4386231847137 74 370
0 25 0
1.31804190341004 39 91
0 25 0
0 25 0
0 25 0
8.41573403140032 48 253
0 25 0
0 25 0
13.1426740218869 49 276
14.9783547567982 59 321
0 25 0
0 25 0
0 25 0
0 25 0
0 25 0
14.6121798209902 56 297
0 25 0
0 25 0
13.1426740218869 49 276
0 25 0
0 25 0
1.79295006841694 41 120
0 25 0
0 25 0
0 25 0
13.1426740218869 49 276
10.6394529754128 63 343
8.41573403140032 48 253
13.1426740218869 49 276
0 25 0
13.1426740218869 49 276
0 25 0
0 25 0
0 25 0
0 25 0
33.8345172575779 92 719
0 25 0
0 25 0
0.222946929161566 29 6
0 25 0
0 25 0
0 25 0
0 25 0
0 25 0
4.6332492271887 46 210
0 25 0
2.503877061327 43 153
0 25 0
0 25 0
0 25 0
0 25 0
0 25 0
0 25 0
0 25 0
0 25 0
2.503877061327 43 153
0 25 0
0 25 0
0 25 0
13.1426740218869 49 276
0 25 0
0 25 0
0 25 0
0 25 0
0 25 0
0 25 0
0 25 0
0 25 0
0 25 0
0 25 0
0 25 0
13.1426740218869 49 276
0 25 0
14.4237990864224 73 284
0 25 0
18.0125457804406 68 441
6.05188578121316 47 231
0 25 0
0 25 0
0 25 0
0 25 0
0 25 0
8.41573403140032 48 253
0 25 0
13.1426740218869 49 276
0 25 0
0 25 0
13.1426740218869 49 276
0 25 0
0 25 0
0 25 0
0 25 0
22.4033879802037 72 485
0 25 0
0 25 0
0 25 0
8.41573403140032 48 253
0 25 0
0 25 0
6.05188578121316 47 231
0 25 0
3.45154771369882 36 25
0 25 0
0 25 0
0 25 0
1.31804190341004 39 91
0 25 0
0 25 0
0 25 0
0 25 0
3.68719499454099 45 190
0 25 0
0 25 0
18.0125457804406 68 441
0 25 0
0 25 0
0 25 0
0 25 0
0 25 0
0 25 0
0 25 0
8.41573403140032 48 253
3.68719499454099 45 190
0 25 0
0 25 0
0 25 0
0 25 0
10.5248553653237 65 384
16.6920535508386 69 463
0 25 0
0 25 0
0 25 0
3.01116491234757 44 171
0 25 0
8.41573403140032 48 253
0 25 0
0 25 0
0 25 0
12.6591856412144 68 403
17.6348140145315 68 447
0 25 0
1.53405427074538 40 105
0 25 0
1.13498649866027 38 78
0 25 0
0 25 0
8.81960134100136 52 169
13.1426740218869 49 276
4.6332492271887 46 210
0 25 0
0 25 0
0 25 0
0 25 0
0 25 0
0 25 0
0 25 0
13.1426740218869 49 276
0 25 0
0 25 0
0 25 0
0 25 0
0 25 0
0 25 0
0 25 0
0 25 0
0 25 0
13.1426740218869 49 276
0 25 0
0 25 0
0 25 0
0 25 0
0 25 0
0 25 0
8.41573403140032 48 253
0 25 0
1.53405427074538 40 105
0 25 0
13.1426740218869 49 276
0 25 0
0 25 0
0 25 0
0 25 0
0 25 0
11.7968344773161 65 389
0 25 0
0 25 0
0 25 0
0 25 0
0 25 0
0 25 0
1.79295006841694 41 120
0 25 0
0 25 0
0 25 0
0 25 0
0 25 0
0 25 0
0 25 0
0 25 0
3.68719499454099 45 190
0 25 0
0 25 0
0.162768190462116 28 3
0 25 0
4.6332492271887 46 210
0 25 0
0.61536177480791 34 36
0 25 0
13.1426740218869 49 276
0 25 0
0.841248625552919 36 55
0 25 0
0 25 0
2.11914373453204 38 38
0 25 0
13.1426740218869 49 276
3.01116491234757 44 171
0 25 0
2.94312540688905 46 156
0 25 0
0 25 0
0 25 0
0 25 0
3.68719499454099 45 190
0 25 0
0 25 0
0 25 0
0 25 0
6.05188578121316 47 231
0 25 0
0 25 0
40.1384817581771 94 760
0 25 0
0 25 0
0 25 0
0 25 0
1.13498649866027 38 78
0 25 0
0 25 0
0 25 0
0 25 0
11.7116543056325 67 292
2.06736918829397 35 21
0 25 0
0 25 0
13.1426740218869 49 276
8.41573403140032 48 253
0 25 0
0.162768190462116 28 3
0 25 0
0 25 0
0 25 0
0 25 0
0 25 0
0 25 0
0 25 0
0 25 0
0 25 0
6.05188578121316 47 231
0 25 0
0 25 0
0 25 0
0 25 0
0 25 0
6.05188578121316 47 231
4.6332492271887 46 210
0 25 0
0 25 0
13.1426740218869 49 276
4.07543036953514 52 199
0.721440029525583 35 45
0.977792170205563 37 66
0 25 0
2.10906069077826 42 136
17.9407122996684 73 397
0 25 0
0 25 0
0 25 0
0 25 0
0 25 0
0 25 0
0 25 0
0 25 0
0 25 0
0 25 0
43.1971868581502 117 878
0 25 0
13.1426740218869 49 276
6.05188578121316 47 231
0 25 0
2.503877061327 43 153
3.68719499454099 45 190
0 25 0
6.05188578121316 47 231
8.41573403140032 48 253
0 25 0
0 25 0
0 25 0
0 25 0
17.2482159793394 81 512
8.41573403140032 48 253
0 25 0
0 25 0
3.01116491234757 44 171
0 25 0
0 25 0
0 25 0
3.68719499454099 45 190
0 25 0
8.41573403140032 48 253
0.841248625552919 36 55
0 25 0
13.1426740218869 49 276
0 25 0
8.41573403140032 48 253
0 25 0
0 25 0
0 25 0
0 25 0
0 25 0
3.01116491234757 44 171
0 25 0
0 25 0
0 25 0
0 25 0
0 25 0
0 25 0
0 25 0
0 25 0
0 25 0
0 25 0
1.79295006841694 41 120
0.721440029525583 35 45
0 25 0
0.721440029525583 35 45
0 25 0
0 25 0
0 25 0
0 25 0
1.13498649866027 38 78
3.68719499454099 45 190
0 25 0
0 25 0
0 25 0
0.721440029525583 35 45
0 25 0
13.1426740218869 49 276
0 25 0
0 25 0
0 25 0
13.1426740218869 49 276
13.1426740218869 49 276
0 25 0
0 25 0
0 25 0
0 25 0
0 25 0
0 25 0
0 25 0
0 25 0
0 25 0
26.522924451167 72 529
13.1426740218869 49 276
0 25 0
0 25 0
0 25 0
16.0071651040328 79 472
0 25 0
0 25 0
0 25 0
0 25 0
0 25 0
0 25 0
0 25 0
0.35827110902428 31 15
0 25 0
2.503877061327 43 153
0 25 0
0 25 0
2.10906069077826 42 136
8.41573403140032 48 253
0 25 0
0 25 0
0 25 0
0 25 0
30.4864247266996 87 634
0 25 0
1.13498649866027 38 78
2.503877061327 43 153
0 25 0
0 25 0
0 25 0
32.0199622152837 90 676
13.1426740218869 49 276
0 25 0
2.503877061327 43 153
0 25 0
0 25 0
0 25 0
13.1426740218869 49 276
0 25 0
8.03985234808692 52 115
13.1426740218869 49 276
0 25 0
0 25 0
0 25 0
0 25 0
0 25 0
0 25 0
0 25 0
0.287790084675517 30 10
0 25 0
0 25 0
0 25 0
0 25 0
0 25 0
0 25 0
0 25 0
2.503877061327 43 153
0.222946929161566 29 6
0 25 0
8.41573403140032 48 253
0 25 0
15.8962784231242 64 381
0 25 0
2.503877061327 43 153
0 25 0
0 25 0
0 25 0
8.41573403140032 48 253
0 25 0
0 25 0
8.41573403140032 48 253
1.9197291530708 39 46
4.6332492271887 46 210
0.222946929161566 29 6
4.6332492271887 46 210
2.4351258944098 44 137
0 25 0
0 25 0
0 25 0
0 25 0
0 25 0
0 25 0
2.10906069077826 42 136
0 25 0
0 25 0
3.68719499454099 45 190
0 25 0
0 25 0
0 25 0
0 25 0
0 25 0
13.1426740218869 49 276
0 25 0
2.503877061327 43 153
0 25 0
0 25 0
0 25 0
0 25 0
8.41573403140032 48 253
0 25 0
0 25 0
0 25 0
0.520663936977828 33 28
1.79295006841694 41 120
0 25 0
0 25 0
0 25 0
4.6332492271887 46 210
4.6332492271887 46 210
0 25 0
0 25 0
0 25 0
13.1426740218869 49 276
0 25 0
3.68719499454099 45 190
0 25 0
0 25 0
0 25 0
33.8650136808454 91 694
0 25 0
29.3088795183487 81 565
0 25 0
0 25 0
0 25 0
0 25 0
3.68719499454099 45 190
0 25 0
0 25 0
0.35827110902428 31 15
8.41573403140032 48 253
8.41573403140032 48 253
0 25 0
0 25 0
0 25 0
0 25 0
0 25 0
0 25 0
0 25 0
0 25 0
0 25 0
0 25 0
0 25 0
0 25 0
17.6348140145315 68 447
16.6920535508386 69 463
0 25 0
0 25 0
0 25 0
0 25 0
3.01116491234757 44 171
10.6946152419776 54 101
0 25 0
0 25 0
0 25 0
2.10906069077826 42 136
0 25 0
6.55092007979899 49 232
13.1426740218869 49 276
0 25 0
0 25 0
0 25 0
22.0447867943582 71 507
0 25 0
18.5080148661651 69 466
0 25 0
15.6554800067362 63 367
0 25 0
0 25 0
0 25 0
0 25 0
0 25 0
8.68564636115621 59 273
0 25 0
0 25 0
0 25 0
0 25 0
0 25 0
1.81787696165413 41 65
0 25 0
0 25 0
0 25 0
0 25 0
0 25 0
0 25 0
0 25 0
0.61536177480791 34 36
0 25 0
0 25 0
0 25 0
0 25 0
0 25 0
0 25 0
0 25 0
0.35827110902428 31 15
0 25 0
21.0234341753546 70 484
0 25 0
13.1426740218869 49 276
0 25 0
0 25 0
0 25 0
0 25 0
0 25 0
0 25 0
0 25 0
8.41573403140032 48 253
0 25 0
0 25 0
0 25 0
0 25 0
6.05188578121316 47 231
0 25 0
3.01116491234757 44 171
0 25 0
