"COLLES.MDM.LN" "SACKIN" "COPHENETIC"
6.85259938461243 23 42
16.2381803252398 34 85
0 10 0
2.6656172595938 19 18
24.5435746953399 42 95
15.1216114573461 34 65
0 10 0
12.9303549300002 31 58
1.00726529636431 15 10
0 10 0
14.5732869782422 33 79
10.6476732225669 27 64
0 10 0
10.6476732225669 27 64
0.283493857103561 12 1
0 10 0
6.36754413010997 23 26
5.23057508586724 19 36
10.6476732225669 27 64
30.6807496950059 46 104
0 10 0
3.36464431162144 20 21
0 10 0
0 10 0
0 10 0
0.283493857103561 12 1
5.23057508586724 19 36
0.467958547578585 13 3
0 10 0
7.82648285614142 25 51
22.9630024253885 37 56
12.0424149153884 31 67
0 10 0
3.12398362186697 18 28
0 10 0
19.5012352828448 38 89
3.69512908002497 19 16
3.12398362186697 18 28
0 10 0
6.01192781384721 23 36
5.23057508586724 19 36
6.28062837900799 21 37
9.35529728441752 24 20
12.9303549300002 31 58
1.43308443609712 16 15
1.00726529636431 15 10
4.74080318751651 21 25
5.23057508586724 19 36
16.2381803252398 34 85
0 10 0
10.6476732225669 27 64
0 10 0
10.6476732225669 27 64
7.74548893483389 25 49
2.06850220905696 17 21
0 10 0
0 10 0
8.69315569299259 24 40
1.43308443609712 16 15
16.2381803252398 34 85
0 10 0
0 10 0
5.23057508586724 19 36
0 10 0
5.23057508586724 19 36
14.947023098531 33 65
0 10 0
5.23057508586724 19 36
7.25231013382303 24 46
5.23057508586724 19 36
5.23057508586724 19 36
0 10 0
4.74080318751651 21 25
7.74548893483389 25 49
0 10 0
5.23057508586724 19 36
0 10 0
0 10 0
6.85259938461243 23 42
0 10 0
20.5225879018485 39 95
7.25231013382303 24 46
5.23057508586724 19 36
1.00726529636431 15 10
22.5099287429767 38 63
0 10 0
5.23057508586724 19 36
2.77113606096587 17 9
0 10 0
0 10 0
0 10 0
0 10 0
5.23057508586724 19 36
16.2381803252398 34 85
7.25231013382303 24 46
2.06850220905696 17 21
9.51082108218264 27 49
0 10 0
1.43308443609712 16 15
12.4656680091162 29 65
0 10 0
0 10 0
5.23057508586724 19 36
18.185669314357 37 85
0 10 0
23.5222220763363 41 88
0 10 0
0 10 0
25.8872528813196 43 103
8.76684155383755 26 57
0 10 0
0 10 0
0 10 0
0 10 0
3.12398362186697 18 28
30.2212225945653 45 104
21.9851785027673 40 100
11.0210622963848 30 59
6.36754413010997 23 26
2.06850220905696 17 21
11.9204894789586 30 61
5.23057508586724 19 36
5.23057508586724 19 36
5.23057508586724 19 36
12.1371525067097 30 45
21.9851785027673 40 100
0.700690348793493 14 6
21.9851785027673 40 100
4.92064337686896 19 10
20.9144646107515 38 83
3.12398362186697 18 28
13.7350445212528 32 74
22.3746379263485 40 88
1.00726529636431 15 10
7.74548893483389 25 49
16.2381803252398 34 85
12.5096523367732 30 47
0 10 0
3.12398362186697 18 28
1.43308443609712 16 15
0 10 0
0 10 0
1.00726529636431 15 10
18.2892274503339 36 62
10.6476732225669 27 64
10.6476732225669 27 64
0 10 0
10.6476732225669 27 64
16.2381803252398 34 85
15.2251695933229 33 53
7.74548893483389 25 49
39.8930088284869 52 119
0 10 0
11.9204894789586 30 61
12.5305817402349 31 64
14.5732869782422 33 79
0 10 0
6.01192781384721 23 36
0 10 0
5.23057508586724 19 36
16.2381803252398 34 85
8.76684155383755 26 57
0 10 0
5.1603726844599 23 38
3.12398362186697 18 28
5.23057508586724 19 36
6.28062837900799 21 37
2.06850220905696 17 21
6.01192781384721 23 36
10.695097294479 28 40
5.23057508586724 19 36
0 10 0
10.6476732225669 27 64
0 10 0
0 10 0
4.74080318751651 21 25
0 10 0
3.67862433116584 21 27
0 10 0
12.5305817402349 31 64
6.5436483770895 22 39
3.69512908002497 19 16
12.5096523367732 30 47
0 10 0
22.7290196530457 40 90
25.5739865999876 41 82
5.23057508586724 19 36
16.7876152103017 35 77
5.23057508586724 19 36
0.467958547578585 13 3
0 10 0
8.18209917240418 25 31
10.2514104176234 29 55
12.8087576481851 30 67
15.2426492881558 32 48
2.06850220905696 17 21
5.23057508586724 19 36
2.49577892041912 18 13
26.5862799333472 44 106
0 10 0
0 10 0
0 10 0
5.23057508586724 19 36
5.23057508586724 19 36
3.69512908002497 19 16
0 10 0
0 10 0
5.23057508586724 19 36
8.76684155383755 26 57
0 10 0
0 10 0
0 10 0
3.19554871582937 20 24
8.76684155383755 26 57
0 10 0
10.6476732225669 27 64
0 10 0
6.02483758053329 24 43
0 10 0
5.23057508586724 19 36
5.23057508586724 19 36
10.6476732225669 27 64
0 10 0
16.2381803252398 34 85
5.23057508586724 19 36
5.23057508586724 19 36
13.6293819820279 32 58
10.6476732225669 27 64
10.6476732225669 27 64
0 10 0
0 10 0
3.67862433116584 21 27
14.1002588383424 33 59
16.2381803252398 34 85
0 10 0
6.85259938461243 23 42
6.85259938461243 23 42
8.76684155383755 26 57
5.23057508586724 19 36
9.35529728441752 24 20
7.73782832330152 26 37
0 10 0
5.23057508586724 19 36
12.5305817402349 31 64
11.9204894789586 30 61
0 10 0
3.12398362186697 18 28
0 10 0
0 10 0
7.48820273107458 26 44
6.28062837900799 21 37
7.74548893483389 25 49
18.8277081981799 36 86
0 10 0
1.43308443609712 16 15
5.23057508586724 19 36
16.2381803252398 34 85
14.3242073790674 32 52
4.92064337686896 19 10
16.7452840389391 34 73
6.36754413010997 23 26
8.87905107641649 26 47
0 10 0
13.5519343592385 32 72
1.00726529636431 15 10
6.5436483770895 22 39
0 10 0
6.85259938461243 23 42
0 10 0
5.23057508586724 19 36
5.23057508586724 19 36
0 10 0
0 10 0
7.74548893483389 25 49
0 10 0
45.9260048507769 54 120
5.23057508586724 19 36
5.23057508586724 19 36
20.4435877544369 37 70
16.1387624213616 34 75
17.1643166953534 36 78
19.5012352828448 38 89
16.1387624213616 34 67
16.2381803252398 34 85
10.6936061187107 28 52
3.12398362186697 18 28
5.23057508586724 19 36
1.91358353544904 15 4
0 10 0
0 10 0
23.5312813619803 39 69
5.23057508586724 19 36
0 10 0
3.12398362186697 18 28
0 10 0
5.23057508586724 19 36
8.76684155383755 26 57
0 10 0
10.7766179987855 29 60
8.87905107641649 26 47
0.283493857103561 12 1
5.23057508586724 19 36
2.06850220905696 17 21
5.23057508586724 19 36
0 10 0
12.5305817402349 31 64
5.23057508586724 19 36
12.4656680091162 29 65
0 10 0
6.49381703901017 22 19
3.12398362186697 18 28
10.6476732225669 27 64
5.23057508586724 19 36
0 10 0
21.9851785027673 40 100
0 10 0
13.7350445212528 32 74
0 10 0
16.2381803252398 34 85
0 10 0
4.95660889786881 22 22
5.23057508586724 19 36
0 10 0
0 10 0
0 10 0
19.5012352828448 38 89
8.64850082218313 28 49
32.0357776368595 47 111
0.700690348793493 14 6
5.23057508586724 19 36
7.82648285614142 25 51
4.74080318751651 21 25
0 10 0
0 10 0
18.2892274503339 36 62
0 10 0
1.43308443609712 16 15
1.00726529636431 15 10
16.2381803252398 34 85
4.92064337686896 19 10
16.2381803252398 34 85
16.2381803252398 34 85
0 10 0
5.23057508586724 19 36
0 10 0
0 10 0
5.23057508586724 19 36
14.6507346010315 33 66
5.23057508586724 19 36
3.12398362186697 18 28
0 10 0
6.02483758053329 24 43
5.23057508586724 19 36
9.35529728441752 24 20
9.65128734359762 26 45
0.700690348793493 14 6
15.1216114573461 34 65
3.19554871582937 20 24
0 10 0
7.82648285614142 25 51
12.0424149153884 31 67
22.8431891225119 39 89
20.4435877544369 37 70
1.00726529636431 15 10
0 10 0
3.12398362186697 18 28
25.8872528813196 43 103
13.4568687712282 31 61
0 10 0
10.6476732225669 27 64
16.2381803252398 34 85
0 10 0
7.74548893483389 25 49
8.06015389027753 26 39
4.74080318751651 21 25
0 10 0
0 10 0
8.62993472459397 25 43
0 10 0
0.467958547578585 13 3
0 10 0
5.23057508586724 19 36
5.23057508586724 19 36
30.2212225945653 45 104
23.5222220763363 41 88
3.67862433116584 21 27
0 10 0
0 10 0
4.63044122822433 22 34
9.99970967738109 29 53
8.76684155383755 26 57
34.7862457334686 47 99
12.8087576481851 30 67
5.23057508586724 19 36
15.7239314199354 33 71
0 10 0
20.3316821762053 36 74
5.23057508586724 19 36
6.36754413010997 23 26
0 10 0
16.2381803252398 34 85
7.74548893483389 25 49
0 10 0
6.5436483770895 22 39
10.7009175273224 27 32
0 10 0
0 10 0
9.75526537978187 28 52
0 10 0
8.76684155383755 26 57
7.74548893483389 25 49
0 10 0
0 10 0
0 10 0
12.512767589005 28 46
0 10 0
21.9851785027673 40 100
13.7350445212528 32 74
12.4656680091162 29 65
7.74548893483389 25 49
5.23057508586724 19 36
28.6380444569986 44 91
0 10 0
0 10 0
0 10 0
4.2603082504762 21 31
10.6936061187107 28 52
12.5305817402349 31 64
0 10 0
2.06850220905696 17 21
0 10 0
13.1585051257133 31 49
8.18209917240418 25 31
12.1371525067097 30 45
5.23057508586724 19 36
17.1643166953534 36 78
0 10 0
3.12398362186697 18 28
11.115799887706 29 40
2.06850220905696 17 21
0 10 0
10.6476732225669 27 64
0 10 0
5.23057508586724 19 36
2.06850220905696 17 21
0.283493857103561 12 1
4.2603082504762 21 31
0 10 0
5.23057508586724 19 36
16.7452840389391 34 73
12.8087576481851 30 67
26.5862799333472 44 106
0 10 0
0 10 0
0 10 0
8.76684155383755 26 57
5.23057508586724 19 36
0 10 0
0 10 0
2.06850220905696 17 21
10.6476732225669 27 64
10.6476732225669 27 64
0 10 0
1.00726529636431 15 10
5.23057508586724 19 36
7.25231013382303 24 46
19.5012352828448 38 89
0 10 0
1.74978344196222 16 7
5.1603726844599 23 38
0 10 0
15.7239314199354 33 71
1.43308443609712 16 15
0 10 0
10.1059344366644 28 46
3.12398362186697 18 28
8.62993472459397 25 43
0 10 0
0.283493857103561 12 1
0.283493857103561 12 1
0 10 0
0 10 0
5.23057508586724 19 36
17.4585300448375 36 74
18.0785569494536 35 67
11.0210622963848 30 59
12.4355161522245 30 53
0 10 0
0 10 0
17.4866422623294 36 82
0 10 0
8.76684155383755 26 57
19.4222351354333 36 68
3.12398362186697 18 28
6.36754413010997 23 26
16.1429640763497 35 73
0 10 0
5.23057508586724 19 36
7.25231013382303 24 46
0 10 0
5.23057508586724 19 36
0 10 0
16.7452840389391 34 73
8.18209917240418 25 31
0.700690348793493 14 6
19.76787250595 38 91
13.9517075490039 32 60
14.3242073790674 32 62
5.23057508586724 19 36
0 10 0
45.9260048507769 54 120
27.6166918379949 43 89
6.01192781384721 23 36
13.5519343592385 32 72
5.23057508586724 19 36
7.82648285614142 25 51
3.12398362186697 18 28
0 10 0
0 10 0
7.74548893483389 25 49
5.23057508586724 19 36
21.9851785027673 40 100
1.00726529636431 15 10
6.01192781384721 23 36
24.4173431643558 42 98
0 10 0
14.2337770926326 31 55
0 10 0
0 10 0
3.12398362186697 18 28
1.91358353544904 15 4
10.5737359845994 29 57
22.9630024253885 37 56
0 10 0
0.467958547578585 13 3
0 10 0
13.9533209035111 33 62
5.47246442000651 21 17
2.06850220905696 17 21
16.2381803252398 34 85
10.6476732225669 27 64
7.74548893483389 25 49
8.76684155383755 26 57
0 10 0
5.23057508586724 19 36
0 10 0
16.2381803252398 34 85
0 10 0
5.23057508586724 19 36
0 10 0
1.00726529636431 15 10
0 10 0
6.01192781384721 23 36
7.74548893483389 25 49
13.5519343592385 32 72
3.12398362186697 18 28
19.5012352828448 38 89
3.69512908002497 19 16
10.6476732225669 27 64
0 10 0
2.06850220905696 17 21
8.76684155383755 26 57
0 10 0
14.5732869782422 33 79
8.43685537532916 27 44
12.5305817402349 31 64
4.46134563243225 22 31
0 10 0
14.2337770926326 31 55
0 10 0
0 10 0
8.69315569299259 24 40
0 10 0
2.06850220905696 17 21
5.23057508586724 19 36
12.5305817402349 31 64
0 10 0
5.23057508586724 19 36
7.74548893483389 25 49
13.5519343592385 32 72
1.74978344196222 16 7
8.76684155383755 26 57
10.2514104176234 29 55
0 10 0
0 10 0
6.5436483770895 22 39
0 10 0
3.12398362186697 18 28
17.9533174636558 36 80
13.7350445212528 32 74
0.283493857103561 12 1
0 10 0
13.1585051257133 31 49
6.28062837900799 21 37
4.45111180100286 20 14
10.6476732225669 27 64
0 10 0
6.28062837900799 21 37
1.43308443609712 16 15
0 10 0
6.55141966610019 25 34
17.4585300448375 36 74
3.69512908002497 19 16
5.23057508586724 19 36
10.6476732225669 27 64
10.6476732225669 27 64
1.91358353544904 15 4
15.4439370243221 34 67
10.6476732225669 27 64
9.51082108218264 27 49
5.23057508586724 19 36
0.467958547578585 13 3
5.23057508586724 19 36
8.64850082218313 28 49
0 10 0
7.25231013382303 24 46
0 10 0
23.5312813619803 39 69
6.28062837900799 21 37
5.23057508586724 19 36
5.23057508586724 19 36
5.23057508586724 19 36
12.0424149153884 31 67
0 10 0
10.6476732225669 27 64
0 10 0
5.23057508586724 19 36
3.97297661871026 20 29
3.69512908002497 19 16
0 10 0
6.85259938461243 23 42
0 10 0
0 10 0
10.6476732225669 27 64
5.23057508586724 19 36
6.28062837900799 21 37
0 10 0
0 10 0
0 10 0
2.06850220905696 17 21
4.46134563243225 22 31
5.47246442000651 21 17
0 10 0
24.552633980984 40 74
16.2381803252398 34 85
1.88057403773076 17 11
0 10 0
0 10 0
6.28062837900799 21 37
10.6476732225669 27 64
0 10 0
14.9746735225147 34 70
5.08292054405134 22 25
0 10 0
0 10 0
3.12398362186697 18 28
19.76787250595 38 91
5.23057508586724 19 36
3.12398362186697 18 28
1.74978344196222 16 7
3.12398362186697 18 28
0.467958547578585 13 3
14.6507346010315 33 66
0 10 0
3.97297661871026 20 29
16.2381803252398 34 85
7.25231013382303 24 46
0 10 0
0.467958547578585 13 3
5.23057508586724 19 36
15.9683757175347 34 73
27.8662030151249 45 110
6.01192781384721 23 36
5.47246442000651 21 17
10.6476732225669 27 64
3.12398362186697 18 28
12.4656680091162 29 65
0 10 0
0 10 0
13.5519343592385 32 72
11.7222701463261 28 34
6.49381703901017 22 19
0 10 0
0 10 0
2.06850220905696 17 21
1.43308443609712 16 15
11.7222701463261 28 34
3.12398362186697 18 28
0 10 0
16.2381803252398 34 85
14.5732869782422 33 79
0 10 0
1.00726529636431 15 10
6.85259938461243 23 42
1.91358353544904 15 4
7.74548893483389 25 49
1.43308443609712 16 15
11.9106156655037 31 52
12.5096523367732 30 47
10.6476732225669 27 64
2.77113606096587 17 9
4.63044122822433 22 34
9.99970967738109 29 53
16.1429640763497 35 73
12.5305817402349 31 64
0 10 0
0 10 0
1.00726529636431 15 10
13.9533209035111 33 62
2.06850220905696 17 21
0.467958547578585 13 3
0.467958547578585 13 3
0 10 0
0 10 0
16.2381803252398 34 85
10.6476732225669 27 64
13.2051130650172 31 70
18.4798826638412 37 82
8.06015389027753 26 39
0 10 0
0 10 0
0 10 0
5.23057508586724 19 36
9.67956490831875 26 29
0 10 0
13.7350445212528 32 74
5.08292054405134 22 25
7.74548893483389 25 49
11.9204894789586 30 61
17.4866422623294 36 82
4.63044122822433 22 34
0 10 0
1.91358353544904 15 4
0 10 0
0 10 0
20.9144646107515 38 83
8.18209917240418 25 31
16.2381803252398 34 85
7.74548893483389 25 49
0 10 0
5.23057508586724 19 36
10.6476732225669 27 64
3.36464431162144 20 21
10.6476732225669 27 64
16.1387624213616 34 67
10.6476732225669 27 64
0 10 0
0 10 0
5.23057508586724 19 36
13.5519343592385 32 72
19.3105800693375 37 68
15.6702378935924 32 68
3.12398362186697 18 28
0 10 0
0 10 0
0 10 0
1.00726529636431 15 10
10.6476732225669 27 64
0 10 0
6.01192781384721 23 36
0 10 0
3.12398362186697 18 28
0 10 0
22.3746379263485 40 88
5.23057508586724 19 36
6.5436483770895 22 39
0.283493857103561 12 1
0 10 0
0 10 0
9.67956490831875 26 29
5.23057508586724 19 36
16.2381803252398 34 85
0 10 0
3.12398362186697 18 28
13.5519343592385 32 72
0 10 0
0 10 0
4.92064337686896 19 10
0 10 0
3.12398362186697 18 28
0 10 0
0 10 0
22.5008694573326 40 80
10.6476732225669 27 64
5.08292054405134 22 25
18.4798826638412 37 82
0.283493857103561 12 1
16.2381803252398 34 85
0 10 0
10.6476732225669 27 64
0 10 0
3.12398362186697 18 28
0 10 0
8.18209917240418 25 31
1.00726529636431 15 10
5.08292054405134 22 25
0.467958547578585 13 3
0 10 0
0 10 0
30.6807496950059 46 104
2.06850220905696 17 21
5.23057508586724 19 36
5.23057508586724 19 36
0 10 0
6.28062837900799 21 37
5.23057508586724 19 36
27.8662030151249 45 110
12.4656680091162 29 65
1.00726529636431 15 10
10.6476732225669 27 64
7.74548893483389 25 49
6.01192781384721 23 36
12.9303549300002 31 58
1.00726529636431 15 10
10.6476732225669 27 64
0 10 0
9.65128734359762 26 45
16.5863274741354 33 50
16.1387624213616 34 67
7.25231013382303 24 46
16.9897283365383 35 80
5.1603726844599 23 38
15.4439370243221 34 67
5.23057508586724 19 36
0 10 0
0 10 0
10.6476732225669 27 64
2.06850220905696 17 21
0 10 0
5.97796151687246 23 24
0 10 0
16.1387624213616 34 67
0 10 0
0 10 0
8.76684155383755 26 57
2.49577892041912 18 13
33.8503326791537 49 116
0 10 0
3.69512908002497 19 16
1.00726529636431 15 10
0 10 0
0 10 0
10.1059344366644 28 46
9.3731114356474 27 50
0 10 0
0 10 0
1.91358353544904 15 4
5.23057508586724 19 36
0 10 0
3.12398362186697 18 28
10.5737359845994 29 57
13.7350445212528 32 74
0 10 0
0 10 0
0 10 0
5.08292054405134 22 25
0.700690348793493 14 6
3.69512908002497 19 16
0 10 0
7.59442749035785 25 37
16.2381803252398 34 85
5.23057508586724 19 36
5.23057508586724 19 36
14.3242073790674 32 62
6.85259938461243 23 42
5.23057508586724 19 36
2.77113606096587 17 9
0 10 0
5.23057508586724 19 36
0 10 0
1.00726529636431 15 10
10.7009175273224 27 32
9.77212170172633 28 42
10.3944640546511 28 58
2.06850220905696 17 21
5.23057508586724 19 36
8.69315569299259 24 40
13.9517075490039 32 60
1.43308443609712 16 15
0 10 0
0 10 0
20.5225879018485 39 95
0 10 0
8.75918094230517 27 42
10.6476732225669 27 64
13.9517075490039 32 60
11.9204894789586 30 61
13.7350445212528 32 74
0 10 0
0 10 0
0 10 0
0 10 0
1.43308443609712 16 15
0 10 0
0 10 0
7.82648285614142 25 51
1.00726529636431 15 10
5.23057508586724 19 36
0 10 0
26.5862799333472 44 106
7.25231013382303 24 46
12.5305817402349 31 64
0 10 0
13.5519343592385 32 72
0 10 0
32.7435404954613 45 84
0 10 0
0 10 0
5.23057508586724 19 36
5.1603726844599 23 38
0 10 0
2.49577892041912 18 13
5.23057508586724 19 36
0 10 0
5.23057508586724 19 36
10.6476732225669 27 64
0 10 0
0 10 0
5.1603726844599 23 38
0 10 0
3.12398362186697 18 28
2.77113606096587 17 9
12.512767589005 28 46
10.6476732225669 27 64
7.74548893483389 25 49
0 10 0
6.28062837900799 21 37
0 10 0
0 10 0
7.74548893483389 25 49
1.91358353544904 15 4
5.23057508586724 19 36
0 10 0
6.24559884798332 24 30
0 10 0
0 10 0
0.283493857103561 12 1
0 10 0
6.01192781384721 23 36
0.467958547578585 13 3
0 10 0
12.0424149153884 31 67
17.8201752298988 33 56
10.6476732225669 27 64
16.2381803252398 34 85
3.12398362186697 18 28
0 10 0
0 10 0
12.4656680091162 29 65
12.4656680091162 29 65
14.5732869782422 33 79
0 10 0
6.28062837900799 21 37
13.5519343592385 32 72
5.23057508586724 19 36
9.65128734359762 26 45
4.92064337686896 19 10
10.1059344366644 28 46
3.12398362186697 18 28
12.5305817402349 31 64
2.06850220905696 17 21
7.73782832330152 26 37
0 10 0
18.6290327121427 35 55
6.28062837900799 21 37
1.91358353544904 15 4
5.23057508586724 19 36
5.23057508586724 19 36
0.283493857103561 12 1
4.63044122822433 22 34
17.8201752298988 33 56
1.00726529636431 15 10
0 10 0
1.43308443609712 16 15
0 10 0
21.9851785027673 40 100
0 10 0
0 10 0
13.5519343592385 32 72
10.6476732225669 27 64
0 10 0
12.4656680091162 29 65
0 10 0
0 10 0
0 10 0
19.76787250595 38 91
4.95660889786881 22 22
0 10 0
4.2603082504762 21 31
0 10 0
7.94947377015548 27 46
10.6476732225669 27 64
0 10 0
12.8087576481851 30 67
13.2051130650172 31 70
0 10 0
10.6476732225669 27 64
4.74080318751651 21 25
3.12398362186697 18 28
16.2381803252398 34 85
7.25231013382303 24 46
2.06850220905696 17 21
0 10 0
12.5305817402349 31 64
4.46134563243225 22 31
0 10 0
0.467958547578585 13 3
0.700690348793493 14 6
0 10 0
18.2892274503339 36 62
17.8201752298988 33 56
1.43308443609712 16 15
6.24559884798332 24 30
8.64850082218313 28 49
2.06850220905696 17 21
0 10 0
19.3105800693375 37 71
10.6476732225669 27 64
0 10 0
14.947023098531 33 65
5.23057508586724 19 36
18.8277081981799 36 86
0 10 0
33.8503326791537 49 116
0 10 0
0 10 0
0 10 0
21.707667034042 39 83
0 10 0
5.23057508586724 19 36
5.23057508586724 19 36
0 10 0
8.43685537532916 27 44
1.00726529636431 15 10
0 10 0
5.23057508586724 19 36
6.02483758053329 24 43
17.9533174636558 36 80
37.8503035904796 50 114
10.6476732225669 27 64
0 10 0
5.23057508586724 19 36
8.62993472459397 25 43
5.23057508586724 19 36
5.23057508586724 19 36
1.00726529636431 15 10
0 10 0
17.4585300448375 36 74
0 10 0
11.7222701463261 28 34
10.695097294479 28 40
6.24559884798332 24 30
5.23057508586724 19 36
0 10 0
7.74548893483389 25 49
12.512767589005 28 46
5.23057508586724 19 36
0 10 0
10.6476732225669 27 64
13.2051130650172 31 70
0 10 0
11.9204894789586 30 61
0 10 0
0 10 0
0 10 0
5.23057508586724 19 36
5.23057508586724 19 36
2.06850220905696 17 21
0 10 0
0 10 0
1.43308443609712 16 15
0 10 0
0 10 0
7.73782832330152 26 37
17.4585300448375 36 74
1.00726529636431 15 10
0 10 0
0 10 0
19.8931119917478 37 76
7.25231013382303 24 46
7.74548893483389 25 49
3.69512908002497 19 16
13.5519343592385 32 72
3.12398362186697 18 28
5.23057508586724 19 36
5.23057508586724 19 36
5.23057508586724 19 36
0 10 0
5.23057508586724 19 36
27.8662030151249 45 110
0 10 0
6.49381703901017 22 19
16.2381803252398 34 85
5.23057508586724 19 36
23.5222220763363 41 88
6.28062837900799 21 37
5.23057508586724 19 36
15.6702378935924 32 68
0 10 0
0 10 0
0 10 0
6.28062837900799 21 37
0 10 0
0 10 0
0 10 0
0 10 0
1.00726529636431 15 10
5.23057508586724 19 36
3.12398362186697 18 28
0.700690348793493 14 6
0 10 0
0 10 0
16.2381803252398 34 85
7.82648285614142 25 51
0.283493857103561 12 1
20.5225879018485 39 95
0 10 0
0 10 0
0 10 0
9.67956490831875 26 29
0 10 0
0.283493857103561 12 1
4.2603082504762 21 31
3.36464431162144 20 21
0 10 0
10.6476732225669 27 64
5.23057508586724 19 36
8.69315569299259 24 40
0 10 0
8.69315569299259 24 40
0 10 0
10.6476732225669 27 64
5.23057508586724 19 36
0 10 0
0 10 0
0 10 0
10.6476732225669 27 64
0 10 0
18.8277081981799 36 86
0 10 0
5.23057508586724 19 36
6.02483758053329 24 43
0 10 0
3.69512908002497 19 16
1.91358353544904 15 4
5.23057508586724 19 36
0 10 0
3.12398362186697 18 28
0 10 0
32.7234549330132 48 113
2.77113606096587 17 9
3.67862433116584 21 27
32.7234549330132 48 113
12.4355161522245 30 53
0 10 0
3.69512908002497 19 16
0 10 0
5.23057508586724 19 36
1.91358353544904 15 4
10.6476732225669 27 64
6.49381703901017 22 19
6.21564113105994 23 32
0 10 0
3.97297661871026 20 29
4.45111180100286 20 14
10.6476732225669 27 64
0 10 0
0 10 0
0 10 0
5.23057508586724 19 36
4.46134563243225 22 31
5.23057508586724 19 36
3.12398362186697 18 28
6.5436483770895 22 39
1.91358353544904 15 4
5.23057508586724 19 36
2.06850220905696 17 21
8.76684155383755 26 57
4.92064337686896 19 10
0 10 0
2.06850220905696 17 21
10.6476732225669 27 64
0 10 0
12.5305817402349 31 64
6.24559884798332 24 30
14.5732869782422 33 79
8.62993472459397 25 43
4.2603082504762 21 31
6.01192781384721 23 36
5.1603726844599 23 38
0 10 0
0.283493857103561 12 1
6.28062837900799 21 37
12.1371525067097 30 45
5.47246442000651 21 17
12.8087576481851 30 67
21.2367901777275 38 81
13.9533209035111 33 62
6.21564113105994 23 32
0 10 0
10.1059344366644 28 46
10.6476732225669 27 64
16.2381803252398 34 85
0 10 0
0 10 0
0 10 0
0 10 0
13.7350445212528 32 74
0 10 0
0 10 0
0 10 0
7.74548893483389 25 49
0 10 0
0 10 0
0 10 0
11.0210622963848 30 59
0.283493857103561 12 1
6.02483758053329 24 43
2.06850220905696 17 21
22.8431891225119 39 89
24.552633980984 40 77
1.00726529636431 15 10
1.00726529636431 15 10
1.00726529636431 15 10
6.85259938461243 23 42
4.92064337686896 19 10
0 10 0
0 10 0
0.467958547578585 13 3
8.76684155383755 26 57
0 10 0
20.3316821762053 36 74
12.512767589005 28 46
0 10 0
0 10 0
12.5305817402349 31 64
18.4798826638412 37 82
0 10 0
2.06850220905696 17 21
0 10 0
8.18209917240418 25 31
18.4798826638412 37 82
7.82648285614142 25 51
10.6476732225669 27 64
0 10 0
10.1059344366644 28 46
5.23057508586724 19 36
0 10 0
1.00726529636431 15 10
6.28062837900799 21 37
6.28062837900799 21 37
0 10 0
5.23057508586724 19 36
4.74080318751651 21 25
0 10 0
5.23057508586724 19 36
0 10 0
5.23057508586724 19 36
0.467958547578585 13 3
5.23057508586724 19 36
6.28062837900799 21 37
4.92064337686896 19 10
0 10 0
5.23057508586724 19 36
7.82648285614142 25 51
0 10 0
1.91358353544904 15 4
3.12398362186697 18 28
10.6476732225669 27 64
28.6380444569986 44 99
3.12398362186697 18 28
9.75526537978187 28 52
5.23057508586724 19 36
0 10 0
0.700690348793493 14 6
0 10 0
9.35529728441752 24 20
27.6166918379949 43 83
20.5225879018485 39 95
1.43308443609712 16 15
1.91358353544904 15 4
0.467958547578585 13 3
6.28062837900799 21 37
5.23057508586724 19 36
1.91358353544904 15 4
7.82648285614142 25 51
4.74080318751651 21 25
0 10 0
0 10 0
5.23057508586724 19 36
0 10 0
4.92064337686896 19 10
12.5305817402349 31 64
0 10 0
18.2892274503339 36 62
2.85445750925975 19 22
0 10 0
16.2381803252398 34 85
5.23057508586724 19 36
1.43308443609712 16 15
12.4656680091162 29 65
0 10 0
0 10 0
37.8503035904796 50 114
0 10 0
0 10 0
17.4585300448375 36 74
5.23057508586724 19 36
0 10 0
6.01192781384721 23 36
3.69512908002497 19 16
12.5305817402349 31 64
2.06850220905696 17 21
2.77113606096587 17 9
3.69512908002497 19 16
16.1387624213616 34 67
0 10 0
10.6476732225669 27 64
0 10 0
0.700690348793493 14 6
0 10 0
0 10 0
10.6476732225669 27 64
3.69512908002497 19 16
8.76684155383755 26 57
5.23057508586724 19 36
16.2381803252398 34 85
2.6656172595938 19 18
3.12398362186697 18 28
0 10 0
0 10 0
1.00726529636431 15 10
11.0210622963848 30 59
0.467958547578585 13 3
0 10 0
7.82648285614142 25 51
10.6476732225669 27 64
0 10 0
5.23057508586724 19 36
5.23057508586724 19 36
12.5305817402349 31 64
10.6476732225669 27 64
1.43308443609712 16 15
12.5305817402349 31 64
0 10 0
3.12398362186697 18 28
7.25231013382303 24 46
22.5008694573326 40 80
13.2051130650172 31 70
17.4866422623294 36 82
27.6166918379949 43 83
12.4656680091162 29 65
5.23057508586724 19 36
12.1371525067097 30 45
5.47246442000651 21 17
0 10 0
8.76684155383755 26 57
3.12398362186697 18 28
12.8087576481851 30 67
9.35529728441752 24 20
4.46134563243225 22 31
1.91358353544904 15 4
1.88057403773076 17 11
0 10 0
0 10 0
14.5732869782422 33 79
16.2381803252398 34 85
3.12398362186697 18 28
5.23057508586724 19 36
5.23057508586724 19 36
5.23057508586724 19 36
0 10 0
0 10 0
5.23057508586724 19 36
11.115799887706 29 43
25.8872528813196 43 103
24.552633980984 40 77
0.283493857103561 12 1
0 10 0
10.6476732225669 27 64
0 10 0
0.700690348793493 14 6
0 10 0
2.49577892041912 18 13
3.69512908002497 19 16
0 10 0
22.5008694573326 40 80
5.23057508586724 19 36
0 10 0
0.700690348793493 14 6
3.12398362186697 18 28
0 10 0
3.12398362186697 18 28
0 10 0
7.74548893483389 25 49
2.06850220905696 17 21
1.88057403773076 17 11
0.467958547578585 13 3
9.92400920591798 27 38
5.23057508586724 19 36
0 10 0
12.4656680091162 29 65
10.6476732225669 27 64
0 10 0
3.36464431162144 20 21
3.69512908002497 19 16
0 10 0
3.12398362186697 18 28
0 10 0
18.2892274503339 36 62
16.2381803252398 34 85
0.283493857103561 12 1
1.43308443609712 16 15
0 10 0
5.23057508586724 19 36
25.5649273143436 43 101
1.43308443609712 16 15
10.6476732225669 27 64
3.12398362186697 18 28
1.00726529636431 15 10
0 10 0
1.43308443609712 16 15
0 10 0
5.23057508586724 19 36
11.9204894789586 30 61
0.700690348793493 14 6
0 10 0
0 10 0
0 10 0
0 10 0
0 10 0
0 10 0
0 10 0
5.23057508586724 19 36
10.6476732225669 27 64
16.2381803252398 34 85
21.9851785027673 40 100
7.82648285614142 25 51
0 10 0
11.9204894789586 30 61
0.700690348793493 14 6
0 10 0
1.43308443609712 16 15
3.69512908002497 19 16
6.02483758053329 24 43
3.97297661871026 20 29
1.43308443609712 16 15
6.99931413587612 24 28
8.76684155383755 26 57
3.12398362186697 18 28
8.76684155383755 26 57
5.23057508586724 19 36
5.23057508586724 19 36
2.77113606096587 17 9
2.06850220905696 17 21
14.1002588383424 33 59
0 10 0
19.3105800693375 37 68
6.28062837900799 21 37
0 10 0
0 10 0
8.76684155383755 26 57
12.8087576481851 30 67
0 10 0
0 10 0
16.7876152103017 35 77
0 10 0
1.91358353544904 15 4
1.00726529636431 15 10
5.23057508586724 19 36
0 10 0
5.23057508586724 19 36
0 10 0
7.73782832330152 26 37
17.1643166953534 36 78
12.4656680091162 29 65
1.00726529636431 15 10
16.2381803252398 34 85
0 10 0
6.28062837900799 21 37
5.23057508586724 19 36
11.115799887706 29 43
0 10 0
10.6936061187107 28 52
10.6476732225669 27 64
0 10 0
5.23057508586724 19 36
3.67862433116584 21 27
12.4656680091162 29 65
26.5862799333472 44 106
5.23057508586724 19 36
0 10 0
3.12398362186697 18 28
10.6476732225669 27 64
5.23057508586724 19 36
1.43308443609712 16 15
5.23057508586724 19 36
5.23057508586724 19 36
0 10 0
29.6593970760022 45 98
5.23057508586724 19 36
8.76684155383755 26 57
0 10 0
5.23057508586724 19 36
10.6476732225669 27 64
14.5732869782422 33 79
0 10 0
0.467958547578585 13 3
5.23057508586724 19 36
13.2051130650172 31 70
14.3284090340555 33 68
10.6476732225669 27 64
16.1387624213616 34 67
0 10 0
0 10 0
16.9897283365383 35 80
5.23057508586724 19 36
7.74548893483389 25 49
0 10 0
16.2381803252398 34 85
2.06850220905696 17 21
2.06850220905696 17 21
0 10 0
10.1059344366644 28 46
14.5732869782422 33 79
5.23057508586724 19 36
10.6476732225669 27 64
17.4585300448375 36 74
0 10 0
10.6936061187107 28 52
0 10 0
0 10 0
0 10 0
4.92064337686896 19 10
0 10 0
3.12398362186697 18 28
12.5305817402349 31 64
5.23057508586724 19 36
0 10 0
0 10 0
39.8930088284869 52 119
10.6476732225669 27 64
0.467958547578585 13 3
15.7239314199354 33 71
0 10 0
16.2381803252398 34 85
18.8277081981799 36 86
11.272763036627 30 63
0 10 0
3.12398362186697 18 28
0 10 0
6.49381703901017 22 19
22.8431891225119 39 89
5.23057508586724 19 36
5.23057508586724 19 36
5.23057508586724 19 36
6.24559884798332 24 30
0 10 0
5.23057508586724 19 36
0 10 0
21.9851785027673 40 100
7.25231013382303 24 46
6.01192781384721 23 36
10.6936061187107 28 52
14.5732869782422 33 79
7.82648285614142 25 51
1.43308443609712 16 15
0 10 0
16.7452840389391 34 73
10.6476732225669 27 64
0 10 0
35.8075983524723 48 105
10.6476732225669 27 64
8.76684155383755 26 57
4.74080318751651 21 25
3.12398362186697 18 28
10.6476732225669 27 64
5.23057508586724 19 36
0.283493857103561 12 1
0 10 0
3.12398362186697 18 28
0 10 0
6.02483758053329 24 43
0 10 0
0.700690348793493 14 6
0 10 0
0 10 0
0 10 0
0.467958547578585 13 3
0 10 0
5.23057508586724 19 36
5.23057508586724 19 36
7.25231013382303 24 46
7.82648285614142 25 51
21.9851785027673 40 100
0 10 0
7.74548893483389 25 49
5.23057508586724 19 36
19.3105800693375 37 68
6.28062837900799 21 37
0 10 0
0 10 0
10.5737359845994 29 57
5.23057508586724 19 36
10.6476732225669 27 64
1.43308443609712 16 15
0 10 0
0 10 0
10.6476732225669 27 64
3.19554871582937 20 24
0 10 0
3.12398362186697 18 28
0 10 0
0 10 0
3.12398362186697 18 28
4.74080318751651 21 25
0 10 0
6.02483758053329 24 43
0.283493857103561 12 1
5.23057508586724 19 36
0 10 0
2.6656172595938 19 18
14.5732869782422 33 79
5.23057508586724 19 36
9.65128734359762 26 45
8.69315569299259 24 40
19.2567909852456 37 88
3.12398362186697 18 28
0 10 0
5.23057508586724 19 36
2.06850220905696 17 21
0 10 0
2.06850220905696 17 21
3.12398362186697 18 28
1.00726529636431 15 10
1.43308443609712 16 15
10.5737359845994 29 57
23.0513452200217 40 92
8.75918094230517 27 42
0 10 0
0 10 0
1.43308443609712 16 15
5.1603726844599 23 38
0 10 0
10.6476732225669 27 64
0 10 0
5.23057508586724 19 36
0 10 0
0 10 0
3.12398362186697 18 28
0 10 0
0 10 0
18.2892274503339 36 66
5.23057508586724 19 36
0 10 0
0 10 0
0 10 0
0 10 0
12.4656680091162 29 65
24.0726978390254 41 94
3.12398362186697 18 28
4.74080318751651 21 25
16.1429640763497 35 73
5.23057508586724 19 36
5.23057508586724 19 36
32.7234549330132 48 113
0 10 0
0.700690348793493 14 6
35.8075983524723 48 105
16.2381803252398 34 85
5.23057508586724 19 36
0 10 0
0 10 0
0 10 0
0 10 0
20.3319326883412 38 76
5.23057508586724 19 36
9.65128734359762 26 45
0 10 0
25.5739865999876 41 82
8.18209917240418 25 31
4.63044122822433 22 34
2.6656172595938 19 18
17.05720433045 34 59
0 10 0
5.23057508586724 19 36
0 10 0
17.9533174636558 36 80
19.76787250595 38 91
0 10 0
0 10 0
5.23057508586724 19 36
1.74978344196222 16 7
7.74548893483389 25 49
2.06850220905696 17 21
6.01192781384721 23 36
2.06850220905696 17 21
10.1059344366644 28 46
0 10 0
1.43308443609712 16 15
1.91358353544904 15 4
17.1643166953534 36 78
0 10 0
17.4585300448375 36 74
0 10 0
10.6476732225669 27 64
16.2381803252398 34 85
5.23057508586724 19 36
5.23057508586724 19 36
16.2381803252398 34 85
0 10 0
3.12398362186697 18 28
7.74548893483389 25 49
4.74080318751651 21 25
3.12398362186697 18 28
27.8662030151249 45 110
0 10 0
14.947023098531 33 65
5.23057508586724 19 36
0 10 0
18.2892274503339 36 62
0 10 0
0 10 0
3.12398362186697 18 28
0 10 0
11.9204894789586 30 61
0 10 0
0.283493857103561 12 1
0 10 0
3.12398362186697 18 28
0 10 0
9.65128734359762 26 45
16.2381803252398 34 85
0.467958547578585 13 3
4.92064337686896 19 10
35.8075983524723 48 105
0 10 0
6.01192781384721 23 36
0 10 0
3.12398362186697 18 28
5.23057508586724 19 36
11.0210622963848 30 59
0.467958547578585 13 3
10.3944640546511 28 58
10.7009175273224 27 32
5.23057508586724 19 36
33.8503326791537 49 116
1.43308443609712 16 15
4.74080318751651 21 25
6.28062837900799 21 37
10.6476732225669 27 64
29.6593970760022 45 98
0 10 0
0 10 0
4.63044122822433 22 34
0 10 0
0 10 0
6.28062837900799 21 37
0 10 0
0 10 0
0 10 0
3.69512908002497 19 16
4.63044122822433 22 34
6.55141966610019 25 34
0 10 0
0 10 0
5.23057508586724 19 36
10.6936061187107 28 52
5.08292054405134 22 25
0 10 0
21.9851785027673 40 100
0 10 0
1.00726529636431 15 10
18.4798826638412 37 82
6.36754413010997 23 26
5.23057508586724 19 36
3.67862433116584 21 27
2.06850220905696 17 21
0 10 0
0 10 0
9.35529728441752 24 20
16.2381803252398 34 85
4.95660889786881 22 22
0 10 0
0 10 0
16.1429640763497 35 70
11.7222701463261 28 34
0 10 0
0 10 0
1.00726529636431 15 10
26.5862799333472 44 106
0 10 0
10.6476732225669 27 64
18.0785569494536 35 67
8.76684155383755 26 57
7.25231013382303 24 46
27.8662030151249 45 110
12.8087576481851 30 67
26.5953392189913 42 81
5.23057508586724 19 36
1.43308443609712 16 15
10.6476732225669 27 64
0 10 0
5.23057508586724 19 36
0 10 0
16.9897283365383 35 80
0.283493857103561 12 1
5.23057508586724 19 36
16.1387624213616 34 67
10.1059344366644 28 46
5.23057508586724 19 36
7.74548893483389 25 49
6.02483758053329 24 43
12.0424149153884 31 67
8.76684155383755 26 57
10.6476732225669 27 64
7.74548893483389 25 49
16.2381803252398 34 85
17.4585300448375 36 74
0 10 0
10.6476732225669 27 64
0 10 0
0 10 0
0 10 0
2.06850220905696 17 21
18.6290327121427 35 55
13.5519343592385 32 72
3.12398362186697 18 28
5.23057508586724 19 36
24.0726978390254 41 94
0 10 0
5.23057508586724 19 36
4.74080318751651 21 25
16.2381803252398 34 85
0 10 0
6.22240581447169 24 35
0 10 0
5.23057508586724 19 36
2.06850220905696 17 21
7.74548893483389 25 49
6.99931413587612 24 28
0 10 0
4.92064337686896 19 10
0 10 0
11.7222701463261 28 34
0 10 0
5.23057508586724 19 36
0.700690348793493 14 6
0 10 0
5.23057508586724 19 36
6.01192781384721 23 36
13.5519343592385 32 72
0.700690348793493 14 6
0 10 0
21.9851785027673 40 100
0.283493857103561 12 1
6.85259938461243 23 42
0 10 0
13.7350445212528 32 74
0 10 0
12.0424149153884 31 67
0 10 0
5.23057508586724 19 36
4.74080318751651 21 25
1.00726529636431 15 10
0 10 0
3.12398362186697 18 28
0 10 0
4.63044122822433 22 34
5.23057508586724 19 36
1.00726529636431 15 10
2.77113606096587 17 9
7.25231013382303 24 46
2.77113606096587 17 9
10.6476732225669 27 64
22.2581427967312 39 83
8.76684155383755 26 57
1.00726529636431 15 10
19.5012352828448 38 89
9.99970967738109 29 53
5.23057508586724 19 36
10.6476732225669 27 64
31.7021023140096 47 109
0.700690348793493 14 6
10.6476732225669 27 64
0 10 0
10.2514104176234 29 55
19.5012352828448 38 89
16.2381803252398 34 85
5.23057508586724 19 36
5.23057508586724 19 36
0 10 0
12.5096523367732 30 47
10.6476732225669 27 64
12.5305817402349 31 64
0 10 0
5.23057508586724 19 36
2.06850220905696 17 21
5.23057508586724 19 36
2.06850220905696 17 21
10.1059344366644 28 46
5.23057508586724 19 36
20.5225879018485 39 95
10.6476732225669 27 64
1.43308443609712 16 15
5.23057508586724 19 36
5.47246442000651 21 17
5.23057508586724 19 36
0 10 0
16.1429640763497 35 70
0 10 0
5.23057508586724 19 36
6.01192781384721 23 36
6.01192781384721 23 36
8.76684155383755 26 57
9.99970967738109 29 53
0 10 0
19.3105800693375 37 74
10.6476732225669 27 64
5.23057508586724 19 36
5.23057508586724 19 36
10.1059344366644 28 46
0.283493857103561 12 1
0 10 0
5.23057508586724 19 36
5.23057508586724 19 36
3.12398362186697 18 28
6.36754413010997 23 26
0 10 0
5.23057508586724 19 36
5.23057508586724 19 36
5.23057508586724 19 36
0 10 0
5.23057508586724 19 36
7.24375843347535 25 37
19.3105800693375 37 71
7.25231013382303 24 46
10.6476732225669 27 64
13.2051130650172 31 70
3.12398362186697 18 28
0 10 0
10.6476732225669 27 64
0 10 0
0 10 0
5.23057508586724 19 36
0 10 0
0 10 0
0.467958547578585 13 3
0 10 0
24.7775574676827 39 71
5.23057508586724 19 36
2.06850220905696 17 21
10.6476732225669 27 64
0 10 0
11.272763036627 30 63
5.23057508586724 19 36
10.6476732225669 27 64
14.3242073790674 32 62
5.23057508586724 19 36
3.12398362186697 18 28
7.74548893483389 25 49
19.5012352828448 38 89
6.01192781384721 23 36
0 10 0
0 10 0
10.6476732225669 27 64
0 10 0
5.23057508586724 19 36
1.00726529636431 15 10
3.69512908002497 19 16
12.4656680091162 29 65
0 10 0
10.6476732225669 27 64
0.283493857103561 12 1
0 10 0
10.6476732225669 27 64
2.06850220905696 17 21
7.74548893483389 25 49
12.1371525067097 30 45
2.22929624120999 18 16
0 10 0
4.2603082504762 21 31
10.6476732225669 27 64
0 10 0
0 10 0
0 10 0
12.5305817402349 31 64
12.0424149153884 31 67
18.8277081981799 36 86
5.23057508586724 19 36
14.947023098531 33 65
5.23057508586724 19 36
17.4585300448375 36 74
2.06850220905696 17 21
9.99970967738109 29 53
16.2381803252398 34 85
8.76684155383755 26 57
5.23057508586724 19 36
5.23057508586724 19 36
5.23057508586724 19 36
2.85445750925975 19 22
18.8717593727442 36 68
26.5921125099769 41 84
6.5436483770895 22 39
12.6080293630242 31 56
3.12398362186697 18 28
0 10 0
17.4585300448375 36 74
5.23057508586724 19 36
6.5436483770895 22 39
5.23057508586724 19 36
20.4435877544369 37 70
11.0210622963848 30 59
4.74080318751651 21 25
0 10 0
0 10 0
5.23057508586724 19 36
0 10 0
20.3319326883412 38 76
4.92064337686896 19 10
19.2567909852456 37 88
10.6476732225669 27 64
0 10 0
29.6593970760022 45 98
0 10 0
5.23057508586724 19 36
3.12398362186697 18 28
1.43308443609712 16 15
0 10 0
13.5519343592385 32 72
23.3959905453522 41 92
0 10 0
0 10 0
16.2381803252398 34 85
0 10 0
6.99931413587612 24 28
5.23057508586724 19 36
10.1059344366644 28 46
10.6936061187107 28 52
0.467958547578585 13 3
5.23057508586724 19 36
20.5225879018485 39 95
13.5519343592385 32 72
1.74978344196222 16 7
0 10 0
0 10 0
0 10 0
7.25231013382303 24 46
6.28062837900799 21 37
8.76684155383755 26 57
0 10 0
5.23057508586724 19 36
0 10 0
3.12398362186697 18 28
0 10 0
10.6476732225669 27 64
5.23057508586724 19 36
0 10 0
5.92327328100731 24 32
16.9897283365383 35 80
10.6476732225669 27 64
0 10 0
10.6476732225669 27 64
6.85259938461243 23 42
5.23057508586724 19 36
17.4866422623294 36 82
13.7350445212528 32 74
10.6476732225669 27 64
0.700690348793493 14 6
6.01192781384721 23 36
3.69512908002497 19 16
1.43308443609712 16 15
24.4173431643558 42 98
2.06850220905696 17 21
27.8662030151249 45 110
14.1002588383424 33 59
0 10 0
1.43308443609712 16 15
23.7503722720494 41 96
5.23057508586724 19 36
7.74548893483389 25 49
5.23057508586724 19 36
2.06850220905696 17 21
0 10 0
0 10 0
0 10 0
12.0424149153884 31 67
0 10 0
0 10 0
0 10 0
16.2381803252398 34 85
12.512767589005 28 46
5.22424622897966 23 28
7.74548893483389 25 49
5.23057508586724 19 36
2.77113606096587 17 9
0 10 0
10.6476732225669 27 64
13.1585051257133 31 49
18.4798826638412 37 82
18.4008825164296 35 65
16.7452840389391 34 73
1.43308443609712 16 15
12.4355161522245 30 53
10.6476732225669 27 64
0 10 0
45.9260048507769 54 120
0 10 0
2.06850220905696 17 21
26.5862799333472 44 106
2.77113606096587 17 9
30.6807496950059 46 104
10.1059344366644 28 46
23.5312813619803 39 69
3.12398362186697 18 28
0 10 0
0 10 0
0.467958547578585 13 3
7.74548893483389 25 49
7.25231013382303 24 46
2.06850220905696 17 21
0 10 0
1.00726529636431 15 10
0 10 0
0.283493857103561 12 1
16.2381803252398 34 85
1.00726529636431 15 10
10.6476732225669 27 64
0 10 0
12.4355161522245 30 53
0.700690348793493 14 6
0 10 0
5.23057508586724 19 36
10.6936061187107 28 52
5.23057508586724 19 36
10.6476732225669 27 64
15.3086682835923 30 35
6.02483758053329 24 43
18.4798826638412 37 82
0 10 0
10.2514104176234 29 55
0 10 0
0 10 0
0 10 0
12.1910718546253 29 50
0 10 0
5.23057508586724 19 36
0 10 0
10.6476732225669 27 64
5.23057508586724 19 36
1.91358353544904 15 4
7.73782832330152 26 37
8.62993472459397 25 43
0 10 0
6.02483758053329 24 43
0 10 0
0.283493857103561 12 1
0 10 0
0 10 0
3.12398362186697 18 28
3.12398362186697 18 28
0.467958547578585 13 3
0 10 0
10.6476732225669 27 64
0 10 0
3.12398362186697 18 28
0 10 0
0 10 0
11.115799887706 29 43
9.65128734359762 26 45
10.6476732225669 27 64
13.7350445212528 32 74
6.28062837900799 21 37
23.5222220763363 41 88
0 10 0
5.23057508586724 19 36
0 10 0
7.74548893483389 25 49
0 10 0
2.06850220905696 17 21
5.23057508586724 19 36
13.5519343592385 32 72
2.06850220905696 17 21
0 10 0
5.23057508586724 19 36
6.5436483770895 22 39
13.6293819820279 32 58
32.7234549330132 48 113
5.23057508586724 19 36
5.23057508586724 19 36
0 10 0
5.23057508586724 19 36
0 10 0
39.8930088284869 52 119
0 10 0
23.5222220763363 41 88
11.9204894789586 30 61
7.74548893483389 25 49
1.43308443609712 16 15
12.512767589005 28 46
1.43308443609712 16 15
0 10 0
13.2051130650172 31 70
0 10 0
2.06850220905696 17 21
2.06850220905696 17 21
21.9851785027673 40 100
0 10 0
0 10 0
13.2051130650172 31 70
1.43308443609712 16 15
10.6476732225669 27 64
3.12398362186697 18 28
13.7350445212528 32 74
10.6476732225669 27 64
0 10 0
13.5519343592385 32 72
0 10 0
0 10 0
0 10 0
8.87905107641649 26 47
10.6936061187107 28 52
21.9851785027673 40 100
0 10 0
7.74548893483389 25 49
5.23057508586724 19 36
5.23057508586724 19 36
10.6476732225669 27 64
5.23057508586724 19 36
5.23057508586724 19 36
5.23057508586724 19 36
7.74548893483389 25 49
0 10 0
18.8717593727442 36 68
0 10 0
21.9851785027673 40 100
11.8148269397336 30 47
7.74548893483389 25 49
3.69512908002497 19 16
7.82648285614142 25 51
13.2051130650172 31 70
6.85259938461243 23 42
0 10 0
18.0785569494536 35 67
5.23057508586724 19 36
20.3319326883412 38 76
3.12398362186697 18 28
0 10 0
0 10 0
10.6476732225669 27 64
0 10 0
8.75918094230517 27 42
0 10 0
3.12398362186697 18 28
10.6476732225669 27 64
0 10 0
1.00726529636431 15 10
6.85259938461243 23 42
4.2603082504762 21 31
5.23057508586724 19 36
10.6476732225669 27 64
18.8277081981799 36 86
6.28062837900799 21 37
0 10 0
5.23057508586724 19 36
0 10 0
7.25231013382303 24 46
0 10 0
7.82648285614142 25 51
22.5099287429767 38 63
12.8087576481851 30 67
0 10 0
0 10 0
0 10 0
7.82648285614142 25 51
11.115799887706 29 40
13.5519343592385 32 72
0 10 0
16.2381803252398 34 85
0 10 0
0.467958547578585 13 3
21.9851785027673 40 100
0 10 0
0 10 0
1.43308443609712 16 15
0.467958547578585 13 3
19.2567909852456 37 88
0 10 0
16.2381803252398 34 85
12.5305817402349 31 64
1.00726529636431 15 10
24.552633980984 40 74
0 10 0
10.6476732225669 27 64
21.9851785027673 40 100
0 10 0
7.82648285614142 25 51
0.283493857103561 12 1
0 10 0
0 10 0
10.6476732225669 27 64
5.1603726844599 23 38
0.700690348793493 14 6
11.7222701463261 28 34
5.23057508586724 19 36
10.6476732225669 27 64
11.9106156655037 31 52
10.6476732225669 27 64
0 10 0
0 10 0
4.74080318751651 21 25
16.1429640763497 35 70
5.23057508586724 19 36
0 10 0
16.1429640763497 35 73
16.2381803252398 34 85
0 10 0
1.43308443609712 16 15
0 10 0
0.700690348793493 14 6
0 10 0
10.6476732225669 27 64
5.23057508586724 19 36
5.23057508586724 19 36
0 10 0
8.88054225218476 26 31
0 10 0
17.4585300448375 36 74
0 10 0
0 10 0
1.91358353544904 15 4
5.47246442000651 21 17
2.06850220905696 17 21
0.283493857103561 12 1
6.5436483770895 22 39
5.23057508586724 19 36
5.23057508586724 19 36
7.25231013382303 24 46
0.283493857103561 12 1
17.4585300448375 36 74
13.5519343592385 32 72
5.23057508586724 19 36
7.74548893483389 25 49
0 10 0
10.6476732225669 27 64
5.23057508586724 19 36
0 10 0
0 10 0
18.4008825164296 35 65
5.23057508586724 19 36
22.5008694573326 40 80
5.23057508586724 19 36
0 10 0
0 10 0
10.7009175273224 27 32
0 10 0
0 10 0
0 10 0
6.01192781384721 23 36
15.6702378935924 32 68
4.74080318751651 21 25
5.23057508586724 19 36
6.02483758053329 24 43
17.379529897426 34 61
5.23057508586724 19 36
1.43308443609712 16 15
5.23057508586724 19 36
5.23057508586724 19 36
3.12398362186697 18 28
0 10 0
10.3944640546511 28 58
1.74978344196222 16 7
5.23057508586724 19 36
0 10 0
5.23057508586724 19 36
0.283493857103561 12 1
1.00726529636431 15 10
3.12398362186697 18 28
4.46134563243225 22 31
0.700690348793493 14 6
0 10 0
0 10 0
10.6476732225669 27 64
6.5436483770895 22 39
0 10 0
23.5222220763363 41 88
0 10 0
2.06850220905696 17 21
0 10 0
8.76684155383755 26 57
0 10 0
0 10 0
0 10 0
5.23057508586724 19 36
9.92400920591798 27 38
5.23057508586724 19 36
24.7775574676827 39 71
1.00726529636431 15 10
0 10 0
16.9897283365383 35 80
12.8087576481851 30 67
0 10 0
1.43308443609712 16 15
15.6702378935924 32 68
0 10 0
0.283493857103561 12 1
3.19554871582937 20 24
0 10 0
0.700690348793493 14 6
27.8662030151249 45 110
2.06850220905696 17 21
6.01192781384721 23 36
5.23057508586724 19 36
9.35529728441752 24 20
37.8503035904796 50 114
0 10 0
5.23057508586724 19 36
13.2051130650172 31 70
12.512767589005 28 46
10.6476732225669 27 64
3.12398362186697 18 28
5.23057508586724 19 36
7.74548893483389 25 49
7.82648285614142 25 51
0 10 0
5.23057508586724 19 36
0 10 0
0 10 0
10.1059344366644 28 46
5.23057508586724 19 36
0 10 0
0 10 0
0 10 0
3.12398362186697 18 28
0 10 0
4.74080318751651 21 25
1.43308443609712 16 15
0 10 0
6.99931413587612 24 28
10.6476732225669 27 64
5.23057508586724 19 36
16.2381803252398 34 85
5.23057508586724 19 36
16.2381803252398 34 85
0 10 0
18.4798826638412 37 82
13.5519343592385 32 72
26.5953392189913 42 86
0 10 0
0 10 0
10.6476732225669 27 64
3.12398362186697 18 28
0 10 0
0 10 0
6.01192781384721 23 36
10.1059344366644 28 46
9.3731114356474 27 50
0 10 0
0 10 0
2.77113606096587 17 9
3.12398362186697 18 28
8.76684155383755 26 57
0 10 0
5.23057508586724 19 36
3.12398362186697 18 28
13.7350445212528 32 74
0 10 0
7.82648285614142 25 51
0 10 0
0 10 0
0 10 0
0 10 0
0 10 0
0 10 0
0 10 0
0 10 0
5.23057508586724 19 36
10.6476732225669 27 64
5.23057508586724 19 36
0.283493857103561 12 1
21.9851785027673 40 100
0 10 0
10.6476732225669 27 64
0 10 0
2.49577892041912 18 13
0 10 0
0 10 0
0 10 0
4.63044122822433 22 34
0 10 0
0 10 0
0 10 0
0 10 0
5.23057508586724 19 36
0 10 0
3.12398362186697 18 28
10.6476732225669 27 64
16.2381803252398 34 85
0 10 0
17.379529897426 34 61
10.6476732225669 27 64
10.6476732225669 27 64
0 10 0
3.36464431162144 20 21
0 10 0
19.2567909852456 37 88
5.23057508586724 19 36
14.5732869782422 33 79
0 10 0
6.5436483770895 22 39
10.6476732225669 27 64
2.49577892041912 18 13
0 10 0
0 10 0
0.700690348793493 14 6
10.6476732225669 27 64
5.23057508586724 19 36
0 10 0
0.700690348793493 14 6
0 10 0
5.23057508586724 19 36
7.74548893483389 25 49
0 10 0
5.23057508586724 19 36
10.6476732225669 27 64
3.97297661871026 20 29
6.01192781384721 23 36
5.23057508586724 19 36
5.23057508586724 19 36
19.8931119917478 37 76
8.88054225218476 26 31
0 10 0
5.23057508586724 19 36
10.6476732225669 27 64
7.74548893483389 25 49
16.2381803252398 34 85
1.43308443609712 16 15
5.23057508586724 19 36
13.5519343592385 32 72
0 10 0
6.02483758053329 24 43
4.55298908781576 21 19
12.4355161522245 30 53
26.5862799333472 44 106
0 10 0
13.5519343592385 32 72
0 10 0
21.707667034042 39 83
1.00726529636431 15 10
11.9204894789586 30 61
6.28062837900799 21 37
0 10 0
0 10 0
2.06850220905696 17 21
6.01192781384721 23 36
9.35529728441752 24 20
20.5225879018485 39 95
17.4585300448375 36 74
1.74978344196222 16 7
13.2051130650172 31 70
0 10 0
0.283493857103561 12 1
4.74080318751651 21 25
0 10 0
8.76684155383755 26 57
0 10 0
5.23057508586724 19 36
5.23057508586724 19 36
10.6476732225669 27 64
8.62993472459397 25 43
10.6476732225669 27 64
16.2381803252398 34 85
5.23057508586724 19 36
16.2381803252398 34 85
5.23057508586724 19 36
8.76684155383755 26 57
0 10 0
8.76684155383755 26 57
7.74548893483389 25 49
4.92064337686896 19 10
1.43308443609712 16 15
0 10 0
0 10 0
0 10 0
12.6080293630242 31 56
16.2381803252398 34 85
5.23057508586724 19 36
0 10 0
5.23057508586724 19 36
0 10 0
10.6476732225669 27 64
0.700690348793493 14 6
8.69315569299259 24 40
0 10 0
0.700690348793493 14 6
5.23057508586724 19 36
0 10 0
1.00726529636431 15 10
0 10 0
12.0424149153884 31 67
8.76684155383755 26 57
1.00726529636431 15 10
3.12398362186697 18 28
0 10 0
8.76684155383755 26 57
0 10 0
0 10 0
5.23057508586724 19 36
0 10 0
30.6807496950059 46 104
0 10 0
16.1387624213616 34 75
5.23057508586724 19 36
10.6476732225669 27 64
8.88054225218476 26 31
6.5436483770895 22 39
10.6476732225669 27 64
2.06850220905696 17 21
16.1387624213616 34 67
10.6476732225669 27 64
4.92064337686896 19 10
16.2381803252398 34 85
16.2381803252398 34 85
5.23057508586724 19 36
22.5008694573326 40 80
0 10 0
6.85259938461243 23 42
5.23057508586724 19 36
0.700690348793493 14 6
0 10 0
0 10 0
0 10 0
14.5732869782422 33 79
20.2154375587238 37 78
22.5008694573326 40 80
0 10 0
0 10 0
5.23057508586724 19 36
10.6476732225669 27 64
1.00726529636431 15 10
21.9851785027673 40 100
0 10 0
0 10 0
0 10 0
3.19554871582937 20 24
21.9851785027673 40 100
0 10 0
5.23057508586724 19 36
10.1059344366644 28 46
16.2381803252398 34 85
0 10 0
9.3731114356474 27 50
14.1002588383424 33 59
0 10 0
22.5008694573326 40 80
0.700690348793493 14 6
21.9851785027673 40 100
10.6476732225669 27 64
10.6476732225669 27 64
0 10 0
1.43308443609712 16 15
24.552633980984 40 77
6.28062837900799 21 37
0 10 0
5.23057508586724 19 36
5.23057508586724 19 36
0 10 0
5.23057508586724 19 36
0 10 0
10.6476732225669 27 64
21.9851785027673 40 100
0 10 0
0 10 0
7.59442749035785 25 37
5.23057508586724 19 36
5.23057508586724 19 36
8.76684155383755 26 57
0 10 0
0 10 0
6.01192781384721 23 36
0 10 0
5.1603726844599 23 38
17.4866422623294 36 82
0 10 0
5.23057508586724 19 36
5.23057508586724 19 36
0 10 0
27.6166918379949 43 83
10.6476732225669 27 64
0 10 0
5.23057508586724 19 36
5.23057508586724 19 36
7.82648285614142 25 51
0 10 0
7.74548893483389 25 49
4.74080318751651 21 25
16.2381803252398 34 85
0 10 0
39.8930088284869 52 119
0.700690348793493 14 6
8.76684155383755 26 57
13.2051130650172 31 70
10.6476732225669 27 64
0 10 0
5.23057508586724 19 36
1.91358353544904 15 4
0 10 0
22.5099287429767 38 63
0 10 0
5.23057508586724 19 36
0 10 0
0 10 0
22.5008694573326 40 80
2.06850220905696 17 21
6.01192781384721 23 36
0 10 0
10.6476732225669 27 64
0 10 0
9.35529728441752 24 20
3.69512908002497 19 16
10.6476732225669 27 64
0 10 0
5.23057508586724 19 36
24.4173431643558 42 98
3.12398362186697 18 28
0 10 0
5.23057508586724 19 36
4.46134563243225 22 31
0 10 0
1.91358353544904 15 4
4.92064337686896 19 10
10.6476732225669 27 64
4.74080318751651 21 25
0 10 0
5.23057508586724 19 36
0 10 0
0 10 0
5.23057508586724 19 36
8.76684155383755 26 57
21.9851785027673 40 100
16.1429640763497 35 73
22.2581427967312 39 83
6.5436483770895 22 39
0 10 0
3.12398362186697 18 28
18.4798826638412 37 82
0 10 0
7.74548893483389 25 49
0 10 0
1.91358353544904 15 4
10.3944640546511 28 58
34.7862457334686 47 99
0 10 0
19.8931119917478 37 76
0 10 0
8.69315569299259 24 40
0 10 0
3.19554871582937 20 24
2.06850220905696 17 21
16.1387624213616 34 75
3.12398362186697 18 28
11.7222701463261 28 34
13.1585051257133 31 49
24.552633980984 40 74
0 10 0
0 10 0
5.23057508586724 19 36
0 10 0
7.74548893483389 25 49
5.23057508586724 19 36
11.272763036627 30 63
0 10 0
0 10 0
0 10 0
0 10 0
12.1910718546253 29 50
0 10 0
3.67862433116584 21 27
6.28062837900799 21 37
3.12398362186697 18 28
5.23057508586724 19 36
0 10 0
8.62993472459397 25 43
19.2567909852456 37 88
0 10 0
13.7350445212528 32 74
10.6476732225669 27 64
0.283493857103561 12 1
0 10 0
10.6936061187107 28 52
0 10 0
3.12398362186697 18 28
8.62993472459397 25 43
0 10 0
34.7862457334686 47 99
0 10 0
8.06015389027753 26 39
0 10 0
10.6476732225669 27 64
0 10 0
0 10 0
13.9517075490039 32 60
22.3746379263485 40 85
0 10 0
0 10 0
8.76684155383755 26 57
5.23057508586724 19 36
3.12398362186697 18 28
10.7009175273224 27 32
12.5305817402349 31 64
3.12398362186697 18 28
3.12398362186697 18 28
21.9851785027673 40 100
0 10 0
5.23057508586724 19 36
25.5649273143436 43 101
0 10 0
0 10 0
6.36754413010997 23 26
0 10 0
5.23057508586724 19 36
0 10 0
5.23057508586724 19 36
0 10 0
10.6476732225669 27 64
4.92064337686896 19 10
0 10 0
10.6476732225669 27 64
15.9683757175347 34 73
5.23057508586724 19 36
3.12398362186697 18 28
10.6476732225669 27 64
5.23057508586724 19 36
8.76684155383755 26 57
0 10 0
2.06850220905696 17 21
0 10 0
5.23057508586724 19 36
1.00726529636431 15 10
5.23057508586724 19 36
8.76684155383755 26 57
11.9204894789586 30 61
38.8716562094833 51 117
0 10 0
0 10 0
2.77113606096587 17 9
0 10 0
0 10 0
2.77113606096587 17 9
12.5305817402349 31 64
12.5096523367732 30 47
8.18209917240418 25 31
0 10 0
2.77113606096587 17 9
5.23057508586724 19 36
0 10 0
0.283493857103561 12 1
0.700690348793493 14 6
7.25231013382303 24 46
5.23057508586724 19 36
5.1603726844599 23 38
0 10 0
0 10 0
6.49381703901017 22 19
2.06850220905696 17 21
20.3316821762053 36 74
10.6476732225669 27 64
10.6476732225669 27 64
0 10 0
0 10 0
16.2381803252398 34 85
16.1387624213616 34 67
0 10 0
7.74548893483389 25 49
6.85259938461243 23 42
20.5225879018485 39 95
16.2381803252398 34 85
0 10 0
3.12398362186697 18 28
0 10 0
6.02483758053329 24 43
10.6476732225669 27 64
7.82648285614142 25 51
30.2212225945653 45 104
0 10 0
12.5305817402349 31 64
0 10 0
0 10 0
16.2381803252398 34 85
3.12398362186697 18 28
5.23057508586724 19 36
21.9851785027673 40 100
5.23057508586724 19 36
5.23057508586724 19 36
3.36464431162144 20 21
18.4798826638412 37 82
5.23057508586724 19 36
3.69512908002497 19 16
1.00726529636431 15 10
0.283493857103561 12 1
8.69315569299259 24 40
3.19554871582937 20 24
24.5435746953399 42 95
20.5225879018485 39 95
4.46134563243225 22 31
5.23057508586724 19 36
8.76684155383755 26 57
8.76684155383755 26 57
0 10 0
10.6476732225669 27 64
0 10 0
15.3086682835923 30 35
1.43308443609712 16 15
0 10 0
16.1387624213616 34 67
25.5649273143436 43 101
7.74548893483389 25 49
8.76684155383755 26 57
1.43308443609712 16 15
0 10 0
17.8201752298988 33 56
0 10 0
4.92064337686896 19 10
6.01192781384721 23 36
13.2051130650172 31 70
1.91358353544904 15 4
5.23057508586724 19 36
7.25231013382303 24 46
26.5862799333472 44 106
0 10 0
10.6476732225669 27 64
5.23057508586724 19 36
33.8503326791537 49 116
0 10 0
0 10 0
0 10 0
0 10 0
13.5519343592385 32 72
16.2381803252398 34 85
0 10 0
7.82648285614142 25 51
0.283493857103561 12 1
15.7239314199354 33 71
24.4173431643558 42 98
11.9204894789586 30 61
6.01192781384721 23 36
1.43308443609712 16 15
0 10 0
1.91358353544904 15 4
10.6476732225669 27 64
0 10 0
21.9851785027673 40 100
3.12398362186697 18 28
0 10 0
8.76684155383755 26 57
19.5012352828448 38 89
0 10 0
0 10 0
5.23057508586724 19 36
0 10 0
10.3944640546511 28 58
17.8201752298988 33 56
0 10 0
0.700690348793493 14 6
1.74978344196222 16 7
22.9630024253885 37 56
0 10 0
0 10 0
6.5436483770895 22 39
0.467958547578585 13 3
14.5732869782422 33 79
5.23057508586724 19 36
0 10 0
7.94947377015548 27 46
10.6476732225669 27 64
18.6290327121427 35 55
3.12398362186697 18 28
0 10 0
0 10 0
3.12398362186697 18 28
20.9144646107515 38 83
0 10 0
0 10 0
1.43308443609712 16 15
7.74548893483389 25 49
1.88057403773076 17 11
3.69512908002497 19 16
5.23057508586724 19 36
0 10 0
7.25231013382303 24 46
28.6380444569986 44 99
0 10 0
0 10 0
0 10 0
8.88054225218476 26 31
10.5737359845994 29 57
0 10 0
0 10 0
11.0210622963848 30 59
3.12398362186697 18 28
5.23057508586724 19 36
15.6702378935924 32 68
10.1059344366644 28 46
10.6476732225669 27 64
17.379529897426 34 61
17.4585300448375 36 74
6.99931413587612 24 28
7.74548893483389 25 49
12.5096523367732 30 47
0 10 0
16.2381803252398 34 85
4.74080318751651 21 25
3.12398362186697 18 28
0 10 0
21.3532853073448 39 81
5.1603726844599 23 38
5.23057508586724 19 36
12.8087576481851 30 67
0 10 0
0 10 0
0 10 0
3.12398362186697 18 28
0 10 0
5.23057508586724 19 36
0.283493857103561 12 1
1.74978344196222 16 7
0 10 0
10.6476732225669 27 64
5.23057508586724 19 36
0 10 0
1.00726529636431 15 10
10.6476732225669 27 64
0 10 0
17.9533174636558 36 80
0 10 0
0.283493857103561 12 1
10.1059344366644 28 46
6.85259938461243 23 42
7.25231013382303 24 46
4.63044122822433 22 34
0 10 0
6.01192781384721 23 36
8.76684155383755 26 57
16.2381803252398 34 85
6.28062837900799 21 37
0 10 0
5.23057508586724 19 36
5.23057508586724 19 36
2.06850220905696 17 21
23.5222220763363 41 88
16.2381803252398 34 85
0 10 0
5.23057508586724 19 36
13.2051130650172 31 70
5.23057508586724 19 36
0 10 0
0 10 0
0 10 0
26.5953392189913 42 86
5.23057508586724 19 36
5.23057508586724 19 36
0 10 0
0 10 0
5.23057508586724 19 36
13.9517075490039 32 60
0 10 0
22.2581427967312 39 83
0 10 0
14.2337770926326 31 55
0 10 0
0 10 0
23.3959905453522 41 92
0 10 0
0 10 0
8.18209917240418 25 31
7.25231013382303 24 46
18.8717593727442 36 68
17.9533174636558 36 80
0 10 0
3.12398362186697 18 28
6.22240581447169 24 35
10.6476732225669 27 64
5.23057508586724 19 36
0 10 0
0 10 0
0 10 0
0 10 0
10.6476732225669 27 64
16.2381803252398 34 85
0 10 0
13.2051130650172 31 70
0 10 0
5.23057508586724 19 36
0 10 0
5.23057508586724 19 36
0 10 0
5.23057508586724 19 36
0 10 0
4.74080318751651 21 25
16.1429640763497 35 70
3.12398362186697 18 28
0 10 0
12.5305817402349 31 64
6.21564113105994 23 32
14.5732869782422 33 79
17.6076800931391 34 53
16.1387624213616 34 67
14.9730601680075 33 64
6.01192781384721 23 36
10.3944640546511 28 58
10.6476732225669 27 64
0 10 0
0 10 0
5.23057508586724 19 36
0 10 0
10.6476732225669 27 64
11.115799887706 29 43
16.2381803252398 34 85
8.06015389027753 26 39
16.2381803252398 34 85
10.6476732225669 27 64
10.6476732225669 27 64
7.74548893483389 25 49
6.28062837900799 21 37
2.6656172595938 19 18
0 10 0
14.5732869782422 33 79
0 10 0
0 10 0
0 10 0
3.12398362186697 18 28
0 10 0
10.6476732225669 27 64
32.7234549330132 48 113
10.6476732225669 27 64
6.01192781384721 23 36
2.77113606096587 17 9
2.06850220905696 17 21
6.28062837900799 21 37
7.25231013382303 24 46
0 10 0
16.2381803252398 34 85
0 10 0
4.92064337686896 19 10
7.82648285614142 25 51
5.23057508586724 19 36
10.6476732225669 27 64
35.8075983524723 48 105
13.5519343592385 32 72
9.35529728441752 24 20
1.43308443609712 16 15
3.12398362186697 18 28
14.5732869782422 33 79
6.28062837900799 21 37
0 10 0
10.6476732225669 27 64
0 10 0
5.23057508586724 19 36
0 10 0
5.23057508586724 19 36
3.12398362186697 18 28
1.00726529636431 15 10
1.00726529636431 15 10
16.2381803252398 34 85
13.5519343592385 32 72
10.6476732225669 27 64
0 10 0
5.23057508586724 19 36
8.18209917240418 25 31
15.6702378935924 32 68
0 10 0
5.23057508586724 19 36
13.4568687712282 31 61
5.23057508586724 19 36
0 10 0
0 10 0
3.12398362186697 18 28
12.0424149153884 31 67
0 10 0
0 10 0
12.5305817402349 31 64
21.9851785027673 40 100
10.6476732225669 27 64
0 10 0
0 10 0
5.23057508586724 19 36
0.283493857103561 12 1
1.00726529636431 15 10
0 10 0
18.4798826638412 37 82
0 10 0
0 10 0
33.8503326791537 49 116
1.00726529636431 15 10
5.23057508586724 19 36
10.6476732225669 27 64
17.4585300448375 36 74
0 10 0
0.700690348793493 14 6
0 10 0
0.467958547578585 13 3
0 10 0
0 10 0
5.23057508586724 19 36
1.91358353544904 15 4
16.2381803252398 34 85
8.75918094230517 27 42
5.23057508586724 19 36
32.0357776368595 47 111
0 10 0
0 10 0
0 10 0
18.4798826638412 37 82
5.23057508586724 19 36
2.06850220905696 17 21
0 10 0
1.00726529636431 15 10
24.0726978390254 41 94
0 10 0
0 10 0
5.23057508586724 19 36
7.82648285614142 25 51
0.700690348793493 14 6
3.12398362186697 18 28
1.43308443609712 16 15
0 10 0
0 10 0
0 10 0
3.67862433116584 21 27
7.74548893483389 25 49
12.0424149153884 31 67
1.91358353544904 15 4
10.6476732225669 27 64
12.1910718546253 29 50
2.77113606096587 17 9
11.0210622963848 30 59
4.74080318751651 21 25
12.5305817402349 31 64
2.06850220905696 17 21
0 10 0
5.47246442000651 21 17
12.0424149153884 31 67
5.23057508586724 19 36
4.46134563243225 22 31
0 10 0
3.12398362186697 18 28
5.23057508586724 19 36
5.23057508586724 19 36
2.06850220905696 17 21
7.82648285614142 25 51
5.23057508586724 19 36
2.22929624120999 18 16
5.1603726844599 23 38
6.28062837900799 21 37
0 10 0
0 10 0
5.23057508586724 19 36
6.02483758053329 24 43
14.5732869782422 33 79
0 10 0
0.283493857103561 12 1
0 10 0
0.283493857103561 12 1
3.69512908002497 19 16
0 10 0
2.22929624120999 18 16
0 10 0
7.82648285614142 25 51
0 10 0
3.69512908002497 19 16
13.9517075490039 32 60
0 10 0
15.9683757175347 34 73
10.6476732225669 27 64
6.28062837900799 21 37
5.23057508586724 19 36
16.2381803252398 34 85
0.283493857103561 12 1
0 10 0
8.76684155383755 26 57
0.283493857103561 12 1
0 10 0
8.76684155383755 26 57
7.25231013382303 24 46
6.49381703901017 22 19
7.74548893483389 25 49
0 10 0
3.12398362186697 18 28
0 10 0
0 10 0
0 10 0
10.6476732225669 27 64
3.12398362186697 18 28
7.25231013382303 24 46
5.23057508586724 19 36
0 10 0
0 10 0
4.74080318751651 21 25
0 10 0
5.23057508586724 19 36
0 10 0
0 10 0
2.06850220905696 17 21
0.700690348793493 14 6
0 10 0
0 10 0
1.00726529636431 15 10
21.9851785027673 40 100
5.23057508586724 19 36
28.4066675522711 43 95
5.23057508586724 19 36
5.23057508586724 19 36
10.6476732225669 27 64
10.1059344366644 28 46
0 10 0
13.9517075490039 32 60
10.6476732225669 27 64
10.6476732225669 27 64
3.12398362186697 18 28
0 10 0
5.47246442000651 21 17
0.700690348793493 14 6
0.467958547578585 13 3
10.6476732225669 27 64
7.74548893483389 25 49
5.23057508586724 19 36
0 10 0
18.2892274503339 36 66
7.74548893483389 25 49
7.82648285614142 25 51
0 10 0
3.12398362186697 18 28
7.82648285614142 25 51
21.9851785027673 40 100
18.4798826638412 37 82
5.23057508586724 19 36
7.74548893483389 25 49
3.12398362186697 18 28
0 10 0
0 10 0
0.467958547578585 13 3
7.74548893483389 25 49
0 10 0
11.9204894789586 30 61
4.92064337686896 19 10
0 10 0
2.06850220905696 17 21
10.6476732225669 27 64
5.23057508586724 19 36
0 10 0
0 10 0
1.00726529636431 15 10
0 10 0
0 10 0
5.23057508586724 19 36
8.62993472459397 25 43
0.467958547578585 13 3
9.99970967738109 29 53
17.6076800931391 34 53
21.9851785027673 40 100
5.23057508586724 19 36
3.69512908002497 19 16
22.2581427967312 39 83
4.74080318751651 21 25
20.3319326883412 38 76
22.2581427967312 39 83
13.2051130650172 31 70
12.8087576481851 30 67
16.2381803252398 34 85
6.28062837900799 21 37
2.49577892041912 18 13
13.7350445212528 32 74
0 10 0
0 10 0
0 10 0
12.0424149153884 31 67
27.8662030151249 45 110
5.23057508586724 19 36
8.76684155383755 26 57
6.28062837900799 21 37
13.5519343592385 32 72
0 10 0
5.23057508586724 19 36
25.5739865999876 41 82
12.4355161522245 30 53
0 10 0
8.18209917240418 25 31
0.283493857103561 12 1
18.8717593727442 36 68
0 10 0
0 10 0
3.19554871582937 20 24
10.6476732225669 27 64
0 10 0
9.87470893257174 28 54
5.23057508586724 19 36
26.5862799333472 44 106
8.87905107641649 26 47
19.76787250595 38 91
3.12398362186697 18 28
7.25231013382303 24 46
0 10 0
10.6476732225669 27 64
0 10 0
5.23057508586724 19 36
3.19554871582937 20 24
7.94947377015548 27 46
12.4656680091162 29 65
4.92064337686896 19 10
13.7350445212528 32 74
0.283493857103561 12 1
16.2381803252398 34 85
6.01192781384721 23 36
0 10 0
5.23057508586724 19 36
10.6476732225669 27 64
6.5436483770895 22 39
2.06850220905696 17 21
21.9851785027673 40 100
16.9897283365383 35 80
7.74548893483389 25 49
0 10 0
7.82648285614142 25 51
0.467958547578585 13 3
16.2381803252398 34 85
0 10 0
6.01192781384721 23 36
3.12398362186697 18 28
0 10 0
8.18209917240418 25 31
6.85259938461243 23 42
0.700690348793493 14 6
11.0210622963848 30 59
3.19554871582937 20 24
5.23057508586724 19 36
9.99970967738109 29 53
0 10 0
5.23057508586724 19 36
1.00726529636431 15 10
0 10 0
5.23057508586724 19 36
0 10 0
3.69512908002497 19 16
10.6476732225669 27 64
0 10 0
15.6702378935924 32 68
0 10 0
9.87470893257174 28 54
5.23057508586724 19 36
0.283493857103561 12 1
8.76684155383755 26 57
5.23057508586724 19 36
6.49381703901017 22 19
6.02483758053329 24 43
6.21564113105994 23 32
2.06850220905696 17 21
0 10 0
3.12398362186697 18 28
0.467958547578585 13 3
0 10 0
0 10 0
14.5732869782422 33 79
5.97796151687246 23 24
21.9851785027673 40 100
0 10 0
7.82648285614142 25 51
0 10 0
9.65128734359762 26 45
7.59442749035785 25 37
4.74080318751651 21 25
10.6476732225669 27 64
20.9144646107515 38 83
5.08292054405134 22 25
0 10 0
14.3284090340555 33 68
0 10 0
7.74548893483389 25 49
10.6476732225669 27 64
5.23057508586724 19 36
0 10 0
0 10 0
10.6476732225669 27 64
5.23057508586724 19 36
10.6476732225669 27 64
0 10 0
0 10 0
3.67862433116584 21 27
0 10 0
3.36464431162144 20 21
12.8087576481851 30 67
5.23057508586724 19 36
0 10 0
10.6476732225669 27 64
8.62993472459397 25 43
10.6476732225669 27 64
1.00726529636431 15 10
0 10 0
2.06850220905696 17 21
2.77113606096587 17 9
18.8277081981799 36 86
0 10 0
19.5012352828448 38 89
15.2426492881558 32 48
0.467958547578585 13 3
10.6476732225669 27 64
2.06850220905696 17 21
3.12398362186697 18 28
5.23057508586724 19 36
0 10 0
1.91358353544904 15 4
9.92400920591798 27 38
21.3532853073448 39 86
10.6476732225669 27 64
5.23057508586724 19 36
0 10 0
5.23057508586724 19 36
0 10 0
10.6476732225669 27 64
10.1059344366644 28 46
0 10 0
13.5519343592385 32 72
5.23057508586724 19 36
0.700690348793493 14 6
0 10 0
5.23057508586724 19 36
6.01192781384721 23 36
0 10 0
0 10 0
5.23057508586724 19 36
10.6476732225669 27 64
0 10 0
9.35529728441752 24 20
0 10 0
6.5436483770895 22 39
0 10 0
4.45111180100286 20 14
16.2381803252398 34 85
10.6476732225669 27 64
3.12398362186697 18 28
0 10 0
0 10 0
22.3746379263485 40 88
0 10 0
0 10 0
10.6476732225669 27 64
7.74548893483389 25 49
13.5519343592385 32 72
0 10 0
4.46134563243225 22 31
13.5519343592385 32 72
0 10 0
2.06850220905696 17 21
14.5732869782422 33 79
10.6476732225669 27 64
0 10 0
3.67862433116584 21 27
0 10 0
0 10 0
20.5225879018485 39 95
10.6936061187107 28 52
5.23057508586724 19 36
5.23057508586724 19 36
5.1603726844599 23 38
0 10 0
0 10 0
7.25231013382303 24 46
21.9851785027673 40 100
1.88057403773076 17 11
6.28062837900799 21 37
0.283493857103561 12 1
0 10 0
5.23057508586724 19 36
4.74080318751651 21 25
6.5436483770895 22 39
6.5436483770895 22 39
9.3731114356474 27 50
0 10 0
0 10 0
0 10 0
9.77212170172633 28 42
0 10 0
0 10 0
5.23057508586724 19 36
11.0210622963848 30 59
0.467958547578585 13 3
5.23057508586724 19 36
5.23057508586724 19 36
13.7350445212528 32 74
8.76684155383755 26 57
0 10 0
5.23057508586724 19 36
10.6476732225669 27 64
4.63044122822433 22 34
0 10 0
0 10 0
16.2381803252398 34 85
0 10 0
2.06850220905696 17 21
5.23057508586724 19 36
8.76684155383755 26 57
0 10 0
10.6476732225669 27 64
7.25231013382303 24 46
3.12398362186697 18 28
5.23057508586724 19 36
0 10 0
12.1371525067097 30 45
15.6702378935924 32 68
13.7350445212528 32 74
3.12398362186697 18 28
5.23057508586724 19 36
0 10 0
5.23057508586724 19 36
5.23057508586724 19 36
16.2381803252398 34 85
3.12398362186697 18 28
3.12398362186697 18 28
19.2567909852456 37 88
0 10 0
12.5305817402349 31 64
21.9851785027673 40 100
0 10 0
0.467958547578585 13 3
1.00726529636431 15 10
2.06850220905696 17 21
0 10 0
0 10 0
8.76684155383755 26 57
3.12398362186697 18 28
12.8087576481851 30 67
21.9851785027673 40 100
16.2381803252398 34 85
0.700690348793493 14 6
0 10 0
19.2567909852456 37 88
5.23057508586724 19 36
3.97297661871026 20 29
5.23057508586724 19 36
0 10 0
0 10 0
0 10 0
10.6476732225669 27 64
16.2381803252398 34 85
10.6476732225669 27 64
0 10 0
0 10 0
8.43685537532916 27 44
24.0726978390254 41 94
16.2381803252398 34 85
0 10 0
10.6936061187107 28 52
5.23057508586724 19 36
21.9851785027673 40 100
5.23057508586724 19 36
12.0424149153884 31 67
5.23057508586724 19 36
0 10 0
6.28062837900799 21 37
6.02483758053329 24 43
0 10 0
13.7350445212528 32 74
11.272763036627 30 63
5.23057508586724 19 36
0 10 0
13.7350445212528 32 74
0 10 0
0 10 0
0 10 0
2.77113606096587 17 9
25.3546960688184 42 101
0 10 0
10.7766179987855 29 60
25.5739865999876 41 78
0 10 0
16.2381803252398 34 85
19.2567909852456 37 88
10.1059344366644 28 46
11.7222701463261 28 34
0 10 0
0 10 0
14.5732869782422 33 79
5.23057508586724 19 36
0.467958547578585 13 3
8.76684155383755 26 57
7.25231013382303 24 46
5.23057508586724 19 36
7.24375843347535 25 37
17.4585300448375 36 74
0.700690348793493 14 6
19.8931119917478 37 76
10.6476732225669 27 64
7.74548893483389 25 49
5.23057508586724 19 36
0 10 0
7.82648285614142 25 51
18.4798826638412 37 82
5.23057508586724 19 36
0.283493857103561 12 1
0 10 0
10.6476732225669 27 64
14.2337770926326 31 55
10.6476732225669 27 64
5.23057508586724 19 36
22.9630024253885 37 56
10.6476732225669 27 64
6.49381703901017 22 19
5.23057508586724 19 36
0 10 0
0 10 0
1.00726529636431 15 10
0 10 0
1.00726529636431 15 10
5.23057508586724 19 36
0 10 0
8.18209917240418 25 31
6.85259938461243 23 42
0 10 0
8.76684155383755 26 57
12.5305817402349 31 64
12.0424149153884 31 67
17.4585300448375 36 74
0.283493857103561 12 1
0 10 0
0 10 0
22.5008694573326 40 80
9.99970967738109 29 53
9.99970967738109 29 53
8.76684155383755 26 57
5.23057508586724 19 36
0 10 0
3.69512908002497 19 16
8.18209917240418 25 31
13.9517075490039 32 60
0 10 0
0 10 0
7.82648285614142 25 51
2.6656172595938 19 18
8.76684155383755 26 57
24.0726978390254 41 94
10.6476732225669 27 64
10.6476732225669 27 64
13.2124244736289 30 53
7.74548893483389 25 49
5.23057508586724 19 36
14.5732869782422 33 79
10.0944472687023 28 38
0 10 0
16.2381803252398 34 85
8.76684155383755 26 57
6.85259938461243 23 42
0 10 0
0 10 0
0 10 0
5.23057508586724 19 36
7.74548893483389 25 49
12.5305817402349 31 64
5.23057508586724 19 36
5.23057508586724 19 36
2.77113606096587 17 9
7.59442749035785 25 37
4.74080318751651 21 25
0 10 0
1.43308443609712 16 15
8.76684155383755 26 57
2.77113606096587 17 9
0.700690348793493 14 6
10.2514104176234 29 55
21.9851785027673 40 100
0 10 0
12.5305817402349 31 64
10.7009175273224 27 32
7.74548893483389 25 49
2.06850220905696 17 21
0 10 0
0 10 0
12.5305817402349 31 64
11.0210622963848 30 59
6.85259938461243 23 42
22.5008694573326 40 80
8.18209917240418 25 31
5.23057508586724 19 36
7.82648285614142 25 51
11.9204894789586 30 61
0 10 0
5.23057508586724 19 36
18.4798826638412 37 82
7.74548893483389 25 49
0 10 0
21.9851785027673 40 100
0 10 0
0 10 0
14.947023098531 33 65
15.3086682835923 30 35
0 10 0
5.23057508586724 19 36
0 10 0
11.9204894789586 30 61
21.9851785027673 40 100
0 10 0
32.7234549330132 48 113
6.02483758053329 24 43
12.0424149153884 31 67
7.82648285614142 25 51
4.55298908781576 21 19
0 10 0
0 10 0
0 10 0
14.3242073790674 32 52
6.5436483770895 22 39
5.23057508586724 19 36
0 10 0
5.23057508586724 19 36
0 10 0
5.23057508586724 19 36
10.6476732225669 27 64
13.6293819820279 32 58
3.12398362186697 18 28
0 10 0
0 10 0
0 10 0
16.2381803252398 34 85
0 10 0
0.700690348793493 14 6
13.2051130650172 31 70
5.23057508586724 19 36
4.74080318751651 21 25
0 10 0
7.74548893483389 25 49
3.69512908002497 19 16
0 10 0
10.6476732225669 27 64
16.2381803252398 34 85
13.2051130650172 31 70
10.6476732225669 27 64
2.49577892041912 18 13
0 10 0
0 10 0
16.7452840389391 34 73
5.23057508586724 19 36
1.43308443609712 16 15
5.23057508586724 19 36
0 10 0
16.2381803252398 34 85
0 10 0
10.6476732225669 27 64
7.25231013382303 24 46
0 10 0
0.283493857103561 12 1
45.9260048507769 54 120
0 10 0
18.4798826638412 37 82
3.69512908002497 19 16
0 10 0
4.46134563243225 22 31
11.7222701463261 28 34
12.1371525067097 30 45
14.9730601680075 33 64
5.23057508586724 19 36
10.6476732225669 27 64
5.23057508586724 19 36
5.23057508586724 19 36
2.06850220905696 17 21
6.21564113105994 23 32
7.74548893483389 25 49
2.6656172595938 19 18
0 10 0
12.8087576481851 30 67
0 10 0
5.23057508586724 19 36
13.5519343592385 32 72
0 10 0
0 10 0
0.700690348793493 14 6
6.02483758053329 24 43
1.43308443609712 16 15
10.6476732225669 27 64
3.12398362186697 18 28
16.2381803252398 34 85
0 10 0
5.23057508586724 19 36
5.23057508586724 19 36
8.75918094230517 27 42
0.467958547578585 13 3
26.5953392189913 42 89
5.23057508586724 19 36
0 10 0
7.82648285614142 25 51
5.23057508586724 19 36
7.82648285614142 25 51
10.6476732225669 27 64
39.8930088284869 52 119
0 10 0
10.6476732225669 27 64
1.43308443609712 16 15
5.23057508586724 19 36
0 10 0
7.74548893483389 25 49
0 10 0
3.19554871582937 20 24
11.272763036627 30 63
8.18209917240418 25 31
16.7452840389391 34 73
6.49381703901017 22 19
14.5732869782422 33 79
5.23057508586724 19 36
0.700690348793493 14 6
3.69512908002497 19 16
20.3319326883412 38 76
6.28062837900799 21 37
0 10 0
8.76684155383755 26 57
10.6476732225669 27 64
12.5305817402349 31 64
3.12398362186697 18 28
10.6476732225669 27 64
2.06850220905696 17 21
10.6476732225669 27 64
18.4008825164296 35 65
0 10 0
0 10 0
10.1059344366644 28 46
5.1603726844599 23 38
0 10 0
5.23057508586724 19 36
12.5305817402349 31 64
0 10 0
8.76684155383755 26 57
1.00726529636431 15 10
5.23057508586724 19 36
11.272763036627 30 63
27.8662030151249 45 110
20.3316821762053 36 74
0 10 0
0 10 0
10.5737359845994 29 57
8.69315569299259 24 40
0 10 0
0 10 0
1.43308443609712 16 15
0 10 0
7.48820273107458 26 44
3.69512908002497 19 16
3.12398362186697 18 28
0 10 0
1.43308443609712 16 15
3.69512908002497 19 16
0 10 0
0 10 0
5.23057508586724 19 36
5.23057508586724 19 36
9.3731114356474 27 50
16.2381803252398 34 85
0 10 0
0 10 0
9.35529728441752 24 20
5.23057508586724 19 36
0 10 0
0.283493857103561 12 1
7.82648285614142 25 51
6.5436483770895 22 39
7.74548893483389 25 49
20.5225879018485 39 95
8.75918094230517 27 42
1.43308443609712 16 15
14.3242073790674 32 52
5.23057508586724 19 36
5.23057508586724 19 36
0 10 0
13.5519343592385 32 72
0 10 0
0 10 0
19.76787250595 38 91
5.23057508586724 19 36
1.43308443609712 16 15
0 10 0
0 10 0
5.23057508586724 19 36
0 10 0
5.23057508586724 19 36
4.74080318751651 21 25
3.12398362186697 18 28
5.23057508586724 19 36
7.74548893483389 25 49
16.2381803252398 34 85
10.1059344366644 28 46
0 10 0
8.18209917240418 25 31
9.99970967738109 29 53
0 10 0
0 10 0
0.283493857103561 12 1
5.23057508586724 19 36
10.6476732225669 27 64
0 10 0
1.00726529636431 15 10
0 10 0
13.5519343592385 32 72
10.6476732225669 27 64
10.6476732225669 27 64
4.92064337686896 19 10
13.5519343592385 32 72
33.8503326791537 49 116
9.3731114356474 27 50
0 10 0
16.2381803252398 34 85
27.6166918379949 43 83
0 10 0
0 10 0
12.4656680091162 29 65
5.23057508586724 19 36
8.69315569299259 24 40
3.12398362186697 18 28
5.23057508586724 19 36
3.69512908002497 19 16
3.12398362186697 18 28
0 10 0
12.8087576481851 30 67
18.8277081981799 36 86
2.06850220905696 17 21
0.700690348793493 14 6
6.5436483770895 22 39
0 10 0
12.5305817402349 31 64
15.7239314199354 33 71
8.18209917240418 25 31
16.2381803252398 34 85
4.46134563243225 22 31
13.5519343592385 32 72
3.12398362186697 18 28
2.06850220905696 17 21
5.23057508586724 19 36
3.12398362186697 18 28
10.6476732225669 27 64
0 10 0
14.1002588383424 33 59
4.95660889786881 22 22
18.185669314357 37 85
3.12398362186697 18 28
0.283493857103561 12 1
0 10 0
5.23057508586724 19 36
8.76684155383755 26 57
7.82648285614142 25 51
2.06850220905696 17 21
0 10 0
0 10 0
0 10 0
0 10 0
4.74080318751651 21 25
0 10 0
5.23057508586724 19 36
0 10 0
10.6476732225669 27 64
18.4798826638412 37 82
6.01192781384721 23 36
1.43308443609712 16 15
1.91358353544904 15 4
12.5305817402349 31 64
8.06015389027753 26 39
3.69512908002497 19 16
3.69512908002497 19 16
13.7350445212528 32 74
8.18209917240418 25 31
10.1059344366644 28 46
0 10 0
0 10 0
5.22424622897966 23 28
7.82648285614142 25 51
3.12398362186697 18 28
2.6656172595938 19 18
8.87905107641649 26 47
0 10 0
7.25231013382303 24 46
2.06850220905696 17 21
8.76684155383755 26 57
12.5305817402349 31 64
22.3746379263485 40 88
16.2381803252398 34 85
10.6476732225669 27 64
37.8503035904796 50 114
5.23057508586724 19 36
14.1002588383424 33 59
0.467958547578585 13 3
5.23057508586724 19 36
4.46134563243225 22 31
6.55141966610019 25 34
22.5008694573326 40 80
8.76684155383755 26 57
0 10 0
0 10 0
12.5305817402349 31 64
0.283493857103561 12 1
9.99970967738109 29 53
0 10 0
8.76684155383755 26 57
0 10 0
5.23057508586724 19 36
0 10 0
19.2567909852456 37 88
12.0424149153884 31 67
0 10 0
14.5732869782422 33 79
5.23057508586724 19 36
10.3944640546511 28 58
0 10 0
0 10 0
5.23057508586724 19 36
10.6476732225669 27 64
19.5012352828448 38 89
0.283493857103561 12 1
3.69512908002497 19 16
18.185669314357 37 85
0 10 0
5.23057508586724 19 36
5.23057508586724 19 36
17.4585300448375 36 74
2.06850220905696 17 21
0 10 0
2.06850220905696 17 21
3.12398362186697 18 28
3.12398362186697 18 28
30.6807496950059 46 107
6.36754413010997 23 26
3.12398362186697 18 28
3.12398362186697 18 28
17.9533174636558 36 80
0 10 0
7.25044671812783 26 41
0.467958547578585 13 3
0 10 0
4.45111180100286 20 14
5.23057508586724 19 36
5.23057508586724 19 36
9.99970967738109 29 53
16.2381803252398 34 85
5.23057508586724 19 36
5.47246442000651 21 17
6.85259938461243 23 42
5.23057508586724 19 36
4.92064337686896 19 10
5.23057508586724 19 36
5.23057508586724 19 36
5.23057508586724 19 36
0 10 0
6.01192781384721 23 36
0 10 0
14.5732869782422 33 79
3.69512908002497 19 16
21.3532853073448 39 81
0.283493857103561 12 1
5.23057508586724 19 36
5.92327328100731 24 32
0 10 0
3.12398362186697 18 28
0 10 0
0 10 0
3.12398362186697 18 28
3.12398362186697 18 28
0.467958547578585 13 3
0 10 0
10.6476732225669 27 64
0 10 0
0 10 0
0 10 0
0 10 0
0 10 0
0 10 0
16.2381803252398 34 85
10.1059344366644 28 46
0 10 0
1.00726529636431 15 10
10.6476732225669 27 64
10.6476732225669 27 64
5.23057508586724 19 36
0 10 0
5.23057508586724 19 36
5.23057508586724 19 36
0 10 0
18.185669314357 37 85
5.23057508586724 19 36
0 10 0
0 10 0
0 10 0
0 10 0
2.06850220905696 17 21
4.63044122822433 22 34
5.23057508586724 19 36
0 10 0
5.23057508586724 19 36
1.91358353544904 15 4
21.9851785027673 40 100
0 10 0
0 10 0
5.23057508586724 19 36
11.7222701463261 28 34
5.97796151687246 23 24
5.23057508586724 19 36
16.2381803252398 34 85
6.49381703901017 22 19
5.23057508586724 19 36
16.9897283365383 35 80
0 10 0
0 10 0
5.23057508586724 19 36
8.65821228931509 25 25
6.21564113105994 23 32
10.6476732225669 27 64
5.23057508586724 19 36
0 10 0
0 10 0
10.6476732225669 27 64
16.2381803252398 34 85
0 10 0
10.6476732225669 27 64
5.23057508586724 19 36
6.85259938461243 23 42
6.28062837900799 21 37
0 10 0
3.12398362186697 18 28
0 10 0
0.700690348793493 14 6
0 10 0
0 10 0
9.99970967738109 29 53
8.06015389027753 26 39
0 10 0
7.25231013382303 24 46
0 10 0
8.64850082218313 28 49
10.6476732225669 27 64
0 10 0
0 10 0
30.2212225945653 45 104
0 10 0
6.01192781384721 23 36
19.3105800693375 37 71
23.5312813619803 39 69
10.6476732225669 27 64
36.8289509714759 49 110
5.23057508586724 19 36
5.23057508586724 19 36
3.12398362186697 18 28
4.92064337686896 19 10
8.76684155383755 26 57
3.12398362186697 18 28
3.12398362186697 18 28
5.97796151687246 23 24
0 10 0
0 10 0
0 10 0
21.3532853073448 39 81
10.6476732225669 27 64
32.7234549330132 48 113
3.69512908002497 19 16
1.00726529636431 15 10
3.69512908002497 19 16
0 10 0
5.23057508586724 19 36
0 10 0
9.07309464969869 27 35
8.43685537532916 27 44
1.00726529636431 15 10
5.23057508586724 19 36
0 10 0
5.23057508586724 19 36
16.2381803252398 34 85
10.6476732225669 27 64
0 10 0
14.3242073790674 32 62
27.8662030151249 45 110
7.25231013382303 24 46
0 10 0
0 10 0
10.6476732225669 27 64
0 10 0
0 10 0
0 10 0
12.4355161522245 30 53
16.2381803252398 34 85
0 10 0
0 10 0
0 10 0
24.7775574676827 39 71
0 10 0
5.23057508586724 19 36
16.2381803252398 34 85
0 10 0
10.6476732225669 27 64
3.12398362186697 18 28
0 10 0
21.9851785027673 40 100
13.7350445212528 32 74
2.06850220905696 17 21
1.91358353544904 15 4
13.5519343592385 32 72
0 10 0
5.23057508586724 19 36
2.06850220905696 17 21
0 10 0
14.1002588383424 33 59
3.12398362186697 18 28
7.74548893483389 25 49
0 10 0
5.23057508586724 19 36
0 10 0
25.5649273143436 43 101
0 10 0
10.6476732225669 27 64
35.8075983524723 48 105
4.45111180100286 20 14
0 10 0
11.272763036627 30 63
11.9204894789586 30 61
22.3746379263485 40 88
3.12398362186697 18 28
10.6476732225669 27 64
7.82648285614142 25 51
0.283493857103561 12 1
1.91358353544904 15 4
0 10 0
21.3532853073448 39 86
7.74548893483389 25 49
11.9204894789586 30 61
32.7435404954613 45 84
0 10 0
0 10 0
16.1387624213616 34 67
10.7009175273224 27 32
6.28062837900799 21 37
6.85259938461243 23 42
5.23057508586724 19 36
0 10 0
2.06850220905696 17 21
0 10 0
7.24375843347535 25 37
21.9851785027673 40 100
5.23057508586724 19 36
29.6593970760022 45 98
7.74548893483389 25 49
5.23057508586724 19 36
0 10 0
0 10 0
0 10 0
3.12398362186697 18 28
0 10 0
5.23057508586724 19 36
0 10 0
0 10 0
5.23057508586724 19 36
0 10 0
8.43685537532916 27 44
0 10 0
0 10 0
5.23057508586724 19 36
13.5519343592385 32 72
0.283493857103561 12 1
8.76684155383755 26 57
0.283493857103561 12 1
5.97796151687246 23 24
8.76684155383755 26 57
0 10 0
23.3959905453522 41 92
9.99970967738109 29 53
5.23057508586724 19 36
1.91358353544904 15 4
16.2381803252398 34 85
6.55141966610019 25 34
0 10 0
0 10 0
8.18209917240418 25 31
0 10 0
3.12398362186697 18 28
5.23057508586724 19 36
0 10 0
10.6476732225669 27 64
20.3319326883412 38 73
6.01192781384721 23 36
5.23057508586724 19 36
0 10 0
5.23057508586724 19 36
6.02483758053329 24 43
16.1387624213616 34 67
0 10 0
0 10 0
5.23057508586724 19 36
16.1387624213616 34 75
0 10 0
6.5436483770895 22 39
0 10 0
7.74548893483389 25 49
24.0726978390254 41 94
6.49381703901017 22 19
5.23057508586724 19 36
1.00726529636431 15 10
0 10 0
14.5732869782422 33 79
3.12398362186697 18 28
13.5519343592385 32 72
0 10 0
2.06850220905696 17 21
3.12398362186697 18 28
10.7009175273224 27 32
15.6702378935924 32 68
0.283493857103561 12 1
0 10 0
10.6476732225669 27 64
0 10 0
10.6476732225669 27 64
0 10 0
7.82648285614142 25 51
2.22929624120999 18 16
3.12398362186697 18 28
0 10 0
16.2381803252398 34 85
5.97796151687246 23 24
3.12398362186697 18 28
0 10 0
0 10 0
5.23057508586724 19 36
5.23057508586724 19 36
0 10 0
1.74978344196222 16 7
6.24559884798332 24 30
7.74548893483389 25 49
7.25231013382303 24 46
27.8662030151249 45 110
8.76684155383755 26 57
10.6476732225669 27 64
13.2051130650172 31 70
7.74548893483389 25 49
10.6476732225669 27 64
27.8662030151249 45 110
16.7876152103017 35 77
2.06850220905696 17 21
12.5305817402349 31 64
7.74548893483389 25 49
0 10 0
10.6476732225669 27 64
5.23057508586724 19 36
0 10 0
0 10 0
18.8717593727442 36 68
13.2051130650172 31 70
5.23057508586724 19 36
2.6656172595938 19 18
0.467958547578585 13 3
5.23057508586724 19 36
0 10 0
19.3105800693375 37 68
5.23057508586724 19 36
27.8662030151249 45 110
2.06850220905696 17 21
0 10 0
13.5519343592385 32 72
0 10 0
0 10 0
6.28062837900799 21 37
0 10 0
2.06850220905696 17 21
2.77113606096587 17 9
1.43308443609712 16 15
11.0210622963848 30 59
0 10 0
5.23057508586724 19 36
7.74548893483389 25 49
0 10 0
5.23057508586724 19 36
10.6476732225669 27 64
1.00726529636431 15 10
1.43308443609712 16 15
5.23057508586724 19 36
5.23057508586724 19 36
10.6476732225669 27 64
6.85259938461243 23 42
0 10 0
0 10 0
10.6476732225669 27 64
6.01192781384721 23 36
5.23057508586724 19 36
6.01192781384721 23 36
10.6476732225669 27 64
8.65821228931509 25 25
0 10 0
0 10 0
0 10 0
7.25231013382303 24 46
1.91358353544904 15 4
10.6476732225669 27 64
0 10 0
0 10 0
0 10 0
1.43308443609712 16 15
0 10 0
20.4435877544369 37 70
4.63044122822433 22 34
13.5519343592385 32 72
5.23057508586724 19 36
9.40898253265207 27 52
7.82648285614142 25 51
0 10 0
3.69512908002497 19 16
5.23057508586724 19 36
0 10 0
26.5921125099769 41 84
0 10 0
5.23057508586724 19 36
10.6476732225669 27 64
2.06850220905696 17 21
17.4585300448375 36 74
0 10 0
5.23057508586724 19 36
5.23057508586724 19 36
0 10 0
5.23057508586724 19 36
0 10 0
0 10 0
1.88057403773076 17 11
7.25231013382303 24 46
0 10 0
3.12398362186697 18 28
0 10 0
4.46134563243225 22 31
10.6476732225669 27 64
1.43308443609712 16 15
37.8503035904796 50 114
16.2381803252398 34 85
0.283493857103561 12 1
8.06015389027753 26 39
21.3532853073448 39 77
0 10 0
24.7775574676827 39 71
9.3731114356474 27 50
5.23057508586724 19 36
0 10 0
0 10 0
0 10 0
0 10 0
16.1429640763497 35 73
12.8087576481851 30 67
27.8662030151249 45 110
0 10 0
0 10 0
0.467958547578585 13 3
19.8931119917478 37 76
5.23057508586724 19 36
0 10 0
3.12398362186697 18 28
3.12398362186697 18 28
0 10 0
0 10 0
0 10 0
1.74978344196222 16 7
34.7862457334686 47 99
10.6936061187107 28 52
6.28062837900799 21 37
0 10 0
0 10 0
7.74548893483389 25 49
10.1059344366644 28 46
8.75918094230517 27 42
0 10 0
3.12398362186697 18 28
0 10 0
0.283493857103561 12 1
0 10 0
32.0357776368595 47 111
5.23057508586724 19 36
7.74548893483389 25 49
1.00726529636431 15 10
0.700690348793493 14 6
0 10 0
14.5732869782422 33 79
0.700690348793493 14 6
2.06850220905696 17 21
0 10 0
5.23057508586724 19 36
0 10 0
0 10 0
14.5732869782422 33 79
5.23057508586724 19 36
8.76684155383755 26 57
21.3532853073448 39 77
10.6476732225669 27 64
0 10 0
16.2381803252398 34 85
5.23057508586724 19 36
13.4568687712282 31 61
30.2212225945653 45 104
0 10 0
10.6476732225669 27 64
7.82648285614142 25 51
32.7435404954613 45 84
0 10 0
0 10 0
0 10 0
0 10 0
5.23057508586724 19 36
0 10 0
0 10 0
8.76684155383755 26 57
0 10 0
20.3316821762053 36 74
2.06850220905696 17 21
5.23057508586724 19 36
0 10 0
3.97297661871026 20 29
0 10 0
18.8277081981799 36 86
8.76684155383755 26 57
5.23057508586724 19 36
0 10 0
5.23057508586724 19 36
9.65128734359762 26 45
5.23057508586724 19 36
0 10 0
16.2381803252398 34 85
5.23057508586724 19 36
24.7775574676827 39 71
5.23057508586724 19 36
9.65128734359762 26 45
5.23057508586724 19 36
6.01192781384721 23 36
0.700690348793493 14 6
14.5732869782422 33 79
0 10 0
10.7009175273224 27 32
5.23057508586724 19 36
21.9851785027673 40 100
5.23057508586724 19 36
3.12398362186697 18 28
0.700690348793493 14 6
3.12398362186697 18 28
0 10 0
10.6476732225669 27 64
0 10 0
16.1387624213616 34 75
0 10 0
21.3532853073448 39 81
0 10 0
6.28062837900799 21 37
19.76787250595 38 91
10.7009175273224 27 32
0 10 0
2.06850220905696 17 21
5.23057508586724 19 36
0 10 0
7.82648285614142 25 51
10.6476732225669 27 64
7.25231013382303 24 46
0 10 0
12.4656680091162 29 65
9.3731114356474 27 50
11.272763036627 30 63
0 10 0
0 10 0
3.69512908002497 19 16
8.18209917240418 25 31
14.5732869782422 33 79
10.6476732225669 27 64
12.5305817402349 31 64
0 10 0
0 10 0
7.74548893483389 25 49
0 10 0
5.23057508586724 19 36
0 10 0
7.74548893483389 25 49
0 10 0
0 10 0
0 10 0
0 10 0
6.01192781384721 23 36
9.51082108218264 27 49
26.5953392189913 42 89
19.2567909852456 37 88
0 10 0
21.9851785027673 40 100
0 10 0
6.5436483770895 22 39
11.0210622963848 30 59
33.8503326791537 49 116
0.700690348793493 14 6
8.76684155383755 26 57
7.74548893483389 25 49
1.00726529636431 15 10
5.23057508586724 19 36
4.2603082504762 21 31
0 10 0
8.87905107641649 26 47
5.23057508586724 19 36
0 10 0
15.2426492881558 32 48
0 10 0
0 10 0
0 10 0
10.6476732225669 27 64
8.88054225218476 26 31
3.12398362186697 18 28
3.12398362186697 18 28
0.283493857103561 12 1
3.12398362186697 18 28
13.7350445212528 32 74
3.12398362186697 18 28
6.02483758053329 24 43
1.91358353544904 15 4
5.23057508586724 19 36
10.7009175273224 27 32
0 10 0
13.5519343592385 32 72
32.7435404954613 45 84
1.43308443609712 16 15
0 10 0
18.8277081981799 36 86
0.283493857103561 12 1
7.82648285614142 25 51
5.23057508586724 19 36
14.5732869782422 33 79
3.12398362186697 18 28
17.4866422623294 36 82
9.75526537978187 28 52
13.2051130650172 31 70
0 10 0
18.6290327121427 35 55
2.77113606096587 17 9
4.46134563243225 22 31
12.5305817402349 31 64
4.92064337686896 19 10
5.23057508586724 19 36
6.49381703901017 22 19
13.5519343592385 32 72
0 10 0
0 10 0
0 10 0
6.01192781384721 23 36
12.512767589005 28 46
20.3319326883412 38 73
14.3242073790674 32 62
0 10 0
1.74978344196222 16 7
3.12398362186697 18 28
0 10 0
17.4585300448375 36 74
8.18209917240418 25 31
0 10 0
0 10 0
5.23057508586724 19 36
5.23057508586724 19 36
5.23057508586724 19 36
1.43308443609712 16 15
5.23057508586724 19 36
1.43308443609712 16 15
0 10 0
12.5096523367732 30 47
16.2381803252398 34 85
0 10 0
25.3546960688184 42 101
10.6476732225669 27 64
3.12398362186697 18 28
5.23057508586724 19 36
7.74548893483389 25 49
10.6476732225669 27 64
1.00726529636431 15 10
5.23057508586724 19 36
0 10 0
2.06850220905696 17 21
8.69315569299259 24 40
0 10 0
0 10 0
16.2381803252398 34 85
0 10 0
18.8277081981799 36 86
0 10 0
0 10 0
0 10 0
0 10 0
0 10 0
3.12398362186697 18 28
5.23057508586724 19 36
1.88057403773076 17 11
21.9851785027673 40 100
0 10 0
0 10 0
10.6476732225669 27 64
8.76684155383755 26 57
7.82648285614142 25 51
0 10 0
0 10 0
6.28062837900799 21 37
6.85259938461243 23 42
0 10 0
0 10 0
0 10 0
3.67862433116584 21 27
10.6476732225669 27 64
7.74548893483389 25 49
10.6476732225669 27 64
16.4652896433257 35 75
10.6476732225669 27 64
22.3746379263485 40 85
3.97297661871026 20 29
0 10 0
18.2892274503339 36 66
0 10 0
5.23057508586724 19 36
10.6476732225669 27 64
0 10 0
5.23057508586724 19 36
0 10 0
0 10 0
0.467958547578585 13 3
17.8201752298988 33 56
0 10 0
1.43308443609712 16 15
0 10 0
12.4656680091162 29 65
3.12398362186697 18 28
0 10 0
2.22929624120999 18 16
10.6936061187107 28 52
0 10 0
8.18209917240418 25 31
16.2381803252398 34 85
6.28062837900799 21 37
0 10 0
0 10 0
8.69315569299259 24 40
0 10 0
17.1643166953534 36 78
0 10 0
0 10 0
7.74548893483389 25 49
10.6476732225669 27 64
9.75526537978187 28 52
5.23057508586724 19 36
11.9204894789586 30 61
5.23057508586724 19 36
10.6476732225669 27 64
0 10 0
0 10 0
5.23057508586724 19 36
0 10 0
10.6476732225669 27 64
6.24559884798332 24 30
0 10 0
7.59442749035785 25 37
5.23057508586724 19 36
0 10 0
5.23057508586724 19 36
10.6476732225669 27 64
0 10 0
0 10 0
7.82648285614142 25 51
0 10 0
10.6476732225669 27 64
0 10 0
0 10 0
10.5737359845994 29 57
20.5225879018485 39 95
17.8201752298988 33 56
10.6476732225669 27 64
21.9851785027673 40 100
12.512767589005 28 46
5.97796151687246 23 24
0 10 0
16.2381803252398 34 85
0 10 0
0.283493857103561 12 1
13.5519343592385 32 72
0 10 0
4.92064337686896 19 10
5.23057508586724 19 36
0 10 0
8.76684155383755 26 57
0 10 0
5.23057508586724 19 36
2.85445750925975 19 22
0 10 0
0 10 0
16.7876152103017 35 77
6.01192781384721 23 36
3.12398362186697 18 28
0 10 0
14.2337770926326 31 55
3.12398362186697 18 28
5.23057508586724 19 36
5.23057508586724 19 36
0 10 0
1.43308443609712 16 15
16.2381803252398 34 85
10.6476732225669 27 64
16.9897283365383 35 80
5.23057508586724 19 36
7.25231013382303 24 46
3.12398362186697 18 28
6.02483758053329 24 43
10.6476732225669 27 64
6.85259938461243 23 42
2.06850220905696 17 21
7.82648285614142 25 51
19.2567909852456 37 88
24.4173431643558 42 98
2.06850220905696 17 21
5.23057508586724 19 36
14.5732869782422 33 79
12.0424149153884 31 67
15.1216114573461 34 65
0.283493857103561 12 1
16.9897283365383 35 80
6.01192781384721 23 36
12.4656680091162 29 65
0 10 0
0 10 0
5.23057508586724 19 36
8.76684155383755 26 57
10.6476732225669 27 64
14.5732869782422 33 79
5.92327328100731 24 32
10.6476732225669 27 64
10.1059344366644 28 46
5.23057508586724 19 36
6.21564113105994 23 32
0 10 0
16.1387624213616 34 67
0 10 0
0 10 0
4.63044122822433 22 34
7.82648285614142 25 51
10.2514104176234 29 55
5.23057508586724 19 36
10.6476732225669 27 64
10.6476732225669 27 64
3.12398362186697 18 28
0 10 0
0 10 0
20.5225879018485 39 95
0 10 0
0 10 0
6.01192781384721 23 36
17.379529897426 34 61
24.0726978390254 41 94
5.1603726844599 23 38
5.23057508586724 19 36
3.12398362186697 18 28
3.67862433116584 21 27
10.6476732225669 27 64
5.23057508586724 19 36
5.23057508586724 19 36
0 10 0
5.23057508586724 19 36
1.43308443609712 16 15
33.8503326791537 49 116
5.1603726844599 23 38
0 10 0
0 10 0
12.4355161522245 30 53
0 10 0
5.23057508586724 19 36
1.00726529636431 15 10
0 10 0
5.23057508586724 19 36
5.23057508586724 19 36
12.8087576481851 30 67
0 10 0
18.6290327121427 35 55
11.272763036627 30 63
12.5305817402349 31 64
1.00726529636431 15 10
0 10 0
0 10 0
17.4585300448375 36 74
0.467958547578585 13 3
0.283493857103561 12 1
13.5519343592385 32 72
14.947023098531 33 65
9.35529728441752 24 20
0 10 0
1.74978344196222 16 7
2.06850220905696 17 21
0 10 0
5.23057508586724 19 36
1.91358353544904 15 4
1.00726529636431 15 10
0.700690348793493 14 6
27.8662030151249 45 110
5.23057508586724 19 36
0 10 0
5.23057508586724 19 36
0 10 0
5.23057508586724 19 36
6.5436483770895 22 39
5.23057508586724 19 36
7.82648285614142 25 51
14.5732869782422 33 79
5.23057508586724 19 36
0 10 0
5.23057508586724 19 36
1.00726529636431 15 10
16.1387624213616 34 67
8.76684155383755 26 57
3.12398362186697 18 28
