"COLLES.MDM.LN" "SACKIN" "COPHENETIC"
12.512767589005 28 46
0 10 0
13.5519343592385 32 72
30.6807496950059 46 104
0 10 0
2.06850220905696 17 21
8.69315569299259 24 40
0 10 0
0 10 0
14.5732869782422 33 79
0.467958547578585 13 3
25.3546960688184 42 101
5.23057508586724 19 36
5.23057508586724 19 36
0 10 0
0 10 0
7.25231013382303 24 46
0 10 0
6.01192781384721 23 36
0 10 0
1.00726529636431 15 10
0 10 0
0 10 0
0 10 0
0 10 0
0 10 0
10.6476732225669 27 64
0 10 0
0 10 0
0 10 0
0 10 0
21.9851785027673 40 100
0 10 0
3.12398362186697 18 28
2.06850220905696 17 21
15.4439370243221 34 67
2.77113606096587 17 9
3.12398362186697 18 28
0 10 0
0 10 0
0.700690348793493 14 6
0 10 0
3.69512908002497 19 16
0 10 0
0 10 0
0 10 0
0 10 0
6.5436483770895 22 39
0 10 0
0 10 0
0 10 0
5.23057508586724 19 36
9.99970967738109 29 53
10.6476732225669 27 64
0 10 0
1.00726529636431 15 10
3.12398362186697 18 28
5.97796151687246 23 24
0 10 0
0 10 0
0 10 0
5.23057508586724 19 36
1.00726529636431 15 10
2.06850220905696 17 21
0.467958547578585 13 3
2.06850220905696 17 21
11.7222701463261 28 34
0.283493857103561 12 1
12.8087576481851 30 67
8.76684155383755 26 57
0 10 0
3.12398362186697 18 28
5.23057508586724 19 36
9.99970967738109 29 53
0 10 0
0 10 0
5.23057508586724 19 36
10.6476732225669 27 64
2.06850220905696 17 21
3.12398362186697 18 28
0 10 0
3.12398362186697 18 28
7.25231013382303 24 46
5.23057508586724 19 36
12.5305817402349 31 64
20.3316821762053 36 74
1.43308443609712 16 15
13.5519343592385 32 72
0 10 0
7.82648285614142 25 51
2.06850220905696 17 21
0 10 0
0 10 0
6.5436483770895 22 39
21.3532853073448 39 81
0 10 0
3.36464431162144 20 21
1.43308443609712 16 15
0 10 0
0.700690348793493 14 6
0.700690348793493 14 6
10.6476732225669 27 64
19.2567909852456 37 88
0 10 0
0 10 0
0 10 0
2.85445750925975 19 22
1.00726529636431 15 10
3.12398362186697 18 28
0 10 0
0 10 0
16.2381803252398 34 85
2.06850220905696 17 21
12.5305817402349 31 64
0 10 0
3.12398362186697 18 28
0 10 0
3.12398362186697 18 28
0 10 0
0 10 0
0 10 0
13.2124244736289 30 53
1.43308443609712 16 15
5.23057508586724 19 36
0 10 0
14.5732869782422 33 79
7.73782832330152 26 37
0 10 0
0 10 0
0 10 0
5.23057508586724 19 36
8.76684155383755 26 57
0 10 0
5.23057508586724 19 36
0 10 0
6.02483758053329 24 43
10.7766179987855 29 60
1.43308443609712 16 15
12.8087576481851 30 67
12.0424149153884 31 67
1.43308443609712 16 15
0.700690348793493 14 6
19.2567909852456 37 88
5.23057508586724 19 36
0.467958547578585 13 3
11.9204894789586 30 61
0 10 0
3.12398362186697 18 28
0 10 0
5.23057508586724 19 36
5.23057508586724 19 36
0 10 0
0 10 0
8.76684155383755 26 57
0 10 0
20.6863144150384 38 75
0 10 0
0 10 0
5.23057508586724 19 36
1.43308443609712 16 15
9.51082108218264 27 49
0.283493857103561 12 1
9.99970967738109 29 53
0 10 0
0 10 0
0 10 0
16.2381803252398 34 85
2.06850220905696 17 21
13.5519343592385 32 72
1.00726529636431 15 10
10.6476732225669 27 64
8.06015389027753 26 39
9.75526537978187 28 52
4.55298908781576 21 19
0 10 0
0 10 0
0 10 0
3.12398362186697 18 28
0 10 0
0 10 0
0 10 0
5.23057508586724 19 36
1.00726529636431 15 10
0 10 0
0 10 0
33.764893114465 46 92
16.2381803252398 34 85
3.12398362186697 18 28
8.76684155383755 26 57
0 10 0
2.6656172595938 19 18
9.99970967738109 29 53
0 10 0
5.23057508586724 19 36
0 10 0
0 10 0
0 10 0
33.764893114465 46 92
7.74548893483389 25 49
0 10 0
0 10 0
3.12398362186697 18 28
10.6476732225669 27 64
7.74548893483389 25 49
0 10 0
0 10 0
0 10 0
0 10 0
3.12398362186697 18 28
6.01192781384721 23 36
10.6936061187107 28 52
3.12398362186697 18 28
0 10 0
10.6476732225669 27 64
13.5519343592385 32 72
0.467958547578585 13 3
5.23057508586724 19 36
0 10 0
0 10 0
1.00726529636431 15 10
0 10 0
10.6476732225669 27 64
5.23057508586724 19 36
0 10 0
18.4798826638412 37 82
0 10 0
0 10 0
8.87905107641649 26 47
3.12398362186697 18 28
2.06850220905696 17 21
2.06850220905696 17 21
13.5519343592385 32 72
0 10 0
16.2381803252398 34 85
2.85445750925975 19 22
20.5225879018485 39 95
0 10 0
0 10 0
0 10 0
6.5436483770895 22 39
4.74080318751651 21 25
1.43308443609712 16 15
0 10 0
0 10 0
0 10 0
0 10 0
21.9851785027673 40 100
8.76684155383755 26 57
3.12398362186697 18 28
3.12398362186697 18 28
0.283493857103561 12 1
10.6476732225669 27 64
6.28062837900799 21 37
0 10 0
0 10 0
0 10 0
0 10 0
0 10 0
6.5436483770895 22 39
3.97297661871026 20 29
0 10 0
0 10 0
3.67862433116584 21 27
8.76684155383755 26 57
12.5096523367732 30 55
7.25231013382303 24 46
9.51082108218264 27 49
5.23057508586724 19 36
3.12398362186697 18 28
0 10 0
0 10 0
0 10 0
5.23057508586724 19 36
19.5012352828448 38 89
5.23057508586724 19 36
6.01192781384721 23 36
16.2381803252398 34 85
5.23057508586724 19 36
2.49577892041912 18 13
17.1643166953534 36 78
2.49577892041912 18 13
5.23057508586724 19 36
5.23057508586724 19 36
0 10 0
1.00726529636431 15 10
1.00726529636431 15 10
0 10 0
4.2603082504762 21 31
0 10 0
0.467958547578585 13 3
5.23057508586724 19 36
0 10 0
0 10 0
0 10 0
8.76684155383755 26 57
0 10 0
0 10 0
0 10 0
3.12398362186697 18 28
16.2381803252398 34 85
0 10 0
20.2154375587238 37 78
0.283493857103561 12 1
0 10 0
0 10 0
1.91358353544904 15 4
0 10 0
1.43308443609712 16 15
7.74548893483389 25 49
0 10 0
5.23057508586724 19 36
0 10 0
0 10 0
2.85445750925975 19 22
0 10 0
16.2381803252398 34 85
0 10 0
0 10 0
15.4439370243221 34 67
10.6476732225669 27 64
3.12398362186697 18 28
0 10 0
2.77113606096587 17 9
0 10 0
0 10 0
10.6476732225669 27 64
0 10 0
0.700690348793493 14 6
0 10 0
10.6476732225669 27 64
0 10 0
33.764893114465 46 92
2.6656172595938 19 18
0 10 0
0 10 0
1.00726529636431 15 10
5.23057508586724 19 36
5.23057508586724 19 36
0.467958547578585 13 3
13.5519343592385 32 72
10.6476732225669 27 64
0 10 0
2.22929624120999 18 16
0 10 0
10.6476732225669 27 64
0 10 0
5.23057508586724 19 36
3.97297661871026 20 29
0 10 0
3.12398362186697 18 28
39.8930088284869 52 119
12.4355161522245 30 53
0.283493857103561 12 1
0 10 0
3.12398362186697 18 28
0 10 0
1.00726529636431 15 10
0 10 0
0 10 0
19.5012352828448 38 89
8.76684155383755 26 57
0 10 0
0 10 0
5.1603726844599 23 38
0.700690348793493 14 6
0 10 0
0 10 0
7.82648285614142 25 51
1.43308443609712 16 15
0 10 0
0 10 0
7.74548893483389 25 49
1.00726529636431 15 10
0 10 0
0.467958547578585 13 3
0 10 0
3.12398362186697 18 28
16.2381803252398 34 85
10.6476732225669 27 64
0 10 0
0.700690348793493 14 6
5.23057508586724 19 36
0 10 0
7.25231013382303 24 46
0 10 0
0 10 0
0 10 0
10.7766179987855 29 60
3.12398362186697 18 28
0 10 0
0 10 0
0 10 0
0.700690348793493 14 6
3.12398362186697 18 28
0 10 0
6.85259938461243 23 42
0 10 0
0 10 0
0 10 0
0 10 0
0 10 0
3.12398362186697 18 28
0 10 0
0 10 0
0 10 0
0 10 0
2.06850220905696 17 21
8.76684155383755 26 57
3.12398362186697 18 28
2.06850220905696 17 21
4.46134563243225 22 31
0 10 0
10.3944640546511 28 58
0 10 0
0 10 0
5.23057508586724 19 36
23.3959905453522 41 92
5.23057508586724 19 36
0 10 0
21.9851785027673 40 100
5.23057508586724 19 36
0 10 0
7.74548893483389 25 49
14.5732869782422 33 79
0 10 0
5.23057508586724 19 36
0.467958547578585 13 3
0 10 0
4.63044122822433 22 34
9.3731114356474 27 50
0 10 0
0 10 0
2.06850220905696 17 21
6.28062837900799 21 37
2.06850220905696 17 21
10.2514104176234 29 55
7.82648285614142 25 51
0 10 0
0 10 0
13.2051130650172 31 70
10.6476732225669 27 64
4.2603082504762 21 31
2.06850220905696 17 21
12.4656680091162 29 65
0 10 0
3.12398362186697 18 28
0 10 0
0 10 0
1.74978344196222 16 7
0 10 0
6.85259938461243 23 42
5.23057508586724 19 36
5.1603726844599 23 38
5.23057508586724 19 36
0 10 0
0 10 0
4.74080318751651 21 25
0 10 0
0 10 0
1.00726529636431 15 10
0 10 0
0 10 0
0 10 0
0 10 0
2.06850220905696 17 21
3.12398362186697 18 28
16.2381803252398 34 85
5.23057508586724 19 36
0 10 0
0 10 0
5.23057508586724 19 36
0 10 0
0 10 0
10.6476732225669 27 64
0 10 0
9.99970967738109 29 53
6.02483758053329 24 43
4.74080318751651 21 25
21.9851785027673 40 100
0.700690348793493 14 6
0 10 0
7.82648285614142 25 51
5.23057508586724 19 36
4.2603082504762 21 31
1.00726529636431 15 10
2.22929624120999 18 16
0 10 0
5.23057508586724 19 36
0 10 0
1.91358353544904 15 4
11.9204894789586 30 61
0 10 0
0 10 0
0.467958547578585 13 3
2.06850220905696 17 21
5.23057508586724 19 36
11.8148269397336 30 47
12.5305817402349 31 64
0 10 0
5.23057508586724 19 36
5.23057508586724 19 36
8.18209917240418 25 31
0 10 0
7.74548893483389 25 49
6.01192781384721 23 36
0 10 0
5.23057508586724 19 36
0.467958547578585 13 3
13.5519343592385 32 72
5.23057508586724 19 36
1.43308443609712 16 15
0 10 0
5.23057508586724 19 36
10.6476732225669 27 64
6.01192781384721 23 36
0.700690348793493 14 6
7.74548893483389 25 49
0 10 0
0 10 0
3.12398362186697 18 28
5.23057508586724 19 36
0 10 0
0 10 0
0 10 0
6.21564113105994 23 32
0 10 0
5.23057508586724 19 36
0 10 0
0 10 0
2.06850220905696 17 21
3.12398362186697 18 28
6.49381703901017 22 19
0 10 0
0 10 0
3.12398362186697 18 28
0 10 0
0 10 0
1.43308443609712 16 15
0 10 0
10.6476732225669 27 64
0 10 0
1.43308443609712 16 15
0.283493857103561 12 1
10.6476732225669 27 64
0 10 0
3.12398362186697 18 28
16.2381803252398 34 85
0 10 0
0 10 0
0 10 0
0 10 0
0.467958547578585 13 3
0 10 0
0.467958547578585 13 3
5.23057508586724 19 36
1.00726529636431 15 10
0 10 0
5.23057508586724 19 36
0 10 0
6.85259938461243 23 42
9.40898253265207 27 52
5.23057508586724 19 36
20.5225879018485 39 95
29.6593970760022 45 98
0 10 0
10.6476732225669 27 64
10.6476732225669 27 64
0 10 0
13.7350445212528 32 74
0 10 0
0.700690348793493 14 6
7.82648285614142 25 51
2.77113606096587 17 9
1.91358353544904 15 4
5.23057508586724 19 36
2.06850220905696 17 21
0 10 0
5.23057508586724 19 36
10.6476732225669 27 64
30.6807496950059 46 104
0 10 0
10.6476732225669 27 64
0 10 0
0 10 0
16.2381803252398 34 85
0.283493857103561 12 1
0 10 0
5.23057508586724 19 36
0 10 0
1.43308443609712 16 15
12.5305817402349 31 64
10.6476732225669 27 64
0 10 0
0 10 0
0 10 0
0 10 0
2.77113606096587 17 9
0 10 0
0 10 0
0 10 0
8.76684155383755 26 57
0 10 0
1.00726529636431 15 10
4.74080318751651 21 25
0 10 0
7.82648285614142 25 51
6.36754413010997 23 26
12.5305817402349 31 64
0 10 0
5.23057508586724 19 36
0.283493857103561 12 1
21.9851785027673 40 100
3.36464431162144 20 21
7.74548893483389 25 49
3.12398362186697 18 28
14.5732869782422 33 79
5.23057508586724 19 36
0 10 0
1.91358353544904 15 4
14.5732869782422 33 79
6.5436483770895 22 39
0 10 0
0 10 0
0 10 0
0 10 0
4.74080318751651 21 25
1.91358353544904 15 4
0 10 0
2.06850220905696 17 21
3.12398362186697 18 28
0 10 0
3.12398362186697 18 28
0 10 0
5.1603726844599 23 38
10.6476732225669 27 64
3.12398362186697 18 28
5.23057508586724 19 36
9.75526537978187 28 52
0 10 0
2.06850220905696 17 21
0 10 0
0 10 0
6.01192781384721 23 36
12.0424149153884 31 67
0 10 0
7.82648285614142 25 51
14.5732869782422 33 79
6.49381703901017 22 19
0 10 0
6.01192781384721 23 36
1.43308443609712 16 15
0 10 0
0 10 0
0 10 0
26.5862799333472 44 106
8.43685537532916 27 44
0 10 0
0 10 0
18.4008825164296 35 65
0 10 0
0 10 0
0 10 0
0 10 0
10.6476732225669 27 64
0 10 0
7.74548893483389 25 49
0 10 0
0 10 0
11.0210622963848 30 59
0 10 0
5.23057508586724 19 36
10.1059344366644 28 46
0 10 0
0 10 0
16.2381803252398 34 85
7.82648285614142 25 51
6.49381703901017 22 19
0 10 0
1.91358353544904 15 4
0 10 0
0 10 0
3.12398362186697 18 28
10.6476732225669 27 64
0 10 0
10.6476732225669 27 64
3.12398362186697 18 28
0 10 0
7.74548893483389 25 49
5.23057508586724 19 36
12.8087576481851 30 67
0 10 0
10.6936061187107 28 52
0 10 0
0 10 0
0 10 0
0 10 0
0.700690348793493 14 6
0 10 0
3.97297661871026 20 29
6.21564113105994 23 32
0 10 0
3.97297661871026 20 29
0 10 0
12.9303549300002 31 58
2.06850220905696 17 21
0 10 0
0 10 0
0 10 0
0 10 0
0 10 0
1.43308443609712 16 15
6.85259938461243 23 42
10.6476732225669 27 64
14.9746735225147 34 70
0 10 0
1.43308443609712 16 15
10.6476732225669 27 64
0 10 0
0 10 0
21.9851785027673 40 100
5.23057508586724 19 36
9.87470893257174 28 54
7.74548893483389 25 49
17.4585300448375 36 74
0 10 0
5.23057508586724 19 36
1.00726529636431 15 10
2.06850220905696 17 21
0 10 0
0 10 0
5.23057508586724 19 36
16.1387624213616 34 67
0 10 0
0 10 0
2.06850220905696 17 21
0 10 0
12.4656680091162 29 65
0 10 0
4.74080318751651 21 25
10.6476732225669 27 64
0 10 0
4.74080318751651 21 25
10.6476732225669 27 64
3.12398362186697 18 28
0 10 0
6.01192781384721 23 36
18.4798826638412 37 82
16.2381803252398 34 85
16.2381803252398 34 85
0.467958547578585 13 3
3.12398362186697 18 28
3.12398362186697 18 28
5.23057508586724 19 36
10.6476732225669 27 64
0 10 0
5.23057508586724 19 36
13.5519343592385 32 72
1.43308443609712 16 15
2.06850220905696 17 21
11.0210622963848 30 59
0 10 0
7.82648285614142 25 51
12.4355161522245 30 53
8.76684155383755 26 57
5.23057508586724 19 36
0 10 0
0 10 0
17.1643166953534 36 78
3.12398362186697 18 28
0 10 0
3.12398362186697 18 28
0 10 0
5.23057508586724 19 36
0 10 0
0.467958547578585 13 3
6.36754413010997 23 26
0 10 0
3.12398362186697 18 28
0 10 0
1.43308443609712 16 15
12.5305817402349 31 64
2.06850220905696 17 21
0 10 0
5.23057508586724 19 36
0 10 0
0 10 0
16.2381803252398 34 85
1.74978344196222 16 7
0 10 0
1.43308443609712 16 15
3.12398362186697 18 28
0 10 0
0 10 0
5.23057508586724 19 36
20.3316821762053 36 74
0 10 0
6.28062837900799 21 37
0 10 0
5.23057508586724 19 36
0 10 0
18.2892274503339 36 66
2.06850220905696 17 21
0 10 0
0 10 0
17.9533174636558 36 80
3.69512908002497 19 16
0 10 0
0 10 0
14.5732869782422 33 79
16.2381803252398 34 85
3.12398362186697 18 28
0.283493857103561 12 1
5.23057508586724 19 36
6.5436483770895 22 39
0 10 0
7.82648285614142 25 51
0 10 0
10.6476732225669 27 64
0 10 0
0 10 0
0 10 0
4.74080318751651 21 25
1.88057403773076 17 11
12.8087576481851 30 67
0 10 0
8.76684155383755 26 57
0 10 0
4.2603082504762 21 31
0 10 0
0.467958547578585 13 3
4.74080318751651 21 25
5.23057508586724 19 36
0 10 0
0 10 0
0 10 0
8.76684155383755 26 57
10.2514104176234 29 55
0 10 0
5.23057508586724 19 36
0 10 0
5.23057508586724 19 36
39.8930088284869 52 119
0 10 0
7.25231013382303 24 46
0 10 0
3.12398362186697 18 28
0 10 0
3.12398362186697 18 28
5.23057508586724 19 36
0 10 0
5.23057508586724 19 36
0 10 0
12.5305817402349 31 64
0 10 0
0 10 0
0 10 0
0 10 0
3.67862433116584 21 27
5.23057508586724 19 36
10.6936061187107 28 52
0 10 0
10.6476732225669 27 64
10.6476732225669 27 64
0 10 0
0 10 0
0 10 0
0 10 0
0 10 0
0 10 0
0 10 0
1.00726529636431 15 10
0 10 0
5.23057508586724 19 36
0 10 0
0 10 0
5.23057508586724 19 36
0 10 0
5.23057508586724 19 36
0 10 0
8.69315569299259 24 40
9.65128734359762 26 45
2.06850220905696 17 21
27.8662030151249 45 110
0 10 0
0 10 0
0 10 0
15.3086682835923 30 35
0 10 0
10.3944640546511 28 58
7.82648285614142 25 51
3.12398362186697 18 28
5.23057508586724 19 36
12.8087576481851 30 67
1.91358353544904 15 4
0 10 0
10.6476732225669 27 64
6.02483758053329 24 43
0 10 0
0 10 0
0 10 0
8.76684155383755 26 57
5.1603726844599 23 38
12.0424149153884 31 67
2.49577892041912 18 13
2.85445750925975 19 22
0 10 0
0 10 0
0 10 0
15.6702378935924 32 68
0 10 0
16.2381803252398 34 85
16.2381803252398 34 85
1.43308443609712 16 15
10.6476732225669 27 64
7.82648285614142 25 51
3.12398362186697 18 28
0 10 0
12.5305817402349 31 64
5.23057508586724 19 36
0 10 0
8.18209917240418 25 31
5.23057508586724 19 36
0 10 0
2.06850220905696 17 21
5.23057508586724 19 36
0 10 0
5.23057508586724 19 36
0 10 0
5.23057508586724 19 36
5.23057508586724 19 36
1.91358353544904 15 4
0 10 0
7.74548893483389 25 49
5.23057508586724 19 36
21.9851785027673 40 100
7.82648285614142 25 51
0 10 0
0 10 0
5.23057508586724 19 36
0 10 0
0 10 0
24.0726978390254 41 94
7.74548893483389 25 49
0 10 0
5.23057508586724 19 36
1.43308443609712 16 15
18.8277081981799 36 86
10.6476732225669 27 64
5.1603726844599 23 38
0 10 0
4.74080318751651 21 25
8.43685537532916 27 44
5.23057508586724 19 36
0 10 0
5.23057508586724 19 36
0 10 0
1.00726529636431 15 10
0 10 0
1.91358353544904 15 4
0 10 0
0 10 0
7.82648285614142 25 51
3.12398362186697 18 28
0.467958547578585 13 3
0 10 0
0 10 0
0 10 0
0 10 0
4.55298908781576 21 19
4.74080318751651 21 25
0 10 0
2.22929624120999 18 16
7.82648285614142 25 51
9.92400920591798 27 38
0 10 0
3.69512908002497 19 16
6.28062837900799 21 37
0 10 0
3.36464431162144 20 21
7.82648285614142 25 51
0 10 0
0 10 0
0 10 0
5.23057508586724 19 36
0 10 0
7.74548893483389 25 49
0 10 0
3.12398362186697 18 28
5.23057508586724 19 36
0 10 0
5.1603726844599 23 38
0 10 0
5.23057508586724 19 36
0 10 0
6.49381703901017 22 19
17.9533174636558 36 80
7.73782832330152 26 37
4.2603082504762 21 31
0 10 0
0 10 0
0 10 0
28.6380444569986 44 99
21.9851785027673 40 100
12.0424149153884 31 67
0 10 0
0 10 0
0 10 0
0.283493857103561 12 1
0 10 0
0 10 0
13.6293819820279 32 58
0 10 0
2.06850220905696 17 21
0 10 0
20.5225879018485 39 95
1.43308443609712 16 15
0 10 0
0 10 0
3.12398362186697 18 28
0.467958547578585 13 3
5.23057508586724 19 36
0 10 0
0 10 0
5.23057508586724 19 36
5.23057508586724 19 36
5.23057508586724 19 36
0 10 0
6.85259938461243 23 42
4.63044122822433 22 34
0 10 0
0 10 0
0 10 0
5.23057508586724 19 36
0 10 0
10.6476732225669 27 64
5.23057508586724 19 36
0 10 0
0 10 0
6.02483758053329 24 43
5.23057508586724 19 36
0 10 0
11.0210622963848 30 59
0 10 0
0 10 0
0 10 0
5.23057508586724 19 36
0 10 0
0 10 0
0 10 0
0 10 0
6.99931413587612 24 28
7.25231013382303 24 46
5.23057508586724 19 36
5.23057508586724 19 36
6.01192781384721 23 36
10.6476732225669 27 64
0 10 0
0 10 0
0 10 0
0 10 0
0 10 0
0 10 0
0 10 0
1.43308443609712 16 15
5.23057508586724 19 36
0.283493857103561 12 1
4.74080318751651 21 25
3.97297661871026 20 29
3.12398362186697 18 28
0 10 0
5.23057508586724 19 36
2.06850220905696 17 21
0 10 0
23.7503722720494 41 96
0 10 0
0 10 0
0 10 0
3.12398362186697 18 28
5.23057508586724 19 36
5.23057508586724 19 36
3.12398362186697 18 28
16.2381803252398 34 85
8.69315569299259 24 40
0 10 0
5.23057508586724 19 36
1.00726529636431 15 10
0 10 0
0 10 0
5.23057508586724 19 36
0 10 0
8.06015389027753 26 39
10.6476732225669 27 64
17.4585300448375 36 74
0 10 0
0.700690348793493 14 6
10.6476732225669 27 64
0 10 0
0 10 0
0 10 0
0 10 0
0 10 0
0 10 0
5.23057508586724 19 36
0 10 0
19.76787250595 38 91
6.28062837900799 21 37
0 10 0
0 10 0
0 10 0
0 10 0
10.6936061187107 28 52
1.88057403773076 17 11
0 10 0
0 10 0
0 10 0
0 10 0
12.0424149153884 31 67
0 10 0
0 10 0
0 10 0
3.12398362186697 18 28
6.01192781384721 23 36
0 10 0
5.23057508586724 19 36
7.74548893483389 25 49
10.6936061187107 28 52
10.6476732225669 27 64
0 10 0
3.12398362186697 18 28
0 10 0
0 10 0
0 10 0
2.06850220905696 17 21
0 10 0
5.23057508586724 19 36
11.0210622963848 30 59
0 10 0
0 10 0
0.283493857103561 12 1
5.23057508586724 19 36
8.76684155383755 26 57
0 10 0
2.06850220905696 17 21
0 10 0
0 10 0
5.47246442000651 21 17
6.28062837900799 21 37
5.23057508586724 19 36
0 10 0
0 10 0
3.12398362186697 18 28
13.2051130650172 31 70
2.06850220905696 17 21
4.55298908781576 21 19
0 10 0
4.46134563243225 22 31
0 10 0
21.9851785027673 40 100
1.43308443609712 16 15
0 10 0
16.2381803252398 34 85
0 10 0
1.91358353544904 15 4
7.74548893483389 25 49
5.23057508586724 19 36
0 10 0
0 10 0
0 10 0
3.12398362186697 18 28
0 10 0
0 10 0
0 10 0
0 10 0
0 10 0
0 10 0
6.5436483770895 22 39
21.9851785027673 40 100
6.01192781384721 23 36
3.19554871582937 20 24
0 10 0
15.7239314199354 33 71
10.6476732225669 27 64
6.28062837900799 21 37
0 10 0
9.07309464969869 27 35
2.77113606096587 17 9
0 10 0
0 10 0
16.2381803252398 34 85
5.23057508586724 19 36
4.46134563243225 22 31
0 10 0
7.74548893483389 25 49
1.43308443609712 16 15
0 10 0
5.23057508586724 19 36
8.76684155383755 26 57
5.23057508586724 19 36
0 10 0
0 10 0
3.12398362186697 18 28
0 10 0
1.00726529636431 15 10
3.97297661871026 20 29
0 10 0
5.23057508586724 19 36
6.28062837900799 21 37
6.28062837900799 21 37
3.12398362186697 18 28
0 10 0
22.2581427967312 39 83
0 10 0
10.6476732225669 27 64
0 10 0
5.23057508586724 19 36
2.77113606096587 17 9
7.82648285614142 25 51
1.43308443609712 16 15
4.63044122822433 22 34
10.6476732225669 27 64
0 10 0
10.6476732225669 27 64
0 10 0
0 10 0
8.76684155383755 26 57
0 10 0
0 10 0
3.12398362186697 18 28
0 10 0
5.23057508586724 19 36
0 10 0
4.46134563243225 22 31
0 10 0
10.6936061187107 28 52
0 10 0
0 10 0
0 10 0
0 10 0
3.12398362186697 18 28
5.23057508586724 19 36
0 10 0
0 10 0
12.5305817402349 31 64
0 10 0
17.4585300448375 36 74
7.74548893483389 25 49
0 10 0
0 10 0
0 10 0
5.23057508586724 19 36
3.67862433116584 21 27
0 10 0
3.12398362186697 18 28
11.0210622963848 30 59
1.00726529636431 15 10
16.4652896433257 35 75
5.23057508586724 19 36
0 10 0
0.283493857103561 12 1
0 10 0
6.5436483770895 22 39
10.6476732225669 27 64
0 10 0
16.2381803252398 34 85
8.76684155383755 26 57
0 10 0
0 10 0
0 10 0
0 10 0
0 10 0
5.1603726844599 23 38
7.82648285614142 25 51
0 10 0
10.6476732225669 27 64
0 10 0
6.01192781384721 23 36
5.23057508586724 19 36
1.43308443609712 16 15
0.467958547578585 13 3
0 10 0
5.23057508586724 19 36
5.23057508586724 19 36
0 10 0
1.43308443609712 16 15
10.6936061187107 28 52
5.23057508586724 19 36
0 10 0
2.06850220905696 17 21
0 10 0
0 10 0
5.23057508586724 19 36
12.5305817402349 31 64
10.6476732225669 27 64
0 10 0
0 10 0
0 10 0
1.43308443609712 16 15
5.23057508586724 19 36
2.06850220905696 17 21
0 10 0
4.63044122822433 22 34
8.18209917240418 25 31
0.283493857103561 12 1
32.7234549330132 48 113
5.23057508586724 19 36
12.5305817402349 31 64
0.467958547578585 13 3
0 10 0
2.06850220905696 17 21
10.6476732225669 27 64
1.91358353544904 15 4
6.85259938461243 23 42
0 10 0
0 10 0
0 10 0
0 10 0
4.46134563243225 22 31
0 10 0
2.06850220905696 17 21
0 10 0
7.25231013382303 24 46
7.74548893483389 25 49
6.01192781384721 23 36
7.74548893483389 25 49
5.23057508586724 19 36
2.49577892041912 18 13
1.43308443609712 16 15
6.85259938461243 23 42
0 10 0
5.23057508586724 19 36
0 10 0
0 10 0
0 10 0
0 10 0
0 10 0
0 10 0
21.9851785027673 40 100
3.12398362186697 18 28
0 10 0
9.99970967738109 29 53
0 10 0
3.12398362186697 18 28
0 10 0
13.5519343592385 32 72
0 10 0
5.23057508586724 19 36
9.99970967738109 29 53
0 10 0
1.00726529636431 15 10
1.00726529636431 15 10
16.2381803252398 34 85
1.43308443609712 16 15
0 10 0
0 10 0
7.74548893483389 25 49
0 10 0
3.12398362186697 18 28
0 10 0
7.74548893483389 25 49
11.9204894789586 30 61
2.06850220905696 17 21
5.23057508586724 19 36
5.23057508586724 19 36
0 10 0
5.23057508586724 19 36
0 10 0
0 10 0
0 10 0
0 10 0
0 10 0
0 10 0
5.23057508586724 19 36
0 10 0
0 10 0
0 10 0
5.23057508586724 19 36
0 10 0
0 10 0
0 10 0
0 10 0
8.76684155383755 26 57
0 10 0
7.74548893483389 25 49
0 10 0
0 10 0
0 10 0
3.69512908002497 19 16
5.23057508586724 19 36
5.23057508586724 19 36
4.92064337686896 19 10
0 10 0
0 10 0
0 10 0
5.23057508586724 19 36
1.43308443609712 16 15
5.23057508586724 19 36
5.23057508586724 19 36
0 10 0
0 10 0
6.5436483770895 22 39
0 10 0
0 10 0
4.55298908781576 21 19
0 10 0
10.6476732225669 27 64
5.23057508586724 19 36
0 10 0
0 10 0
1.00726529636431 15 10
5.23057508586724 19 36
0 10 0
0 10 0
0 10 0
5.23057508586724 19 36
2.77113606096587 17 9
0 10 0
5.23057508586724 19 36
0 10 0
0 10 0
0 10 0
0 10 0
0 10 0
12.5305817402349 31 64
5.23057508586724 19 36
0 10 0
0.700690348793493 14 6
0 10 0
12.4355161522245 30 53
13.5519343592385 32 72
0 10 0
3.69512908002497 19 16
0 10 0
6.36754413010997 23 26
12.4656680091162 29 65
0 10 0
6.85259938461243 23 42
5.23057508586724 19 36
0 10 0
5.23057508586724 19 36
0.700690348793493 14 6
5.22424622897966 23 28
5.23057508586724 19 36
1.88057403773076 17 11
0 10 0
0 10 0
0 10 0
0 10 0
0 10 0
0 10 0
2.06850220905696 17 21
0 10 0
3.12398362186697 18 28
0 10 0
5.23057508586724 19 36
9.40898253265207 27 52
0 10 0
0 10 0
0 10 0
5.23057508586724 19 36
0 10 0
13.7350445212528 32 74
13.7350445212528 32 74
7.74548893483389 25 49
0 10 0
5.23057508586724 19 36
0 10 0
0 10 0
5.23057508586724 19 36
8.76684155383755 26 57
5.23057508586724 19 36
5.23057508586724 19 36
3.12398362186697 18 28
0.700690348793493 14 6
5.23057508586724 19 36
10.6476732225669 27 64
7.25231013382303 24 46
0 10 0
2.06850220905696 17 21
0 10 0
17.4585300448375 36 74
0 10 0
8.62993472459397 25 43
0 10 0
0.700690348793493 14 6
5.23057508586724 19 36
28.6380444569986 44 91
5.23057508586724 19 36
1.43308443609712 16 15
0 10 0
0 10 0
0 10 0
26.5921125099769 41 84
5.23057508586724 19 36
0 10 0
0 10 0
1.88057403773076 17 11
5.23057508586724 19 36
0 10 0
16.2381803252398 34 85
0 10 0
0 10 0
1.00726529636431 15 10
3.12398362186697 18 28
3.12398362186697 18 28
2.06850220905696 17 21
0 10 0
0 10 0
8.62993472459397 25 43
6.28062837900799 21 37
0 10 0
0 10 0
16.1387624213616 34 75
0 10 0
0 10 0
17.6076800931391 34 53
0 10 0
3.12398362186697 18 28
5.23057508586724 19 36
5.23057508586724 19 36
0 10 0
13.7350445212528 32 74
5.23057508586724 19 36
0 10 0
12.5305817402349 31 64
0 10 0
5.23057508586724 19 36
10.6476732225669 27 64
5.23057508586724 19 36
5.23057508586724 19 36
0 10 0
5.23057508586724 19 36
14.5732869782422 33 79
0 10 0
21.9851785027673 40 100
0.700690348793493 14 6
21.9851785027673 40 100
6.02483758053329 24 43
2.06850220905696 17 21
0 10 0
0 10 0
0 10 0
0 10 0
0 10 0
0 10 0
10.6476732225669 27 64
5.23057508586724 19 36
8.76684155383755 26 57
7.74548893483389 25 49
6.01192781384721 23 36
0.283493857103561 12 1
9.40898253265207 27 52
16.2381803252398 34 85
6.5436483770895 22 39
5.23057508586724 19 36
3.12398362186697 18 28
0 10 0
3.12398362186697 18 28
0 10 0
0 10 0
3.12398362186697 18 28
5.23057508586724 19 36
6.49381703901017 22 19
10.6476732225669 27 64
0 10 0
10.6476732225669 27 64
10.1059344366644 28 46
5.1603726844599 23 38
5.23057508586724 19 36
0 10 0
13.5519343592385 32 72
10.6476732225669 27 64
0 10 0
0.283493857103561 12 1
0 10 0
0 10 0
0 10 0
0 10 0
1.00726529636431 15 10
3.12398362186697 18 28
3.36464431162144 20 21
7.74548893483389 25 49
5.23057508586724 19 36
0 10 0
5.23057508586724 19 36
0.467958547578585 13 3
0 10 0
0 10 0
0 10 0
8.76684155383755 26 57
12.5305817402349 31 64
5.23057508586724 19 36
0 10 0
5.23057508586724 19 36
8.69315569299259 24 40
6.85259938461243 23 42
5.23057508586724 19 36
8.69315569299259 24 40
0 10 0
15.3086682835923 30 35
10.6476732225669 27 64
10.6476732225669 27 64
3.12398362186697 18 28
5.23057508586724 19 36
0 10 0
2.22929624120999 18 16
0 10 0
6.21564113105994 23 32
8.76684155383755 26 57
16.2381803252398 34 85
9.40898253265207 27 52
0 10 0
2.06850220905696 17 21
0 10 0
3.12398362186697 18 28
7.74548893483389 25 49
0 10 0
0 10 0
7.74548893483389 25 49
0 10 0
0.700690348793493 14 6
1.00726529636431 15 10
0.467958547578585 13 3
1.00726529636431 15 10
0 10 0
0.700690348793493 14 6
5.23057508586724 19 36
0 10 0
0 10 0
0 10 0
0 10 0
5.23057508586724 19 36
1.43308443609712 16 15
1.00726529636431 15 10
3.12398362186697 18 28
21.9851785027673 40 100
0 10 0
5.23057508586724 19 36
5.23057508586724 19 36
1.43308443609712 16 15
0 10 0
0 10 0
7.59442749035785 25 37
0 10 0
5.23057508586724 19 36
0 10 0
0 10 0
1.00726529636431 15 10
7.94947377015548 27 46
0 10 0
0 10 0
0 10 0
0 10 0
0 10 0
0 10 0
0 10 0
15.7239314199354 33 71
7.74548893483389 25 49
0 10 0
4.2603082504762 21 31
7.82648285614142 25 51
5.23057508586724 19 36
6.28062837900799 21 37
1.43308443609712 16 15
16.2381803252398 34 85
2.06850220905696 17 21
0 10 0
9.65128734359762 26 45
0 10 0
0 10 0
3.12398362186697 18 28
10.6476732225669 27 64
0 10 0
1.43308443609712 16 15
0 10 0
7.74548893483389 25 49
0 10 0
14.3242073790674 32 52
5.23057508586724 19 36
9.99970967738109 29 53
1.00726529636431 15 10
0 10 0
0 10 0
1.43308443609712 16 15
22.5008694573326 40 80
25.5649273143436 43 101
0 10 0
4.45111180100286 20 14
0 10 0
0 10 0
16.2381803252398 34 85
16.2381803252398 34 85
3.12398362186697 18 28
5.23057508586724 19 36
6.02483758053329 24 43
4.92064337686896 19 10
8.43685537532916 27 44
0 10 0
3.12398362186697 18 28
0 10 0
0 10 0
0 10 0
3.12398362186697 18 28
2.06850220905696 17 21
0 10 0
5.23057508586724 19 36
5.23057508586724 19 36
0 10 0
5.23057508586724 19 36
10.6476732225669 27 64
5.23057508586724 19 36
2.77113606096587 17 9
5.23057508586724 19 36
7.82648285614142 25 51
19.5012352828448 38 89
0 10 0
0 10 0
5.23057508586724 19 36
0 10 0
5.23057508586724 19 36
0 10 0
0 10 0
1.00726529636431 15 10
7.25231013382303 24 46
0 10 0
5.23057508586724 19 36
0 10 0
0 10 0
5.23057508586724 19 36
0 10 0
0 10 0
0 10 0
5.23057508586724 19 36
0 10 0
0 10 0
0 10 0
0 10 0
0 10 0
20.3319326883412 38 73
5.23057508586724 19 36
5.1603726844599 23 38
0 10 0
0 10 0
2.49577892041912 18 13
7.82648285614142 25 51
0 10 0
12.8087576481851 30 67
0 10 0
5.23057508586724 19 36
21.2367901777275 38 81
7.82648285614142 25 51
0 10 0
0 10 0
0 10 0
14.9746735225147 34 70
5.23057508586724 19 36
3.36464431162144 20 21
5.23057508586724 19 36
3.12398362186697 18 28
0 10 0
0 10 0
7.74548893483389 25 49
13.5519343592385 32 72
5.23057508586724 19 36
11.272763036627 30 63
8.69315569299259 24 40
0 10 0
0.700690348793493 14 6
0 10 0
19.76787250595 38 91
10.6476732225669 27 64
0 10 0
0 10 0
6.02483758053329 24 43
0 10 0
0 10 0
5.23057508586724 19 36
3.19554871582937 20 24
7.82648285614142 25 51
5.23057508586724 19 36
0.467958547578585 13 3
0 10 0
0 10 0
14.3242073790674 32 52
10.6476732225669 27 64
10.6476732225669 27 64
0 10 0
6.01192781384721 23 36
0.467958547578585 13 3
0 10 0
0 10 0
8.18209917240418 25 31
5.23057508586724 19 36
2.06850220905696 17 21
3.12398362186697 18 28
0 10 0
0 10 0
0 10 0
0 10 0
0 10 0
0 10 0
0 10 0
14.2337770926326 31 55
0 10 0
0 10 0
5.23057508586724 19 36
14.5732869782422 33 79
0 10 0
5.23057508586724 19 36
3.19554871582937 20 24
0 10 0
4.74080318751651 21 25
7.25231013382303 24 46
0 10 0
5.23057508586724 19 36
0 10 0
0 10 0
8.76684155383755 26 57
6.02483758053329 24 43
11.7222701463261 28 34
12.4656680091162 29 65
4.46134563243225 22 31
5.23057508586724 19 36
0 10 0
16.2381803252398 34 85
0 10 0
0 10 0
0 10 0
11.9204894789586 30 61
14.5732869782422 33 79
1.43308443609712 16 15
3.19554871582937 20 24
0 10 0
8.18209917240418 25 31
0 10 0
1.91358353544904 15 4
3.12398362186697 18 28
16.2381803252398 34 85
0 10 0
5.23057508586724 19 36
1.74978344196222 16 7
6.85259938461243 23 42
0 10 0
0 10 0
0 10 0
0 10 0
6.85259938461243 23 42
0 10 0
5.23057508586724 19 36
0 10 0
10.6476732225669 27 64
14.2337770926326 31 55
10.1059344366644 28 46
0 10 0
0.700690348793493 14 6
3.12398362186697 18 28
0 10 0
3.12398362186697 18 28
0 10 0
5.23057508586724 19 36
0 10 0
8.76684155383755 26 57
3.12398362186697 18 28
3.12398362186697 18 28
0 10 0
8.76684155383755 26 57
10.6476732225669 27 64
0 10 0
0 10 0
3.36464431162144 20 21
5.23057508586724 19 36
1.00726529636431 15 10
1.00726529636431 15 10
6.28062837900799 21 37
0 10 0
2.06850220905696 17 21
0 10 0
3.12398362186697 18 28
0 10 0
10.6936061187107 28 52
14.9730601680075 33 64
15.1216114573461 34 65
0 10 0
0 10 0
5.23057508586724 19 36
11.7222701463261 28 34
0 10 0
4.55298908781576 21 19
13.2124244736289 30 53
0 10 0
0 10 0
0 10 0
7.25231013382303 24 46
5.23057508586724 19 36
5.23057508586724 19 36
1.43308443609712 16 15
0 10 0
6.49381703901017 22 19
5.23057508586724 19 36
1.43308443609712 16 15
4.74080318751651 21 25
0 10 0
16.2381803252398 34 85
0 10 0
0 10 0
0 10 0
1.43308443609712 16 15
0 10 0
0.283493857103561 12 1
0 10 0
10.7766179987855 29 60
2.85445750925975 19 22
0 10 0
10.6476732225669 27 64
0 10 0
5.23057508586724 19 36
7.59442749035785 25 37
10.6476732225669 27 64
20.3316821762053 36 74
7.74548893483389 25 49
0 10 0
3.12398362186697 18 28
14.5732869782422 33 79
6.02483758053329 24 43
6.02483758053329 24 43
0 10 0
2.49577892041912 18 13
1.00726529636431 15 10
2.06850220905696 17 21
5.23057508586724 19 36
0 10 0
5.23057508586724 19 36
0 10 0
0 10 0
10.6476732225669 27 64
0 10 0
0 10 0
0 10 0
0 10 0
0 10 0
6.85259938461243 23 42
0 10 0
3.12398362186697 18 28
12.5096523367732 30 47
0 10 0
3.12398362186697 18 28
0.467958547578585 13 3
0 10 0
0 10 0
5.23057508586724 19 36
20.5225879018485 39 95
0 10 0
8.76684155383755 26 57
0 10 0
0 10 0
3.69512908002497 19 16
2.77113606096587 17 9
0 10 0
0 10 0
0 10 0
0 10 0
5.23057508586724 19 36
0 10 0
0.283493857103561 12 1
0 10 0
7.82648285614142 25 51
16.2381803252398 34 85
0 10 0
0 10 0
0 10 0
9.75526537978187 28 52
0 10 0
33.8503326791537 49 116
0 10 0
5.23057508586724 19 36
10.6476732225669 27 64
0 10 0
6.85259938461243 23 42
7.74548893483389 25 49
0 10 0
0.700690348793493 14 6
0 10 0
7.82648285614142 25 51
0 10 0
0 10 0
1.91358353544904 15 4
5.23057508586724 19 36
3.12398362186697 18 28
0 10 0
0 10 0
0 10 0
17.4585300448375 36 74
7.25231013382303 24 46
0 10 0
0 10 0
4.63044122822433 22 34
0 10 0
0 10 0
0 10 0
0 10 0
9.35529728441752 24 20
12.512767589005 28 46
8.76684155383755 26 57
0 10 0
2.06850220905696 17 21
5.23057508586724 19 36
2.77113606096587 17 9
0.467958547578585 13 3
0 10 0
0.283493857103561 12 1
4.95660889786881 22 22
3.69512908002497 19 16
6.01192781384721 23 36
0 10 0
10.6476732225669 27 64
2.06850220905696 17 21
0 10 0
1.43308443609712 16 15
7.82648285614142 25 51
1.74978344196222 16 7
0 10 0
0.700690348793493 14 6
0 10 0
0 10 0
12.5305817402349 31 64
10.6476732225669 27 64
14.5732869782422 33 79
0.283493857103561 12 1
0 10 0
0.467958547578585 13 3
0 10 0
10.6476732225669 27 64
0 10 0
5.23057508586724 19 36
16.2381803252398 34 85
0 10 0
0.467958547578585 13 3
2.06850220905696 17 21
5.23057508586724 19 36
0 10 0
0 10 0
5.23057508586724 19 36
0 10 0
0.283493857103561 12 1
5.23057508586724 19 36
0 10 0
2.06850220905696 17 21
0 10 0
5.23057508586724 19 36
0 10 0
2.77113606096587 17 9
4.74080318751651 21 25
13.7350445212528 32 74
14.5732869782422 33 79
0 10 0
5.23057508586724 19 36
0 10 0
2.06850220905696 17 21
0 10 0
5.23057508586724 19 36
0 10 0
1.00726529636431 15 10
0 10 0
1.00726529636431 15 10
0 10 0
0 10 0
20.5225879018485 39 95
0 10 0
0 10 0
12.5305817402349 31 64
8.76684155383755 26 57
0 10 0
0 10 0
7.82648285614142 25 51
5.23057508586724 19 36
0 10 0
7.25044671812783 26 41
10.6476732225669 27 64
9.99970967738109 29 53
0 10 0
20.5225879018485 39 95
0 10 0
17.1643166953534 36 78
0.467958547578585 13 3
4.2603082504762 21 31
0.283493857103561 12 1
5.23057508586724 19 36
0.700690348793493 14 6
0 10 0
1.88057403773076 17 11
10.7009175273224 27 32
0 10 0
0 10 0
8.88054225218476 26 31
4.63044122822433 22 34
0 10 0
2.06850220905696 17 21
5.23057508586724 19 36
0 10 0
3.12398362186697 18 28
5.1603726844599 23 38
10.6476732225669 27 64
1.00726529636431 15 10
14.947023098531 33 65
0 10 0
0 10 0
10.6936061187107 28 52
16.2381803252398 34 85
0 10 0
0 10 0
5.23057508586724 19 36
1.43308443609712 16 15
0 10 0
7.59442749035785 25 37
0 10 0
0 10 0
0 10 0
0.283493857103561 12 1
18.8717593727442 36 68
4.63044122822433 22 34
0.700690348793493 14 6
0 10 0
22.9630024253885 37 56
22.9630024253885 37 56
0 10 0
0 10 0
0 10 0
5.23057508586724 19 36
10.6476732225669 27 64
7.74548893483389 25 49
0 10 0
5.23057508586724 19 36
14.9746735225147 34 70
9.75526537978187 28 52
0 10 0
3.12398362186697 18 28
0.283493857103561 12 1
20.5225879018485 39 95
0 10 0
7.74548893483389 25 49
0 10 0
0.467958547578585 13 3
0 10 0
5.23057508586724 19 36
10.6476732225669 27 64
0 10 0
5.23057508586724 19 36
0 10 0
0 10 0
3.12398362186697 18 28
3.97297661871026 20 29
0 10 0
14.5732869782422 33 79
0 10 0
0 10 0
10.6476732225669 27 64
12.5305817402349 31 64
13.2124244736289 30 53
3.19554871582937 20 24
6.36754413010997 23 26
5.23057508586724 19 36
0 10 0
5.23057508586724 19 36
0 10 0
1.43308443609712 16 15
14.5732869782422 33 79
2.06850220905696 17 21
0 10 0
0 10 0
21.9851785027673 40 100
5.23057508586724 19 36
0 10 0
5.23057508586724 19 36
5.23057508586724 19 36
0.283493857103561 12 1
1.91358353544904 15 4
5.23057508586724 19 36
0 10 0
5.23057508586724 19 36
0 10 0
1.43308443609712 16 15
0 10 0
3.12398362186697 18 28
2.06850220905696 17 21
6.02483758053329 24 43
0 10 0
8.88054225218476 26 31
0 10 0
5.23057508586724 19 36
0 10 0
0 10 0
2.06850220905696 17 21
0 10 0
5.23057508586724 19 36
0 10 0
5.23057508586724 19 36
6.28062837900799 21 37
0 10 0
0 10 0
8.76684155383755 26 57
1.91358353544904 15 4
0 10 0
0 10 0
0 10 0
0 10 0
0.467958547578585 13 3
5.23057508586724 19 36
5.23057508586724 19 36
9.35529728441752 24 20
4.74080318751651 21 25
1.43308443609712 16 15
0 10 0
1.00726529636431 15 10
10.6476732225669 27 64
5.23057508586724 19 36
0 10 0
5.23057508586724 19 36
1.00726529636431 15 10
0 10 0
1.43308443609712 16 15
0 10 0
7.82648285614142 25 51
7.82648285614142 25 51
0 10 0
13.5519343592385 32 72
19.76787250595 38 91
5.23057508586724 19 36
0 10 0
19.8931119917478 37 76
0.467958547578585 13 3
2.06850220905696 17 21
0 10 0
0 10 0
0 10 0
3.12398362186697 18 28
3.12398362186697 18 28
0 10 0
0.700690348793493 14 6
0 10 0
1.00726529636431 15 10
0.700690348793493 14 6
7.74548893483389 25 49
1.43308443609712 16 15
0 10 0
10.6476732225669 27 64
7.82648285614142 25 51
1.00726529636431 15 10
0 10 0
16.2381803252398 34 85
0 10 0
0 10 0
5.23057508586724 19 36
11.9204894789586 30 61
1.00726529636431 15 10
0 10 0
5.23057508586724 19 36
0 10 0
0 10 0
20.3319326883412 38 76
12.5305817402349 31 64
0 10 0
1.00726529636431 15 10
0 10 0
0.283493857103561 12 1
2.06850220905696 17 21
0 10 0
14.3242073790674 32 62
0 10 0
2.06850220905696 17 21
0 10 0
5.23057508586724 19 36
0 10 0
27.8662030151249 45 110
0 10 0
0 10 0
4.74080318751651 21 25
2.77113606096587 17 9
11.0210622963848 30 59
0 10 0
10.6476732225669 27 64
0 10 0
3.12398362186697 18 28
0 10 0
0 10 0
1.43308443609712 16 15
3.12398362186697 18 28
12.5305817402349 31 64
7.74548893483389 25 49
10.6476732225669 27 64
0 10 0
0 10 0
5.23057508586724 19 36
6.02483758053329 24 43
0 10 0
0.700690348793493 14 6
5.23057508586724 19 36
0.283493857103561 12 1
20.2154375587238 37 78
0 10 0
2.06850220905696 17 21
3.12398362186697 18 28
0 10 0
5.23057508586724 19 36
10.6476732225669 27 64
10.6476732225669 27 64
0 10 0
13.5519343592385 32 72
3.12398362186697 18 28
0 10 0
3.12398362186697 18 28
0 10 0
1.00726529636431 15 10
10.6476732225669 27 64
0 10 0
5.23057508586724 19 36
14.5732869782422 33 79
4.46134563243225 22 31
4.74080318751651 21 25
0 10 0
0 10 0
1.43308443609712 16 15
3.12398362186697 18 28
10.6476732225669 27 64
0 10 0
10.6476732225669 27 64
5.23057508586724 19 36
0 10 0
0 10 0
5.23057508586724 19 36
5.23057508586724 19 36
1.43308443609712 16 15
0 10 0
0 10 0
0 10 0
10.6476732225669 27 64
5.23057508586724 19 36
11.9204894789586 30 61
0 10 0
7.25231013382303 24 46
8.76684155383755 26 57
0 10 0
0 10 0
1.00726529636431 15 10
5.23057508586724 19 36
0 10 0
9.75526537978187 28 52
3.12398362186697 18 28
0 10 0
4.55298908781576 21 19
3.12398362186697 18 28
0 10 0
0 10 0
0 10 0
1.74978344196222 16 7
0 10 0
0 10 0
0 10 0
0 10 0
10.6476732225669 27 64
0 10 0
4.74080318751651 21 25
12.0424149153884 31 67
1.00726529636431 15 10
0.283493857103561 12 1
5.1603726844599 23 38
5.23057508586724 19 36
3.12398362186697 18 28
20.3319326883412 38 76
0 10 0
5.23057508586724 19 36
6.49381703901017 22 19
7.82648285614142 25 51
0 10 0
0 10 0
0.467958547578585 13 3
5.23057508586724 19 36
2.85445750925975 19 22
0 10 0
16.1429640763497 35 73
0 10 0
1.43308443609712 16 15
1.43308443609712 16 15
2.06850220905696 17 21
10.6476732225669 27 64
0 10 0
5.23057508586724 19 36
0 10 0
0.467958547578585 13 3
5.23057508586724 19 36
5.23057508586724 19 36
0 10 0
0 10 0
0 10 0
5.23057508586724 19 36
0 10 0
0 10 0
0 10 0
5.23057508586724 19 36
6.49381703901017 22 19
20.4435877544369 37 70
6.5436483770895 22 39
0 10 0
0 10 0
7.94947377015548 27 46
0 10 0
0 10 0
11.115799887706 29 40
0 10 0
11.272763036627 30 63
1.74978344196222 16 7
5.23057508586724 19 36
0.467958547578585 13 3
0 10 0
2.06850220905696 17 21
0 10 0
7.74548893483389 25 49
0 10 0
0 10 0
0 10 0
0 10 0
10.6476732225669 27 64
0 10 0
3.12398362186697 18 28
12.8087576481851 30 67
4.95660889786881 22 22
5.23057508586724 19 36
10.6476732225669 27 64
0.467958547578585 13 3
0 10 0
14.947023098531 33 65
0 10 0
14.5732869782422 33 79
0 10 0
0 10 0
0.283493857103561 12 1
5.23057508586724 19 36
19.76787250595 38 91
3.36464431162144 20 21
5.23057508586724 19 36
3.12398362186697 18 28
0 10 0
10.6476732225669 27 64
2.6656172595938 19 18
7.59442749035785 25 37
0 10 0
2.85445750925975 19 22
0 10 0
0 10 0
0 10 0
10.5737359845994 29 57
1.43308443609712 16 15
0.467958547578585 13 3
3.12398362186697 18 28
5.23057508586724 19 36
11.272763036627 30 63
14.2337770926326 31 55
0.467958547578585 13 3
0 10 0
6.28062837900799 21 37
0 10 0
5.23057508586724 19 36
0.283493857103561 12 1
10.6476732225669 27 64
10.6476732225669 27 64
24.0726978390254 41 94
0 10 0
7.48820273107458 26 44
11.9204894789586 30 61
14.5732869782422 33 79
0 10 0
10.6476732225669 27 64
7.25231013382303 24 46
0 10 0
9.77212170172633 28 42
5.23057508586724 19 36
0 10 0
3.12398362186697 18 28
0 10 0
3.97297661871026 20 29
0 10 0
0 10 0
13.7350445212528 32 74
12.4355161522245 30 53
0 10 0
0.700690348793493 14 6
20.5225879018485 39 95
0 10 0
5.23057508586724 19 36
3.69512908002497 19 16
10.6476732225669 27 64
0 10 0
5.23057508586724 19 36
0 10 0
0 10 0
13.2051130650172 31 70
2.77113606096587 17 9
5.23057508586724 19 36
1.43308443609712 16 15
2.77113606096587 17 9
20.4435877544369 37 70
6.85259938461243 23 42
5.23057508586724 19 36
22.3746379263485 40 88
0 10 0
12.512767589005 28 46
3.97297661871026 20 29
0 10 0
5.23057508586724 19 36
0 10 0
0 10 0
0 10 0
0.467958547578585 13 3
0.283493857103561 12 1
19.3105800693375 37 68
18.6290327121427 35 55
0 10 0
0 10 0
1.43308443609712 16 15
5.23057508586724 19 36
5.23057508586724 19 36
2.6656172595938 19 18
5.23057508586724 19 36
1.91358353544904 15 4
1.43308443609712 16 15
0 10 0
0 10 0
0 10 0
0 10 0
0 10 0
0.700690348793493 14 6
0 10 0
1.00726529636431 15 10
0 10 0
8.76684155383755 26 57
0 10 0
5.23057508586724 19 36
0 10 0
10.6476732225669 27 64
0 10 0
0 10 0
0 10 0
10.6476732225669 27 64
12.9319682845074 32 56
16.2381803252398 34 85
5.23057508586724 19 36
0 10 0
0 10 0
5.23057508586724 19 36
0 10 0
10.6476732225669 27 64
0 10 0
13.2051130650172 31 70
0 10 0
0 10 0
0 10 0
0 10 0
3.12398362186697 18 28
5.23057508586724 19 36
5.23057508586724 19 36
16.2381803252398 34 85
10.1059344366644 28 46
0 10 0
0 10 0
5.23057508586724 19 36
0 10 0
0 10 0
6.28062837900799 21 37
10.6476732225669 27 64
0 10 0
14.5732869782422 33 79
19.5012352828448 38 89
2.6656172595938 19 18
0 10 0
0 10 0
0 10 0
5.23057508586724 19 36
3.69512908002497 19 16
0 10 0
1.74978344196222 16 7
1.91358353544904 15 4
0 10 0
0 10 0
8.76684155383755 26 57
0 10 0
0 10 0
5.23057508586724 19 36
0 10 0
2.06850220905696 17 21
8.76684155383755 26 57
0.283493857103561 12 1
0.700690348793493 14 6
6.99931413587612 24 28
0 10 0
5.23057508586724 19 36
0 10 0
0 10 0
3.97297661871026 20 29
5.23057508586724 19 36
0.467958547578585 13 3
18.185669314357 37 85
0 10 0
11.9204894789586 30 61
0 10 0
5.23057508586724 19 36
0 10 0
0 10 0
0.467958547578585 13 3
0 10 0
3.12398362186697 18 28
8.76684155383755 26 57
5.23057508586724 19 36
3.12398362186697 18 28
16.2381803252398 34 85
0 10 0
0 10 0
2.06850220905696 17 21
6.5436483770895 22 39
16.7452840389391 34 73
5.23057508586724 19 36
7.25231013382303 24 46
0 10 0
3.12398362186697 18 28
0 10 0
0 10 0
0 10 0
0 10 0
12.5305817402349 31 64
7.74548893483389 25 49
6.5436483770895 22 39
5.23057508586724 19 36
0 10 0
0 10 0
15.7239314199354 33 71
12.5305817402349 31 64
3.12398362186697 18 28
6.62230033303495 25 39
7.82648285614142 25 51
5.23057508586724 19 36
0 10 0
27.8662030151249 45 110
5.23057508586724 19 36
10.6476732225669 27 64
0 10 0
0 10 0
0.467958547578585 13 3
6.28062837900799 21 37
10.6476732225669 27 64
5.47246442000651 21 17
5.23057508586724 19 36
0 10 0
0 10 0
0 10 0
16.2381803252398 34 85
0.467958547578585 13 3
0 10 0
5.23057508586724 19 36
3.12398362186697 18 28
1.43308443609712 16 15
5.23057508586724 19 36
9.35529728441752 24 20
5.23057508586724 19 36
0 10 0
0 10 0
5.23057508586724 19 36
5.23057508586724 19 36
0 10 0
6.5436483770895 22 39
0 10 0
0.467958547578585 13 3
0 10 0
0 10 0
0 10 0
21.9851785027673 40 100
13.2051130650172 31 70
9.99970967738109 29 53
3.67862433116584 21 27
0 10 0
1.00726529636431 15 10
0 10 0
1.91358353544904 15 4
5.23057508586724 19 36
1.91358353544904 15 4
0 10 0
0 10 0
6.01192781384721 23 36
0 10 0
0 10 0
0 10 0
10.6476732225669 27 64
10.6476732225669 27 64
7.74548893483389 25 49
0 10 0
0 10 0
0 10 0
5.23057508586724 19 36
11.115799887706 29 43
0.700690348793493 14 6
20.6863144150384 38 75
0 10 0
13.2051130650172 31 70
10.6476732225669 27 64
19.4222351354333 36 68
5.23057508586724 19 36
0 10 0
0 10 0
0 10 0
2.77113606096587 17 9
5.23057508586724 19 36
0 10 0
0.467958547578585 13 3
5.23057508586724 19 36
0 10 0
0 10 0
10.6476732225669 27 64
0 10 0
4.74080318751651 21 25
0 10 0
4.2603082504762 21 31
0 10 0
0 10 0
0 10 0
0 10 0
0 10 0
3.12398362186697 18 28
4.46134563243225 22 31
1.00726529636431 15 10
0.467958547578585 13 3
6.36754413010997 23 26
10.6476732225669 27 64
0 10 0
0 10 0
5.23057508586724 19 36
10.6476732225669 27 64
12.0424149153884 31 67
21.3532853073448 39 81
0 10 0
2.06850220905696 17 21
5.23057508586724 19 36
7.74548893483389 25 49
0 10 0
7.82648285614142 25 51
10.6476732225669 27 64
2.06850220905696 17 21
8.76684155383755 26 57
0 10 0
9.99970967738109 29 53
5.23057508586724 19 36
16.2381803252398 34 85
10.6476732225669 27 64
0.467958547578585 13 3
5.23057508586724 19 36
0 10 0
4.95660889786881 22 22
5.23057508586724 19 36
5.23057508586724 19 36
0 10 0
0 10 0
5.23057508586724 19 36
10.1059344366644 28 46
0.700690348793493 14 6
0 10 0
5.23057508586724 19 36
14.5732869782422 33 79
7.59442749035785 25 37
3.97297661871026 20 29
0 10 0
3.12398362186697 18 28
2.06850220905696 17 21
0 10 0
3.12398362186697 18 28
16.2381803252398 34 85
5.23057508586724 19 36
0.467958547578585 13 3
0 10 0
0 10 0
7.94947377015548 27 46
5.23057508586724 19 36
5.23057508586724 19 36
0.467958547578585 13 3
4.2603082504762 21 31
0 10 0
0 10 0
3.12398362186697 18 28
0.700690348793493 14 6
6.5436483770895 22 39
0 10 0
13.5519343592385 32 72
0 10 0
1.91358353544904 15 4
5.23057508586724 19 36
6.01192781384721 23 36
0 10 0
0 10 0
7.25231013382303 24 46
3.36464431162144 20 21
25.3546960688184 42 101
13.7350445212528 32 74
0 10 0
0 10 0
7.74548893483389 25 49
5.1603726844599 23 38
5.23057508586724 19 36
5.23057508586724 19 36
10.6476732225669 27 64
12.5305817402349 31 64
6.01192781384721 23 36
0 10 0
0 10 0
5.23057508586724 19 36
4.2603082504762 21 31
5.23057508586724 19 36
0 10 0
8.76684155383755 26 57
7.74548893483389 25 49
0.467958547578585 13 3
5.23057508586724 19 36
4.63044122822433 22 34
0 10 0
0 10 0
5.23057508586724 19 36
0 10 0
0 10 0
1.43308443609712 16 15
8.76684155383755 26 57
0 10 0
22.2581427967312 39 83
0 10 0
0 10 0
0 10 0
0.283493857103561 12 1
0 10 0
0 10 0
13.5519343592385 32 72
10.1059344366644 28 46
0 10 0
1.00726529636431 15 10
2.06850220905696 17 21
5.23057508586724 19 36
0 10 0
5.23057508586724 19 36
23.5222220763363 41 88
1.00726529636431 15 10
0 10 0
10.6476732225669 27 64
0 10 0
3.67862433116584 21 27
3.12398362186697 18 28
0 10 0
0 10 0
7.82648285614142 25 51
0 10 0
2.06850220905696 17 21
5.23057508586724 19 36
4.74080318751651 21 25
10.6476732225669 27 64
0 10 0
1.74978344196222 16 7
3.36464431162144 20 21
0 10 0
10.6476732225669 27 64
13.5519343592385 32 72
6.02483758053329 24 43
0 10 0
0 10 0
1.43308443609712 16 15
0 10 0
0 10 0
0 10 0
1.43308443609712 16 15
5.23057508586724 19 36
24.5435746953399 42 95
5.23057508586724 19 36
6.02483758053329 24 43
5.23057508586724 19 36
7.74548893483389 25 49
0 10 0
3.12398362186697 18 28
0 10 0
0 10 0
11.272763036627 30 63
18.4798826638412 37 82
0 10 0
0 10 0
10.6476732225669 27 64
5.23057508586724 19 36
0 10 0
3.12398362186697 18 28
0 10 0
0.467958547578585 13 3
5.23057508586724 19 36
0.700690348793493 14 6
0 10 0
0 10 0
0 10 0
0 10 0
5.23057508586724 19 36
0 10 0
10.6476732225669 27 64
0 10 0
1.00726529636431 15 10
10.7009175273224 27 32
22.3746379263485 40 85
5.23057508586724 19 36
10.6476732225669 27 64
5.23057508586724 19 36
0 10 0
0 10 0
0 10 0
10.6476732225669 27 64
0 10 0
0 10 0
1.00726529636431 15 10
0 10 0
2.77113606096587 17 9
0 10 0
0 10 0
14.2337770926326 31 55
14.5732869782422 33 79
1.91358353544904 15 4
5.23057508586724 19 36
3.12398362186697 18 28
11.9204894789586 30 61
2.06850220905696 17 21
16.2381803252398 34 85
0 10 0
2.06850220905696 17 21
0 10 0
7.25231013382303 24 46
8.18209917240418 25 31
5.23057508586724 19 36
0 10 0
0 10 0
2.06850220905696 17 21
0 10 0
5.23057508586724 19 36
0 10 0
3.12398362186697 18 28
6.85259938461243 23 42
13.7350445212528 32 74
7.25231013382303 24 46
16.2465222123266 34 57
2.49577892041912 18 13
8.76684155383755 26 57
0 10 0
0 10 0
7.82648285614142 25 51
10.6476732225669 27 64
0 10 0
12.5305817402349 31 64
0.700690348793493 14 6
0 10 0
4.74080318751651 21 25
5.23057508586724 19 36
0 10 0
10.6476732225669 27 64
0 10 0
0 10 0
0.283493857103561 12 1
6.85259938461243 23 42
4.74080318751651 21 25
0 10 0
5.23057508586724 19 36
0 10 0
3.12398362186697 18 28
4.46134563243225 22 31
0 10 0
2.06850220905696 17 21
0 10 0
0 10 0
0 10 0
0 10 0
0 10 0
0 10 0
13.5519343592385 32 72
2.06850220905696 17 21
3.12398362186697 18 28
10.6476732225669 27 64
21.9851785027673 40 100
0 10 0
2.77113606096587 17 9
18.4798826638412 37 82
1.00726529636431 15 10
0 10 0
5.23057508586724 19 36
16.1429640763497 35 70
12.6080293630242 31 56
0 10 0
8.69315569299259 24 40
0 10 0
5.92327328100731 24 32
5.23057508586724 19 36
5.1603726844599 23 38
12.8087576481851 30 67
3.12398362186697 18 28
21.9851785027673 40 100
5.23057508586724 19 36
0.283493857103561 12 1
8.69315569299259 24 40
0 10 0
0 10 0
0 10 0
3.12398362186697 18 28
5.23057508586724 19 36
24.5435746953399 42 95
5.23057508586724 19 36
8.18209917240418 25 31
0 10 0
0 10 0
6.5436483770895 22 39
5.23057508586724 19 36
10.6476732225669 27 64
0 10 0
2.06850220905696 17 21
0 10 0
3.12398362186697 18 28
13.7350445212528 32 74
0 10 0
0 10 0
5.23057508586724 19 36
3.97297661871026 20 29
0 10 0
11.115799887706 29 40
3.12398362186697 18 28
2.06850220905696 17 21
0 10 0
5.23057508586724 19 36
10.6936061187107 28 52
0 10 0
0 10 0
5.22424622897966 23 28
0 10 0
6.02483758053329 24 43
0 10 0
0 10 0
14.3242073790674 32 52
0 10 0
0 10 0
0 10 0
7.25231013382303 24 46
1.00726529636431 15 10
3.12398362186697 18 28
6.01192781384721 23 36
0 10 0
5.23057508586724 19 36
14.5732869782422 33 79
12.0424149153884 31 67
13.5519343592385 32 72
2.06850220905696 17 21
10.6476732225669 27 64
0 10 0
0 10 0
0 10 0
5.23057508586724 19 36
7.73782832330152 26 37
0 10 0
3.12398362186697 18 28
0 10 0
5.23057508586724 19 36
0 10 0
0.283493857103561 12 1
0.700690348793493 14 6
0 10 0
16.7876152103017 35 77
4.63044122822433 22 34
0 10 0
6.02483758053329 24 43
5.23057508586724 19 36
3.36464431162144 20 21
8.69315569299259 24 40
1.91358353544904 15 4
0 10 0
0 10 0
5.23057508586724 19 36
2.06850220905696 17 21
17.4866422623294 36 82
5.23057508586724 19 36
5.23057508586724 19 36
3.12398362186697 18 28
0 10 0
3.12398362186697 18 28
0 10 0
5.23057508586724 19 36
0 10 0
0 10 0
6.5436483770895 22 39
0 10 0
0 10 0
1.91358353544904 15 4
10.6476732225669 27 64
0 10 0
30.6807496950059 46 104
1.43308443609712 16 15
0 10 0
5.23057508586724 19 36
10.6476732225669 27 64
8.75918094230517 27 42
21.9851785027673 40 100
7.74548893483389 25 49
0.700690348793493 14 6
10.7766179987855 29 60
5.23057508586724 19 36
10.6476732225669 27 64
9.40898253265207 27 52
5.23057508586724 19 36
6.01192781384721 23 36
4.74080318751651 21 25
11.9204894789586 30 61
19.2567909852456 37 88
13.5519343592385 32 72
1.00726529636431 15 10
0.467958547578585 13 3
5.92327328100731 24 32
21.3532853073448 39 81
5.23057508586724 19 36
0 10 0
5.23057508586724 19 36
3.12398362186697 18 28
8.76684155383755 26 57
1.91358353544904 15 4
1.00726529636431 15 10
0.467958547578585 13 3
0 10 0
0 10 0
5.23057508586724 19 36
0 10 0
0 10 0
5.23057508586724 19 36
0 10 0
3.12398362186697 18 28
0 10 0
2.06850220905696 17 21
5.23057508586724 19 36
0 10 0
22.3746379263485 40 88
5.23057508586724 19 36
7.82648285614142 25 51
3.12398362186697 18 28
4.46134563243225 22 31
0 10 0
0 10 0
5.23057508586724 19 36
10.6476732225669 27 64
0.467958547578585 13 3
0 10 0
0 10 0
24.5435746953399 42 95
6.5436483770895 22 39
0 10 0
0 10 0
16.5863274741354 33 50
0 10 0
10.6476732225669 27 64
18.8277081981799 36 86
4.92064337686896 19 10
0 10 0
0 10 0
0 10 0
1.91358353544904 15 4
0 10 0
0.283493857103561 12 1
19.76787250595 38 91
28.4066675522711 43 95
5.23057508586724 19 36
3.97297661871026 20 29
0 10 0
0 10 0
5.23057508586724 19 36
0 10 0
5.23057508586724 19 36
8.76684155383755 26 57
5.23057508586724 19 36
9.87470893257174 28 54
0 10 0
0 10 0
12.512767589005 28 46
5.23057508586724 19 36
0 10 0
16.2381803252398 34 85
0.283493857103561 12 1
5.23057508586724 19 36
10.6476732225669 27 64
5.23057508586724 19 36
6.49381703901017 22 19
5.23057508586724 19 36
6.02483758053329 24 43
0 10 0
0 10 0
3.97297661871026 20 29
5.23057508586724 19 36
3.12398362186697 18 28
0 10 0
0 10 0
9.65128734359762 26 45
5.23057508586724 19 36
0 10 0
12.8087576481851 30 67
0 10 0
0 10 0
0.700690348793493 14 6
8.69315569299259 24 40
5.23057508586724 19 36
0.700690348793493 14 6
0 10 0
7.25231013382303 24 46
0 10 0
6.02483758053329 24 43
10.6476732225669 27 64
10.6476732225669 27 64
16.7876152103017 35 77
6.5436483770895 22 39
0 10 0
1.00726529636431 15 10
0 10 0
2.22929624120999 18 16
17.4585300448375 36 74
5.23057508586724 19 36
0 10 0
6.85259938461243 23 42
0.283493857103561 12 1
5.23057508586724 19 36
5.23057508586724 19 36
5.23057508586724 19 36
11.0210622963848 30 59
5.23057508586724 19 36
0 10 0
0.283493857103561 12 1
5.23057508586724 19 36
8.76684155383755 26 57
14.3284090340555 33 68
3.12398362186697 18 28
2.77113606096587 17 9
0 10 0
0 10 0
10.6476732225669 27 64
5.23057508586724 19 36
0.283493857103561 12 1
0 10 0
0 10 0
12.4656680091162 29 65
9.99970967738109 29 53
0 10 0
0 10 0
0 10 0
5.23057508586724 19 36
0 10 0
0 10 0
3.12398362186697 18 28
5.23057508586724 19 36
5.23057508586724 19 36
5.23057508586724 19 36
16.2381803252398 34 85
0 10 0
0 10 0
1.00726529636431 15 10
1.00726529636431 15 10
24.5435746953399 42 95
0 10 0
9.67956490831875 26 29
2.06850220905696 17 21
3.67862433116584 21 27
5.23057508586724 19 36
13.7350445212528 32 74
5.23057508586724 19 36
0 10 0
5.23057508586724 19 36
5.23057508586724 19 36
0 10 0
5.23057508586724 19 36
0 10 0
1.43308443609712 16 15
20.9144646107515 38 83
5.23057508586724 19 36
0 10 0
0 10 0
0 10 0
0 10 0
10.6476732225669 27 64
0 10 0
2.06850220905696 17 21
0 10 0
0.467958547578585 13 3
0 10 0
0 10 0
12.4656680091162 29 65
5.23057508586724 19 36
5.23057508586724 19 36
0 10 0
0 10 0
3.12398362186697 18 28
0 10 0
0 10 0
0 10 0
1.00726529636431 15 10
3.12398362186697 18 28
10.6476732225669 27 64
0 10 0
0.467958547578585 13 3
0 10 0
10.6476732225669 27 64
0 10 0
2.77113606096587 17 9
10.6476732225669 27 64
0 10 0
0 10 0
5.23057508586724 19 36
17.9533174636558 36 80
20.3319326883412 38 73
6.5436483770895 22 39
0 10 0
17.4585300448375 36 74
0 10 0
0 10 0
9.75526537978187 28 52
2.06850220905696 17 21
2.06850220905696 17 21
0 10 0
0 10 0
0 10 0
1.43308443609712 16 15
20.3319326883412 38 73
5.23057508586724 19 36
0 10 0
8.76684155383755 26 57
0 10 0
0 10 0
0 10 0
5.23057508586724 19 36
7.82648285614142 25 51
7.74548893483389 25 49
5.23057508586724 19 36
11.9106156655037 31 52
0 10 0
0 10 0
8.62993472459397 25 43
0 10 0
5.23057508586724 19 36
0 10 0
2.6656172595938 19 18
9.87470893257174 28 54
0.700690348793493 14 6
0 10 0
0 10 0
7.74548893483389 25 49
0 10 0
8.76684155383755 26 57
2.06850220905696 17 21
0 10 0
0 10 0
5.23057508586724 19 36
0 10 0
0 10 0
0 10 0
5.23057508586724 19 36
2.06850220905696 17 21
7.74548893483389 25 49
0 10 0
8.76684155383755 26 57
0 10 0
0 10 0
3.12398362186697 18 28
3.12398362186697 18 28
5.23057508586724 19 36
10.6476732225669 27 64
5.23057508586724 19 36
0 10 0
0 10 0
10.6476732225669 27 64
7.74548893483389 25 49
11.7222701463261 28 34
0 10 0
0 10 0
3.69512908002497 19 16
19.76787250595 38 91
4.2603082504762 21 31
0.700690348793493 14 6
5.23057508586724 19 36
12.0424149153884 31 67
0 10 0
3.12398362186697 18 28
12.512767589005 28 46
0 10 0
5.23057508586724 19 36
0 10 0
5.47246442000651 21 17
3.12398362186697 18 28
2.77113606096587 17 9
0 10 0
1.00726529636431 15 10
5.23057508586724 19 36
0 10 0
0 10 0
1.91358353544904 15 4
5.23057508586724 19 36
5.23057508586724 19 36
0 10 0
7.25231013382303 24 46
0 10 0
10.6476732225669 27 64
0 10 0
0 10 0
10.6476732225669 27 64
0 10 0
6.99931413587612 24 28
8.88054225218476 26 31
10.6476732225669 27 64
1.00726529636431 15 10
3.12398362186697 18 28
2.06850220905696 17 21
0 10 0
5.23057508586724 19 36
0 10 0
0.283493857103561 12 1
4.74080318751651 21 25
4.45111180100286 20 14
5.23057508586724 19 36
0 10 0
0.700690348793493 14 6
16.2381803252398 34 85
9.75526537978187 28 52
8.76684155383755 26 57
3.12398362186697 18 28
0 10 0
5.23057508586724 19 36
5.23057508586724 19 36
0 10 0
3.12398362186697 18 28
0 10 0
5.23057508586724 19 36
0 10 0
14.1002588383424 33 59
0 10 0
0 10 0
12.512767589005 28 46
0 10 0
13.6293819820279 32 58
5.23057508586724 19 36
4.46134563243225 22 31
10.7766179987855 29 60
6.01192781384721 23 36
0 10 0
5.23057508586724 19 36
10.6476732225669 27 64
17.379529897426 34 61
12.8087576481851 30 67
5.23057508586724 19 36
5.23057508586724 19 36
0 10 0
3.12398362186697 18 28
0 10 0
0 10 0
0 10 0
7.74548893483389 25 49
2.06850220905696 17 21
3.12398362186697 18 28
5.23057508586724 19 36
5.23057508586724 19 36
3.19554871582937 20 24
0 10 0
0 10 0
0 10 0
6.01192781384721 23 36
3.12398362186697 18 28
5.23057508586724 19 36
0 10 0
0 10 0
4.92064337686896 19 10
5.23057508586724 19 36
0.467958547578585 13 3
5.23057508586724 19 36
3.12398362186697 18 28
0.700690348793493 14 6
5.23057508586724 19 36
0 10 0
5.23057508586724 19 36
0 10 0
0.467958547578585 13 3
16.2381803252398 34 85
16.2381803252398 34 85
5.23057508586724 19 36
0.283493857103561 12 1
0 10 0
0 10 0
5.47246442000651 21 17
0 10 0
2.49577892041912 18 13
0 10 0
2.06850220905696 17 21
0 10 0
10.6476732225669 27 64
0 10 0
0 10 0
0 10 0
3.12398362186697 18 28
0 10 0
0 10 0
6.02483758053329 24 43
5.23057508586724 19 36
12.4656680091162 29 65
5.23057508586724 19 36
20.3319326883412 38 76
7.94947377015548 27 46
0 10 0
3.69512908002497 19 16
0 10 0
0 10 0
5.23057508586724 19 36
10.6476732225669 27 64
0 10 0
5.23057508586724 19 36
0 10 0
0.283493857103561 12 1
5.23057508586724 19 36
0 10 0
0 10 0
7.25231013382303 24 46
3.12398362186697 18 28
10.6476732225669 27 64
0 10 0
15.5649748551318 32 46
33.8503326791537 49 116
0 10 0
0 10 0
0 10 0
0 10 0
0 10 0
17.4866422623294 36 82
0.467958547578585 13 3
5.23057508586724 19 36
5.23057508586724 19 36
0 10 0
5.23057508586724 19 36
0 10 0
4.74080318751651 21 25
19.3105800693375 37 74
0 10 0
1.43308443609712 16 15
0 10 0
19.76787250595 38 91
0 10 0
10.1059344366644 28 46
5.23057508586724 19 36
6.85259938461243 23 42
0 10 0
9.99970967738109 29 53
8.76684155383755 26 57
0 10 0
16.2381803252398 34 85
3.12398362186697 18 28
1.00726529636431 15 10
3.12398362186697 18 28
5.23057508586724 19 36
10.7009175273224 27 32
0 10 0
3.12398362186697 18 28
5.23057508586724 19 36
0 10 0
12.4656680091162 29 65
9.92400920591798 27 38
0 10 0
0 10 0
0 10 0
7.25231013382303 24 46
0 10 0
0 10 0
13.5519343592385 32 72
15.7239314199354 33 71
7.25231013382303 24 46
5.23057508586724 19 36
21.9851785027673 40 100
0 10 0
0 10 0
6.01192781384721 23 36
31.7021023140096 47 109
1.43308443609712 16 15
0 10 0
12.5305817402349 31 64
11.9204894789586 30 61
14.5732869782422 33 79
0 10 0
2.06850220905696 17 21
0.700690348793493 14 6
0 10 0
0 10 0
4.55298908781576 21 19
3.12398362186697 18 28
6.01192781384721 23 36
10.1059344366644 28 46
21.3532853073448 39 81
5.23057508586724 19 36
0.700690348793493 14 6
0 10 0
0 10 0
0.700690348793493 14 6
2.06850220905696 17 21
1.00726529636431 15 10
0 10 0
2.06850220905696 17 21
5.23057508586724 19 36
3.19554871582937 20 24
8.76684155383755 26 57
0 10 0
0 10 0
8.43685537532916 27 44
0 10 0
8.76684155383755 26 57
5.23057508586724 19 36
1.91358353544904 15 4
8.69315569299259 24 40
3.12398362186697 18 28
8.76684155383755 26 57
10.6476732225669 27 64
0 10 0
0 10 0
2.77113606096587 17 9
10.6476732225669 27 64
0 10 0
0 10 0
1.91358353544904 15 4
3.12398362186697 18 28
0 10 0
0 10 0
3.12398362186697 18 28
3.12398362186697 18 28
5.23057508586724 19 36
3.12398362186697 18 28
0 10 0
0 10 0
0 10 0
10.1059344366644 28 46
0 10 0
3.12398362186697 18 28
9.75526537978187 28 52
5.23057508586724 19 36
6.28062837900799 21 37
5.23057508586724 19 36
0 10 0
0.283493857103561 12 1
0 10 0
14.5732869782422 33 79
1.43308443609712 16 15
5.23057508586724 19 36
0 10 0
8.18209917240418 25 31
1.43308443609712 16 15
18.185669314357 37 85
2.49577892041912 18 13
10.6476732225669 27 64
1.00726529636431 15 10
0 10 0
16.2381803252398 34 85
9.67956490831875 26 29
0 10 0
9.40898253265207 27 52
10.6476732225669 27 64
0 10 0
5.23057508586724 19 36
0 10 0
0 10 0
5.23057508586724 19 36
0 10 0
0 10 0
0 10 0
0 10 0
7.74548893483389 25 49
13.9517075490039 32 60
6.99931413587612 24 28
2.06850220905696 17 21
2.06850220905696 17 21
0 10 0
16.2381803252398 34 85
0 10 0
2.06850220905696 17 21
7.74548893483389 25 49
0.467958547578585 13 3
0 10 0
9.65128734359762 26 45
10.6476732225669 27 64
5.23057508586724 19 36
14.5732869782422 33 79
4.46134563243225 22 31
10.7766179987855 29 60
0 10 0
5.23057508586724 19 36
0 10 0
8.76684155383755 26 57
0 10 0
0 10 0
0 10 0
0 10 0
0 10 0
0 10 0
3.12398362186697 18 28
0 10 0
10.1059344366644 28 46
0 10 0
3.12398362186697 18 28
5.23057508586724 19 36
5.1603726844599 23 38
0 10 0
5.23057508586724 19 36
16.2381803252398 34 85
0 10 0
1.00726529636431 15 10
5.23057508586724 19 36
12.5305817402349 31 64
0 10 0
3.36464431162144 20 21
1.43308443609712 16 15
3.12398362186697 18 28
10.6476732225669 27 64
3.12398362186697 18 28
0.700690348793493 14 6
0 10 0
10.6476732225669 27 64
0 10 0
0 10 0
10.6476732225669 27 64
0 10 0
6.24559884798332 24 30
16.2381803252398 34 85
0 10 0
2.06850220905696 17 21
8.76684155383755 26 57
5.23057508586724 19 36
7.74548893483389 25 49
5.23057508586724 19 36
18.4798826638412 37 82
5.23057508586724 19 36
0 10 0
5.23057508586724 19 36
3.12398362186697 18 28
1.91358353544904 15 4
1.43308443609712 16 15
0 10 0
0 10 0
21.3532853073448 39 77
0 10 0
0 10 0
0 10 0
0.283493857103561 12 1
0 10 0
0 10 0
1.43308443609712 16 15
1.43308443609712 16 15
0 10 0
3.12398362186697 18 28
0 10 0
4.2603082504762 21 31
5.23057508586724 19 36
2.06850220905696 17 21
10.6936061187107 28 52
7.24375843347535 25 37
0 10 0
16.2381803252398 34 85
0 10 0
13.2051130650172 31 70
0 10 0
0 10 0
3.12398362186697 18 28
7.25231013382303 24 46
0 10 0
5.23057508586724 19 36
0 10 0
0 10 0
1.43308443609712 16 15
0 10 0
0 10 0
5.23057508586724 19 36
20.2154375587238 37 78
10.6476732225669 27 64
5.23057508586724 19 36
0 10 0
0 10 0
8.43685537532916 27 44
0 10 0
0 10 0
0 10 0
5.23057508586724 19 36
5.23057508586724 19 36
0 10 0
12.5305817402349 31 64
12.0424149153884 31 67
3.12398362186697 18 28
0 10 0
2.06850220905696 17 21
0 10 0
0.700690348793493 14 6
5.23057508586724 19 36
0 10 0
0 10 0
6.01192781384721 23 36
16.2381803252398 34 85
26.5953392189913 42 86
0 10 0
0.700690348793493 14 6
0 10 0
0 10 0
0 10 0
0 10 0
0 10 0
3.12398362186697 18 28
3.67862433116584 21 27
2.06850220905696 17 21
6.01192781384721 23 36
0 10 0
5.97796151687246 23 24
5.23057508586724 19 36
10.1059344366644 28 46
0 10 0
0 10 0
1.43308443609712 16 15
16.2381803252398 34 85
3.36464431162144 20 21
0 10 0
0 10 0
3.12398362186697 18 28
0 10 0
0.467958547578585 13 3
0 10 0
10.6476732225669 27 64
7.74548893483389 25 49
0.700690348793493 14 6
1.43308443609712 16 15
5.23057508586724 19 36
5.23057508586724 19 36
5.23057508586724 19 36
7.82648285614142 25 51
16.1387624213616 34 67
0 10 0
0 10 0
3.12398362186697 18 28
8.76684155383755 26 57
12.4355161522245 30 53
13.6293819820279 32 64
0 10 0
0 10 0
8.76684155383755 26 57
6.02483758053329 24 43
0 10 0
2.06850220905696 17 21
6.85259938461243 23 42
0 10 0
2.06850220905696 17 21
5.23057508586724 19 36
0 10 0
9.65128734359762 26 45
0 10 0
0 10 0
3.12398362186697 18 28
0 10 0
0.467958547578585 13 3
10.6476732225669 27 64
16.2381803252398 34 85
0 10 0
0 10 0
0.700690348793493 14 6
0 10 0
5.23057508586724 19 36
7.74548893483389 25 49
0 10 0
4.63044122822433 22 34
0 10 0
5.23057508586724 19 36
5.23057508586724 19 36
0 10 0
0 10 0
0 10 0
0 10 0
10.6476732225669 27 64
0 10 0
1.00726529636431 15 10
0 10 0
0 10 0
5.92327328100731 24 32
19.2567909852456 37 88
0 10 0
5.23057508586724 19 36
0 10 0
0 10 0
1.43308443609712 16 15
0 10 0
0 10 0
0.283493857103561 12 1
5.23057508586724 19 36
1.00726529636431 15 10
5.23057508586724 19 36
0 10 0
0.700690348793493 14 6
0 10 0
0 10 0
7.25231013382303 24 46
0 10 0
2.06850220905696 17 21
0 10 0
0.283493857103561 12 1
2.06850220905696 17 21
0 10 0
2.06850220905696 17 21
10.6476732225669 27 64
3.19554871582937 20 24
1.43308443609712 16 15
5.23057508586724 19 36
0 10 0
5.23057508586724 19 36
5.23057508586724 19 36
0 10 0
0 10 0
5.23057508586724 19 36
0 10 0
5.23057508586724 19 36
5.23057508586724 19 36
0 10 0
5.23057508586724 19 36
0 10 0
0 10 0
2.22929624120999 18 16
16.1387624213616 34 67
0 10 0
0 10 0
5.23057508586724 19 36
3.12398362186697 18 28
2.06850220905696 17 21
0 10 0
5.23057508586724 19 36
5.23057508586724 19 36
15.1216114573461 34 65
8.43685537532916 27 44
0 10 0
0 10 0
2.06850220905696 17 21
0 10 0
0 10 0
0 10 0
0 10 0
0.283493857103561 12 1
16.1429640763497 35 70
2.06850220905696 17 21
4.2603082504762 21 31
0 10 0
0.283493857103561 12 1
5.23057508586724 19 36
0 10 0
2.49577892041912 18 13
20.2154375587238 37 78
0 10 0
0 10 0
0 10 0
0 10 0
24.7775574676827 39 71
10.6476732225669 27 64
1.43308443609712 16 15
0 10 0
5.23057508586724 19 36
0 10 0
0 10 0
14.5732869782422 33 79
3.36464431162144 20 21
12.4656680091162 29 65
7.82648285614142 25 51
0 10 0
5.23057508586724 19 36
5.23057508586724 19 36
0 10 0
0 10 0
0 10 0
0 10 0
14.5732869782422 33 79
10.5737359845994 29 57
0 10 0
0 10 0
0 10 0
5.23057508586724 19 36
6.28062837900799 21 37
0 10 0
10.6476732225669 27 64
18.4008825164296 35 65
0 10 0
2.49577892041912 18 13
4.46134563243225 22 31
5.23057508586724 19 36
0 10 0
5.23057508586724 19 36
10.6476732225669 27 64
3.12398362186697 18 28
0 10 0
2.06850220905696 17 21
0 10 0
0 10 0
3.69512908002497 19 16
13.5519343592385 32 72
5.23057508586724 19 36
4.63044122822433 22 34
10.6476732225669 27 64
19.3105800693375 37 74
1.00726529636431 15 10
4.63044122822433 22 34
5.23057508586724 19 36
5.23057508586724 19 36
0 10 0
10.7766179987855 29 60
0 10 0
0.700690348793493 14 6
0.700690348793493 14 6
0 10 0
10.6476732225669 27 64
5.23057508586724 19 36
0 10 0
9.75526537978187 28 52
2.06850220905696 17 21
0 10 0
0 10 0
0 10 0
13.5519343592385 32 72
5.23057508586724 19 36
39.8930088284869 52 119
7.59442749035785 25 37
0 10 0
5.23057508586724 19 36
0.283493857103561 12 1
8.65821228931509 25 25
4.55298908781576 21 19
0 10 0
0 10 0
9.99970967738109 29 53
0 10 0
0 10 0
0 10 0
12.5305817402349 31 64
0.467958547578585 13 3
0 10 0
0 10 0
6.5436483770895 22 39
11.115799887706 29 40
0 10 0
0 10 0
12.5305817402349 31 64
1.00726529636431 15 10
0 10 0
5.23057508586724 19 36
6.28062837900799 21 37
0 10 0
3.12398362186697 18 28
5.23057508586724 19 36
0 10 0
0 10 0
6.01192781384721 23 36
0 10 0
0 10 0
3.97297661871026 20 29
0 10 0
13.7350445212528 32 74
12.5096523367732 30 47
0 10 0
5.23057508586724 19 36
0 10 0
3.12398362186697 18 28
0 10 0
0 10 0
0 10 0
3.97297661871026 20 29
0 10 0
4.63044122822433 22 34
1.00726529636431 15 10
0 10 0
0 10 0
0 10 0
19.5012352828448 38 89
10.6476732225669 27 64
0 10 0
0.700690348793493 14 6
10.6476732225669 27 64
0 10 0
27.6166918379949 43 89
0 10 0
5.23057508586724 19 36
0 10 0
6.28062837900799 21 37
0 10 0
19.5012352828448 38 89
0 10 0
5.23057508586724 19 36
0 10 0
0 10 0
13.1585051257133 31 49
3.12398362186697 18 28
0 10 0
0 10 0
5.23057508586724 19 36
5.23057508586724 19 36
8.65821228931509 25 25
0 10 0
26.5862799333472 44 106
0 10 0
13.5519343592385 32 72
12.5305817402349 31 64
0 10 0
0 10 0
0 10 0
12.1371525067097 30 45
0 10 0
0 10 0
5.1603726844599 23 38
13.2051130650172 31 70
3.67862433116584 21 27
0 10 0
1.00726529636431 15 10
1.00726529636431 15 10
6.02483758053329 24 43
0 10 0
3.12398362186697 18 28
0 10 0
5.23057508586724 19 36
0 10 0
5.23057508586724 19 36
0 10 0
39.8930088284869 52 119
0 10 0
0 10 0
5.23057508586724 19 36
6.85259938461243 23 42
0 10 0
6.01192781384721 23 36
5.23057508586724 19 36
0.467958547578585 13 3
11.0210622963848 30 59
5.23057508586724 19 36
0 10 0
5.23057508586724 19 36
14.5732869782422 33 79
5.23057508586724 19 36
10.6476732225669 27 64
7.74548893483389 25 49
7.82648285614142 25 51
3.97297661871026 20 29
12.5305817402349 31 64
5.23057508586724 19 36
0 10 0
5.23057508586724 19 36
17.4585300448375 36 74
3.12398362186697 18 28
5.1603726844599 23 38
5.23057508586724 19 36
0 10 0
0 10 0
16.1429640763497 35 73
8.87905107641649 26 47
2.77113606096587 17 9
0 10 0
5.23057508586724 19 36
7.94947377015548 27 46
0 10 0
2.85445750925975 19 22
7.82648285614142 25 51
22.5008694573326 40 80
0 10 0
0 10 0
0 10 0
32.7234549330132 48 113
3.12398362186697 18 28
7.74548893483389 25 49
4.92064337686896 19 10
0 10 0
5.23057508586724 19 36
3.36464431162144 20 21
0 10 0
0 10 0
5.23057508586724 19 36
4.63044122822433 22 34
8.43685537532916 27 44
5.23057508586724 19 36
5.23057508586724 19 36
11.9204894789586 30 61
21.9851785027673 40 100
0 10 0
3.12398362186697 18 28
12.512767589005 28 46
0 10 0
0 10 0
0 10 0
0 10 0
10.6476732225669 27 64
5.23057508586724 19 36
0 10 0
0 10 0
5.23057508586724 19 36
0 10 0
0 10 0
6.5436483770895 22 39
0 10 0
10.6476732225669 27 64
2.06850220905696 17 21
22.5008694573326 40 80
7.94947377015548 27 46
0.467958547578585 13 3
5.23057508586724 19 36
17.4585300448375 36 74
10.6476732225669 27 64
0.700690348793493 14 6
5.23057508586724 19 36
6.5436483770895 22 39
3.67862433116584 21 27
3.67862433116584 21 27
8.76684155383755 26 57
10.6476732225669 27 64
5.23057508586724 19 36
6.01192781384721 23 36
5.23057508586724 19 36
3.12398362186697 18 28
7.74548893483389 25 49
5.23057508586724 19 36
0 10 0
5.23057508586724 19 36
0 10 0
0 10 0
0.283493857103561 12 1
6.22240581447169 24 35
0 10 0
3.12398362186697 18 28
4.74080318751651 21 25
11.0210622963848 30 59
1.43308443609712 16 15
6.01192781384721 23 36
0 10 0
0 10 0
0 10 0
5.23057508586724 19 36
0.467958547578585 13 3
0 10 0
0.467958547578585 13 3
10.6476732225669 27 64
0 10 0
4.2603082504762 21 31
7.74548893483389 25 49
0 10 0
16.1429640763497 35 70
0 10 0
5.23057508586724 19 36
0 10 0
3.12398362186697 18 28
0 10 0
0 10 0
0 10 0
8.76684155383755 26 57
0 10 0
3.12398362186697 18 28
10.6476732225669 27 64
0 10 0
2.06850220905696 17 21
4.74080318751651 21 25
5.23057508586724 19 36
0 10 0
0 10 0
1.43308443609712 16 15
5.23057508586724 19 36
0 10 0
9.35529728441752 24 20
2.06850220905696 17 21
16.7452840389391 34 73
3.12398362186697 18 28
3.12398362186697 18 28
0 10 0
7.25231013382303 24 46
0 10 0
0 10 0
0 10 0
8.76684155383755 26 57
0 10 0
0 10 0
3.12398362186697 18 28
13.2051130650172 31 70
5.23057508586724 19 36
6.28062837900799 21 37
3.12398362186697 18 28
3.69512908002497 19 16
0 10 0
0 10 0
0 10 0
0 10 0
1.43308443609712 16 15
0 10 0
0 10 0
7.74548893483389 25 49
6.01192781384721 23 36
19.76787250595 38 91
2.06850220905696 17 21
15.4439370243221 34 67
5.23057508586724 19 36
0 10 0
1.00726529636431 15 10
0 10 0
0 10 0
0 10 0
0 10 0
2.06850220905696 17 21
10.6476732225669 27 64
5.23057508586724 19 36
6.01192781384721 23 36
0 10 0
2.49577892041912 18 13
8.76684155383755 26 57
1.43308443609712 16 15
0 10 0
0 10 0
10.6476732225669 27 64
0 10 0
0.700690348793493 14 6
2.49577892041912 18 13
0 10 0
5.23057508586724 19 36
0 10 0
7.74548893483389 25 49
3.12398362186697 18 28
5.23057508586724 19 36
5.23057508586724 19 36
0 10 0
2.6656172595938 19 18
0 10 0
0 10 0
13.5519343592385 32 72
9.07309464969869 27 35
0 10 0
0 10 0
0 10 0
2.06850220905696 17 21
0 10 0
0 10 0
5.23057508586724 19 36
11.0210622963848 30 59
0 10 0
27.8662030151249 45 110
9.35529728441752 24 20
0 10 0
1.43308443609712 16 15
7.74548893483389 25 49
0 10 0
8.18209917240418 25 31
0 10 0
0 10 0
8.18209917240418 25 31
0 10 0
0 10 0
0 10 0
0 10 0
0 10 0
5.23057508586724 19 36
10.6476732225669 27 64
10.6476732225669 27 64
3.12398362186697 18 28
16.2381803252398 34 85
20.3319326883412 38 76
10.6476732225669 27 64
0.283493857103561 12 1
3.12398362186697 18 28
6.01192781384721 23 36
0 10 0
8.75918094230517 27 42
6.5436483770895 22 39
30.6807496950059 46 104
5.23057508586724 19 36
16.2381803252398 34 85
8.69315569299259 24 40
1.43308443609712 16 15
0.700690348793493 14 6
8.65821228931509 25 25
20.5225879018485 39 95
0 10 0
5.23057508586724 19 36
5.23057508586724 19 36
0 10 0
0 10 0
2.6656172595938 19 18
9.07309464969869 27 35
5.23057508586724 19 36
2.06850220905696 17 21
0 10 0
0 10 0
0 10 0
0 10 0
3.12398362186697 18 28
0 10 0
10.6476732225669 27 64
2.06850220905696 17 21
10.6476732225669 27 64
2.06850220905696 17 21
14.947023098531 33 65
13.2051130650172 31 70
0 10 0
3.12398362186697 18 28
16.2381803252398 34 85
7.74548893483389 25 49
2.06850220905696 17 21
0 10 0
10.6476732225669 27 64
12.9303549300002 31 58
0 10 0
2.06850220905696 17 21
0.283493857103561 12 1
0 10 0
0 10 0
10.1059344366644 28 46
4.46134563243225 22 31
5.23057508586724 19 36
5.23057508586724 19 36
12.6080293630242 31 56
3.12398362186697 18 28
5.23057508586724 19 36
1.43308443609712 16 15
7.74548893483389 25 49
0 10 0
0 10 0
5.23057508586724 19 36
0 10 0
10.6476732225669 27 64
8.76684155383755 26 57
0.283493857103561 12 1
0 10 0
1.00726529636431 15 10
10.6476732225669 27 64
10.6476732225669 27 64
6.36754413010997 23 26
0 10 0
0 10 0
0 10 0
0 10 0
0 10 0
0 10 0
3.12398362186697 18 28
18.8277081981799 36 86
0.283493857103561 12 1
0 10 0
13.2051130650172 31 70
5.23057508586724 19 36
7.24375843347535 25 37
10.6476732225669 27 64
0 10 0
7.74548893483389 25 49
0 10 0
10.6476732225669 27 64
0 10 0
0 10 0
5.23057508586724 19 36
7.74548893483389 25 49
1.74978344196222 16 7
13.7350445212528 32 74
5.23057508586724 19 36
0 10 0
5.23057508586724 19 36
0 10 0
0 10 0
5.23057508586724 19 36
0 10 0
0 10 0
2.06850220905696 17 21
0 10 0
7.74548893483389 25 49
1.74978344196222 16 7
0 10 0
0 10 0
0 10 0
0 10 0
0 10 0
0 10 0
5.23057508586724 19 36
14.5732869782422 33 79
5.23057508586724 19 36
2.06850220905696 17 21
0 10 0
3.12398362186697 18 28
0 10 0
0 10 0
0 10 0
16.9897283365383 35 80
0 10 0
0 10 0
5.23057508586724 19 36
12.8087576481851 30 67
6.85259938461243 23 42
1.74978344196222 16 7
0 10 0
10.6476732225669 27 64
0 10 0
0 10 0
0 10 0
0.700690348793493 14 6
9.35529728441752 24 20
0 10 0
3.12398362186697 18 28
5.23057508586724 19 36
5.23057508586724 19 36
0 10 0
0 10 0
5.97796151687246 23 24
4.74080318751651 21 25
3.12398362186697 18 28
0 10 0
3.12398362186697 18 28
0 10 0
6.85259938461243 23 42
12.5305817402349 31 64
3.12398362186697 18 28
3.12398362186697 18 28
10.6476732225669 27 64
3.12398362186697 18 28
0 10 0
10.6476732225669 27 64
0 10 0
1.43308443609712 16 15
0.467958547578585 13 3
0 10 0
5.23057508586724 19 36
0.467958547578585 13 3
7.74548893483389 25 49
0 10 0
0 10 0
5.23057508586724 19 36
14.5732869782422 33 79
14.9730601680075 33 64
0.283493857103561 12 1
0 10 0
10.6476732225669 27 64
5.23057508586724 19 36
2.06850220905696 17 21
0 10 0
0 10 0
0 10 0
20.3316821762053 36 74
0 10 0
10.1059344366644 28 46
5.23057508586724 19 36
5.23057508586724 19 36
1.00726529636431 15 10
2.06850220905696 17 21
0 10 0
5.23057508586724 19 36
7.82648285614142 25 51
6.49381703901017 22 19
0 10 0
0.283493857103561 12 1
9.07309464969869 27 35
0.283493857103561 12 1
1.43308443609712 16 15
10.79347432073 29 45
0 10 0
0 10 0
0 10 0
10.6476732225669 27 64
0 10 0
10.1059344366644 28 46
0 10 0
17.4585300448375 36 74
0 10 0
1.43308443609712 16 15
14.5732869782422 33 79
7.25231013382303 24 46
0.467958547578585 13 3
0 10 0
3.12398362186697 18 28
3.12398362186697 18 28
5.23057508586724 19 36
5.23057508586724 19 36
4.74080318751651 21 25
0 10 0
5.23057508586724 19 36
0.283493857103561 12 1
0 10 0
7.74548893483389 25 49
7.74548893483389 25 49
3.69512908002497 19 16
16.4652896433257 35 75
0 10 0
5.23057508586724 19 36
6.28062837900799 21 37
0 10 0
15.7239314199354 33 71
5.23057508586724 19 36
0 10 0
5.23057508586724 19 36
1.43308443609712 16 15
21.9851785027673 40 100
0 10 0
0 10 0
15.1216114573461 34 65
6.5436483770895 22 39
0.700690348793493 14 6
0 10 0
5.23057508586724 19 36
0 10 0
5.23057508586724 19 36
0.467958547578585 13 3
13.2051130650172 31 70
14.5732869782422 33 79
0 10 0
20.9144646107515 38 83
0 10 0
0 10 0
0 10 0
1.00726529636431 15 10
0 10 0
0 10 0
8.62993472459397 25 43
0 10 0
0 10 0
0 10 0
3.12398362186697 18 28
6.5436483770895 22 39
16.2381803252398 34 85
0 10 0
5.23057508586724 19 36
0 10 0
0 10 0
0 10 0
12.5305817402349 31 64
0 10 0
0 10 0
0 10 0
10.6476732225669 27 64
8.76684155383755 26 57
6.5436483770895 22 39
7.74548893483389 25 49
6.01192781384721 23 36
0 10 0
7.82648285614142 25 51
3.12398362186697 18 28
3.12398362186697 18 28
3.12398362186697 18 28
3.12398362186697 18 28
1.88057403773076 17 11
0 10 0
13.5519343592385 32 72
3.12398362186697 18 28
0 10 0
0 10 0
0.700690348793493 14 6
19.76787250595 38 91
34.7862457334686 47 99
0 10 0
0 10 0
0 10 0
0 10 0
0 10 0
17.2678748313302 35 60
3.12398362186697 18 28
5.23057508586724 19 36
0.467958547578585 13 3
3.12398362186697 18 28
0 10 0
8.76684155383755 26 57
21.3532853073448 39 77
0 10 0
0 10 0
12.8087576481851 30 67
5.23057508586724 19 36
1.88057403773076 17 11
12.8087576481851 30 67
6.01192781384721 23 36
10.6476732225669 27 64
0 10 0
5.23057508586724 19 36
5.23057508586724 19 36
2.77113606096587 17 9
2.06850220905696 17 21
5.23057508586724 19 36
5.23057508586724 19 36
0 10 0
7.82648285614142 25 51
0 10 0
0 10 0
0 10 0
0 10 0
14.9730601680075 33 64
0 10 0
3.12398362186697 18 28
4.46134563243225 22 31
12.5305817402349 31 64
3.67862433116584 21 27
0 10 0
5.23057508586724 19 36
5.23057508586724 19 36
10.5737359845994 29 57
5.23057508586724 19 36
1.43308443609712 16 15
14.9746735225147 34 70
10.1059344366644 28 46
0 10 0
0 10 0
5.23057508586724 19 36
0 10 0
0 10 0
8.76684155383755 26 57
5.23057508586724 19 36
0 10 0
0 10 0
6.02483758053329 24 43
5.1603726844599 23 38
0 10 0
2.77113606096587 17 9
3.12398362186697 18 28
0.283493857103561 12 1
0 10 0
0 10 0
3.12398362186697 18 28
6.55141966610019 25 34
5.23057508586724 19 36
5.23057508586724 19 36
16.2381803252398 34 85
3.12398362186697 18 28
7.82648285614142 25 51
10.5737359845994 29 57
0 10 0
0 10 0
0 10 0
5.23057508586724 19 36
0 10 0
1.00726529636431 15 10
0 10 0
0.283493857103561 12 1
0.700690348793493 14 6
1.00726529636431 15 10
3.12398362186697 18 28
3.36464431162144 20 21
5.23057508586724 19 36
18.4798826638412 37 82
6.22240581447169 24 35
10.6476732225669 27 64
0 10 0
1.43308443609712 16 15
1.43308443609712 16 15
1.00726529636431 15 10
4.63044122822433 22 34
0 10 0
13.2051130650172 31 70
1.43308443609712 16 15
0 10 0
0 10 0
14.5732869782422 33 79
0 10 0
13.7350445212528 32 74
9.75526537978187 28 52
10.6476732225669 27 64
0 10 0
2.77113606096587 17 9
5.23057508586724 19 36
8.62993472459397 25 43
13.7350445212528 32 74
0 10 0
17.9533174636558 36 80
0 10 0
1.00726529636431 15 10
0 10 0
0 10 0
0 10 0
5.23057508586724 19 36
0 10 0
1.00726529636431 15 10
0 10 0
0.700690348793493 14 6
5.23057508586724 19 36
6.02483758053329 24 43
6.02483758053329 24 43
0 10 0
0 10 0
5.23057508586724 19 36
8.75918094230517 27 42
0 10 0
0 10 0
2.77113606096587 17 9
6.5436483770895 22 39
0.283493857103561 12 1
0 10 0
16.2381803252398 34 85
10.6476732225669 27 64
0 10 0
5.23057508586724 19 36
5.23057508586724 19 36
0 10 0
4.46134563243225 22 31
0 10 0
9.99970967738109 29 53
3.12398362186697 18 28
0 10 0
2.06850220905696 17 21
28.6380444569986 44 96
5.23057508586724 19 36
0 10 0
0 10 0
0 10 0
10.6476732225669 27 64
5.97796151687246 23 24
0.283493857103561 12 1
0 10 0
4.46134563243225 22 31
5.23057508586724 19 36
8.76684155383755 26 57
3.12398362186697 18 28
0 10 0
0 10 0
0.283493857103561 12 1
10.6476732225669 27 64
9.35529728441752 24 20
7.74548893483389 25 49
3.12398362186697 18 28
2.49577892041912 18 13
0 10 0
1.00726529636431 15 10
0 10 0
9.92400920591798 27 38
1.43308443609712 16 15
0 10 0
0 10 0
0 10 0
25.3546960688184 42 101
5.23057508586724 19 36
5.23057508586724 19 36
6.28062837900799 21 37
0 10 0
16.2381803252398 34 85
0 10 0
0 10 0
11.115799887706 29 40
0 10 0
10.6936061187107 28 52
9.35529728441752 24 20
0 10 0
10.1059344366644 28 46
1.91358353544904 15 4
10.6476732225669 27 64
0 10 0
0 10 0
0 10 0
8.43685537532916 27 44
0 10 0
10.1059344366644 28 46
5.23057508586724 19 36
1.00726529636431 15 10
0 10 0
0 10 0
0 10 0
1.00726529636431 15 10
0.700690348793493 14 6
0 10 0
0 10 0
5.23057508586724 19 36
10.6476732225669 27 64
0 10 0
0 10 0
0 10 0
0 10 0
6.28062837900799 21 37
0 10 0
7.25044671812783 26 41
10.6476732225669 27 64
0 10 0
4.2603082504762 21 31
0 10 0
2.06850220905696 17 21
5.23057508586724 19 36
0 10 0
6.5436483770895 22 39
10.6476732225669 27 64
7.74548893483389 25 49
0 10 0
0 10 0
8.64850082218313 28 49
0 10 0
0 10 0
5.23057508586724 19 36
1.43308443609712 16 15
4.63044122822433 22 34
3.97297661871026 20 29
0 10 0
5.23057508586724 19 36
0 10 0
10.2514104176234 29 55
10.6476732225669 27 64
0 10 0
5.23057508586724 19 36
9.75526537978187 28 52
0 10 0
16.2381803252398 34 85
1.91358353544904 15 4
4.2603082504762 21 31
10.6476732225669 27 64
1.91358353544904 15 4
0 10 0
0 10 0
0 10 0
32.7234549330132 48 113
0 10 0
0 10 0
0 10 0
0 10 0
0 10 0
2.06850220905696 17 21
6.85259938461243 23 42
0 10 0
0 10 0
0 10 0
0 10 0
13.5519343592385 32 72
0 10 0
0 10 0
2.06850220905696 17 21
5.47246442000651 21 17
0.467958547578585 13 3
8.75918094230517 27 42
7.74548893483389 25 49
0 10 0
0 10 0
10.6476732225669 27 64
8.65821228931509 25 25
0 10 0
7.74548893483389 25 49
0 10 0
5.23057508586724 19 36
6.28062837900799 21 37
0 10 0
0 10 0
0 10 0
25.3546960688184 42 101
0 10 0
0 10 0
0 10 0
4.46134563243225 22 31
1.91358353544904 15 4
0 10 0
0 10 0
8.06015389027753 26 39
2.06850220905696 17 21
3.12398362186697 18 28
8.76684155383755 26 57
3.12398362186697 18 28
5.23057508586724 19 36
0 10 0
0 10 0
0 10 0
5.23057508586724 19 36
0 10 0
0 10 0
0 10 0
0.467958547578585 13 3
7.74548893483389 25 49
6.36754413010997 23 26
13.1585051257133 31 49
0 10 0
1.43308443609712 16 15
0 10 0
16.2381803252398 34 85
0 10 0
0 10 0
0 10 0
6.01192781384721 23 36
0 10 0
10.6476732225669 27 64
5.23057508586724 19 36
0 10 0
0 10 0
14.6507346010315 33 66
7.24375843347535 25 37
0 10 0
33.8503326791537 49 116
0 10 0
5.23057508586724 19 36
0 10 0
6.5436483770895 22 39
5.23057508586724 19 36
5.23057508586724 19 36
0 10 0
5.23057508586724 19 36
5.23057508586724 19 36
5.23057508586724 19 36
0 10 0
3.12398362186697 18 28
8.18209917240418 25 31
3.12398362186697 18 28
0 10 0
7.74548893483389 25 49
0 10 0
3.69512908002497 19 16
16.2381803252398 34 85
0 10 0
0 10 0
0 10 0
0 10 0
17.9533174636558 36 80
0.467958547578585 13 3
0 10 0
7.82648285614142 25 51
0 10 0
1.88057403773076 17 11
3.12398362186697 18 28
5.1603726844599 23 38
1.43308443609712 16 15
0 10 0
0 10 0
6.02483758053329 24 43
0 10 0
5.47246442000651 21 17
0 10 0
0 10 0
7.25231013382303 24 46
3.12398362186697 18 28
