"COLLES.MDM.LN" "SACKIN" "COPHENETIC"
7.25231013382303 24 46
1.91358353544904 15 4
0.283493857103561 12 1
0.637861178483013 14 2
1.74978344196222 16 7
20.9144646107515 38 83
1.91358353544904 15 4
5.23057508586724 19 36
0.283493857103561 12 1
0 10 0
1.24788946020956 16 6
5.70891501851951 24 31
0.637861178483013 14 2
3.69512908002497 19 16
0 10 0
10.3944640546511 28 58
1.24788946020956 16 6
1.24271285924775 16 7
10.3944640546511 28 58
0.700690348793493 14 6
1.00726529636431 15 10
0 10 0
6.5436483770895 22 39
0.283493857103561 12 1
0 10 0
0 10 0
1.00726529636431 15 10
0.283493857103561 12 1
0.283493857103561 12 1
4.2603082504762 21 31
2.06850220905696 17 21
0.283493857103561 12 1
0.467958547578585 13 3
2.75800294540928 19 22
4.59260048507769 22 9
3.12398362186697 18 28
0.467958547578585 13 3
2.85445750925975 19 22
0.637861178483013 14 2
2.85445750925975 19 22
3.41184004254982 22 25
3.97297661871026 20 29
6.02483758053329 24 43
0 10 0
0.283493857103561 12 1
0.899301870651533 15 4
0.637861178483013 14 2
0 10 0
4.50149652010422 22 30
0.467958547578585 13 3
0.283493857103561 12 1
0 10 0
0.700690348793493 14 6
5.1603726844599 23 38
6.28062837900799 21 37
0.467958547578585 13 3
3.19554871582937 20 24
2.06850220905696 17 21
0 10 0
14.3242073790674 32 62
2.75800294540928 19 22
0.283493857103561 12 1
0.283493857103561 12 1
6.27763862307602 23 18
0.283493857103561 12 1
0 10 0
0 10 0
3.12398362186697 18 28
2.45241622077722 18 12
3.19554871582937 20 24
0.467958547578585 13 3
0.283493857103561 12 1
0.467958547578585 13 3
5.23057508586724 19 36
1.74978344196222 16 7
2.06850220905696 17 21
3.67862433116584 21 27
0.283493857103561 12 1
6.28062837900799 21 37
0 10 0
1.00726529636431 15 10
12.4656680091162 29 65
0 10 0
0 10 0
0.283493857103561 12 1
0.700690348793493 14 6
0.467958547578585 13 3
1.72970016443663 17 9
0 10 0
0 10 0
0 10 0
2.42921672360441 18 16
0 10 0
9.96132287507293 26 41
8.76684155383755 26 57
0 10 0
0.899301870651533 15 4
1.00726529636431 15 10
3.67862433116584 21 27
0.637861178483013 14 2
0 10 0
2.22929624120999 18 16
0 10 0
0 10 0
0 10 0
16.2381803252398 34 85
0.283493857103561 12 1
2.75014865838149 18 7
0 10 0
0.283493857103561 12 1
3.12398362186697 18 28
5.47246442000651 21 17
0.283493857103561 12 1
0.467958547578585 13 3
0 10 0
6.02483758053329 24 43
0 10 0
1.74978344196222 16 7
0 10 0
0 10 0
0 10 0
6.28062837900799 21 37
0 10 0
3.97297661871026 20 29
0 10 0
1.91358353544904 15 4
0 10 0
1.88057403773076 17 11
0 10 0
0 10 0
0 10 0
2.49577892041912 18 13
2.42921672360441 18 16
0.283493857103561 12 1
0.283493857103561 12 1
0.283493857103561 12 1
5.23057508586724 19 36
0.283493857103561 12 1
0 10 0
5.23057508586724 19 36
5.42715705176533 22 13
0.283493857103561 12 1
0 10 0
1.24271285924775 16 7
1.24271285924775 16 7
1.24788946020956 16 6
6.28062837900799 21 37
0 10 0
7.82648285614142 25 51
0.467958547578585 13 3
3.41025307583443 20 29
3.12398362186697 18 28
5.03632648182155 25 34
0 10 0
0.899301870651533 15 4
1.71900729842358 17 11
0 10 0
0.283493857103561 12 1
0.283493857103561 12 1
1.43308443609712 16 15
2.32490787272615 18 8
6.28062837900799 21 37
0 10 0
6.28062837900799 21 37
2.06850220905696 17 21
5.23057508586724 19 36
25.5649273143436 43 101
6.28062837900799 21 37
1.00726529636431 15 10
0 10 0
2.22929624120999 18 16
0 10 0
0.283493857103561 12 1
0.637861178483013 14 2
1.91358353544904 15 4
0.283493857103561 12 1
1.00726529636431 15 10
5.23057508586724 19 36
2.42921672360441 18 16
0.283493857103561 12 1
7.74548893483389 25 49
0.637861178483013 14 2
0 10 0
0 10 0
0 10 0
2.97668549958739 19 6
0 10 0
1.91358353544904 15 4
15.6702378935924 32 68
10.6476732225669 27 64
1.88057403773076 17 11
2.22929624120999 18 16
0 10 0
0 10 0
0 10 0
1.13029486946557 20 21
0 10 0
0.283493857103561 12 1
0 10 0
2.06850220905696 17 21
6.5436483770895 22 39
0.467958547578585 13 3
2.6656172595938 19 18
2.77113606096587 17 9
0 10 0
6.28062837900799 21 37
0.700690348793493 14 6
1.91358353544904 15 4
4.63044122822433 22 34
7.74548893483389 25 49
4.45111180100286 20 14
2.22929624120999 18 16
0 10 0
11.0862205453522 28 46
14.5732869782422 33 79
4.55298908781576 21 19
1.43308443609712 16 15
0.467958547578585 13 3
0 10 0
0.283493857103561 12 1
0 10 0
1.91358353544904 15 4
0 10 0
0 10 0
1.24271285924775 16 7
5.23057508586724 19 36
0.283493857103561 12 1
3.19554871582937 20 24
0.283493857103561 12 1
0.637861178483013 14 2
7.82648285614142 25 51
0 10 0
0 10 0
11.417830037039 30 59
0.283493857103561 12 1
0.283493857103561 12 1
0.283493857103561 12 1
0 10 0
2.85445750925975 19 22
11.2293917873788 30 55
0.899301870651533 15 4
0.467958547578585 13 3
1.00726529636431 15 10
8.18209917240418 25 31
2.85445750925975 19 22
0.283493857103561 12 1
0.467958547578585 13 3
0.283493857103561 12 1
6.28062837900799 21 37
0.700690348793493 14 6
0.283493857103561 12 1
0.637861178483013 14 2
0.283493857103561 12 1
0 10 0
7.29899124207967 24 20
0 10 0
0.637861178483013 14 2
0 10 0
19.2567909852456 37 88
0.899301870651533 15 4
0.283493857103561 12 1
2.42921672360441 18 16
5.80841619060542 23 26
0 10 0
10.6476732225669 27 64
0.283493857103561 12 1
0 10 0
0.283493857103561 12 1
0.283493857103561 12 1
6.85259938461243 23 42
0.283493857103561 12 1
6.49381703901017 22 19
1.00726529636431 15 10
0.283493857103561 12 1
5.23057508586724 19 36
1.91358353544904 15 4
2.75014865838149 18 7
0.283493857103561 12 1
0.637861178483013 14 2
1.47442630141546 17 5
12.512767589005 28 46
1.74978344196222 16 7
0.899301870651533 15 4
2.07053813476378 20 14
4.2603082504762 21 31
1.43308443609712 16 15
0 10 0
8.76684155383755 26 57
0.283493857103561 12 1
0 10 0
7.29899124207967 24 20
0 10 0
0.283493857103561 12 1
0.283493857103561 12 1
0 10 0
0.283493857103561 12 1
0 10 0
5.23057508586724 19 36
0.283493857103561 12 1
1.43308443609712 16 15
2.3691986629369 17 5
0 10 0
0.637861178483013 14 2
0 10 0
4.55298908781576 21 19
9.3731114356474 27 50
1.00726529636431 15 10
0.283493857103561 12 1
0 10 0
1.00726529636431 15 10
0.899301870651533 15 4
0 10 0
2.38847406016187 19 18
6.28062837900799 21 37
6.21564113105994 23 32
1.09347630597088 16 3
0.467958547578585 13 3
0 10 0
1.72970016443663 17 9
0 10 0
3.67862433116584 21 27
0 10 0
15.6289578224412 34 75
1.24788946020956 16 6
1.71900729842358 17 11
0 10 0
1.91358353544904 15 4
0.467958547578585 13 3
0.283493857103561 12 1
0.700690348793493 14 6
0.700690348793493 14 6
0.283493857103561 12 1
2.77113606096587 17 9
6.21564113105994 23 32
14.9730601680075 33 64
1.43308443609712 16 15
0 10 0
4.37376465766898 22 25
0.283493857103561 12 1
4.43493053121361 23 28
4.43493053121361 22 22
2.06850220905696 17 21
4.2603082504762 21 31
2.8612820611479 22 25
1.43308443609712 16 15
0 10 0
0 10 0
2.85823786634857 19 10
0.467958547578585 13 3
0.899301870651533 15 4
5.09447305951757 24 22
7.41743333602656 23 38
4.25920636162872 24 30
0.700690348793493 14 6
4.92064337686896 19 10
6.28062837900799 21 37
3.41025307583443 20 29
1.88057403773076 17 11
2.3691986629369 17 5
4.50149652010422 22 30
3.69512908002497 19 16
6.5436483770895 22 39
0 10 0
0.899301870651533 15 4
3.19554871582937 20 24
0.283493857103561 12 1
0.637861178483013 14 2
6.5436483770895 22 39
1.00726529636431 15 10
0 10 0
1.91358353544904 15 4
5.23057508586724 19 36
4.74080318751651 21 25
5.23057508586724 19 36
0 10 0
0.283493857103561 12 1
0.283493857103561 12 1
0.467958547578585 13 3
6.36754413010997 23 26
0.467958547578585 13 3
3.2969092442989 20 17
0 10 0
0.283493857103561 12 1
0.283493857103561 12 1
0.467958547578585 13 3
0.283493857103561 12 1
0 10 0
2.49577892041912 18 13
7.48820273107458 26 44
2.77113606096587 17 9
6.28062837900799 21 37
2.77113606096587 17 9
0.283493857103561 12 1
8.76684155383755 26 57
3.41025307583443 20 29
0 10 0
1.88057403773076 17 11
0 10 0
7.11776176911495 26 31
1.71900729842358 17 11
0 10 0
0 10 0
13.7350445212528 32 74
0.467958547578585 13 3
17.2678748313302 35 63
0 10 0
0 10 0
0.637861178483013 14 2
7.48820273107458 26 44
5.23057508586724 19 36
1.71900729842358 17 11
0.283493857103561 12 1
6.85259938461243 23 42
0 10 0
2.97668549958739 19 6
0.283493857103561 12 1
0 10 0
2.06850220905696 17 21
0.283493857103561 12 1
2.75014865838149 18 7
0 10 0
7.65433414179615 24 14
1.88057403773076 17 11
0.283493857103561 12 1
3.41025307583443 20 29
0.467958547578585 13 3
2.75800294540928 19 22
0 10 0
11.7416945097582 30 41
0 10 0
7.77945315328328 24 40
0.899301870651533 15 4
0.899301870651533 15 4
0.283493857103561 12 1
0 10 0
0.700690348793493 14 6
8.43685537532916 27 44
6.80967612958706 26 25
2.3691986629369 17 5
7.25231013382303 24 46
0.283493857103561 12 1
1.24271285924775 16 7
0 10 0
3.36464431162144 20 21
0.283493857103561 12 1
1.74978344196222 16 7
6.36754413010997 23 26
1.47442630141546 17 5
0 10 0
6.28062837900799 21 37
0.283493857103561 12 1
0.899301870651533 15 4
1.74978344196222 16 7
2.3691986629369 17 5
1.24271285924775 16 7
0 10 0
2.85445750925975 19 22
0.283493857103561 12 1
4.92064337686896 19 10
0.283493857103561 12 1
1.00726529636431 15 10
6.28062837900799 21 37
2.50193046735464 21 13
0 10 0
7.25231013382303 24 46
1.71900729842358 17 11
6.5436483770895 22 39
4.49609640475824 23 28
14.3945155366264 31 66
0.283493857103561 12 1
0.283493857103561 12 1
12.4656680091162 29 65
16.4652896433257 35 75
1.24788946020956 16 6
5.23057508586724 19 36
2.85445750925975 19 22
0 10 0
2.22929624120999 18 16
2.85823786634857 19 10
4.85531819497703 26 31
5.23057508586724 19 36
0 10 0
3.3462604917298 19 10
0 10 0
0.283493857103561 12 1
0 10 0
2.06850220905696 17 21
7.37256449198593 25 33
0 10 0
3.69512908002497 19 16
8.62993472459397 25 43
0.283493857103561 12 1
0.467958547578585 13 3
0.283493857103561 12 1
0.283493857103561 12 1
7.25231013382303 24 46
0 10 0
0.283493857103561 12 1
2.06850220905696 17 21
0.283493857103561 12 1
4.74080318751651 21 25
0 10 0
8.69315569299259 24 40
2.8612820611479 22 25
6.85259938461243 23 42
1.00726529636431 15 10
6.28062837900799 21 37
0.283493857103561 12 1
1.91358353544904 15 4
16.4652896433257 35 75
1.74978344196222 16 7
4.93991877409392 22 30
1.71900729842358 17 11
6.62230033303495 25 39
8.69315569299259 24 40
6.28062837900799 21 37
6.28062837900799 21 37
0.467958547578585 13 3
0.283493857103561 12 1
6.28062837900799 21 37
1.71900729842358 17 11
0.283493857103561 12 1
0 10 0
0.283493857103561 12 1
0.283493857103561 12 1
0.467958547578585 13 3
0.467958547578585 13 3
0 10 0
0 10 0
3.12398362186697 18 28
1.91358353544904 15 4
0.467958547578585 13 3
7.77945315328328 24 40
10.6476732225669 27 64
4.2603082504762 21 31
0.283493857103561 12 1
0.467958547578585 13 3
7.25231013382303 24 46
0 10 0
0.283493857103561 12 1
1.24271285924775 16 7
15.6225774822218 34 49
0.637861178483013 14 2
2.35539096806814 22 22
0.637861178483013 14 2
1.74978344196222 16 7
0.283493857103561 12 1
0 10 0
3.3462604917298 19 10
0.467958547578585 13 3
2.22929624120999 18 16
0.283493857103561 12 1
5.30709345234524 24 26
0.467958547578585 13 3
6.28062837900799 21 37
0.283493857103561 12 1
0 10 0
3.97297661871026 20 29
0 10 0
0 10 0
2.32490787272615 18 8
0.467958547578585 13 3
2.06850220905696 17 21
0 10 0
0 10 0
0.283493857103561 12 1
3.41184004254982 22 25
0 10 0
0.283493857103561 12 1
0 10 0
0.283493857103561 12 1
0.899301870651533 15 4
0.283493857103561 12 1
4.74080318751651 21 25
9.92400920591798 27 38
1.91358353544904 15 4
1.00726529636431 15 10
15.6702378935924 32 68
1.24788946020956 16 6
1.24271285924775 16 7
1.43308443609712 16 15
0.637861178483013 14 2
0 10 0
2.3691986629369 17 5
0 10 0
4.39544600748992 23 20
0.283493857103561 12 1
0 10 0
0.467958547578585 13 3
2.75800294540928 19 22
6.28062837900799 21 37
4.85531819497703 26 31
0.467958547578585 13 3
0 10 0
0.467958547578585 13 3
6.55141966610019 25 34
0.283493857103561 12 1
6.62230033303495 25 39
2.06850220905696 17 21
0 10 0
2.42921672360441 18 16
6.12743221697748 25 39
0.700690348793493 14 6
3.66419641712789 21 19
2.22929624120999 18 16
0 10 0
10.6476732225669 27 64
0.283493857103561 12 1
4.92064337686896 19 10
1.24271285924775 16 7
1.43308443609712 16 15
0.283493857103561 12 1
0.283493857103561 12 1
0.637861178483013 14 2
0 10 0
0 10 0
0.283493857103561 12 1
0.637861178483013 14 2
1.74978344196222 16 7
7.25231013382303 24 46
0 10 0
5.23057508586724 19 36
0.637861178483013 14 2
5.23057508586724 19 36
1.88057403773076 17 11
2.6656172595938 19 18
3.66419641712789 21 23
0 10 0
0.899301870651533 15 4
3.12398362186697 18 28
1.00726529636431 15 10
0 10 0
4.2603082504762 21 31
1.00726529636431 15 10
12.5305817402349 31 64
0 10 0
0.283493857103561 12 1
1.91358353544904 15 4
10.7766179987855 29 60
0 10 0
0 10 0
9.40898253265207 27 52
0 10 0
6.02483758053329 24 43
4.2603082504762 21 31
0.283493857103561 12 1
4.46134563243225 22 31
0.700690348793493 14 6
0.283493857103561 12 1
0 10 0
0.283493857103561 12 1
0 10 0
0.700690348793493 14 6
3.67862433116584 21 27
1.72970016443663 17 9
0.899301870651533 15 4
0 10 0
2.22929624120999 18 16
4.63044122822433 22 34
0 10 0
0 10 0
1.91358353544904 15 4
2.26517022779958 20 24
0 10 0
0.283493857103561 12 1
0.467958547578585 13 3
8.76684155383755 26 57
0.899301870651533 15 4
0 10 0
0.700690348793493 14 6
1.43308443609712 16 15
0.283493857103561 12 1
1.43308443609712 16 15
6.28062837900799 21 37
3.12398362186697 18 28
1.91358353544904 15 4
1.88057403773076 17 11
0.283493857103561 12 1
4.06234265847852 20 14
0 10 0
3.12398362186697 18 28
0 10 0
1.88057403773076 17 11
3.97297661871026 20 29
0.700690348793493 14 6
0.283493857103561 12 1
0 10 0
0.283493857103561 12 1
0.283493857103561 12 1
2.42921672360441 18 16
0 10 0
1.88057403773076 17 11
1.72970016443663 17 9
0 10 0
0.283493857103561 12 1
0.283493857103561 12 1
0 10 0
2.85823786634857 19 10
0.283493857103561 12 1
5.23057508586724 19 36
0.637861178483013 14 2
0 10 0
3.80719818708531 21 23
0.637861178483013 14 2
0.467958547578585 13 3
0.283493857103561 12 1
1.43308443609712 16 15
4.45111180100286 20 14
0 10 0
0.283493857103561 12 1
1.43308443609712 16 15
0 10 0
2.06850220905696 17 21
1.00726529636431 15 10
0.467958547578585 13 3
0 10 0
0 10 0
6.28062837900799 21 37
0 10 0
1.88057403773076 17 11
5.1603726844599 23 38
0 10 0
8.76684155383755 26 57
0.283493857103561 12 1
3.69512908002497 19 16
5.23057508586724 19 36
2.97668549958739 19 6
0 10 0
0 10 0
13.5519343592385 32 72
0.283493857103561 12 1
0.283493857103561 12 1
0 10 0
2.3691986629369 17 5
2.6656172595938 19 18
0 10 0
0.899301870651533 15 4
0 10 0
7.25231013382303 24 46
0.283493857103561 12 1
6.32909753825271 24 26
1.91358353544904 15 4
0 10 0
1.43308443609712 16 15
0.283493857103561 12 1
0.637861178483013 14 2
0.467958547578585 13 3
0.467958547578585 13 3
0 10 0
0 10 0
6.28062837900799 21 37
0.899301870651533 15 4
0.467958547578585 13 3
3.97297661871026 20 29
6.28062837900799 21 37
6.15757502365593 25 29
1.91358353544904 15 4
0.700690348793493 14 6
0.283493857103561 12 1
0 10 0
0.283493857103561 12 1
5.47246442000651 21 17
4.92064337686896 19 10
0.467958547578585 13 3
3.17823823769491 22 22
0.283493857103561 12 1
10.6476732225669 27 64
5.23057508586724 19 36
0.283493857103561 12 1
0.700690348793493 14 6
0 10 0
0 10 0
1.00726529636431 15 10
0.467958547578585 13 3
0.467958547578585 13 3
0.700690348793493 14 6
0 10 0
0.283493857103561 12 1
12.6080293630242 31 56
5.23057508586724 19 36
1.74978344196222 16 7
2.42921672360441 18 16
1.43308443609712 16 15
1.09347630597088 16 3
0.283493857103561 12 1
0 10 0
0.467958547578585 13 3
1.24271285924775 16 7
1.09347630597088 16 3
0.283493857103561 12 1
9.54973119319387 28 58
4.63044122822433 22 34
0.637861178483013 14 2
0.283493857103561 12 1
0 10 0
0.283493857103561 12 1
0.283493857103561 12 1
0.467958547578585 13 3
1.43308443609712 16 15
0.283493857103561 12 1
0.283493857103561 12 1
0 10 0
7.74548893483389 25 49
0 10 0
0.283493857103561 12 1
7.41743333602656 23 38
1.72970016443663 17 9
0.637861178483013 14 2
0 10 0
0.283493857103561 12 1
0.283493857103561 12 1
0.283493857103561 12 1
0 10 0
5.23057508586724 19 36
0 10 0
0.899301870651533 15 4
1.24788946020956 16 6
0 10 0
0 10 0
1.91358353544904 15 4
4.00795187589814 24 26
0.283493857103561 12 1
0 10 0
0.899301870651533 15 4
6.5436483770895 22 39
1.88057403773076 17 11
0 10 0
0 10 0
0 10 0
0.899301870651533 15 4
0.467958547578585 13 3
0 10 0
0.283493857103561 12 1
0.637861178483013 14 2
3.37530110682571 21 19
6.37861178483013 25 19
4.55298908781576 21 19
0 10 0
1.00726529636431 15 10
6.28062837900799 21 37
8.89869358986565 26 47
5.23057508586724 19 36
1.74978344196222 16 7
0 10 0
1.00726529636431 15 10
0 10 0
1.24271285924775 16 7
3.97297661871026 20 29
0.637861178483013 14 2
2.85445750925975 19 22
5.23057508586724 19 36
1.24271285924775 16 7
6.28062837900799 21 37
0.700690348793493 14 6
0.283493857103561 12 1
0 10 0
3.41025307583443 20 29
0.283493857103561 12 1
5.23057508586724 19 36
0.283493857103561 12 1
5.23057508586724 19 36
0 10 0
7.25231013382303 24 46
4.50149652010422 22 30
0.467958547578585 13 3
6.01192781384721 23 36
0.467958547578585 13 3
5.23057508586724 19 36
1.28563611427312 22 22
1.74978344196222 16 7
0.637861178483013 14 2
3.69512908002497 19 16
0 10 0
3.3462604917298 19 10
1.43308443609712 16 15
11.0210622963848 30 59
1.91358353544904 15 4
5.23057508586724 19 36
0.283493857103561 12 1
7.48820273107458 26 44
0 10 0
0 10 0
6.5436483770895 22 39
0 10 0
0.637861178483013 14 2
0 10 0
0 10 0
5.23057508586724 19 36
10.6476732225669 27 64
0 10 0
10.7766179987855 29 60
0 10 0
0 10 0
3.97297661871026 20 29
0 10 0
9.51082108218264 27 49
0.283493857103561 12 1
0 10 0
1.24271285924775 16 7
2.06850220905696 17 21
0.283493857103561 12 1
0.283493857103561 12 1
0 10 0
0.637861178483013 14 2
0 10 0
0.700690348793493 14 6
7.41743333602656 23 38
0.283493857103561 12 1
7.77945315328328 24 40
0.700690348793493 14 6
0.283493857103561 12 1
1.00726529636431 15 10
0 10 0
2.49577892041912 18 13
1.43308443609712 16 15
11.0348078705019 30 47
12.4656680091162 29 65
4.63044122822433 22 34
7.41743333602656 23 38
0 10 0
7.55336098004204 25 27
0 10 0
1.00726529636431 15 10
0.283493857103561 12 1
0 10 0
0.283493857103561 12 1
4.2603082504762 21 31
0.283493857103561 12 1
2.49577892041912 18 13
0 10 0
5.23057508586724 19 36
0.637861178483013 14 2
5.25240260480602 22 19
0.283493857103561 12 1
2.3691986629369 17 5
0.700690348793493 14 6
5.23057508586724 19 36
0.700690348793493 14 6
2.85445750925975 19 22
0.283493857103561 12 1
2.06850220905696 17 21
0 10 0
0.899301870651533 15 4
2.06850220905696 17 21
0 10 0
0.637861178483013 14 2
1.91358353544904 15 4
5.23057508586724 19 36
8.26893118623298 28 45
0.467958547578585 13 3
0 10 0
2.75800294540928 19 22
6.28062837900799 21 37
0 10 0
10.6476732225669 27 64
0 10 0
0.899301870651533 15 4
0.283493857103561 12 1
4.74080318751651 21 25
0.283493857103561 12 1
2.77113606096587 17 9
6.01192781384721 23 36
1.43308443609712 16 15
0.283493857103561 12 1
0 10 0
1.88057403773076 17 11
0 10 0
0 10 0
1.43308443609712 16 15
0.283493857103561 12 1
5.23057508586724 19 36
1.24271285924775 16 7
2.85445750925975 19 22
0 10 0
8.06015389027753 26 39
0 10 0
1.00726529636431 15 10
0.283493857103561 12 1
4.93991877409392 22 30
0.700690348793493 14 6
0.283493857103561 12 1
3.67862433116584 21 27
5.39952113374451 26 27
1.13029486946557 20 21
2.06850220905696 17 21
0 10 0
2.85445750925975 19 22
0.700690348793493 14 6
0.899301870651533 15 4
0.467958547578585 13 3
6.85259938461243 23 42
0 10 0
2.06850220905696 17 21
1.00726529636431 15 10
0.700690348793493 14 6
3.97297661871026 20 29
0 10 0
1.71900729842358 17 11
6.28062837900799 21 37
0 10 0
0.283493857103561 12 1
0 10 0
0.637861178483013 14 2
7.73782832330152 26 37
0 10 0
2.32490787272615 18 8
0.700690348793493 14 6
7.41743333602656 23 38
0.283493857103561 12 1
0 10 0
1.74978344196222 16 7
0 10 0
0.467958547578585 13 3
0 10 0
2.42921672360441 18 16
2.32490787272615 18 8
2.85445750925975 19 22
4.63044122822433 22 34
0 10 0
0.700690348793493 14 6
0 10 0
0 10 0
0 10 0
0.283493857103561 12 1
0 10 0
3.80719818708531 21 23
0.637861178483013 14 2
3.12398362186697 18 28
8.76684155383755 26 57
5.23057508586724 19 36
2.26517022779958 20 24
0.283493857103561 12 1
0 10 0
0 10 0
14.5753003416265 34 73
5.23057508586724 19 36
0.700690348793493 14 6
5.23057508586724 19 36
0.283493857103561 12 1
0 10 0
0.899301870651533 15 4
0.700690348793493 14 6
5.23057508586724 19 36
4.43493053121361 23 28
0 10 0
1.43308443609712 16 15
1.00726529636431 15 10
0.283493857103561 12 1
4.53269383363939 24 32
0 10 0
2.06850220905696 17 21
6.28062837900799 21 37
4.50149652010422 22 30
0.637861178483013 14 2
0 10 0
2.06850220905696 17 21
0 10 0
13.5519343592385 32 72
0.467958547578585 13 3
0 10 0
6.02483758053329 24 43
0 10 0
3.80719818708531 21 23
0 10 0
0 10 0
0.700690348793493 14 6
0 10 0
0 10 0
3.73590347918596 21 19
1.74978344196222 16 7
3.66419641712789 21 23
1.74978344196222 16 7
0 10 0
0.283493857103561 12 1
0 10 0
13.7776097922965 33 50
4.50149652010422 22 30
2.85445750925975 19 22
0.467958547578585 13 3
0.467958547578585 13 3
2.75800294540928 19 22
0 10 0
1.00726529636431 15 10
0 10 0
0.467958547578585 13 3
2.22929624120999 18 16
1.00726529636431 15 10
0.637861178483013 14 2
13.1271220408726 30 47
0.637861178483013 14 2
2.22929624120999 18 16
0 10 0
2.06850220905696 17 21
2.85445750925975 19 22
0.283493857103561 12 1
4.80276765369589 23 32
0 10 0
12.5096523367732 30 47
0.700690348793493 14 6
0.283493857103561 12 1
2.75014865838149 18 7
6.49381703901017 22 19
0 10 0
3.12398362186697 18 28
0 10 0
0 10 0
1.43308443609712 16 15
0 10 0
1.91358353544904 15 4
7.48820273107458 26 44
0 10 0
0 10 0
1.24271285924775 16 7
0.283493857103561 12 1
2.06850220905696 17 21
0 10 0
0.283493857103561 12 1
4.37376465766898 22 25
1.91358353544904 15 4
6.01192781384721 23 36
5.23057508586724 19 36
0.283493857103561 12 1
2.85445750925975 19 22
0 10 0
0 10 0
0.700690348793493 14 6
0.283493857103561 12 1
6.5436483770895 22 39
1.91358353544904 15 4
2.22929624120999 18 16
1.43308443609712 16 15
2.85445750925975 19 22
1.91358353544904 15 4
4.67182057434313 21 15
0.467958547578585 13 3
0 10 0
0 10 0
6.28062837900799 21 37
4.74080318751651 21 25
0.283493857103561 12 1
1.43308443609712 16 15
3.3462604917298 19 10
0.467958547578585 13 3
0 10 0
0.283493857103561 12 1
0.700690348793493 14 6
1.00726529636431 15 10
2.85445750925975 19 22
5.08292054405134 22 25
0 10 0
0 10 0
0 10 0
6.12424204686776 23 17
0.899301870651533 15 4
6.28062837900799 21 37
0 10 0
0 10 0
8.18209917240418 25 31
6.28062837900799 21 37
0 10 0
3.67862433116584 21 27
0 10 0
0.467958547578585 13 3
0 10 0
0.283493857103561 12 1
0.467958547578585 13 3
0.283493857103561 12 1
0 10 0
0.467958547578585 13 3
0.283493857103561 12 1
2.85445750925975 19 22
0 10 0
2.77113606096587 17 9
8.18209917240418 25 31
12.4656680091162 29 65
0.283493857103561 12 1
0.283493857103561 12 1
2.49577892041912 18 13
0.637861178483013 14 2
3.12398362186697 18 28
1.00726529636431 15 10
1.13029486946557 20 21
0.283493857103561 12 1
3.97297661871026 20 29
0.283493857103561 12 1
0.899301870651533 15 4
0.700690348793493 14 6
1.00726529636431 15 10
1.00726529636431 15 10
0 10 0
0.467958547578585 13 3
1.91358353544904 15 4
1.00726529636431 15 10
13.2051130650172 31 70
0.283493857103561 12 1
0.637861178483013 14 2
2.3691986629369 17 5
2.06850220905696 17 21
2.3691986629369 17 5
1.43308443609712 16 15
0 10 0
4.63044122822433 22 34
2.6656172595938 19 18
0.283493857103561 12 1
1.24788946020956 16 6
0 10 0
3.41184004254982 22 25
13.1585051257133 31 49
0.283493857103561 12 1
0 10 0
0 10 0
0.637861178483013 14 2
0 10 0
1.24271285924775 16 7
3.3462604917298 19 10
4.45396059466093 21 17
0 10 0
0 10 0
0 10 0
0.283493857103561 12 1
0 10 0
2.22929624120999 18 16
2.75800294540928 19 22
0 10 0
1.74978344196222 16 7
0.637861178483013 14 2
27.8662030151249 45 110
0.283493857103561 12 1
4.92064337686896 19 10
0 10 0
1.74978344196222 16 7
6.28062837900799 21 37
0 10 0
0 10 0
0.899301870651533 15 4
7.25044671812783 26 41
0.283493857103561 12 1
0 10 0
10.1059344366644 28 46
0 10 0
0.700690348793493 14 6
0.283493857103561 12 1
0.283493857103561 12 1
3.12398362186697 18 28
0.283493857103561 12 1
0.283493857103561 12 1
5.52813021351944 21 11
3.27726673084974 19 10
1.88057403773076 17 11
1.24788946020956 16 6
0.467958547578585 13 3
0.283493857103561 12 1
3.12398362186697 18 28
0.637861178483013 14 2
0.700690348793493 14 6
1.00726529636431 15 10
0.283493857103561 12 1
1.88057403773076 17 11
6.5436483770895 22 39
2.49577892041912 18 13
0.283493857103561 12 1
3.80719818708531 21 23
0.283493857103561 12 1
0.283493857103561 12 1
1.00726529636431 15 10
0 10 0
1.13029486946557 20 21
0 10 0
2.3691986629369 17 5
0.283493857103561 12 1
19.2567909852456 37 88
12.5096523367732 30 55
1.00726529636431 15 10
0.283493857103561 12 1
0.467958547578585 13 3
0.637861178483013 14 2
0.283493857103561 12 1
6.5436483770895 22 39
3.12398362186697 18 28
5.23057508586724 19 36
1.43308443609712 16 15
1.91358353544904 15 4
0 10 0
0 10 0
3.36464431162144 20 21
2.63940555236672 19 12
10.6936061187107 28 52
0 10 0
3.97297661871026 20 29
7.74548893483389 25 49
5.47246442000651 21 17
4.93991877409392 22 30
0 10 0
0.899301870651533 15 4
2.49577892041912 18 13
4.45111180100286 20 14
1.09347630597088 16 3
0.467958547578585 13 3
8.62993472459397 25 43
0.467958547578585 13 3
2.85445750925975 19 22
0.637861178483013 14 2
6.01192781384721 23 36
5.23057508586724 19 36
3.69512908002497 19 16
0 10 0
0.283493857103561 12 1
1.00726529636431 15 10
2.3691986629369 17 5
0.283493857103561 12 1
0.283493857103561 12 1
0.283493857103561 12 1
0.283493857103561 12 1
0 10 0
0.283493857103561 12 1
2.22929624120999 18 16
6.00255725791827 24 34
0 10 0
3.3462604917298 19 10
0 10 0
0.700690348793493 14 6
0.899301870651533 15 4
4.93991877409392 22 30
2.42921672360441 18 16
2.85445750925975 19 22
8.69315569299259 24 40
6.85259938461243 23 42
1.43308443609712 16 15
0.637861178483013 14 2
2.75014865838149 18 7
0.283493857103561 12 1
0.283493857103561 12 1
0 10 0
0 10 0
0.700690348793493 14 6
0.283493857103561 12 1
0 10 0
6.21564113105994 23 32
0.283493857103561 12 1
6.85259938461243 23 42
0 10 0
5.97796151687246 23 24
0.283493857103561 12 1
0.467958547578585 13 3
0.283493857103561 12 1
0.283493857103561 12 1
0.637861178483013 14 2
0 10 0
4.45396059466093 21 17
3.66419641712789 21 23
0.467958547578585 13 3
10.6476732225669 27 64
0.283493857103561 12 1
0.283493857103561 12 1
0.899301870651533 15 4
1.47442630141546 17 5
0 10 0
0.283493857103561 12 1
6.28062837900799 21 37
1.91358353544904 15 4
1.43308443609712 16 15
3.3462604917298 19 10
0.283493857103561 12 1
0.283493857103561 12 1
6.28062837900799 21 37
7.77945315328328 24 40
3.97297661871026 20 29
3.67862433116584 21 27
1.74978344196222 16 7
0 10 0
0.283493857103561 12 1
0 10 0
0 10 0
3.19554871582937 20 24
0.283493857103561 12 1
2.3691986629369 17 5
0 10 0
0.283493857103561 12 1
0.283493857103561 12 1
6.28062837900799 21 37
0.283493857103561 12 1
0 10 0
0 10 0
0.899301870651533 15 4
0 10 0
0 10 0
0 10 0
0.283493857103561 12 1
0.899301870651533 15 4
3.12398362186697 18 28
5.92327328100731 24 32
0.467958547578585 13 3
3.12398362186697 18 28
0.899301870651533 15 4
2.06850220905696 17 21
3.13008207579565 21 13
0.283493857103561 12 1
8.09806013854001 28 45
0 10 0
0.283493857103561 12 1
0.283493857103561 12 1
0.467958547578585 13 3
0.467958547578585 13 3
0 10 0
2.06850220905696 17 21
0.283493857103561 12 1
1.00726529636431 15 10
0 10 0
0.283493857103561 12 1
0 10 0
0 10 0
0.283493857103561 12 1
0 10 0
0 10 0
0.283493857103561 12 1
1.13029486946557 20 21
0.899301870651533 15 4
1.91358353544904 15 4
6.8679302235809 24 20
0 10 0
0.283493857103561 12 1
5.23057508586724 19 36
2.85445750925975 19 22
0.283493857103561 12 1
2.75800294540928 19 22
2.22929624120999 18 16
0.700690348793493 14 6
0.283493857103561 12 1
1.47442630141546 17 5
2.3691986629369 17 5
0 10 0
6.29511309456073 25 25
0.283493857103561 12 1
0.467958547578585 13 3
0.283493857103561 12 1
0 10 0
1.43308443609712 16 15
0.283493857103561 12 1
0 10 0
0 10 0
0.283493857103561 12 1
0.283493857103561 12 1
0.283493857103561 12 1
0.467958547578585 13 3
0.283493857103561 12 1
0.283493857103561 12 1
0 10 0
2.75800294540928 19 22
0.700690348793493 14 6
5.23057508586724 19 36
9.96132287507293 26 41
0 10 0
0 10 0
2.32490787272615 18 8
2.06850220905696 17 21
7.74548893483389 25 49
3.12398362186697 18 28
10.7766179987855 29 60
2.3691986629369 17 5
0 10 0
6.5436483770895 22 39
0.283493857103561 12 1
9.92400920591798 27 38
0.283493857103561 12 1
2.06850220905696 17 21
1.74978344196222 16 7
0.283493857103561 12 1
4.2603082504762 21 31
0 10 0
1.72970016443663 17 9
6.5436483770895 22 39
0.283493857103561 12 1
0.283493857103561 12 1
0.283493857103561 12 1
0.283493857103561 12 1
1.24788946020956 16 6
6.02483758053329 24 43
6.99931413587612 24 28
0 10 0
0 10 0
1.91358353544904 15 4
0 10 0
10.7766179987855 29 60
0.467958547578585 13 3
0.467958547578585 13 3
0.283493857103561 12 1
0 10 0
6.5436483770895 22 39
0.283493857103561 12 1
0 10 0
6.28062837900799 21 37
0.467958547578585 13 3
3.12398362186697 18 28
0.283493857103561 12 1
0 10 0
0.467958547578585 13 3
1.09347630597088 16 3
3.12398362186697 18 28
0 10 0
1.91358353544904 15 4
5.25628600407236 23 20
0.283493857103561 12 1
0 10 0
0 10 0
6.5436483770895 22 39
6.82166672171535 25 37
2.85445750925975 19 22
4.45111180100286 20 14
1.74978344196222 16 7
0.283493857103561 12 1
0 10 0
1.91358353544904 15 4
0.283493857103561 12 1
0.283493857103561 12 1
1.47442630141546 17 5
2.22929624120999 18 16
0.283493857103561 12 1
0.283493857103561 12 1
1.74978344196222 16 7
1.91358353544904 15 4
3.27726673084974 20 17
6.5436483770895 22 39
0.283493857103561 12 1
6.28062837900799 21 37
0.283493857103561 12 1
2.06850220905696 17 21
2.75014865838149 18 7
0.283493857103561 12 1
0.700690348793493 14 6
0 10 0
0.283493857103561 12 1
0.637861178483013 14 2
2.75014865838149 18 7
0 10 0
2.22929624120999 18 16
1.43308443609712 16 15
3.12398362186697 18 28
0 10 0
2.97668549958739 19 6
1.00726529636431 15 10
0 10 0
0.283493857103561 12 1
3.2969092442989 20 17
0 10 0
2.49577892041912 18 13
1.00726529636431 15 10
4.53269383363939 24 32
0.467958547578585 13 3
1.24271285924775 16 7
3.41025307583443 20 29
0.700690348793493 14 6
0 10 0
3.12398362186697 18 28
0.283493857103561 12 1
0.283493857103561 12 1
0.637861178483013 14 2
0.700690348793493 14 6
2.77113606096587 17 9
8.70409741225147 26 41
0 10 0
0 10 0
0 10 0
0 10 0
2.06850220905696 17 21
0 10 0
3.12398362186697 18 28
0 10 0
3.67862433116584 21 27
0 10 0
0 10 0
5.23057508586724 19 36
10.0648679263486 27 44
1.88057403773076 17 11
0.283493857103561 12 1
0 10 0
2.06850220905696 17 21
1.74978344196222 16 7
6.28062837900799 21 37
4.63044122822433 22 34
6.23006904509789 26 33
0.283493857103561 12 1
3.12398362186697 18 28
6.28062837900799 21 37
0 10 0
0 10 0
0.283493857103561 12 1
4.92064337686896 19 10
0 10 0
0.899301870651533 15 4
2.06850220905696 17 21
7.37569475353193 26 27
0 10 0
0 10 0
0.700690348793493 14 6
10.6476732225669 27 64
5.23057508586724 19 36
0.700690348793493 14 6
1.00726529636431 15 10
0 10 0
1.91358353544904 15 4
0.700690348793493 14 6
0.283493857103561 12 1
0.283493857103561 12 1
1.91358353544904 15 4
0 10 0
6.28062837900799 21 37
0 10 0
0 10 0
7.41743333602656 23 38
1.00726529636431 15 10
6.28062837900799 21 37
2.06850220905696 17 21
0.899301870651533 15 4
6.5436483770895 22 39
0 10 0
0 10 0
0.700690348793493 14 6
2.77113606096587 17 9
0 10 0
1.00726529636431 15 10
0 10 0
2.85445750925975 19 22
0.283493857103561 12 1
5.23057508586724 19 36
0.700690348793493 14 6
0.700690348793493 14 6
0 10 0
0.700690348793493 14 6
0.467958547578585 13 3
3.12398362186697 18 28
1.24271285924775 16 7
6.5436483770895 22 39
1.00726529636431 15 10
0.637861178483013 14 2
0 10 0
2.42921672360441 18 16
0.283493857103561 12 1
0 10 0
0.283493857103561 12 1
6.28062837900799 21 37
1.24271285924775 16 7
0.637861178483013 14 2
4.74080318751651 21 25
7.41743333602656 23 38
2.06850220905696 17 21
7.14559466587141 24 20
0.283493857103561 12 1
0 10 0
0 10 0
19.76787250595 38 91
1.00726529636431 15 10
7.94947377015548 27 46
1.43308443609712 16 15
2.22929624120999 18 16
7.74548893483389 25 49
1.88057403773076 17 11
0.283493857103561 12 1
0 10 0
2.22929624120999 18 16
0.467958547578585 13 3
5.23057508586724 19 36
0.700690348793493 14 6
0 10 0
0 10 0
0.283493857103561 12 1
0.637861178483013 14 2
14.3945155366264 31 66
0 10 0
0 10 0
0 10 0
2.85823786634857 19 10
0.467958547578585 13 3
0.283493857103561 12 1
0.899301870651533 15 4
2.45241622077722 18 12
0.283493857103561 12 1
5.23057508586724 19 36
0.700690348793493 14 6
0 10 0
6.85259938461243 23 42
2.42921672360441 18 16
0 10 0
3.69512908002497 19 16
9.51646208832666 28 34
1.91358353544904 15 4
0 10 0
8.62993472459397 25 43
6.22240581447169 24 35
0.283493857103561 12 1
0.283493857103561 12 1
0 10 0
2.06850220905696 17 21
0.283493857103561 12 1
1.43308443609712 16 15
0 10 0
2.6656172595938 19 18
2.75800294540928 19 22
0 10 0
5.61550257094302 25 22
6.28062837900799 21 37
0.283493857103561 12 1
19.6387422537855 37 81
0.700690348793493 14 6
1.00726529636431 15 10
3.12398362186697 18 28
0.467958547578585 13 3
3.80719818708531 21 23
0.283493857103561 12 1
1.91358353544904 15 4
0 10 0
0 10 0
2.6656172595938 19 18
1.43308443609712 16 15
3.12398362186697 18 28
0 10 0
0 10 0
0 10 0
4.74080318751651 21 25
0 10 0
2.06850220905696 17 21
0.637861178483013 14 2
0.467958547578585 13 3
0 10 0
0.700690348793493 14 6
1.43308443609712 16 15
0 10 0
0.283493857103561 12 1
2.75014865838149 18 7
0.467958547578585 13 3
1.91358353544904 15 4
4.95660889786881 22 22
0.283493857103561 12 1
4.74080318751651 21 25
1.00726529636431 15 10
6.62230033303495 25 39
0 10 0
0.283493857103561 12 1
17.9533174636558 36 80
2.75800294540928 19 22
0.899301870651533 15 4
5.23057508586724 19 36
9.11874169768503 27 52
2.06850220905696 17 21
0 10 0
2.85445750925975 19 22
0.283493857103561 12 1
4.55298908781576 21 19
0.467958547578585 13 3
3.80719818708531 21 23
0.283493857103561 12 1
0.283493857103561 12 1
1.88057403773076 17 11
1.4912554310973 18 8
0 10 0
5.23057508586724 19 36
15.6702378935924 32 68
2.6656172595938 19 18
0 10 0
1.00726529636431 15 10
0.283493857103561 12 1
0 10 0
1.43308443609712 16 15
0.467958547578585 13 3
0.283493857103561 12 1
0.637861178483013 14 2
8.69315569299259 24 40
0.93591709515717 19 9
3.12398362186697 18 28
0 10 0
0.637861178483013 14 2
0.283493857103561 12 1
1.43308443609712 16 15
0 10 0
0.700690348793493 14 6
0 10 0
0.467958547578585 13 3
2.87571233783328 22 15
0.283493857103561 12 1
0.283493857103561 12 1
0.467958547578585 13 3
1.74978344196222 16 7
3.66419641712789 21 23
1.00726529636431 15 10
2.85445750925975 19 22
12.512767589005 28 46
3.66419641712789 21 23
6.36754413010997 23 26
0.283493857103561 12 1
2.42921672360441 18 16
0 10 0
1.00726529636431 15 10
1.4912554310973 18 8
0.467958547578585 13 3
6.28062837900799 21 37
4.2603082504762 21 31
5.52813021351944 23 18
1.00726529636431 15 10
0.467958547578585 13 3
5.23057508586724 19 36
0.899301870651533 15 4
1.24271285924775 16 7
1.4912554310973 18 8
5.23057508586724 19 36
3.97297661871026 20 29
2.22929624120999 18 16
0.637861178483013 14 2
0.283493857103561 12 1
1.91358353544904 15 4
0.637861178483013 14 2
0.283493857103561 12 1
0.283493857103561 12 1
0 10 0
2.63940555236672 19 12
0.700690348793493 14 6
0 10 0
7.74548893483389 25 49
0 10 0
4.74080318751651 21 25
0 10 0
0.637861178483013 14 2
0.700690348793493 14 6
0 10 0
0 10 0
0.637861178483013 14 2
1.91358353544904 15 4
1.43308443609712 16 15
0 10 0
3.12398362186697 18 28
6.28062837900799 21 37
1.88057403773076 17 11
5.23057508586724 19 36
0.637861178483013 14 2
0 10 0
3.25564575524744 20 14
0.283493857103561 12 1
0 10 0
2.3691986629369 17 5
0.283493857103561 12 1
3.19554871582937 20 24
0.637861178483013 14 2
2.85445750925975 19 22
0 10 0
3.12398362186697 18 28
6.28062837900799 21 37
0.283493857103561 12 1
0.283493857103561 12 1
0.283493857103561 12 1
6.28062837900799 21 37
0.283493857103561 12 1
2.06850220905696 17 21
0 10 0
0.283493857103561 12 1
0.283493857103561 12 1
8.87905107641649 26 47
12.512767589005 28 46
0.637861178483013 14 2
2.3691986629369 17 5
1.74978344196222 16 7
1.88057403773076 17 11
4.92064337686896 19 10
0.283493857103561 12 1
0.283493857103561 12 1
3.12398362186697 18 28
0 10 0
0.467958547578585 13 3
8.76684155383755 26 57
4.06234265847852 20 14
0.283493857103561 12 1
0 10 0
2.06850220905696 17 21
7.25231013382303 24 46
1.00726529636431 15 10
0.467958547578585 13 3
4.01115372906391 22 25
0 10 0
0.283493857103561 12 1
5.23057508586724 19 36
0.637861178483013 14 2
0.283493857103561 12 1
1.47442630141546 17 5
0.899301870651533 15 4
0.467958547578585 13 3
0 10 0
1.43308443609712 16 15
6.15757502365593 25 29
0.283493857103561 12 1
9.75526537978187 28 52
2.6656172595938 19 18
0.467958547578585 13 3
1.91358353544904 15 4
0.283493857103561 12 1
0 10 0
0 10 0
1.00726529636431 15 10
0.700690348793493 14 6
0 10 0
2.06850220905696 17 21
5.23057508586724 19 36
0.637861178483013 14 2
0.467958547578585 13 3
7.29899124207967 26 29
0.283493857103561 12 1
5.08292054405134 22 25
7.77945315328328 24 40
2.49577892041912 18 13
2.06850220905696 17 21
0.467958547578585 13 3
0 10 0
0 10 0
2.06850220905696 17 21
0.283493857103561 12 1
0.467958547578585 13 3
0 10 0
5.23057508586724 19 36
0 10 0
12.4656680091162 29 65
0.283493857103561 12 1
0 10 0
1.43308443609712 16 15
5.23057508586724 19 36
0.467958547578585 13 3
0.700690348793493 14 6
2.77113606096587 17 9
0 10 0
0 10 0
0 10 0
2.06850220905696 17 21
0.899301870651533 15 4
0 10 0
2.06850220905696 17 21
0.283493857103561 12 1
6.36754413010997 23 26
3.36464431162144 20 21
1.91358353544904 15 4
0.283493857103561 12 1
1.43308443609712 16 15
0 10 0
0 10 0
2.06850220905696 17 21
0 10 0
6.28062837900799 21 37
1.72970016443663 17 9
1.91358353544904 15 4
6.39642593606 26 44
0 10 0
0 10 0
0.283493857103561 12 1
0 10 0
0.283493857103561 12 1
1.00726529636431 15 10
0.467958547578585 13 3
2.06850220905696 17 21
0.283493857103561 12 1
3.67862433116584 21 27
0 10 0
0 10 0
3.19554871582937 20 24
9.99970967738109 29 53
4.2603082504762 21 31
0.283493857103561 12 1
8.24118989793348 25 43
7.77945315328328 24 40
2.85445750925975 19 22
0.283493857103561 12 1
0 10 0
0.283493857103561 12 1
0.283493857103561 12 1
1.00726529636431 15 10
0 10 0
2.22929624120999 18 16
0 10 0
0.283493857103561 12 1
2.49577892041912 18 13
6.15757502365593 25 29
0 10 0
1.43308443609712 16 15
9.67956490831875 26 29
4.45111180100286 20 14
5.23057508586724 19 36
11.0862205453522 28 46
0.899301870651533 15 4
0 10 0
2.77113606096587 17 9
0.283493857103561 12 1
0.467958547578585 13 3
3.41025307583443 20 29
5.23057508586724 19 36
5.70891501851951 24 31
6.5436483770895 22 39
7.74548893483389 25 49
0 10 0
4.43493053121361 22 22
0 10 0
2.44681503970363 18 13
6.28062837900799 21 37
0.700690348793493 14 6
1.09347630597088 18 8
1.72970016443663 17 9
0 10 0
0.283493857103561 12 1
1.00726529636431 15 10
2.77113606096587 17 9
1.91358353544904 15 4
0.467958547578585 13 3
3.97297661871026 20 29
2.26517022779958 20 24
1.00726529636431 15 10
0.283493857103561 12 1
2.49577892041912 18 13
0.283493857103561 12 1
2.44681503970363 18 13
1.91358353544904 15 4
0.637861178483013 14 2
4.55298908781576 21 19
0.283493857103561 12 1
0.637861178483013 14 2
0 10 0
0.637861178483013 14 2
0 10 0
2.3691986629369 17 5
0 10 0
0.899301870651533 15 4
0 10 0
0.283493857103561 12 1
2.77113606096587 17 9
8.18209917240418 25 31
0 10 0
0 10 0
3.97297661871026 20 29
6.28062837900799 21 37
2.06850220905696 17 21
4.50149652010422 22 30
5.6912363597697 23 20
0.283493857103561 12 1
0.283493857103561 12 1
3.12398362186697 18 28
0.637861178483013 14 2
11.9204894789586 30 61
0.467958547578585 13 3
1.88057403773076 17 11
1.00726529636431 15 10
0 10 0
0.899301870651533 15 4
0 10 0
1.91358353544904 15 4
3.66419641712789 21 23
7.82648285614142 25 51
1.00726529636431 15 10
0.899301870651533 15 4
0.283493857103561 12 1
0 10 0
0 10 0
6.21564113105994 23 32
0 10 0
1.43308443609712 16 15
5.23057508586724 19 36
2.22929624120999 18 16
0.283493857103561 12 1
0 10 0
3.12398362186697 18 28
0.637861178483013 14 2
1.74978344196222 16 7
0 10 0
4.2603082504762 21 31
0 10 0
0 10 0
1.43308443609712 16 15
0 10 0
1.72970016443663 17 9
1.71900729842358 17 11
0.700690348793493 14 6
0.283493857103561 12 1
0.283493857103561 12 1
0.283493857103561 12 1
6.28062837900799 21 37
0.283493857103561 12 1
2.72231576162502 21 11
8.89869358986565 26 47
1.88057403773076 17 11
0 10 0
0 10 0
0 10 0
0 10 0
0.899301870651533 15 4
0.748733676125736 19 6
0.283493857103561 12 1
1.91358353544904 15 4
0 10 0
3.69512908002497 19 16
6.28062837900799 21 37
0.283493857103561 12 1
2.75800294540928 19 22
0 10 0
1.88057403773076 17 11
0.467958547578585 13 3
6.96695871673573 23 16
0 10 0
2.85823786634857 19 10
6.5436483770895 22 39
0 10 0
0.283493857103561 12 1
0.283493857103561 12 1
0.283493857103561 12 1
1.43308443609712 16 15
10.2057788557282 28 30
0 10 0
1.91358353544904 15 4
1.24271285924775 16 7
1.00726529636431 15 10
4.74080318751651 21 25
0 10 0
5.23057508586724 19 36
7.41743333602656 23 38
2.06850220905696 17 21
2.85445750925975 19 22
1.24271285924775 16 7
8.89869358986565 26 47
0.467958547578585 13 3
0.637861178483013 14 2
0.283493857103561 12 1
0 10 0
5.23057508586724 19 36
6.28062837900799 21 37
5.23057508586724 19 36
5.23057508586724 19 36
9.40898253265207 27 52
0 10 0
0.283493857103561 12 1
0 10 0
0 10 0
6.28062837900799 21 37
1.43308443609712 16 15
3.97297661871026 20 29
0.467958547578585 13 3
0.899301870651533 15 4
0.283493857103561 12 1
0.283493857103561 12 1
1.88057403773076 17 11
0 10 0
2.01453059272862 19 16
1.91358353544904 15 4
0 10 0
0 10 0
0.283493857103561 12 1
0.637861178483013 14 2
0.283493857103561 12 1
2.3691986629369 17 5
0 10 0
3.12398362186697 18 28
3.97297661871026 20 29
2.06850220905696 17 21
7.74548893483389 25 49
0.700690348793493 14 6
0 10 0
0 10 0
0.467958547578585 13 3
0 10 0
3.81875070255155 22 21
3.97297661871026 20 29
0 10 0
0.467958547578585 13 3
5.23057508586724 19 36
0.283493857103561 12 1
4.45396059466093 21 17
0.283493857103561 12 1
1.24271285924775 16 7
0 10 0
12.1371525067097 30 45
1.91358353544904 15 4
1.91358353544904 15 4
2.6656172595938 19 18
0 10 0
0 10 0
9.99970967738109 29 53
0.283493857103561 12 1
4.63044122822433 22 34
4.45396059466093 21 17
11.9895847129511 31 58
1.91358353544904 15 4
4.45111180100286 20 14
0.283493857103561 12 1
0.283493857103561 12 1
0.467958547578585 13 3
0 10 0
0 10 0
0 10 0
0 10 0
3.41025307583443 20 29
0 10 0
0.283493857103561 12 1
0 10 0
0 10 0
0.637861178483013 14 2
2.06850220905696 17 21
0.467958547578585 13 3
2.3691986629369 17 5
0 10 0
0.283493857103561 12 1
0.467958547578585 13 3
0 10 0
0 10 0
11.9630547500023 31 43
1.91358353544904 15 4
0.283493857103561 12 1
0 10 0
0 10 0
4.67182057434313 21 15
2.85445750925975 19 22
0 10 0
1.91358353544904 15 4
2.75800294540928 19 22
5.23057508586724 19 36
1.00726529636431 15 10
0 10 0
0 10 0
6.28062837900799 21 37
3.97297661871026 20 29
6.5436483770895 22 39
0 10 0
0 10 0
8.87905107641649 26 47
0 10 0
1.00726529636431 15 10
1.24271285924775 16 7
0.637861178483013 14 2
2.6656172595938 19 18
1.24788946020956 16 6
0.283493857103561 12 1
0.283493857103561 12 1
0.700690348793493 14 6
1.91358353544904 15 4
2.77113606096587 17 9
0 10 0
2.85445750925975 19 22
1.24271285924775 16 7
1.00726529636431 15 10
1.24271285924775 16 7
0 10 0
1.24271285924775 16 7
1.43308443609712 16 15
0 10 0
0 10 0
3.80719818708531 21 23
0 10 0
0.467958547578585 13 3
0.283493857103561 12 1
6.28062837900799 21 37
26.5953392189913 42 89
0.700690348793493 14 6
6.27763862307602 23 18
0 10 0
5.22424622897966 23 28
5.23057508586724 19 36
1.00726529636431 15 10
0 10 0
0.467958547578585 13 3
0.283493857103561 12 1
6.02483758053329 24 43
5.23057508586724 19 36
3.97297661871026 20 29
0.467958547578585 13 3
0.283493857103561 12 1
0 10 0
5.23057508586724 19 36
3.12398362186697 18 28
0 10 0
4.37376465766898 22 25
0.637861178483013 14 2
0.467958547578585 13 3
3.12398362186697 18 28
0 10 0
0.283493857103561 12 1
0 10 0
0.283493857103561 12 1
0.283493857103561 12 1
0 10 0
0.467958547578585 13 3
9.96132287507293 26 41
0 10 0
1.91358353544904 15 4
0 10 0
0 10 0
0 10 0
5.23057508586724 19 36
0 10 0
3.74366838062868 23 17
1.91358353544904 15 4
0.467958547578585 13 3
0.899301870651533 15 4
1.43308443609712 16 15
8.69315569299259 24 40
0 10 0
0.283493857103561 12 1
0 10 0
0.283493857103561 12 1
1.43308443609712 16 15
0.283493857103561 12 1
0 10 0
0.283493857103561 12 1
0 10 0
3.12398362186697 18 28
0.700690348793493 14 6
0.467958547578585 13 3
0 10 0
1.91358353544904 15 4
0.467958547578585 13 3
2.22929624120999 18 16
0.700690348793493 14 6
0 10 0
1.43308443609712 16 15
6.82166672171535 25 37
3.80719818708531 21 23
0 10 0
12.0424149153884 31 67
0 10 0
3.19554871582937 20 24
0.637861178483013 14 2
17.7358353993299 37 76
1.43308443609712 16 15
0.283493857103561 12 1
0.637861178483013 14 2
0.283493857103561 12 1
6.01192781384721 23 36
1.91358353544904 15 4
2.85445750925975 19 22
6.01192781384721 23 36
0.283493857103561 12 1
0.467958547578585 13 3
0 10 0
0.899301870651533 15 4
4.74080318751651 21 25
0 10 0
0.467958547578585 13 3
5.23057508586724 19 36
0.899301870651533 15 4
2.75800294540928 19 22
0.899301870651533 15 4
4.80276765369589 23 32
3.25564575524744 20 14
1.43308443609712 16 15
0 10 0
0 10 0
1.43308443609712 16 15
2.07053813476378 20 14
12.8087576481851 30 67
1.71900729842358 17 11
0 10 0
0 10 0
0 10 0
0.283493857103561 12 1
0.283493857103561 12 1
2.06850220905696 17 21
0.283493857103561 12 1
0 10 0
0 10 0
0 10 0
1.91358353544904 15 4
0 10 0
4.25240785655342 20 8
5.23057508586724 19 36
0 10 0
3.12398362186697 18 28
14.9730601680075 33 64
6.01192781384721 23 36
0.283493857103561 12 1
0.637861178483013 14 2
1.43308443609712 16 15
1.91358353544904 15 4
0.283493857103561 12 1
0.467958547578585 13 3
0.283493857103561 12 1
0 10 0
0 10 0
0 10 0
0 10 0
0 10 0
6.28062837900799 21 37
0.283493857103561 12 1
0 10 0
0.637861178483013 14 2
0.283493857103561 12 1
0 10 0
7.41743333602656 23 38
0.467958547578585 13 3
0.283493857103561 12 1
0.283493857103561 12 1
0.283493857103561 12 1
1.24271285924775 16 7
0 10 0
6.5436483770895 22 39
0 10 0
2.3691986629369 17 5
0.637861178483013 14 2
1.91358353544904 15 4
1.43308443609712 16 15
8.43685537532916 27 44
3.97297661871026 20 29
9.40898253265207 27 52
1.91358353544904 15 4
0 10 0
3.12398362186697 18 28
7.74548893483389 25 49
2.49577892041912 18 13
0.283493857103561 12 1
0.637861178483013 14 2
0 10 0
0.467958547578585 13 3
3.97297661871026 20 29
0.700690348793493 14 6
0 10 0
9.41483674508463 28 40
0 10 0
1.91358353544904 15 4
1.24271285924775 16 7
5.23057508586724 19 36
5.1028894278641 24 16
5.23057508586724 19 36
10.3944640546511 28 58
0 10 0
0.283493857103561 12 1
2.42921672360441 18 16
3.97297661871026 20 29
2.3691986629369 17 5
6.5436483770895 22 39
0 10 0
0 10 0
2.85445750925975 19 22
1.74978344196222 16 7
1.24788946020956 16 6
5.23057508586724 19 36
18.185669314357 37 85
0 10 0
0 10 0
1.00726529636431 15 10
0 10 0
2.06850220905696 17 21
2.32490787272615 18 8
2.45241622077722 18 12
3.12398362186697 18 28
0.467958547578585 13 3
0 10 0
0 10 0
0 10 0
4.74080318751651 21 25
0.283493857103561 12 1
0 10 0
0 10 0
0.283493857103561 12 1
16.9897283365383 35 80
0 10 0
5.23057508586724 19 36
0.637861178483013 14 2
2.06850220905696 17 21
0.467958547578585 13 3
5.08292054405134 22 25
1.00726529636431 15 10
0.283493857103561 12 1
5.30709345234524 24 26
9.54973119319387 28 58
0 10 0
6.28062837900799 21 37
0 10 0
12.8087576481851 30 67
0.700690348793493 14 6
1.88057403773076 17 11
1.00726529636431 15 10
0.637861178483013 14 2
1.24271285924775 16 7
1.09347630597088 16 3
0 10 0
3.97297661871026 20 29
2.06850220905696 17 21
10.7766179987855 29 60
0 10 0
6.28062837900799 21 37
0.467958547578585 13 3
1.74978344196222 16 7
9.96132287507293 26 41
1.91358353544904 15 4
0 10 0
2.06850220905696 17 21
2.06850220905696 17 21
5.23057508586724 19 36
0 10 0
6.28062837900799 21 37
0 10 0
7.41743333602656 23 38
1.91358353544904 15 4
0 10 0
0.283493857103561 12 1
0.283493857103561 12 1
5.23057508586724 19 36
4.05564074568107 21 16
3.27726673084974 19 10
3.12398362186697 18 28
1.91358353544904 15 4
0.283493857103561 12 1
0.700690348793493 14 6
0 10 0
1.00726529636431 15 10
0.467958547578585 13 3
0.700690348793493 14 6
1.74978344196222 16 7
0.700690348793493 14 6
3.12398362186697 18 28
0 10 0
0 10 0
1.51089794454646 19 12
0.283493857103561 12 1
0.637861178483013 14 2
0.283493857103561 12 1
0 10 0
0.637861178483013 14 2
0 10 0
0.283493857103561 12 1
0 10 0
1.43308443609712 16 15
9.2213179512033 29 45
1.00726529636431 15 10
3.41025307583443 20 29
6.20967757071424 25 19
0 10 0
0 10 0
0.700690348793493 14 6
16.1387624213616 34 67
0.700690348793493 14 6
0.467958547578585 13 3
4.05564074568107 21 16
1.88057403773076 17 11
0.637861178483013 14 2
3.97297661871026 20 29
0.700690348793493 14 6
1.47442630141546 17 5
0.899301870651533 15 4
0.283493857103561 12 1
0.467958547578585 13 3
3.69512908002497 19 16
4.43493053121361 22 22
0 10 0
1.91358353544904 15 4
0.637861178483013 14 2
2.6656172595938 19 18
0 10 0
1.09347630597088 16 3
0.899301870651533 15 4
6.98463737548553 25 33
0 10 0
3.69512908002497 19 16
0 10 0
0 10 0
13.4568687712282 31 61
1.91358353544904 15 4
0 10 0
2.75800294540928 19 22
2.06850220905696 17 21
0.283493857103561 12 1
0 10 0
6.5436483770895 22 39
2.75800294540928 19 22
1.91358353544904 15 4
0 10 0
0.283493857103561 12 1
0 10 0
1.74978344196222 16 7
0.283493857103561 12 1
4.2603082504762 21 31
0 10 0
0 10 0
1.91358353544904 15 4
0 10 0
0 10 0
0 10 0
5.23057508586724 19 36
5.23057508586724 19 36
0.899301870651533 15 4
6.21564113105994 23 32
0 10 0
4.2603082504762 21 31
0 10 0
0 10 0
2.77113606096587 17 9
0.283493857103561 12 1
0 10 0
0 10 0
0 10 0
0 10 0
1.43308443609712 16 15
5.25240260480602 22 19
0 10 0
0.637861178483013 14 2
0.283493857103561 12 1
0 10 0
0.467958547578585 13 3
5.23057508586724 19 36
0.700690348793493 14 6
0.283493857103561 12 1
0.283493857103561 12 1
1.91358353544904 15 4
0 10 0
0.283493857103561 12 1
10.3944640546511 28 58
1.91358353544904 15 4
0.283493857103561 12 1
1.91358353544904 15 4
0 10 0
0 10 0
1.00726529636431 15 10
1.91358353544904 15 4
0.467958547578585 13 3
0.283493857103561 12 1
0 10 0
0 10 0
0.467958547578585 13 3
2.3691986629369 17 5
6.28062837900799 21 37
0 10 0
0.637861178483013 14 2
3.12398362186697 18 28
5.23057508586724 19 36
2.22929624120999 18 16
3.25564575524744 20 14
0.283493857103561 12 1
2.32490787272615 18 8
1.91358353544904 15 4
12.7172858020347 29 44
0.637861178483013 14 2
0.283493857103561 12 1
6.85259938461243 23 42
3.12398362186697 18 28
0.700690348793493 14 6
1.00726529636431 15 10
0 10 0
0.700690348793493 14 6
3.67862433116584 21 27
0.283493857103561 12 1
7.82648285614142 25 51
0.283493857103561 12 1
6.28062837900799 21 37
0.467958547578585 13 3
0 10 0
0.283493857103561 12 1
3.36464431162144 20 21
0 10 0
0.467958547578585 13 3
4.74080318751651 21 25
0.283493857103561 12 1
3.12398362186697 18 28
3.69512908002497 19 16
0 10 0
3.66419641712789 21 23
16.1387624213616 34 67
0 10 0
2.3691986629369 17 5
3.12398362186697 18 28
8.70409741225147 26 41
0.283493857103561 12 1
0 10 0
0 10 0
0 10 0
4.2603082504762 21 31
0.283493857103561 12 1
0 10 0
0.283493857103561 12 1
1.47442630141546 17 5
0.283493857103561 12 1
0.283493857103561 12 1
1.88057403773076 17 11
0 10 0
3.12398362186697 18 28
0 10 0
0.467958547578585 13 3
0 10 0
5.23057508586724 19 36
8.57665826764498 29 39
0.637861178483013 14 2
0.283493857103561 12 1
2.42921672360441 18 16
0 10 0
0 10 0
0 10 0
0.637861178483013 14 2
1.72970016443663 17 9
0.283493857103561 12 1
0.283493857103561 12 1
2.06850220905696 17 21
0 10 0
0 10 0
1.43308443609712 16 15
0.283493857103561 12 1
7.74548893483389 25 49
0.700690348793493 14 6
7.41743333602656 23 38
2.77113606096587 17 9
0.899301870651533 15 4
0 10 0
0 10 0
1.4912554310973 18 8
0 10 0
2.85445750925975 19 22
0.283493857103561 12 1
9.07309464969869 27 35
0.283493857103561 12 1
0.283493857103561 12 1
3.12398362186697 18 28
1.91358353544904 15 4
0.283493857103561 12 1
0.283493857103561 12 1
0.283493857103561 12 1
0.467958547578585 13 3
5.23057508586724 19 36
1.00726529636431 15 10
1.24788946020956 16 6
6.5436483770895 22 39
6.28062837900799 21 37
0 10 0
5.08292054405134 22 25
0.283493857103561 12 1
1.00726529636431 15 10
1.88057403773076 17 11
4.45111180100286 20 14
0.283493857103561 12 1
0.283493857103561 12 1
0.700690348793493 14 6
1.71900729842358 17 11
0 10 0
0.700690348793493 14 6
1.00726529636431 15 10
1.24271285924775 16 7
0.283493857103561 12 1
0 10 0
0.467958547578585 13 3
7.25231013382303 24 46
3.3462604917298 19 10
0.283493857103561 12 1
0 10 0
0 10 0
0.283493857103561 12 1
0.700690348793493 14 6
7.74548893483389 25 49
0.467958547578585 13 3
1.00726529636431 15 10
0.637861178483013 14 2
0.700690348793493 14 6
0 10 0
6.96695871673573 23 16
0.899301870651533 15 4
1.91358353544904 15 4
0.283493857103561 12 1
2.77113606096587 17 9
1.88057403773076 17 11
0.283493857103561 12 1
0 10 0
0.467958547578585 13 3
21.5674667655458 38 87
10.6476732225669 27 64
1.24788946020956 16 6
3.12398362186697 18 28
0.283493857103561 12 1
5.23057508586724 19 36
2.6656172595938 19 18
0.283493857103561 12 1
0 10 0
0.637861178483013 14 2
0.467958547578585 13 3
9.40898253265207 27 52
1.71900729842358 17 11
8.76684155383755 26 57
0.283493857103561 12 1
0.283493857103561 12 1
7.77945315328328 24 40
0 10 0
7.77945315328328 24 40
2.06850220905696 17 21
5.23057508586724 19 36
2.3691986629369 17 5
0 10 0
0.637861178483013 14 2
0 10 0
5.05337518128669 22 15
0 10 0
0.283493857103561 12 1
0.700690348793493 14 6
5.23057508586724 19 36
1.00726529636431 15 10
0 10 0
0.467958547578585 13 3
3.12398362186697 18 28
0.283493857103561 12 1
0 10 0
6.21564113105994 23 32
11.115799887706 29 40
0.467958547578585 13 3
5.23057508586724 19 36
0 10 0
2.22929624120999 18 16
0.899301870651533 15 4
7.50579140206391 25 27
4.25240785655342 20 8
0.283493857103561 12 1
0.700690348793493 14 6
0 10 0
4.92064337686896 19 10
0.283493857103561 12 1
7.59442749035785 25 37
0.283493857103561 12 1
0.467958547578585 13 3
2.77113606096587 17 9
0 10 0
1.00726529636431 15 10
0.283493857103561 12 1
2.85445750925975 19 22
6.5436483770895 22 39
0.467958547578585 13 3
0 10 0
2.22929624120999 18 16
0.283493857103561 12 1
0.283493857103561 12 1
2.49577892041912 18 13
0.283493857103561 12 1
2.49577892041912 18 13
1.24271285924775 16 7
0 10 0
5.23057508586724 19 36
0 10 0
0 10 0
0.283493857103561 12 1
2.06850220905696 17 21
0.467958547578585 13 3
4.46134563243225 22 31
1.43308443609712 16 15
13.9930081590007 32 54
2.06850220905696 17 21
1.72970016443663 17 9
6.01192781384721 23 36
0 10 0
0.283493857103561 12 1
0 10 0
0.283493857103561 12 1
0.283493857103561 12 1
0.283493857103561 12 1
0.467958547578585 13 3
0.700690348793493 14 6
0 10 0
0.283493857103561 12 1
0 10 0
0.467958547578585 13 3
0.467958547578585 13 3
0 10 0
0.637861178483013 14 2
0 10 0
0.467958547578585 13 3
6.28062837900799 21 37
0.700690348793493 14 6
0.467958547578585 13 3
0 10 0
0.283493857103561 12 1
7.41743333602656 23 38
0.467958547578585 13 3
1.24271285924775 16 7
4.92064337686896 19 10
3.12398362186697 18 28
0.283493857103561 12 1
10.3810477918703 30 55
2.45241622077722 18 12
2.22929624120999 18 16
12.8087576481851 30 67
8.73911294699142 29 47
2.32490787272615 18 8
0.283493857103561 12 1
0.283493857103561 12 1
2.75014865838149 18 7
4.50149652010422 22 30
1.91358353544904 15 4
0.467958547578585 13 3
1.72970016443663 17 9
0.283493857103561 12 1
0.283493857103561 12 1
0 10 0
0.467958547578585 13 3
2.44681503970363 18 13
0 10 0
1.24271285924775 16 7
0 10 0
6.85259938461243 23 42
7.25231013382303 24 46
0.748733676125736 19 6
3.97297661871026 20 29
3.12398362186697 18 28
0.637861178483013 14 2
0 10 0
0.467958547578585 13 3
0 10 0
0 10 0
0 10 0
4.50149652010422 22 30
0 10 0
2.77113606096587 17 9
0 10 0
0 10 0
3.81486397702704 25 25
0 10 0
0 10 0
0.637861178483013 14 2
0.637861178483013 14 2
1.00726529636431 15 10
0 10 0
0 10 0
0.283493857103561 12 1
1.24788946020956 16 6
0.283493857103561 12 1
10.3944640546511 28 58
0 10 0
0.899301870651533 15 4
0.283493857103561 12 1
2.85445750925975 19 22
0 10 0
2.3691986629369 17 5
0 10 0
3.12398362186697 18 28
0 10 0
0.283493857103561 12 1
6.2795832916753 28 28
0 10 0
6.85259938461243 23 42
1.91358353544904 15 4
0 10 0
0.700690348793493 14 6
0.637861178483013 14 2
0.283493857103561 12 1
0 10 0
0.467958547578585 13 3
0.700690348793493 14 6
0.283493857103561 12 1
5.23057508586724 19 36
4.43493053121361 23 28
3.65046795533948 20 13
0 10 0
0.637861178483013 14 2
8.87905107641649 26 47
1.91358353544904 15 4
2.85823786634857 19 10
0.637861178483013 14 2
3.36464431162144 20 21
0.283493857103561 12 1
1.43308443609712 16 15
3.97297661871026 20 29
0 10 0
0.637861178483013 14 2
0 10 0
0 10 0
0.283493857103561 12 1
0 10 0
0 10 0
4.3378433803999 23 12
0.467958547578585 13 3
0.283493857103561 12 1
0.283493857103561 12 1
1.43308443609712 16 15
4.25240785655342 20 8
1.43308443609712 16 15
4.74080318751651 21 25
0.467958547578585 13 3
0 10 0
3.19554871582937 20 24
0.283493857103561 12 1
3.97297661871026 20 29
0 10 0
1.91358353544904 15 4
0 10 0
0.700690348793493 14 6
4.74080318751651 21 25
12.4656680091162 29 65
1.71900729842358 17 11
0 10 0
7.40676290890909 27 40
0.283493857103561 12 1
0 10 0
6.85259938461243 23 42
0 10 0
0 10 0
0 10 0
0.637861178483013 14 2
0 10 0
2.42921672360441 18 16
0.283493857103561 12 1
0.899301870651533 15 4
0.283493857103561 12 1
0.283493857103561 12 1
1.00726529636431 15 10
0.637861178483013 14 2
4.74080318751651 21 25
0 10 0
0 10 0
6.5436483770895 22 39
3.12398362186697 18 28
0 10 0
0 10 0
0 10 0
5.37192424316101 23 32
0 10 0
17.2300107518614 36 74
2.49577892041912 18 13
0.283493857103561 12 1
0.283493857103561 12 1
0 10 0
0 10 0
0.283493857103561 12 1
0 10 0
0.283493857103561 12 1
9.87470893257174 28 54
0.637861178483013 14 2
0.283493857103561 12 1
0.283493857103561 12 1
0.283493857103561 12 1
6.5436483770895 22 39
0 10 0
2.06850220905696 17 21
3.3462604917298 19 10
0.467958547578585 13 3
0.283493857103561 12 1
1.24271285924775 16 7
0 10 0
3.97297661871026 20 29
3.97297661871026 20 29
2.06850220905696 17 21
1.88057403773076 17 11
0.899301870651533 15 4
3.97297661871026 20 29
12.8087576481851 30 67
1.24271285924775 16 7
0.283493857103561 12 1
0.283493857103561 12 1
0 10 0
0 10 0
0 10 0
0.700690348793493 14 6
3.12398362186697 18 28
0.283493857103561 12 1
0 10 0
0 10 0
5.47246442000651 21 17
0.467958547578585 13 3
0.283493857103561 12 1
7.41743333602656 23 38
0.283493857103561 12 1
0 10 0
1.28563611427312 22 22
2.22929624120999 18 16
2.44681503970363 18 13
0.283493857103561 12 1
0 10 0
2.42921672360441 18 16
7.74548893483389 25 49
0.283493857103561 12 1
1.72970016443663 17 9
16.4652896433257 35 75
0 10 0
0 10 0
6.28062837900799 21 37
1.71900729842358 17 11
5.1603726844599 23 38
4.50149652010422 22 30
0.467958547578585 13 3
3.69512908002497 19 16
7.25231013382303 24 46
3.69512908002497 19 16
8.62993472459397 25 43
0 10 0
0 10 0
0.467958547578585 13 3
1.91358353544904 15 4
0 10 0
1.88057403773076 17 11
0 10 0
1.91358353544904 15 4
5.89802868473175 27 29
0.283493857103561 12 1
0.283493857103561 12 1
0.283493857103561 12 1
0.467958547578585 13 3
1.71900729842358 17 11
0.283493857103561 12 1
0.283493857103561 12 1
0.899301870651533 15 4
1.00726529636431 15 10
0 10 0
2.85445750925975 19 22
0 10 0
0 10 0
0.637861178483013 14 2
0 10 0
0.283493857103561 12 1
5.23057508586724 19 36
1.09347630597088 16 3
0.283493857103561 12 1
0.283493857103561 12 1
2.75800294540928 19 22
6.85259938461243 23 42
0 10 0
0 10 0
2.49577892041912 18 13
1.72970016443663 17 9
0.283493857103561 12 1
2.22929624120999 18 16
9.40898253265207 27 52
0 10 0
0.467958547578585 13 3
5.23057508586724 19 36
0.283493857103561 12 1
2.75800294540928 19 22
4.25240785655342 20 8
0 10 0
4.31648550964885 23 18
0 10 0
0 10 0
0 10 0
14.947023098531 33 65
0.283493857103561 12 1
5.23057508586724 19 36
0 10 0
0.283493857103561 12 1
0.283493857103561 12 1
1.88057403773076 17 11
0.283493857103561 12 1
0 10 0
0.283493857103561 12 1
1.47442630141546 17 5
0 10 0
2.63940555236672 19 12
6.28062837900799 21 37
1.74978344196222 16 7
2.22929624120999 18 16
1.74978344196222 16 7
3.67862433116584 21 27
5.23057508586724 19 36
0 10 0
12.4656680091162 29 65
1.00726529636431 15 10
2.01453059272862 19 16
0.283493857103561 12 1
0.283493857103561 12 1
0 10 0
0.283493857103561 12 1
0 10 0
0.283493857103561 12 1
6.01192781384721 23 36
14.3945155366264 31 66
1.43308443609712 16 15
0 10 0
0.283493857103561 12 1
0 10 0
2.32490787272615 18 8
8.16694728487507 25 22
1.43308443609712 16 15
5.23057508586724 19 36
1.00726529636431 15 10
0 10 0
1.91358353544904 15 4
6.28062837900799 21 37
1.43308443609712 16 15
3.19554871582937 20 24
7.94947377015548 27 46
0 10 0
0.637861178483013 14 2
0 10 0
10.3944640546511 28 58
0 10 0
0 10 0
8.89869358986565 26 47
0 10 0
0 10 0
0 10 0
0 10 0
2.75800294540928 19 22
3.97297661871026 20 29
1.91358353544904 15 4
1.00726529636431 15 10
3.12398362186697 18 28
5.23057508586724 19 36
1.09347630597088 16 3
0.700690348793493 14 6
0 10 0
0.283493857103561 12 1
10.2116024148298 30 46
0 10 0
4.06234265847852 20 14
1.88057403773076 17 11
1.72970016443663 17 9
0 10 0
0.283493857103561 12 1
0.467958547578585 13 3
0 10 0
0.700690348793493 14 6
0.283493857103561 12 1
1.71900729842358 17 11
2.06850220905696 17 21
0.283493857103561 12 1
0 10 0
0.283493857103561 12 1
5.17945624121502 24 35
7.29899124207967 24 20
2.06850220905696 17 21
0.283493857103561 12 1
3.97297661871026 20 29
4.74080318751651 21 25
1.00726529636431 15 10
1.24788946020956 16 6
2.85445750925975 19 22
0.700690348793493 14 6
0.700690348793493 14 6
1.47442630141546 17 5
0.637861178483013 14 2
3.80719818708531 21 23
6.15757502365593 25 29
0 10 0
5.42715705176533 22 13
4.55298908781576 21 19
0.467958547578585 13 3
1.00726529636431 15 10
0.283493857103561 12 1
3.67862433116584 21 27
1.00726529636431 15 10
0 10 0
0.283493857103561 12 1
0 10 0
0 10 0
3.41025307583443 20 29
4.63044122822433 22 34
5.05337518128669 22 15
0 10 0
3.80719818708531 21 23
3.3462604917298 19 10
4.92064337686896 19 10
1.43308443609712 16 15
7.71387360246326 30 35
1.88057403773076 17 11
3.97297661871026 20 29
0 10 0
1.71900729842358 17 11
0 10 0
3.69512908002497 19 16
0.283493857103561 12 1
0.283493857103561 12 1
1.72970016443663 17 9
5.23057508586724 19 36
2.75800294540928 19 22
0.637861178483013 14 2
0 10 0
0.899301870651533 15 4
0.467958547578585 13 3
0 10 0
0 10 0
6.28062837900799 21 37
0.283493857103561 12 1
4.45396059466093 21 17
0 10 0
1.00726529636431 15 10
0 10 0
0 10 0
0.283493857103561 12 1
1.52426402706277 19 10
2.77113606096587 17 9
0 10 0
1.91358353544904 15 4
0 10 0
1.74978344196222 16 7
0.283493857103561 12 1
8.69315569299259 24 40
10.6476732225669 27 64
2.75014865838149 18 7
0 10 0
4.37376465766898 22 25
2.85445750925975 19 22
1.00726529636431 15 10
0 10 0
0.637861178483013 14 2
9.40898253265207 27 52
1.13029486946557 20 21
3.36464431162144 20 21
1.43308443609712 16 15
0 10 0
6.01192781384721 23 36
0 10 0
6.28062837900799 21 37
0.637861178483013 14 2
1.74978344196222 16 7
8.1391143881186 26 29
2.42921672360441 18 16
1.88057403773076 17 11
0 10 0
0.637861178483013 14 2
3.97297661871026 20 29
0 10 0
0.283493857103561 12 1
2.77113606096587 17 9
0 10 0
0 10 0
4.93784193927272 23 22
3.87959048535222 20 12
6.22240581447169 24 35
0 10 0
0 10 0
1.88057403773076 17 11
2.8612820611479 22 25
0.283493857103561 12 1
1.00726529636431 15 10
0.283493857103561 12 1
0.283493857103561 12 1
0.899301870651533 15 4
0.700690348793493 14 6
0.467958547578585 13 3
6.49381703901017 22 19
0 10 0
0.283493857103561 12 1
2.06850220905696 17 21
0.283493857103561 12 1
0 10 0
0.637861178483013 14 2
0 10 0
0 10 0
0 10 0
2.06850220905696 17 21
2.44681503970363 18 13
2.42921672360441 18 16
0.467958547578585 13 3
0.637861178483013 14 2
7.41743333602656 23 38
0 10 0
3.25564575524744 20 14
0.637861178483013 14 2
0 10 0
0.283493857103561 12 1
0 10 0
0.283493857103561 12 1
0.283493857103561 12 1
0.700690348793493 14 6
0.700690348793493 14 6
0 10 0
9.40898253265207 27 52
1.91358353544904 15 4
0 10 0
2.49577892041912 18 13
0 10 0
0.283493857103561 12 1
1.71900729842358 17 11
2.75014865838149 18 7
0 10 0
0 10 0
0.637861178483013 14 2
0.637861178483013 14 2
0.283493857103561 12 1
0.283493857103561 12 1
0 10 0
0 10 0
0.899301870651533 15 4
0.899301870651533 15 4
2.85445750925975 19 22
3.43784756251181 20 14
3.12398362186697 18 28
0.283493857103561 12 1
0 10 0
0.467958547578585 13 3
4.80276765369589 23 32
5.23057508586724 19 36
0.283493857103561 12 1
1.24271285924775 16 7
6.01192781384721 23 36
1.09347630597088 16 3
0.283493857103561 12 1
0 10 0
0 10 0
13.5519343592385 32 72
14.8734498486248 32 68
1.43308443609712 16 15
0.700690348793493 14 6
2.06850220905696 17 21
2.06850220905696 17 21
0 10 0
1.91358353544904 15 4
5.88680805313223 24 28
4.05564074568107 23 27
0.467958547578585 13 3
0 10 0
0 10 0
0 10 0
0 10 0
0 10 0
12.7630471287618 31 54
3.97297661871026 20 29
0 10 0
0.283493857103561 12 1
6.28062837900799 21 37
0 10 0
5.23057508586724 19 36
1.91358353544904 15 4
0 10 0
2.06850220905696 17 21
0 10 0
0 10 0
1.91358353544904 15 4
0.283493857103561 12 1
0 10 0
3.97297661871026 20 29
0 10 0
1.91358353544904 15 4
0 10 0
0.467958547578585 13 3
0 10 0
0.467958547578585 13 3
2.06850220905696 17 21
0 10 0
1.24271285924775 16 7
0.700690348793493 14 6
0 10 0
0.283493857103561 12 1
0.700690348793493 14 6
7.16542218048559 28 40
0.283493857103561 12 1
9.96132287507293 26 41
5.1603726844599 23 38
3.36464431162144 20 21
0.283493857103561 12 1
0.467958547578585 13 3
0.283493857103561 12 1
0.283493857103561 12 1
0.637861178483013 14 2
0 10 0
0 10 0
0.899301870651533 15 4
0 10 0
3.67862433116584 21 27
6.10676757538304 22 13
0.467958547578585 13 3
0.467958547578585 13 3
0.283493857103561 12 1
1.00726529636431 15 10
0 10 0
3.69512908002497 19 16
0.283493857103561 12 1
0 10 0
0 10 0
1.13029486946557 20 21
1.91358353544904 15 4
3.36464431162144 20 21
0.283493857103561 12 1
5.36308272492807 26 31
0.899301870651533 15 4
1.00726529636431 15 10
0 10 0
0 10 0
6.5436483770895 22 39
0 10 0
5.37192424316101 23 32
2.49577892041912 18 13
0 10 0
0 10 0
0.700690348793493 14 6
3.69512908002497 19 16
13.6293819820279 32 64
12.4656680091162 29 65
0.467958547578585 13 3
6.28062837900799 21 37
0.283493857103561 12 1
0 10 0
1.91358353544904 15 4
7.74548893483389 25 49
0.283493857103561 12 1
2.63940555236672 19 12
0.283493857103561 12 1
0 10 0
0 10 0
0 10 0
2.94885260283093 21 17
7.74548893483389 25 49
1.74978344196222 16 7
0 10 0
0 10 0
0.283493857103561 12 1
3.3462604917298 19 10
0.700690348793493 14 6
2.85445750925975 19 22
1.24271285924775 16 7
0 10 0
7.41743333602656 23 38
5.23057508586724 19 36
6.28062837900799 21 37
8.05174203069503 28 24
0 10 0
4.06234265847852 20 14
1.24271285924775 16 7
2.85445750925975 19 22
0.637861178483013 14 2
0 10 0
2.06850220905696 17 21
0.283493857103561 12 1
0.283493857103561 12 1
11.272763036627 30 63
1.91358353544904 15 4
4.2603082504762 21 31
0 10 0
3.67862433116584 21 27
1.91358353544904 15 4
9.65128734359762 26 45
0.283493857103561 12 1
0 10 0
0.467958547578585 13 3
0 10 0
0.283493857103561 12 1
0 10 0
4.45111180100286 20 14
4.74080318751651 21 25
0 10 0
8.69315569299259 24 40
0 10 0
1.43308443609712 16 15
0 10 0
0.637861178483013 14 2
7.74548893483389 25 49
0 10 0
0 10 0
0 10 0
0 10 0
1.43308443609712 16 15
0.283493857103561 12 1
4.37376465766898 22 25
0.283493857103561 12 1
5.23057508586724 19 36
4.74080318751651 21 25
0 10 0
1.91358353544904 15 4
0.283493857103561 12 1
0.283493857103561 12 1
2.3691986629369 17 5
0.283493857103561 12 1
2.26517022779958 20 24
0.637861178483013 14 2
0.899301870651533 15 4
6.28062837900799 21 37
0.283493857103561 12 1
0 10 0
0 10 0
0.283493857103561 12 1
2.75800294540928 19 22
0 10 0
1.00726529636431 15 10
0.637861178483013 14 2
0 10 0
0.283493857103561 12 1
0.700690348793493 14 6
5.23057508586724 19 36
3.67862433116584 21 27
0 10 0
1.00726529636431 15 10
0.283493857103561 12 1
0 10 0
0 10 0
1.24271285924775 16 7
3.12398362186697 18 28
0.467958547578585 13 3
0 10 0
1.91358353544904 15 4
0.283493857103561 12 1
2.97668549958739 19 6
0 10 0
1.09347630597088 16 3
3.12398362186697 18 28
12.0424149153884 31 67
3.12398362186697 18 28
9.3731114356474 27 50
2.85445750925975 19 22
5.25240260480602 22 19
0.700690348793493 14 6
5.47246442000651 21 17
2.22929624120999 18 16
0.467958547578585 13 3
0.283493857103561 12 1
11.9204894789586 30 61
0 10 0
0.283493857103561 12 1
2.06850220905696 17 21
4.50149652010422 22 30
0.283493857103561 12 1
0.637861178483013 14 2
2.77113606096587 17 9
0 10 0
0.283493857103561 12 1
0 10 0
0.283493857103561 12 1
0.283493857103561 12 1
0.700690348793493 14 6
1.91358353544904 15 4
2.85445750925975 19 22
2.06850220905696 17 21
12.8087576481851 30 67
0 10 0
0.467958547578585 13 3
8.89869358986565 26 47
3.12398362186697 18 28
2.06850220905696 17 21
0 10 0
0 10 0
0 10 0
8.93879183741457 26 45
1.74978344196222 16 7
1.00726529636431 15 10
2.77113606096587 17 9
0.283493857103561 12 1
2.85823786634857 19 10
11.9204894789586 30 61
0 10 0
8.4116107790536 27 48
0.283493857103561 12 1
3.97297661871026 20 29
0 10 0
0.283493857103561 12 1
2.77113606096587 17 9
0.283493857103561 12 1
0.283493857103561 12 1
0 10 0
0 10 0
3.69512908002497 19 16
0 10 0
0.283493857103561 12 1
0 10 0
0.283493857103561 12 1
4.45111180100286 20 14
10.6476732225669 27 64
18.177895863308 38 80
1.43308443609712 16 15
0 10 0
1.24788946020956 16 6
3.41025307583443 20 29
0.637861178483013 14 2
0 10 0
2.32490787272615 18 8
5.79350011154522 25 25
0.283493857103561 12 1
0 10 0
0.700690348793493 14 6
1.74978344196222 16 7
0.899301870651533 15 4
3.19554871582937 20 24
9.35529728441752 24 20
0 10 0
1.74978344196222 16 7
10.5378147073303 31 46
1.72970016443663 17 9
2.26517022779958 20 24
4.45396059466093 21 17
0 20 20
14.9746735225147 35 63
6.15265269831941 25 33
0.283493857103561 12 1
3.43784756251181 20 14
0 10 0
0.637861178483013 14 2
4.63044122822433 22 34
4.43493053121361 22 22
0 10 0
0 10 0
0.467958547578585 13 3
0.283493857103561 12 1
0 10 0
0.899301870651533 15 4
0.467958547578585 13 3
0.467958547578585 13 3
3.97297661871026 20 29
2.77113606096587 17 9
0 10 0
0.467958547578585 13 3
6.28062837900799 21 37
0.283493857103561 12 1
1.43308443609712 16 15
5.80841619060542 23 26
4.92064337686896 19 10
4.37376465766898 22 25
2.22929624120999 18 16
0.467958547578585 13 3
5.23057508586724 19 36
0 10 0
1.00726529636431 15 10
0.467958547578585 13 3
0 10 0
0 10 0
0.283493857103561 12 1
6.28062837900799 21 37
0 10 0
0.467958547578585 13 3
1.91358353544904 15 4
0.467958547578585 13 3
4.45111180100286 20 14
0.283493857103561 12 1
0 10 0
0 10 0
0 10 0
2.06850220905696 17 21
1.13029486946557 20 21
1.74978344196222 16 7
0 10 0
6.28062837900799 21 37
9.40898253265207 27 52
0.637861178483013 14 2
5.23057508586724 19 36
1.47442630141546 17 5
0 10 0
6.5436483770895 22 39
2.85445750925975 19 22
3.3462604917298 19 10
1.71900729842358 17 11
0.467958547578585 13 3
0 10 0
0.899301870651533 15 4
0 10 0
0.283493857103561 12 1
0.283493857103561 12 1
3.25564575524744 20 14
1.00726529636431 15 10
0 10 0
0 10 0
2.06850220905696 17 21
0 10 0
3.3462604917298 19 10
2.77113606096587 17 9
0.637861178483013 14 2
0.637861178483013 14 2
0.700690348793493 14 6
0.467958547578585 13 3
3.69512908002497 19 16
5.23057508586724 19 36
0 10 0
0.283493857103561 12 1
12.4656680091162 29 65
0 10 0
0 10 0
0 10 0
0.283493857103561 12 1
0 10 0
8.70409741225147 26 41
0.283493857103561 12 1
1.71900729842358 17 11
5.23057508586724 19 36
0.899301870651533 15 4
2.06850220905696 17 21
1.91358353544904 15 4
2.49577892041912 18 13
0.637861178483013 14 2
5.23057508586724 19 36
3.12398362186697 18 28
0.467958547578585 13 3
0.467958547578585 13 3
0.700690348793493 14 6
0.283493857103561 12 1
1.24788946020956 16 6
2.85445750925975 19 22
0.467958547578585 13 3
0.283493857103561 12 1
0 10 0
0.467958547578585 13 3
0.467958547578585 13 3
0 10 0
0 10 0
0.467958547578585 13 3
3.25564575524744 21 19
0 10 0
2.3691986629369 17 5
0.700690348793493 14 6
6.28062837900799 21 37
0 10 0
0 10 0
0.700690348793493 14 6
7.50579140206391 25 27
5.23057508586724 19 36
0 10 0
0.283493857103561 12 1
1.43308443609712 16 15
0.283493857103561 12 1
8.89869358986565 26 47
0.283493857103561 12 1
2.3691986629369 17 5
0 10 0
0.283493857103561 12 1
4.63044122822433 22 34
0.637861178483013 14 2
0 10 0
0 10 0
1.74978344196222 16 7
1.24788946020956 16 6
0 10 0
0.899301870651533 15 4
0.700690348793493 14 6
1.91358353544904 15 4
2.63940555236672 19 12
0.283493857103561 12 1
6.85259938461243 23 42
0.700690348793493 14 6
0 10 0
2.75014865838149 18 7
0.283493857103561 12 1
3.17823823769491 22 22
2.22929624120999 18 16
0.637861178483013 14 2
2.85445750925975 19 22
4.67182057434313 21 15
0.467958547578585 13 3
3.41025307583443 20 29
0 10 0
0 10 0
0.283493857103561 12 1
0.637861178483013 14 2
0.700690348793493 14 6
0.899301870651533 15 4
5.23057508586724 19 36
0 10 0
0.899301870651533 15 4
0.637861178483013 14 2
0 10 0
0.899301870651533 15 4
0.700690348793493 14 6
12.4750209349414 31 33
4.93991877409392 22 30
0.283493857103561 12 1
0 10 0
0.283493857103561 12 1
0.283493857103561 12 1
0 10 0
1.88057403773076 17 11
5.37192424316101 23 32
0.283493857103561 12 1
3.97297661871026 20 29
0.899301870651533 15 4
0 10 0
1.24271285924775 16 7
0.283493857103561 12 1
5.23057508586724 19 36
0 10 0
1.09347630597088 16 3
0 10 0
2.32490787272615 18 8
1.24271285924775 16 7
0 10 0
0.700690348793493 14 6
0.283493857103561 12 1
0.700690348793493 14 6
1.88057403773076 17 11
5.23057508586724 19 36
3.87959048535222 20 12
8.62993472459397 25 43
1.24271285924775 16 7
0.467958547578585 13 3
2.3691986629369 17 5
0.637861178483013 14 2
0.283493857103561 12 1
0 10 0
3.12398362186697 18 28
8.43685537532916 27 44
2.06850220905696 17 21
4.92064337686896 19 10
0 10 0
5.23057508586724 19 36
1.00726529636431 15 10
5.23057508586724 19 36
9.96132287507293 26 41
0.467958547578585 13 3
0.283493857103561 12 1
3.12398362186697 18 28
5.23057508586724 19 36
0.467958547578585 13 3
0 10 0
0 10 0
0 10 0
0 10 0
0 10 0
8.06015389027753 26 39
5.22424622897966 23 28
0.283493857103561 12 1
4.2603082504762 21 31
4.93991877409392 22 30
0 10 0
1.24271285924775 16 7
5.23057508586724 19 36
0 10 0
0 10 0
0.283493857103561 12 1
2.77113606096587 17 9
0.637861178483013 14 2
0 10 0
0 10 0
2.3691986629369 17 5
1.88057403773076 17 11
1.00726529636431 15 10
1.43308443609712 16 15
0 10 0
0 10 0
2.22929624120999 18 16
0.283493857103561 12 1
7.82648285614142 25 51
0 10 0
0 10 0
0 10 0
0.283493857103561 12 1
1.24271285924775 16 7
0.637861178483013 14 2
0 10 0
6.85259938461243 23 42
0.899301870651533 15 4
3.97297661871026 20 29
0 10 0
0.283493857103561 12 1
1.91358353544904 15 4
6.85259938461243 23 42
0 10 0
0 10 0
0.283493857103561 12 1
7.59442749035785 25 37
6.5436483770895 22 39
0 10 0
0 10 0
2.85445750925975 19 22
0 10 0
2.06850220905696 17 21
3.12398362186697 18 28
1.91358353544904 15 4
1.47442630141546 17 5
0.283493857103561 12 1
8.87905107641649 26 47
2.49577892041912 18 13
0.283493857103561 12 1
5.23057508586724 19 36
4.63044122822433 22 34
10.6476732225669 27 64
1.91358353544904 15 4
0 10 0
10.3944640546511 28 58
0 10 0
0 10 0
1.43308443609712 16 15
0 10 0
1.71900729842358 17 11
0 10 0
0 10 0
6.22240581447169 24 35
0.467958547578585 13 3
3.67862433116584 21 27
0.283493857103561 12 1
0.637861178483013 14 2
0 10 0
0.283493857103561 12 1
0 10 0
2.42921672360441 18 16
0.283493857103561 12 1
0 10 0
0.283493857103561 12 1
3.12398362186697 18 28
0 10 0
1.91358353544904 15 4
0 10 0
15.6702378935924 32 68
6.85259938461243 23 42
0.283493857103561 12 1
0 10 0
0.283493857103561 12 1
0.283493857103561 12 1
5.08292054405134 22 25
0 10 0
0 10 0
3.41025307583443 20 29
0.899301870651533 15 4
0.283493857103561 12 1
14.947023098531 33 65
3.19554871582937 20 24
0 10 0
0.283493857103561 12 1
0.283493857103561 12 1
10.6936061187107 28 52
6.5436483770895 22 39
0 10 0
1.24271285924775 16 7
0 10 0
0.283493857103561 12 1
0 10 0
1.24271285924775 16 7
1.09347630597088 16 3
0 10 0
1.47442630141546 17 5
0.637861178483013 14 2
13.2051130650172 31 70
0.283493857103561 12 1
0.637861178483013 14 2
5.23057508586724 19 36
0.467958547578585 13 3
2.8612820611479 22 25
0.283493857103561 12 1
6.15239842269412 26 31
3.69512908002497 19 16
6.01192781384721 23 36
0.283493857103561 12 1
1.71900729842358 17 11
2.06850220905696 17 21
6.27763862307602 23 18
0.467958547578585 13 3
0.637861178483013 14 2
0.467958547578585 13 3
4.93991877409392 22 30
6.28062837900799 21 37
0 10 0
0.899301870651533 15 4
9.75526537978187 28 52
0.467958547578585 13 3
0 10 0
7.82648285614142 25 51
2.06850220905696 17 21
4.74080318751651 21 25
1.00726529636431 15 10
1.91358353544904 15 4
0 10 0
0 10 0
0.467958547578585 13 3
0 10 0
3.12398362186697 18 28
0 10 0
6.01192781384721 23 36
0.283493857103561 12 1
0.467958547578585 13 3
1.74978344196222 16 7
0.637861178483013 14 2
0.283493857103561 12 1
0 10 0
1.00726529636431 15 10
1.74978344196222 16 7
10.5960688013241 28 48
0 10 0
0 10 0
1.91358353544904 15 4
0 10 0
4.30968700457355 27 25
2.3691986629369 17 5
0 10 0
7.41743333602656 23 38
1.43308443609712 16 15
2.6656172595938 19 18
0.467958547578585 13 3
0.467958547578585 13 3
0.637861178483013 14 2
8.66727039245328 27 38
0 10 0
0.283493857103561 12 1
5.23057508586724 19 36
4.25240785655342 22 15
3.12398362186697 18 28
0.283493857103561 12 1
5.23057508586724 19 36
0.467958547578585 13 3
0.637861178483013 14 2
0 10 0
3.12398362186697 18 28
0 10 0
9.35529728441752 24 20
0 10 0
0 10 0
9.65128734359762 26 45
0.283493857103561 12 1
0 10 0
1.24788946020956 16 6
6.01192781384721 23 36
8.75918094230517 27 42
0.283493857103561 12 1
0 10 0
0 10 0
0 10 0
2.06850220905696 17 21
0.467958547578585 13 3
0 10 0
2.06850220905696 17 21
0.283493857103561 12 1
0.899301870651533 15 4
1.43308443609712 16 15
11.1597937952585 29 51
6.24559884798332 24 30
0.283493857103561 12 1
0 10 0
1.91358353544904 15 4
0.283493857103561 12 1
1.00726529636431 15 10
0.283493857103561 12 1
0 10 0
0.700690348793493 14 6
0.467958547578585 13 3
3.19554871582937 20 24
0.467958547578585 13 3
0.283493857103561 12 1
0 10 0
1.24271285924775 16 7
0 10 0
0.637861178483013 14 2
0.467958547578585 13 3
0.283493857103561 12 1
4.74080318751651 21 25
1.00726529636431 15 10
0.899301870651533 15 4
0.283493857103561 12 1
10.695097294479 28 40
0 10 0
5.23057508586724 19 36
0.467958547578585 13 3
2.42921672360441 18 16
1.00726529636431 15 10
0 10 0
0 10 0
1.24271285924775 16 7
1.74978344196222 16 7
1.91358353544904 15 4
12.4656680091162 29 65
3.69512908002497 19 16
6.01192781384721 23 36
0.283493857103561 12 1
0.637861178483013 14 2
0 10 0
1.24271285924775 16 7
0 10 0
0 10 0
0 10 0
0 10 0
1.88057403773076 17 11
0.637861178483013 14 2
0 10 0
10.6476732225669 27 64
1.88057403773076 17 11
0.467958547578585 13 3
0 10 0
3.12398362186697 18 28
6.28062837900799 21 37
1.43308443609712 16 15
0 10 0
0 10 0
6.85259938461243 23 42
3.12398362186697 18 28
0.283493857103561 12 1
1.72970016443663 17 9
0 10 0
0.283493857103561 12 1
0 10 0
0.899301870651533 15 4
6.01192781384721 23 36
1.91358353544904 15 4
4.25920636162872 24 30
1.24271285924775 16 7
0.700690348793493 14 6
0 10 0
5.23057508586724 19 36
0.700690348793493 14 6
5.23057508586724 19 36
0 10 0
0 10 0
0.283493857103561 12 1
14.3284090340555 33 68
0.637861178483013 14 2
1.00726529636431 15 10
0.467958547578585 13 3
6.36754413010997 23 26
5.98443915455194 24 35
0.283493857103561 12 1
0 10 0
0.283493857103561 12 1
2.6656172595938 19 18
6.85259938461243 23 42
0 10 0
0.283493857103561 12 1
0.700690348793493 14 6
0.283493857103561 12 1
5.23057508586724 19 36
0.899301870651533 15 4
5.23057508586724 19 36
8.26293162197308 25 42
0 10 0
0.283493857103561 12 1
0.899301870651533 15 4
1.47442630141546 17 5
2.32490787272615 18 8
3.19554871582937 20 24
5.17945624121502 24 35
0.899301870651533 15 4
0.467958547578585 13 3
0.283493857103561 12 1
2.01453059272862 19 16
0 10 0
4.46134563243225 22 31
0.283493857103561 12 1
0.637861178483013 14 2
0 10 0
6.28062837900799 21 37
0 10 0
2.06850220905696 17 21
0 10 0
0 10 0
0.700690348793493 14 6
0.283493857103561 12 1
1.88057403773076 17 11
1.43308443609712 16 15
0 10 0
0.637861178483013 14 2
0.700690348793493 14 6
0 10 0
6.56729698375298 26 44
0.467958547578585 13 3
0.700690348793493 14 6
12.4656680091162 29 65
0 10 0
0 10 0
0 10 0
0.283493857103561 12 1
1.47442630141546 17 5
0.283493857103561 12 1
7.74548893483389 25 49
0 10 0
0.467958547578585 13 3
0 10 0
0.637861178483013 14 2
0.283493857103561 12 1
1.74978344196222 16 7
0.467958547578585 13 3
2.22929624120999 18 16
6.28062837900799 21 37
0.283493857103561 12 1
16.9897283365383 35 80
0.283493857103561 12 1
0.637861178483013 14 2
3.12398362186697 18 28
0 10 0
7.14559466587141 24 20
0.700690348793493 14 6
1.72970016443663 17 9
2.6656172595938 19 18
9.40898253265207 27 52
2.06850220905696 17 21
2.32490787272615 18 8
0 10 0
0 10 0
6.28062837900799 21 37
5.23057508586724 19 36
0.283493857103561 12 1
0 10 0
7.25231013382303 24 46
6.74851025604243 28 32
4.45111180100286 20 14
14.947023098531 33 65
0.467958547578585 13 3
1.24271285924775 16 7
0.700690348793493 14 6
0 10 0
0 10 0
0.283493857103561 12 1
0.637861178483013 14 2
6.28062837900799 21 37
0.899301870651533 15 4
0 10 0
0 10 0
0 10 0
5.23057508586724 19 36
0.700690348793493 14 6
7.59442749035785 25 37
0.467958547578585 13 3
1.91358353544904 15 4
3.97297661871026 20 29
0 10 0
8.89869358986565 26 47
0.467958547578585 13 3
0.637861178483013 14 2
0 10 0
0.700690348793493 14 6
0 10 0
0.283493857103561 12 1
0.637861178483013 14 2
0.283493857103561 12 1
2.85445750925975 19 22
0 10 0
0.467958547578585 13 3
0 10 0
4.06234265847852 20 14
0.283493857103561 12 1
0.467958547578585 13 3
5.23057508586724 19 36
0.283493857103561 12 1
0.467958547578585 13 3
4.40580443276168 21 11
0 10 0
0 10 0
2.3691986629369 17 5
6.85259938461243 23 42
0.700690348793493 14 6
1.88057403773076 17 11
0 10 0
3.69512908002497 19 16
0.637861178483013 14 2
7.82648285614142 25 51
0 10 0
0.283493857103561 12 1
4.74080318751651 21 25
0.283493857103561 12 1
1.91358353544904 15 4
0.283493857103561 12 1
0.283493857103561 12 1
0 10 0
6.22240581447169 24 35
8.76684155383755 26 57
0.283493857103561 12 1
3.43784756251181 20 14
0 10 0
0 10 0
3.12398362186697 18 28
1.43308443609712 16 15
10.6476732225669 27 64
1.47442630141546 17 5
6.28062837900799 21 37
5.23057508586724 19 36
0 10 0
0 10 0
0.283493857103561 12 1
0 10 0
0.283493857103561 12 1
0.283493857103561 12 1
1.00726529636431 15 10
1.13029486946557 20 21
2.77113606096587 17 9
5.23057508586724 19 36
0.283493857103561 12 1
0.700690348793493 14 6
3.19554871582937 20 24
6.02483758053329 24 43
1.43308443609712 16 15
6.49381703901017 22 19
0.899301870651533 15 4
1.43308443609712 16 15
0.283493857103561 12 1
0 10 0
0.283493857103561 12 1
2.06850220905696 17 21
0.637861178483013 14 2
3.69512908002497 19 16
0 10 0
0.283493857103561 12 1
1.24788946020956 16 6
19.76787250595 38 91
0.637861178483013 14 2
0.283493857103561 12 1
2.77113606096587 17 9
0 10 0
2.42921672360441 18 16
0 10 0
0.283493857103561 12 1
3.12398362186697 18 28
1.91358353544904 15 4
3.2969092442989 20 17
0 10 0
0.467958547578585 13 3
15.7239314199354 33 71
0.467958547578585 13 3
0.899301870651533 15 4
3.12398362186697 18 28
0 10 0
0.283493857103561 12 1
4.74080318751651 21 25
0 10 0
0.467958547578585 13 3
0 10 0
6.28062837900799 21 37
2.77113606096587 17 9
0.283493857103561 12 1
0.283493857103561 12 1
1.43308443609712 16 15
1.71900729842358 17 11
0.700690348793493 14 6
0.283493857103561 12 1
0.283493857103561 12 1
0.283493857103561 12 1
0.700690348793493 14 6
0 10 0
0.283493857103561 12 1
0.899301870651533 15 4
0.283493857103561 12 1
0 10 0
0.283493857103561 12 1
0 10 0
6.28062837900799 21 37
0.283493857103561 12 1
0.283493857103561 12 1
1.34420386713333 22 21
2.06850220905696 17 21
0.283493857103561 12 1
0.283493857103561 12 1
5.25628600407236 23 20
0.637861178483013 14 2
4.93991877409392 22 30
0.899301870651533 15 4
7.74548893483389 25 49
0.283493857103561 12 1
0 10 0
0.283493857103561 12 1
0.283493857103561 12 1
0 10 0
7.25231013382303 24 46
0.467958547578585 13 3
0 10 0
3.3462604917298 19 10
0.467958547578585 13 3
0 10 0
8.65821228931509 25 25
0 10 0
0 10 0
7.41743333602656 23 38
0.283493857103561 12 1
0.700690348793493 14 6
0.283493857103561 12 1
6.22240581447169 24 35
0 10 0
5.23057508586724 19 36
3.97297661871026 20 29
0 10 0
1.74978344196222 16 7
0.467958547578585 13 3
4.63044122822433 22 34
0.283493857103561 12 1
0 10 0
3.97297661871026 20 29
0.283493857103561 12 1
0.283493857103561 12 1
5.08292054405134 22 25
0 10 0
5.47246442000651 21 17
0.637861178483013 14 2
5.23057508586724 19 36
0 10 0
11.7575477917135 30 53
10.6476732225669 27 64
6.36754413010997 23 26
6.49381703901017 22 19
14.2911893317428 33 57
0 10 0
6.21564113105994 23 32
0.283493857103561 12 1
0.283493857103561 12 1
0 10 0
5.23057508586724 19 36
0.899301870651533 15 4
4.25240785655342 22 15
0.467958547578585 13 3
5.37192424316101 23 32
5.47246442000651 21 17
0 10 0
0 10 0
4.63044122822433 22 34
0 10 0
0 10 0
1.91358353544904 15 4
1.74978344196222 16 7
0.637861178483013 14 2
0 10 0
0.700690348793493 14 6
0.283493857103561 12 1
0.700690348793493 14 6
3.12398362186697 18 28
1.00726529636431 15 10
0 10 0
0 10 0
2.06850220905696 17 21
4.74080318751651 21 25
2.01453059272862 19 16
6.28062837900799 21 37
0.283493857103561 12 1
7.25231013382303 24 46
0.899301870651533 15 4
0.283493857103561 12 1
0 10 0
0.283493857103561 12 1
4.63044122822433 22 34
0 10 0
6.28062837900799 21 37
2.77113606096587 17 9
0 10 0
4.31648550964885 23 18
5.08292054405134 22 25
2.63940555236672 19 12
0.283493857103561 12 1
1.91358353544904 15 4
3.27726673084974 20 17
0 10 0
0 10 0
7.29899124207967 26 29
0.283493857103561 12 1
0.700690348793493 14 6
0 10 0
0.467958547578585 13 3
4.74080318751651 21 25
0.899301870651533 15 4
0 10 0
2.6656172595938 19 18
0 10 0
0.637861178483013 14 2
0.467958547578585 13 3
0.467958547578585 13 3
4.63044122822433 22 34
3.80719818708531 21 23
2.06850220905696 17 21
0.637861178483013 14 2
2.85445750925975 19 22
0 10 0
1.71900729842358 17 11
0 10 0
0.467958547578585 13 3
0 10 0
7.64591777344962 26 36
0 10 0
0 10 0
7.31931413515188 28 52
0.283493857103561 12 1
12.8087576481851 30 67
0 10 0
3.80719818708531 21 23
6.85259938461243 23 42
0 10 0
0.283493857103561 12 1
0 10 0
0.899301870651533 15 4
0 10 0
0.637861178483013 14 2
0 10 0
1.00726529636431 15 10
1.43308443609712 16 15
0.467958547578585 13 3
18.5144744161025 35 71
1.43308443609712 16 15
0 10 0
1.43308443609712 16 15
3.12398362186697 18 28
0.700690348793493 14 6
5.6912363597697 23 20
7.64591777344962 27 40
4.92064337686896 19 10
1.00726529636431 15 10
2.06850220905696 17 21
0 10 0
3.12398362186697 18 28
0 10 0
3.12398362186697 18 28
1.71900729842358 17 11
6.28062837900799 21 37
0.283493857103561 12 1
0 10 0
2.32490787272615 18 8
4.74080318751651 21 25
5.79350011154522 25 25
2.38847406016187 19 18
23.7503722720494 41 96
0 10 0
0 10 0
0.467958547578585 13 3
1.00726529636431 15 10
0.283493857103561 12 1
1.47442630141546 17 5
1.00726529636431 15 10
0.637861178483013 14 2
0.283493857103561 12 1
0.283493857103561 12 1
14.8280851834939 31 49
2.3691986629369 17 5
1.91358353544904 15 4
0 10 0
0 10 0
12.4656680091162 29 65
0.283493857103561 12 1
0 10 0
0.283493857103561 12 1
1.88057403773076 17 11
10.6476732225669 27 64
5.23057508586724 19 36
0 10 0
0 10 0
0 10 0
0.700690348793493 14 6
2.85445750925975 19 22
5.88735200373823 24 22
0.637861178483013 14 2
0 10 0
3.27726673084974 19 10
0 10 0
0.283493857103561 12 1
0.283493857103561 12 1
0 10 0
6.27763862307602 23 18
0.283493857103561 12 1
9.3731114356474 27 50
9.19542639678795 28 45
3.12398362186697 18 28
0.899301870651533 15 4
5.47246442000651 21 17
7.48820273107458 26 44
0.899301870651533 15 4
0 10 0
0.700690348793493 14 6
0 10 0
0.283493857103561 12 1
0.700690348793493 14 6
1.43308443609712 16 15
0.283493857103561 12 1
0.283493857103561 12 1
2.06850220905696 17 21
5.23057508586724 19 36
0 10 0
12.7610972368144 32 56
1.00726529636431 15 10
13.3318828464716 32 62
0.283493857103561 12 1
0 10 0
2.06850220905696 17 21
0.283493857103561 12 1
1.24271285924775 16 7
0 10 0
6.85259938461243 23 42
0.283493857103561 12 1
0.700690348793493 14 6
6.98463737548553 25 33
7.94947377015548 27 46
0.467958547578585 13 3
0 10 0
6.39642593606 26 44
0 10 0
0 10 0
2.75014865838149 18 7
0.467958547578585 13 3
0.283493857103561 12 1
0.283493857103561 12 1
2.75014865838149 18 7
0.637861178483013 14 2
0.637861178483013 14 2
0.283493857103561 12 1
0.283493857103561 12 1
0.467958547578585 13 3
0.283493857103561 12 1
0.283493857103561 12 1
0.467958547578585 13 3
2.32490787272615 19 12
0 10 0
2.22929624120999 18 16
3.77765282432066 23 24
0.283493857103561 12 1
0 10 0
1.24271285924775 16 7
0.283493857103561 12 1
0.467958547578585 13 3
0 10 0
0 10 0
0 10 0
2.44681503970363 18 13
1.00726529636431 15 10
18.8277081981799 36 86
2.75014865838149 18 7
0 10 0
0.637861178483013 14 2
3.17823823769491 22 22
6.99931413587612 24 28
3.12398362186697 18 28
4.74080318751651 21 25
2.42921672360441 18 16
1.47442630141546 17 5
0 10 0
1.91358353544904 15 4
0 10 0
0.637861178483013 14 2
0.283493857103561 12 1
0.467958547578585 13 3
2.85445750925975 19 22
0 10 0
0.467958547578585 13 3
0.700690348793493 14 6
8.87905107641649 26 47
3.36464431162144 20 21
2.06850220905696 17 21
5.25240260480602 22 19
0.700690348793493 14 6
5.92327328100731 24 32
0.283493857103561 12 1
0 10 0
1.00726529636431 15 10
0 10 0
3.69512908002497 19 16
0 10 0
4.50149652010422 22 30
3.12398362186697 18 28
0.283493857103561 12 1
6.85259938461243 23 42
10.6476732225669 27 64
0 10 0
2.50193046735464 21 13
0 10 0
0.283493857103561 12 1
0.899301870651533 15 4
0.283493857103561 12 1
1.71900729842358 17 11
2.26517022779958 20 24
1.91358353544904 15 4
0 10 0
6.28062837900799 21 37
0.700690348793493 14 6
0 10 0
0 10 0
0.283493857103561 12 1
0.283493857103561 12 1
8.52330092419535 27 38
0.700690348793493 14 6
2.85445750925975 19 22
10.3944640546511 28 58
0.467958547578585 13 3
0.637861178483013 14 2
8.93879183741457 26 45
7.82648285614142 25 51
0 10 0
0.637861178483013 14 2
0.283493857103561 12 1
5.23057508586724 19 36
1.74978344196222 16 7
0.283493857103561 12 1
0.467958547578585 13 3
0 10 0
0.283493857103561 12 1
0 10 0
0.283493857103561 12 1
0.283493857103561 12 1
1.00726529636431 15 10
3.12398362186697 18 28
2.3691986629369 17 5
0.899301870651533 15 4
0.283493857103561 12 1
6.85259938461243 23 42
0.283493857103561 12 1
0.700690348793493 14 6
0.283493857103561 12 1
3.19554871582937 20 24
0.637861178483013 14 2
0 10 0
1.43308443609712 16 15
0 10 0
0.283493857103561 12 1
3.12398362186697 18 28
1.91358353544904 15 4
0 10 0
1.4912554310973 18 8
5.23057508586724 19 36
4.63044122822433 22 34
0 10 0
0.283493857103561 12 1
4.74080318751651 21 25
0.899301870651533 15 4
0 10 0
0.637861178483013 14 2
0 10 0
2.75014865838149 18 7
0.283493857103561 12 1
0.283493857103561 12 1
0 10 0
0.467958547578585 13 3
3.12398362186697 18 28
6.01192781384721 23 36
0 10 0
2.06850220905696 17 21
0 10 0
6.5436483770895 22 39
0.637861178483013 14 2
3.12398362186697 18 28
2.22929624120999 18 16
9.99970967738109 29 53
0 10 0
0 10 0
0.283493857103561 12 1
7.74548893483389 25 49
0 10 0
5.23057508586724 19 36
3.69512908002497 19 16
0 10 0
2.85445750925975 19 22
1.91358353544904 15 4
10.6476732225669 27 64
3.73590347918596 21 19
0 10 0
2.06850220905696 17 21
5.23057508586724 19 36
0 10 0
0 10 0
0 10 0
0 10 0
5.37192424316101 23 32
0 20 20
0 10 0
0.283493857103561 12 1
10.7766179987855 29 60
6.01192781384721 23 36
5.1603726844599 23 38
0 10 0
4.95660889786881 22 22
1.4912554310973 18 8
8.1391143881186 26 29
5.17945624121502 24 35
6.24559884798332 24 30
0 10 0
1.00726529636431 15 10
2.06850220905696 17 21
0 10 0
6.28062837900799 21 37
0 10 0
0.283493857103561 12 1
1.74978344196222 16 7
0.467958547578585 13 3
0.283493857103561 12 1
7.11776176911495 25 25
0 10 0
0.283493857103561 12 1
7.77945315328328 24 40
0.283493857103561 12 1
0.467958547578585 13 3
0.283493857103561 12 1
9.65128734359762 26 45
1.91358353544904 15 4
7.74548893483389 25 49
7.94947377015548 27 46
0 10 0
0.283493857103561 12 1
0 10 0
3.69512908002497 19 16
0.283493857103561 12 1
10.3944640546511 28 58
0 10 0
0.700690348793493 14 6
2.22929624120999 18 16
6.28062837900799 21 37
2.27960050448497 21 11
0.283493857103561 12 1
5.23057508586724 19 36
6.37861178483013 24 20
0 10 0
0.637861178483013 14 2
0.467958547578585 13 3
10.6476732225669 27 64
0 10 0
3.97297661871026 20 29
0.467958547578585 13 3
0 10 0
0 10 0
0 10 0
4.92064337686896 19 10
0 10 0
1.91358353544904 15 4
0.283493857103561 12 1
0 10 0
1.91358353544904 15 4
0.700690348793493 14 6
0.283493857103561 12 1
1.43308443609712 16 15
0 10 0
3.12398362186697 18 28
1.74978344196222 16 7
5.23057508586724 19 36
0.467958547578585 13 3
0.283493857103561 12 1
2.22929624120999 18 16
1.43308443609712 16 15
2.22929624120999 18 16
0 10 0
0 10 0
0.283493857103561 12 1
0.700690348793493 14 6
0.283493857103561 12 1
0 10 0
1.72970016443663 17 9
0 10 0
0 10 0
0 10 0
12.4656680091162 29 65
0 10 0
0.899301870651533 15 4
0.283493857103561 12 1
0 10 0
13.2124244736289 30 53
0.700690348793493 14 6
0 10 0
0 10 0
0.637861178483013 14 2
10.6476732225669 27 64
2.85445750925975 19 22
2.42921672360441 18 16
4.74080318751651 21 25
12.4656680091162 29 65
0 10 0
0.283493857103561 12 1
0.467958547578585 13 3
3.2969092442989 20 17
1.91358353544904 15 4
0.467958547578585 13 3
8.87905107641649 26 47
6.28062837900799 21 37
1.00726529636431 15 10
0.283493857103561 12 1
0 10 0
0 10 0
0.899301870651533 15 4
2.6656172595938 19 18
0 10 0
4.92064337686896 19 10
0 10 0
1.91358353544904 15 4
1.74978344196222 16 7
7.59442749035785 25 37
4.50149652010422 22 30
3.41025307583443 20 29
0 10 0
0 10 0
3.69512908002497 19 16
5.17945624121502 24 35
0.283493857103561 12 1
8.69315569299259 24 40
9.67956490831875 26 29
2.72231576162502 21 11
0.700690348793493 14 6
5.2769506456668 24 32
1.00726529636431 15 10
0.283493857103561 12 1
0 10 0
0 10 0
0 10 0
0.283493857103561 12 1
0.283493857103561 12 1
12.6080293630242 31 56
0 10 0
3.04503391866458 20 8
10.3944640546511 28 58
0 10 0
0.467958547578585 13 3
10.6936061187107 28 52
0.283493857103561 12 1
0.467958547578585 13 3
3.19554871582937 20 24
7.74548893483389 25 49
5.23057508586724 19 36
0.283493857103561 12 1
13.2051130650172 31 70
1.91358353544904 15 4
1.88057403773076 17 11
2.42921672360441 18 16
3.73590347918596 21 19
2.06850220905696 17 21
0.283493857103561 12 1
0.283493857103561 12 1
0 10 0
12.4656680091162 29 65
1.43308443609712 16 15
0.700690348793493 14 6
0 10 0
0 10 0
0 10 0
1.47442630141546 17 5
0.283493857103561 12 1
0 10 0
1.43308443609712 16 15
1.00726529636431 15 10
0.700690348793493 14 6
6.49381703901017 22 19
1.24271285924775 16 7
0.637861178483013 14 2
0 10 0
1.00726529636431 15 10
0 10 0
0.899301870651533 15 4
0.283493857103561 12 1
0.283493857103561 12 1
0.700690348793493 14 6
5.52813021351944 21 11
1.91358353544904 15 4
2.06850220905696 17 21
0.899301870651533 15 4
0.283493857103561 12 1
9.941702873982 32 48
0.283493857103561 12 1
5.23057508586724 19 36
0 10 0
0 10 0
3.69512908002497 19 16
7.25231013382303 24 46
5.23057508586724 19 36
0 10 0
0.283493857103561 12 1
0 10 0
0.467958547578585 13 3
6.5436483770895 22 39
3.97297661871026 20 29
0.700690348793493 14 6
1.88057403773076 17 11
0.283493857103561 12 1
0.467958547578585 13 3
5.23057508586724 19 36
0 10 0
5.23057508586724 19 36
0.467958547578585 13 3
1.43308443609712 16 15
