"COLLES.MDM.LN" "SACKIN" "COPHENETIC"
12.6236010471005 47 253
44.491411146924 107 578
0 24 0
0 24 0
0 24 0
0.377127483183452 30 15
0.551291227388289 32 28
9.05697508085107 61 260
0 24 0
4.42463399344919 44 190
12.6236010471005 47 253
0 24 0
3.51302573107217 43 171
25.4832654818187 69 484
0 24 0
0 24 0
1.22956870688196 37 78
53.2744067823886 122 928
22.4955644857116 75 409
0 24 0
9.52266228596283 61 326
0 24 0
0 24 0
0 24 0
8.06918104161755 46 231
10.1901066508538 68 317
12.6236010471005 47 253
0 24 0
0 24 0
0.377127483183452 30 15
0 24 0
0 24 0
0 24 0
12.6236010471005 47 253
0 24 0
12.6236010471005 47 253
25.4832654818187 69 484
0 24 0
0 24 0
0.233563449597831 28 6
29.0490697602172 82 562
0 24 0
44.4578014819088 106 814
0 24 0
14.6574484239612 58 308
0 24 0
0 24 0
5.79156153398588 45 210
0 24 0
12.6236010471005 47 253
2.86157378437372 42 153
6.76812411384904 52 183
6.77826917808619 45 100
1.22956870688196 37 78
0 24 0
3.51302573107217 43 171
15.598213726439 70 344
8.06918104161755 46 231
0 24 0
8.06918104161755 46 231
0 24 0
11.431942471121 62 343
0 24 0
0 24 0
0 24 0
0 24 0
22.7798003844842 81 534
0 24 0
0 24 0
3.77779932428883 42 64
0 24 0
0 24 0
0.377127483183452 30 15
0 24 0
0 24 0
12.6236010471005 47 253
13.4954686791165 49 254
4.42463399344919 44 190
0 24 0
0 24 0
0 24 0
0 24 0
12.6236010471005 47 253
0.459667157568214 31 21
0 24 0
0 24 0
0 24 0
0 24 0
35.7063595219499 99 688
14.4803672451794 68 305
0 24 0
12.6236010471005 47 253
20.96524534219 79 491
23.2461663223378 79 507
0 24 0
1.99216674268549 40 120
11.5248685168474 57 256
0 24 0
0 24 0
0 24 0
24.363683345404 76 449
0 24 0
2.86157378437372 42 153
0 24 0
20.1556866845969 67 441
0 24 0
0 24 0
0 24 0
0 24 0
5.79156153398588 45 210
6.28617122805641 56 244
55.3900399051624 124 960
0 24 0
0 24 0
0 24 0
19.6621920452786 72 333
5.79156153398588 45 210
1.99216674268549 40 120
12.6236010471005 47 253
0 24 0
12.6236010471005 47 253
14.5042745475513 57 298
0 24 0
8.06918104161755 46 231
13.4954686791165 49 254
12.6236010471005 47 253
19.0447936962117 67 443
2.37269327712554 41 136
8.06918104161755 46 231
21.2185014014722 82 538
1.22956870688196 37 78
0 24 0
0 24 0
8.06918104161755 46 231
14.1144839287471 54 274
0 24 0
1.05300695252907 36 66
1.05300695252907 36 66
1.22956870688196 37 78
15.9966694383735 66 421
0 24 0
2.86157378437372 42 153
3.51302573107217 43 171
0 24 0
12.6236010471005 47 253
0 24 0
0 24 0
12.6236010471005 47 253
0 24 0
12.6236010471005 47 253
0 24 0
16.3897317795953 55 88
0 24 0
0 24 0
0 24 0
0 24 0
0 24 0
8.06918104161755 46 231
12.6977393877238 64 384
0 24 0
12.6236010471005 47 253
18.9649078240759 79 445
44.4578014819088 106 814
0 24 0
6.40249086969325 48 213
19.0447936962117 67 443
32.4742454559153 87 631
9.07266723731332 58 273
0 24 0
0 24 0
14.8298479147844 59 319
11.3275784257979 53 240
0 24 0
0 24 0
0 24 0
3.51302573107217 43 171
12.6236010471005 47 253
8.06918104161755 46 231
25.4832654818187 69 484
0 24 0
0 24 0
0 24 0
23.0288544267967 78 496
6.60512326711837 59 237
3.43833588940177 46 159
12.6236010471005 47 253
12.1378735939118 72 385
26.7857882521379 90 509
25.4832654818187 69 484
0 24 0
0 24 0
0.551291227388289 32 28
0 24 0
0 24 0
0 24 0
26.3335200312781 81 514
1.68745969781992 39 105
0 24 0
0 24 0
10.0525937421984 62 346
0 24 0
41.2745782465906 100 558
25.4832654818187 69 484
0 24 0
16.3394269861881 64 389
0 24 0
12.6236010471005 47 253
0 24 0
0 24 0
0 24 0
5.43118765652126 41 64
12.6236010471005 47 253
0 24 0
0 24 0
0 24 0
8.06918104161755 46 231
12.6236010471005 47 253
0 24 0
0 24 0
0 24 0
0 24 0
8.06918104161755 46 231
0 24 0
0 24 0
0 24 0
9.95426685840347 59 203
0 24 0
0 24 0
0 24 0
0 24 0
8.06918104161755 46 231
27.6594624231104 86 616
17.776503959596 66 424
0 24 0
4.42463399344919 44 190
0 24 0
1.05300695252907 36 66
0 24 0
4.42463399344919 44 190
8.06918104161755 46 231
0 24 0
4.42463399344919 44 190
4.42463399344919 44 190
0 24 0
1.22956870688196 37 78
6.18103406863209 51 201
8.06918104161755 46 231
0 24 0
0 24 0
40.0165648875637 107 642
0.233563449597831 28 6
8.06918104161755 46 231
7.47630116066427 47 121
3.51302573107217 43 171
12.6236010471005 47 253
25.4832654818187 69 484
5.79156153398588 45 210
0 24 0
0 24 0
0 24 0
0 24 0
0 24 0
1.43786389462913 38 91
27.686085724556 74 494
1.50767187641439 29 4
12.6236010471005 47 253
0 24 0
0 24 0
4.08517002101469 49 138
17.022891272137 73 390
0 24 0
12.6236010471005 47 253
46.7093620501757 115 842
5.79156153398588 45 210
0 24 0
12.6236010471005 47 253
0 24 0
0 24 0
4.42463399344919 44 190
0 24 0
0 24 0
52.9214554212496 119 910
12.6236010471005 47 253
0 24 0
0 24 0
8.06918104161755 46 231
12.6236010471005 47 253
0 24 0
0 24 0
10.8581739035416 61 336
0 24 0
0.769536031493956 34 45
9.65388117518293 56 276
17.776503959596 66 424
0 24 0
0 24 0
8.06918104161755 46 231
21.9175284534998 83 557
0 24 0
0 24 0
33.495598074919 88 653
12.6977393877238 64 384
25.4832654818187 69 484
0.769536031493956 34 45
12.6236010471005 47 253
0 24 0
2.37269327712554 41 136
3.51302573107217 43 171
1.99216674268549 40 120
0 24 0
0 24 0
2.37269327712554 41 136
34.5169506939226 89 674
2.86157378437372 42 153
0 24 0
0 24 0
0 24 0
20.0158005187398 74 424
0 24 0
0 24 0
0 24 0
29.2693295838334 96 625
9.96046924064318 54 154
0 24 0
2.37269327712554 41 136
0 24 0
0.769536031493956 34 45
8.06918104161755 46 231
10.5957475660031 55 225
13.6332271811732 50 256
21.1770393036006 68 463
0 24 0
0.901337813092413 35 55
3.51302573107217 43 171
2.37269327712554 41 136
0 24 0
0 24 0
0 24 0
47.7685492935666 116 824
0 24 0
15.2649970132895 63 361
12.6236010471005 47 253
12.6236010471005 47 253
8.06918104161755 46 231
0 24 0
0 24 0
2.86157378437372 42 153
0 24 0
13.2759976872593 64 249
0.901337813092413 35 55
11.6126625754646 51 109
4.42463399344919 44 190
0 24 0
0 24 0
0 24 0
0 24 0
0 24 0
12.6236010471005 47 253
0 24 0
0 24 0
3.51302573107217 43 171
0 24 0
8.06918104161755 46 231
14.1068822349853 62 224
12.6236010471005 47 253
12.6236010471005 47 253
47.0646000646313 108 845
0 24 0
17.776503959596 66 424
40.9142551178965 105 791
12.6236010471005 47 253
0 24 0
12.4124457711629 68 307
10.5166068754317 60 322
0 24 0
1.68745969781992 39 105
20.6553462793861 78 484
12.6236010471005 47 253
0 24 0
8.06918104161755 46 231
8.06918104161755 46 231
0.459667157568214 31 21
0 24 0
22.0861066792785 79 509
15.9966694383735 66 421
12.6236010471005 47 253
3.99835823828228 42 73
0.901337813092413 35 55
0 24 0
0 24 0
0 24 0
0 24 0
0 24 0
12.5373835030885 57 127
0.653821885733405 33 36
0 24 0
0 24 0
4.88832913423341 53 202
0 24 0
4.42463399344919 44 190
5.79156153398588 45 210
5.79156153398588 45 210
3.82708633908171 49 174
0 24 0
5.79156153398588 45 210
0 24 0
0 24 0
0.170166744574031 27 3
0 24 0
0 24 0
0 24 0
0 24 0
25.4832654818187 69 484
0 24 0
0 24 0
0 24 0
0 24 0
14.8298479147844 59 319
5.79156153398588 45 210
17.776503959596 66 424
0 24 0
0 24 0
1.22956870688196 37 78
0 24 0
0 24 0
0 24 0
5.55076692911286 54 214
38.5765362748133 90 694
0 24 0
0 24 0
17.776503959596 66 424
0 24 0
7.07760274127543 58 281
5.79156153398588 45 210
25.4832654818187 69 484
12.6236010471005 47 253
12.6236010471005 47 253
1.43786389462913 38 91
0 24 0
20.1556866845969 67 441
0 24 0
12.6236010471005 47 253
0 24 0
38.7773745086263 103 752
2.82523007855155 33 16
0 24 0
27.5400327203361 85 592
12.6236010471005 47 253
0 24 0
0 24 0
1.68745969781992 39 105
0 24 0
0 24 0
15.9966694383735 66 421
0 24 0
17.9293528211627 64 187
0 24 0
2.17160148053152 31 9
15.5428287947668 62 358
0 24 0
21.1770393036006 68 463
12.6236010471005 47 253
0 24 0
0 24 0
0.901337813092413 35 55
12.6236010471005 47 253
0 24 0
30.5862817906233 86 620
0 24 0
0 24 0
0 24 0
14.8717809711788 70 318
0 24 0
19.0951601227424 73 434
0 24 0
25.4832654818187 69 484
25.4832654818187 69 484
7.94907909794165 59 241
0 24 0
0 24 0
0 24 0
0 24 0
0 24 0
30.7136927392675 86 614
0 24 0
8.80946286832297 49 234
13.9305342059374 65 402
12.6236010471005 47 253
0 24 0
0 24 0
10.1147178386069 60 307
2.55826726821832 36 31
8.06918104161755 46 231
8.06918104161755 46 231
40.5152138037351 110 623
0 24 0
0 24 0
0 24 0
0 24 0
3.51302573107217 43 171
0 24 0
0 24 0
0 24 0
0 24 0
8.95070944097496 51 169
1.68745969781992 39 105
0 24 0
0 24 0
0 24 0
19.0447936962117 67 443
12.6236010471005 47 253
0 24 0
10.5957475660031 55 225
0 24 0
21.4834766843589 80 499
0 24 0
12.6236010471005 47 253
0 24 0
28.8450269775846 84 577
0 24 0
0 24 0
0 24 0
12.6236010471005 47 253
0 24 0
0 24 0
0 24 0
20.1556866845969 67 441
0 24 0
4.42463399344919 44 190
25.4832654818187 69 484
0 24 0
0 24 0
0 24 0
0 24 0
8.06918104161755 46 231
1.43786389462913 38 91
14.3652835864158 56 289
3.99352128307855 50 181
5.79156153398588 45 210
4.42463399344919 44 190
13.6902794382477 61 290
0 24 0
12.6236010471005 47 253
5.79156153398588 45 210
0.551291227388289 32 28
0 24 0
0 24 0
0 24 0
21.1770393036006 68 463
0 24 0
0.901337813092413 35 55
0 24 0
0 24 0
0 24 0
25.4832654818187 69 484
5.28569864376933 50 205
0 24 0
0 24 0
0 24 0
7.44551997159005 54 211
47.6163372571188 115 822
12.6236010471005 47 253
0 24 0
0 24 0
0 24 0
12.6236010471005 47 253
0 24 0
0 24 0
17.776503959596 66 424
0 24 0
2.37269327712554 41 136
0 24 0
0 24 0
0 24 0
0 24 0
0 24 0
6.70727700217408 39 31
20.1556866845969 67 441
12.6236010471005 47 253
0 24 0
5.59060122277378 55 231
0 24 0
0 24 0
0 24 0
4.42463399344919 44 190
0 24 0
8.69406098395529 48 232
21.1770393036006 68 463
18.9143224407278 70 376
0 24 0
0 24 0
15.9376898181549 69 352
4.79766024448057 52 207
0 24 0
25.4832654818187 69 484
0 24 0
18.3788069840493 80 507
2.37269327712554 41 136
0.653821885733405 33 36
0 24 0
0 24 0
2.86157378437372 42 153
1.22956870688196 37 78
0 24 0
27.8831756038893 94 618
1.99216674268549 40 120
5.79156153398588 45 210
0 24 0
0 24 0
0.901337813092413 35 55
3.51302573107217 43 171
18.5195510791092 72 417
0 24 0
0 24 0
0.302179588909293 29 10
0 24 0
12.6236010471005 47 253
17.776503959596 66 424
0 24 0
0 24 0
8.06918104161755 46 231
4.42463399344919 44 190
5.79156153398588 45 210
12.6236010471005 47 253
1.99216674268549 40 120
0 24 0
28.0894476797889 86 524
12.6236010471005 47 253
0 24 0
7.31613042874016 54 211
0 24 0
0 24 0
5.79156153398588 45 210
10.9858806024172 68 326
0 24 0
22.750589713019 72 397
0 24 0
0 24 0
0 24 0
16.3394269861881 64 389
0 24 0
0 24 0
0 24 0
0 24 0
8.06918104161755 46 231
49.964242826394 110 846
0 24 0
4.30136062652445 51 175
16.2102509063853 72 379
0 24 0
0 24 0
1.43786389462913 38 91
0 24 0
0 24 0
0 24 0
0 24 0
0 24 0
22.7415089973625 70 244
8.06918104161755 46 231
1.43786389462913 38 91
0 24 0
0 24 0
8.06918104161755 46 231
30.4838698203006 92 445
8.06918104161755 46 231
16.3394269861881 64 389
0 24 0
0 24 0
38.5765362748133 90 694
12.6236010471005 47 253
1.68745969781992 39 105
0 24 0
12.6236010471005 47 253
12.6236010471005 47 253
0 24 0
36.118169170607 103 624
5.43118765652126 41 64
0.653821885733405 33 36
0 24 0
16.6731745408205 63 235
0 24 0
15.2614219407569 61 344
0 24 0
0 24 0
25.4832654818187 69 484
0 24 0
6.28617122805641 56 244
0 24 0
0 24 0
0 24 0
0 24 0
17.776503959596 66 424
9.52266228596283 61 326
0 24 0
15.9966694383735 66 421
0 24 0
0 24 0
12.6236010471005 47 253
0 24 0
0 24 0
2.86157378437372 42 153
0 24 0
0 24 0
38.5765362748133 90 694
5.79156153398588 45 210
0 24 0
17.776503959596 66 424
0 24 0
0 24 0
2.37269327712554 41 136
21.1770393036006 68 463
0 24 0
0 24 0
0.233563449597831 28 6
2.17160148053152 31 9
25.4832654818187 69 484
8.06918104161755 46 231
1.50767187641439 29 4
8.06918104161755 46 231
5.79156153398588 45 210
17.2302386539175 65 400
0.551291227388289 32 28
0 24 0
0 24 0
0 24 0
0 24 0
10.0137360174704 58 297
0 24 0
0 24 0
2.17160148053152 31 9
0 24 0
8.06918104161755 46 231
5.24872763509291 54 226
15.9966694383735 66 421
10.0525937421984 62 346
12.6236010471005 47 253
29.1776386462282 86 483
0 24 0
12.6236010471005 47 253
21.1770393036006 68 463
25.4832654818187 69 484
0.769536031493956 34 45
5.79156153398588 45 210
0 24 0
12.6236010471005 47 253
0 24 0
12.6236010471005 47 253
1.05300695252907 36 66
0 24 0
12.6236010471005 47 253
8.06918104161755 46 231
24.0079906948313 81 526
0 24 0
3.51302573107217 43 171
12.6236010471005 47 253
0 24 0
0 24 0
14.6574484239612 58 308
0 24 0
0 24 0
0 24 0
0 24 0
5.79156153398588 45 210
12.6236010471005 47 253
5.79156153398588 45 210
11.0223522262351 59 191
7.01864696729011 53 178
12.6236010471005 47 253
39.3105655867784 103 745
1.99216674268549 40 120
2.37269327712554 41 136
0 24 0
0 24 0
2.86157378437372 42 153
33.6443801329342 95 632
12.6236010471005 47 253
28.1470669251395 77 512
20.1556866845969 67 441
0 24 0
0 24 0
11.879247168664 63 367
15.2649970132895 63 361
0 24 0
6.54429262053947 55 227
18.0881233607062 67 407
0 24 0
43.96073250371 105 799
0 24 0
0 24 0
0 24 0
0 24 0
0 24 0
8.06918104161755 46 231
0 24 0
12.6236010471005 47 253
29.631594823041 84 589
0 24 0
0 24 0
0 24 0
6.77826917808619 45 100
11.2958604140614 62 351
15.2649970132895 63 361
17.7113352401014 67 347
0 24 0
0 24 0
12.6236010471005 47 253
8.06918104161755 46 231
28.3253475375987 82 478
10.0525937421984 62 346
0 24 0
0 24 0
0 24 0
12.6236010471005 47 253
0 24 0
0.459667157568214 31 21
23.5316373409108 76 491
0 24 0
0 24 0
0 24 0
1.68745969781992 39 105
28.4889119490045 94 624
0 24 0
1.68745969781992 39 105
25.4832654818187 69 484
0 24 0
17.8992312094675 73 442
12.6236010471005 47 253
0 24 0
36.3221698535182 109 712
21.2684170292694 75 471
0 24 0
0 24 0
0 24 0
0 24 0
12.6236010471005 47 253
0 24 0
3.85090014939912 50 165
0 24 0
0 24 0
28.8991376969733 84 571
0 24 0
12.5669146700645 59 289
6.66970812995981 57 268
31.934104339588 93 587
5.00198420471071 53 216
0 24 0
0 24 0
0 24 0
20.1556866845969 67 441
8.06918104161755 46 231
0 24 0
10.8581739035416 61 336
12.6236010471005 47 253
0 24 0
0 24 0
0 24 0
0 24 0
5.5546431726062 55 237
0 24 0
14.3652835864158 56 289
0 24 0
0 24 0
1.22956870688196 37 78
0 24 0
0 24 0
12.6236010471005 47 253
0 24 0
0 24 0
1.99216674268549 40 120
11.5248685168474 57 256
0 24 0
0 24 0
0 24 0
15.2649970132895 63 361
0 24 0
1.99216674268549 40 120
12.2959906142712 66 292
0 24 0
0 24 0
0 24 0
0 24 0
16.3394269861881 64 389
0 24 0
0 24 0
14.6574484239612 58 308
33.4126911059816 96 633
0 24 0
24.7511674058847 83 561
0 24 0
12.6236010471005 47 253
19.0447936962117 67 443
2.37269327712554 41 136
0 24 0
5.79156153398588 45 210
0 24 0
19.0447936962117 67 443
0 24 0
12.6236010471005 47 253
0 24 0
49.0239568607759 112 817
37.2630985752021 98 698
32.4742454559153 87 631
0 24 0
0 24 0
12.6236010471005 47 253
8.06918104161755 46 231
0.459667157568214 31 21
25.4832654818187 69 484
39.6378214016749 107 692
0 24 0
25.6406377058676 79 290
0 24 0
0 24 0
1.43786389462913 38 91
0 24 0
0 24 0
0 24 0
0 24 0
3.07816691758566 35 19
15.2649970132895 63 361
0 24 0
12.6236010471005 47 253
0 24 0
5.79156153398588 45 210
0 24 0
4.42463399344919 44 190
0 24 0
25.4832654818187 69 484
0 24 0
12.6236010471005 47 253
0 24 0
6.09808141157834 43 81
25.4832654818187 69 484
0 24 0
47.1592167579672 116 815
0 24 0
12.6236010471005 47 253
25.4832654818187 69 484
10.8581739035416 61 336
6.14782637885383 50 157
6.83875204268862 52 231
0 24 0
0 24 0
9.94954581401878 65 325
0 24 0
0 24 0
8.06918104161755 46 231
30.0405891179589 85 604
12.6236010471005 47 253
2.37269327712554 41 136
12.6977393877238 64 384
0 24 0
0 24 0
0.769536031493956 34 45
14.5624967794266 68 387
12.6236010471005 47 253
13.1726125929819 58 123
0 24 0
0 24 0
59.8380041431503 126 998
0 24 0
0 24 0
12.6236010471005 47 253
9.74504617594547 53 196
34.8842469046153 90 634
0 24 0
0 24 0
6.66970812995981 57 268
32.4953960143079 94 622
0 24 0
12.6236010471005 47 253
0 24 0
12.6236010471005 47 253
4.42463399344919 44 190
25.4832654818187 69 484
0 24 0
0.459667157568214 31 21
14.0992189755502 57 166
0 24 0
12.5669146700645 59 289
8.06918104161755 46 231
2.86157378437372 42 153
38.7773745086263 103 752
0 24 0
0 24 0
25.4832654818187 69 484
12.6236010471005 47 253
0 24 0
0 24 0
0 24 0
0 24 0
15.9966694383735 66 421
0 24 0
0 24 0
0 24 0
0 24 0
8.06918104161755 46 231
17.1120676314994 56 269
28.5613853393398 86 612
21.4803083771965 80 505
12.6236010471005 47 253
0 24 0
46.2386945918078 108 847
5.79156153398588 45 210
31.3565339238911 87 637
0 24 0
9.97684275121895 56 159
0 24 0
3.51302573107217 43 171
0 24 0
12.5669146700645 59 289
12.6236010471005 47 253
0 24 0
0.459667157568214 31 21
0 24 0
0 24 0
0 24 0
0 24 0
0 24 0
0 24 0
9.74504617594547 53 196
4.42463399344919 44 190
27.2012047152704 76 291
0 24 0
2.94010623144069 45 106
0 24 0
0.769536031493956 34 45
0 24 0
5.79156153398588 45 210
0.653821885733405 33 36
0 24 0
20.1556866845969 67 441
0 24 0
12.6236010471005 47 253
0 24 0
31.934104339588 93 587
25.4832654818187 69 484
8.95070944097496 51 169
0 24 0
0 24 0
0 24 0
12.6236010471005 47 253
18.7383199228717 80 501
14.1144839287471 54 274
0.170166744574031 27 3
0.901337813092413 35 55
19.0447936962117 67 443
0 24 0
20.1556866845969 67 441
12.6236010471005 47 253
12.6236010471005 47 253
0 24 0
12.6236010471005 47 253
2.17160148053152 31 9
0 24 0
0 24 0
12.6236010471005 47 253
1.22956870688196 37 78
0 24 0
36.3886550973474 101 719
0 24 0
0 24 0
17.6394762080971 73 380
6.50398258169722 55 162
0.653821885733405 33 36
0 24 0
0 24 0
0 24 0
0 24 0
16.3957313759457 54 262
1.22956870688196 37 78
7.62043666143683 59 295
0 24 0
0 24 0
3.51302573107217 43 171
0 24 0
2.37269327712554 41 136
2.4156495505285 44 115
0 24 0
0 24 0
0 24 0
0 24 0
5.79156153398588 45 210
4.42463399344919 44 190
27.8441861768374 75 499
0 24 0
0 24 0
1.99216674268549 40 120
2.37269327712554 41 136
11.431942471121 62 343
18.5208517486484 65 236
0 24 0
0 24 0
39.9995615624984 102 608
0 24 0
0 24 0
12.6236010471005 47 253
8.20214882925322 56 241
12.6236010471005 47 253
12.6236010471005 47 253
19.4373469748994 81 522
0 24 0
0 24 0
0 24 0
12.6236010471005 47 253
4.42463399344919 44 190
0 24 0
26.3335200312781 81 514
17.0285743797556 74 370
0 24 0
0 24 0
16.7948525973462 70 332
8.27417628174539 59 301
0 24 0
14.8298479147844 59 319
25.4391587633975 92 578
0 24 0
8.69780816477808 60 315
21.1770393036006 68 463
18.4051033463519 76 466
0 24 0
0 24 0
8.38051862930492 60 310
2.37269327712554 41 136
4.42463399344919 44 190
0 24 0
8.06918104161755 46 231
51.900674076288 110 884
0 24 0
17.2302386539175 65 400
0 24 0
8.06918104161755 46 231
0.302179588909293 29 10
0 24 0
1.43786389462913 38 91
0 24 0
0 24 0
12.6236010471005 47 253
0 24 0
0.901337813092413 35 55
0 24 0
0 24 0
0.170166744574031 27 3
0 24 0
1.05300695252907 36 66
0 24 0
0 24 0
1.68745969781992 39 105
12.6236010471005 47 253
49.8296198038779 121 915
12.6236010471005 47 253
0 24 0
0 24 0
12.6977393877238 64 384
1.99216674268549 40 120
0 24 0
0 24 0
8.1979231161731 49 144
7.44551997159005 54 211
61.8807093811576 128 1037
2.86157378437372 42 153
8.06918104161755 46 231
30.0405891179589 85 604
0 24 0
15.9966694383735 66 421
0 24 0
0 24 0
0 24 0
38.5765362748133 90 694
0 24 0
0 24 0
0.901337813092413 35 55
3.36275795262561 43 83
0 24 0
6.09808141157834 43 81
1.05300695252907 36 66
17.2302386539175 65 400
47.0646000646313 108 845
0 24 0
0 24 0
0 24 0
7.94341860608876 58 288
17.4886889777959 68 227
12.6236010471005 47 253
30.5862817906233 86 620
2.37269327712554 41 136
3.51302573107217 43 171
1.68745969781992 39 105
0 24 0
0 24 0
0 24 0
19.1910723821636 62 302
0.170166744574031 27 3
0 24 0
25.4832654818187 69 484
2.56665001245183 43 87
0 24 0
0 24 0
9.74504617594547 53 196
0 24 0
0 24 0
25.4832654818187 69 484
0 24 0
0 24 0
0.901337813092413 35 55
1.68745969781992 39 105
12.6236010471005 47 253
0 24 0
0 24 0
0 24 0
12.6236010471005 47 253
0 24 0
12.6236010471005 47 253
8.06918104161755 46 231
0 24 0
1.62225629827243 32 13
12.6236010471005 47 253
0 24 0
12.6520920104392 62 246
8.06918104161755 46 231
12.6236010471005 47 253
8.06918104161755 46 231
0 24 0
0 24 0
14.6574484239612 58 308
0 24 0
0 24 0
0 24 0
12.6236010471005 47 253
5.70181062523368 53 226
0 24 0
12.6236010471005 47 253
55.1730053723878 132 943
0 24 0
0 24 0
8.01561152595107 56 185
12.6236010471005 47 253
0 24 0
12.6236010471005 47 253
0.170166744574031 27 3
0 24 0
3.51302573107217 43 171
1.68745969781992 39 105
0 24 0
0.110932378866611 26 1
0 24 0
0 24 0
0 24 0
7.26995275318925 55 255
2.37269327712554 41 136
0.653821885733405 33 36
1.43786389462913 38 91
3.51302573107217 43 171
0 24 0
0 24 0
0 24 0
0 24 0
0 24 0
38.5765362748133 90 694
0 24 0
8.35024459053818 61 296
20.1556866845969 67 441
1.99216674268549 40 120
0 24 0
0 24 0
0 24 0
0 24 0
0 24 0
0 24 0
0 24 0
29.5827379583434 87 634
21.1770393036006 68 463
0 24 0
0 24 0
0 24 0
1.05300695252907 36 66
23.0554331484109 83 500
12.6236010471005 47 253
0 24 0
8.06918104161755 46 231
2.82523007855155 33 16
5.79156153398588 45 210
0 24 0
0 24 0
0 24 0
0 24 0
0 24 0
0.653821885733405 33 36
16.9367220839868 65 406
0 24 0
21.1770393036006 68 463
0 24 0
24.517504255971 88 466
5.79156153398588 45 210
0.110932378866611 26 1
19.0447936962117 67 443
0 24 0
0 24 0
0.110932378866611 26 1
0 24 0
0.653821885733405 33 36
0 24 0
0.901337813092413 35 55
0 24 0
0 24 0
0.377127483183452 30 15
0 24 0
12.6236010471005 47 253
0 24 0
0 24 0
0 24 0
15.5428287947668 62 358
0 24 0
0 24 0
0 24 0
25.4832654818187 69 484
7.45652190830996 56 265
0 24 0
33.1121052066969 82 520
12.6236010471005 47 253
4.42463399344919 44 190
8.06918104161755 46 231
4.42463399344919 44 190
0 24 0
0 24 0
38.5765362748133 90 694
2.37269327712554 41 136
24.2713411814484 78 460
0 24 0
0 24 0
8.06918104161755 46 231
0 24 0
0 24 0
0 24 0
0 24 0
10.6042249699257 60 205
19.0447936962117 67 443
25.4832654818187 69 484
0 24 0
13.6983150864111 50 74
0 24 0
8.06918104161755 46 231
1.22956870688196 37 78
0 24 0
0 24 0
25.4832654818187 69 484
55.2110991602537 123 830
20.1556866845969 67 441
0.459667157568214 31 21
78.7028716789147 153 1030
0 24 0
0 24 0
12.6236010471005 47 253
0 24 0
4.47460110463993 50 192
0 24 0
0 24 0
0 24 0
11.5248685168474 57 256
0 24 0
49.1403914181144 114 770
0 24 0
0 24 0
0 24 0
0 24 0
0 24 0
15.9966694383735 66 421
32.0097076776495 91 556
2.86157378437372 42 153
0 24 0
12.6236010471005 47 253
0 24 0
1.68745969781992 39 105
3.43833588940177 46 159
21.1770393036006 68 463
0 24 0
30.7136927392675 86 614
12.6236010471005 47 253
13.7792517793994 61 324
5.79156153398588 45 210
0 24 0
47.5546114555296 122 816
8.06918104161755 46 231
5.79156153398588 45 210
0 24 0
3.51302573107217 43 171
22.4955644857116 75 409
0 24 0
2.86157378437372 42 153
12.6236010471005 47 253
39.165268712496 103 642
0 24 0
8.06918104161755 46 231
20.1556866845969 67 441
13.9305342059374 65 402
12.6236010471005 47 253
0 24 0
0 24 0
12.6236010471005 47 253
2.03894493330933 42 97
1.68745969781992 39 105
0 24 0
22.5933970689366 72 233
2.56665001245183 43 87
0.459667157568214 31 21
43.96073250371 105 799
0 24 0
0 24 0
0 24 0
0 24 0
0 24 0
0 24 0
0 24 0
0 24 0
1.50767187641439 29 4
0.901337813092413 35 55
7.67694175210959 57 276
9.50644268315172 55 267
0 24 0
0 24 0
0.653821885733405 33 36
0 24 0
0 24 0
2.37269327712554 41 136
12.6236010471005 47 253
0 24 0
0 24 0
0 24 0
12.6236010471005 47 253
0 24 0
14.3404056702112 70 340
20.96524534219 79 491
0 24 0
18.7282027519708 81 425
0 24 0
0 24 0
5.53759239841673 50 112
0 24 0
12.6236010471005 47 253
20.1556866845969 67 441
0 24 0
0 24 0
4.42463399344919 44 190
0 24 0
5.79156153398588 45 210
6.70727700217408 39 31
13.3684696311721 66 217
0 24 0
1.68745969781992 39 105
8.06918104161755 46 231
25.4832654818187 69 484
12.6236010471005 47 253
0 24 0
0 24 0
0 24 0
4.79766024448057 52 207
1.43786389462913 38 91
3.47416623078335 35 25
0 24 0
12.8864324402012 69 364
12.6236010471005 47 253
29.0211547062046 92 551
0 24 0
13.2315071539098 64 381
0.653821885733405 33 36
0 24 0
0 24 0
0 24 0
0 24 0
0 24 0
22.4394474142023 81 529
0 24 0
0 24 0
8.06918104161755 46 231
0 24 0
0 24 0
17.9823137295 70 252
3.02929525124914 47 141
3.51302573107217 43 171
0 24 0
0 24 0
0 24 0
0 24 0
0 24 0
0 24 0
29.7012007680109 87 502
0 24 0
0 24 0
0 24 0
2.37269327712554 41 136
12.6236010471005 47 253
25.4832654818187 69 484
8.06918104161755 46 231
7.26995275318925 55 255
0 24 0
20.1556866845969 67 441
19.0447936962117 67 443
25.4832654818187 69 484
1.43786389462913 38 91
30.1412438703499 97 572
0 24 0
18.0682856738944 74 416
0 24 0
0.769536031493956 34 45
0 24 0
0 24 0
49.3464408704156 111 850
42.3746234437893 106 806
13.1554895880885 62 266
12.6977393877238 64 384
0 24 0
12.6236010471005 47 253
0 24 0
14.6574484239612 58 308
3.51302573107217 43 171
2.86157378437372 42 153
2.37269327712554 41 136
0 24 0
8.06918104161755 46 231
12.6236010471005 47 253
0 24 0
41.387400384961 108 548
0 24 0
28.9558183739651 81 311
0 24 0
0 24 0
0 24 0
0 24 0
0 24 0
12.6236010471005 47 253
4.42463399344919 44 190
0 24 0
0 24 0
0 24 0
0.170166744574031 27 3
10.5957475660031 55 225
0 24 0
17.776503959596 66 424
13.6332271811732 50 256
24.8392751341972 82 554
10.2414374332559 59 309
38.5765362748133 90 694
0 24 0
5.87311244555008 53 198
0 24 0
40.5694141575689 105 794
0 24 0
0 24 0
0 24 0
1.99216674268549 40 120
0 24 0
8.06918104161755 46 231
8.06918104161755 46 231
0 24 0
0 24 0
25.4832654818187 69 484
0 24 0
17.6496808509108 82 426
12.6236010471005 47 253
0 24 0
0 24 0
12.6236010471005 47 253
0 24 0
0 24 0
0 24 0
0 24 0
12.6236010471005 47 253
0 24 0
11.431942471121 62 343
12.6236010471005 47 253
32.4994581002784 95 620
10.1147178386069 60 307
2.32854539116561 42 121
3.33014628304616 45 156
0 24 0
0 24 0
20.1556866845969 67 441
12.6236010471005 47 253
1.68745969781992 39 105
20.9601254018232 73 458
8.06918104161755 46 231
0 24 0
0 24 0
0 24 0
12.6236010471005 47 253
12.6236010471005 47 253
17.9476607382938 73 313
0.901337813092413 35 55
30.5862817906233 86 620
25.2396624135082 83 568
0 24 0
5.79156153398588 45 210
0 24 0
22.4394474142023 81 529
0 24 0
8.06918104161755 46 231
26.6261107168058 88 487
30.7136927392675 86 614
12.6236010471005 47 253
13.7792517793994 61 324
34.5169506939226 89 674
11.3420954728577 70 360
28.8991376969733 84 571
17.2302386539175 65 400
0 24 0
0 24 0
0 24 0
0 24 0
10.5957475660031 55 225
58.4688359222892 129 893
0 24 0
0 24 0
13.2315071539098 64 381
26.3335200312781 81 514
0 24 0
16.9367220839868 65 406
4.42463399344919 44 190
12.6236010471005 47 253
0 24 0
31.4394222757593 95 508
1.22956870688196 37 78
0 24 0
1.99216674268549 40 120
0 24 0
12.6236010471005 47 253
12.6236010471005 47 253
0.459667157568214 31 21
0 24 0
6.1602479401898 51 145
0 24 0
16.9367220839868 65 406
1.68745969781992 39 105
22.4394474142023 81 529
0 24 0
0 24 0
0 24 0
3.79468634402438 49 150
0.110932378866611 26 1
1.99216674268549 40 120
10.8581739035416 61 336
0 24 0
42.0948335358385 108 768
21.1770393036006 68 463
12.6236010471005 47 253
0 24 0
0 24 0
0 24 0
0 24 0
4.42463399344919 44 190
0 24 0
15.9966694383735 66 421
0 24 0
0.170166744574031 27 3
2.15492289864884 37 38
0 24 0
15.5015351117691 54 100
0 24 0
8.06918104161755 46 231
42.3746234437893 106 806
2.82523007855155 33 16
0 24 0
0 24 0
0 24 0
28.8991376969733 84 571
0 24 0
0 24 0
1.05300695252907 36 66
25.1458803287886 83 553
0 24 0
12.6236010471005 47 253
0 24 0
12.6236010471005 47 253
0 24 0
22.2537357868876 87 453
8.06918104161755 46 231
0 24 0
12.6236010471005 47 253
0 24 0
0 24 0
0.901337813092413 35 55
15.9966694383735 66 421
20.1556866845969 67 441
12.6236010471005 47 253
4.93033831669377 52 186
18.5034980515078 60 289
1.43786389462913 38 91
0.110932378866611 26 1
8.38051862930492 60 310
33.9732972222915 94 642
12.6236010471005 47 253
1.43786389462913 38 91
0 24 0
1.99216674268549 40 120
0.233563449597831 28 6
0 24 0
12.6236010471005 47 253
0 24 0
12.6236010471005 47 253
13.7792517793994 61 324
0 24 0
0.769536031493956 34 45
26.3303785641884 89 542
0 24 0
0 24 0
0 24 0
0.302179588909293 29 10
0 24 0
0 24 0
24.6265928413334 78 412
25.1458803287886 83 553
0 24 0
0 24 0
0 24 0
0 24 0
12.6236010471005 47 253
27.4265532803217 88 543
0 24 0
0 24 0
12.6236010471005 47 253
0 24 0
1.05300695252907 36 66
0 24 0
0 24 0
0 24 0
0 24 0
0.170166744574031 27 3
12.6236010471005 47 253
0 24 0
8.28809735866298 59 291
0 24 0
0 24 0
0 24 0
10.8581739035416 61 336
0 24 0
0 24 0
5.79156153398588 45 210
41.3186704530651 108 745
0 24 0
36.9308033694983 89 455
0 24 0
0 24 0
15.5428287947668 62 358
0 24 0
0 24 0
0 24 0
2.37269327712554 41 136
15.2649970132895 63 361
1.22956870688196 37 78
0 24 0
0 24 0
4.42463399344919 44 190
30.7136927392675 86 614
0 24 0
0 24 0
0 24 0
17.2302386539175 65 400
0 24 0
0 24 0
0 24 0
27.6594624231104 86 616
0 24 0
12.6236010471005 47 253
17.2302386539175 65 400
8.06918104161755 46 231
2.37269327712554 41 136
0 24 0
0 24 0
4.42463399344919 44 190
0 24 0
49.2784280493201 112 708
0 24 0
0 24 0
12.6236010471005 47 253
5.79156153398588 45 210
12.6236010471005 47 253
8.06918104161755 46 231
0 24 0
25.4832654818187 69 484
0 24 0
1.22956870688196 37 78
25.6968633568867 73 249
0 24 0
28.8991376969733 84 571
8.28809735866298 59 291
21.1770393036006 68 463
0 24 0
2.86157378437372 42 153
7.19461752170402 58 276
29.0248852862342 95 611
6.77826917808619 45 100
0 24 0
0 24 0
0 24 0
0.551291227388289 32 28
0 24 0
2.96650567801426 43 85
0 24 0
0 24 0
0 24 0
0 24 0
38.5765362748133 90 694
0.170166744574031 27 3
12.6236010471005 47 253
25.4832654818187 69 484
21.011198414121 70 347
8.06918104161755 46 231
2.86157378437372 42 153
0 24 0
0 24 0
0 24 0
0.233563449597831 28 6
0 24 0
0 24 0
16.9367220839868 65 406
33.495598074919 88 653
0 24 0
0 24 0
0 24 0
0 24 0
12.6236010471005 47 253
0 24 0
1.99216674268549 40 120
45.021894826624 106 802
5.79156153398588 45 210
12.6236010471005 47 253
0 24 0
0 24 0
0 24 0
0 24 0
1.05300695252907 36 66
0 24 0
20.4216623019633 74 360
0 24 0
23.5316373409108 76 491
0 24 0
12.6236010471005 47 253
0 24 0
8.38051862930492 60 310
1.68745969781992 39 105
0 24 0
0 24 0
17.2302386539175 65 400
0 24 0
0 24 0
12.6236010471005 47 253
8.06918104161755 46 231
0 24 0
12.6205604830973 66 325
0 24 0
12.6236010471005 47 253
52.9952714846805 117 773
8.06918104161755 46 231
0 24 0
0 24 0
8.06918104161755 46 231
0 24 0
4.42463399344919 44 190
0 24 0
0 24 0
12.6236010471005 47 253
4.47460110463993 50 192
5.79156153398588 45 210
0 24 0
0 24 0
0 24 0
0 24 0
25.1458803287886 83 553
0.769536031493956 34 45
9.02729118838873 51 241
0 24 0
0 24 0
5.79156153398588 45 210
0 24 0
0 24 0
0 24 0
26.3335200312781 81 514
14.2540420899896 73 393
12.6236010471005 47 253
0 24 0
0 24 0
0 24 0
0 24 0
6.1398455244845 47 83
13.9305342059374 65 402
3.51302573107217 43 171
39.1532772781041 101 489
0 24 0
0 24 0
6.54429262053947 55 227
1.43786389462913 38 91
4.42463399344919 44 190
0 24 0
2.86157378437372 42 153
0 24 0
0 24 0
14.131858760308 66 232
12.6236010471005 47 253
0 24 0
8.06918104161755 46 231
18.3641541145813 75 427
0 24 0
0.377127483183452 30 15
0 24 0
11.879247168664 63 367
0 24 0
0 24 0
12.5669146700645 59 289
0 24 0
1.43786389462913 38 91
0 24 0
13.6332271811732 50 256
0 24 0
63.3980385610395 139 964
0 24 0
8.06918104161755 46 231
0 24 0
5.79156153398588 45 210
8.1979231161731 49 144
0.551291227388289 32 28
0 24 0
12.6236010471005 47 253
0 24 0
32.6230275139306 94 610
23.8605299424211 78 508
21.1770393036006 68 463
8.06918104161755 46 231
10.2414374332559 59 309
0 24 0
0 24 0
25.4832654818187 69 484
0 24 0
3.51302573107217 43 171
0 24 0
12.6236010471005 47 253
0 24 0
0 24 0
13.9305342059374 65 402
7.06415376180887 52 123
2.37269327712554 41 136
21.1770393036006 68 463
0 24 0
4.42463399344919 44 190
0 24 0
0 24 0
0 24 0
1.05300695252907 36 66
5.79156153398588 45 210
3.51302573107217 43 171
0.377127483183452 30 15
0 24 0
47.5241049959673 115 802
12.6236010471005 47 253
0 24 0
0 24 0
25.4688109160758 93 509
0 24 0
13.2315071539098 64 381
12.6236010471005 47 253
0 24 0
0 24 0
12.6236010471005 47 253
0 24 0
0 24 0
4.86020638396417 46 191
0 24 0
12.6236010471005 47 253
0 24 0
0 24 0
0 24 0
0 24 0
0 24 0
0 24 0
0 24 0
0 24 0
9.50644268315172 55 267
0 24 0
65.3658449475583 136 866
0 24 0
4.42463399344919 44 190
12.6236010471005 47 253
0 24 0
11.431942471121 62 343
0 24 0
0 24 0
0 24 0
0 24 0
6.52356478947723 52 161
4.42463399344919 44 190
0 24 0
0 24 0
1.68745969781992 39 105
19.1541917240449 74 428
0 24 0
29.631594823041 84 589
0.901337813092413 35 55
23.027182159053 88 501
17.9043105349252 85 477
1.05300695252907 36 66
38.5765362748133 90 694
15.5428287947668 62 358
14.5042745475513 57 298
0 24 0
0 24 0
11.2417163556966 63 363
0 24 0
0 24 0
0.769536031493956 34 45
0 24 0
0 24 0
25.4832654818187 69 484
0 24 0
8.06918104161755 46 231
25.4832654818187 69 484
4.89272195987987 37 26
0 24 0
12.6236010471005 47 253
0 24 0
31.3565339238911 87 637
4.42463399344919 44 190
10.5087637918254 64 329
13.6332271811732 50 256
12.6236010471005 47 253
8.06918104161755 46 231
12.6236010471005 47 253
0.377127483183452 30 15
0 24 0
10.5166068754317 60 322
0 24 0
9.07266723731332 58 273
12.6236010471005 47 253
0 24 0
0 24 0
8.69406098395529 48 232
0 24 0
0 24 0
12.6236010471005 47 253
0 24 0
0 24 0
23.0364811881993 84 499
4.50167995384219 44 91
0 24 0
0 24 0
0 24 0
0 24 0
0 24 0
1.43786389462913 38 91
0 24 0
13.2315071539098 64 381
12.6236010471005 47 253
0 24 0
0 24 0
0 24 0
3.51302573107217 43 171
0 24 0
0 24 0
8.83254254497426 60 265
10.8581739035416 61 336
0 24 0
17.776503959596 66 424
18.6213029982116 60 119
4.42463399344919 44 190
0 24 0
19.2439569206365 74 394
24.2183097945045 82 546
1.50767187641439 29 4
2.37269327712554 41 136
0 24 0
0 24 0
0.233563449597831 28 6
0 24 0
0 24 0
53.347334667155 122 920
0 24 0
12.6236010471005 47 253
0 24 0
0 24 0
51.4306473030553 125 886
25.7725200248884 84 583
0 24 0
12.6236010471005 47 253
21.1770393036006 68 463
0 24 0
0 24 0
0 24 0
1.99216674268549 40 120
0.551291227388289 32 28
3.21642296345925 42 82
0.901337813092413 35 55
1.15100018281466 36 46
12.6236010471005 47 253
0.551291227388289 32 28
0 24 0
0 24 0
0 24 0
80.0315629832888 155 1188
2.86157378437372 42 153
0 24 0
39.2358147506277 105 539
0 24 0
0 24 0
2.86157378437372 42 153
16.9367220839868 65 406
3.02929525124914 47 141
0 24 0
0 24 0
0 24 0
12.6236010471005 47 253
0.110932378866611 26 1
0.551291227388289 32 28
25.4832654818187 69 484
6.09808141157834 43 81
0 24 0
18.0682856738944 74 416
0 24 0
0.769536031493956 34 45
0 24 0
0 24 0
0 24 0
0 24 0
0 24 0
24.363683345404 76 449
85.6200154978542 164 1229
12.01863548567 68 335
0 24 0
0 24 0
0 24 0
0 24 0
3.51302573107217 43 171
0 24 0
0 24 0
12.6236010471005 47 253
12.6236010471005 47 253
30.2552208013942 92 551
0 24 0
12.6236010471005 47 253
32.4742454559153 87 631
0 24 0
8.32616327401344 61 227
0 24 0
1.05300695252907 36 66
2.86157378437372 42 153
0 24 0
9.26198083019197 61 330
0 24 0
0 24 0
0 24 0
0 24 0
16.9367220839868 65 406
4.42463399344919 44 190
7.62043666143683 59 295
0 24 0
0 24 0
0 24 0
0 24 0
8.06918104161755 46 231
0 24 0
0.769536031493956 34 45
4.50167995384219 44 91
4.42463399344919 44 190
13.5304170368425 71 379
0 24 0
25.4832654818187 69 484
4.42463399344919 44 190
12.6236010471005 47 253
0 24 0
0 24 0
12.6236010471005 47 253
0 24 0
12.6236010471005 47 253
5.79156153398588 45 210
0 24 0
0 24 0
12.6236010471005 47 253
0 24 0
0 24 0
12.6236010471005 47 253
12.6236010471005 47 253
4.42463399344919 44 190
0.459667157568214 31 21
0 24 0
12.6236010471005 47 253
0 24 0
1.05300695252907 36 66
0.377127483183452 30 15
0 24 0
19.0447936962117 67 443
0 24 0
13.5304170368425 71 379
5.79156153398588 45 210
2.86157378437372 42 153
1.99216674268549 40 120
0 24 0
5.79156153398588 45 210
8.06918104161755 46 231
8.06918104161755 46 231
8.06918104161755 46 231
7.26995275318925 55 255
0 24 0
20.0158005187398 74 424
25.4832654818187 69 484
0 24 0
0 24 0
0 24 0
29.4168439547705 86 522
0 24 0
17.34895460108 74 396
20.7810730589258 72 411
12.5669146700645 59 289
12.6236010471005 47 253
34.5375820602696 99 538
21.4534844409136 75 436
0 24 0
0 24 0
0 24 0
0 24 0
6.54429262053947 55 227
0 24 0
0.110932378866611 26 1
0 24 0
0 24 0
0 24 0
11.2348737269969 70 300
12.6236010471005 47 253
12.6236010471005 47 253
25.4832654818187 69 484
0 24 0
5.59060122277378 55 231
0.769536031493956 34 45
19.0447936962117 67 443
8.06918104161755 46 231
0 24 0
0 24 0
0 24 0
8.06918104161755 46 231
0 24 0
0 24 0
36.113988325225 103 754
1.68745969781992 39 105
37.1956863342891 95 572
0 24 0
0 24 0
0 24 0
13.8789568601087 52 263
0 24 0
21.1770393036006 68 463
0 24 0
0 24 0
2.44075724228052 43 123
0 24 0
1.43786389462913 38 91
0 24 0
0 24 0
9.25162872572998 53 252
0 24 0
12.5669146700645 59 289
0 24 0
0 24 0
25.4832654818187 69 484
8.38051862930492 60 310
0 24 0
0 24 0
12.6236010471005 47 253
17.776503959596 66 424
12.6236010471005 47 253
2.86157378437372 42 153
8.95070944097496 51 169
0 24 0
0 24 0
22.7451212334643 80 497
20.1287252295886 75 460
2.2178687701503 41 70
0 24 0
12.6236010471005 47 253
0 24 0
16.9746549664507 59 284
0 24 0
0.110932378866611 26 1
0 24 0
13.5294986109256 66 304
0 24 0
12.6236010471005 47 253
1.22956870688196 37 78
0 24 0
0 24 0
15.9966694383735 66 421
32.9013791788755 99 673
21.4834766843589 80 499
21.1770393036006 68 463
25.4832654818187 69 484
46.2386945918078 108 847
10.5957475660031 55 225
0 24 0
0 24 0
0.170166744574031 27 3
15.2649970132895 63 361
28.4615135021442 79 529
0 24 0
25.4832654818187 69 484
0.769536031493956 34 45
61.8807093811576 128 1037
17.4164335215893 75 415
8.91914468520044 50 237
0 24 0
0 24 0
15.8840515591832 76 431
0 24 0
0 24 0
0 24 0
12.6236010471005 47 253
15.9966694383735 66 421
3.71388765274259 48 115
0.233563449597831 28 6
0 24 0
15.2649970132895 63 361
9.52266228596283 61 326
5.79156153398588 45 210
0 24 0
0 24 0
2.82523007855155 33 16
0 24 0
1.99216674268549 40 120
5.46171862801934 36 19
0 24 0
47.9448650963607 103 730
19.0447936962117 67 443
6.66970812995981 57 268
8.06918104161755 46 231
0 24 0
0 24 0
0.459667157568214 31 21
6.70727700217408 39 31
0 24 0
0 24 0
0 24 0
6.09808141157834 43 81
0 24 0
0 24 0
0 24 0
27.5400327203361 85 592
0 24 0
0 24 0
17.776503959596 66 424
1.68745969781992 39 105
0 24 0
28.6215101409362 94 558
0 24 0
0.459667157568214 31 21
12.6236010471005 47 253
0 24 0
12.6236010471005 47 253
8.38051862930492 60 310
15.9966694383735 66 421
0 24 0
4.05725397630245 51 181
0 24 0
0 24 0
8.40855509848188 55 155
0 24 0
8.06918104161755 46 231
0 24 0
1.99216674268549 40 120
1.99216674268549 40 120
2.37269327712554 41 136
0 24 0
12.6236010471005 47 253
0.302179588909293 29 10
0 24 0
0 24 0
0 24 0
34.4185415555892 91 595
12.6236010471005 47 253
0.551291227388289 32 28
0 24 0
0 24 0
12.6236010471005 47 253
5.79156153398588 45 210
38.3720435813121 109 718
20.1556866845969 67 441
0 24 0
0 24 0
0 24 0
0 24 0
12.6236010471005 47 253
9.54233398819201 64 311
0 24 0
0 24 0
12.6236010471005 47 253
10.0137360174704 58 297
0 24 0
0 24 0
26.4982126653695 88 501
0 24 0
11.2417163556966 63 363
0.459667157568214 31 21
11.2417163556966 63 363
12.6236010471005 47 253
0 24 0
0 24 0
0 24 0
0 24 0
0 24 0
1.05300695252907 36 66
0 24 0
9.3736460056401 54 259
12.6236010471005 47 253
0 24 0
0 24 0
0 24 0
0 24 0
8.06918104161755 46 231
0 24 0
12.8485896429575 54 136
14.2364727039852 55 281
2.37269327712554 41 136
8.06918104161755 46 231
0 24 0
0 24 0
15.3712533078563 60 199
0 24 0
6.77826917808619 45 100
12.6236010471005 47 253
21.1770393036006 68 463
13.4954686791165 49 254
0 24 0
12.6236010471005 47 253
1.05300695252907 36 66
0 24 0
0 24 0
16.6858674518587 72 367
0.377127483183452 30 15
0 24 0
0 24 0
0 24 0
0 24 0
0 24 0
46.6580572678082 116 755
0 24 0
0 24 0
0 24 0
19.8018960013776 78 467
0.901337813092413 35 55
26.9604353710828 85 596
0 24 0
0.551291227388289 32 28
0.901337813092413 35 55
0 24 0
5.56977627475813 48 133
1.50767187641439 29 4
7.07760274127543 58 281
0.110932378866611 26 1
0 24 0
0 24 0
25.4832654818187 69 484
20.1556866845969 67 441
33.5657277647667 88 316
5.5546431726062 55 237
25.4832654818187 69 484
0 24 0
1.43786389462913 38 91
8.06918104161755 46 231
0 24 0
5.79156153398588 45 210
0 24 0
0 24 0
16.3394269861881 64 389
45.021894826624 106 802
4.42463399344919 44 190
0 24 0
12.6236010471005 47 253
20.1556866845969 67 441
0 24 0
0 24 0
0 24 0
0 24 0
0 24 0
0 24 0
0 24 0
1.22956870688196 37 78
0 24 0
0 24 0
7.3255874798472 58 210
0 24 0
0 24 0
5.43118765652126 41 64
18.9712656608284 68 425
0 24 0
0 24 0
0 24 0
0 24 0
0 24 0
0.901337813092413 35 55
0 24 0
0 24 0
21.6865944097738 81 434
3.51302573107217 43 171
0 24 0
0 24 0
12.6236010471005 47 253
0 24 0
0 24 0
13.4954686791165 49 254
0 24 0
0 24 0
0 24 0
0 24 0
0 24 0
12.6236010471005 47 253
0 24 0
4.77379580341745 39 49
0 24 0
0 24 0
0 24 0
0 24 0
3.6839961902333 46 90
32.31561956918 93 649
15.8919133604063 63 373
0 24 0
0 24 0
0 24 0
13.7592428264779 51 259
13.9305342059374 65 402
0 24 0
0.233563449597831 28 6
0.459667157568214 31 21
0 24 0
0.170166744574031 27 3
0 24 0
0 24 0
0 24 0
0 24 0
7.68592156016374 52 221
0 24 0
26.3335200312781 81 514
0 24 0
0 24 0
2.86157378437372 42 153
17.2302386539175 65 400
0 24 0
8.06918104161755 46 231
0 24 0
0 24 0
0 24 0
0 24 0
4.42463399344919 44 190
12.6236010471005 47 253
12.6236010471005 47 253
0 24 0
0 24 0
0 24 0
31.805712506309 93 565
1.05300695252907 36 66
15.2649970132895 63 361
6.28617122805641 56 244
0 24 0
8.69406098395529 48 232
12.6236010471005 47 253
71.5734902327883 147 936
54.7288128862821 121 903
0 24 0
0 24 0
22.6596830321469 76 413
25.4832654818187 69 484
0 24 0
25.4832654818187 69 484
0 24 0
2.86157378437372 42 153
0 24 0
1.99216674268549 40 120
38.5765362748133 90 694
0 24 0
8.06918104161755 46 231
0 24 0
0 24 0
0 24 0
1.05300695252907 36 66
0 24 0
0 24 0
0 24 0
25.4832654818187 69 484
0 24 0
0.233563449597831 28 6
0 24 0
0 24 0
0 24 0
11.431942471121 62 343
0 24 0
0.901337813092413 35 55
0 24 0
2.82523007855155 33 16
0 24 0
11.2417163556966 63 363
0 24 0
0 24 0
0 24 0
12.6236010471005 47 253
8.06918104161755 46 231
0 24 0
0 24 0
0 24 0
12.6236010471005 47 253
25.4832654818187 69 484
0 24 0
0 24 0
0 24 0
0 24 0
12.6236010471005 47 253
0 24 0
0 24 0
0 24 0
5.79156153398588 45 210
0 24 0
7.32999630451461 57 258
0 24 0
0 24 0
17.6979461809592 69 372
28.1470669251395 77 512
0 24 0
17.2302386539175 65 400
12.6236010471005 47 253
0 24 0
7.70501078167551 55 169
93.6888753565882 169 1194
5.79156153398588 45 210
0 24 0
12.6236010471005 47 253
0 24 0
8.06918104161755 46 231
0 24 0
14.2364727039852 55 281
7.10869752294368 54 246
0 24 0
0 24 0
5.37503521612475 55 181
0 24 0
2.37269327712554 41 136
0 24 0
0 24 0
32.6230275139306 94 610
0 24 0
12.6236010471005 47 253
0 24 0
0 24 0
15.2614219407569 61 344
0 24 0
0 24 0
0 24 0
0 24 0
0 24 0
0 24 0
25.3983508457462 71 326
12.6236010471005 47 253
0 24 0
0 24 0
0.551291227388289 32 28
26.0908306771226 89 535
0 24 0
8.28809735866298 59 291
12.6236010471005 47 253
0 24 0
1.62225629827243 32 13
20.8975051359232 72 361
14.2119915546665 66 280
55.3900399051624 124 963
13.7792517793994 61 324
2.37269327712554 41 136
21.1770393036006 68 463
0.170166744574031 27 3
25.4832654818187 69 484
12.6236010471005 47 253
0.901337813092413 35 55
17.7297905575264 71 375
0 24 0
21.1770393036006 68 463
0 24 0
0 24 0
0 24 0
0 24 0
58.8353581485037 131 916
12.6236010471005 47 253
0 24 0
11.431942471121 62 343
8.06918104161755 46 231
0 24 0
12.6236010471005 47 253
0 24 0
27.2084914302042 79 410
20.1556866845969 67 441
0 24 0
25.4832654818187 69 484
0 24 0
0.302179588909293 29 10
1.62225629827243 32 13
19.5500543220107 80 504
9.74504617594547 53 196
8.06918104161755 46 231
0 24 0
0 24 0
0 24 0
5.79156153398588 45 210
24.3547928852724 84 445
18.5414616676886 59 275
0 24 0
0 24 0
43.395976062793 107 827
24.0502070458004 79 518
25.4832654818187 69 484
29.2693295838334 96 625
0 24 0
12.6236010471005 47 253
0 24 0
0 24 0
20.1556866845969 67 441
12.6236010471005 47 253
63.9043198753825 120 794
0 24 0
0 24 0
12.6236010471005 47 253
0 24 0
0 24 0
26.2540193086549 84 427
25.4832654818187 69 484
16.9367220839868 65 406
0 24 0
8.06918104161755 46 231
0.377127483183452 30 15
12.6236010471005 47 253
2.37269327712554 41 136
25.1125867689474 84 579
3.51302573107217 43 171
25.4832654818187 69 484
0 24 0
2.56665001245183 43 87
2.86157378437372 42 153
0 24 0
0 24 0
0.377127483183452 30 15
25.5464595906613 89 522
25.4832654818187 69 484
0 24 0
17.776503959596 66 424
0 24 0
2.37269327712554 41 136
0 24 0
16.3394269861881 64 389
0 24 0
0 24 0
0 24 0
25.4832654818187 69 484
42.6095845072194 104 767
12.6236010471005 47 253
0 24 0
0 24 0
4.42463399344919 44 190
6.52356478947723 52 161
0 24 0
0 24 0
0.901337813092413 35 55
0 24 0
0.233563449597831 28 6
18.8690598724931 78 487
21.9111716466035 73 367
12.6236010471005 47 253
30.0405891179589 85 604
0 24 0
12.6236010471005 47 253
20.8268707491129 77 380
0 24 0
0 24 0
0 24 0
0 24 0
0 24 0
0 24 0
0 24 0
0 24 0
29.3734337959738 80 419
0 24 0
21.1770393036006 68 463
0 24 0
0 24 0
5.79156153398588 45 210
0 24 0
0 24 0
0 24 0
25.4832654818187 69 484
0 24 0
0 24 0
0 24 0
5.79156153398588 45 210
0 24 0
33.2134196738946 101 587
0 24 0
0 24 0
79.674207103456 155 1182
1.01067503625734 31 11
0 24 0
0 24 0
0 24 0
0 24 0
0 24 0
4.42463399344919 44 190
1.05300695252907 36 66
1.43786389462913 38 91
0 24 0
17.2302386539175 65 400
8.06918104161755 46 231
13.6332271811732 50 256
0 24 0
0.653821885733405 33 36
0 24 0
0 24 0
0 24 0
0 24 0
0 24 0
10.5166068754317 60 322
38.8638298265373 103 758
0 24 0
0 24 0
23.3186541312117 76 327
2.26812831923944 43 111
10.0857872208287 59 239
26.3335200312781 81 514
4.42463399344919 44 190
0 24 0
5.00198420471071 53 216
0 24 0
15.8919133604063 63 373
0 24 0
17.6434405752679 68 359
0 24 0
0 24 0
0 24 0
16.6629590623367 73 376
0 24 0
0 24 0
7.45652190830996 56 265
0 24 0
0 24 0
0.653821885733405 33 36
14.2364727039852 55 281
0 24 0
1.99216674268549 40 120
0 24 0
0 24 0
0 24 0
0 24 0
0 24 0
0 24 0
0 24 0
0.551291227388289 32 28
2.37269327712554 41 136
1.43786389462913 38 91
0.769536031493956 34 45
4.42463399344919 44 190
4.42463399344919 44 190
0 24 0
0 24 0
0 24 0
0 24 0
0 24 0
39.0220998471263 98 662
0 24 0
2.37269327712554 41 136
0 24 0
0 24 0
0 24 0
0 24 0
33.3963915373569 89 527
0 24 0
0 24 0
0 24 0
0 24 0
0 24 0
34.8391860252709 97 670
0 24 0
0 24 0
0 24 0
25.4832654818187 69 484
5.79156153398588 45 210
1.22956870688196 37 78
1.43786389462913 38 91
29.5145600504397 103 627
16.8365482911027 78 475
0 24 0
0 24 0
29.631594823041 84 589
0 24 0
8.06918104161755 46 231
3.79468634402438 49 150
8.06918104161755 46 231
0 24 0
0 24 0
12.6236010471005 47 253
0 24 0
14.3652835864158 56 289
0 24 0
0 24 0
21.1770393036006 68 463
3.51302573107217 43 171
7.47630116066427 47 121
0 24 0
8.06918104161755 46 231
0 24 0
12.6236010471005 47 253
1.50767187641439 29 4
15.2649970132895 63 361
0 24 0
21.3489030037545 76 431
8.06918104161755 46 231
0 24 0
0 24 0
0 24 0
25.4832654818187 69 484
0 24 0
17.2302386539175 65 400
0 24 0
0 24 0
0 24 0
0 24 0
0 24 0
0 24 0
0 24 0
19.0951601227424 73 434
8.06918104161755 46 231
0 24 0
0 24 0
1.99216674268549 40 120
0 24 0
0 24 0
0.302179588909293 29 10
2.86157378437372 42 153
17.2302386539175 65 400
8.39953382328738 63 286
0 24 0
0 24 0
0 24 0
0 24 0
0 24 0
1.43786389462913 38 91
25.4832654818187 69 484
12.6236010471005 47 253
0 24 0
5.79156153398588 45 210
12.6236010471005 47 253
26.6213102150869 84 425
3.51302573107217 43 171
5.79156153398588 45 210
0 24 0
1.68745969781992 39 105
7.62043666143683 59 295
60.8593567621539 127 1018
12.6236010471005 47 253
65.4526095357428 129 1055
0.233563449597831 28 6
0 24 0
4.78741346022905 42 52
0 24 0
25.4832654818187 69 484
0 24 0
11.2417163556966 63 363
20.1556866845969 67 441
11.5248685168474 57 256
13.4954686791165 49 254
2.37269327712554 41 136
0 24 0
0 24 0
15.2614219407569 61 344
0 24 0
0.769536031493956 34 45
0 24 0
3.46762519684026 46 114
4.42463399344919 44 190
2.86157378437372 42 153
0 24 0
2.86157378437372 42 153
0 24 0
19.4373469748994 81 522
12.6236010471005 47 253
4.42463399344919 44 190
0 24 0
25.4832654818187 69 484
0.901337813092413 35 55
0 24 0
2.37269327712554 41 136
0 24 0
16.3394269861881 64 389
0 24 0
23.0288544267967 78 496
0 24 0
0 24 0
32.5931795120496 93 491
0 24 0
21.6165760586564 72 351
5.79156153398588 45 210
0.110932378866611 26 1
23.7398046783341 90 532
0 24 0
0 24 0
6.77826917808619 45 100
0 24 0
0 24 0
3.51302573107217 43 171
0 24 0
20.1556866845969 67 441
0 24 0
0 24 0
25.4832654818187 69 484
12.6236010471005 47 253
37.0701213723854 97 689
0 24 0
36.2477642660108 94 592
0 24 0
25.4832654818187 69 484
22.1832500599088 77 464
0 24 0
0 24 0
0 24 0
17.776503959596 66 424
13.9305342059374 65 402
9.65388117518293 56 276
0 24 0
11.2417163556966 63 363
12.6236010471005 47 253
0 24 0
0 24 0
44.0018116529404 108 692
0 24 0
0 24 0
12.6236010471005 47 253
38.5765362748133 90 694
12.6236010471005 47 253
8.06918104161755 46 231
0 24 0
0 24 0
0 24 0
5.5546431726062 55 237
0 24 0
12.6236010471005 47 253
8.06918104161755 46 231
0.110932378866611 26 1
4.42463399344919 44 190
12.6236010471005 47 253
0 24 0
6.70727700217408 39 31
30.5862817906233 86 620
0 24 0
0 24 0
0 24 0
0 24 0
25.4832654818187 69 484
32.5790536118995 99 675
0 24 0
26.8499004776237 87 506
0 24 0
11.192324860945 58 190
12.6236010471005 47 253
2.56100273502291 44 99
0 24 0
14.3535921889125 67 301
18.1543967873103 69 367
0 24 0
13.2541642476819 65 264
5.79156153398588 45 210
0 24 0
0.769536031493956 34 45
25.4832654818187 69 484
1.99216674268549 40 120
16.3394269861881 64 389
12.6236010471005 47 253
1.68745969781992 39 105
0.901337813092413 35 55
4.42463399344919 44 190
7.67694175210959 57 276
0 24 0
0 24 0
0 24 0
12.6236010471005 47 253
0 24 0
0 24 0
0 24 0
7.26995275318925 55 255
12.6236010471005 47 253
0 24 0
0 24 0
12.6236010471005 47 253
8.95070944097496 51 169
0 24 0
0 24 0
18.3868350571061 81 358
3.51302573107217 43 171
0.233563449597831 28 6
0 24 0
1.39110134895628 33 18
0 24 0
0 24 0
0 24 0
12.6236010471005 47 253
0 24 0
25.4832654818187 69 484
0 24 0
5.79156153398588 45 210
0 24 0
0 24 0
12.6236010471005 47 253
12.6236010471005 47 253
12.6236010471005 47 253
0 24 0
12.6236010471005 47 253
0 24 0
12.5669146700645 59 289
14.1144839287471 54 274
2.86157378437372 42 153
2.37269327712554 41 136
8.06918104161755 46 231
8.06918104161755 46 231
0 24 0
0 24 0
12.6977393877238 64 384
0 24 0
21.1770393036006 68 463
9.73811634922345 50 102
0 24 0
0 24 0
15.0281246131735 60 331
0 24 0
4.42463399344919 44 190
12.6236010471005 47 253
0 24 0
0 24 0
0 24 0
2.86157378437372 42 153
25.4832654818187 69 484
0 24 0
1.62225629827243 32 13
0 24 0
0 24 0
8.1979231161731 49 144
0 24 0
0 24 0
12.6236010471005 47 253
0 24 0
0 24 0
0 24 0
0 24 0
0 24 0
9.52266228596283 61 326
12.6236010471005 47 253
12.6236010471005 47 253
0 24 0
38.5765362748133 90 694
0 24 0
13.2315071539098 64 381
8.55125123458957 56 237
0 24 0
0 24 0
0.302179588909293 29 10
0 24 0
0 24 0
0 24 0
0 24 0
0 24 0
8.06918104161755 46 231
66.3906837148755 142 975
17.776503959596 66 424
0 24 0
12.6236010471005 47 253
0 24 0
8.06918104161755 46 231
0 24 0
0 24 0
64.5394306159465 137 1021
0 24 0
19.0447936962117 67 443
12.6236010471005 47 253
0 24 0
18.7383043348948 76 439
1.22956870688196 37 78
0 24 0
8.06918104161755 46 231
25.4832654818187 69 484
0 24 0
0 24 0
0 24 0
12.6236010471005 47 253
25.4832654818187 69 484
0 24 0
13.1341399801361 72 373
15.5428287947668 62 358
0 24 0
6.61178989751436 50 220
0 24 0
8.06918104161755 46 231
0 24 0
0 24 0
0 24 0
11.431942471121 62 343
0 24 0
0 24 0
0 24 0
0 24 0
15.9966694383735 66 421
0.769536031493956 34 45
25.4832654818187 69 484
17.2302386539175 65 400
12.6236010471005 47 253
0 24 0
20.1556866845969 67 441
2.63842925924019 45 112
1.50767187641439 29 4
0 24 0
1.99216674268549 40 120
8.06918104161755 46 231
35.4898088285448 105 657
12.6236010471005 47 253
12.6236010471005 47 253
0 24 0
2.82523007855155 33 16
0 24 0
0 24 0
0 24 0
5.79156153398588 45 210
0.769536031493956 34 45
20.5772957499442 78 478
5.43118765652126 41 64
0 24 0
0 24 0
4.47460110463993 50 192
0 24 0
0 24 0
8.06918104161755 46 231
0 24 0
12.6236010471005 47 253
0 24 0
0 24 0
6.47007457652292 50 114
0 24 0
0 24 0
12.6236010471005 47 253
22.3209799479617 80 511
1.99216674268549 40 120
8.06918104161755 46 231
46.9280033569312 101 621
0 24 0
0 24 0
0 24 0
2.86157378437372 42 153
23.9789528871733 72 347
5.79156153398588 45 210
0 24 0
12.6236010471005 47 253
0 24 0
0 24 0
0.170166744574031 27 3
0 24 0
12.6236010471005 47 253
0.901337813092413 35 55
0 24 0
0 24 0
0 24 0
0 24 0
21.1770393036006 68 463
12.6236010471005 47 253
0 24 0
0 24 0
0 24 0
25.2396624135082 83 568
0 24 0
1.68745969781992 39 105
1.22956870688196 37 78
0 24 0
4.42463399344919 44 190
40.7950294649252 102 724
0 24 0
2.86157378437372 42 153
0 24 0
21.2498112812013 79 502
0 24 0
9.99352033856785 63 247
12.6236010471005 47 253
17.2302386539175 65 400
13.0855296159817 61 212
0 24 0
8.06918104161755 46 231
0 24 0
0 24 0
0 24 0
25.4832654818187 69 484
8.20214882925322 56 241
26.4951450976823 78 340
3.47416623078335 35 25
0 24 0
0 24 0
33.495598074919 88 653
41.6132821699241 106 810
0 24 0
12.6236010471005 47 253
14.6574484239612 58 308
0 24 0
0 24 0
0 24 0
0 24 0
12.6236010471005 47 253
18.2226043016329 73 378
12.6236010471005 47 253
12.6236010471005 47 253
5.79156153398588 45 210
47.0646000646313 108 845
13.5980470728334 55 109
12.6236010471005 47 253
0 24 0
8.06918104161755 46 231
18.4233225921244 68 355
0 24 0
12.6236010471005 47 253
0 24 0
12.6236010471005 47 253
0 24 0
4.42463399344919 44 190
0 24 0
25.4832654818187 69 484
2.63842925924019 45 112
0 24 0
12.6236010471005 47 253
25.4832654818187 69 484
0 24 0
12.1815704161477 61 224
0 24 0
0 24 0
8.06918104161755 46 231
21.1770393036006 68 463
0 24 0
11.3827239781314 63 223
1.43786389462913 38 91
17.2302386539175 65 400
0 24 0
5.79156153398588 45 210
0 24 0
0 24 0
0 24 0
13.2315071539098 64 381
8.06918104161755 46 231
12.6236010471005 47 253
25.4832654818187 69 484
13.8789568601087 52 263
0 24 0
0 24 0
0 24 0
1.15024886152786 30 7
1.68745969781992 39 105
28.6351029050788 80 539
0 24 0
0 24 0
9.33066134119118 66 304
0.653821885733405 33 36
0 24 0
0 24 0
0 24 0
0 24 0
0 24 0
1.99216674268549 40 120
8.06918104161755 46 231
21.2188956568117 81 406
0 24 0
5.79156153398588 45 210
2.86157378437372 42 153
0 24 0
0 24 0
0 24 0
12.6236010471005 47 253
12.6236010471005 47 253
0 24 0
0 24 0
0 24 0
0 24 0
0.901337813092413 35 55
0 24 0
0 24 0
0 24 0
1.68745969781992 39 105
0 24 0
12.6236010471005 47 253
8.20214882925322 56 241
2.0190408064804 41 106
3.51302573107217 43 171
0 24 0
0 24 0
0 24 0
12.6236010471005 47 253
3.51302573107217 43 171
0 24 0
1.99216674268549 40 120
0.769536031493956 34 45
0 24 0
12.6236010471005 47 253
17.776503959596 66 424
29.631594823041 84 589
0 24 0
1.99216674268549 40 120
0 24 0
13.6332271811732 50 256
33.0731986221983 100 701
4.42463399344919 44 190
0 24 0
8.06918104161755 46 231
12.6236010471005 47 253
0 24 0
30.7136927392675 86 614
5.79156153398588 45 210
12.6236010471005 47 253
0 24 0
0 24 0
12.6236010471005 47 253
1.68745969781992 39 105
0 24 0
8.06918104161755 46 231
0 24 0
0 24 0
3.51302573107217 43 171
21.1770393036006 68 463
0 24 0
2.86157378437372 42 153
14.5391937077353 68 342
0 24 0
0.110932378866611 26 1
12.6236010471005 47 253
8.06918104161755 46 231
0 24 0
0 24 0
25.4832654818187 69 484
1.29247035161543 34 24
0 24 0
0 24 0
4.25641619426598 47 123
27.5400327203361 85 592
0 24 0
34.3936086541937 101 714
32.510306603304 97 514
0 24 0
11.2417163556966 63 363
0.901337813092413 35 55
13.6332271811732 50 256
5.79156153398588 45 210
15.0281246131735 60 331
22.2637112111922 73 280
0 24 0
21.5936971012973 79 487
32.7049263229102 96 575
0 24 0
12.6236010471005 47 253
0 24 0
0 24 0
2.04690536006957 42 88
11.879247168664 63 367
5.79156153398588 45 210
0 24 0
8.06918104161755 46 231
12.6236010471005 47 253
0 24 0
0 24 0
23.7319045483671 87 495
0 24 0
8.4090581000241 56 169
10.2425868926465 55 159
5.79156153398588 45 210
21.1770393036006 68 463
12.6236010471005 47 253
16.3394269861881 64 389
12.6236010471005 47 253
17.2302386539175 65 400
8.06918104161755 46 231
0 24 0
12.6236010471005 47 253
0 24 0
14.8298479147844 59 319
0 24 0
0 24 0
20.1556866845969 67 441
0 24 0
14.8298479147844 59 319
0 24 0
0 24 0
24.7511674058847 83 561
12.6236010471005 47 253
1.68745969781992 39 105
71.5683612345242 140 936
0 24 0
2.37269327712554 41 136
0 24 0
8.06918104161755 46 231
1.57186298746991 37 42
0 24 0
25.4832654818187 69 484
0 24 0
0 24 0
25.4832654818187 69 484
1.43786389462913 38 91
5.79156153398588 45 210
0 24 0
0 24 0
0 24 0
0 24 0
18.4297766877678 75 319
12.6236010471005 47 253
10.5957475660031 55 225
0 24 0
0 24 0
5.79156153398588 45 210
0.901337813092413 35 55
0 24 0
0 24 0
0 24 0
0 24 0
0 24 0
2.37269327712554 41 136
23.4882042481419 82 544
0 24 0
0 24 0
13.8789568601087 52 263
2.37269327712554 41 136
1.39888598846574 38 67
12.6236010471005 47 253
0 24 0
8.06918104161755 46 231
0 24 0
0.302179588909293 29 10
0 24 0
0 24 0
9.2019813454999 63 247
0 24 0
12.6236010471005 47 253
12.6236010471005 47 253
12.5669146700645 59 289
1.22956870688196 37 78
14.0222625090429 66 292
0 24 0
0 24 0
0 24 0
12.6236010471005 47 253
0 24 0
0 24 0
0 24 0
0 24 0
0 24 0
12.6205604830973 66 325
0 24 0
7.47630116066427 47 121
12.6236010471005 47 253
0 24 0
9.52266228596283 61 326
0 24 0
0 24 0
0 24 0
0 24 0
12.6236010471005 47 253
0.459667157568214 31 21
8.06918104161755 46 231
12.6236010471005 47 253
0 24 0
0 24 0
52.7449997643586 125 857
25.4832654818187 69 484
0 24 0
0 24 0
11.2417163556966 63 363
13.4286563891161 44 35
12.6236010471005 47 253
1.769562177678 40 92
0 24 0
0.769536031493956 34 45
5.79156153398588 45 210
10.6598681471315 64 253
5.59060122277378 55 231
16.5064032121499 68 303
8.06918104161755 46 231
12.6236010471005 47 253
0 24 0
0 24 0
15.2614219407569 61 344
3.51302573107217 43 171
0 24 0
12.6236010471005 47 253
11.431942471121 62 343
0 24 0
10.6072363392497 64 288
0 24 0
0.302179588909293 29 10
12.6236010471005 47 253
0 24 0
12.6236010471005 47 253
4.42463399344919 44 190
0 24 0
11.5248685168474 57 256
12.6236010471005 47 253
8.38051862930492 60 310
9.52266228596283 61 326
0 24 0
12.6236010471005 47 253
0 24 0
20.1556866845969 67 441
5.79156153398588 45 210
0 24 0
0 24 0
0 24 0
0 24 0
38.5765362748133 90 694
0 24 0
0 24 0
1.99216674268549 40 120
0 24 0
0 24 0
0 24 0
12.6236010471005 47 253
31.9358299409426 93 527
0 24 0
0 24 0
0 24 0
0 24 0
0 24 0
0 24 0
0 24 0
11.8651546336492 58 262
15.2649970132895 63 361
24.8621534536895 89 552
12.6236010471005 47 253
0 24 0
0 24 0
0 24 0
0 24 0
25.4832654818187 69 484
14.5042745475513 57 298
0 24 0
0 24 0
6.09808141157834 43 81
8.06918104161755 46 231
0 24 0
0 24 0
50.4985798353785 120 814
14.8298479147844 59 319
0 24 0
25.4832654818187 69 484
0 24 0
12.6236010471005 47 253
11.9561947622326 58 178
0 24 0
4.42463399344919 44 190
2.17160148053152 31 9
0 24 0
9.52266228596283 61 326
5.79156153398588 45 210
57.4689589464167 120 696
8.06918104161755 46 231
0 24 0
5.79156153398588 45 210
12.6236010471005 47 253
17.776503959596 66 424
0 24 0
0 24 0
0 24 0
8.1979231161731 49 144
0 24 0
0 24 0
0 24 0
0 24 0
0 24 0
1.62225629827243 32 13
23.6898502616102 77 499
0 24 0
15.2614219407569 61 344
14.4803672451794 68 305
12.6236010471005 47 253
0 24 0
0 24 0
1.94125994487221 41 76
15.65328487353 52 257
25.4832654818187 69 484
0 24 0
0 24 0
8.06918104161755 46 231
12.6236010471005 47 253
0 24 0
12.6236010471005 47 253
0 24 0
0 24 0
0.459667157568214 31 21
25.4832654818187 69 484
0 24 0
0 24 0
25.8090479882253 78 362
0 24 0
17.2302386539175 65 400
0 24 0
23.5316373409108 76 491
0 24 0
0.653821885733405 33 36
0 24 0
0 24 0
40.1882201875864 100 709
0 24 0
14.8298479147844 59 319
4.42463399344919 44 190
8.06918104161755 46 231
0 24 0
32.0486190207554 92 605
12.6236010471005 47 253
14.8298479147844 59 319
33.9665954236584 91 462
17.2302386539175 65 400
0 24 0
15.2614219407569 61 344
8.76256680775629 64 284
0.9650667242341 33 22
0 24 0
0 24 0
7.19461752170402 58 276
15.2649970132895 63 361
12.8485896429575 54 136
0 24 0
3.03018526963918 38 43
12.6236010471005 47 253
0.459667157568214 31 21
0 24 0
0 24 0
0 24 0
0 24 0
0 24 0
0 24 0
0 24 0
0 24 0
0 24 0
0 24 0
0 24 0
8.06918104161755 46 231
7.47630116066427 47 121
0.653821885733405 33 36
17.7024721765703 69 388
0 24 0
0 24 0
0.653821885733405 33 36
25.4832654818187 69 484
0 24 0
0 24 0
14.8298479147844 59 319
0 24 0
3.51302573107217 43 171
0.653821885733405 33 36
12.6236010471005 47 253
0 24 0
0 24 0
0 24 0
4.42463399344919 44 190
0.110932378866611 26 1
0 24 0
37.7193689006162 100 719
0 24 0
5.79156153398588 45 210
25.4832654818187 69 484
8.06918104161755 46 231
3.51302573107217 43 171
22.2857603566996 79 276
0 24 0
12.6236010471005 47 253
2.86157378437372 42 153
0 24 0
0 24 0
12.6236010471005 47 253
0 24 0
2.37269327712554 41 136
8.06918104161755 46 231
6.09808141157834 43 81
5.00198420471071 53 216
0 24 0
14.8538558943454 70 396
0 24 0
0 24 0
5.06579528709731 48 196
0 24 0
0 24 0
5.79156153398588 45 210
17.8488755278137 79 489
0 24 0
12.5669146700645 59 289
12.6236010471005 47 253
0 24 0
0 24 0
7.26995275318925 55 255
0 24 0
17.182253773312 73 282
0 24 0
0 24 0
0 24 0
0 24 0
4.42463399344919 44 190
0 24 0
0 24 0
0 24 0
0 24 0
0 24 0
0 24 0
6.54429262053947 55 227
0 24 0
0 24 0
0 24 0
4.00775155336797 46 174
17.776503959596 66 424
0 24 0
2.37269327712554 41 136
0 24 0
0 24 0
0 24 0
0 24 0
0.901337813092413 35 55
0 24 0
0 24 0
0 24 0
12.5669146700645 59 289
0 24 0
4.77379580341745 39 49
1.68745969781992 39 105
0 24 0
0 24 0
12.6236010471005 47 253
15.9966694383735 66 421
0 24 0
17.1927330260664 74 406
16.0945815151814 60 295
0 24 0
0 24 0
0 24 0
0 24 0
0 24 0
0 24 0
27.4288114860359 82 542
0 24 0
15.5428287947668 62 358
12.6236010471005 47 253
12.6236010471005 47 253
17.2302386539175 65 400
0 24 0
0 24 0
19.0447936962117 67 443
5.17234297860766 49 200
19.0447936962117 67 443
0 24 0
41.5034311603513 94 700
19.0447936962117 67 443
0 24 0
1.43786389462913 38 91
0 24 0
31.3565339238911 87 637
10.5166068754317 60 322
0 24 0
0 24 0
0 24 0
5.79156153398588 45 210
21.5936971012973 79 487
0 24 0
0 24 0
5.79156153398588 45 210
0 24 0
0 24 0
19.0447936962117 67 443
19.0447936962117 67 443
0 24 0
13.7792517793994 61 324
15.9966694383735 66 421
2.37269327712554 41 136
0 24 0
3.51302573107217 43 171
0 24 0
0 24 0
13.9305342059374 65 402
8.06918104161755 46 231
12.7268860648098 66 277
12.6236010471005 47 253
0 24 0
0 24 0
0 24 0
12.6236010471005 47 253
0.110932378866611 26 1
0 24 0
12.6236010471005 47 253
0 24 0
0 24 0
7.07760274127543 58 281
8.69780816477808 60 315
12.6236010471005 47 253
0 24 0
0 24 0
5.79156153398588 45 210
19.7073456948434 76 403
20.1421074949858 74 386
8.06918104161755 46 231
0 24 0
0 24 0
1.77118949278355 35 27
0 24 0
0 24 0
0 24 0
8.06918104161755 46 231
13.9962983455778 53 268
12.6236010471005 47 253
0 24 0
0 24 0
31.3565339238911 87 637
12.6236010471005 47 253
0 24 0
0 24 0
0 24 0
25.4832654818187 69 484
12.6236010471005 47 253
5.79156153398588 45 210
0 24 0
13.8789568601087 52 263
0 24 0
9.50644268315172 55 267
31.3565339238911 87 637
0 24 0
0 24 0
0 24 0
4.42463399344919 44 190
4.42463399344919 44 190
12.6236010471005 47 253
0 24 0
0 24 0
0 24 0
20.1556866845969 67 441
0 24 0
12.6236010471005 47 253
0 24 0
0 24 0
1.99216674268549 40 120
20.7942056219346 73 410
27.5168582608248 73 490
25.4832654818187 69 484
0 24 0
1.50767187641439 29 4
4.42463399344919 44 190
0 24 0
2.37269327712554 41 136
8.06918104161755 46 231
0.302179588909293 29 10
0 24 0
4.42463399344919 44 190
0 24 0
12.6236010471005 47 253
12.6236010471005 47 253
0 24 0
8.06918104161755 46 231
0 24 0
2.37269327712554 41 136
14.784279352442 63 295
12.6236010471005 47 253
20.7364730180801 79 459
0 24 0
13.7592428264779 51 259
0 24 0
12.6236010471005 47 253
0 24 0
19.0986358325089 56 263
0 24 0
27.1149105741717 71 485
29.0490697602172 82 562
0 24 0
10.5166068754317 60 322
0 24 0
0 24 0
19.2982865368455 74 442
12.6236010471005 47 253
37.0701213723854 97 689
0 24 0
1.68745969781992 39 105
0 24 0
1.22956870688196 37 78
32.4742454559153 87 631
0 24 0
0 24 0
12.6236010471005 47 253
0 24 0
0 24 0
0 24 0
0 24 0
0 24 0
0 24 0
31.7509350528488 92 585
12.6236010471005 47 253
6.35105815346446 56 256
0 24 0
100.03253037747 177 1304
0 24 0
0 24 0
0 24 0
0 24 0
15.2649970132895 63 361
0 24 0
0 24 0
0 24 0
0 24 0
8.06918104161755 46 231
21.3489030037545 76 431
0 24 0
14.8298479147844 59 319
7.07760274127543 58 281
0 24 0
8.06918104161755 46 231
0.170166744574031 27 3
20.4457974783809 77 456
13.8789568601087 52 263
12.6236010471005 47 253
25.4832654818187 69 484
3.51302573107217 43 171
0 24 0
0.769536031493956 34 45
0 24 0
0 24 0
0 24 0
6.66970812995981 57 268
24.5982669208469 74 290
0.551291227388289 32 28
1.22956870688196 37 78
25.2645499794821 78 478
0 24 0
0 24 0
25.4832654818187 69 484
24.8235547618125 83 555
0 24 0
0 24 0
0 24 0
12.6236010471005 47 253
0 24 0
0 24 0
0 24 0
0.653821885733405 33 36
0.302179588909293 29 10
0 24 0
0 24 0
12.6236010471005 47 253
0 24 0
0 24 0
0 24 0
1.43786389462913 38 91
28.4615135021442 79 529
12.6236010471005 47 253
19.6920737157768 78 466
0 24 0
34.7159342211697 101 716
0 24 0
0 24 0
0 24 0
0.551291227388289 32 28
15.65328487353 52 257
6.09808141157834 43 81
12.6236010471005 47 253
17.776503959596 66 424
0 24 0
12.6236010471005 47 253
0 24 0
19.4457524412289 73 267
0 24 0
0 24 0
1.15100018281466 36 46
12.6236010471005 47 253
0 24 0
0.901337813092413 35 55
0 24 0
0.233563449597831 28 6
0 24 0
0 24 0
9.8208340373317 57 286
15.8919133604063 63 373
0 24 0
12.6236010471005 47 253
0 24 0
0 24 0
0 24 0
0 24 0
8.68872501596421 55 215
17.2302386539175 65 400
0 24 0
5.79156153398588 45 210
0 24 0
0 24 0
56.6288041355188 118 912
5.55076692911286 54 214
0.551291227388289 32 28
12.6236010471005 47 253
26.5224250963737 85 599
15.2614219407569 61 344
5.79156153398588 45 210
12.6236010471005 47 253
0.769536031493956 34 45
11.5248685168474 57 256
8.06918104161755 46 231
0 24 0
2.86157378437372 42 153
0 24 0
12.6236010471005 47 253
16.3394269861881 64 389
16.6731745408205 63 235
0 24 0
11.9076902353279 65 332
0 24 0
42.6095845072194 104 767
2.86157378437372 42 153
25.4832654818187 69 484
0 24 0
0 24 0
0 24 0
5.79156153398588 45 210
9.74504617594547 53 196
0 24 0
19.4538619869752 73 428
0 24 0
0 24 0
0 24 0
0 24 0
0 24 0
0 24 0
6.09808141157834 43 81
0 24 0
25.4832654818187 69 484
16.3394269861881 64 389
0 24 0
5.79156153398588 45 210
0 24 0
0 24 0
32.4742454559153 87 631
2.86157378437372 42 153
9.26198083019197 61 330
0 24 0
33.495598074919 88 653
12.6236010471005 47 253
12.6236010471005 47 253
0 24 0
0 24 0
0 24 0
0 24 0
0 24 0
0.459667157568214 31 21
13.311097457696 51 70
25.4832654818187 69 484
0 24 0
0 24 0
0 24 0
0.653821885733405 33 36
21.1770393036006 68 463
0 24 0
0 24 0
0 24 0
12.6236010471005 47 253
17.2302386539175 65 400
2.32854539116561 42 121
0 24 0
0 24 0
0 24 0
0 24 0
0 24 0
0 24 0
25.4832654818187 69 484
0 24 0
0 24 0
0 24 0
36.0827475445987 100 715
15.5428287947668 62 358
16.3394269861881 64 389
21.7452272108972 80 515
12.6236010471005 47 253
12.6236010471005 47 253
9.2750553315467 62 231
0 24 0
15.1217287859408 57 107
5.79156153398588 45 210
0 24 0
12.6236010471005 47 253
0 24 0
1.99216674268549 40 120
12.6236010471005 47 253
7.44551997159005 54 211
0 24 0
0 24 0
38.0783474565986 102 732
32.4742454559153 87 631
0 24 0
0 24 0
0 24 0
8.06918104161755 46 231
11.879247168664 63 367
0 24 0
0 24 0
0 24 0
0 24 0
0 24 0
25.4832654818187 69 484
8.06918104161755 46 231
17.6394762080971 73 380
12.5669146700645 59 289
1.68745969781992 39 105
0 24 0
38.3221214412708 109 697
40.331918205782 104 765
12.6236010471005 47 253
12.6236010471005 47 253
9.77951662313251 52 119
0.901337813092413 35 55
0 24 0
5.51991476058505 38 28
21.7237686144606 79 479
0 24 0
15.374378756942 53 260
0 24 0
0 24 0
0 24 0
3.82708633908171 49 174
12.6236010471005 47 253
20.8975051359232 72 361
25.4832654818187 69 484
0 24 0
3.51302573107217 43 171
0 24 0
0 24 0
13.7592428264779 51 259
0 24 0
0 24 0
4.42463399344919 44 190
1.43786389462913 38 91
8.06918104161755 46 231
0 24 0
12.6236010471005 47 253
0 24 0
0 24 0
0 24 0
12.6236010471005 47 253
0 24 0
0 24 0
9.74504617594547 53 196
0 24 0
0 24 0
8.06918104161755 46 231
8.06918104161755 46 231
0 24 0
0 24 0
4.42463399344919 44 190
12.6236010471005 47 253
0 24 0
0 24 0
0 24 0
33.495598074919 88 653
0 24 0
12.6236010471005 47 253
0 24 0
0 24 0
0 24 0
25.4832654818187 69 484
0 24 0
4.42463399344919 44 190
16.9367220839868 65 406
2.37269327712554 41 136
0 24 0
9.65388117518293 56 276
43.395976062793 107 827
0 24 0
15.8919133604063 63 373
0 24 0
0 24 0
0 24 0
33.6432605458294 91 514
0 24 0
30.933900886436 97 523
0 24 0
0 24 0
0 24 0
15.8084504585018 75 429
0 24 0
32.9143101703458 98 554
32.5282477815617 88 655
12.6236010471005 47 253
9.52266228596283 61 326
0 24 0
8.06918104161755 46 231
15.8919133604063 63 373
0 24 0
22.4955644857116 75 409
1.05300695252907 36 66
5.79156153398588 45 210
23.1517867189072 84 488
8.06918104161755 46 231
0 24 0
0 24 0
0 24 0
0 24 0
0.459667157568214 31 21
1.43786389462913 38 91
4.42463399344919 44 190
7.14014157662607 52 126
11.4301800388108 64 271
8.90082956676087 60 247
0 24 0
0 24 0
43.96073250371 105 799
5.79156153398588 45 210
3.34594069700605 47 127
0 24 0
0 24 0
0 24 0
1.68745969781992 39 105
12.6236010471005 47 253
0 24 0
0 24 0
0 24 0
0.110932378866611 26 1
0 24 0
18.5695034895158 74 302
0 24 0
0 24 0
0 24 0
13.2315071539098 64 381
0 24 0
0 24 0
53.5592113119561 128 832
0 24 0
24.2713411814484 78 460
7.26995275318925 55 255
12.6236010471005 47 253
0 24 0
4.11227421521779 47 177
9.07266723731332 58 273
0 24 0
8.06918104161755 46 231
10.1147178386069 60 307
8.06918104161755 46 231
0 24 0
0 24 0
0 24 0
0 24 0
9.52266228596283 61 326
25.4832654818187 69 484
8.06918104161755 46 231
0 24 0
0 24 0
0 24 0
1.22956870688196 37 78
6.77826917808619 45 100
12.6236010471005 47 253
17.2302386539175 65 400
17.4978759747986 74 402
0 24 0
13.9962983455778 53 268
36.1759866059585 96 494
19.4373469748994 81 522
0 24 0
0 24 0
0 24 0
5.97045620970114 48 97
2.58738848333805 45 120
0 24 0
37.7560218896226 102 730
1.43786389462913 38 91
0 24 0
0 24 0
11.2417163556966 63 363
5.79156153398588 45 210
0 24 0
4.42463399344919 44 190
45.021894826624 106 802
12.6236010471005 47 253
1.05300695252907 36 66
25.4832654818187 69 484
4.42463399344919 44 190
6.70727700217408 39 31
0 24 0
10.5166068754317 60 322
12.6236010471005 47 253
0 24 0
13.2315071539098 64 381
0 24 0
0 24 0
13.6332271811732 50 256
23.2321087971405 74 478
0 24 0
12.6236010471005 47 253
0 24 0
0 24 0
25.4832654818187 69 484
12.6236010471005 47 253
1.99216674268549 40 120
23.260539981555 91 559
0 24 0
0 24 0
0 24 0
0 24 0
14.6574484239612 58 308
12.6236010471005 47 253
0 24 0
1.05300695252907 36 66
5.79156153398588 45 210
8.06918104161755 46 231
12.6236010471005 47 253
60.8665600870403 130 951
19.4674341371082 71 434
0 24 0
7.44551997159005 54 211
17.2302386539175 65 400
0 24 0
4.42463399344919 44 190
0 24 0
0 24 0
0 24 0
0 24 0
0 24 0
18.4127795772152 66 324
0 24 0
17.776503959596 66 424
4.67892994375822 45 82
0 24 0
8.06918104161755 46 231
0 24 0
0 24 0
0 24 0
1.22956870688196 37 78
0 24 0
0 24 0
0 24 0
0 24 0
17.8123244077998 58 278
2.7409505417612 39 43
12.6236010471005 47 253
0 24 0
0 24 0
0.901337813092413 35 55
0 24 0
0 24 0
0 24 0
18.0881233607062 67 407
46.86875146568 117 800
0 24 0
8.06918104161755 46 231
24.1468513083515 87 520
5.79156153398588 45 210
12.6236010471005 47 253
1.22956870688196 37 78
0 24 0
12.6236010471005 47 253
0 24 0
0 24 0
0 24 0
0 24 0
0 24 0
5.79156153398588 45 210
4.42463399344919 44 190
1.43786389462913 38 91
0 24 0
20.1556866845969 67 441
8.06918104161755 46 231
0 24 0
0 24 0
8.06918104161755 46 231
2.86157378437372 42 153
34.8528207986773 92 569
16.4323336823919 61 262
0 24 0
12.6236010471005 47 253
5.0235808384727 46 111
8.06918104161755 46 231
0 24 0
0 24 0
12.6236010471005 47 253
0 24 0
3.51302573107217 43 171
1.68745969781992 39 105
0 24 0
0 24 0
5.79156153398588 45 210
0 24 0
0 24 0
0 24 0
0 24 0
0 24 0
0 24 0
25.4832654818187 69 484
0 24 0
0 24 0
5.58996493078904 48 175
12.5669146700645 59 289
29.3504902529935 96 641
30.8521457700931 76 493
0 24 0
0 24 0
12.6236010471005 47 253
0 24 0
1.68745969781992 39 105
0 24 0
8.06918104161755 46 231
0 24 0
2.0190408064804 41 106
0 24 0
0 24 0
0 24 0
0 24 0
2.37269327712554 41 136
12.6236010471005 47 253
17.5225344316474 68 383
5.34317973374184 44 63
0 24 0
0 24 0
8.06918104161755 46 231
9.25162872572998 53 252
13.2315071539098 64 381
0 24 0
0 24 0
0 24 0
0 24 0
0 24 0
0 24 0
14.8298479147844 59 319
12.6236010471005 47 253
12.6236010471005 47 253
37.0365545922587 101 719
8.06918104161755 46 231
0 24 0
12.6236010471005 47 253
0 24 0
0 24 0
25.4832654818187 69 484
2.37269327712554 41 136
0 24 0
2.86157378437372 42 153
0 24 0
0 24 0
10.1129665245029 66 257
7.32999630451461 57 258
5.46171862801934 36 19
21.1519904157884 76 343
19.1910723821636 62 302
2.37269327712554 41 136
0 24 0
8.06918104161755 46 231
0 24 0
1.05300695252907 36 66
24.8235547618125 83 555
2.86157378437372 42 153
0 24 0
12.6236010471005 47 253
13.9305342059374 65 402
12.6236010471005 47 253
0 24 0
27.5400327203361 85 592
12.6236010471005 47 253
0 24 0
38.5765362748133 90 694
0 24 0
7.07760274127543 58 281
35.5188860080811 94 643
0 24 0
0 24 0
12.6236010471005 47 253
28.8450269775846 84 577
0 24 0
0 24 0
0 24 0
0 24 0
0.769536031493956 34 45
8.06918104161755 46 231
0 24 0
25.4832654818187 69 484
12.6236010471005 47 253
0 24 0
0 24 0
0 24 0
18.3893073526019 72 409
0 24 0
12.6236010471005 47 253
0 24 0
0 24 0
0 24 0
4.42463399344919 44 190
0 24 0
5.79156153398588 45 210
0 24 0
0 24 0
21.1770393036006 68 463
0 24 0
0 24 0
17.2302386539175 65 400
0.170166744574031 27 3
12.6236010471005 47 253
0 24 0
17.766020351459 79 452
7.67694175210959 57 276
0 24 0
1.99216674268549 40 120
2.94302827836898 46 119
0 24 0
24.7826544467171 84 433
0 24 0
0 24 0
0 24 0
0 24 0
0 24 0
12.6236010471005 47 253
15.5428287947668 62 358
8.95070944097496 51 169
0 24 0
0 24 0
6.54429262053947 55 227
0 24 0
14.6574484239612 58 308
12.6236010471005 47 253
0 24 0
5.55076692911286 54 214
0 24 0
0 24 0
0 24 0
3.51302573107217 43 171
0 24 0
0 24 0
25.2566281797708 83 560
0 24 0
0 24 0
25.4832654818187 69 484
0 24 0
0 24 0
0 24 0
11.879247168664 63 367
2.86157378437372 42 153
0 24 0
27.879215711855 92 467
0 24 0
0.9650667242341 33 22
12.6236010471005 47 253
0 24 0
0 24 0
8.06918104161755 46 231
5.79156153398588 45 210
0 24 0
8.91914468520044 50 237
25.4832654818187 69 484
40.2638238910779 106 705
0 24 0
8.06918104161755 46 231
0 24 0
12.6236010471005 47 253
8.95070944097496 51 169
14.8298479147844 59 319
0 24 0
6.66970812995981 57 268
10.8008692421362 53 128
27.8441861768374 75 499
5.17234297860766 49 200
0 24 0
0 24 0
6.91977346535231 44 67
0 24 0
0 24 0
8.06918104161755 46 231
0 24 0
12.6236010471005 47 253
0 24 0
0 24 0
0.901337813092413 35 55
0 24 0
0 24 0
8.06918104161755 46 231
0 24 0
12.6236010471005 47 253
0 24 0
3.51302573107217 43 171
0 24 0
0.901337813092413 35 55
0 24 0
0 24 0
33.5036950269485 97 640
0 24 0
0 24 0
0 24 0
0 24 0
43.96073250371 105 799
1.43786389462913 38 91
16.3394269861881 64 389
0 24 0
0.233563449597831 28 6
20.1556866845969 67 441
34.5169506939226 89 674
0 24 0
29.5834880570907 94 517
11.1348813085709 68 347
0.653821885733405 33 36
14.8298479147844 59 319
0.302179588909293 29 10
0 24 0
0.233563449597831 28 6
0 24 0
0.551291227388289 32 28
0 24 0
25.4832654818187 69 484
0 24 0
2.32854539116561 42 121
0 24 0
0 24 0
0 24 0
17.2298814238931 66 340
0 24 0
5.79156153398588 45 210
5.79156153398588 45 210
0 24 0
0 24 0
0.901337813092413 35 55
5.79156153398588 45 210
17.2302386539175 65 400
0 24 0
1.22956870688196 37 78
6.35105815346446 56 256
0 24 0
0 24 0
0 24 0
0 24 0
0 24 0
8.06918104161755 46 231
12.6236010471005 47 253
0 24 0
16.6731745408205 63 235
5.79156153398588 45 210
25.4832654818187 69 484
30.3893484410391 98 588
24.0181357043775 83 563
33.495598074919 88 653
4.42463399344919 44 190
8.06918104161755 46 231
4.42463399344919 44 190
0 24 0
25.4832654818187 69 484
38.5765362748133 90 694
17.9549450968837 75 361
46.2747055729717 111 760
0 24 0
4.42463399344919 44 190
15.374378756942 53 260
0 24 0
0 24 0
0 24 0
0.302179588909293 29 10
0 24 0
12.6236010471005 47 253
20.2715516369843 77 466
12.6236010471005 47 253
0 24 0
0 24 0
0.901337813092413 35 55
0 24 0
0 24 0
12.6236010471005 47 253
0 24 0
10.5957475660031 55 225
0 24 0
8.06918104161755 46 231
0 24 0
21.2803662388472 68 353
0 24 0
15.0676824282842 63 256
0 24 0
0 24 0
2.31368536667522 40 60
10.5957475660031 55 225
20.1556866845969 67 441
1.68745969781992 39 105
0 24 0
3.51302573107217 43 171
12.6236010471005 47 253
3.2039325854609 47 151
0 24 0
2.86157378437372 42 153
8.69780816477808 60 315
0 24 0
0 24 0
4.77379580341745 39 49
4.18957082347971 51 189
0 24 0
0 24 0
0 24 0
30.7136927392675 86 614
22.3592536724151 74 462
0 24 0
0 24 0
0 24 0
0 24 0
0.459667157568214 31 21
12.6236010471005 47 253
0 24 0
0 24 0
0 24 0
0 24 0
0 24 0
22.2031957305069 85 472
15.9966694383735 66 421
0 24 0
0 24 0
25.4832654818187 69 484
0 24 0
0 24 0
0 24 0
18.0328024862863 82 474
0 24 0
13.7474257099505 61 175
12.6236010471005 47 253
12.6236010471005 47 253
25.4832654818187 69 484
0 24 0
0.233563449597831 28 6
1.05300695252907 36 66
0 24 0
0 24 0
3.51302573107217 43 171
1.43786389462913 38 91
0 24 0
0 24 0
5.74828623811687 56 220
3.51302573107217 43 171
8.75465084448081 58 185
21.1770393036006 68 463
12.6236010471005 47 253
0 24 0
0 24 0
12.6236010471005 47 253
0 24 0
0 24 0
5.79156153398588 45 210
0 24 0
5.43118765652126 41 64
0 24 0
0 24 0
23.7554434930636 84 475
0 24 0
13.8789568601087 52 263
35.8670323867127 100 558
5.79156153398588 45 210
13.9305342059374 65 402
3.51302573107217 43 171
33.8873998630027 102 650
0 24 0
12.6236010471005 47 253
0 24 0
19.0447936962117 67 443
0 24 0
0 24 0
0 24 0
0 24 0
0 24 0
16.6725635449523 77 344
2.86157378437372 42 153
8.06918104161755 46 231
0 24 0
12.6236010471005 47 253
0 24 0
0 24 0
8.55125123458957 56 237
1.68745969781992 39 105
21.4119885242207 78 480
8.06918104161755 46 231
25.4832654818187 69 484
0 24 0
0 24 0
0 24 0
0.110932378866611 26 1
0 24 0
0 24 0
0 24 0
0 24 0
0 24 0
0 24 0
0 24 0
0 24 0
0 24 0
0 24 0
12.6236010471005 47 253
12.6236010471005 47 253
19.5552140125893 68 225
0 24 0
8.95070944097496 51 169
0 24 0
1.00128348729382 34 29
0 24 0
0 24 0
0 24 0
0 24 0
0 24 0
0 24 0
39.2198656422362 98 680
17.776503959596 66 424
0 24 0
0 24 0
0 24 0
0 24 0
0 24 0
0 24 0
0.769536031493956 34 45
12.6236010471005 47 253
0 24 0
12.6236010471005 47 253
28.8991376969733 84 571
26.2680768018352 80 509
0.551291227388289 32 28
12.6236010471005 47 253
0.901337813092413 35 55
0 24 0
8.1979231161731 49 144
0 24 0
25.4832654818187 69 484
8.95070944097496 51 169
12.6236010471005 47 253
0 24 0
0 24 0
12.5669146700645 59 289
12.6236010471005 47 253
0 24 0
8.06918104161755 46 231
0 24 0
5.43118765652126 41 64
0.302179588909293 29 10
0.233563449597831 28 6
0 24 0
0 24 0
0 24 0
0 24 0
12.6236010471005 47 253
21.7237686144606 79 479
12.6236010471005 47 253
12.6236010471005 47 253
0 24 0
0 24 0
4.00775155336797 46 174
8.1979231161731 49 144
10.5957475660031 55 225
5.79156153398588 45 210
0 24 0
0 24 0
5.79156153398588 45 210
0 24 0
0 24 0
4.42463399344919 44 190
0 24 0
0 24 0
0 24 0
18.0163182305943 66 274
6.96653848845897 53 238
0 24 0
0 24 0
33.495598074919 88 653
7.47630116066427 47 121
25.4832654818187 69 484
0.901337813092413 35 55
15.2649970132895 63 361
12.6236010471005 47 253
0 24 0
3.03018526963918 38 43
0 24 0
21.1770393036006 68 463
0 24 0
0 24 0
12.6236010471005 47 253
26.4632328696372 84 555
0 24 0
12.6236010471005 47 253
4.50167995384219 44 91
0 24 0
2.37269327712554 41 136
12.5669146700645 59 289
9.26198083019197 61 330
17.3322205581408 71 390
0 24 0
0 24 0
1.05300695252907 36 66
5.79156153398588 45 210
12.6236010471005 47 253
0 24 0
13.6332271811732 50 256
1.68745969781992 39 105
0 24 0
0 24 0
8.06918104161755 46 231
26.6687004610374 89 506
0 24 0
6.35105815346446 56 256
0 24 0
0 24 0
5.00198420471071 53 216
0 24 0
0 24 0
0 24 0
38.5765362748133 90 694
12.6236010471005 47 253
0 24 0
8.06918104161755 46 231
0 24 0
0 24 0
32.3333479492672 99 562
0 24 0
0 24 0
0 24 0
3.51302573107217 43 171
18.3641541145813 75 427
0 24 0
18.9601585712173 77 361
0 24 0
