"COLLES.MDM.LN" "SACKIN" "COPHENETIC"
0 15 0
0.71654221804856 21 15
0 15 0
18.2140785150853 46 175
5.49018611188391 30 49
0 15 0
0 15 0
16.0305468395495 42 169
7.90825142046022 29 91
0 15 0
0 15 0
0 15 0
0 15 0
0.71654221804856 21 15
7.90825142046022 29 91
0 15 0
0 15 0
0 15 0
0 15 0
0 15 0
0 15 0
0 15 0
0 15 0
3.20876762280955 30 55
0 15 0
0 15 0
4.91827482752782 28 78
0.287974490817591 18 3
0.408736036796204 19 6
0 15 0
0 15 0
0 15 0
0 15 0
7.90825142046022 29 91
0 15 0
0 15 0
0 15 0
21.2101144730781 55 193
4.91827482752782 28 78
1.66825231295557 20 4
2.52374587665876 26 55
0 15 0
7.90825142046022 29 91
0 15 0
4.99155784083824 30 34
22.7252040716951 55 207
2.52374587665876 26 55
0 15 0
7.90825142046022 29 91
4.88348949424773 33 81
2.52374587665876 26 55
0 15 0
0 15 0
0 15 0
7.90825142046022 29 91
0 15 0
7.59381068432034 37 114
3.42227259571947 27 66
0 15 0
0 15 0
0.71654221804856 21 15
1.31570455625451 22 11
7.90825142046022 29 91
0.919334315136428 22 21
0 15 0
16.0305468395495 42 169
0 15 0
0 15 0
4.91827482752782 28 78
0 15 0
1.4944500245335 24 36
4.91827482752782 28 78
0 15 0
0 15 0
5.49018611188391 30 49
0 15 0
3.42227259571947 27 66
0 15 0
0 15 0
7.90825142046022 29 91
0 15 0
0 15 0
1.92384007873489 25 45
3.42227259571947 27 66
0 15 0
10.1019082159534 38 121
7.90825142046022 29 91
0.71654221804856 21 15
16.0305468395495 42 169
17.5610599264348 52 148
0 15 0
16.0305468395495 42 169
7.90825142046022 29 91
7.90825142046022 29 91
0 15 0
4.91827482752782 28 78
0 15 0
5.49018611188391 30 49
0 15 0
0 15 0
0 15 0
0.71654221804856 21 15
31.3442437235495 66 248
0 15 0
12.2580568903756 40 144
0 15 0
0 15 0
24.3608026452149 54 235
0 15 0
3.42227259571947 27 66
0.549417434380533 20 10
0 15 0
0 15 0
9.02835174680567 32 94
8.06282357983083 38 77
7.90825142046022 29 91
7.90825142046022 29 91
0 15 0
0 15 0
0.408736036796204 19 6
13.5699758090215 48 144
0 15 0
4.91827482752782 28 78
3.42227259571947 27 66
0 15 0
0 15 0
0 15 0
7.90825142046022 29 91
32.901931199046 66 266
0 15 0
0 15 0
0 15 0
0 15 0
4.91827482752782 28 78
0 15 0
0 15 0
3.42227259571947 27 66
0 15 0
0 15 0
4.91827482752782 28 78
4.91827482752782 28 78
0 15 0
0 15 0
0 15 0
0 15 0
0 15 0
1.92384007873489 25 45
1.92384007873489 25 45
19.00574129174 49 190
16.7920577825398 50 143
0 15 0
33.2651477186254 68 248
0 15 0
7.90825142046022 29 91
3.75211038030115 29 43
0 15 0
4.91827482752782 28 78
0 15 0
14.6595473917882 38 101
7.90825142046022 29 91
4.91827482752782 28 78
0.287974490817591 18 3
2.52374587665876 26 55
0 15 0
0 15 0
0 15 0
0 15 0
0 15 0
1.4944500245335 24 36
0.919334315136428 22 21
0 15 0
0 15 0
1.3697925919982 23 16
0 15 0
0 15 0
6.06679890493067 33 49
4.91827482752782 28 78
0 15 0
17.9784536100365 45 172
7.90825142046022 29 91
0 15 0
3.42227259571947 27 66
13.5048932756989 40 116
0 15 0
0 15 0
4.91827482752782 28 78
1.4944500245335 24 36
1.4944500245335 24 36
0 15 0
0 15 0
0 15 0
5.238859226883 34 87
7.90825142046022 29 91
0 15 0
0.287974490817591 18 3
0 15 0
18.2140785150853 46 175
9.66037571573875 39 133
1.4944500245335 24 36
13.0596503346133 45 142
0 15 0
13.5048932756989 40 116
4.91827482752782 28 78
23.9977927653937 58 201
0 15 0
0 15 0
21.7676598975302 55 166
7.90825142046022 29 91
28.5622052699176 62 257
3.42227259571947 27 66
0 15 0
5.72827583406687 35 94
20.6093553890321 52 214
0 15 0
0 15 0
3.13025959854872 24 16
0 15 0
0 15 0
17.1800604896177 52 160
0 15 0
4.91827482752782 28 78
0.549417434380533 20 10
0 15 0
3.42227259571947 27 66
0 15 0
0 15 0
0 15 0
0 15 0
0 15 0
0 15 0
0 15 0
29.5835578889212 63 269
0 15 0
0 15 0
4.91827482752782 28 78
0 15 0
0 15 0
0 15 0
4.91827482752782 28 78
0 15 0
4.32605691769321 30 49
0 15 0
3.42227259571947 27 66
11.9164632582476 40 146
0 15 0
0 15 0
0 15 0
13.2794095093792 41 157
16.0305468395495 42 169
0 15 0
4.91827482752782 28 78
0 15 0
3.42227259571947 27 66
0 15 0
21.8443632486531 53 224
9.66037571573875 39 133
0 15 0
0 15 0
1.17149385820011 23 28
0 15 0
0.71654221804856 21 15
0 15 0
0 15 0
0 15 0
0 15 0
7.90825142046022 29 91
19.8016580106458 51 199
0 15 0
16.0305468395495 42 169
1.37507432919074 21 7
0 15 0
16.0305468395495 42 169
10.5568112047324 38 127
2.52374587665876 26 55
0 15 0
6.17309084754965 33 88
8.36838442275693 38 123
0 15 0
0 15 0
0 15 0
0 15 0
0 15 0
0 15 0
4.91827482752782 28 78
2.52374587665876 26 55
0 15 0
0 15 0
7.90825142046022 29 91
12.2580568903756 40 144
12.2580568903756 40 144
0 15 0
0 15 0
1.66825231295557 20 4
17.4370857729788 50 189
0.182246050995146 17 1
0 15 0
0 15 0
16.0305468395495 42 169
0 15 0
0 15 0
0 15 0
3.42227259571947 27 66
7.66935737072928 37 111
0 15 0
21.0485997745823 55 185
0.919334315136428 22 21
4.91827482752782 28 78
0 15 0
0 15 0
0 15 0
1.4944500245335 24 36
7.90825142046022 29 91
0 15 0
0 15 0
1.4944500245335 24 36
0 15 0
0 15 0
9.85723095544286 36 112
7.90825142046022 29 91
0 15 0
16.0305468395495 42 169
7.90825142046022 29 91
0 15 0
7.90825142046022 29 91
0 15 0
0 15 0
1.92384007873489 25 45
4.91827482752782 28 78
0.182246050995146 17 1
3.42227259571947 27 66
0 15 0
12.2580568903756 40 144
4.91827482752782 28 78
7.90825142046022 29 91
7.66935737072928 37 111
5.97310754881004 32 84
16.0305468395495 42 169
0 15 0
7.90825142046022 29 91
0 15 0
1.17149385820011 23 28
0 15 0
0 15 0
7.90825142046022 29 91
0 15 0
0 15 0
4.38647703571717 31 72
7.90825142046022 29 91
0 15 0
0 15 0
0 15 0
0 15 0
0 15 0
7.90825142046022 29 91
16.0305468395495 42 169
7.90825142046022 29 91
7.90825142046022 29 91
3.42227259571947 27 66
7.90825142046022 29 91
0 15 0
0 15 0
0 15 0
16.0305468395495 42 169
0 15 0
9.02835174680567 32 94
7.90825142046022 29 91
0 15 0
0.182246050995146 17 1
0 15 0
0.549417434380533 20 10
13.2794095093792 41 157
20.8230106296494 52 212
4.91827482752782 28 78
0 15 0
7.90825142046022 29 91
0 15 0
2.89716389509054 29 51
1.92384007873489 25 45
0 15 0
0 15 0
3.42227259571947 27 66
0 15 0
4.91827482752782 28 78
7.39934090014499 34 81
0 15 0
7.90825142046022 29 91
0 15 0
0 15 0
0 15 0
7.90825142046022 29 91
7.39934090014499 34 81
0 15 0
0 15 0
2.52374587665876 26 55
4.91827482752782 28 78
0 15 0
0 15 0
18.7087731756132 48 184
1.92384007873489 25 45
7.90825142046022 29 91
0 15 0
0 15 0
0 15 0
0 15 0
0 15 0
4.91827482752782 28 78
24.0477634068824 57 202
7.90825142046022 29 91
0 15 0
0.182246050995146 17 1
0 15 0
0.287974490817591 18 3
0 15 0
0 15 0
0 15 0
0 15 0
7.90825142046022 29 91
0 15 0
7.90825142046022 29 91
0 15 0
7.39934090014499 34 81
12.2580568903756 40 144
0.549417434380533 20 10
0 15 0
0 15 0
7.90825142046022 29 91
7.90825142046022 29 91
0 15 0
16.0305468395495 42 169
0 15 0
0 15 0
0.287974490817591 18 3
0 15 0
0 15 0
19.8726943412333 51 205
7.90825142046022 29 91
0 15 0
12.2580568903756 40 144
2.52374587665876 26 55
0 15 0
7.90825142046022 29 91
15.5711572809198 48 172
16.2176169093986 46 155
0 15 0
0 15 0
1.83620702710513 25 24
0 15 0
0 15 0
1.4944500245335 24 36
19.00574129174 49 190
9.98942500399677 41 104
0 15 0
0 15 0
0 15 0
9.85723095544286 36 112
3.42227259571947 27 66
3.42227259571947 27 66
0 15 0
11.4607166594927 39 85
0 15 0
16.0305468395495 42 169
9.85723095544286 36 112
0 15 0
2.52374587665876 26 55
33.2651477186254 68 248
0 15 0
0 15 0
5.49018611188391 30 49
0 15 0
7.90825142046022 29 91
0.919334315136428 22 21
3.42227259571947 27 66
0 15 0
0 15 0
1.71767379576028 25 29
7.90825142046022 29 91
0 15 0
0 15 0
0 15 0
7.90825142046022 29 91
0 15 0
0 15 0
1.4944500245335 24 36
26.8143777361852 56 236
16.0305468395495 42 169
0 15 0
0 15 0
13.2794095093792 41 157
0 15 0
0 15 0
0.287974490817591 18 3
9.66037571573875 39 133
4.91827482752782 28 78
0 15 0
0 15 0
13.2794095093792 41 157
0 15 0
0 15 0
7.90825142046022 29 91
2.52374587665876 26 55
0 15 0
7.90825142046022 29 91
7.90825142046022 29 91
0 15 0
9.20767477074725 33 97
0 15 0
0 15 0
0 15 0
0 15 0
10.1019082159534 38 121
8.59041727347294 36 100
0 15 0
0 15 0
0.408736036796204 19 6
0 15 0
4.91827482752782 28 78
0 15 0
4.91827482752782 28 78
0 15 0
0 15 0
16.0305468395495 42 169
12.2580568903756 40 144
0 15 0
0 15 0
4.91827482752782 28 78
0 15 0
7.90825142046022 29 91
8.36838442275693 38 123
2.49979422940313 25 21
0 15 0
0 15 0
3.42227259571947 27 66
7.90825142046022 29 91
0 15 0
0 15 0
2.52374587665876 26 55
0 15 0
4.91827482752782 28 78
0 15 0
0 15 0
7.39934090014499 34 81
4.91827482752782 28 78
0 15 0
0 15 0
21.0834682804148 54 187
0 15 0
0 15 0
2.52374587665876 26 55
12.6977027502738 38 107
0 15 0
0 15 0
0 15 0
0 15 0
0 15 0
7.90825142046022 29 91
2.3964269481944 22 9
7.90825142046022 29 91
0 15 0
0.71654221804856 21 15
15.2332289756164 44 140
14.3524988468898 45 148
4.91827482752782 28 78
0 15 0
0 15 0
0 15 0
0 15 0
0 15 0
8.84939957625253 31 92
1.4944500245335 24 36
0 15 0
16.0305468395495 42 169
0.408736036796204 19 6
0 15 0
2.52374587665876 26 55
0 15 0
0 15 0
24.3553842921948 59 227
4.19604405132237 30 69
5.29140739858844 34 67
3.42227259571947 27 66
0.408736036796204 19 6
0 15 0
4.91827482752782 28 78
7.90825142046022 29 91
0 15 0
2.52374587665876 26 55
0 15 0
3.42227259571947 27 66
1.4944500245335 24 36
7.90825142046022 29 91
0 15 0
4.91827482752782 28 78
16.0305468395495 42 169
0 15 0
0.549417434380533 20 10
0 15 0
0 15 0
7.90825142046022 29 91
7.90825142046022 29 91
0 15 0
0 15 0
0 15 0
7.90825142046022 29 91
5.49018611188391 30 49
0.287974490817591 18 3
0.549417434380533 20 10
16.0305468395495 42 169
0 15 0
0 15 0
7.90825142046022 29 91
4.91827482752782 28 78
0 15 0
8.67817620364703 39 91
0 15 0
0 15 0
0 15 0
0.408736036796204 19 6
0 15 0
0 15 0
0 15 0
16.0305468395495 42 169
6.38931765844802 32 64
11.1019242197795 39 136
0 15 0
0 15 0
0 15 0
0 15 0
0 15 0
16.1170281769468 48 178
7.90825142046022 29 91
0 15 0
0 15 0
1.98758105024406 26 31
0 15 0
13.2794095093792 41 157
0 15 0
14.4522160800729 45 154
0 15 0
7.90825142046022 29 91
0 15 0
0 15 0
4.91827482752782 28 78
16.0305468395495 42 169
11.4607166594927 39 85
0 15 0
0 15 0
0 15 0
0 15 0
0 15 0
1.4944500245335 24 36
0 15 0
0 15 0
2.52374587665876 26 55
0 15 0
0 15 0
18.4961099733176 51 183
0 15 0
17.4370857729788 50 189
0 15 0
0.919334315136428 22 21
21.2903503707789 53 164
0 15 0
0 15 0
0 15 0
0 15 0
0 15 0
7.90825142046022 29 91
7.90825142046022 29 91
0 15 0
20.8230106296494 52 212
3.20876762280955 30 55
0 15 0
0 15 0
0 15 0
0 15 0
0.549417434380533 20 10
0 15 0
0 15 0
7.90825142046022 29 91
0 15 0
0 15 0
10.1019082159534 38 121
0 15 0
0 15 0
0 15 0
21.3743920119657 57 206
0 15 0
7.90825142046022 29 91
12.2580568903756 40 144
0 15 0
0 15 0
7.39934090014499 34 81
7.90825142046022 29 91
16.0305468395495 42 169
0 15 0
0 15 0
0 15 0
0 15 0
0 15 0
0 15 0
7.90825142046022 29 91
0 15 0
29.5504464758694 62 236
0 15 0
16.2176169093986 46 155
3.42227259571947 27 66
0 15 0
7.90825142046022 29 91
0 15 0
5.49018611188391 30 49
4.91827482752782 28 78
0 15 0
0 15 0
7.90825142046022 29 91
7.90825142046022 29 91
16.0305468395495 42 169
37.3045836616243 72 273
0 15 0
0 15 0
0 15 0
3.42227259571947 27 66
0 15 0
0.287974490817591 18 3
0 15 0
4.91827482752782 28 78
5.79446607712222 31 81
3.88129953830472 26 25
12.2580568903756 40 144
13.5048932756989 40 116
1.92855643850568 23 13
9.85723095544286 36 112
0 15 0
4.66236296740031 28 36
0 15 0
0 15 0
0 15 0
7.90825142046022 29 91
0 15 0
9.85723095544286 36 112
3.42227259571947 27 66
0 15 0
0 15 0
0.549417434380533 20 10
1.4944500245335 24 36
0 15 0
0 15 0
0 15 0
7.90825142046022 29 91
3.42227259571947 27 66
0.549417434380533 20 10
4.91827482752782 28 78
0 15 0
0 15 0
7.66935737072928 37 111
2.02227281488907 26 37
7.90825142046022 29 91
0 15 0
19.8726943412333 51 205
18.1915337726534 47 131
0 15 0
0 15 0
0.71654221804856 21 15
0.182246050995146 17 1
16.0305468395495 42 169
0 15 0
7.90825142046022 29 91
13.2794095093792 41 157
0 15 0
0 15 0
0 15 0
3.42227259571947 27 66
0.182246050995146 17 1
0 15 0
14.3947865215865 46 161
0.287974490817591 18 3
12.2580568903756 40 144
7.90825142046022 29 91
0 15 0
0 15 0
0 15 0
10.8993573891637 41 134
2.52374587665876 26 55
13.2794095093792 41 157
0 15 0
0 15 0
0 15 0
0 15 0
4.91827482752782 28 78
12.2580568903756 40 144
9.66037571573875 39 133
0 15 0
0.287974490817591 18 3
2.52374587665876 26 55
0 15 0
0 15 0
7.59381068432034 37 114
0 15 0
0.919334315136428 22 21
0 15 0
9.16248037050656 37 64
0 15 0
3.42227259571947 27 66
0.287974490817591 18 3
0 15 0
0 15 0
1.92384007873489 25 45
4.47481397638879 31 57
0 15 0
0 15 0
0 15 0
0 15 0
18.7087731756132 48 184
0 15 0
0 15 0
0.182246050995146 17 1
4.91827482752782 28 78
7.59381068432034 37 114
7.90825142046022 29 91
0 15 0
0 15 0
0 15 0
0 15 0
0 15 0
4.91827482752782 28 78
0 15 0
0 15 0
0 15 0
3.42227259571947 27 66
0 15 0
7.90825142046022 29 91
0 15 0
0.919334315136428 22 21
0 15 0
1.17149385820011 23 28
0 15 0
0 15 0
0 15 0
0 15 0
2.52374587665876 26 55
0 15 0
0 15 0
7.39934090014499 34 81
9.66037571573875 39 133
0 15 0
0 15 0
0.287974490817591 18 3
0 15 0
0.408736036796204 19 6
0 15 0
0.182246050995146 17 1
0 15 0
2.52374587665876 26 55
10.5568112047324 38 127
0 15 0
3.42227259571947 27 66
7.90825142046022 29 91
0 15 0
0 15 0
9.60944419616399 35 106
7.90825142046022 29 91
0 15 0
16.0305468395495 42 169
0 15 0
0 15 0
0 15 0
0 15 0
20.6093553890321 52 214
1.92384007873489 25 45
7.90825142046022 29 91
1.4944500245335 24 36
0 15 0
21.8443632486531 53 224
0 15 0
0.919334315136428 22 21
0 15 0
8.74460033243625 37 72
0 15 0
0 15 0
2.52374587665876 26 55
0 15 0
0 15 0
0 15 0
0 15 0
7.90825142046022 29 91
0 15 0
7.90825142046022 29 91
7.90825142046022 29 91
1.71767379576028 25 29
2.52374587665876 26 55
0 15 0
0 15 0
16.4157331539752 49 178
0 15 0
0 15 0
0 15 0
0.182246050995146 17 1
0 15 0
16.0305468395495 42 169
0 15 0
0 15 0
0 15 0
0 15 0
0 15 0
0 15 0
7.59381068432034 37 114
3.42227259571947 27 66
0 15 0
0 15 0
0.182246050995146 17 1
0 15 0
8.36838442275693 38 123
7.07444949296232 36 106
0 15 0
0 15 0
0 15 0
4.91827482752782 28 78
16.0305468395495 42 169
1.17149385820011 23 28
16.0305468395495 42 169
2.52374587665876 26 55
0 15 0
0 15 0
18.9771896513012 49 150
1.92384007873489 25 45
0 15 0
0 15 0
8.00142362138282 35 67
8.59041727347294 36 100
0 15 0
0.71654221804856 21 15
0 15 0
0 15 0
7.90825142046022 29 91
0 15 0
8.84939957625253 31 92
14.3417283320543 42 127
0 15 0
0 15 0
0 15 0
11.1019242197795 39 136
0 15 0
15.3486869289993 46 140
0 15 0
0 15 0
14.2048185523632 48 169
7.90825142046022 29 91
0 15 0
0 15 0
0 15 0
7.90825142046022 29 91
0 15 0
0 15 0
0 15 0
0 15 0
0 15 0
0 15 0
0 15 0
0 15 0
16.6901923716331 49 164
16.0305468395495 42 169
7.90825142046022 29 91
0 15 0
7.90825142046022 29 91
6.50460589915042 31 39
0 15 0
0 15 0
32.8917929083837 65 290
0 15 0
0.287974490817591 18 3
4.91827482752782 28 78
0 15 0
0 15 0
5.8236232656395 27 19
7.90825142046022 29 91
0 15 0
0 15 0
18.4584383919825 51 202
7.90825142046022 29 91
0 15 0
0 15 0
0 15 0
1.37507432919074 21 7
0 15 0
0 15 0
0 15 0
0 15 0
4.91827482752782 28 78
0 15 0
0 15 0
0 15 0
0 15 0
0 15 0
13.2794095093792 41 157
1.17149385820011 23 28
0 15 0
0 15 0
4.88348949424773 33 81
3.42227259571947 27 66
1.92384007873489 25 45
0 15 0
16.0305468395495 42 169
9.20767477074725 33 97
0 15 0
19.8726943412333 51 205
0 15 0
7.90825142046022 29 91
20.6093553890321 52 214
7.90825142046022 29 91
4.91827482752782 28 78
0 15 0
0.71654221804856 21 15
0 15 0
0 15 0
0 15 0
19.8016580106458 51 199
15.7616584443116 47 172
0 15 0
0 15 0
0 15 0
7.90825142046022 29 91
0 15 0
0 15 0
7.60639370563328 37 80
3.72689037690929 31 65
0 15 0
0 15 0
0.182246050995146 17 1
0 15 0
0 15 0
9.20767477074725 33 97
0 15 0
4.91827482752782 28 78
4.91827482752782 28 78
0 15 0
0 15 0
16.0305468395495 42 169
10.1618299745717 37 119
11.9164632582476 40 146
0 15 0
0 15 0
7.90825142046022 29 91
0 15 0
0 15 0
0 15 0
7.90825142046022 29 91
5.94414352041295 34 60
16.0305468395495 42 169
11.1019242197795 39 136
16.0305468395495 42 169
0 15 0
8.44887770317589 38 81
0 15 0
0 15 0
5.97310754881004 32 84
0 15 0
0 15 0
1.4944500245335 24 36
7.90825142046022 29 91
9.85723095544286 36 112
0 15 0
7.90825142046022 29 91
1.92384007873489 25 45
0 15 0
7.90825142046022 29 91
0 15 0
4.47481397638879 31 57
0 15 0
11.1950285423023 41 102
24.3608026452149 54 235
11.2985980560904 40 88
16.4157331539752 49 178
0 15 0
0 15 0
0 15 0
7.90825142046022 29 91
0 15 0
1.4944500245335 24 36
7.90825142046022 29 91
14.7785251500002 47 157
0 15 0
6.17309084754965 33 88
5.49018611188391 30 49
1.92384007873489 25 45
4.91827482752782 28 78
0 15 0
0 15 0
0.549417434380533 20 10
0 15 0
0 15 0
13.5048932756989 40 116
0 15 0
4.91827482752782 28 78
7.90825142046022 29 91
4.66236296740031 28 36
0 15 0
0 15 0
13.2794095093792 41 157
7.39934090014499 34 81
7.90825142046022 29 91
0 15 0
7.66935737072928 37 111
0 15 0
0 15 0
0 15 0
17.3611873949267 48 172
0 15 0
16.0305468395495 42 169
0 15 0
0 15 0
0 15 0
0.182246050995146 17 1
0.408736036796204 19 6
6.7024347407667 36 76
0 15 0
7.39934090014499 34 81
27.4461988646571 62 260
1.4944500245335 24 36
0 15 0
0 15 0
7.90825142046022 29 91
0 15 0
3.10200394370801 27 31
0 15 0
0 15 0
24.3608026452149 54 235
0.182246050995146 17 1
5.238859226883 34 87
12.2580568903756 40 144
0 15 0
13.2794095093792 41 157
0 15 0
0 15 0
0 15 0
0 15 0
0 15 0
0 15 0
0.408736036796204 19 6
12.2580568903756 40 144
0 15 0
0 15 0
0 15 0
0 15 0
9.20767477074725 33 97
0.408736036796204 19 6
1.31570455625451 22 11
34.6553081709034 66 200
0 15 0
10.1019082159534 38 121
0 15 0
0.182246050995146 17 1
1.4944500245335 24 36
0 15 0
2.52374587665876 26 55
0 15 0
0 15 0
1.92384007873489 25 45
0 15 0
0 15 0
0 15 0
0 15 0
0 15 0
3.42227259571947 27 66
0 15 0
0 15 0
3.13025959854872 24 16
0 15 0
4.91827482752782 28 78
0 15 0
7.90825142046022 29 91
21.8443632486531 53 224
0 15 0
0 15 0
1.4944500245335 24 36
0 15 0
0 15 0
1.92384007873489 25 45
0 15 0
0 15 0
15.4490220271079 44 125
19.8016580106458 51 199
0 15 0
0 15 0
0 15 0
2.52374587665876 26 55
0 15 0
7.90825142046022 29 91
14.9260952106479 47 143
10.5568112047324 38 127
0 15 0
7.90825142046022 29 91
0 15 0
7.90825142046022 29 91
3.42227259571947 27 66
0 15 0
7.90825142046022 29 91
2.52374587665876 26 55
7.90825142046022 29 91
0 15 0
17.2921072443221 50 193
3.42227259571947 27 66
0 15 0
0 15 0
0 15 0
16.0305468395495 42 169
0 15 0
0 15 0
0 15 0
0 15 0
10.5568112047324 38 127
0 15 0
13.2794095093792 41 157
0 15 0
1.4944500245335 24 36
0 15 0
0 15 0
0 15 0
7.90825142046022 29 91
0 15 0
0 15 0
7.90825142046022 29 91
17.4370857729788 50 189
7.90825142046022 29 91
0 15 0
1.17149385820011 23 28
0 15 0
7.90825142046022 29 91
0.408736036796204 19 6
0 15 0
0 15 0
0 15 0
0 15 0
0 15 0
0 15 0
0 15 0
0 15 0
2.52374587665876 26 55
9.60944419616399 35 106
0.549417434380533 20 10
5.73325981897882 34 57
0 15 0
0 15 0
0 15 0
35.5906025961253 71 297
9.66037571573875 39 133
2.52374587665876 26 55
5.49018611188391 30 49
0 15 0
0 15 0
0 15 0
4.91827482752782 28 78
0.408736036796204 19 6
8.59041727347294 36 100
5.62613209176432 30 79
0 15 0
0 15 0
0 15 0
0 15 0
0.919334315136428 22 21
0 15 0
0 15 0
10.1618299745717 37 119
0 15 0
3.42227259571947 27 66
7.90825142046022 29 91
0 15 0
0 15 0
7.90825142046022 29 91
8.46691957719621 38 91
6.40813545458953 34 93
4.60933463321992 32 76
7.90825142046022 29 91
0 15 0
1.92384007873489 25 45
2.52374587665876 26 55
0 15 0
0 15 0
7.90825142046022 29 91
5.49018611188391 30 49
0 15 0
0 15 0
0 15 0
0 15 0
0 15 0
0 15 0
0 15 0
7.90825142046022 29 91
0 15 0
0 15 0
4.91827482752782 28 78
0 15 0
0 15 0
0 15 0
0 15 0
0 15 0
1.92384007873489 25 45
4.91827482752782 28 78
0 15 0
0 15 0
4.91827482752782 28 78
4.91827482752782 28 78
1.4944500245335 24 36
0 15 0
0 15 0
0.919334315136428 22 21
0 15 0
0 15 0
5.30992016290523 33 73
7.90825142046022 29 91
7.90825142046022 29 91
0 15 0
0 15 0
0 15 0
0 15 0
7.90825142046022 29 91
7.90825142046022 29 91
1.17149385820011 23 28
0 15 0
2.52374587665876 26 55
7.90825142046022 29 91
0 15 0
0 15 0
0 15 0
17.4370857729788 50 189
0 15 0
1.66825231295557 20 4
7.90825142046022 29 91
0 15 0
0.549417434380533 20 10
0 15 0
11.9164632582476 40 146
0 15 0
18.2140785150853 46 175
0 15 0
0 15 0
21.8443632486531 53 224
0.919334315136428 22 21
0 15 0
0 15 0
0 15 0
0 15 0
14.6595473917882 38 101
0 15 0
0 15 0
0 15 0
0 15 0
8.36838442275693 38 123
0 15 0
4.91827482752782 28 78
4.91827482752782 28 78
1.17149385820011 23 28
10.1019082159534 38 121
3.42227259571947 27 66
0 15 0
15.3267129833206 47 164
0.408736036796204 19 6
0 15 0
0 15 0
1.17149385820011 23 28
11.4607166594927 39 85
0 15 0
0.549417434380533 20 10
3.42227259571947 27 66
0 15 0
0 15 0
7.66935737072928 37 111
12.2580568903756 40 144
12.9047346677774 45 132
19.00574129174 49 190
20.8138059430484 56 204
21.8443632486531 53 224
7.90825142046022 29 91
7.90825142046022 29 91
7.90825142046022 29 91
9.66037571573875 39 133
7.90825142046022 29 91
0 15 0
0 15 0
13.5048932756989 40 116
13.9637724535719 43 147
0 15 0
9.05465353636968 40 114
0 15 0
0 15 0
0.408736036796204 19 6
0 15 0
0.549417434380533 20 10
0 15 0
0 15 0
0 15 0
10.7638640102207 41 110
10.1019082159534 38 121
0.287974490817591 18 3
0 15 0
4.91827482752782 28 78
13.7571725309965 46 147
15.3267129833206 47 164
4.91827482752782 28 78
0 15 0
2.3964269481944 22 9
15.2332289756164 44 140
2.52374587665876 26 55
0 15 0
0 15 0
0.71654221804856 21 15
0 15 0
6.38931765844802 32 64
10.5568112047324 38 127
0 15 0
0 15 0
4.91827482752782 28 78
0 15 0
0.287974490817591 18 3
0 15 0
4.91827482752782 28 78
18.7948003467379 50 191
2.879450972014 28 38
0 15 0
0 15 0
0 15 0
7.90825142046022 29 91
7.39934090014499 34 81
0 15 0
16.0305468395495 42 169
0 15 0
0 15 0
0.71654221804856 21 15
0 15 0
0 15 0
7.90825142046022 29 91
0 15 0
11.4607166594927 39 85
0 15 0
7.59381068432034 37 114
0 15 0
10.1618299745717 37 119
0 15 0
0 15 0
7.90825142046022 29 91
2.52374587665876 26 55
7.90825142046022 29 91
0 15 0
0 15 0
1.17149385820011 23 28
7.90825142046022 29 91
0 15 0
9.02835174680567 32 94
0 15 0
0 15 0
4.47481397638879 31 57
2.52374587665876 26 55
13.2794095093792 41 157
3.42227259571947 27 66
7.90825142046022 29 91
0 15 0
0 15 0
16.0305468395495 42 169
0 15 0
1.92384007873489 25 45
0 15 0
0 15 0
0 15 0
0 15 0
0 15 0
0 15 0
0 15 0
0.287974490817591 18 3
0 15 0
15.4771695216548 50 147
19.8016580106458 51 199
0 15 0
2.52374587665876 26 55
4.91827482752782 28 78
5.30992016290523 33 73
0 15 0
0.408736036796204 19 6
0 15 0
0.919334315136428 22 21
10.1019082159534 38 121
0 15 0
0 15 0
0 15 0
7.90825142046022 29 91
0 15 0
0 15 0
0 15 0
4.91827482752782 28 78
0 15 0
0 15 0
0 15 0
0 15 0
7.90825142046022 29 91
1.92384007873489 25 45
0.919334315136428 22 21
13.2794095093792 41 157
0 15 0
0 15 0
22.3957446309694 58 217
0 15 0
0 15 0
9.66037571573875 39 133
7.39934090014499 34 81
0 15 0
0 15 0
0 15 0
1.17149385820011 23 28
0 15 0
7.90825142046022 29 91
0 15 0
3.42227259571947 27 66
0 15 0
5.99543598835718 29 28
7.90825142046022 29 91
0 15 0
16.0305468395495 42 169
18.7948003467379 50 191
0 15 0
0 15 0
0 15 0
3.42227259571947 27 66
18.7948003467379 50 191
1.4944500245335 24 36
0.182246050995146 17 1
0 15 0
0 15 0
0 15 0
7.90825142046022 29 91
0.408736036796204 19 6
2.52374587665876 26 55
2.52374587665876 26 55
0 15 0
7.90825142046022 29 91
0 15 0
0 15 0
0 15 0
0 15 0
7.90825142046022 29 91
0 15 0
0.549417434380533 20 10
7.90825142046022 29 91
2.65389508861685 28 48
2.52374587665876 26 55
2.52374587665876 26 55
0 15 0
9.28954927394111 38 87
0 15 0
7.90825142046022 29 91
7.90825142046022 29 91
13.2794095093792 41 157
0 15 0
0 15 0
7.90825142046022 29 91
0 15 0
0 15 0
0 15 0
12.4470195785286 42 133
0 15 0
3.42227259571947 27 66
30.6049105079249 64 280
0 15 0
0 15 0
0 15 0
0 15 0
3.42227259571947 27 66
7.90825142046022 29 91
0 15 0
3.42227259571947 27 66
0 15 0
0 15 0
0 15 0
9.60944419616399 35 106
7.90825142046022 29 91
7.90825142046022 29 91
2.52374587665876 26 55
20.7483452107045 54 158
12.2580568903756 40 144
0 15 0
2.45225967138132 27 46
0 15 0
7.90825142046022 29 91
0 15 0
0 15 0
3.10200394370801 27 31
15.0956755579432 47 165
0 15 0
0.408736036796204 19 6
0 15 0
0 15 0
7.90825142046022 29 91
13.5048932756989 40 116
16.4157331539752 49 178
0 15 0
7.90825142046022 29 91
0 15 0
7.90825142046022 29 91
21.0485997745823 55 185
34.4686760003264 69 244
3.13025959854872 24 16
4.91827482752782 28 78
7.90825142046022 29 91
3.42227259571947 27 66
0 15 0
0 15 0
12.7811533779318 43 91
0 15 0
0 15 0
0.549417434380533 20 10
0 15 0
0.287974490817591 18 3
0 15 0
8.40394992849449 40 101
0 15 0
3.88129953830472 26 25
16.0305468395495 42 169
0 15 0
7.90825142046022 29 91
3.42227259571947 27 66
7.90825142046022 29 91
9.66037571573875 39 133
0 15 0
0 15 0
18.4519745044626 47 179
0 15 0
0 15 0
16.0305468395495 42 169
4.19604405132237 30 69
7.90825142046022 29 91
11.1019242197795 39 136
0 15 0
0 15 0
7.90825142046022 29 91
3.42227259571947 27 66
4.06040590227517 32 70
7.90825142046022 29 91
9.85723095544286 36 112
7.90825142046022 29 91
0 15 0
0 15 0
0 15 0
0 15 0
0 15 0
12.2580568903756 40 144
0 15 0
0 15 0
22.7497019674248 54 200
0 15 0
0 15 0
0.182246050995146 17 1
11.4516871279141 38 109
0.182246050995146 17 1
17.9784536100365 45 172
0 15 0
3.42227259571947 27 66
4.91827482752782 28 78
0 15 0
2.3964269481944 22 9
16.0305468395495 42 169
4.91827482752782 28 78
0 15 0
0 15 0
1.4944500245335 24 36
11.7739359375065 40 122
2.52374587665876 26 55
0 15 0
0 15 0
7.90825142046022 29 91
0 15 0
0 15 0
4.91827482752782 28 78
0 15 0
2.52374587665876 26 55
0 15 0
8.36838442275693 38 123
5.1983443778313 34 83
0 15 0
3.42227259571947 27 66
10.1618299745717 37 119
0 15 0
0 15 0
4.91827482752782 28 78
1.4944500245335 24 36
7.90825142046022 29 91
4.06040590227517 32 70
0 15 0
0 15 0
0 15 0
0 15 0
4.91827482752782 28 78
0 15 0
0 15 0
0 15 0
0.287974490817591 18 3
13.2794095093792 41 157
0 15 0
16.0305468395495 42 169
3.42227259571947 27 66
0 15 0
21.8443632486531 53 224
0 15 0
7.90825142046022 29 91
0 15 0
0 15 0
0 15 0
0 15 0
0 15 0
4.91827482752782 28 78
7.90825142046022 29 91
0 15 0
0 15 0
0 15 0
0 15 0
5.49018611188391 30 49
0 15 0
0 15 0
0 15 0
0 15 0
7.39934090014499 34 81
1.4944500245335 24 36
0 15 0
0 15 0
0 15 0
0 15 0
4.91827482752782 28 78
1.17149385820011 23 28
7.90825142046022 29 91
0 15 0
9.66037571573875 39 133
18.7948003467379 50 191
2.52374587665876 26 55
9.15784209658054 40 98
0 15 0
0 15 0
13.1619720971702 42 82
0.549417434380533 20 10
0 15 0
4.66236296740031 28 36
0 15 0
0 15 0
0 15 0
16.0305468395495 42 169
0 15 0
0 15 0
16.0305468395495 42 169
7.90825142046022 29 91
4.91827482752782 28 78
10.1618299745717 37 119
0 15 0
7.90825142046022 29 91
26.4248462456534 61 248
7.90825142046022 29 91
0 15 0
10.1019082159534 38 121
0 15 0
0 15 0
0 15 0
25.5485527856644 61 202
3.42227259571947 27 66
7.90825142046022 29 91
7.60639370563328 37 80
24.3608026452149 54 235
0 15 0
8.36838442275693 38 123
9.20767477074725 33 97
0 15 0
0 15 0
0 15 0
0 15 0
2.52374587665876 26 55
12.2580568903756 40 144
0 15 0
16.4157331539752 49 178
19.3035647288463 53 179
7.90825142046022 29 91
0 15 0
0 15 0
0.287974490817591 18 3
0 15 0
5.30992016290523 33 73
6.38931765844802 32 64
3.42227259571947 27 66
0 15 0
0 15 0
16.4157331539752 49 178
4.66236296740031 28 36
2.52374587665876 26 55
0 15 0
0 15 0
0.919334315136428 22 21
4.91827482752782 28 78
10.1019082159534 38 121
0 15 0
7.90825142046022 29 91
0.408736036796204 19 6
7.90825142046022 29 91
19.375087213986 50 197
3.42227259571947 27 66
3.55221690087391 26 19
0 15 0
1.92384007873489 25 45
2.52374587665876 26 55
0 15 0
0 15 0
9.20767477074725 33 97
0 15 0
1.17149385820011 23 28
0 15 0
0 15 0
0 15 0
0 15 0
0 15 0
0 15 0
1.92855643850568 23 13
0 15 0
11.1896831499535 42 115
7.90825142046022 29 91
22.0121807947078 52 190
25.4474572387525 59 163
7.90825142046022 29 91
0 15 0
0 15 0
0 15 0
0 15 0
0 15 0
0 15 0
0 15 0
2.52374587665876 26 55
7.90825142046022 29 91
0 15 0
0 15 0
10.5568112047324 38 127
3.42227259571947 27 66
0 15 0
0 15 0
7.90825142046022 29 91
0 15 0
0 15 0
12.2580568903756 40 144
10.0851712365139 39 103
4.91827482752782 28 78
0 15 0
9.97468348849533 36 64
1.17149385820011 23 28
0 15 0
0 15 0
9.39767530311618 34 101
10.1019082159534 38 121
9.66037571573875 39 133
0 15 0
0.549417434380533 20 10
13.2794095093792 41 157
0 15 0
0.919334315136428 22 21
3.42227259571947 27 66
0 15 0
0 15 0
0 15 0
9.39767530311618 34 101
0.287974490817591 18 3
1.4944500245335 24 36
3.07404150866148 28 56
0 15 0
9.30642999597989 40 84
0.549417434380533 20 10
0 15 0
1.92384007873489 25 45
0 15 0
0 15 0
0 15 0
7.90825142046022 29 91
0 15 0
0 15 0
0 15 0
1.4944500245335 24 36
0 15 0
13.2794095093792 41 157
1.4944500245335 24 36
0 15 0
7.90825142046022 29 91
7.90825142046022 29 91
7.90825142046022 29 91
0 15 0
0 15 0
0 15 0
10.1019082159534 38 121
0.919334315136428 22 21
0 15 0
0 15 0
7.90825142046022 29 91
0 15 0
13.0308634065389 45 142
2.52374587665876 26 55
16.0305468395495 42 169
9.99304966422616 43 123
0.71654221804856 21 15
0 15 0
0 15 0
1.17149385820011 23 28
0 15 0
0 15 0
7.90825142046022 29 91
2.34951951577843 27 34
0 15 0
0 15 0
0 15 0
1.4944500245335 24 36
0 15 0
0 15 0
0.919334315136428 22 21
0 15 0
4.91827482752782 28 78
10.1736759232987 40 94
3.42227259571947 27 66
0 15 0
1.3697925919982 23 16
3.42227259571947 27 66
0 15 0
0 15 0
0 15 0
3.42227259571947 27 66
19.8016580106458 51 199
0 15 0
0 15 0
13.773107756338 44 152
0.182246050995146 17 1
7.90825142046022 29 91
0 15 0
0.408736036796204 19 6
1.4944500245335 24 36
0 15 0
4.91827482752782 28 78
0 15 0
0 15 0
0 15 0
0 15 0
0 15 0
0 15 0
0 15 0
0.182246050995146 17 1
0 15 0
7.90825142046022 29 91
0 15 0
7.90825142046022 29 91
0 15 0
0 15 0
0.71654221804856 21 15
0.182246050995146 17 1
0 15 0
7.90825142046022 29 91
0 15 0
0 15 0
0 15 0
0 15 0
7.90825142046022 29 91
3.42227259571947 27 66
0 15 0
16.0305468395495 42 169
7.90825142046022 29 91
0 15 0
0 15 0
0 15 0
8.59041727347294 36 100
0 15 0
3.42227259571947 27 66
0 15 0
10.5568112047324 38 127
0 15 0
7.90825142046022 29 91
0 15 0
0.919334315136428 22 21
10.1019082159534 38 121
0 15 0
0 15 0
3.42227259571947 27 66
0 15 0
0 15 0
4.91827482752782 28 78
0 15 0
1.4944500245335 24 36
0 15 0
7.90825142046022 29 91
11.799944094988 46 123
0.919334315136428 22 21
0 15 0
7.90825142046022 29 91
7.90825142046022 29 91
7.90825142046022 29 91
7.66935737072928 37 111
0 15 0
7.90825142046022 29 91
7.90825142046022 29 91
0 15 0
17.614050130925 52 164
7.90825142046022 29 91
8.59041727347294 36 100
0 15 0
7.21999747390435 33 46
19.8726943412333 51 205
0.71654221804856 21 15
16.1114429335331 48 158
7.90825142046022 29 91
7.90825142046022 29 91
4.91827482752782 28 78
8.59041727347294 36 100
24.3608026452149 54 235
0 15 0
7.90825142046022 29 91
4.91827482752782 28 78
4.91827482752782 28 78
0 15 0
0 15 0
16.0305468395495 42 169
0 15 0
4.06040590227517 32 70
0 15 0
0 15 0
0 15 0
2.52374587665876 26 55
16.508101121291 45 148
1.3697925919982 23 16
0 15 0
0 15 0
4.91827482752782 28 78
7.90825142046022 29 91
1.4944500245335 24 36
5.30992016290523 33 73
9.39767530311618 34 101
0 15 0
4.91827482752782 28 78
16.6237833321452 45 128
0 15 0
0 15 0
24.0477634068824 57 202
3.42227259571947 27 66
3.42227259571947 27 66
0 15 0
0 15 0
0 15 0
0 15 0
0 15 0
20.6093553890321 52 214
0 15 0
0 15 0
0 15 0
12.2580568903756 40 144
0 15 0
7.90825142046022 29 91
0 15 0
9.02835174680567 32 94
0 15 0
7.90825142046022 29 91
0 15 0
7.90825142046022 29 91
7.90825142046022 29 91
0 15 0
0 15 0
0 15 0
2.52374587665876 26 55
0 15 0
0 15 0
7.90825142046022 29 91
7.90825142046022 29 91
3.13025959854872 24 16
7.90825142046022 29 91
1.17149385820011 23 28
7.90825142046022 29 91
0 15 0
23.8018573170854 56 200
0 15 0
0 15 0
0 15 0
6.69800715313683 35 99
11.1019242197795 39 136
7.90825142046022 29 91
0 15 0
11.901038437838 36 100
0.287974490817591 18 3
0 15 0
0 15 0
0 15 0
0 15 0
0 15 0
7.39934090014499 34 81
7.90825142046022 29 91
0 15 0
0 15 0
28.8248712096984 62 263
7.90825142046022 29 91
6.38931765844802 32 64
0 15 0
13.2794095093792 41 157
0 15 0
0 15 0
0 15 0
0 15 0
0 15 0
0 15 0
2.52374587665876 26 55
3.63458676254236 31 60
0 15 0
0 15 0
12.2580568903756 40 144
1.17149385820011 23 28
0 15 0
0 15 0
0 15 0
0 15 0
0 15 0
1.31570455625451 22 11
0 15 0
0 15 0
0 15 0
0 15 0
4.91827482752782 28 78
19.2798084064335 50 173
0 15 0
0 15 0
0 15 0
7.90825142046022 29 91
10.8128501674427 39 67
0 15 0
28.9792129185662 64 229
18.7948003467379 50 191
0 15 0
0 15 0
12.5798786869354 37 52
1.92384007873489 25 45
7.90825142046022 29 91
0 15 0
0 15 0
0 15 0
4.91827482752782 28 78
2.52374587665876 26 55
0 15 0
0 15 0
7.90825142046022 29 91
0 15 0
0 15 0
0 15 0
9.66037571573875 39 133
0 15 0
7.90825142046022 29 91
0 15 0
11.1019242197795 39 136
0 15 0
2.52374587665876 26 55
0 15 0
0 15 0
1.4944500245335 24 36
0 15 0
0 15 0
0.287974490817591 18 3
0 15 0
0 15 0
0 15 0
0 15 0
9.76595295143991 38 79
0 15 0
0 15 0
3.42227259571947 27 66
14.7455954574509 43 158
0.71654221804856 21 15
8.36838442275693 38 123
4.91827482752782 28 78
7.90825142046022 29 91
0 15 0
0 15 0
0 15 0
0 15 0
0 15 0
0 15 0
0 15 0
7.90825142046022 29 91
2.52374587665876 26 55
7.90825142046022 29 91
0 15 0
0 15 0
0 15 0
6.17309084754965 33 88
2.52374587665876 26 55
11.9164632582476 40 146
1.17149385820011 23 28
0.287974490817591 18 3
24.3608026452149 54 235
2.52374587665876 26 55
0 15 0
0 15 0
7.90825142046022 29 91
0 15 0
0 15 0
7.90825142046022 29 91
0 15 0
0.919334315136428 22 21
0 15 0
0 15 0
10.3621513813053 40 103
0 15 0
1.92384007873489 25 45
0 15 0
8.59041727347294 36 100
0 15 0
0 15 0
4.91827482752782 28 78
0 15 0
3.42227259571947 27 66
2.52374587665876 26 55
0 15 0
4.91827482752782 28 78
5.72827583406687 35 94
0 15 0
0 15 0
7.90825142046022 29 91
22.5408292499006 57 208
19.8016580106458 51 199
7.90825142046022 29 91
0.919334315136428 22 21
16.1170281769468 48 178
0 15 0
6.45678319625585 36 102
0 15 0
7.60639370563328 37 80
7.90825142046022 29 91
16.0305468395495 42 169
12.2580568903756 40 144
3.13025959854872 24 16
0.71654221804856 21 15
0 15 0
0 15 0
0 15 0
7.90825142046022 29 91
3.42227259571947 27 66
7.90825142046022 29 91
0 15 0
0 15 0
0 15 0
20.6093553890321 52 214
7.90825142046022 29 91
0.549417434380533 20 10
0 15 0
0 15 0
2.89716389509054 29 51
0.182246050995146 17 1
0.71654221804856 21 15
0 15 0
7.90825142046022 29 91
0 15 0
9.60944419616399 35 106
0 15 0
23.5949752267213 57 220
1.66825231295557 20 4
15.2332289756164 44 140
7.39934090014499 34 81
1.4944500245335 24 36
11.1019242197795 39 136
0 15 0
45.4410777191214 78 288
0 15 0
14.3417283320543 42 127
0.408736036796204 19 6
0 15 0
6.38931765844802 32 64
3.42227259571947 27 66
0.287974490817591 18 3
0 15 0
0 15 0
0 15 0
17.2921072443221 50 193
7.90825142046022 29 91
0 15 0
6.32801376771746 35 91
0 15 0
0 15 0
13.2794095093792 41 157
0 15 0
7.90825142046022 29 91
0 15 0
0.408736036796204 19 6
0 15 0
0 15 0
0 15 0
0 15 0
0 15 0
0.919334315136428 22 21
0 15 0
0 15 0
0 15 0
0 15 0
16.0305468395495 42 169
7.90825142046022 29 91
1.4944500245335 24 36
0 15 0
0 15 0
0 15 0
7.90825142046022 29 91
14.7403058253079 46 159
0 15 0
3.13025959854872 24 16
19.7638296177344 51 175
0 15 0
0.408736036796204 19 6
7.90825142046022 29 91
0.287974490817591 18 3
1.4944500245335 24 36
7.39934090014499 34 81
0 15 0
2.52374587665876 26 55
0.408736036796204 19 6
0 15 0
0.71654221804856 21 15
4.91827482752782 28 78
2.49979422940313 25 21
0 15 0
0 15 0
0 15 0
0 15 0
7.90825142046022 29 91
7.90825142046022 29 91
0 15 0
0 15 0
0 15 0
1.92384007873489 25 45
0 15 0
0 15 0
13.2794095093792 41 157
4.06040590227517 32 70
0 15 0
10.1019082159534 38 121
0 15 0
0 15 0
0 15 0
1.4944500245335 24 36
0.71654221804856 21 15
0 15 0
16.1170281769468 48 178
7.90825142046022 29 91
16.0305468395495 42 169
7.90825142046022 29 91
13.2794095093792 41 157
0 15 0
1.66825231295557 20 4
4.91827482752782 28 78
0 15 0
7.90825142046022 29 91
0 15 0
5.30992016290523 33 73
10.1618299745717 37 119
0 15 0
3.10200394370801 27 31
0 15 0
11.9164632582476 40 146
5.72827583406687 35 94
0 15 0
18.7948003467379 50 191
13.2794095093792 41 157
0 15 0
3.42227259571947 27 66
0 15 0
16.0305468395495 42 169
16.0305468395495 42 169
0 15 0
0 15 0
7.90825142046022 29 91
0 15 0
31.6361342824431 64 259
0.71654221804856 21 15
4.91827482752782 28 78
0 15 0
0 15 0
7.90825142046022 29 91
7.90825142046022 29 91
12.2580568903756 40 144
36.3506312946904 70 240
5.49018611188391 30 49
0 15 0
0 15 0
0 15 0
0 15 0
0 15 0
16.0305468395495 42 169
0 15 0
0.71654221804856 21 15
4.91827482752782 28 78
1.4944500245335 24 36
0 15 0
0 15 0
19.00574129174 49 190
7.90825142046022 29 91
7.90825142046022 29 91
0 15 0
1.92384007873489 25 45
3.42227259571947 27 66
22.4936459528995 52 150
0 15 0
0 15 0
3.42227259571947 27 66
0 15 0
4.91827482752782 28 78
0 15 0
0 15 0
0 15 0
4.91827482752782 28 78
0 15 0
7.39934090014499 34 81
0 15 0
8.46691957719621 38 91
0 15 0
0 15 0
0 15 0
0 15 0
0 15 0
7.90825142046022 29 91
0 15 0
0 15 0
0 15 0
24.8688764580611 58 193
1.31570455625451 22 11
0 15 0
7.90825142046022 29 91
0 15 0
0 15 0
0 15 0
0 15 0
0 15 0
14.4561995830242 47 159
7.90825142046022 29 91
1.4944500245335 24 36
0 15 0
7.90825142046022 29 91
16.0305468395495 42 169
7.90825142046022 29 91
0 15 0
4.91827482752782 28 78
15.0956755579432 47 165
0 15 0
7.90825142046022 29 91
0 15 0
0 15 0
0.182246050995146 17 1
0 15 0
0 15 0
0 15 0
1.92384007873489 25 45
6.38931765844802 32 64
0 15 0
0.549417434380533 20 10
16.0305468395495 42 169
0 15 0
10.1618299745717 37 119
1.4944500245335 24 36
0 15 0
0 15 0
4.91827482752782 28 78
1.92384007873489 25 45
8.67817620364703 39 91
12.2580568903756 40 144
0 15 0
0 15 0
0.182246050995146 17 1
7.90825142046022 29 91
16.2707546253184 49 180
0 15 0
0 15 0
3.88129953830472 26 25
8.44739668876043 35 87
0 15 0
0 15 0
0 15 0
0 15 0
9.02835174680567 32 94
0 15 0
0 15 0
0 15 0
19.8016580106458 51 199
11.9164632582476 40 146
0 15 0
0 15 0
0.287974490817591 18 3
0 15 0
0 15 0
7.90825142046022 29 91
0 15 0
0 15 0
4.91827482752782 28 78
0 15 0
0 15 0
0 15 0
18.4519745044626 47 179
7.90825142046022 29 91
13.7011900962601 45 151
0 15 0
0 15 0
0 15 0
0 15 0
7.90825142046022 29 91
0.71654221804856 21 15
0 15 0
6.17309084754965 33 88
0 15 0
7.90825142046022 29 91
9.66037571573875 39 133
1.92384007873489 25 45
38.1797181744245 70 272
0 15 0
9.39767530311618 34 101
0 15 0
19.8726943412333 51 205
1.17149385820011 23 28
16.0305468395495 42 169
0 15 0
5.19932304943064 32 54
0 15 0
8.84939957625253 31 92
16.0305468395495 42 169
0 15 0
0 15 0
19.375087213986 50 197
0 15 0
0 15 0
0 15 0
17.8802807622051 50 158
0 15 0
16.0305468395495 42 169
1.37507432919074 21 7
0.182246050995146 17 1
3.75211038030115 29 43
7.90825142046022 29 91
7.90825142046022 29 91
7.90825142046022 29 91
0 15 0
0 15 0
0 15 0
14.0539869356141 45 156
0 15 0
15.2332289756164 44 140
1.92384007873489 25 45
0 15 0
3.42227259571947 27 66
0 15 0
0 15 0
27.4461988646571 62 260
20.6093553890321 52 214
1.92384007873489 25 45
0 15 0
3.88129953830472 26 25
2.52374587665876 26 55
7.66935737072928 37 111
0 15 0
0 15 0
0 15 0
5.49018611188391 30 49
0 15 0
0 15 0
9.02835174680567 32 94
0 15 0
10.0851712365139 39 103
0 15 0
0 15 0
2.3964269481944 22 9
0 15 0
0.549417434380533 20 10
0 15 0
0 15 0
7.90825142046022 29 91
0 15 0
3.42227259571947 27 66
4.91827482752782 28 78
0 15 0
0 15 0
0.71654221804856 21 15
0 15 0
0 15 0
0 15 0
0 15 0
0 15 0
0 15 0
4.91827482752782 28 78
8.59041727347294 36 100
0 15 0
3.42227259571947 27 66
0 15 0
7.94858678797607 40 104
4.91827482752782 28 78
7.90825142046022 29 91
0 15 0
0.71654221804856 21 15
0 15 0
2.25162079964074 27 39
16.0305468395495 42 169
2.52374587665876 26 55
0 15 0
11.9164632582476 40 146
0 15 0
8.44739668876043 35 87
0 15 0
0 15 0
0 15 0
0 15 0
3.75211038030115 29 43
7.90825142046022 29 91
0 15 0
2.52374587665876 26 55
0 15 0
6.76035701739489 34 75
2.52374587665876 26 55
18.7948003467379 50 191
0 15 0
0 15 0
0 15 0
7.90825142046022 29 91
10.5568112047324 38 127
7.90825142046022 29 91
9.39767530311618 34 101
16.9802453044437 48 166
16.0305468395495 42 169
0 15 0
4.91827482752782 28 78
0 15 0
2.02227281488907 26 37
0 15 0
0 15 0
0 15 0
0 15 0
0 15 0
4.91827482752782 28 78
0 15 0
2.52374587665876 26 55
0 15 0
12.4097056626857 46 151
9.85723095544286 36 112
0 15 0
0 15 0
0 15 0
1.17149385820011 23 28
4.91827482752782 28 78
0 15 0
0.408736036796204 19 6
7.90825142046022 29 91
4.46502824938109 24 10
9.60944419616399 35 106
0 15 0
7.90825142046022 29 91
7.20363295117807 32 42
0 15 0
0 15 0
16.2707546253184 49 180
7.90825142046022 29 91
0 15 0
0 15 0
4.91827482752782 28 78
12.2580568903756 40 144
10.1618299745717 37 119
0 15 0
8.18921584010201 35 65
0 15 0
0 15 0
0.408736036796204 19 6
7.90825142046022 29 91
0 15 0
12.2580568903756 40 144
4.06040590227517 32 70
7.90825142046022 29 91
0 15 0
0 15 0
11.9164632582476 40 146
5.94414352041295 34 60
24.3608026452149 54 235
0 15 0
0 15 0
0 15 0
0 15 0
0 15 0
0 15 0
0.919334315136428 22 21
3.42227259571947 27 66
0 15 0
0.408736036796204 19 6
0 15 0
16.0305468395495 42 169
7.90825142046022 29 91
0.71654221804856 21 15
1.92384007873489 25 45
0 15 0
1.17149385820011 23 28
7.90825142046022 29 91
0 15 0
0 15 0
7.90825142046022 29 91
10.5568112047324 38 127
4.91827482752782 28 78
10.1736759232987 40 94
0.408736036796204 19 6
2.52374587665876 26 55
10.1736759232987 40 94
21.4140222549709 57 210
0 15 0
0 15 0
4.91827482752782 28 78
0 15 0
0 15 0
4.91827482752782 28 78
0 15 0
0 15 0
0.408736036796204 19 6
14.3154869925975 46 157
3.42227259571947 27 66
0 15 0
0 15 0
0 15 0
4.91827482752782 28 78
1.92384007873489 25 45
0 15 0
2.52374587665876 26 55
2.45225967138132 27 46
0 15 0
0 15 0
0 15 0
1.17149385820011 23 28
0 15 0
0 15 0
1.4944500245335 24 36
0 15 0
7.90825142046022 29 91
0 15 0
0 15 0
0 15 0
7.90825142046022 29 91
0 15 0
0 15 0
0 15 0
12.2580568903756 40 144
0 15 0
0 15 0
7.90825142046022 29 91
0 15 0
0 15 0
0 15 0
0 15 0
1.92384007873489 25 45
0 15 0
0 15 0
3.42227259571947 27 66
1.71767379576028 25 29
18.7948003467379 50 191
1.3697925919982 23 16
7.90825142046022 29 91
0 15 0
16.0305468395495 42 169
0 15 0
0 15 0
0 15 0
7.90825142046022 29 91
11.7938534180104 43 119
1.4944500245335 24 36
16.0305468395495 42 169
0 15 0
0 15 0
14.8496804486202 45 136
0 15 0
0 15 0
13.0596503346133 45 142
3.42227259571947 27 66
15.5711572809198 48 172
0 15 0
1.4944500245335 24 36
1.92384007873489 25 45
2.52374587665876 26 55
0 15 0
7.90825142046022 29 91
7.39934090014499 34 81
16.0305468395495 42 169
0 15 0
0 15 0
0 15 0
12.2580568903756 40 144
0 15 0
0 15 0
4.91827482752782 28 78
2.52374587665876 26 55
7.90825142046022 29 91
3.82260069779171 30 43
6.38931765844802 32 64
7.90825142046022 29 91
5.62613209176432 30 79
9.20767477074725 33 97
5.94749377482079 32 70
0.182246050995146 17 1
19.8726943412333 51 205
0 15 0
4.91827482752782 28 78
8.59041727347294 36 100
4.91827482752782 28 78
4.91827482752782 28 78
1.4944500245335 24 36
7.90825142046022 29 91
0.71654221804856 21 15
0 15 0
0.549417434380533 20 10
7.66935737072928 37 111
7.90825142046022 29 91
0 15 0
7.90825142046022 29 91
0 15 0
0 15 0
0 15 0
0.287974490817591 18 3
12.2580568903756 40 144
0 15 0
24.7226086048053 59 235
4.91763921591904 31 44
13.2794095093792 41 157
7.90825142046022 29 91
0 15 0
12.4097056626857 46 151
7.90825142046022 29 91
1.4944500245335 24 36
12.6977027502738 38 107
5.49018611188391 30 49
20.625259572526 52 147
0 15 0
27.5408526509139 61 244
0 15 0
7.90825142046022 29 91
0 15 0
0 15 0
1.92384007873489 25 45
0 15 0
0 15 0
1.92384007873489 25 45
7.90825142046022 29 91
0 15 0
0 15 0
0 15 0
4.91827482752782 28 78
4.91827482752782 28 78
0 15 0
0.182246050995146 17 1
0 15 0
0 15 0
7.90825142046022 29 91
7.90825142046022 29 91
17.3853254940444 47 153
7.90825142046022 29 91
3.42227259571947 27 66
0 15 0
7.90825142046022 29 91
0 15 0
1.17149385820011 23 28
7.90825142046022 29 91
0.408736036796204 19 6
0 15 0
4.91827482752782 28 78
0 15 0
7.90825142046022 29 91
0 15 0
3.42227259571947 27 66
0 15 0
0 15 0
9.25336723601605 37 94
0 15 0
0 15 0
0 15 0
4.19604405132237 30 69
24.0477634068824 57 202
0 15 0
4.91827482752782 28 78
0.408736036796204 19 6
18.8645358683111 48 138
0 15 0
0 15 0
0 15 0
1.17149385820011 23 28
0 15 0
0 15 0
0.919334315136428 22 21
3.42227259571947 27 66
1.17149385820011 23 28
5.1983443778313 34 83
11.9164632582476 40 146
0 15 0
0 15 0
12.2580568903756 40 144
0 15 0
0 15 0
4.95551799109286 31 59
3.46846071662538 30 61
0 15 0
0 15 0
0 15 0
12.1507141799417 39 112
0 15 0
0 15 0
0 15 0
0 15 0
0 15 0
0 15 0
0 15 0
7.39934090014499 34 81
0 15 0
7.90825142046022 29 91
1.17149385820011 23 28
0 15 0
0 15 0
0 15 0
0 15 0
7.90825142046022 29 91
0 15 0
0 15 0
7.39934090014499 34 81
0 15 0
4.91827482752782 28 78
4.91827482752782 28 78
0 15 0
10.1618299745717 37 119
1.3697925919982 23 16
0 15 0
0 15 0
0 15 0
0 15 0
7.90825142046022 29 91
4.91827482752782 28 78
0 15 0
0 15 0
0 15 0
0 15 0
5.62613209176432 30 79
0 15 0
7.90825142046022 29 91
0 15 0
0 15 0
0 15 0
0 15 0
13.2794095093792 41 157
3.42227259571947 27 66
7.90825142046022 29 91
0 15 0
0 15 0
0 15 0
0.549417434380533 20 10
8.59041727347294 36 100
1.17149385820011 23 28
0 15 0
3.42227259571947 27 66
0 15 0
1.4944500245335 24 36
4.91827482752782 28 78
0 15 0
0 15 0
3.10200394370801 27 31
1.4944500245335 24 36
0 15 0
0 15 0
0 15 0
0 15 0
1.66825231295557 20 4
0 15 0
0 15 0
16.0305468395495 42 169
0 15 0
11.803980046291 43 121
0 15 0
2.52374587665876 26 55
0 15 0
6.38931765844802 32 64
7.90825142046022 29 91
0 15 0
7.90825142046022 29 91
26.3088146819208 59 203
2.52374587665876 26 55
0 15 0
16.0305468395495 42 169
4.47481397638879 31 57
4.91827482752782 28 78
0.549417434380533 20 10
2.52374587665876 26 55
0 15 0
2.52374587665876 26 55
7.66935737072928 37 111
0.408736036796204 19 6
16.0305468395495 42 169
16.0305468395495 42 169
3.51567763398426 30 51
0 15 0
0 15 0
0 15 0
16.0305468395495 42 169
0 15 0
3.42227259571947 27 66
3.10200394370801 27 31
7.90825142046022 29 91
0 15 0
4.66236296740031 28 36
0 15 0
0 15 0
0 15 0
0 15 0
0 15 0
0 15 0
0 15 0
20.3530393929621 56 197
0 15 0
12.2580568903756 40 144
0 15 0
0 15 0
10.1019082159534 38 121
0 15 0
0 15 0
3.75211038030115 29 43
3.13025959854872 24 16
12.2580568903756 40 144
0 15 0
4.91827482752782 28 78
0 15 0
9.05465353636968 40 114
0 15 0
4.91827482752782 28 78
8.59041727347294 36 100
0 15 0
16.0305468395495 42 169
0 15 0
0 15 0
24.7429740383882 59 233
0.71654221804856 21 15
0.408736036796204 19 6
0 15 0
7.90825142046022 29 91
16.0305468395495 42 169
0 15 0
0 15 0
0 15 0
7.90825142046022 29 91
0 15 0
7.90825142046022 29 91
13.5384652675635 43 134
0 15 0
0 15 0
0.287974490817591 18 3
0.287974490817591 18 3
7.90825142046022 29 91
0 15 0
0 15 0
4.91827482752782 28 78
46.1359469034666 75 304
0 15 0
0 15 0
0 15 0
0 15 0
16.0305468395495 42 169
0 15 0
2.52374587665876 26 55
0.549417434380533 20 10
1.3697925919982 23 16
0 15 0
4.91827482752782 28 78
0 15 0
0 15 0
16.0305468395495 42 169
1.80076717737548 24 18
4.66236296740031 28 36
15.4727827057554 48 130
0 15 0
0 15 0
4.91827482752782 28 78
0 15 0
7.90825142046022 29 91
0 15 0
3.42227259571947 27 66
7.90825142046022 29 91
11.1019242197795 39 136
7.90825142046022 29 91
0.182246050995146 17 1
4.91827482752782 28 78
0 15 0
0 15 0
0 15 0
0 15 0
0 15 0
0 15 0
0 15 0
0 15 0
0 15 0
7.90825142046022 29 91
0 15 0
0 15 0
4.91827482752782 28 78
0 15 0
4.91827482752782 28 78
0 15 0
0 15 0
4.91827482752782 28 78
0.919334315136428 22 21
0 15 0
4.91827482752782 28 78
0 15 0
11.1019242197795 39 136
0 15 0
1.4944500245335 24 36
7.90825142046022 29 91
0 15 0
9.60944419616399 35 106
0 15 0
0 15 0
7.90825142046022 29 91
0 15 0
0 15 0
0 15 0
0 15 0
0 15 0
0 15 0
0 15 0
0 15 0
7.90825142046022 29 91
0 15 0
0 15 0
0 15 0
1.17149385820011 23 28
5.30992016290523 33 73
16.4157331539752 49 178
7.90825142046022 29 91
0 15 0
7.90825142046022 29 91
0.71654221804856 21 15
12.8152060370141 44 128
0 15 0
7.39934090014499 34 81
0 15 0
4.91827482752782 28 78
0 15 0
0 15 0
7.90825142046022 29 91
4.91827482752782 28 78
0 15 0
0 15 0
0 15 0
0 15 0
3.42227259571947 27 66
0 15 0
3.42227259571947 27 66
0 15 0
11.9164632582476 40 146
16.6924083876667 45 100
0.919334315136428 22 21
0 15 0
0 15 0
7.90825142046022 29 91
7.90825142046022 29 91
0 15 0
0 15 0
2.52374587665876 26 55
3.42227259571947 27 66
0 15 0
0 15 0
0 15 0
0 15 0
0 15 0
0 15 0
0 15 0
0 15 0
0 15 0
0 15 0
7.90825142046022 29 91
7.90825142046022 29 91
0 15 0
0 15 0
0 15 0
7.90825142046022 29 91
0 15 0
16.5925098999235 49 185
6.32801376771746 35 91
0 15 0
7.90825142046022 29 91
19.375087213986 50 197
0 15 0
0 15 0
0 15 0
0 15 0
0 15 0
13.2794095093792 41 157
13.9714758094183 47 125
4.91827482752782 28 78
32.8917929083837 65 290
1.92384007873489 25 45
0.408736036796204 19 6
5.49018611188391 30 49
7.90825142046022 29 91
0 15 0
4.91827482752782 28 78
32.8917929083837 65 290
5.62613209176432 30 79
0 15 0
1.17149385820011 23 28
0 15 0
7.90825142046022 29 91
0 15 0
4.91827482752782 28 78
4.91827482752782 28 78
0 15 0
2.879450972014 28 38
12.8486643440914 42 85
6.43228687100647 35 63
0 15 0
14.3524988468898 45 148
3.13025959854872 24 16
0 15 0
0 15 0
4.91827482752782 28 78
0 15 0
0 15 0
0 15 0
0 15 0
0 15 0
0 15 0
0 15 0
0 15 0
4.91827482752782 28 78
0 15 0
13.2794095093792 41 157
4.91827482752782 28 78
0 15 0
10.1618299745717 37 119
0 15 0
0 15 0
0.408736036796204 19 6
20.6093553890321 52 214
18.7948003467379 50 191
13.2794095093792 41 157
0 15 0
0 15 0
21.8443632486531 53 224
0 15 0
0 15 0
0 15 0
0 15 0
0 15 0
1.4944500245335 24 36
0 15 0
7.90825142046022 29 91
0 15 0
0 15 0
4.26497575535401 32 66
8.69310176125216 36 82
0 15 0
7.90825142046022 29 91
0 15 0
1.4944500245335 24 36
5.72827583406687 35 94
5.99543598835718 29 28
0 15 0
16.0305468395495 42 169
19.8016580106458 51 199
0 15 0
0 15 0
2.3964269481944 22 9
3.72689037690929 31 65
0.549417434380533 20 10
16.0305468395495 42 169
8.73202295684773 39 91
0 15 0
8.72282397921905 38 99
4.91827482752782 28 78
0 15 0
7.90825142046022 29 91
24.3608026452149 54 235
1.92384007873489 25 45
0 15 0
4.91827482752782 28 78
22.2314670920817 56 206
0 15 0
0 15 0
0 15 0
6.38931765844802 32 64
0 15 0
7.90825142046022 29 91
0 15 0
0.549417434380533 20 10
0 15 0
2.52374587665876 26 55
0 15 0
0 15 0
0 15 0
0 15 0
0 15 0
0 15 0
4.91827482752782 28 78
16.0305468395495 42 169
0 15 0
0 15 0
0 15 0
0.182246050995146 17 1
0 15 0
7.90825142046022 29 91
2.52374587665876 26 55
3.42227259571947 27 66
0 15 0
0 15 0
0 15 0
20.6093553890321 52 214
0.549417434380533 20 10
8.84939957625253 31 92
2.52374587665876 26 55
4.91827482752782 28 78
0 15 0
0 15 0
16.9802453044437 48 166
0 15 0
16.0305468395495 42 169
0 15 0
16.0305468395495 42 169
0 15 0
1.4944500245335 24 36
3.42227259571947 27 66
0 15 0
0 15 0
16.5925098999235 49 185
0 15 0
15.7616584443116 47 172
0 15 0
13.2794095093792 41 157
0 15 0
0 15 0
0 15 0
0 15 0
0 15 0
0 15 0
18.4519745044626 47 179
0 15 0
4.91827482752782 28 78
0 15 0
0 15 0
17.2921072443221 50 193
7.90825142046022 29 91
7.90825142046022 29 91
0 15 0
0 15 0
0 15 0
0 15 0
0 15 0
16.0305468395495 42 169
0 15 0
7.90825142046022 29 91
7.90825142046022 29 91
0 15 0
0 15 0
7.90825142046022 29 91
0 15 0
4.91827482752782 28 78
15.5511995294365 49 142
18.4519745044626 47 179
0 15 0
0 15 0
0 15 0
7.59381068432034 37 114
1.4944500245335 24 36
0 15 0
9.66037571573875 39 133
0 15 0
0 15 0
3.42227259571947 27 66
0 15 0
4.19604405132237 30 69
10.8487055288916 42 100
7.90825142046022 29 91
1.92384007873489 25 45
0 15 0
1.80076717737548 24 18
0 15 0
2.52374587665876 26 55
0.919334315136428 22 21
0 15 0
0 15 0
0.919334315136428 22 21
0 15 0
7.90825142046022 29 91
0 15 0
4.91827482752782 28 78
0 15 0
0 15 0
2.52374587665876 26 55
0 15 0
0 15 0
7.90825142046022 29 91
7.90825142046022 29 91
3.42227259571947 27 66
0 15 0
0 15 0
0 15 0
12.2580568903756 40 144
1.17149385820011 23 28
5.49018611188391 30 49
21.8443632486531 53 224
0 15 0
11.9164632582476 40 146
7.90825142046022 29 91
0 15 0
0.549417434380533 20 10
0 15 0
0.71654221804856 21 15
0 15 0
0 15 0
4.91827482752782 28 78
1.4944500245335 24 36
0 15 0
4.91827482752782 28 78
6.69800715313683 35 99
2.31617087517849 26 27
0 15 0
0 15 0
0 15 0
0.919334315136428 22 21
7.90825142046022 29 91
0 15 0
0 15 0
1.31570455625451 22 11
0 15 0
0.919334315136428 22 21
12.2580568903756 40 144
3.42227259571947 27 66
10.1019082159534 38 121
0.182246050995146 17 1
7.90825142046022 29 91
17.7288778466036 44 170
0 15 0
0 15 0
7.90825142046022 29 91
7.90825142046022 29 91
0 15 0
0 15 0
0 15 0
0 15 0
7.90825142046022 29 91
7.67617925157318 34 55
0 15 0
0 15 0
7.90825142046022 29 91
4.91827482752782 28 78
0 15 0
4.06040590227517 32 70
0 15 0
2.52374587665876 26 55
0 15 0
0 15 0
18.4066781130481 48 166
5.30992016290523 33 73
0 15 0
0 15 0
30.6049105079249 64 280
7.90825142046022 29 91
0 15 0
0.182246050995146 17 1
0 15 0
7.90825142046022 29 91
0 15 0
1.92384007873489 25 45
12.2580568903756 40 144
0 15 0
0 15 0
7.90825142046022 29 91
0 15 0
0 15 0
0 15 0
16.0305468395495 42 169
0 15 0
7.90825142046022 29 91
0 15 0
0 15 0
0 15 0
7.90825142046022 29 91
0 15 0
1.92384007873489 25 45
0 15 0
3.63458676254236 31 60
0 15 0
26.9763369094094 60 176
12.4477583037309 46 154
3.42227259571947 27 66
0 15 0
1.4944500245335 24 36
0 15 0
0 15 0
0 15 0
7.90825142046022 29 91
7.90825142046022 29 91
0 15 0
0 15 0
0 15 0
0 15 0
0 15 0
0.919334315136428 22 21
4.91827482752782 28 78
19.00574129174 49 190
3.10200394370801 27 31
0.287974490817591 18 3
7.90825142046022 29 91
0 15 0
0 15 0
4.91827482752782 28 78
0 15 0
16.0305468395495 42 169
0 15 0
0 15 0
1.92384007873489 25 45
0 15 0
0 15 0
7.90825142046022 29 91
0.71654221804856 21 15
1.92384007873489 25 45
4.91827482752782 28 78
0 15 0
7.90825142046022 29 91
0.919334315136428 22 21
0 15 0
0 15 0
6.69800715313683 35 99
12.2580568903756 40 144
2.3964269481944 22 9
7.90825142046022 29 91
9.39767530311618 34 101
24.3608026452149 54 235
0 15 0
0 15 0
0 15 0
0 15 0
18.2014131086214 53 168
0 15 0
7.90825142046022 29 91
0 15 0
0 15 0
7.90825142046022 29 91
0 15 0
0 15 0
0 15 0
0 15 0
12.6977027502738 38 107
13.2784245819265 42 147
0 15 0
0 15 0
0 15 0
0.71654221804856 21 15
0 15 0
0 15 0
0 15 0
7.90825142046022 29 91
0 15 0
7.90825142046022 29 91
16.0305468395495 42 169
4.91827482752782 28 78
0 15 0
0 15 0
7.90825142046022 29 91
3.42227259571947 27 66
0 15 0
0 15 0
17.4370857729788 50 189
16.2707546253184 49 180
16.0305468395495 42 169
0.919334315136428 22 21
7.90825142046022 29 91
2.52374587665876 26 55
0 15 0
7.90825142046022 29 91
11.7106786106581 45 139
0 15 0
11.9164632582476 40 146
0 15 0
13.1087327147134 47 161
0 15 0
7.90825142046022 29 91
1.17149385820011 23 28
19.8016580106458 51 199
2.52374587665876 26 55
0.71654221804856 21 15
7.90825142046022 29 91
0 15 0
16.0305468395495 42 169
0 15 0
16.0305468395495 42 169
1.4944500245335 24 36
0 15 0
7.90825142046022 29 91
0 15 0
0 15 0
0 15 0
4.91827482752782 28 78
0 15 0
0 15 0
0 15 0
4.51832189012831 33 76
0.71654221804856 21 15
0 15 0
0 15 0
4.66236296740031 28 36
0 15 0
0 15 0
10.5193564602323 42 115
0 15 0
0 15 0
7.90825142046022 29 91
7.90825142046022 29 91
0 15 0
0 15 0
2.52374587665876 26 55
0 15 0
7.90825142046022 29 91
4.32605691769321 30 49
0 15 0
4.06040590227517 32 70
0 15 0
0 15 0
0 15 0
17.4370857729788 50 189
7.90825142046022 29 91
1.92384007873489 25 45
0 15 0
0 15 0
0 15 0
2.3964269481944 22 9
0 15 0
0 15 0
7.90825142046022 29 91
0.919334315136428 22 21
7.90825142046022 29 91
8.59041727347294 36 100
7.90825142046022 29 91
0 15 0
7.66935737072928 37 111
0 15 0
0 15 0
0 15 0
0.287974490817591 18 3
9.66037571573875 39 133
0 15 0
0 15 0
1.83620702710513 25 24
0 15 0
16.0305468395495 42 169
1.92384007873489 25 45
0 15 0
5.72827583406687 35 94
7.90825142046022 29 91
7.90825142046022 29 91
0 15 0
0 15 0
7.90825142046022 29 91
4.91827482752782 28 78
13.2794095093792 41 157
0 15 0
0 15 0
0 15 0
0 15 0
0 15 0
0 15 0
4.91827482752782 28 78
5.8236232656395 27 19
0.287974490817591 18 3
6.45678319625585 36 102
0 15 0
19.8016580106458 51 199
7.90825142046022 29 91
13.2794095093792 41 157
0.287974490817591 18 3
4.91827482752782 28 78
9.39767530311618 34 101
6.38931765844802 32 64
9.39767530311618 34 101
0.549417434380533 20 10
0 15 0
1.92384007873489 25 45
0 15 0
14.595708420226 45 106
0 15 0
7.90825142046022 29 91
3.42227259571947 27 66
7.90825142046022 29 91
0 15 0
0 15 0
0 15 0
3.42227259571947 27 66
0 15 0
0.408736036796204 19 6
0 15 0
0 15 0
4.91827482752782 28 78
9.60944419616399 35 106
7.90825142046022 29 91
0 15 0
0.919334315136428 22 21
7.39934090014499 34 81
11.9164632582476 40 146
16.0305468395495 42 169
0 15 0
0.919334315136428 22 21
0 15 0
5.72827583406687 35 94
24.3608026452149 54 235
7.90825142046022 29 91
0 15 0
7.90825142046022 29 91
0 15 0
0 15 0
0 15 0
0 15 0
0 15 0
0 15 0
3.42227259571947 27 66
13.2794095093792 41 157
0 15 0
1.92384007873489 25 45
0 15 0
0 15 0
0 15 0
0 15 0
4.02449304375483 29 67
0 15 0
0 15 0
0 15 0
7.90825142046022 29 91
0 15 0
16.0305468395495 42 169
0 15 0
3.42227259571947 27 66
0 15 0
4.91827482752782 28 78
0 15 0
0 15 0
24.3608026452149 54 235
0 15 0
0 15 0
0.182246050995146 17 1
0 15 0
0.549417434380533 20 10
7.90825142046022 29 91
21.2284823615918 53 194
0 15 0
0.549417434380533 20 10
0 15 0
7.42914616222556 34 53
1.92384007873489 25 45
0 15 0
2.52374587665876 26 55
10.2634327454701 40 96
8.59041727347294 36 100
14.1499800946154 42 123
0 15 0
4.91827482752782 28 78
0 15 0
4.91827482752782 28 78
0 15 0
7.94858678797607 40 104
9.69208151220699 39 91
4.7707835001631 32 62
0.71654221804856 21 15
4.91827482752782 28 78
4.91827482752782 28 78
7.64682766624872 33 82
2.52374587665876 26 55
0 15 0
7.90825142046022 29 91
0 15 0
4.91827482752782 28 78
0 15 0
24.3608026452149 54 235
0 15 0
0 15 0
0 15 0
18.7948003467379 50 191
0 15 0
0 15 0
0 15 0
7.90825142046022 29 91
0 15 0
0 15 0
1.92384007873489 25 45
0 15 0
0 15 0
0 15 0
0 15 0
0 15 0
0 15 0
0 15 0
4.91827482752782 28 78
1.17149385820011 23 28
10.1019082159534 38 121
0 15 0
7.90825142046022 29 91
1.92384007873489 25 45
0 15 0
0 15 0
0 15 0
7.90825142046022 29 91
0.182246050995146 17 1
0 15 0
11.1019242197795 39 136
0 15 0
0 15 0
0 15 0
11.8273117250877 41 78
0 15 0
0 15 0
0 15 0
7.90825142046022 29 91
0.182246050995146 17 1
0 15 0
0 15 0
0.919334315136428 22 21
0 15 0
7.90825142046022 29 91
7.90825142046022 29 91
0 15 0
0 15 0
7.90825142046022 29 91
0 15 0
0 15 0
1.3697925919982 23 16
14.7785251500002 47 157
0 15 0
0 15 0
0 15 0
0 15 0
6.88872387550492 38 89
0 15 0
11.9382052533557 43 127
8.18921584010201 35 65
0 15 0
0 15 0
7.66935737072928 37 111
0 15 0
7.90825142046022 29 91
0 15 0
3.72689037690929 31 65
0 15 0
0 15 0
23.7216214193846 58 220
5.46977811702908 34 68
19.8726943412333 51 205
0 15 0
0 15 0
0 15 0
0 15 0
7.90825142046022 29 91
12.2580568903756 40 144
7.90825142046022 29 91
2.49979422940313 25 21
3.46846071662538 30 61
0 15 0
0 15 0
0 15 0
0 15 0
16.0305468395495 42 169
0 15 0
14.0539869356141 45 156
0.549417434380533 20 10
1.4944500245335 24 36
0 15 0
0 15 0
2.02227281488907 26 37
0 15 0
6.45678319625585 36 102
0 15 0
3.25692686387582 29 58
1.4944500245335 24 36
0 15 0
0.182246050995146 17 1
0 15 0
0 15 0
0 15 0
0 15 0
0 15 0
7.90825142046022 29 91
0 15 0
1.92384007873489 25 45
21.1149481580071 45 74
2.49979422940313 25 21
7.90825142046022 29 91
1.4944500245335 24 36
4.91827482752782 28 78
0 15 0
0 15 0
0 15 0
0 15 0
0 15 0
10.1019082159534 38 121
0.287974490817591 18 3
0 15 0
0.71654221804856 21 15
4.47481397638879 31 57
0 15 0
0 15 0
9.60944419616399 35 106
4.91827482752782 28 78
0 15 0
17.7288778466036 44 170
0 15 0
0 15 0
0 15 0
0 15 0
7.90825142046022 29 91
0 15 0
0 15 0
7.90825142046022 29 91
7.90825142046022 29 91
0 15 0
0 15 0
0 15 0
0 15 0
0 15 0
0 15 0
1.92384007873489 25 45
7.90825142046022 29 91
0 15 0
0 15 0
0 15 0
7.90825142046022 29 91
7.90825142046022 29 91
7.90825142046022 29 91
0 15 0
9.02835174680567 32 94
0 15 0
0 15 0
2.52374587665876 26 55
0 15 0
1.4944500245335 24 36
2.25162079964074 27 39
0 15 0
14.3417283320543 42 127
8.36838442275693 38 123
0 15 0
0 15 0
0 15 0
0 15 0
6.32801376771746 35 91
0.919334315136428 22 21
4.91827482752782 28 78
3.42227259571947 27 66
0 15 0
7.32445212343181 32 35
18.7948003467379 50 191
0 15 0
0 15 0
0.549417434380533 20 10
3.72689037690929 31 65
0 15 0
2.52374587665876 26 55
0 15 0
0 15 0
0 15 0
5.30992016290523 33 73
0 15 0
0 15 0
0 15 0
7.90825142046022 29 91
2.52374587665876 26 55
0 15 0
0 15 0
7.90825142046022 29 91
0 15 0
3.42227259571947 27 66
3.42227259571947 27 66
7.90825142046022 29 91
7.90825142046022 29 91
0 15 0
6.32801376771746 35 91
0 15 0
0 15 0
0.182246050995146 17 1
0 15 0
0 15 0
0 15 0
0 15 0
0 15 0
1.92384007873489 25 45
0 15 0
0 15 0
0 15 0
0 15 0
0 15 0
0 15 0
0 15 0
0 15 0
0 15 0
7.90825142046022 29 91
4.91827482752782 28 78
0 15 0
0 15 0
19.8016580106458 51 199
13.7554931425401 44 101
9.02835174680567 32 94
11.4607166594927 39 120
0 15 0
7.90825142046022 29 91
0 15 0
0 15 0
0 15 0
1.37507432919074 21 7
4.91827482752782 28 78
3.42227259571947 27 66
0 15 0
0 15 0
4.66236296740031 28 36
0 15 0
0 15 0
0 15 0
5.11429935965529 34 63
19.475515848176 52 157
3.42227259571947 27 66
14.7785251500002 47 157
0.549417434380533 20 10
7.90825142046022 29 91
7.90825142046022 29 91
2.52374587665876 26 55
0 15 0
0 15 0
0 15 0
0 15 0
1.17149385820011 23 28
30.538067484522 65 248
0 15 0
17.7288778466036 44 170
7.90825142046022 29 91
0.549417434380533 20 10
0 15 0
7.90825142046022 29 91
0 15 0
0 15 0
0 15 0
0 15 0
19.375087213986 50 197
0 15 0
0 15 0
0 15 0
0.71654221804856 21 15
0 15 0
0 15 0
0 15 0
0 15 0
2.52374587665876 26 55
1.17149385820011 23 28
0.919334315136428 22 21
0 15 0
0 15 0
0.919334315136428 22 21
1.17149385820011 23 28
4.47481397638879 31 57
1.83620702710513 25 24
0 15 0
0 15 0
0 15 0
4.91827482752782 28 78
0 15 0
0 15 0
7.90825142046022 29 91
14.2048185523632 48 169
11.9164632582476 40 146
0 15 0
7.90825142046022 29 91
0 15 0
0 15 0
0 15 0
4.91827482752782 28 78
5.238859226883 34 87
3.10200394370801 27 31
4.91827482752782 28 78
0 15 0
0 15 0
7.90825142046022 29 91
2.31617087517849 26 27
7.66935737072928 37 111
0 15 0
0.287974490817591 18 3
0.408736036796204 19 6
0 15 0
7.90825142046022 29 91
0 15 0
0.182246050995146 17 1
0 15 0
0 15 0
2.52374587665876 26 55
15.3267129833206 47 164
0 15 0
7.90825142046022 29 91
17.2523226714279 48 139
19.8726943412333 51 205
2.52374587665876 26 55
7.90825142046022 29 91
0.549417434380533 20 10
0 15 0
0 15 0
0 15 0
4.91827482752782 28 78
0 15 0
8.38373130299138 36 70
0.919334315136428 22 21
0 15 0
0 15 0
0.549417434380533 20 10
43.8836295042312 76 285
0.287974490817591 18 3
0 15 0
7.90825142046022 29 91
0 15 0
0 15 0
7.39934090014499 34 81
0 15 0
0 15 0
0 15 0
16.4157331539752 49 178
7.90825142046022 29 91
0 15 0
0 15 0
0 15 0
0 15 0
1.66825231295557 20 4
0 15 0
7.90825142046022 29 91
0 15 0
0 15 0
11.9164632582476 40 146
2.52374587665876 26 55
0 15 0
0 15 0
0 15 0
0 15 0
0 15 0
0 15 0
1.17149385820011 23 28
13.2794095093792 41 157
3.63458676254236 31 60
0 15 0
0 15 0
5.79446607712222 31 81
0 15 0
16.0305468395495 42 169
5.49018611188391 30 49
0 15 0
0 15 0
11.1019242197795 39 136
0 15 0
7.90825142046022 29 91
3.42227259571947 27 66
2.52374587665876 26 55
0 15 0
16.0305468395495 42 169
1.4944500245335 24 36
3.42227259571947 27 66
4.05766931439065 31 47
0 15 0
4.91827482752782 28 78
0 15 0
0 15 0
7.90825142046022 29 91
0 15 0
0 15 0
7.90825142046022 29 91
3.42227259571947 27 66
6.17309084754965 33 88
4.91827482752782 28 78
19.8726943412333 51 205
0 15 0
0 15 0
0 15 0
0 15 0
7.90825142046022 29 91
6.32801376771746 35 91
3.42227259571947 27 66
14.6595473917882 38 101
0 15 0
0 15 0
7.90825142046022 29 91
11.9164632582476 40 146
28.3653150686729 61 256
0 15 0
0 15 0
0 15 0
0 15 0
0 15 0
2.52374587665876 26 55
0 15 0
0 15 0
0 15 0
5.49018611188391 30 49
2.52374587665876 26 55
4.91827482752782 28 78
7.90825142046022 29 91
0 15 0
8.36838442275693 38 123
0 15 0
0 15 0
0 15 0
0 15 0
0 15 0
7.90825142046022 29 91
0 15 0
0 15 0
1.92384007873489 25 45
4.91827482752782 28 78
7.90825142046022 29 91
4.91827482752782 28 78
21.8443632486531 53 224
0 15 0
7.90825142046022 29 91
0 15 0
4.91827482752782 28 78
4.91827482752782 28 78
1.17149385820011 23 28
13.8978498311106 40 110
2.65389508861685 28 48
0 15 0
0 15 0
2.52374587665876 26 55
0 15 0
0 15 0
1.92384007873489 25 45
9.99304966422616 43 123
0 15 0
0 15 0
12.2580568903756 40 144
9.85723095544286 36 112
0.287974490817591 18 3
0 15 0
0 15 0
7.39934090014499 34 81
2.52374587665876 26 55
0 15 0
7.90825142046022 29 91
7.90825142046022 29 91
1.17149385820011 23 28
0 15 0
7.90825142046022 29 91
7.90825142046022 29 91
5.49018611188391 30 49
4.91827482752782 28 78
0 15 0
0 15 0
0 15 0
0 15 0
7.90825142046022 29 91
4.91827482752782 28 78
0 15 0
7.90825142046022 29 91
0 15 0
0 15 0
4.91827482752782 28 78
7.90825142046022 29 91
0 15 0
0 15 0
0 15 0
0 15 0
1.98758105024406 26 31
0 15 0
0 15 0
7.90825142046022 29 91
0 15 0
0 15 0
0 15 0
4.91827482752782 28 78
9.39767530311618 34 101
0 15 0
4.60933463321992 32 76
5.72827583406687 35 94
10.1019082159534 38 121
11.9164632582476 40 146
0 15 0
7.90825142046022 29 91
0 15 0
0 15 0
0 15 0
14.3524988468898 45 148
1.17149385820011 23 28
0 15 0
7.90825142046022 29 91
1.92384007873489 25 45
0 15 0
1.66825231295557 20 4
0 15 0
1.4944500245335 24 36
0 15 0
4.91827482752782 28 78
0 15 0
4.91827482752782 28 78
0 15 0
10.5568112047324 38 127
0 15 0
0 15 0
0 15 0
0 15 0
0.408736036796204 19 6
13.9637724535719 43 147
0 15 0
0 15 0
0 15 0
0 15 0
0 15 0
2.3964269481944 22 9
0 15 0
0 15 0
0 15 0
0 15 0
14.9851250725756 44 160
0 15 0
0 15 0
4.91827482752782 28 78
12.8152060370141 44 128
9.66037571573875 39 133
0 15 0
1.17149385820011 23 28
15.3267129833206 47 164
0.182246050995146 17 1
0 15 0
14.7455954574509 43 158
3.42227259571947 27 66
4.91827482752782 28 78
0 15 0
0 15 0
15.3851652739183 46 124
0 15 0
2.52374587665876 26 55
2.52374587665876 26 55
7.90825142046022 29 91
3.13025959854872 24 16
1.92384007873489 25 45
0 15 0
0 15 0
0 15 0
0 15 0
0.182246050995146 17 1
0 15 0
7.90825142046022 29 91
21.8443632486531 53 224
16.0305468395495 42 169
0 15 0
0 15 0
4.91827482752782 28 78
0 15 0
0 15 0
16.5930801922944 49 182
21.8443632486531 53 224
0 15 0
2.52374587665876 26 55
0 15 0
0 15 0
0 15 0
1.92855643850568 23 13
0 15 0
7.90825142046022 29 91
0 15 0
5.49018611188391 30 49
0 15 0
0.287974490817591 18 3
9.66037571573875 39 133
0.182246050995146 17 1
37.50831606576 72 305
25.6990624781744 60 242
11.1896831499535 42 115
0 15 0
0 15 0
4.91827482752782 28 78
0 15 0
7.90825142046022 29 91
0 15 0
0 15 0
0 15 0
19.8016580106458 51 199
16.0305468395495 42 169
0 15 0
0 15 0
30.3228911045459 65 240
16.0305468395495 42 169
16.5925098999235 49 185
0 15 0
0 15 0
1.92384007873489 25 45
0 15 0
8.59041727347294 36 100
16.0305468395495 42 169
7.90825142046022 29 91
0 15 0
0 15 0
0 15 0
21.2903503707789 53 164
0 15 0
16.0305468395495 42 169
0 15 0
0 15 0
0 15 0
0 15 0
0 15 0
0 15 0
24.0477634068824 57 202
7.90825142046022 29 91
0 15 0
4.91827482752782 28 78
0 15 0
4.91827482752782 28 78
0 15 0
3.42227259571947 27 66
0.182246050995146 17 1
0 15 0
0 15 0
0 15 0
0 15 0
8.59041727347294 36 100
7.90825142046022 29 91
11.1019242197795 39 136
7.90825142046022 29 91
10.5193564602323 42 115
0 15 0
0 15 0
4.91827482752782 28 78
1.92855643850568 23 13
0 15 0
0 15 0
19.8726943412333 51 205
0 15 0
0 15 0
0 15 0
0 15 0
0 15 0
0 15 0
0 15 0
16.0305468395495 42 169
0 15 0
14.7403058253079 46 159
2.89716389509054 29 51
0 15 0
0 15 0
10.2634327454701 40 96
0 15 0
7.90825142046022 29 91
0 15 0
0 15 0
0.549417434380533 20 10
13.0596503346133 45 142
7.59381068432034 37 114
0 15 0
0 15 0
0 15 0
0 15 0
0 15 0
1.4944500245335 24 36
3.42227259571947 27 66
0 15 0
0.182246050995146 17 1
0 15 0
0 15 0
17.9784536100365 45 172
0.182246050995146 17 1
3.88129953830472 26 25
13.2794095093792 41 157
20.6093553890321 52 214
0 15 0
3.42227259571947 27 66
1.4944500245335 24 36
0.287974490817591 18 3
7.90825142046022 29 91
0.182246050995146 17 1
0 15 0
5.1983443778313 34 83
0 15 0
7.90825142046022 29 91
8.84939957625253 31 92
0 15 0
8.84939957625253 31 92
0 15 0
20.6093553890321 52 214
0 15 0
0 15 0
11.9164632582476 40 146
16.0305468395495 42 169
0 15 0
4.91827482752782 28 78
0 15 0
4.91827482752782 28 78
0 15 0
10.1618299745717 37 119
0 15 0
0 15 0
7.90825142046022 29 91
8.36838442275693 38 123
0 15 0
0 15 0
0 15 0
13.2794095093792 41 157
0.71654221804856 21 15
16.098845658895 41 110
0 15 0
2.49979422940313 25 21
0.408736036796204 19 6
0 15 0
25.4034936266498 60 235
7.90825142046022 29 91
0 15 0
7.90825142046022 29 91
12.556260683661 41 104
0 15 0
1.17149385820011 23 28
0 15 0
0 15 0
0 15 0
0 15 0
2.65389508861685 28 48
0 15 0
8.74460033243625 37 72
0 15 0
0 15 0
5.49018611188391 30 49
0 15 0
0 15 0
3.66869823785255 28 28
0 15 0
0 15 0
4.06040590227517 32 70
4.91827482752782 28 78
6.35879241926934 37 82
21.8443632486531 53 224
1.98758105024406 26 31
0 15 0
1.4944500245335 24 36
2.02227281488907 26 37
9.02835174680567 32 94
0 15 0
13.4209030500576 44 142
1.92384007873489 25 45
0 15 0
7.90825142046022 29 91
0 15 0
0 15 0
24.3608026452149 54 235
0 15 0
0 15 0
0.287974490817591 18 3
0 15 0
6.88872387550492 38 89
14.2048185523632 48 169
3.42227259571947 27 66
1.4944500245335 24 36
0.182246050995146 17 1
0.919334315136428 22 21
0 15 0
33.1086450217884 64 231
7.90825142046022 29 91
11.9164632582476 40 146
7.90825142046022 29 91
0 15 0
0 15 0
4.91827482752782 28 78
0 15 0
0 15 0
0 15 0
3.42227259571947 27 66
0 15 0
7.39934090014499 34 81
0 15 0
0 15 0
0 15 0
0 15 0
20.6093553890321 52 214
0 15 0
0 15 0
0 15 0
0 15 0
0 15 0
0 15 0
1.4944500245335 24 36
7.90825142046022 29 91
0 15 0
0 15 0
0.287974490817591 18 3
21.2903503707789 53 164
12.4477583037309 46 154
1.92384007873489 25 45
0 15 0
0 15 0
0 15 0
0 15 0
8.36838442275693 38 123
0 15 0
0.287974490817591 18 3
4.47481397638879 31 57
20.8230106296494 52 212
0 15 0
0 15 0
0 15 0
0 15 0
0 15 0
7.90825142046022 29 91
7.90825142046022 29 91
7.90825142046022 29 91
1.4944500245335 24 36
8.84939957625253 31 92
0 15 0
0 15 0
0 15 0
9.66037571573875 39 133
18.7948003467379 50 191
7.90825142046022 29 91
0 15 0
7.90825142046022 29 91
0 15 0
4.91827482752782 28 78
0 15 0
9.66037571573875 39 133
0 15 0
0 15 0
7.90825142046022 29 91
0 15 0
27.5408526509139 61 244
0 15 0
0.549417434380533 20 10
0 15 0
0 15 0
0 15 0
7.90825142046022 29 91
3.42227259571947 27 66
7.90825142046022 29 91
0 15 0
0 15 0
0 15 0
0 15 0
2.3964269481944 22 9
4.91827482752782 28 78
0 15 0
0 15 0
2.52374587665876 26 55
7.90825142046022 29 91
0 15 0
0 15 0
2.52374587665876 26 55
0 15 0
0 15 0
0 15 0
0 15 0
4.91827482752782 28 78
7.90825142046022 29 91
12.6977027502738 38 107
0 15 0
1.92384007873489 25 45
0 15 0
0 15 0
0 15 0
0 15 0
32.8917929083837 65 290
0 15 0
0 15 0
0.549417434380533 20 10
16.0305468395495 42 169
2.3964269481944 22 9
7.90825142046022 29 91
2.93545886369027 29 46
0 15 0
0 15 0
0 15 0
0 15 0
3.42227259571947 27 66
2.52374587665876 26 55
0.549417434380533 20 10
0 15 0
4.91827482752782 28 78
0.919334315136428 22 21
0 15 0
0 15 0
4.02449304375483 29 67
7.90825142046022 29 91
0 15 0
0 15 0
7.90825142046022 29 91
16.9802453044437 48 166
7.90825142046022 29 91
0 15 0
0 15 0
0 15 0
0 15 0
0 15 0
10.4361681860275 40 106
7.90825142046022 29 91
0 15 0
0 15 0
16.0305468395495 42 169
7.90825142046022 29 91
0 15 0
0 15 0
1.4944500245335 24 36
19.8016580106458 51 199
9.66037571573875 39 133
0.71654221804856 21 15
3.42227259571947 27 66
1.17149385820011 23 28
3.20876762280955 30 55
24.3608026452149 54 235
5.79446607712222 31 81
0.71654221804856 21 15
0 15 0
0 15 0
0 15 0
0 15 0
7.90825142046022 29 91
0 15 0
0 15 0
2.52374587665876 26 55
7.18057456590047 36 70
2.52374587665876 26 55
3.88129953830472 26 25
0 15 0
4.91827482752782 28 78
4.91827482752782 28 78
14.8496804486202 45 136
1.92384007873489 25 45
0 15 0
7.90825142046022 29 91
3.42227259571947 27 66
0.408736036796204 19 6
7.90825142046022 29 91
6.45678319625585 36 102
7.90825142046022 29 91
0 15 0
0 15 0
0 15 0
13.2794095093792 41 157
7.90825142046022 29 91
0 15 0
0 15 0
4.91827482752782 28 78
14.8496804486202 45 136
7.90825142046022 29 91
0 15 0
2.93545886369027 29 46
0 15 0
0 15 0
0 15 0
0 15 0
0 15 0
7.90825142046022 29 91
4.91827482752782 28 78
0.182246050995146 17 1
0 15 0
7.90825142046022 29 91
0 15 0
0 15 0
1.4944500245335 24 36
0 15 0
0 15 0
7.90825142046022 29 91
0 15 0
1.17149385820011 23 28
4.91827482752782 28 78
0 15 0
0 15 0
4.91827482752782 28 78
0 15 0
7.90825142046022 29 91
0.408736036796204 19 6
0 15 0
0 15 0
0 15 0
7.90825142046022 29 91
16.0305468395495 42 169
0 15 0
1.92384007873489 25 45
0 15 0
0 15 0
0 15 0
7.39934090014499 34 81
7.90825142046022 29 91
0 15 0
7.90825142046022 29 91
1.92384007873489 25 45
10.5568112047324 38 127
4.91827482752782 28 78
0 15 0
21.1234420360604 52 143
0.287974490817591 18 3
6.38931765844802 32 64
0 15 0
0 15 0
0 15 0
4.91827482752782 28 78
7.90825142046022 29 91
0 15 0
0 15 0
24.0477634068824 57 202
7.90825142046022 29 91
0 15 0
0.408736036796204 19 6
0 15 0
4.91827482752782 28 78
0 15 0
9.66037571573875 39 133
0 15 0
0.549417434380533 20 10
1.92384007873489 25 45
0 15 0
0 15 0
0 15 0
0 15 0
0.919334315136428 22 21
0.919334315136428 22 21
0 15 0
7.90825142046022 29 91
10.1618299745717 37 119
0 15 0
0 15 0
0 15 0
0 15 0
0.549417434380533 20 10
0 15 0
30.487637605512 64 249
0 15 0
16.0305468395495 42 169
7.90825142046022 29 91
0 15 0
0 15 0
0 15 0
4.19604405132237 30 69
0 15 0
43.2880206402885 77 321
0 15 0
0 15 0
0 15 0
7.90825142046022 29 91
0 15 0
0 15 0
0 15 0
3.42227259571947 27 66
1.4944500245335 24 36
0 15 0
0 15 0
0 15 0
0 15 0
0 15 0
0 15 0
0 15 0
0 15 0
0.182246050995146 17 1
0.71654221804856 21 15
0 15 0
4.91827482752782 28 78
0 15 0
0 15 0
0 15 0
0 15 0
3.42227259571947 27 66
4.88348949424773 33 81
0 15 0
11.9164632582476 40 146
0.71654221804856 21 15
0.549417434380533 20 10
0.182246050995146 17 1
14.3524988468898 45 148
0 15 0
0 15 0
0 15 0
0 15 0
0 15 0
7.90825142046022 29 91
0 15 0
0 15 0
4.91827482752782 28 78
12.8152060370141 44 128
0 15 0
0 15 0
0 15 0
0 15 0
0 15 0
6.17309084754965 33 88
17.5980778625793 49 142
19.0248577757038 53 184
0 15 0
0 15 0
2.52374587665876 26 55
0 15 0
1.92384007873489 25 45
0 15 0
4.91827482752782 28 78
0 15 0
3.88129953830472 26 25
0 15 0
7.90825142046022 29 91
6.40813545458953 34 93
9.99304966422616 43 123
7.90825142046022 29 91
0 15 0
0.71654221804856 21 15
0 15 0
4.91827482752782 28 78
0 15 0
0 15 0
0 15 0
0 15 0
0 15 0
7.90825142046022 29 91
0 15 0
0 15 0
7.90825142046022 29 91
10.1618299745717 37 119
3.42227259571947 27 66
7.90825142046022 29 91
7.90825142046022 29 91
0 15 0
0 15 0
0 15 0
0 15 0
20.6093553890321 52 214
9.42276117470488 40 102
11.0969530479924 34 95
0 15 0
0 15 0
0.71654221804856 21 15
7.90825142046022 29 91
0 15 0
16.9690034156171 49 126
7.90825142046022 29 91
30.6049105079249 64 280
4.91827482752782 28 78
7.90825142046022 29 91
7.90825142046022 29 91
0 15 0
0 15 0
7.90825142046022 29 91
11.1019242197795 39 136
30.6049105079249 64 280
7.90825142046022 29 91
0 15 0
0 15 0
1.92384007873489 25 45
0 15 0
0 15 0
0 15 0
7.90825142046022 29 91
0 15 0
28.5622052699176 62 257
7.90825142046022 29 91
7.39934090014499 34 81
0 15 0
0 15 0
0 15 0
0 15 0
0.408736036796204 19 6
4.91827482752782 28 78
0 15 0
7.90825142046022 29 91
0 15 0
0.182246050995146 17 1
0 15 0
19.2789434779227 53 170
3.63458676254236 31 60
0 15 0
3.42227259571947 27 66
7.90825142046022 29 91
3.10200394370801 27 31
0 15 0
0 15 0
0.287974490817591 18 3
0 15 0
0 15 0
4.91827482752782 28 78
0 15 0
0 15 0
0 15 0
0 15 0
0 15 0
0 15 0
0 15 0
0 15 0
0 15 0
7.90825142046022 29 91
4.91827482752782 28 78
0 15 0
12.2580568903756 40 144
7.90825142046022 29 91
0 15 0
0.182246050995146 17 1
0 15 0
0 15 0
0 15 0
0 15 0
11.5517467081853 39 115
1.92384007873489 25 45
13.2794095093792 41 157
16.5930801922944 49 182
0 15 0
0 15 0
0 15 0
0 15 0
7.90825142046022 29 91
12.2580568903756 40 144
0.71654221804856 21 15
0 15 0
6.38931765844802 32 64
0 15 0
0 15 0
0 15 0
0 15 0
0 15 0
1.92384007873489 25 45
0 15 0
10.1019082159534 38 121
0 15 0
0 15 0
0 15 0
7.90825142046022 29 91
0 15 0
16.1170281769468 48 178
0 15 0
13.2794095093792 41 157
0 15 0
