"COLLES.MDM.LN" "SACKIN" "COPHENETIC"
8.84939957625253 31 92
1.3697925919982 23 16
1.50489266281286 24 22
0 15 0
0.392529955989546 19 2
2.45225967138132 27 46
4.68790730158595 33 60
2.49577892041912 26 16
0 15 0
0.524592757880061 20 4
11.4607166594927 39 120
0.408736036796204 19 6
0 15 0
0.287974490817591 18 3
2.71538401856915 32 33
0.287974490817591 18 3
2.17746605075305 27 22
16.460333375427 44 128
0.182246050995146 17 1
0.549417434380533 20 10
6.57556249844609 33 82
0.182246050995146 17 1
8.43194270674091 36 66
0.182246050995146 17 1
0 15 0
0.182246050995146 17 1
0.182246050995146 17 1
8.84939957625253 31 92
1.7267405080531 25 20
0.287974490817591 18 3
0.549417434380533 20 10
2.02227281488907 26 37
1.91358353544904 22 5
0.182246050995146 17 1
1.83620702710513 25 24
1.74878685456974 25 17
0 15 0
7.05716558426661 32 80
0.182246050995146 17 1
0 15 0
6.15919098983719 29 20
0 15 0
0.182246050995146 17 1
2.18299987811313 26 17
5.79446607712222 31 81
0 15 0
0 15 0
4.95330620017367 31 59
0 15 0
0.524592757880061 20 4
0 15 0
1.92384007873489 25 45
0.864850082218313 22 9
1.83620702710513 25 24
0.408736036796204 19 6
0 15 0
0.182246050995146 17 1
0.864850082218313 22 9
1.08747335097939 23 13
0 15 0
1.70334222564757 25 29
4.19604405132237 30 69
0.71654221804856 21 15
1.3697925919982 23 16
0.287974490817591 18 3
0.392529955989546 19 2
0 15 0
0.182246050995146 17 1
1.92384007873489 25 45
0.524592757880061 20 4
1.37507432919074 21 7
0 15 0
0.71654221804856 21 15
11.1019242197795 39 136
0.182246050995146 17 1
2.63656848593414 30 43
1.25484768439868 27 9
1.8822995713847 25 14
0.408736036796204 19 6
5.08365459093719 31 28
0 15 0
0.392529955989546 19 2
13.7616853574481 47 128
0.408736036796204 19 6
0.524592757880061 20 4
0.182246050995146 17 1
0.6778433777715 21 7
1.93298979134903 26 16
0.182246050995146 17 1
0.637861178483013 21 3
0.6778433777715 21 7
2.87589790279411 29 26
2.02227281488907 26 37
0 15 0
0.287974490817591 18 3
0 15 0
0 15 0
0.524592757880061 20 4
0.182246050995146 17 1
1.66825231295557 20 4
7.90825142046022 29 91
1.31570455625451 22 11
0 15 0
1.3697925919982 23 16
2.97069569218682 30 28
0.6778433777715 21 7
2.49577892041912 26 16
0.71654221804856 21 15
0.392529955989546 19 2
0.71654221804856 21 15
0.864850082218313 22 9
0.182246050995146 17 1
0.392529955989546 19 2
2.2035204347595 24 6
1.74878685456974 25 17
0.408736036796204 19 6
0.680666978296124 21 6
0 15 0
0.549417434380533 20 10
0.182246050995146 17 1
0.859503649211791 22 11
0.804232528044798 22 5
1.07965187715752 23 16
0.408736036796204 19 6
0.6778433777715 21 7
3.39630177702328 29 47
2.2517676077285 25 14
0 15 0
1.66825231295557 20 4
2.25162079964074 27 39
0 15 0
0.408736036796204 19 6
0.287974490817591 18 3
2.07995488501082 23 7
0 15 0
0.182246050995146 17 1
0.549417434380533 20 10
0.392529955989546 19 2
1.00387814751894 23 7
2.19647354629705 26 27
5.28867421852365 31 68
2.52374587665876 26 55
0.182246050995146 17 1
0 15 0
0 15 0
7.18790590015509 37 95
0.549417434380533 20 10
0 15 0
0.182246050995146 17 1
0.524592757880061 20 4
0.287974490817591 18 3
0.182246050995146 17 1
8.10610063202168 37 87
0.182246050995146 17 1
1.31570455625451 22 11
3.42227259571947 27 66
1.07965187715752 23 16
0.392529955989546 19 2
0.637861178483013 21 3
0.182246050995146 17 1
0 15 0
0 15 0
0.182246050995146 17 1
1.36363632013928 24 18
5.95355269065781 34 47
0 15 0
0.287974490817591 18 3
0.182246050995146 17 1
0.287974490817591 18 3
5.94520237774695 32 70
3.85985775417836 28 36
1.92384007873489 25 45
0.392529955989546 19 2
0.182246050995146 17 1
0.524592757880061 20 4
0 15 0
0 15 0
0 15 0
5.62613209176432 30 79
0.6778433777715 21 7
4.91827482752782 28 78
0.71654221804856 21 15
1.24443839290169 24 10
0.524592757880061 20 4
5.18618993387405 34 67
0.182246050995146 17 1
0 15 0
1.8822995713847 25 14
0.182246050995146 17 1
0.392529955989546 19 2
0.182246050995146 17 1
0 15 0
3.07404150866148 28 56
1.00387814751894 23 7
0.182246050995146 17 1
0.408736036796204 19 6
3.06607122039527 29 34
0.392529955989546 19 2
8.43194270674091 36 66
1.98758105024406 26 31
0.524592757880061 20 4
2.56641388329335 27 21
3.48705005724482 29 46
1.08747335097939 23 13
0.182246050995146 17 1
0 15 0
0.182246050995146 17 1
0.859503649211791 22 11
0 15 0
0.182246050995146 17 1
0.182246050995146 17 1
0.287974490817591 18 3
1.31570455625451 22 11
0.71654221804856 21 15
0.182246050995146 17 1
4.28735679952285 27 13
0.864850082218313 22 9
1.66825231295557 20 4
4.47481397638879 31 57
0.182246050995146 17 1
5.86557156178756 32 42
0 15 0
0.182246050995146 17 1
0.287974490817591 18 3
0.919334315136428 22 21
0.182246050995146 17 1
2.73140397148567 28 38
0.182246050995146 17 1
0.182246050995146 17 1
0.524592757880061 20 4
0.408736036796204 19 6
2.3964269481944 22 9
0.287974490817591 18 3
1.70334222564757 25 29
0.287974490817591 18 3
1.66825231295557 20 4
5.8236232656395 27 19
0.182246050995146 17 1
2.82566093878346 27 9
16.1940591903846 42 109
0 15 0
0 15 0
10.5371660649664 40 96
0.392529955989546 19 2
0.524592757880061 20 4
0 15 0
1.07965187715752 23 16
1.31570455625451 22 11
0.287974490817591 18 3
5.13909164970766 33 73
4.04706916698476 30 39
0.182246050995146 17 1
5.62613209176432 30 79
0.524592757880061 20 4
1.3697925919982 23 16
0 15 0
4.83060055045236 32 46
0.392529955989546 19 2
0.182246050995146 17 1
0 15 0
0 15 0
0.182246050995146 17 1
0 15 0
0.182246050995146 17 1
0.287974490817591 18 3
0.392529955989546 19 2
0.182246050995146 17 1
0 15 0
0.6778433777715 21 7
0.287974490817591 18 3
0.182246050995146 17 1
0.408736036796204 19 6
2.62312384924592 28 32
0 15 0
9.82123069102633 33 93
0.182246050995146 17 1
0.71654221804856 21 15
0.182246050995146 17 1
0.182246050995146 17 1
0.392529955989546 19 2
0.182246050995146 17 1
0.524592757880061 20 4
0.919334315136428 22 21
0 15 0
0.71654221804856 21 15
0.392529955989546 19 2
0.182246050995146 17 1
0.71654221804856 21 15
0 15 0
0.182246050995146 17 1
0.864850082218313 22 9
0 15 0
0.182246050995146 17 1
4.02449304375483 29 67
0.287974490817591 18 3
0.287974490817591 18 3
0.392529955989546 19 2
1.63863336542487 24 12
0.182246050995146 17 1
1.36363632013928 24 18
0 15 0
1.8822995713847 25 14
0.392529955989546 19 2
2.3840205223544 27 30
1.35318169376999 24 22
0 15 0
3.07404150866148 28 56
0.182246050995146 17 1
0 15 0
0.182246050995146 17 1
0.804232528044798 22 5
0 15 0
0 15 0
4.83060055045236 32 46
0 15 0
4.04311817996242 31 48
0.408736036796204 19 6
0.408736036796204 19 6
0.392529955989546 19 2
0.182246050995146 17 1
1.71767379576028 25 29
0.182246050995146 17 1
3.27074821132783 27 13
1.07965187715752 23 16
0.182246050995146 17 1
0.549417434380533 20 10
0.182246050995146 17 1
0.71654221804856 21 15
0 15 0
0.392529955989546 19 2
1.00077218694185 23 8
4.37488874303725 32 49
0.182246050995146 17 1
0.804232528044798 22 5
2.65389508861685 28 48
0.864850082218313 22 9
0.182246050995146 17 1
0.182246050995146 17 1
0 15 0
0.182246050995146 17 1
0.182246050995146 17 1
15.5315523005888 42 108
2.92499583418253 33 28
0.182246050995146 17 1
0 15 0
0.408736036796204 19 6
1.92855643850568 23 13
0.859503649211791 22 11
0.182246050995146 17 1
0.182246050995146 17 1
0 15 0
0.182246050995146 17 1
1.92855270481034 26 17
0 15 0
0.408736036796204 19 6
0.524592757880061 20 4
0 15 0
0 15 0
3.07404150866148 28 56
2.27547756828914 27 30
0.392529955989546 19 2
2.24939559232418 26 11
0 15 0
0.408736036796204 19 6
0.182246050995146 17 1
0.549417434380533 20 10
1.95877973669905 26 23
0.182246050995146 17 1
1.00387814751894 23 7
6.3986284620813 35 79
0.524592757880061 20 4
0.549417434380533 20 10
0.182246050995146 17 1
0 15 0
5.24543588118934 33 58
1.71767379576028 25 29
3.78091802763219 25 14
1.92855643850568 23 13
1.37507432919074 21 7
0 15 0
0.182246050995146 17 1
0 15 0
0.680666978296124 21 6
0.637861178483013 21 3
0.182246050995146 17 1
1.9229336107209 26 19
2.84096371047263 27 39
0.182246050995146 17 1
0.182246050995146 17 1
0 15 0
0.524592757880061 20 4
0.182246050995146 17 1
0.6778433777715 21 7
4.29493828862699 30 33
1.36855302746754 24 16
0.408736036796204 19 6
7.24581001414327 33 82
0.524592757880061 20 4
1.17149385820011 23 28
0 15 0
0.637861178483013 21 3
0.392529955989546 19 2
0.392529955989546 19 2
2.81889703726828 27 46
2.02227281488907 26 37
0.408736036796204 19 6
7.05789432061392 37 70
0.182246050995146 17 1
8.81009130223287 39 112
0 15 0
1.4944500245335 24 36
1.17149385820011 23 28
0 15 0
2.41552260920851 25 8
1.71767379576028 25 29
0.182246050995146 17 1
1.50489266281286 24 22
0.182246050995146 17 1
0.680666978296124 21 6
0.392529955989546 19 2
2.84096371047263 27 39
11.0969530479924 34 95
0.804232528044798 22 5
2.52374587665876 26 55
0.637861178483013 21 3
0.182246050995146 17 1
1.66825231295557 20 4
0.287974490817591 18 3
0.182246050995146 17 1
4.28735679952285 27 13
0 15 0
0.182246050995146 17 1
1.35318169376999 24 22
0.408736036796204 19 6
0.182246050995146 17 1
0 15 0
0.549417434380533 20 10
0 15 0
2.25907579735615 26 23
0.524592757880061 20 4
0 15 0
0.287974490817591 18 3
0.392529955989546 19 2
0 15 0
0.182246050995146 17 1
0.524592757880061 20 4
0 15 0
0 15 0
2.45225967138132 27 46
0 15 0
6.33285974862429 36 68
1.95877973669905 26 23
0 15 0
1.31570455625451 22 11
1.07965187715752 23 16
0 15 0
0.182246050995146 17 1
1.17149385820011 23 28
7.30175987062175 38 80
0 15 0
0.182246050995146 17 1
0.182246050995146 17 1
0.182246050995146 17 1
0.408736036796204 19 6
1.7168110309795 25 24
1.91098546629885 26 23
0.182246050995146 17 1
0.182246050995146 17 1
1.17149385820011 23 28
0.182246050995146 17 1
0.549417434380533 20 10
0.182246050995146 17 1
1.66825231295557 20 4
1.00387814751894 23 7
1.00387814751894 23 7
0.392529955989546 19 2
7.28210413956913 37 80
8.55781204693521 33 46
1.17149385820011 23 28
0.287974490817591 18 3
0 15 0
2.45225967138132 27 46
0.549417434380533 20 10
1.66825231295557 20 4
0.287974490817591 18 3
2.8793825400865 27 22
5.22129745361508 35 65
0 15 0
0.408736036796204 19 6
2.67606671835914 24 10
0 15 0
1.35318169376999 24 22
0.864850082218313 22 9
0.392529955989546 19 2
0.182246050995146 17 1
0.182246050995146 17 1
5.62613209176432 30 79
3.55221690087391 26 19
0.859503649211791 22 11
3.07404150866148 28 56
0.182246050995146 17 1
0.859503649211791 22 11
0.524592757880061 20 4
0.919334315136428 22 21
0.408736036796204 19 6
4.67177141785477 31 68
1.37507432919074 21 7
0.182246050995146 17 1
0.182246050995146 17 1
2.18035548805886 26 19
0 15 0
2.63576825555646 28 28
0.392529955989546 19 2
2.2035204347595 24 6
3.78091802763219 25 14
0.182246050995146 17 1
1.66825231295557 20 4
1.66825231295557 20 4
0.392529955989546 19 2
0.182246050995146 17 1
0.287974490817591 18 3
1.00077218694185 23 8
1.17149385820011 23 28
0.287974490817591 18 3
3.42227259571947 27 66
0.919334315136428 22 21
0.182246050995146 17 1
0 15 0
0.182246050995146 17 1
0.524592757880061 20 4
3.25692686387582 29 58
2.45225967138132 27 46
0 15 0
0 15 0
0 15 0
0.408736036796204 19 6
0.859503649211791 22 11
0.392529955989546 19 2
1.95877973669905 26 23
0.287974490817591 18 3
0.182246050995146 17 1
0.408736036796204 19 6
0.287974490817591 18 3
3.88129953830472 26 25
0.287974490817591 18 3
0.392529955989546 19 2
0.71654221804856 21 15
1.50489266281286 24 22
4.93131776339624 32 54
1.37507432919074 21 7
0.287974490817591 18 3
0.182246050995146 17 1
0 15 0
2.99464613822193 27 13
0.182246050995146 17 1
0 15 0
0.408736036796204 19 6
0.182246050995146 17 1
0 15 0
2.27649454390788 24 10
0.6778433777715 21 7
0.549417434380533 20 10
0.287974490817591 18 3
1.35318169376999 24 22
0 15 0
0 15 0
0.182246050995146 17 1
0 15 0
4.88348949424773 33 81
5.13909164970766 33 73
0 15 0
8.4549734786955 40 82
8.26743819699046 36 46
0.6778433777715 21 7
0.182246050995146 17 1
0.182246050995146 17 1
3.55221690087391 26 19
0 15 0
1.66825231295557 20 4
1.50489266281286 24 22
0.919334315136428 22 21
0 15 0
0.408736036796204 19 6
1.31570455625451 22 11
0.408736036796204 19 6
2.80926130800974 26 19
3.94690766763767 28 20
2.52374587665876 26 55
0.408736036796204 19 6
1.92384007873489 25 45
0.392529955989546 19 2
0 15 0
0 15 0
0.408736036796204 19 6
4.38647703571717 31 72
3.76974613529108 30 25
0.287974490817591 18 3
0.637861178483013 21 3
1.70334222564757 25 29
0.182246050995146 17 1
1.31570455625451 22 11
0 15 0
0.182246050995146 17 1
0.182246050995146 17 1
0.524592757880061 20 4
5.62613209176432 30 79
0 15 0
0 15 0
0 15 0
0.182246050995146 17 1
1.36363632013928 24 18
1.50489266281286 24 22
0 15 0
0.287974490817591 18 3
2.3840205223544 27 30
0.392529955989546 19 2
4.80227064663585 26 17
2.84096371047263 27 39
7.90825142046022 29 91
0 15 0
0.524592757880061 20 4
2.2517676077285 26 19
1.83620702710513 25 24
2.3964269481944 22 9
0 15 0
0 15 0
0.182246050995146 17 1
0.392529955989546 19 2
0 15 0
1.35318169376999 24 22
7.08787983203424 35 87
0.549417434380533 20 10
1.66825231295557 20 4
7.5068364893966 38 103
0.182246050995146 17 1
0.182246050995146 17 1
0 15 0
1.37507432919074 21 7
0.549417434380533 20 10
3.07404150866148 28 56
0 15 0
0 15 0
0.408736036796204 19 6
0.182246050995146 17 1
0 15 0
1.07965187715752 23 16
0 15 0
0.549417434380533 20 10
0.524592757880061 20 4
0.182246050995146 17 1
1.08996276478988 23 12
0.71654221804856 21 15
0 15 0
0.182246050995146 17 1
0.804232528044798 22 5
0.392529955989546 19 2
1.92384007873489 25 45
0 15 0
0.524592757880061 20 4
0 15 0
0.182246050995146 17 1
0 15 0
0 15 0
1.54233810909332 25 14
7.82201127126131 37 74
1.35318169376999 24 22
2.43884164759675 27 22
0.6778433777715 21 7
4.82016106046616 32 62
0.287974490817591 18 3
6.49746861495444 34 45
0.859503649211791 22 11
0.392529955989546 19 2
0.182246050995146 17 1
0 15 0
0.804232528044798 22 5
0.392529955989546 19 2
1.70334222564757 25 29
4.82016106046616 32 62
0.182246050995146 17 1
2.68172346747477 28 27
3.60137133961091 30 49
0 15 0
1.63863336542487 24 12
1.07965187715752 23 16
0.182246050995146 17 1
2.02227281488907 26 37
0.392529955989546 19 2
2.85535666143107 27 34
0 15 0
0.182246050995146 17 1
0.287974490817591 18 3
0.549417434380533 20 10
0 15 0
0.637861178483013 21 3
2.45225967138132 27 46
0.408736036796204 19 6
1.50489266281286 24 22
1.65471409935548 23 8
0.859503649211791 22 11
0.287974490817591 18 3
0 15 0
4.66236296740031 28 36
0.182246050995146 17 1
7.71085614535047 36 86
0.71654221804856 21 15
0.524592757880061 20 4
0.287974490817591 18 3
3.75211038030115 29 43
1.65471409935548 23 8
0.680666978296124 21 6
2.3964269481944 22 9
0 15 0
1.36855302746754 24 16
13.2784245819265 42 147
0.182246050995146 17 1
4.19604405132237 30 69
0 15 0
0.6778433777715 21 7
2.63576825555646 28 28
0.182246050995146 17 1
0.287974490817591 18 3
0.6778433777715 21 7
0 15 0
0.919334315136428 22 21
1.4944500245335 24 36
0 15 0
9.25336723601605 37 94
3.97297661871026 31 44
0.182246050995146 17 1
0 15 0
0.182246050995146 17 1
0.71654221804856 21 15
0 15 0
0 15 0
0.182246050995146 17 1
1.91358353544904 22 5
1.08747335097939 23 13
0 15 0
6.81475528447032 34 84
0 15 0
0.919334315136428 22 21
1.91358353544904 22 5
0.392529955989546 19 2
1.66825231295557 20 4
0.637861178483013 21 3
0.182246050995146 17 1
0 15 0
0.524592757880061 20 4
0.182246050995146 17 1
1.07965187715752 23 16
1.71767379576028 25 29
4.47481397638879 31 57
0.524592757880061 20 4
0 15 0
0 15 0
0.182246050995146 17 1
1.54233810909332 25 14
2.67606671835914 24 10
2.52374587665876 26 55
0.182246050995146 17 1
4.63501799506408 31 26
0.287974490817591 18 3
0.182246050995146 17 1
0.408736036796204 19 6
0.182246050995146 17 1
0.524592757880061 20 4
0.408736036796204 19 6
2.63745316945479 28 20
0.637861178483013 21 3
0.287974490817591 18 3
1.37507432919074 21 7
3.78391837682588 29 32
0.182246050995146 17 1
9.66037571573875 39 133
3.75211038030115 29 43
1.91358353544904 22 5
2.31617087517849 26 27
0.182246050995146 17 1
0 15 0
2.52374587665876 26 55
1.66825231295557 20 4
2.43884164759675 27 22
0.287974490817591 18 3
0.182246050995146 17 1
2.02227281488907 26 37
0 15 0
4.95330620017367 31 59
1.08996276478988 23 12
3.11627258321603 26 15
1.37507432919074 21 7
0.804232528044798 22 5
1.66825231295557 20 4
4.68278045429315 31 51
0 15 0
0.6778433777715 21 7
6.06679890493067 33 49
0 15 0
0.804232528044798 22 5
0 15 0
0 15 0
0 15 0
0 15 0
2.76822608005058 28 18
4.19604405132237 30 69
0.71654221804856 21 15
0.524592757880061 20 4
0.287974490817591 18 3
0.182246050995146 17 1
5.1139709769999 32 35
0 15 0
0 15 0
0.392529955989546 19 2
2.67118531067165 26 11
0.287974490817591 18 3
1.92855643850568 23 13
6.57556249844609 33 82
0.182246050995146 17 1
2.24939559232418 26 11
8.84939957625253 31 92
0.392529955989546 19 2
0 15 0
0.182246050995146 17 1
1.92384007873489 25 45
3.60469878039164 30 21
0.549417434380533 20 10
2.07995488501082 23 7
0 15 0
0.182246050995146 17 1
0.182246050995146 17 1
5.33426700708329 34 53
1.3697925919982 23 16
0 15 0
0.182246050995146 17 1
0.182246050995146 17 1
0.637861178483013 21 3
0 15 0
3.90761966927817 36 56
0 15 0
0.680666978296124 21 6
2.89716389509054 29 51
0 15 0
1.66825231295557 20 4
0.287974490817591 18 3
0.182246050995146 17 1
0.864850082218313 22 9
0.408736036796204 19 6
0.864850082218313 22 9
2.02227281488907 26 37
0.524592757880061 20 4
1.65471409935548 23 8
0.549417434380533 20 10
0.392529955989546 19 2
2.3964269481944 22 9
0.287974490817591 18 3
0 15 0
0.287974490817591 18 3
0 15 0
2.67606671835914 24 10
0.182246050995146 17 1
5.238859226883 34 87
0.182246050995146 17 1
0.408736036796204 19 6
0.287974490817591 18 3
0 15 0
0 15 0
0 15 0
0 15 0
0.287974490817591 18 3
2.45225967138132 27 46
0.919334315136428 22 21
0 15 0
0 15 0
0 15 0
1.37507432919074 21 7
0.524592757880061 20 4
0 15 0
0.287974490817591 18 3
0 15 0
0.182246050995146 17 1
0 15 0
0 15 0
0.182246050995146 17 1
0.182246050995146 17 1
2.45225967138132 27 46
0.182246050995146 17 1
1.7189237812559 26 11
0.182246050995146 17 1
1.63863336542487 24 12
2.879450972014 28 38
1.91358353544904 22 5
3.65974287932042 28 32
0.919334315136428 22 21
0 15 0
0.408736036796204 19 6
3.06607122039527 29 34
0 15 0
0.182246050995146 17 1
0.524592757880061 20 4
0 15 0
1.00077218694185 23 8
0.182246050995146 17 1
0.392529955989546 19 2
0.859503649211791 22 11
0.182246050995146 17 1
0.182246050995146 17 1
0 15 0
0.408736036796204 19 6
1.4944500245335 24 36
0.524592757880061 20 4
0.408736036796204 19 6
0.549417434380533 20 10
0.919334315136428 22 21
0.804232528044798 22 5
1.07965187715752 23 16
4.86616661293309 33 61
2.52374587665876 26 55
1.92855643850568 23 13
0.392529955989546 19 2
3.92030192885242 31 59
0.549417434380533 20 10
0 15 0
0.182246050995146 17 1
2.93545886369027 29 46
0.287974490817591 18 3
4.26029380087626 28 26
0.182246050995146 17 1
0.804232528044798 22 5
0.919334315136428 22 21
0.287974490817591 18 3
0.392529955989546 19 2
0 15 0
0 15 0
0.287974490817591 18 3
0.182246050995146 17 1
0 15 0
0.408736036796204 19 6
0.182246050995146 17 1
1.00387814751894 23 7
2.96758961735093 29 31
2.87571233783328 25 12
1.72432208886286 25 21
2.45225967138132 27 46
0.6778433777715 21 7
0.287974490817591 18 3
0.392529955989546 19 2
11.901038437838 36 100
0 15 0
0.6778433777715 21 7
0.287974490817591 18 3
0.182246050995146 17 1
4.2062431277646 29 58
0.6778433777715 21 7
0 15 0
0.287974490817591 18 3
0 15 0
0.182246050995146 17 1
0.182246050995146 17 1
0.182246050995146 17 1
0.392529955989546 19 2
0.524592757880061 20 4
0.392529955989546 19 2
0 15 0
0 15 0
1.8822995713847 25 14
0.182246050995146 17 1
0.182246050995146 17 1
0.182246050995146 17 1
1.92384007873489 25 45
0 15 0
8.84939957625253 31 92
0.6778433777715 21 7
11.3473973643271 44 95
0.6778433777715 21 7
0.637861178483013 21 3
0.549417434380533 20 10
3.95958004460796 31 41
0.392529955989546 19 2
0.524592757880061 20 4
0.408736036796204 19 6
0.804232528044798 22 5
1.66825231295557 20 4
0.392529955989546 19 2
0.182246050995146 17 1
0.680666978296124 21 6
5.30992016290523 33 73
0.680666978296124 21 6
0.287974490817591 18 3
0 15 0
0.182246050995146 17 1
1.07965187715752 23 16
1.37507432919074 21 7
0.408736036796204 19 6
0.287974490817591 18 3
0 15 0
0.182246050995146 17 1
0.182246050995146 17 1
0.182246050995146 17 1
0.182246050995146 17 1
1.17149385820011 23 28
1.07965187715752 23 16
0.287974490817591 18 3
0 15 0
3.42227259571947 27 66
1.24443839290169 24 10
1.37507432919074 21 7
0.804232528044798 22 5
0.182246050995146 17 1
0.408736036796204 19 6
0.549417434380533 20 10
4.88348949424773 33 81
0.392529955989546 19 2
6.40116360717502 35 74
2.3964269481944 22 9
0.71654221804856 21 15
0.182246050995146 17 1
0 15 0
0.182246050995146 17 1
0.549417434380533 20 10
2.67118531067165 27 18
3.42227259571947 27 66
6.50460589915042 31 39
0 15 0
0.182246050995146 17 1
0.6778433777715 21 7
1.31570455625451 22 11
0.182246050995146 17 1
0 15 0
0.182246050995146 17 1
0.182246050995146 17 1
0.524592757880061 20 4
0 15 0
0 15 0
4.91827482752782 28 78
0.524592757880061 20 4
2.03332413218864 26 13
0 15 0
0.287974490817591 18 3
0.392529955989546 19 2
6.57513923735821 33 46
0 15 0
0.182246050995146 17 1
0.392529955989546 19 2
0.287974490817591 18 3
0.6778433777715 21 7
0.182246050995146 17 1
1.37507432919074 21 7
7.57536720653962 34 55
0.549417434380533 20 10
10.6488337926134 42 67
0.182246050995146 17 1
1.31570455625451 22 11
0 15 0
2.52374587665876 26 55
0.182246050995146 17 1
2.20150232644524 26 25
0.859503649211791 22 11
0.287974490817591 18 3
0.182246050995146 17 1
3.0748110678117 28 26
0 15 0
0 15 0
0.182246050995146 17 1
0.919334315136428 22 21
0.182246050995146 17 1
3.67979563412684 30 57
0 15 0
0 15 0
0 15 0
0.392529955989546 19 2
0.182246050995146 17 1
1.92855643850568 23 13
1.80076717737548 24 18
0.182246050995146 17 1
0.182246050995146 17 1
0.182246050995146 17 1
0 15 0
10.8993573891637 41 134
0 15 0
0.182246050995146 17 1
0.549417434380533 20 10
0 15 0
0.392529955989546 19 2
0.524592757880061 20 4
0.182246050995146 17 1
0.287974490817591 18 3
0.287974490817591 18 3
1.83620702710513 25 24
4.59616331532367 31 27
1.35318169376999 24 22
1.50489266281286 24 22
1.17149385820011 23 28
3.46846071662538 30 61
1.4944500245335 24 36
0.182246050995146 17 1
0.392529955989546 19 2
2.00318245459137 30 33
0.549417434380533 20 10
0.182246050995146 17 1
11.0134082984834 41 110
1.35318169376999 24 22
0.182246050995146 17 1
0 15 0
0 15 0
1.36855302746754 24 16
0.182246050995146 17 1
0 15 0
0 15 0
0 15 0
0.182246050995146 17 1
2.65389508861685 28 48
0.524592757880061 20 4
0 15 0
0.804232528044798 22 5
5.46993645574221 32 70
0 15 0
0.182246050995146 17 1
0.524592757880061 20 4
2.31617087517849 26 27
0.392529955989546 19 2
0.392529955989546 19 2
0.549417434380533 20 10
2.52374587665876 26 55
0.680666978296124 21 6
0.392529955989546 19 2
4.9727110011246 30 69
13.2421795428289 47 138
0.6778433777715 21 7
0 15 0
2.52374587665876 26 55
0 15 0
5.28867421852365 31 68
0.71654221804856 21 15
0.524592757880061 20 4
0.392529955989546 19 2
0 15 0
0.392529955989546 19 2
0 15 0
1.17149385820011 23 28
0.524592757880061 20 4
0.549417434380533 20 10
3.14059832309125 29 16
0 15 0
1.92384007873489 25 45
0.182246050995146 17 1
0.804232528044798 22 5
3.48793474076547 29 23
1.00387814751894 23 7
2.97211912648102 29 40
0.182246050995146 17 1
0.392529955989546 19 2
1.31570455625451 22 11
0 15 0
1.37507432919074 21 7
0.182246050995146 17 1
0 15 0
0.182246050995146 17 1
0 15 0
0.804232528044798 22 5
0.287974490817591 18 3
0.524592757880061 20 4
1.53353895104371 25 17
1.95877973669905 26 23
0 15 0
2.80136072800547 28 32
1.66825231295557 20 4
2.18035548805886 26 19
0.182246050995146 17 1
0.182246050995146 17 1
0.549417434380533 20 10
0.392529955989546 19 2
1.66825231295557 20 4
0.919334315136428 22 21
0.6778433777715 21 7
1.65471409935548 23 8
0 15 0
0.182246050995146 17 1
0.408736036796204 19 6
4.91827482752782 28 78
0.392529955989546 19 2
0.6778433777715 21 7
1.66825231295557 20 4
0.182246050995146 17 1
0.182246050995146 17 1
0 15 0
0 15 0
0 15 0
0 15 0
0.408736036796204 19 6
0 15 0
1.3697925919982 23 16
1.35318169376999 24 22
2.84096371047263 27 39
0 15 0
0.549417434380533 20 10
0.408736036796204 19 6
9.93300271127303 38 101
0.182246050995146 17 1
4.2603082504762 32 46
0.408736036796204 19 6
0.182246050995146 17 1
1.66825231295557 20 4
2.07995488501082 23 7
0.287974490817591 18 3
0 15 0
1.4944500245335 24 36
0.549417434380533 20 10
0.392529955989546 19 2
0.182246050995146 17 1
1.71767379576028 25 29
2.89716389509054 29 51
1.24443839290169 24 10
0.287974490817591 18 3
1.35318169376999 24 22
0 15 0
0.182246050995146 17 1
0.524592757880061 20 4
1.07965187715752 23 16
0.392529955989546 19 2
0 15 0
0.287974490817591 18 3
0.524592757880061 20 4
0.71654221804856 21 15
0.182246050995146 17 1
0.287974490817591 18 3
1.80076717737548 24 18
9.94916940793316 42 91
0.804232528044798 22 5
13.5349380830793 41 86
0.287974490817591 18 3
0.287974490817591 18 3
0 15 0
0.408736036796204 19 6
4.7948672597731 31 35
0.182246050995146 17 1
0.392529955989546 19 2
0.182246050995146 17 1
5.3172576965907 33 41
0.287974490817591 18 3
2.3964269481944 22 9
0.549417434380533 20 10
0.182246050995146 17 1
0 15 0
0.392529955989546 19 2
0.182246050995146 17 1
0 15 0
0 15 0
0.408736036796204 19 6
0.408736036796204 19 6
3.07404150866148 28 56
0 15 0
0.287974490817591 18 3
1.07965187715752 23 16
0.182246050995146 17 1
0.524592757880061 20 4
0 15 0
3.3274888591163 30 49
0.287974490817591 18 3
0.864850082218313 22 9
0 15 0
5.15090267085757 32 61
0.919334315136428 22 21
0.182246050995146 17 1
0 15 0
3.41417229940766 27 19
0.392529955989546 19 2
0.182246050995146 17 1
0 15 0
0.864850082218313 22 9
0 15 0
0.287974490817591 18 3
1.4944500245335 24 36
2.67606671835914 24 10
0.392529955989546 19 2
2.16876581427775 26 37
0.408736036796204 19 6
2.20150232644524 26 25
0.287974490817591 18 3
0.524592757880061 20 4
5.46647461260594 33 42
3.16454876912636 29 19
0.637861178483013 21 3
0.182246050995146 17 1
0 15 0
2.07995488501082 23 7
3.46846071662538 30 61
1.66825231295557 20 4
2.52374587665876 26 55
0 15 0
0.182246050995146 17 1
0.182246050995146 17 1
0.392529955989546 19 2
3.85388566094669 28 38
0.392529955989546 19 2
0.182246050995146 17 1
0 15 0
2.52374587665876 26 55
0 15 0
0.392529955989546 19 2
0.392529955989546 19 2
0.549417434380533 20 10
0.287974490817591 18 3
0 15 0
0 15 0
0 15 0
3.85694847086967 30 61
0.182246050995146 17 1
0.524592757880061 20 4
4.2062431277646 29 58
0.182246050995146 17 1
0 15 0
0.392529955989546 19 2
0.287974490817591 18 3
0 15 0
5.62613209176432 30 79
6.57556249844609 33 82
0 15 0
0.287974490817591 18 3
0 15 0
0.182246050995146 17 1
0.392529955989546 19 2
0.524592757880061 20 4
0 15 0
0.408736036796204 19 6
0.182246050995146 17 1
0.287974490817591 18 3
0.408736036796204 19 6
0.408736036796204 19 6
0 15 0
1.66825231295557 20 4
0.524592757880061 20 4
0.182246050995146 17 1
0 15 0
0.549417434380533 20 10
0.287974490817591 18 3
1.99028182355317 25 9
0.549417434380533 20 10
0.182246050995146 17 1
0 15 0
0 15 0
0.392529955989546 19 2
1.91358353544904 22 5
2.23146903735786 36 52
0 15 0
3.82716707089808 27 9
0 15 0
0 15 0
3.42227259571947 27 66
0 15 0
0.6778433777715 21 7
0 15 0
0 15 0
1.80076717737548 24 18
0.182246050995146 17 1
5.79446607712222 31 81
0.287974490817591 18 3
3.94752038407765 30 34
2.52374587665876 26 55
0.804232528044798 22 5
9.82123069102633 33 93
0.549417434380533 20 10
5.29941688039218 32 44
0 15 0
0.287974490817591 18 3
0 15 0
0.524592757880061 20 4
0.859503649211791 22 11
2.81889703726828 27 46
0.71654221804856 21 15
0 15 0
4.02449304375483 29 67
0 15 0
3.38618684558052 30 33
0 15 0
0.182246050995146 17 1
0.182246050995146 17 1
0.392529955989546 19 2
0.182246050995146 17 1
1.85435971882962 24 10
0 15 0
2.02227281488907 26 37
0.927798077793473 23 4
0.182246050995146 17 1
1.31570455625451 22 11
0.182246050995146 17 1
0.6778433777715 21 7
1.98758105024406 26 31
0.408736036796204 19 6
0.182246050995146 17 1
0.182246050995146 17 1
0.54897101468653 30 49
0.524592757880061 20 4
0.392529955989546 19 2
0.182246050995146 17 1
0.182246050995146 17 1
2.29107178521906 27 25
0 15 0
0.6778433777715 21 7
0.182246050995146 17 1
1.70334222564757 25 29
1.7168110309795 25 24
0.182246050995146 17 1
0.919334315136428 22 21
0 15 0
4.31752392705944 32 56
1.36855302746754 24 16
0 15 0
0.182246050995146 17 1
0 15 0
0.524592757880061 20 4
1.65471409935548 23 8
0 15 0
1.17149385820011 23 28
0 15 0
0 15 0
0.182246050995146 17 1
0.392529955989546 19 2
0.182246050995146 17 1
0 15 0
0.182246050995146 17 1
0.182246050995146 17 1
1.53353895104371 25 17
0 15 0
6.3711053092827 32 80
0.182246050995146 17 1
1.74878685456974 25 17
3.72938467863596 30 25
0.524592757880061 20 4
0.182246050995146 17 1
2.34817439637625 27 25
0.182246050995146 17 1
0.637861178483013 23 8
0 15 0
1.91358353544904 22 5
0.182246050995146 17 1
1.66825231295557 20 4
0.182246050995146 17 1
2.27649454390788 25 17
22.0244768861024 53 200
2.65389508861685 28 48
0 15 0
2.19647354629705 26 27
2.56940535256659 27 14
0.919334315136428 22 21
0.287974490817591 18 3
0.182246050995146 17 1
0 15 0
0.6778433777715 21 7
0 15 0
0.182246050995146 17 1
2.55144471393205 26 7
0.287974490817591 18 3
0 15 0
1.31570455625451 22 11
1.74878685456974 25 17
0.549417434380533 20 10
6.38931765844802 32 64
3.07404150866148 28 56
0.182246050995146 17 1
0.859503649211791 22 11
0.6778433777715 21 7
2.73140397148567 28 38
4.93190778654432 32 38
0 15 0
0.182246050995146 17 1
0.287974490817591 18 3
10.8323803208901 35 94
0.182246050995146 17 1
0 15 0
0 15 0
1.17149385820011 23 28
0.859503649211791 22 11
0.287974490817591 18 3
0.637861178483013 21 3
0.6778433777715 21 7
1.92384007873489 25 45
0.408736036796204 19 6
1.3697925919982 23 16
0.408736036796204 19 6
5.11625004128651 30 37
0 15 0
1.37507432919074 21 7
3.55221690087391 26 19
0.524592757880061 20 4
2.52374587665876 26 55
0.182246050995146 17 1
0.392529955989546 19 2
0.182246050995146 17 1
3.25692686387582 29 58
1.92384007873489 25 45
0 15 0
0.71654221804856 21 15
1.91098546629885 26 23
0.859503649211791 22 11
0 15 0
2.56673975491084 30 21
1.66825231295557 20 4
0.287974490817591 18 3
0.287974490817591 18 3
3.65184229931615 29 35
0.549417434380533 20 10
0 15 0
0.524592757880061 20 4
0.392529955989546 19 2
0 15 0
0.71654221804856 21 15
0 15 0
0.524592757880061 20 4
0.6778433777715 21 7
0.408736036796204 19 6
1.3697925919982 23 16
1.98758105024406 26 31
0.549417434380533 20 10
0.859503649211791 22 11
0 15 0
1.37507432919074 21 7
0.549417434380533 20 10
0.549417434380533 20 10
1.66825231295557 20 4
0.182246050995146 17 1
0 15 0
0 15 0
4.91827482752782 28 78
0 15 0
0.680666978296124 21 6
0.182246050995146 17 1
1.35318169376999 24 22
0.287974490817591 18 3
0.408736036796204 19 6
7.843019340719 37 96
0 15 0
0 15 0
0.182246050995146 17 1
1.4944500245335 24 36
0.71654221804856 21 15
0.182246050995146 17 1
0.919334315136428 22 21
0.864850082218313 22 9
1.37507432919074 21 7
5.44512368810328 34 77
0.392529955989546 19 2
0 15 0
0 15 0
0.804232528044798 22 5
0.287974490817591 18 3
0.182246050995146 17 1
0.804232528044798 22 5
1.92384007873489 25 45
0.549417434380533 20 10
2.09491996421237 25 13
0 15 0
0.864850082218313 22 9
2.41552260920851 25 8
2.05262705187973 26 19
0 15 0
3.92030192885242 31 59
0.919334315136428 22 21
0.182246050995146 17 1
1.37507432919074 21 7
0 15 0
2.2035204347595 24 6
2.2035204347595 24 6
1.54233810909332 25 14
0.182246050995146 17 1
14.768500100274 44 124
2.3964269481944 22 9
1.92855643850568 23 13
1.31570455625451 22 11
0.524592757880061 20 4
0.287974490817591 18 3
1.70334222564757 25 29
0.549417434380533 20 10
0 15 0
0 15 0
4.38647703571717 31 72
0 15 0
1.63863336542487 24 12
1.37507432919074 21 7
0.524592757880061 20 4
1.91358353544904 22 5
4.60933463321992 32 76
0.919334315136428 22 21
3.84768015746978 29 51
5.8236232656395 27 19
0.287974490817591 18 3
0.392529955989546 19 2
0.182246050995146 17 1
0.549417434380533 20 10
0.392529955989546 19 2
0.182246050995146 17 1
0.637861178483013 21 3
0.182246050995146 17 1
0.392529955989546 19 2
1.66825231295557 20 4
0.637861178483013 21 3
0.182246050995146 17 1
0.182246050995146 17 1
1.07965187715752 23 16
0.392529955989546 19 2
0.182246050995146 17 1
0.182246050995146 17 1
2.45225967138132 27 46
0.859503649211791 22 11
0.859503649211791 22 11
0.408736036796204 19 6
4.19604405132237 30 69
0.392529955989546 19 2
0.182246050995146 17 1
1.08747335097939 23 13
1.71767379576028 25 29
0.182246050995146 17 1
0.182246050995146 17 1
0.182246050995146 17 1
11.7583347510974 46 120
1.95877973669905 26 23
0.408736036796204 19 6
0 15 0
0.392529955989546 19 2
0 15 0
3.72689037690929 31 65
0.919334315136428 22 21
0.182246050995146 17 1
0.524592757880061 20 4
0.637861178483013 23 8
2.54234883169559 28 24
0.549417434380533 20 10
0.182246050995146 17 1
0 15 0
0.71654221804856 21 15
7.41860302103525 36 91
0.182246050995146 17 1
0.919334315136428 22 21
0.182246050995146 17 1
0.392529955989546 19 2
0.182246050995146 17 1
4.46502824938109 24 10
4.02449304375483 29 67
1.91358353544904 22 5
2.51422026874935 25 14
0.6778433777715 21 7
3.18670782326488 27 25
1.71767379576028 25 29
0.549417434380533 20 10
1.66825231295557 20 4
3.78091802763219 25 14
0.804232528044798 22 5
0.637861178483013 21 3
2.56940535256659 27 14
1.92384007873489 25 45
4.91827482752782 28 78
0.408736036796204 19 6
0.182246050995146 17 1
0.182246050995146 17 1
0 15 0
0 15 0
0.182246050995146 17 1
0.182246050995146 17 1
1.80076717737548 24 18
1.54513869963012 31 40
0.864850082218313 22 9
1.66825231295557 20 4
1.72432208886286 25 21
0.287974490817591 18 3
0.182246050995146 17 1
1.31570455625451 22 11
0.392529955989546 19 2
0.392529955989546 19 2
0 15 0
0 15 0
0 15 0
0.392529955989546 19 2
0.182246050995146 17 1
0.392529955989546 19 2
0.408736036796204 19 6
0.71654221804856 21 15
0.182246050995146 17 1
1.65471409935548 23 8
2.45225967138132 27 46
0 15 0
0.392529955989546 19 2
0 15 0
0.392529955989546 19 2
0.287974490817591 18 3
0 15 0
1.80076717737548 24 18
0 15 0
0.182246050995146 17 1
0.524592757880061 20 4
0 15 0
0.6778433777715 21 7
0 15 0
0 15 0
0.408736036796204 19 6
0.287974490817591 18 3
0.549417434380533 20 10
0.182246050995146 17 1
0.182246050995146 17 1
3.88129953830472 26 25
1.91358353544904 22 5
1.65471409935548 23 8
0.182246050995146 17 1
0.408736036796204 19 6
6.49746861495444 34 45
0.182246050995146 17 1
0.408736036796204 19 6
4.15935703088501 32 56
1.72432208886286 25 21
3.3274888591163 30 49
8.94179191487005 38 91
0.392529955989546 19 2
0.408736036796204 19 6
6.12520234525943 31 27
0 15 0
0 15 0
0.182246050995146 17 1
0 15 0
0.287974490817591 18 3
10.8796858188344 35 98
0 15 0
3.13025959854872 24 16
0.524592757880061 20 4
1.99028182355317 25 9
0.182246050995146 17 1
0 15 0
0.392529955989546 19 2
0 15 0
0 15 0
0.919334315136428 22 21
9.82123069102633 33 93
0.182246050995146 17 1
0.71654221804856 21 15
0.287974490817591 18 3
0.919334315136428 22 21
0 15 0
7.12694655502282 35 61
0.287974490817591 18 3
1.91358353544904 22 5
0.637861178483013 21 3
0.524592757880061 20 4
0.392529955989546 19 2
0 15 0
0 15 0
0 15 0
0.182246050995146 17 1
0 15 0
1.24443839290169 24 10
0.524592757880061 20 4
0.182246050995146 17 1
0.287974490817591 18 3
2.41552260920851 25 8
0.182246050995146 17 1
1.00077218694185 23 8
0.919334315136428 22 21
1.92384007873489 25 45
2.85535666143107 27 34
0.287974490817591 18 3
0.182246050995146 17 1
0.182246050995146 17 1
1.93298979134903 26 16
0.182246050995146 17 1
1.66825231295557 20 4
1.91358353544904 22 5
2.67606671835914 24 10
0.182246050995146 17 1
0 15 0
0.182246050995146 17 1
0.287974490817591 18 3
0 15 0
0 15 0
1.31570455625451 22 11
1.00387814751894 23 7
0.680666978296124 21 6
8.84939957625253 31 92
0 15 0
1.65471409935548 24 12
0.182246050995146 17 1
1.31570455625451 22 11
0.71654221804856 21 15
2.02227281488907 26 37
0.392529955989546 19 2
7.90825142046022 29 91
0.392529955989546 19 2
0 15 0
0.524592757880061 20 4
0.182246050995146 17 1
0.287974490817591 18 3
0.287974490817591 18 3
0.524592757880061 20 4
0.408736036796204 19 6
0.182246050995146 17 1
0.549417434380533 20 10
4.91827482752782 28 78
0 15 0
0.392529955989546 19 2
2.98796309696378 27 15
0.182246050995146 17 1
2.27547756828914 27 30
3.72689037690929 31 65
0.182246050995146 17 1
3.25442196292109 30 43
0.287974490817591 18 3
0 15 0
2.73281862557057 29 31
0.392529955989546 19 2
0.287974490817591 18 3
0 15 0
0.182246050995146 17 1
0 15 0
0.524592757880061 20 4
0.287974490817591 18 3
0.919334315136428 22 21
1.71767379576028 25 29
0.182246050995146 17 1
0.182246050995146 17 1
2.879450972014 28 38
1.31570455625451 22 11
0 15 0
0 15 0
6.81475528447032 34 84
0.392529955989546 19 2
1.98758105024406 26 31
0.182246050995146 17 1
4.91827482752782 28 78
7.67611587381863 38 103
2.52374587665876 26 55
0 15 0
0 15 0
1.37507432919074 21 7
0 15 0
0 15 0
3.84149565332223 28 42
1.95877973669905 26 23
0.182246050995146 17 1
2.80926130800974 26 19
1.71767379576028 25 29
1.92384007873489 25 45
1.17149385820011 23 28
4.91827482752782 28 78
4.69005085685621 29 30
0.864850082218313 22 9
0 15 0
1.00077218694185 23 8
2.87571233783328 25 12
0 15 0
0 15 0
0 15 0
9.20767477074725 33 97
2.79267909045506 28 32
1.85435971882962 24 10
0.182246050995146 17 1
0.182246050995146 17 1
1.4944500245335 24 36
4.83060055045236 32 46
3.31308011975041 29 22
6.69800715313683 35 99
0.182246050995146 17 1
0.392529955989546 19 2
0.392529955989546 19 2
0.182246050995146 17 1
2.2035204347595 24 6
0.182246050995146 17 1
3.85388566094669 28 38
4.83060055045236 32 46
2.41552260920851 25 8
6.81721318390788 32 50
0 15 0
0.919334315136428 22 21
0.637861178483013 21 3
2.34951951577843 27 34
1.31570455625451 22 11
0 15 0
0.182246050995146 17 1
3.30904648915466 27 15
0.287974490817591 18 3
2.52374587665876 26 55
0 15 0
1.36363632013928 24 18
1.39546295370562 25 9
0 15 0
0.859503649211791 22 11
2.2035204347595 24 6
0.182246050995146 17 1
2.89716389509054 29 51
0 15 0
0.6778433777715 21 7
0.392529955989546 19 2
3.3274888591163 30 49
2.16876581427775 26 37
0 15 0
11.0794549213003 36 96
0.182246050995146 17 1
1.3697925919982 23 16
0.408736036796204 19 6
0.71654221804856 21 15
0 15 0
0.182246050995146 17 1
0.408736036796204 19 6
0.287974490817591 18 3
4.9727110011246 30 69
0.287974490817591 18 3
0.549417434380533 20 10
0.287974490817591 18 3
0.408736036796204 19 6
0.392529955989546 19 2
3.70858026174645 30 28
1.23849791178333 24 12
0 15 0
0.637861178483013 21 3
0.392529955989546 19 2
0 15 0
4.86616661293309 33 61
0.524592757880061 20 4
0.287974490817591 18 3
1.66825231295557 20 4
0.182246050995146 17 1
0 15 0
0.182246050995146 17 1
0.182246050995146 17 1
0.287974490817591 18 3
0.864850082218313 22 9
0 15 0
0.182246050995146 17 1
2.31617087517849 26 27
0.182246050995146 17 1
1.63863336542487 24 12
0.919334315136428 22 21
0 15 0
0 15 0
0.182246050995146 17 1
0.182246050995146 17 1
0.637861178483013 21 3
4.38853027688574 29 40
0.680666978296124 21 6
0.524592757880061 20 4
0 15 0
0.408736036796204 19 6
1.00077218694185 23 8
0.392529955989546 19 2
0 15 0
3.74820013564155 31 48
0 15 0
0 15 0
0.287974490817591 18 3
0 15 0
0.287974490817591 18 3
0.392529955989546 19 2
0.549417434380533 20 10
1.08996276478988 23 12
0 15 0
4.46502824938109 24 10
3.07404150866148 28 56
0.392529955989546 19 2
0.182246050995146 17 1
0 15 0
5.46997987628724 32 42
0.859503649211791 22 11
0 15 0
0.182246050995146 17 1
0.549417434380533 20 10
0 15 0
0.859503649211791 22 11
0.182246050995146 17 1
0.524592757880061 20 4
5.8512241980568 34 59
2.27649454390788 25 17
0.287974490817591 18 3
1.72432208886286 25 21
5.62613209176432 30 79
0.392529955989546 19 2
0 15 0
0.182246050995146 17 1
0.524592757880061 20 4
0 15 0
4.47255967367736 30 49
1.35318169376999 24 22
0.182246050995146 17 1
2.56940535256659 27 14
0.408736036796204 19 6
3.79254352430646 28 56
3.07404150866148 28 56
0 15 0
0.182246050995146 17 1
0 15 0
3.69001595050005 31 51
0 15 0
0.182246050995146 17 1
0 15 0
0.6778433777715 21 7
0.524592757880061 20 4
0.408736036796204 19 6
0.919334315136428 22 21
3.60137133961091 30 49
1.74878685456974 25 17
0.524592757880061 20 4
0.524592757880061 20 4
0.182246050995146 17 1
0.182246050995146 17 1
0.392529955989546 19 2
0.182246050995146 17 1
0.549417434380533 20 10
1.66825231295557 20 4
1.07965187715752 23 16
0.392529955989546 19 2
4.46502824938109 24 10
1.36363632013928 24 18
4.51832189012831 33 76
0 15 0
3.8216772132595 28 48
0.6778433777715 21 7
3.59075797157024 28 16
2.05262705187973 26 19
0.182246050995146 17 1
7.90825142046022 29 91
0.287974490817591 18 3
0.392529955989546 19 2
0.524592757880061 20 4
0.524592757880061 20 4
3.25692686387582 29 58
0.408736036796204 19 6
0.287974490817591 18 3
1.17149385820011 23 28
0 15 0
0.182246050995146 17 1
0 15 0
0 15 0
3.07404150866148 28 56
0 15 0
0.524592757880061 20 4
6.52639978639929 39 79
2.18299987811313 26 17
2.25907579735615 26 23
0 15 0
0.680666978296124 21 6
2.02227281488907 26 37
1.83620702710513 25 24
2.49979422940313 25 21
0 15 0
4.14318362620677 30 29
1.23849791178333 24 12
0.524592757880061 20 4
0.408736036796204 19 6
0.287974490817591 18 3
0.408736036796204 19 6
0.182246050995146 17 1
4.46502824938109 24 10
1.92855643850568 23 13
0 15 0
0.392529955989546 19 2
0 15 0
0.392529955989546 19 2
0.182246050995146 17 1
0 15 0
0 15 0
0.182246050995146 17 1
3.18670782326488 27 25
0.287974490817591 18 3
0.408736036796204 19 6
0 15 0
5.11625004128651 30 37
0.408736036796204 19 6
2.45225967138132 27 46
0.524592757880061 20 4
0.680666978296124 21 6
1.74878685456974 25 17
0.524592757880061 20 4
0.524592757880061 20 4
0 15 0
6.3711053092827 32 80
9.20767477074725 33 97
1.63863336542487 24 12
1.91358353544904 22 5
0 15 0
0 15 0
0.182246050995146 17 1
0.859503649211791 22 11
0 15 0
4.91827482752782 28 78
2.81889703726828 27 46
0.182246050995146 17 1
0 15 0
0.524592757880061 20 4
1.17149385820011 23 28
3.38618684558052 31 41
0.859503649211791 22 11
0.637861178483013 21 3
0.6778433777715 21 7
0 15 0
1.63863336542487 24 12
0.182246050995146 17 1
0 15 0
1.50489266281286 24 22
0.524592757880061 20 4
0.182246050995146 17 1
0 15 0
0 15 0
0.182246050995146 17 1
0.859503649211791 22 11
1.65471409935548 23 8
0.637861178483013 21 3
2.07995488501082 23 7
0 15 0
0.287974490817591 18 3
0.182246050995146 17 1
0.182246050995146 17 1
0 15 0
1.07965187715752 23 16
3.87323775879528 32 35
2.77266316658928 28 17
0.182246050995146 17 1
0.287974490817591 18 3
5.62613209176432 30 79
5.24036099944932 33 26
0 15 0
0 15 0
4.02449304375483 29 67
6.62974175540778 36 33
0 15 0
1.92384007873489 25 45
0 15 0
0.287974490817591 18 3
1.4944500245335 24 36
0.182246050995146 17 1
0.182246050995146 17 1
3.07404150866148 28 56
1.92855270481034 26 17
2.93545886369027 29 46
0 15 0
0.287974490817591 18 3
0 15 0
0 15 0
8.52262986433671 38 95
0.182246050995146 17 1
3.68819573921019 28 32
0.182246050995146 17 1
4.56303012762596 29 67
4.41662694646156 30 57
0.549417434380533 20 10
0 15 0
0.549417434380533 20 10
0.182246050995146 17 1
0.287974490817591 18 3
0 15 0
0 15 0
2.67606671835914 24 10
10.167119005219 42 105
1.3697925919982 23 16
0 15 0
0.287974490817591 18 3
0.182246050995146 17 1
0.287974490817591 18 3
4.32425041109156 33 40
0.287974490817591 18 3
2.39281968040401 26 17
0.392529955989546 19 2
5.13909164970766 33 73
0 15 0
0.182246050995146 17 1
2.34951951577843 27 34
0.864850082218313 22 9
1.91358353544904 22 5
0.182246050995146 17 1
1.66825231295557 20 4
0.392529955989546 19 2
10.7590172418115 37 107
0.287974490817591 18 3
1.66825231295557 20 4
1.8822995713847 25 14
0.549417434380533 20 10
0.408736036796204 19 6
0.919334315136428 22 21
2.27547756828914 27 30
2.22252968278416 27 18
0.549417434380533 20 10
0 15 0
0.182246050995146 17 1
2.98796309696378 27 15
0 15 0
0 15 0
0.408736036796204 19 6
0.392529955989546 19 2
1.35318169376999 24 22
0.182246050995146 17 1
0 15 0
4.58760077062622 32 52
0 15 0
0.182246050995146 17 1
0 15 0
0.524592757880061 20 4
0 15 0
1.70334222564757 25 29
1.35318169376999 24 22
0.287974490817591 18 3
1.65471409935548 23 8
1.50489266281286 24 22
0.182246050995146 17 1
0.182246050995146 17 1
0.287974490817591 18 3
1.4944500245335 24 36
3.49825203975019 28 20
0 15 0
1.4944500245335 24 36
1.35318169376999 24 22
0 15 0
0.524592757880061 20 4
0.182246050995146 17 1
0.859503649211791 22 11
12.5230989809898 41 113
0 15 0
2.42818698846476 27 25
0 15 0
0.182246050995146 17 1
0.524592757880061 20 4
0 15 0
0.524592757880061 20 4
3.68707888815828 30 42
2.73281862557057 28 24
0.287974490817591 18 3
2.52374587665876 26 55
0.549417434380533 20 10
0 15 0
0 15 0
0.182246050995146 17 1
0 15 0
0.524592757880061 20 4
0.182246050995146 17 1
0.287974490817591 18 3
0 15 0
2.3964269481944 22 9
0 15 0
1.07965187715752 23 16
5.79446607712222 31 81
0.549417434380533 20 10
0.637861178483013 21 3
0 15 0
1.91358353544904 22 5
0.287974490817591 18 3
0.182246050995146 17 1
3.79476780103524 28 24
0 15 0
0.864850082218313 22 9
2.52374587665876 26 55
0.182246050995146 17 1
3.74568174401298 33 49
4.4212924733943 33 38
0.287974490817591 18 3
0.287974490817591 18 3
0.182246050995146 17 1
0 15 0
1.74878685456974 25 17
0.287974490817591 18 3
0.287974490817591 18 3
0.408736036796204 19 6
2.07995488501082 23 7
2.63996967027944 28 38
8.73522622146692 40 66
9.92832607164203 41 94
0.71654221804856 21 15
0 15 0
0.182246050995146 17 1
0.524592757880061 20 4
0.182246050995146 17 1
0 15 0
1.7168110309795 25 24
4.6390870022451 31 36
0 15 0
5.8112523514557 33 40
0.71654221804856 21 15
0 15 0
4.02449304375483 29 67
1.4944500245335 24 36
0.408736036796204 19 6
0 15 0
0.182246050995146 17 1
0.182246050995146 17 1
0.287974490817591 18 3
0.524592757880061 20 4
0 15 0
0.182246050995146 17 1
0 15 0
0.392529955989546 19 2
1.07965187715752 23 16
0 15 0
0.549417434380533 20 10
0.804232528044798 22 5
0.408736036796204 19 6
1.95877973669905 26 23
8.93104445205523 39 75
0.182246050995146 17 1
1.36855302746754 24 16
1.23849791178333 24 12
1.17149385820011 23 28
0 15 0
0.182246050995146 17 1
2.03332413218864 26 13
3.25442196292109 30 43
0.182246050995146 17 1
0 15 0
0 15 0
1.92384007873489 25 45
1.00077218694185 23 8
8.84939957625253 31 92
1.66825231295557 20 4
0.182246050995146 17 1
0.287974490817591 18 3
0.287974490817591 18 3
0 15 0
1.65471409935548 23 8
0.287974490817591 18 3
0.392529955989546 19 2
0 15 0
0 15 0
0.392529955989546 19 2
0.6778433777715 21 7
2.39281968040401 26 17
1.17149385820011 23 28
1.72432208886286 25 21
0.392529955989546 19 2
0 15 0
1.66825231295557 20 4
0 15 0
0 15 0
2.68172346747477 28 27
0 15 0
2.87571233783328 25 12
0.392529955989546 19 2
0.524592757880061 20 4
0 15 0
0.182246050995146 17 1
0.182246050995146 17 1
1.4944500245335 24 36
0.287974490817591 18 3
4.02449304375483 29 67
0 15 0
0.392529955989546 19 2
0.182246050995146 17 1
2.27547756828914 27 30
0.408736036796204 19 6
7.11577040434675 37 72
0 15 0
5.62613209176432 30 79
0.864850082218313 22 9
0.182246050995146 17 1
0 15 0
0.182246050995146 17 1
2.54179416245527 28 42
0.392529955989546 19 2
4.58517617061782 33 61
5.30992016290523 33 73
0 15 0
1.91098546629885 26 23
3.10200394370801 27 31
2.27547756828914 27 30
0.182246050995146 17 1
0.392529955989546 19 2
0 15 0
1.92384007873489 25 45
4.9727110011246 30 69
0.182246050995146 17 1
0.524592757880061 20 4
0.524592757880061 20 4
0.392529955989546 19 2
0.6778433777715 21 7
1.31570455625451 22 11
1.3697925919982 23 16
0.182246050995146 17 1
1.85435971882962 24 10
0.524592757880061 20 4
0.182246050995146 17 1
1.92855643850568 23 13
4.04706916698476 30 39
0 15 0
0.182246050995146 17 1
2.73140397148567 28 38
0.6778433777715 21 7
0 15 0
0.408736036796204 19 6
1.00077218694185 23 8
0 15 0
5.73900439839123 33 73
1.07965187715752 23 16
0.680666978296124 21 6
9.90259921985654 38 101
0.182246050995146 17 1
0.859503649211791 22 11
0.637861178483013 21 3
2.52374587665876 26 55
0.287974490817591 18 3
0.680666978296124 21 6
4.91827482752782 28 78
0.287974490817591 18 3
0 15 0
2.02227281488907 26 37
0.6778433777715 21 7
0.392529955989546 19 2
0.182246050995146 17 1
0.408736036796204 19 6
0.182246050995146 17 1
0 15 0
0.392529955989546 19 2
0.6778433777715 21 7
0.6778433777715 21 7
1.07965187715752 23 16
0 15 0
0 15 0
1.91358353544904 22 5
0.524592757880061 20 4
1.91098546629885 26 23
0.287974490817591 18 3
0.637861178483013 21 3
0 15 0
0 15 0
0.392529955989546 19 2
0.392529955989546 19 2
1.13980025224248 24 6
1.37507432919074 21 7
0 15 0
0.182246050995146 17 1
1.85435971882962 24 10
3.47924279172552 27 15
6.57956427208669 34 43
2.52374587665876 26 55
0.182246050995146 17 1
2.25162079964074 27 39
1.66825231295557 20 4
0.549417434380533 20 10
7.80356909765282 37 80
0.408736036796204 19 6
0.392529955989546 19 2
0.927798077793473 23 4
0.287974490817591 18 3
2.49979422940313 25 21
0.182246050995146 17 1
0.287974490817591 18 3
0.524592757880061 20 4
0 15 0
0.182246050995146 17 1
0 15 0
0.182246050995146 17 1
1.65471409935548 23 8
6.45678319625585 36 102
0.6778433777715 21 7
2.52374587665876 26 55
0.71654221804856 21 15
0 15 0
2.25907579735615 26 23
0.182246050995146 17 1
0.392529955989546 19 2
0.182246050995146 17 1
1.71767379576028 25 29
0.524592757880061 20 4
4.15309753292471 31 41
0.182246050995146 17 1
0.182246050995146 17 1
0.392529955989546 19 2
1.74878685456974 25 17
0.182246050995146 17 1
0.182246050995146 17 1
0.6778433777715 21 7
0 15 0
0.182246050995146 17 1
0.182246050995146 17 1
1.65471409935548 23 8
2.68172346747477 28 27
2.3964269481944 22 9
0 15 0
1.65471409935548 23 8
0.182246050995146 17 1
0.182246050995146 17 1
0.182246050995146 17 1
1.98758105024406 26 31
7.90825142046022 29 91
0 15 0
5.41364808320345 33 37
0 15 0
0 15 0
1.17149385820011 23 28
0.408736036796204 19 6
2.41552260920851 25 8
4.31752392705944 32 56
2.73140397148567 28 38
0.287974490817591 18 3
0 15 0
0.287974490817591 18 3
2.34817439637625 27 25
0.182246050995146 17 1
0.392529955989546 19 2
0.408736036796204 19 6
7.90825142046022 29 91
0 15 0
0 15 0
0.392529955989546 19 2
0.6778433777715 21 7
0.182246050995146 17 1
3.21026272952088 30 25
0.182246050995146 17 1
0.6778433777715 21 7
0 15 0
1.66825231295557 20 4
0.392529955989546 19 2
0 15 0
0.182246050995146 17 1
0 15 0
0.182246050995146 17 1
0.182246050995146 17 1
1.65471409935548 23 8
0.408736036796204 19 6
1.66825231295557 20 4
0 15 0
0.182246050995146 17 1
0.408736036796204 19 6
0.182246050995146 17 1
2.45225967138132 27 46
0 15 0
7.90825142046022 29 91
1.3697925919982 23 16
0 15 0
4.22830543445008 32 52
0.182246050995146 17 1
0.182246050995146 17 1
0.919334315136428 22 21
0.182246050995146 17 1
0.804232528044798 22 5
0 15 0
1.50489266281286 24 22
0.182246050995146 17 1
0.287974490817591 18 3
8.81009130223287 39 112
0 15 0
4.02449304375483 29 67
0.524592757880061 20 4
1.85435971882962 24 10
0.182246050995146 17 1
0.182246050995146 17 1
6.54807813544801 35 47
0 15 0
0.182246050995146 17 1
0 15 0
0 15 0
0.182246050995146 17 1
0.408736036796204 19 6
3.55221690087391 26 19
2.86219067498402 28 28
0 15 0
0 15 0
0.6778433777715 21 7
0.408736036796204 19 6
3.67979563412684 30 57
1.70334222564757 25 29
0.408736036796204 19 6
0.392529955989546 19 2
2.55144471393205 26 7
2.02227281488907 26 37
6.01966097957148 32 42
2.27547756828914 27 30
0.524592757880061 20 4
0.182246050995146 17 1
0.392529955989546 19 2
0.182246050995146 17 1
2.27547756828914 27 30
0.392529955989546 19 2
0.392529955989546 19 2
4.91827482752782 28 78
1.65471409935548 23 8
0.182246050995146 17 1
4.91827482752782 28 78
0 15 0
0 15 0
0.524592757880061 20 4
0 15 0
1.91358353544904 22 5
0.182246050995146 17 1
0 15 0
8.84939957625253 31 92
2.81889703726828 27 46
5.08063158611299 33 66
0.392529955989546 19 2
0.392529955989546 19 2
0 15 0
8.84939957625253 31 92
0 15 0
0.182246050995146 17 1
0.392529955989546 19 2
0.287974490817591 18 3
0.182246050995146 17 1
2.52374587665876 26 55
3.56294943525694 32 25
0.859503649211791 22 11
5.74044363336693 35 67
0.804232528044798 22 5
0.182246050995146 17 1
0.182246050995146 17 1
0.287974490817591 18 3
0.637861178483013 21 3
0 15 0
0.680666978296124 21 6
0.392529955989546 19 2
6.74581200319638 35 53
0.6778433777715 21 7
0 15 0
6.10168988432571 30 79
0.182246050995146 17 1
0 15 0
0.859503649211791 22 11
0.6778433777715 21 7
0.392529955989546 19 2
0 15 0
0.549417434380533 20 10
0.637861178483013 21 3
2.42818698846476 27 25
0 15 0
1.4944500245335 24 36
1.66825231295557 20 4
1.17149385820011 23 28
3.25442196292109 30 43
0.408736036796204 19 6
0.549417434380533 20 10
0.287974490817591 18 3
0 15 0
0 15 0
0.524592757880061 20 4
0.6778433777715 21 7
0.71654221804856 21 15
0.71654221804856 21 15
0.549417434380533 20 10
1.07965187715752 23 16
0.392529955989546 19 2
0.549417434380533 20 10
1.07965187715752 23 16
1.07965187715752 23 16
0 15 0
1.7168110309795 25 24
1.50489266281286 24 22
0.182246050995146 17 1
2.85535666143107 27 34
0.287974490817591 18 3
2.67118531067165 26 11
0 15 0
0.182246050995146 17 1
0.182246050995146 17 1
0 15 0
1.36363632013928 24 18
0.549417434380533 20 10
4.58175343407673 30 39
10.2452865294966 35 98
0.182246050995146 17 1
0 15 0
0.182246050995146 17 1
0.524592757880061 20 4
0 15 0
2.54687834082568 28 32
0 15 0
0.182246050995146 17 1
0.6778433777715 21 7
0.408736036796204 19 6
0 15 0
0.182246050995146 17 1
1.91358353544904 22 5
0 15 0
0.919334315136428 22 21
10.8858275925046 42 87
0.392529955989546 19 2
0.182246050995146 17 1
0.392529955989546 19 2
0.182246050995146 17 1
3.13025959854872 24 16
1.66825231295557 20 4
0 15 0
0 15 0
2.18035548805886 26 19
0.182246050995146 17 1
0.408736036796204 19 6
1.71767379576028 25 29
3.41980813590764 30 43
0.182246050995146 17 1
1.23849791178333 24 12
0.287974490817591 18 3
2.63576825555646 28 28
0.392529955989546 19 2
2.65389508861685 28 48
1.83620702710513 25 24
0.408736036796204 19 6
1.50489266281286 24 22
0.549417434380533 20 10
2.16876581427775 26 37
2.3964269481944 22 9
0.182246050995146 17 1
0.859503649211791 22 11
4.91827482752782 28 78
1.95877973669905 26 23
2.52374587665876 26 55
0.408736036796204 19 6
0.287974490817591 18 3
0 15 0
1.07965187715752 23 16
1.91358353544904 22 5
5.12362241916299 34 68
0.680666978296124 21 6
1.74878685456974 25 17
2.02227281488907 26 37
0.287974490817591 18 3
0 15 0
0 15 0
0.182246050995146 17 1
0.182246050995146 17 1
0 15 0
1.37507432919074 21 7
0.182246050995146 17 1
1.92384007873489 25 45
1.92855643850568 23 13
0.408736036796204 19 6
0.524592757880061 20 4
0.549417434380533 20 10
0.6778433777715 21 7
3.57733252017604 29 32
3.55686870182194 29 32
0.524592757880061 20 4
0.392529955989546 19 2
0.408736036796204 19 6
0 15 0
0.182246050995146 17 1
0.182246050995146 17 1
0.408736036796204 19 6
0.287974490817591 18 3
0.408736036796204 19 6
3.60469878039164 30 21
2.24939559232418 26 11
4.91827482752782 28 78
0 15 0
0.182246050995146 17 1
0 15 0
0.182246050995146 17 1
0.182246050995146 17 1
1.35318169376999 24 22
0.182246050995146 17 1
0.182246050995146 17 1
0.182246050995146 17 1
8.84939957625253 31 92
1.4944500245335 24 36
0 15 0
1.91358353544904 22 5
4.75496514869155 26 11
0.182246050995146 17 1
0.182246050995146 17 1
0.287974490817591 18 3
1.17149385820011 23 28
0.182246050995146 17 1
0.287974490817591 18 3
0 15 0
0.392529955989546 19 2
0 15 0
0.287974490817591 18 3
1.66825231295557 20 4
0.182246050995146 17 1
0.524592757880061 20 4
0.392529955989546 19 2
0.287974490817591 18 3
0.919334315136428 22 21
0.182246050995146 17 1
0.524592757880061 20 4
0.287974490817591 18 3
0.287974490817591 18 3
5.62613209176432 30 79
0.864850082218313 22 9
0.182246050995146 17 1
0.182246050995146 17 1
2.93545886369027 29 46
1.00077218694185 23 8
0.549417434380533 20 10
0.549417434380533 20 10
0 15 0
0 15 0
6.94303319502318 36 69
1.72432208886286 25 21
0.408736036796204 19 6
3.94690766763767 28 20
0.6778433777715 21 7
0.524592757880061 20 4
0.71654221804856 21 15
2.80136072800547 28 32
4.19604405132237 30 69
0.182246050995146 17 1
0.524592757880061 20 4
0.182246050995146 17 1
0 15 0
0.287974490817591 18 3
0.182246050995146 17 1
0 15 0
1.92384007873489 25 45
2.55144471393205 26 7
1.92384007873489 25 45
1.07965187715752 23 16
0.408736036796204 19 6
16.723156509939 51 148
0 15 0
0 15 0
2.20150232644524 26 25
11.0969530479924 34 95
1.7168110309795 25 24
2.43884164759675 27 22
3.84787917448285 28 18
1.3697925919982 23 16
0 15 0
0 15 0
0.182246050995146 17 1
0.71654221804856 21 15
1.17149385820011 23 28
0.392529955989546 19 2
0.6778433777715 21 7
0.408736036796204 19 6
0.182246050995146 17 1
0.182246050995146 17 1
0.71654221804856 21 15
0.182246050995146 17 1
2.81889703726828 27 46
1.35318169376999 24 22
0.182246050995146 17 1
0.804232528044798 22 5
1.66825231295557 20 4
5.66043962124876 32 38
0.549417434380533 20 10
2.3964269481944 22 9
7.39708994765439 38 85
0 15 0
0.287974490817591 18 3
0.859503649211791 22 11
0.182246050995146 17 1
0.6778433777715 21 7
6.38931765844802 32 64
0.6778433777715 21 7
2.52374587665876 26 55
0.392529955989546 19 2
4.31752392705944 32 56
2.45225967138132 27 46
0 15 0
3.07404150866148 28 56
2.52374587665876 26 55
0.524592757880061 20 4
4.02449304375483 29 67
0.182246050995146 17 1
0 15 0
0.392529955989546 19 2
0.182246050995146 17 1
0 15 0
0.927798077793473 23 4
0.182246050995146 17 1
0.524592757880061 20 4
0.637861178483013 21 3
0.524592757880061 20 4
0.182246050995146 17 1
9.65848501317607 38 83
0 15 0
0 15 0
0.524592757880061 20 4
0.182246050995146 17 1
5.81633823251483 33 36
0.408736036796204 19 6
0.408736036796204 19 6
0.392529955989546 19 2
4.02449304375483 29 67
1.17149385820011 23 28
0.392529955989546 19 2
0.182246050995146 17 1
0.182246050995146 17 1
3.46846071662538 30 61
0.524592757880061 20 4
0.182246050995146 17 1
0 15 0
0 15 0
0.54897101468653 30 49
1.71767379576028 25 29
1.92384007873489 25 45
0.182246050995146 17 1
0.182246050995146 17 1
3.4060872585336 29 22
0 15 0
2.31617087517849 26 27
0.549417434380533 20 10
2.73140397148567 28 38
0.804232528044798 22 5
1.91358353544904 22 5
0.6778433777715 21 7
0.408736036796204 19 6
0 15 0
0.6778433777715 21 7
0.182246050995146 17 1
0 15 0
0.182246050995146 17 1
4.19604405132237 30 69
0.804232528044798 22 5
0.182246050995146 17 1
0 15 0
0.408736036796204 19 6
0 15 0
1.08747335097939 23 13
0.182246050995146 17 1
2.49979422940313 25 21
4.47481397638879 31 57
3.94438568846242 30 29
0 15 0
1.85435971882962 24 10
0.182246050995146 17 1
3.69685461367891 27 19
1.08747335097939 23 13
2.3964269481944 22 9
0.182246050995146 17 1
1.98758105024406 26 31
1.4944500245335 24 36
0.392529955989546 19 2
0.408736036796204 19 6
5.96362965855198 34 62
0 15 0
1.70334222564757 25 29
0.182246050995146 17 1
1.77030988611597 27 13
0 15 0
1.65471409935548 23 8
7.90825142046022 29 91
0 15 0
0.680666978296124 21 6
0.287974490817591 18 3
1.35318169376999 24 22
3.26600418051919 26 11
0.182246050995146 17 1
0 15 0
1.92855643850568 23 13
4.26497575535401 32 66
0.71654221804856 21 15
0 15 0
0.549417434380533 20 10
0.408736036796204 19 6
0.408736036796204 19 6
7.18374008285426 35 55
2.18593654103826 26 31
1.65471409935548 24 12
0 15 0
0.182246050995146 17 1
0.287974490817591 18 3
0.919334315136428 22 21
0.71654221804856 21 15
1.37507432919074 21 7
0.182246050995146 17 1
7.39708994765439 38 85
0.287974490817591 18 3
0.71654221804856 21 15
0 15 0
0 15 0
0.524592757880061 20 4
5.16654450975991 31 39
0 15 0
0 15 0
0 15 0
3.79254352430646 28 56
1.31570455625451 22 11
5.238859226883 34 87
1.17149385820011 23 28
2.27547756828914 27 30
0 15 0
9.82123069102633 33 93
0.392529955989546 19 2
0.182246050995146 17 1
1.08747335097939 23 13
4.62959028540675 30 25
0.182246050995146 17 1
0.182246050995146 17 1
2.45225967138132 27 46
2.87571233783328 25 12
3.65974287932042 28 32
0.6778433777715 21 7
0.182246050995146 17 1
9.82123069102633 33 93
0 15 0
0.287974490817591 18 3
0.182246050995146 17 1
1.17149385820011 23 28
0 15 0
2.07995488501082 23 7
0 15 0
1.66825231295557 20 4
0.182246050995146 17 1
1.98758105024406 26 31
0 15 0
1.66825231295557 20 4
0 15 0
0 15 0
0.549417434380533 20 10
0.637861178483013 21 3
2.94484991175979 29 31
4.66236296740031 28 36
1.92384007873489 25 45
0.392529955989546 19 2
0.392529955989546 19 2
5.79446607712222 31 81
0.6778433777715 21 7
1.66825231295557 20 4
10.0292042475237 34 95
0.182246050995146 17 1
2.80926130800974 26 19
0.637861178483013 21 3
0 15 0
0.71654221804856 21 15
0 15 0
1.50489266281286 24 22
0 15 0
0.919334315136428 22 21
0.182246050995146 17 1
1.24443839290169 24 10
0.637861178483013 21 3
0 15 0
0 15 0
1.65471409935548 23 8
0.182246050995146 17 1
0 15 0
0.182246050995146 17 1
0.182246050995146 17 1
3.8216772132595 28 48
0.287974490817591 18 3
2.85535666143107 27 34
0 15 0
1.08996276478988 23 12
0 15 0
0.287974490817591 18 3
2.52374587665876 26 55
0.182246050995146 17 1
0 15 0
0.408736036796204 19 6
0 15 0
3.42227259571947 27 66
1.00387814751894 23 7
0.287974490817591 18 3
0.71654221804856 21 15
2.97211912648102 29 40
2.41552260920851 25 8
0 15 0
0.182246050995146 17 1
0 15 0
0.287974490817591 18 3
3.07404150866148 28 56
0.392529955989546 19 2
0.182246050995146 17 1
0 15 0
0 15 0
5.89659129322919 34 63
2.45225967138132 27 46
0 15 0
0.182246050995146 17 1
0.392529955989546 19 2
1.72432208886286 25 21
0.287974490817591 18 3
0.408736036796204 19 6
0.182246050995146 17 1
0.182246050995146 17 1
0.408736036796204 19 6
0.182246050995146 17 1
0.182246050995146 17 1
0.549417434380533 20 10
3.20876762280955 30 55
2.16876581427775 26 37
0.182246050995146 17 1
0 15 0
0 15 0
0.182246050995146 17 1
0 15 0
9.82123069102633 33 93
0.6778433777715 21 7
7.57366429020742 36 94
0 15 0
0.287974490817591 18 3
0 15 0
1.17149385820011 23 28
2.34951951577843 27 34
2.73281862557057 28 24
1.37507432919074 21 7
1.3697925919982 23 16
0.408736036796204 19 6
0 15 0
1.74878685456974 25 17
0 15 0
0 15 0
1.4944500245335 24 36
0.524592757880061 20 4
0.287974490817591 18 3
2.51422026874935 25 14
0.182246050995146 17 1
0.287974490817591 18 3
0 15 0
0 15 0
0.408736036796204 19 6
0 15 0
0.919334315136428 22 21
6.65507500665937 34 71
0.287974490817591 18 3
0.182246050995146 17 1
1.92384007873489 25 45
0.392529955989546 19 2
0.680666978296124 21 6
0.287974490817591 18 3
1.13980025224248 24 6
1.31570455625451 22 11
3.67979563412684 30 57
0.71654221804856 21 15
0.71654221804856 21 15
0 15 0
0.287974490817591 18 3
0.287974490817591 18 3
3.69001595050005 31 51
9.66037571573875 39 133
7.90825142046022 29 91
6.17309084754965 33 88
0 15 0
0.182246050995146 17 1
0.524592757880061 20 4
0 15 0
7.57601775222609 32 32
0.182246050995146 17 1
0.6778433777715 21 7
2.2517676077285 25 14
1.31570455625451 22 11
0.392529955989546 19 2
0.392529955989546 19 2
1.65471409935548 23 8
0 15 0
0.524592757880061 20 4
5.62835603067598 34 32
3.07404150866148 28 56
0.182246050995146 17 1
0.919334315136428 22 21
9.08642902433922 39 101
2.29107178521906 27 25
0.524592757880061 20 4
0.392529955989546 19 2
0.392529955989546 19 2
1.7913555451214 29 27
2.52374587665876 26 55
4.51882992532301 30 33
1.37507432919074 21 7
0.392529955989546 19 2
8.97298125820501 39 97
0.182246050995146 17 1
0.524592757880061 20 4
0.287974490817591 18 3
0.182246050995146 17 1
3.18087925155859 28 23
0.182246050995146 17 1
0.182246050995146 17 1
0.919334315136428 22 21
2.73140397148567 28 38
0.182246050995146 17 1
1.08747335097939 23 13
0.182246050995146 17 1
0.392529955989546 19 2
0.6778433777715 21 7
0 15 0
0.637861178483013 21 3
0.524592757880061 20 4
8.69310176125216 36 82
0.182246050995146 17 1
0 15 0
5.52070589905957 35 77
0 15 0
0 15 0
0 15 0
0.392529955989546 19 2
0 15 0
2.79691061056104 27 19
1.92384007873489 25 45
3.94690766763767 28 20
0 15 0
4.38647703571717 31 72
0.408736036796204 19 6
0.182246050995146 17 1
0.287974490817591 18 3
1.3697925919982 23 16
0.408736036796204 19 6
2.3840205223544 27 30
1.66825231295557 20 4
0.287974490817591 18 3
0.182246050995146 17 1
0.182246050995146 17 1
0.182246050995146 17 1
0.859503649211791 22 11
2.27649454390788 25 17
1.91358353544904 22 5
0.182246050995146 17 1
0.6778433777715 21 7
0 15 0
0.408736036796204 19 6
0.182246050995146 17 1
0.287974490817591 18 3
0.287974490817591 18 3
0 15 0
2.43884164759675 27 22
0.919334315136428 22 21
4.66236296740031 28 36
0.392529955989546 19 2
1.35318169376999 24 22
0 15 0
1.92384007873489 25 45
0 15 0
0.392529955989546 19 2
0.182246050995146 17 1
0.392529955989546 19 2
0.408736036796204 19 6
0.71654221804856 21 15
2.90951919312123 29 35
0.287974490817591 18 3
0.182246050995146 17 1
0.408736036796204 19 6
0.549417434380533 20 10
0 15 0
0.524592757880061 20 4
0.182246050995146 17 1
0.182246050995146 17 1
3.65974287932042 28 32
7.90794246048956 36 63
0.182246050995146 17 1
1.65471409935548 23 8
2.84096371047263 27 39
2.39281968040401 26 17
2.45225967138132 27 46
2.962996757126 29 40
0.392529955989546 19 2
0 15 0
0.680666978296124 21 6
0 15 0
0.287974490817591 18 3
0 15 0
1.36363632013928 24 18
4.75496514869155 26 11
0 15 0
0.392529955989546 19 2
0 15 0
0 15 0
0.549417434380533 20 10
1.00387814751894 23 7
0.524592757880061 20 4
1.65471409935548 24 12
0 15 0
0.182246050995146 17 1
0.287974490817591 18 3
0 15 0
0 15 0
1.31570455625451 22 11
0.864850082218313 22 9
1.31570455625451 22 11
1.92855643850568 23 13
4.88852282708055 32 70
0 15 0
1.7168110309795 25 24
7.90825142046022 29 91
0.182246050995146 17 1
0.287974490817591 18 3
0.182246050995146 17 1
4.3677252898802 29 32
0 15 0
0 15 0
0.524592757880061 20 4
1.00077218694185 23 8
0.182246050995146 17 1
1.91358353544904 22 5
0 15 0
5.73900439839123 33 73
0.182246050995146 17 1
0.680666978296124 21 6
0.182246050995146 17 1
0.182246050995146 17 1
0 15 0
0.864850082218313 22 9
0.408736036796204 19 6
0.408736036796204 19 6
0.182246050995146 17 1
0 15 0
0.287974490817591 18 3
0 15 0
0.287974490817591 18 3
0.859503649211791 22 11
0.408736036796204 19 6
1.35318169376999 24 22
0.71654221804856 21 15
0 15 0
0 15 0
0 15 0
0 15 0
0 15 0
0.182246050995146 17 1
0.637861178483013 21 3
0 15 0
0.287974490817591 18 3
0.182246050995146 17 1
0 15 0
0.549417434380533 20 10
0 15 0
1.91358353544904 22 5
0.392529955989546 19 2
0 15 0
0.182246050995146 17 1
0.524592757880061 20 4
2.41405092440801 28 24
0.287974490817591 18 3
0.637861178483013 21 3
4.02449304375483 29 67
0.182246050995146 17 1
0.182246050995146 17 1
1.37507432919074 21 7
0.182246050995146 17 1
1.35318169376999 24 22
2.03332413218864 26 13
0 15 0
0.182246050995146 17 1
0.392529955989546 19 2
3.42227259571947 27 66
0 15 0
2.8793825400865 28 28
3.07404150866148 28 56
0 15 0
1.07965187715752 23 16
0 15 0
4.22861915005326 29 20
0.524592757880061 20 4
0 15 0
0 15 0
0.287974490817591 18 3
5.94749377482079 32 70
0.864850082218313 22 9
1.08747335097939 23 13
0.287974490817591 18 3
0 15 0
3.55449651845337 31 35
1.66825231295557 20 4
1.00077218694185 23 8
0 15 0
0 15 0
0.287974490817591 18 3
0.182246050995146 17 1
3.07404150866148 28 56
0 15 0
0 15 0
0.182246050995146 17 1
0 15 0
0.392529955989546 19 2
1.50489266281286 24 22
0.804232528044798 22 5
0 15 0
2.27547756828914 27 30
0.6778433777715 21 7
0.408736036796204 19 6
0.287974490817591 18 3
0.182246050995146 17 1
0.182246050995146 17 1
0.182246050995146 17 1
0.182246050995146 17 1
0.859503649211791 22 11
0.182246050995146 17 1
0.287974490817591 18 3
0.287974490817591 18 3
0.182246050995146 17 1
1.4944500245335 24 36
0 15 0
0 15 0
0.6778433777715 21 7
4.11648575182988 28 20
1.24443839290169 24 10
0.637861178483013 21 3
0.287974490817591 18 3
0.524592757880061 20 4
0.287974490817591 18 3
1.3697925919982 23 16
3.07404150866148 28 56
1.31570455625451 22 11
0.524592757880061 20 4
4.38647703571717 31 72
0.6778433777715 21 7
0.392529955989546 19 2
0 15 0
1.36363632013928 24 18
5.63777112616996 33 60
1.23849791178333 24 12
0 15 0
0.287974490817591 18 3
0.287974490817591 18 3
4.29493828862699 30 33
0.182246050995146 17 1
1.37507432919074 21 7
3.29260806160118 30 33
4.02449304375483 29 67
3.65974287932042 28 32
0.182246050995146 17 1
0.6778433777715 21 7
0.71654221804856 21 15
2.07995488501082 23 7
0.392529955989546 19 2
0.182246050995146 17 1
1.3697925919982 23 16
0.524592757880061 20 4
2.49577892041912 26 16
0.919334315136428 22 21
0 15 0
2.02227281488907 26 37
6.01179397788883 34 46
0.182246050995146 17 1
6.52681448726895 38 71
0.182246050995146 17 1
0.182246050995146 17 1
0 15 0
1.92384007873489 25 45
2.81889703726828 27 46
2.54179416245527 28 42
0 15 0
0 15 0
0.549417434380533 20 10
0.392529955989546 19 2
2.74972434711174 30 55
0.182246050995146 17 1
6.40813545458953 34 93
0.408736036796204 19 6
4.17092252966833 32 40
0.182246050995146 17 1
0 15 0
1.00387814751894 23 7
1.00077218694185 23 8
0.6778433777715 21 7
0.71654221804856 21 15
5.79446607712222 31 81
4.98690426095077 31 39
0.182246050995146 17 1
0.392529955989546 19 2
0 15 0
4.46502824938109 24 10
0.182246050995146 17 1
0 15 0
1.00077218694185 23 8
0.919334315136428 22 21
0.864850082218313 22 9
1.24443839290169 24 10
0.182246050995146 17 1
1.91358353544904 22 5
0.182246050995146 17 1
1.00077218694185 23 8
2.25162079964074 27 39
2.67606671835914 24 10
0.524592757880061 20 4
2.67118531067165 26 11
0.524592757880061 20 4
4.46502824938109 24 10
0.804232528044798 22 5
1.07965187715752 23 16
0.392529955989546 19 2
2.63745316945479 28 20
0 15 0
1.50489266281286 24 22
0 15 0
5.71599348305841 31 23
0.524592757880061 20 4
1.08747335097939 23 13
0.6778433777715 21 7
1.00077218694185 23 8
0.392529955989546 19 2
0 15 0
0 15 0
8.9865785023165 37 88
0.392529955989546 19 2
0.182246050995146 17 1
0 15 0
0 15 0
0.392529955989546 19 2
0.182246050995146 17 1
1.24443839290169 24 10
8.84939957625253 31 92
0.6778433777715 21 7
3.94690766763767 28 20
0.408736036796204 19 6
2.18593654103826 26 31
0 15 0
4.68790730158595 33 60
0.408736036796204 19 6
0.182246050995146 17 1
0.71654221804856 21 15
1.35318169376999 24 22
0 15 0
1.66825231295557 20 4
0.182246050995146 17 1
0.6778433777715 21 7
0.182246050995146 17 1
0 15 0
2.2517676077285 25 14
0.6778433777715 21 7
0.680666978296124 21 6
0.182246050995146 17 1
0.287974490817591 18 3
0 15 0
0 15 0
1.7267405080531 25 20
0 15 0
0.392529955989546 19 2
0.524592757880061 20 4
1.07965187715752 23 16
0 15 0
1.31570455625451 22 11
0 15 0
0.287974490817591 18 3
1.8822995713847 25 14
0.287974490817591 18 3
0.182246050995146 17 1
5.238859226883 34 87
3.07404150866148 28 56
1.17149385820011 23 28
0.182246050995146 17 1
0.859503649211791 22 11
2.87571233783328 25 12
5.54540770626851 33 38
1.00387814751894 23 7
0.392529955989546 19 2
2.91334345960778 29 40
0.919334315136428 22 21
0 15 0
0.6778433777715 21 7
0 15 0
0.392529955989546 19 2
4.91827482752782 28 78
0.182246050995146 17 1
2.25907579735615 26 23
0.6778433777715 21 7
1.36855302746754 24 16
0.919334315136428 22 21
4.29339578241916 34 45
0.71654221804856 21 15
0.549417434380533 20 10
8.01086653049215 36 46
0.182246050995146 17 1
0.182246050995146 17 1
4.26497575535401 32 66
2.73140397148567 28 38
0.864850082218313 22 9
1.4944500245335 24 36
1.92384007873489 25 45
0.549417434380533 20 10
0.182246050995146 17 1
1.39546295370562 25 9
0.392529955989546 19 2
0.182246050995146 17 1
0.392529955989546 19 2
0.637861178483013 21 3
0.864850082218313 22 9
0.287974490817591 18 3
0.392529955989546 19 2
0 15 0
8.84939957625253 31 92
1.91358353544904 22 5
0.392529955989546 19 2
0.182246050995146 17 1
0.864850082218313 22 9
0 15 0
0 15 0
0.182246050995146 17 1
0.524592757880061 20 4
1.74878685456974 25 17
0 15 0
0 15 0
1.63863336542487 24 12
0 15 0
0.287974490817591 18 3
0.919334315136428 22 21
0.182246050995146 17 1
4.0189127911584 33 32
0 15 0
0.182246050995146 17 1
0.392529955989546 19 2
1.91358353544904 22 5
2.51422026874935 25 14
0.182246050995146 17 1
0.408736036796204 19 6
0.287974490817591 18 3
3.13025959854872 24 16
0.71654221804856 21 15
0 15 0
0 15 0
0.524592757880061 20 4
1.37507432919074 21 7
0.392529955989546 19 2
3.42227259571947 27 66
0.182246050995146 17 1
1.07965187715752 23 16
0.804232528044798 22 5
2.73140397148567 28 38
0 15 0
0.287974490817591 18 3
3.39630177702328 29 47
0 15 0
0.919334315136428 22 21
7.90825142046022 29 91
0.182246050995146 17 1
0.182246050995146 17 1
4.02449304375483 29 67
0.919334315136428 22 21
0.182246050995146 17 1
1.37507432919074 21 7
0.408736036796204 19 6
0.182246050995146 17 1
0.287974490817591 18 3
0.182246050995146 17 1
0.408736036796204 19 6
8.24348775095535 37 51
0.392529955989546 19 2
0.859503649211791 22 11
0 15 0
0 15 0
0.524592757880061 20 4
0.408736036796204 19 6
0 15 0
0.182246050995146 17 1
0.182246050995146 17 1
0.864850082218313 22 9
0 15 0
2.67606671835914 24 10
0.182246050995146 17 1
1.37507432919074 21 7
1.63863336542487 24 12
8.16487297193724 35 31
0 15 0
0.524592757880061 20 4
0 15 0
1.92855643850568 23 13
0 15 0
0.392529955989546 19 2
0.182246050995146 17 1
0.549417434380533 20 10
0.392529955989546 19 2
0.71654221804856 21 15
0.392529955989546 19 2
4.88852282708055 32 70
0.549417434380533 20 10
1.83620702710513 25 24
0 15 0
0 15 0
0 15 0
0.182246050995146 17 1
3.42227259571947 27 66
0.524592757880061 20 4
1.91358353544904 22 5
4.95238673626585 35 64
0.524592757880061 20 4
0.71654221804856 21 15
1.7189237812559 26 11
0.859503649211791 22 11
0 15 0
0.680666978296124 21 6
0.549417434380533 20 10
0.182246050995146 17 1
0.182246050995146 17 1
0 15 0
0.287974490817591 18 3
0.182246050995146 17 1
0 15 0
0.182246050995146 17 1
2.41405092440801 28 24
9.82123069102633 33 93
2.3964269481944 22 9
2.22252968278416 27 18
1.91358353544904 22 5
0.182246050995146 17 1
1.50489266281286 24 22
0 15 0
0.182246050995146 17 1
0.549417434380533 20 10
0.804232528044798 22 5
0.804232528044798 22 5
4.2062431277646 29 58
0.182246050995146 17 1
0.804232528044798 22 5
0 15 0
0.392529955989546 19 2
5.97310754881004 32 84
4.0085409825366 29 26
2.40042015312812 27 10
1.66825231295557 20 4
2.07995488501082 23 7
5.4787514594221 35 53
1.3697925919982 23 16
0.287974490817591 18 3
0 15 0
0 15 0
0.919334315136428 22 21
0.182246050995146 17 1
0.6778433777715 21 7
0.804232528044798 22 5
4.2062431277646 29 58
1.00077218694185 23 8
0.182246050995146 17 1
0.524592757880061 20 4
1.71767379576028 25 29
0.182246050995146 17 1
0 15 0
0.6778433777715 21 7
0.182246050995146 17 1
2.77134681001873 28 28
0.182246050995146 17 1
8.78489999622187 40 86
0 15 0
0.637861178483013 21 3
0.859503649211791 22 11
6.01230921716709 35 73
1.66825231295557 20 4
0 15 0
7.41885352768606 35 83
0.182246050995146 17 1
0 15 0
1.08747335097939 23 13
0.392529955989546 19 2
4.91827482752782 28 78
0.6778433777715 21 7
0.182246050995146 17 1
0 15 0
3.30904648915466 27 15
1.65471409935548 23 8
4.26029380087626 28 26
0 15 0
0.549417434380533 20 10
1.70334222564757 25 29
1.66825231295557 20 4
0.524592757880061 20 4
0.6778433777715 21 7
0.182246050995146 17 1
0.287974490817591 18 3
0.182246050995146 17 1
0 15 0
0.392529955989546 19 2
0.182246050995146 17 1
0.182246050995146 17 1
0.182246050995146 17 1
0.6778433777715 21 7
0.182246050995146 17 1
3.78091802763219 25 14
9.20767477074725 33 97
5.00524698234667 30 37
6.40813545458953 34 93
0 15 0
2.48493824550865 27 21
5.34050781820581 33 46
0.864850082218313 22 9
1.17149385820011 23 28
0.392529955989546 19 2
0.182246050995146 17 1
0.182246050995146 17 1
8.84939957625253 31 92
2.05262705187973 26 19
1.65471409935548 23 8
0 15 0
0.6778433777715 21 7
0.182246050995146 17 1
0.408736036796204 19 6
0.71654221804856 21 15
0 15 0
2.49979422940313 25 21
0.919334315136428 22 21
0 15 0
0.408736036796204 19 6
0.182246050995146 17 1
0.859503649211791 22 11
0.804232528044798 22 5
0.182246050995146 17 1
0.524592757880061 20 4
0.392529955989546 19 2
0 15 0
1.66825231295557 20 4
4.68180961549962 30 25
0 15 0
0 15 0
1.53353895104371 25 17
2.07995488501082 23 7
0.182246050995146 17 1
1.85435971882962 24 10
1.92855643850568 23 13
0 15 0
0.182246050995146 17 1
0.524592757880061 20 4
0.919334315136428 22 21
0.392529955989546 19 2
0 15 0
0.524592757880061 20 4
2.54234883169559 28 24
2.07995488501082 23 7
0.864850082218313 22 9
0.182246050995146 17 1
0 15 0
0.182246050995146 17 1
1.00387814751894 23 7
0.182246050995146 17 1
0.524592757880061 20 4
7.05716558426661 32 80
7.90825142046022 29 91
3.84768015746978 29 51
7.90825142046022 29 91
0.182246050995146 17 1
0.859503649211791 22 11
2.52374587665876 26 55
0.680666978296124 21 6
0.804232528044798 22 5
1.37507432919074 21 7
3.45318840771908 26 17
0 15 0
0.182246050995146 17 1
0.392529955989546 19 2
1.71767379576028 25 29
0.182246050995146 17 1
0.392529955989546 19 2
0 15 0
0.182246050995146 17 1
0 15 0
3.0748110678117 28 26
0.637861178483013 21 3
0.392529955989546 19 2
0.287974490817591 18 3
0.182246050995146 17 1
0.182246050995146 17 1
0.864850082218313 22 9
0 15 0
0.524592757880061 20 4
1.53353895104371 25 17
10.0851712365139 39 103
0 15 0
1.92384007873489 25 45
1.4944500245335 24 36
2.63745316945479 28 20
1.35318169376999 24 22
7.42604406975678 34 85
2.81889703726828 27 46
6.40813545458953 34 93
0.392529955989546 19 2
3.51914490280708 30 33
0.549417434380533 20 10
0.182246050995146 17 1
1.24443839290169 24 10
0.182246050995146 17 1
0.637861178483013 21 3
0.182246050995146 17 1
9.02835174680567 32 94
0 15 0
0.182246050995146 17 1
1.4944500245335 24 36
0.524592757880061 20 4
8.58042047801655 40 98
1.8932465005849 29 26
0.549417434380533 20 10
5.25452563863016 33 42
1.66825231295557 20 4
0.182246050995146 17 1
0.287974490817591 18 3
2.79267909045506 28 32
0.287974490817591 18 3
0 15 0
0.408736036796204 19 6
1.07965187715752 23 16
1.17149385820011 23 28
0.637861178483013 21 3
0.524592757880061 20 4
3.66238067730711 29 31
0.392529955989546 19 2
0.524592757880061 20 4
0.182246050995146 17 1
0.549417434380533 20 10
0 15 0
0.182246050995146 17 1
1.66825231295557 20 4
1.24443839290169 24 10
0 15 0
0.408736036796204 19 6
0 15 0
1.4944500245335 24 36
0.392529955989546 19 2
0.287974490817591 18 3
0.287974490817591 18 3
1.98758105024406 26 31
1.13980025224248 24 6
1.07965187715752 23 16
0.182246050995146 17 1
3.92828500243877 30 24
0.392529955989546 19 2
1.08747335097939 23 13
1.54233810909332 25 14
0.182246050995146 17 1
2.89716389509054 29 51
0.392529955989546 19 2
0.392529955989546 19 2
0 15 0
0.287974490817591 18 3
1.66825231295557 20 4
3.42912921835495 30 28
1.66825231295557 20 4
0.524592757880061 20 4
0 15 0
3.18356541276337 35 53
0.408736036796204 19 6
2.98796309696378 27 15
0.524592757880061 20 4
0.71654221804856 21 15
0.864850082218313 22 9
1.54513869963012 25 13
0.182246050995146 17 1
2.8793825400865 27 22
0 15 0
0 15 0
0 15 0
0.182246050995146 17 1
0.287974490817591 18 3
0 15 0
1.36363632013928 24 18
0 15 0
1.91358353544904 22 5
2.73140397148567 28 38
0.71654221804856 21 15
3.75211038030115 29 43
1.70334222564757 25 29
0.182246050995146 17 1
0.549417434380533 20 10
0 15 0
0.182246050995146 17 1
0.408736036796204 19 6
4.04311817996242 31 48
0.182246050995146 17 1
0 15 0
0.182246050995146 17 1
0 15 0
0.182246050995146 17 1
0.182246050995146 17 1
0.408736036796204 19 6
0 15 0
0.549417434380533 20 10
0.524592757880061 20 4
0 15 0
0 15 0
0.408736036796204 19 6
0.287974490817591 18 3
0.182246050995146 17 1
0.182246050995146 17 1
0.71654221804856 21 15
0.182246050995146 17 1
0.287974490817591 18 3
0.392529955989546 19 2
0 15 0
0.71654221804856 21 15
1.00387814751894 23 7
0.287974490817591 18 3
0 15 0
0.549417434380533 20 10
1.17149385820011 23 28
11.3464051171786 37 99
2.27547756828914 27 30
0 15 0
1.17149385820011 23 28
0.408736036796204 19 6
0.408736036796204 19 6
1.70334222564757 25 29
0.524592757880061 20 4
0.408736036796204 19 6
0.182246050995146 17 1
0.182246050995146 17 1
0.392529955989546 19 2
4.91827482752782 28 78
4.02449304375483 29 67
0 15 0
0.392529955989546 19 2
4.17069041565903 30 33
1.66825231295557 20 4
0 15 0
5.62613209176432 30 79
0.182246050995146 17 1
0.182246050995146 17 1
3.11627258321603 26 15
0 15 0
0.287974490817591 18 3
1.99028182355317 25 9
0.6778433777715 21 7
0.182246050995146 17 1
0 15 0
2.25162079964074 27 39
0.71654221804856 21 15
0 15 0
7.24581001414327 33 82
0 15 0
0 15 0
0.182246050995146 17 1
0 15 0
0 15 0
0.549417434380533 20 10
1.91358353544904 22 5
1.91358353544904 22 5
4.02449304375483 29 67
2.65389508861685 28 48
3.27074821132783 27 13
2.27649454390788 24 10
0.287974490817591 18 3
0 15 0
0.71654221804856 21 15
3.13025959854872 24 16
0.919334315136428 22 21
0.287974490817591 18 3
7.90825142046022 29 91
0.182246050995146 17 1
1.91358353544904 22 5
0 15 0
1.00077218694185 23 8
0 15 0
0.182246050995146 17 1
0.864850082218313 22 9
0.408736036796204 19 6
0.392529955989546 19 2
0.182246050995146 17 1
0.182246050995146 17 1
2.65389508861685 28 48
0.804232528044798 22 5
0.392529955989546 19 2
0.6778433777715 21 7
1.66825231295557 20 4
9.02835174680567 32 94
0.408736036796204 19 6
0.182246050995146 17 1
0 15 0
0.392529955989546 19 2
0 15 0
4.02449304375483 29 67
0.287974490817591 18 3
1.07965187715752 23 16
6.32334614093123 37 66
0.182246050995146 17 1
1.4944500245335 24 36
0.919334315136428 22 21
0.392529955989546 19 2
5.15702189527074 34 57
0 15 0
1.36363632013928 24 18
3.13025959854872 24 16
1.8822995713847 25 14
0.182246050995146 17 1
3.45234338127383 29 40
4.51832189012831 33 76
1.31570455625451 22 11
0.182246050995146 17 1
0 15 0
2.34951951577843 27 34
0.287974490817591 18 3
0.524592757880061 20 4
0.864850082218313 22 9
1.66825231295557 20 4
1.17149385820011 23 28
0 15 0
1.63863336542487 24 12
2.25162079964074 27 39
2.48493824550865 27 21
0.408736036796204 19 6
0.392529955989546 19 2
1.91358353544904 22 5
1.66825231295557 20 4
6.3711053092827 32 80
0.182246050995146 17 1
6.80095101523882 34 85
0.182246050995146 17 1
2.07995488501082 23 7
0.182246050995146 17 1
2.09491996421237 25 13
0.182246050995146 17 1
1.93298979134903 26 16
0 15 0
1.35318169376999 24 22
0.392529955989546 19 2
0.182246050995146 17 1
0.182246050995146 17 1
0.182246050995146 17 1
0 15 0
1.91358353544904 22 5
0.392529955989546 19 2
3.27866855977545 28 28
1.4944500245335 24 36
0 15 0
0.287974490817591 18 3
0 15 0
3.80240994760937 29 16
0.287974490817591 18 3
3.42227259571947 27 66
0.182246050995146 17 1
0 15 0
5.18618993387405 33 58
0.524592757880061 20 4
1.63863336542487 24 12
0 15 0
6.65507500665937 34 71
1.9229336107209 26 19
0 15 0
4.15935703088501 32 56
2.16876581427775 26 37
0.392529955989546 19 2
19.9043154934443 56 168
6.57556249844609 33 82
0.6778433777715 21 7
0.287974490817591 18 3
3.47924279172552 25 8
3.57733252017604 29 32
1.24443839290169 24 10
0.182246050995146 17 1
1.07965187715752 23 16
0.71654221804856 21 15
0.287974490817591 18 3
1.50489266281286 24 22
1.66825231295557 20 4
1.17149385820011 23 28
10.1618299745717 37 119
0.287974490817591 18 3
0.182246050995146 17 1
0.182246050995146 17 1
1.24443839290169 24 10
1.17149385820011 23 28
0 15 0
0 15 0
11.0794549213003 36 96
1.4944500245335 24 36
1.35318169376999 24 22
1.91358353544904 22 5
1.92384007873489 25 45
0.524592757880061 20 4
0.71654221804856 21 15
6.33459761828442 35 58
6.0999723965659 33 30
0 15 0
0.392529955989546 19 2
0.182246050995146 17 1
0.524592757880061 20 4
2.2035204347595 24 6
0 15 0
0 15 0
0.637861178483013 21 3
0.182246050995146 17 1
0.287974490817591 18 3
0 15 0
0.524592757880061 20 4
0.524592757880061 20 4
0.182246050995146 17 1
0.392529955989546 19 2
7.88107798052164 36 67
0 15 0
0.680666978296124 21 6
0.408736036796204 19 6
0.864850082218313 22 9
0.182246050995146 17 1
0 15 0
0 15 0
0.919334315136428 22 21
2.27649454390788 24 10
0.392529955989546 19 2
2.16876581427775 26 37
0.287974490817591 18 3
4.02449304375483 29 67
0.524592757880061 20 4
0.919334315136428 22 21
0.182246050995146 17 1
0.182246050995146 17 1
1.91358353544904 22 5
0.182246050995146 17 1
2.07995488501082 23 7
6.50460589915042 31 39
0.182246050995146 17 1
0 15 0
0 15 0
7.90825142046022 29 91
1.92384007873489 25 45
0.182246050995146 17 1
0 15 0
7.10492402347205 38 93
1.92384007873489 25 45
0.287974490817591 18 3
2.2035204347595 24 6
0.680666978296124 21 6
0.408736036796204 19 6
1.37507432919074 21 7
0.919334315136428 22 21
0.182246050995146 17 1
0 15 0
0.182246050995146 17 1
0.287974490817591 18 3
1.92855643850568 23 13
1.85435971882962 24 10
0.392529955989546 19 2
0 15 0
1.24443839290169 24 10
0.182246050995146 17 1
0 15 0
0.287974490817591 18 3
0.182246050995146 17 1
1.99028182355317 26 13
0 15 0
1.91358353544904 22 5
1.71767379576028 25 29
0.408736036796204 19 6
4.07731182783981 31 47
0.859503649211791 22 11
0.804232528044798 22 5
0.182246050995146 17 1
0 15 0
2.07995488501082 23 7
0 15 0
0.804232528044798 22 5
6.57556249844609 33 82
2.52374587665876 26 55
0.287974490817591 18 3
0.182246050995146 17 1
1.66825231295557 20 4
0 15 0
2.51422026874935 25 14
0.392529955989546 19 2
1.37507432919074 21 7
2.2035204347595 24 6
0.182246050995146 17 1
0 15 0
0.182246050995146 17 1
0.524592757880061 20 4
0.392529955989546 19 2
2.67606671835914 24 10
0.182246050995146 17 1
1.80076717737548 24 18
0.182246050995146 17 1
0 15 0
0.182246050995146 17 1
1.95877973669905 26 23
0 15 0
4.47481397638879 31 57
2.3840205223544 27 30
0 15 0
0.392529955989546 19 2
0.182246050995146 17 1
1.63863336542487 24 12
0.182246050995146 17 1
4.6685527599723 31 41
0.392529955989546 19 2
0.71654221804856 21 15
1.83620702710513 25 24
0 15 0
0.287974490817591 18 3
0.182246050995146 17 1
0.392529955989546 19 2
0.182246050995146 17 1
0.549417434380533 20 10
0.287974490817591 18 3
2.81889703726828 27 46
1.85435971882962 24 10
0 15 0
0.804232528044798 22 5
9.02835174680567 32 94
0 15 0
1.91358353544904 22 5
7.90825142046022 29 91
0.408736036796204 19 6
0.182246050995146 17 1
7.7910876415085 34 31
0 15 0
0.392529955989546 19 2
10.8831477079796 36 102
0.408736036796204 19 6
0.182246050995146 17 1
0.408736036796204 19 6
0.549417434380533 20 10
7.90825142046022 29 91
0 15 0
0.524592757880061 20 4
0.182246050995146 17 1
1.91358353544904 22 5
1.17149385820011 23 28
0.549417434380533 20 10
0 15 0
2.81821666654187 27 25
1.80076717737548 24 18
3.42227259571947 27 66
1.92384007873489 25 45
0 15 0
2.879450972014 28 38
0.680666978296124 21 6
0.182246050995146 17 1
0.287974490817591 18 3
2.18299987811313 26 17
0.287974490817591 18 3
9.07341812876858 39 65
0.408736036796204 19 6
0.182246050995146 17 1
0.919334315136428 22 21
0 15 0
0 15 0
0 15 0
0 15 0
2.52374587665876 26 55
0 15 0
0.549417434380533 20 10
0 15 0
0 15 0
0 15 0
1.8822995713847 25 14
0.6778433777715 21 7
0.408736036796204 19 6
1.31570455625451 22 11
11.3538597696982 43 127
0 15 0
7.1786559507595 36 72
0.864850082218313 22 9
0 15 0
0 15 0
0.182246050995146 17 1
0.287974490817591 18 3
0.549417434380533 20 10
1.66825231295557 20 4
0.182246050995146 17 1
0.182246050995146 17 1
0.859503649211791 22 11
0.182246050995146 17 1
0.182246050995146 17 1
0.408736036796204 19 6
0.287974490817591 18 3
2.3964269481944 22 9
1.3697925919982 23 16
1.8822995713847 25 14
0.549417434380533 20 10
0.182246050995146 17 1
0.392529955989546 19 2
7.07444949296232 36 106
2.879450972014 28 38
0.182246050995146 17 1
0 15 0
0.524592757880061 20 4
3.30904648915466 27 15
0.637861178483013 21 3
15.5711572809198 48 172
0.392529955989546 19 2
5.62613209176432 30 79
1.36855302746754 24 16
1.3697925919982 23 16
0 15 0
0 15 0
3.51567763398426 30 51
0.287974490817591 18 3
0 15 0
0.6778433777715 21 7
0 15 0
4.32605691769321 30 49
3.13025959854872 24 16
8.69310176125216 36 82
1.63863336542487 24 12
0 15 0
0 15 0
1.35318169376999 24 22
5.09546511340423 34 71
0.287974490817591 18 3
0.549417434380533 20 10
1.00077218694185 23 8
1.8822995713847 25 14
0.182246050995146 17 1
0 15 0
0.287974490817591 18 3
0.287974490817591 18 3
0.524592757880061 20 4
2.80926130800974 26 19
0 15 0
0.182246050995146 17 1
0.919334315136428 22 21
0.287974490817591 18 3
0.287974490817591 18 3
0.182246050995146 17 1
0.182246050995146 17 1
0.392529955989546 19 2
0.182246050995146 17 1
0.804232528044798 22 5
0 15 0
1.92384007873489 25 45
0.524592757880061 20 4
0.637861178483013 21 3
0.182246050995146 17 1
0.182246050995146 17 1
0.182246050995146 17 1
0.524592757880061 20 4
8.69310176125216 36 82
0.919334315136428 22 21
0.392529955989546 19 2
0.182246050995146 17 1
0 15 0
1.63863336542487 24 12
8.84939957625253 31 92
0 15 0
0.182246050995146 17 1
0 15 0
1.35318169376999 24 22
0.524592757880061 20 4
4.91827482752782 28 78
4.88852282708055 32 70
1.3697925919982 23 16
0 15 0
0 15 0
1.65471409935548 23 8
0 15 0
0.71654221804856 21 15
1.31570455625451 22 11
0.182246050995146 17 1
1.08747335097939 23 13
1.87439017312018 29 31
0 15 0
0 15 0
1.92384007873489 25 45
1.07965187715752 23 16
0 15 0
0 15 0
5.4544207328023 36 68
1.70334222564757 25 29
0.182246050995146 17 1
0.182246050995146 17 1
3.65974287932042 28 32
1.36363632013928 24 18
1.91358353544904 22 5
1.63863336542487 24 12
3.2072665310496 28 18
1.66825231295557 20 4
1.92855643850568 23 13
0.408736036796204 19 6
1.00077218694185 23 8
0.392529955989546 19 2
1.07965187715752 23 16
2.54687834082568 28 32
0.408736036796204 19 6
4.67177141785477 31 68
1.63863336542487 24 12
0 15 0
0.287974490817591 18 3
4.88852282708055 32 70
2.85535666143107 27 34
0.919334315136428 22 21
0.287974490817591 18 3
4.02449304375483 29 67
0.392529955989546 19 2
0 15 0
4.02449304375483 29 67
0 15 0
0.287974490817591 18 3
0.392529955989546 19 2
0 15 0
1.66825231295557 20 4
2.41552260920851 25 8
0.182246050995146 17 1
0.524592757880061 20 4
0.408736036796204 19 6
0.182246050995146 17 1
1.37507432919074 21 7
1.17149385820011 23 28
1.17149385820011 23 28
0 15 0
0.859503649211791 22 11
5.33426700708329 34 53
1.70334222564757 25 29
0.524592757880061 20 4
0.182246050995146 17 1
0.182246050995146 17 1
0.680666978296124 21 6
2.67606671835914 24 10
1.91358353544904 22 5
5.73090270866835 32 26
0.392529955989546 19 2
1.85435971882962 24 10
0.182246050995146 17 1
3.07404150866148 28 56
0.287974490817591 18 3
0.182246050995146 17 1
0.859503649211791 22 11
1.00077218694185 23 8
1.7267405080531 25 20
0.182246050995146 17 1
0.524592757880061 20 4
4.60933463321992 32 76
0 15 0
5.77695282819068 34 77
0.6778433777715 21 7
0.182246050995146 17 1
0.392529955989546 19 2
0.804232528044798 22 5
0 15 0
1.75261594404996 27 18
1.91358353544904 22 5
0.864850082218313 22 9
3.51914490280708 29 23
0.392529955989546 19 2
0.182246050995146 17 1
0 15 0
4.91827482752782 28 78
0 15 0
5.06595620880754 33 64
0.392529955989546 19 2
0.182246050995146 17 1
1.07965187715752 23 16
0.287974490817591 18 3
0.524592757880061 20 4
0.287974490817591 18 3
0.287974490817591 18 3
2.07995488501082 23 7
0.287974490817591 18 3
0.182246050995146 17 1
0.71654221804856 21 15
7.80120083524181 37 100
9.32470844447568 35 83
1.35318169376999 24 22
0.524592757880061 20 4
0 15 0
0 15 0
1.70334222564757 25 29
0.392529955989546 19 2
0 15 0
0 15 0
1.92855643850568 23 13
0.182246050995146 17 1
0.408736036796204 19 6
0 15 0
0.392529955989546 19 2
0.182246050995146 17 1
2.02227281488907 26 37
0.392529955989546 19 2
6.12505992193839 35 59
3.88129953830472 26 25
0.182246050995146 17 1
4.3677252898802 29 32
0.182246050995146 17 1
4.9727110011246 30 69
0 15 0
0.287974490817591 18 3
0.6778433777715 21 7
0.182246050995146 17 1
1.93298979134903 26 16
2.84096371047263 27 39
0.919334315136428 22 21
0.71654221804856 21 15
0.392529955989546 19 2
0.392529955989546 19 2
0.182246050995146 17 1
0.182246050995146 17 1
0 15 0
2.49979422940313 25 21
4.34776662384442 29 23
0.182246050995146 17 1
0.182246050995146 17 1
0 15 0
1.70334222564757 25 29
1.91358353544904 22 5
1.74878685456974 25 17
0.549417434380533 20 10
1.72432208886286 25 21
0.919334315136428 22 21
0 15 0
0 15 0
0.182246050995146 17 1
0.287974490817591 18 3
0.182246050995146 17 1
1.66825231295557 20 4
0.182246050995146 17 1
1.66825231295557 20 4
5.86162420927897 32 44
1.65471409935548 23 8
0.524592757880061 20 4
0.182246050995146 17 1
1.91358353544904 22 5
1.80076717737548 24 18
1.00077218694185 23 8
1.00077218694185 23 8
2.86219067498402 28 28
0 15 0
2.39281968040401 26 17
1.66825231295557 20 4
0.182246050995146 17 1
0.287974490817591 18 3
0.6778433777715 21 7
0 15 0
1.08996276478988 23 12
1.66825231295557 20 4
0 15 0
6.45678319625585 36 102
2.45225967138132 27 46
0.392529955989546 19 2
0.287974490817591 18 3
8.78086229212612 41 80
0.182246050995146 17 1
1.80076717737548 24 18
4.46502824938109 24 10
0 15 0
1.72432208886286 25 21
0.392529955989546 19 2
0.182246050995146 17 1
0 15 0
4.95551799109286 31 59
0.680666978296124 21 6
0.6778433777715 21 7
10.2639222929591 35 97
0.6778433777715 21 7
3.27074821132783 27 13
0 15 0
5.238859226883 34 87
2.3964269481944 22 9
2.27547756828914 27 30
0.804232528044798 22 5
0 15 0
0.182246050995146 17 1
0.287974490817591 18 3
0 15 0
1.37507432919074 21 7
0.6778433777715 21 7
0.524592757880061 20 4
1.37507432919074 21 7
0.71654221804856 21 15
0.287974490817591 18 3
2.52374587665876 26 55
1.08747335097939 23 13
0 15 0
1.3697925919982 23 16
1.65471409935548 23 8
0 15 0
0.182246050995146 17 1
0.182246050995146 17 1
1.37507432919074 21 7
0.182246050995146 17 1
2.16876581427775 26 37
2.3964269481944 22 9
4.02449304375483 29 67
2.02227281488907 26 37
0.549417434380533 20 10
0.287974490817591 18 3
0.408736036796204 19 6
0.182246050995146 17 1
0.804232528044798 22 5
0.71654221804856 21 15
0.392529955989546 19 2
0 15 0
8.84939957625253 31 92
2.3964269481944 22 9
0.524592757880061 20 4
0.182246050995146 17 1
0.408736036796204 19 6
0.182246050995146 17 1
0.287974490817591 18 3
0.408736036796204 19 6
0.549417434380533 20 10
0.182246050995146 17 1
2.67118531067165 26 11
0.182246050995146 17 1
0.182246050995146 17 1
2.8793825400865 28 28
1.91358353544904 22 5
5.97310754881004 32 84
6.40813545458953 34 93
0.6778433777715 21 7
0.182246050995146 17 1
0.392529955989546 19 2
0.182246050995146 17 1
1.66825231295557 20 4
0.408736036796204 19 6
2.97764579797906 28 18
2.52374587665876 26 55
2.18035548805886 26 19
1.4944500245335 24 36
0.182246050995146 17 1
0.287974490817591 18 3
10.1618299745717 37 119
0.549417434380533 20 10
0 15 0
1.50489266281286 24 22
2.89716389509054 29 51
0 15 0
2.67606671835914 24 10
0 15 0
0.549417434380533 20 10
0.182246050995146 17 1
0 15 0
0.392529955989546 19 2
0.287974490817591 18 3
0.927798077793473 23 4
0.287974490817591 18 3
0 15 0
0 15 0
6.45678319625585 36 102
5.90801772588823 34 53
0.524592757880061 20 4
0 15 0
1.91098546629885 26 23
5.42845741794457 32 40
0.549417434380533 20 10
0.804232528044798 22 5
0 15 0
1.65471409935548 23 8
4.02449304375483 29 67
0.182246050995146 17 1
2.52374587665876 26 55
5.49018611188391 30 49
0.71654221804856 21 15
0.287974490817591 18 3
2.03332413218864 26 13
4.02449304375483 29 67
0.392529955989546 19 2
0.919334315136428 22 21
1.07965187715752 23 16
0.182246050995146 17 1
1.36855302746754 24 16
0.408736036796204 19 6
0 15 0
0.408736036796204 19 6
1.75261594404996 27 18
0 15 0
0.392529955989546 19 2
4.58459781654035 33 66
0.71654221804856 21 15
0.287974490817591 18 3
0.549417434380533 20 10
0 15 0
0 15 0
0 15 0
0.182246050995146 17 1
0.392529955989546 19 2
3.67862433116584 30 33
0 15 0
0.182246050995146 17 1
0.524592757880061 20 4
0.524592757880061 20 4
3.13025959854872 24 16
0.392529955989546 19 2
3.85694847086967 30 61
0.287974490817591 18 3
1.00077218694185 23 8
0.182246050995146 17 1
0.392529955989546 19 2
0.6778433777715 21 7
0.182246050995146 17 1
4.19604405132237 30 69
0.182246050995146 17 1
0 15 0
0.182246050995146 17 1
2.90951919312123 29 35
4.37559952060089 28 17
3.88129953830472 26 25
0.182246050995146 17 1
0.182246050995146 17 1
0.182246050995146 17 1
1.66825231295557 20 4
4.91827482752782 28 78
0.392529955989546 19 2
0 15 0
0.524592757880061 20 4
6.10500720994085 32 30
1.66825231295557 20 4
0.287974490817591 18 3
5.79446607712222 31 81
0.182246050995146 17 1
0.549417434380533 20 10
0.919334315136428 22 21
0.182246050995146 17 1
0 15 0
0 15 0
0.182246050995146 17 1
6.76533848397146 39 61
0.182246050995146 17 1
0 15 0
0.637861178483013 21 3
0.182246050995146 17 1
0.524592757880061 20 4
0 15 0
3.30904648915466 27 15
0 15 0
2.27649454390788 24 10
0.182246050995146 17 1
0 15 0
0.524592757880061 20 4
0.182246050995146 17 1
0.287974490817591 18 3
0.392529955989546 19 2
1.66825231295557 20 4
5.02392249260757 32 50
1.17149385820011 23 28
0 15 0
0.408736036796204 19 6
9.20767477074725 33 97
0 15 0
0 15 0
0.287974490817591 18 3
1.50489266281286 24 22
0.6778433777715 21 7
0 15 0
0.287974490817591 18 3
0.392529955989546 19 2
0.524592757880061 20 4
0 15 0
0.637861178483013 21 3
3.07404150866148 28 56
0.182246050995146 17 1
0 15 0
0.287974490817591 18 3
3.78091802763219 25 14
0.182246050995146 17 1
1.08747335097939 23 13
1.37507432919074 21 7
1.3697925919982 23 16
9.62379046827771 38 86
5.78252734031508 35 42
1.08996276478988 23 12
0 15 0
0.637861178483013 21 3
0.408736036796204 19 6
0 15 0
0 15 0
7.10107167924229 37 87
0 15 0
0.182246050995146 17 1
2.3964269481944 22 9
0.182246050995146 17 1
0.182246050995146 17 1
3.42227259571947 27 66
5.79446607712222 31 81
2.31617087517849 26 27
0.287974490817591 18 3
0 15 0
9.20767477074725 33 97
1.4944500245335 24 36
0 15 0
0.408736036796204 19 6
1.71767379576028 25 29
1.08996276478988 23 12
13.0563084953905 46 85
0 15 0
0.392529955989546 19 2
0 15 0
1.17149385820011 23 28
0.182246050995146 17 1
2.6025189771333 28 38
0.392529955989546 19 2
0.524592757880061 20 4
6.10168988432571 30 79
7.81032320459684 37 100
0 15 0
0.287974490817591 18 3
0.392529955989546 19 2
0 15 0
0.549417434380533 20 10
0.637861178483013 21 3
0 15 0
0.182246050995146 17 1
0 15 0
4.98690426095077 31 39
1.91358353544904 22 5
0 15 0
0 15 0
2.34817439637625 27 25
0.408736036796204 19 6
4.02449304375483 29 67
0.287974490817591 18 3
0.859503649211791 22 11
2.84096371047263 27 39
0.392529955989546 19 2
0 15 0
0 15 0
7.09206058948086 33 28
1.37507432919074 21 7
0.524592757880061 20 4
1.91358353544904 22 5
9.39767530311618 34 101
0.919334315136428 22 21
0 15 0
0.182246050995146 17 1
1.37507432919074 21 7
0 15 0
3.79254352430646 28 56
0.408736036796204 19 6
6.22902855713969 33 60
0 15 0
0.680666978296124 21 6
0 15 0
1.07965187715752 23 16
11.0595385985943 42 89
1.08996276478988 23 12
0.71654221804856 21 15
1.66825231295557 20 4
2.63996967027944 28 38
0.392529955989546 19 2
0.637861178483013 21 3
1.66825231295557 20 4
0.392529955989546 19 2
0.524592757880061 20 4
4.42409677931702 33 45
0 15 0
2.81889703726828 27 46
0 15 0
0.71654221804856 21 15
0.287974490817591 18 3
0.524592757880061 20 4
0.287974490817591 18 3
1.66825231295557 20 4
0 15 0
0 15 0
2.74319043419237 28 12
0.680666978296124 21 6
0 15 0
0.392529955989546 19 2
0 15 0
4.7948672597731 31 35
1.66825231295557 20 4
2.27649454390788 24 10
1.36363632013928 24 18
2.03332413218864 26 13
0.287974490817591 18 3
1.63863336542487 24 12
1.07965187715752 23 16
0.524592757880061 20 4
0.287974490817591 18 3
2.879450972014 28 38
0.524592757880061 20 4
1.00387814751894 23 7
6.12520234525943 31 27
8.45437830772552 37 74
1.92855643850568 23 13
0.182246050995146 17 1
0 15 0
3.78091802763219 25 14
0.287974490817591 18 3
0.392529955989546 19 2
3.75211038030115 29 43
0.524592757880061 20 4
2.52374587665876 26 55
0.6778433777715 21 7
0.182246050995146 17 1
3.13025959854872 24 16
0.637861178483013 21 3
0.804232528044798 22 5
2.02227281488907 26 37
0.549417434380533 20 10
0.287974490817591 18 3
0.392529955989546 19 2
3.41980813590764 30 43
0.182246050995146 17 1
0 15 0
0.182246050995146 17 1
0.182246050995146 17 1
0.182246050995146 17 1
0.680666978296124 21 6
0.182246050995146 17 1
0 15 0
0 15 0
0 15 0
0.287974490817591 18 3
0.524592757880061 20 4
0.182246050995146 17 1
0 15 0
0.392529955989546 19 2
0.182246050995146 17 1
0.182246050995146 17 1
2.54179416245527 28 42
0.182246050995146 17 1
2.27547756828914 27 30
1.66825231295557 20 4
4.56303012762596 29 67
1.53353895104371 25 17
0.859503649211791 22 11
0.182246050995146 17 1
0.919334315136428 22 21
0.524592757880061 20 4
0.182246050995146 17 1
0.71654221804856 21 15
0.182246050995146 17 1
0.549417434380533 20 10
0.182246050995146 17 1
0 15 0
0.919334315136428 22 21
0 15 0
1.91358353544904 22 5
0.182246050995146 17 1
0.287974490817591 18 3
0.392529955989546 19 2
0.392529955989546 19 2
0.408736036796204 19 6
0.182246050995146 17 1
0.392529955989546 19 2
0 15 0
0.71654221804856 21 15
0.859503649211791 22 11
0.287974490817591 18 3
0.524592757880061 20 4
0.287974490817591 18 3
0.6778433777715 21 7
1.07965187715752 23 16
0 15 0
5.09488675932676 34 71
0.182246050995146 17 1
1.74878685456974 25 17
0.549417434380533 20 10
0.524592757880061 20 4
0.408736036796204 19 6
1.91358353544904 22 5
0.524592757880061 20 4
1.66825231295557 20 4
5.62613209176432 30 79
0 15 0
0.637861178483013 21 3
0.182246050995146 17 1
1.13980025224248 24 6
0 15 0
0 15 0
0.392529955989546 19 2
0.392529955989546 19 2
1.36855302746754 24 16
0 15 0
0.182246050995146 17 1
