"COLLES.MDM.LN" "SACKIN" "COPHENETIC"
22.2878273796951 109 1191
0 39 0
21.7269397239792 117 1036
25.8015305269506 146 1409
0 39 0
0 39 0
5.84243344352748 75 289
4.31840830025752 71 496
33.3263100838872 160 1828
25.4873927238863 122 1111
6.10054579558226 73 561
20.3533385882848 77 703
21.5575200250928 128 970
20.3533385882848 77 703
11.8843712340865 97 861
9.6640779717897 75 630
20.3533385882848 77 703
13.2272705270511 76 666
20.1372313009373 100 900
0 39 0
0 39 0
0 39 0
0 39 0
40.9575339381192 114 1369
7.52602898121013 74 595
24.6456561732922 106 1109
26.0296129172086 131 1437
0 39 0
0 39 0
0 39 0
0 39 0
0 39 0
40.9575339381192 114 1369
16.5563806996156 92 676
13.9141505516898 94 487
0 39 0
0 39 0
0 39 0
0 39 0
1.00372163744919 58 171
0 39 0
0.292873464550028 47 28
27.4260782767462 113 1262
20.3533385882848 77 703
0.292873464550028 47 28
13.2272705270511 76 666
6.10054579558226 73 561
20.3533385882848 77 703
31.6085451602067 136 1408
0 39 0
9.6640779717897 75 630
40.9575339381192 114 1369
34.4458070990093 144 1363
13.2272705270511 76 666
0 39 0
0 39 0
61.1649667460331 200 2207
1.41363828744884 44 4
0 39 0
1.91348061101213 67 263
10.1968436820785 78 633
43.0683749593638 142 1263
5.08223752196349 72 528
18.9536223367295 95 497
47.348424234285 137 1186
0.0671432819455803 41 1
20.3533385882848 77 703
0 39 0
0 39 0
20.3533385882848 77 703
0 39 0
33.0640748106097 112 1296
0 39 0
0 39 0
20.3533385882848 77 703
0 39 0
20.3533385882848 77 703
0 39 0
1.82147281262002 64 300
20.3533385882848 77 703
0 39 0
0 39 0
20.1972608158126 113 790
9.6640779717897 75 630
0 39 0
0 39 0
0 39 0
20.3533385882848 77 703
20.3533385882848 77 703
0 39 0
0 39 0
0 39 0
0 39 0
0 39 0
0 39 0
0.910500749573456 57 153
0 39 0
0 39 0
20.3533385882848 77 703
20.3533385882848 77 703
7.68038887228669 91 714
9.6640779717897 75 630
0 39 0
0 39 0
0 39 0
20.3533385882848 77 703
7.52602898121013 74 595
0 39 0
0 39 0
0 39 0
11.0908635407627 76 324
18.5830744135297 130 1246
0 39 0
0 39 0
0 39 0
0 39 0
91.5065819103243 229 2972
14.2656933170539 84 694
0 39 0
8.59331558736322 96 814
45.588818368601 142 1727
0 39 0
0 39 0
0 39 0
41.6420958504945 148 1606
6.25753696676816 60 100
40.6783069540032 144 1794
0 39 0
40.9575339381192 114 1369
7.12350053024638 94 749
0 39 0
0 39 0
0 39 0
0 39 0
20.3533385882848 77 703
0 39 0
0 39 0
17.0317852806857 104 1044
9.6640779717897 75 630
0 39 0
13.2272705270511 76 666
4.01710776950658 77 351
41.1185717774084 158 1798
0 39 0
1.82147281262002 64 300
0 39 0
0 39 0
0 39 0
0 39 0
9.6640779717897 75 630
19.6270819475968 124 963
81.1146304193628 209 2830
37.0126931809911 141 1690
87.8791511611603 227 2649
2.02553813696258 65 325
0.384768015746978 49 45
0 39 0
3.72422668641739 70 465
34.0528409755045 144 1348
0 39 0
0 39 0
36.439059883831 137 1554
4.47529984155642 54 49
0.210747711190753 45 15
0 39 0
3.72422668641739 70 465
0 39 0
0.488896085102781 51 66
0 39 0
22.4573422262469 94 839
13.2272705270511 76 666
0 39 0
23.7318264178357 99 894
1.485129534953 62 253
15.5245351710963 106 759
33.0640748106097 112 1296
0 39 0
34.8311349628639 146 1445
1.64283425273586 63 276
0.825284618130622 56 136
13.2272705270511 76 666
0 39 0
13.2272705270511 76 666
0 39 0
12.0162515966549 109 693
0 39 0
7.52602898121013 74 595
0 39 0
20.3533385882848 77 703
0 39 0
20.3533385882848 77 703
6.25753696676816 60 100
26.1325812842319 108 1156
7.52602898121013 74 595
0 39 0
9.6640779717897 75 630
9.6640779717897 75 630
45.2550981019298 138 1645
0 39 0
0 39 0
20.3533385882848 77 703
0 39 0
40.9575339381192 114 1369
0 39 0
35.445546945522 120 1144
50.1200932230932 146 1859
0 39 0
0 39 0
20.3533385882848 77 703
0 39 0
0 39 0
0 39 0
61.8116349016363 150 1999
42.5543524223328 116 1370
0 39 0
15.6898575411831 114 924
41.8442185612211 157 1364
0 39 0
0 39 0
0 39 0
1.21927611241808 60 210
0 39 0
48.7462886731884 146 1865
23.0872816784249 116 1047
3.24879339990006 69 435
0 39 0
21.9724625865192 88 758
6.10054579558226 73 561
0 39 0
0 39 0
0 39 0
43.3264129923402 166 1544
0 39 0
45.6854744837763 140 1694
6.10054579558226 73 561
0 39 0
0 39 0
0 39 0
0.674983879127968 54 105
49.6426209550569 147 1795
18.0142867047423 106 1101
4.31840830025752 71 496
11.7218270885247 96 840
0 39 0
76.9610261096946 205 2700
22.2387810138393 133 1176
23.5208755286318 102 1003
13.2272705270511 76 666
13.2272705270511 76 666
32.385617779308 131 1395
19.1292804084807 98 841
6.10054579558226 73 561
0 39 0
63.570651544493 188 2311
22.5734490747432 104 1024
20.3533385882848 77 703
6.32016722434719 78 363
56.6155152106664 179 1673
0 39 0
31.5087755426182 132 1018
13.2272705270511 76 666
20.3533385882848 77 703
24.2876898596686 105 1081
36.8134660608088 124 1232
41.6635881052016 143 1755
0 39 0
160.512163324603 302 2822
0 39 0
0 39 0
0 39 0
0 39 0
0 39 0
0 39 0
0 39 0
27.2998195260724 110 1231
0 39 0
0 39 0
15.7964257059856 103 595
0 39 0
0 39 0
13.2272705270511 76 666
39.3201955945066 158 1770
92.9333896834925 256 2947
0 39 0
0 39 0
33.4351834243057 150 1664
14.8606585734999 92 786
16.1935633458824 104 686
0 39 0
1.64283425273586 63 276
0 39 0
0 39 0
9.6640779717897 75 630
0 39 0
48.5778101434907 164 1925
2.02553813696258 65 325
0 39 0
0 39 0
4.31840830025752 71 496
67.7631313591006 220 2595
9.6640779717897 75 630
20.3533385882848 77 703
0 39 0
0 39 0
20.3533385882848 77 703
0 39 0
0 39 0
1.64283425273586 63 276
3.72422668641739 70 465
0 39 0
0 39 0
40.9575339381192 114 1369
22.9868544317227 110 1227
0 39 0
0 39 0
14.9553255958704 91 477
25.0843125297009 107 1138
0 39 0
0 39 0
19.7224204247894 107 1123
0 39 0
19.0140394372608 108 1158
0 39 0
0.546474980836425 52 78
0 39 0
0 39 0
0 39 0
0 39 0
20.3533385882848 77 703
0 39 0
0 39 0
42.835621077495 132 827
0 39 0
7.52602898121013 74 595
46.6740257909104 146 1857
0 39 0
20.3533385882848 77 703
6.10054579558226 73 561
7.52602898121013 74 595
20.3533385882848 77 703
0 39 0
0 39 0
0 39 0
30.6750249003152 112 1298
31.3058792898814 128 1278
55.1929172789956 149 1964
0 39 0
40.9575339381192 114 1369
0 39 0
1.34486350693626 61 231
1.1061584983623 59 190
0 39 0
0 39 0
1.34486350693626 61 231
27.2998195260724 110 1231
26.3459613908669 109 1199
26.1325812842319 108 1156
53.1502120409883 147 1891
14.9449346481749 80 201
0 39 0
18.9173934945901 108 910
0 39 0
0 39 0
18.8247839907542 128 1318
0 39 0
13.2272705270511 76 666
20.3533385882848 77 703
52.6375256535114 163 1921
7.99271081897364 86 531
43.2054837251228 136 1256
0 39 0
13.2272705270511 76 666
20.3533385882848 77 703
0 39 0
35.445546945522 120 1144
0 39 0
0 39 0
20.9232171173808 122 964
9.6640779717897 75 630
0 39 0
0 39 0
14.5420449097158 88 732
6.96164427645637 73 273
36.0365551411035 134 1145
0 39 0
0 39 0
21.0907204757678 123 1263
48.7462886731884 146 1865
12.9670319122355 84 334
24.2876898596686 105 1081
0 39 0
20.3533385882848 77 703
7.52602898121013 74 595
24.142349221485 106 1089
0 39 0
0 39 0
0 39 0
20.3533385882848 77 703
5.08223752196349 72 528
2.53540483138768 67 378
36.9320024023573 143 1361
0 39 0
13.2272705270511 76 666
61.6792670841443 184 2065
0 39 0
0 39 0
13.2272705270511 76 666
0 39 0
7.44604649132079 64 144
30.6750249003152 112 1298
10.3319808687469 83 315
34.7307682645341 131 1406
0 39 0
1.21927611241808 60 210
7.52602898121013 74 595
1.92124992744819 62 133
0 39 0
0 39 0
13.2272705270511 76 666
20.3533385882848 77 703
16.5563806996156 92 676
0 39 0
0.17267405080531 44 10
20.3533385882848 77 703
0 39 0
0 39 0
0 39 0
0 39 0
36.7948136583723 129 1306
0 39 0
7.52602898121013 74 595
38.2973167670498 142 1729
24.2215212696267 93 763
0 39 0
9.6640779717897 75 630
0 39 0
0 39 0
0 39 0
0 39 0
33.0640748106097 112 1296
0 39 0
0 39 0
20.3533385882848 77 703
0 39 0
22.1236724493599 90 781
12.8095660251182 95 757
0 39 0
5.23323734246717 88 606
0 39 0
0 39 0
0 39 0
15.3582616304539 101 931
0 39 0
13.2272705270511 76 666
28.6440882305384 111 1264
2.53540483138768 67 378
0 39 0
20.3533385882848 77 703
0 39 0
22.5734490747432 104 1024
0 39 0
11.0908635407627 76 324
26.33465273091 111 1261
33.095450261304 125 1376
20.3533385882848 77 703
61.0559099825228 175 2289
9.81561405728765 97 816
53.1502120409883 147 1891
0.337456457152725 48 36
0 39 0
0 39 0
0 39 0
0 39 0
2.02553813696258 65 325
0 39 0
26.8417100476606 119 1139
0 39 0
47.6953784099141 147 1894
0 39 0
2.02553813696258 65 325
5.08223752196349 72 528
13.2272705270511 76 666
0 39 0
0 39 0
0 39 0
40.9575339381192 114 1369
0 39 0
0 39 0
89.5419029344615 213 2424
13.2272705270511 76 666
24.6456561732922 106 1109
40.9575339381192 114 1369
13.2272705270511 76 666
9.6640779717897 75 630
0 39 0
13.2272705270511 76 666
0 39 0
9.6640779717897 75 630
13.2272705270511 76 666
0 39 0
20.3533385882848 77 703
0 39 0
33.0640748106097 112 1296
20.3533385882848 77 703
4.31840830025752 71 496
0.337456457152725 48 36
15.0189293667079 117 874
20.3533385882848 77 703
0 39 0
0 39 0
20.3533385882848 77 703
6.10054579558226 73 561
0 39 0
0 39 0
13.2272705270511 76 666
0 39 0
0 39 0
35.7925339795978 140 1660
61.8116349016363 150 1999
0 39 0
33.8033622026432 123 1135
0 39 0
0 39 0
0 39 0
33.0640748106097 112 1296
4.50785849248495 68 198
0 39 0
7.52602898121013 74 595
0 39 0
9.6640779717897 75 630
2.02553813696258 65 325
0.435128599423924 50 55
13.2272705270511 76 666
13.2272705270511 76 666
0 39 0
0 39 0
0 39 0
39.8194901817881 157 1712
0 39 0
55.1929172789956 149 1964
20.3533385882848 77 703
0 39 0
0 39 0
0 39 0
34.0854274296133 113 1333
0 39 0
30.6750249003152 112 1298
33.0640748106097 112 1296
41.2522222864679 161 1613
0 39 0
1.1061584983623 59 190
20.3533385882848 77 703
6.10054579558226 73 561
26.33465273091 111 1261
51.0436889823142 153 1412
0 39 0
0 39 0
77.349195919961 230 2733
20.3533385882848 77 703
0 39 0
0 39 0
40.9575339381192 114 1369
0 39 0
20.3533385882848 77 703
0 39 0
40.9575339381192 114 1369
9.6640779717897 75 630
0 39 0
0 39 0
22.4573422262469 94 839
20.3533385882848 77 703
5.8850155219956 82 573
0 39 0
20.3533385882848 77 703
0 39 0
0 39 0
0 39 0
20.3533385882848 77 703
0 39 0
4.31840830025752 71 496
0 39 0
0 39 0
0 39 0
13.2272705270511 76 666
0 39 0
28.0030085305895 92 740
7.42187045192527 92 682
36.439059883831 137 1554
0 39 0
20.3533385882848 77 703
0 39 0
0 39 0
34.7307682645341 131 1406
0 39 0
28.860469858021 110 1225
0 39 0
5.08223752196349 72 528
0 39 0
0 39 0
20.3533385882848 77 703
27.2998195260724 110 1231
13.2272705270511 76 666
21.8980027288032 87 748
0 39 0
51.9346482653875 148 1930
2.53540483138768 67 378
0 39 0
20.3533385882848 77 703
0 39 0
0 39 0
0 39 0
13.2272705270511 76 666
45.0806682356463 137 1622
34.0854274296133 113 1333
13.2272705270511 76 666
26.33465273091 111 1261
4.85212414969355 62 91
13.2272705270511 76 666
0 39 0
25.6347505438983 108 1168
0 39 0
0 39 0
0 39 0
0 39 0
20.3533385882848 77 703
0 39 0
0.292873464550028 47 28
47.6953784099141 147 1894
0 39 0
0 39 0
0 39 0
0 39 0
0 39 0
0 39 0
13.2272705270511 76 666
5.56972436750538 74 291
0 39 0
20.3533385882848 77 703
7.44604649132079 64 144
0.384768015746978 49 45
30.6750249003152 112 1298
20.3533385882848 77 703
20.3533385882848 77 703
20.3533385882848 77 703
6.18505660253867 83 466
40.9575339381192 114 1369
0 39 0
9.6640779717897 75 630
28.2727012674881 130 1365
30.2845266708778 127 1249
40.9575339381192 114 1369
63.7454237019407 178 2355
0 39 0
44.8025255015245 157 1732
20.3533385882848 77 703
0 39 0
20.3533385882848 77 703
10.7017754903151 71 155
2.85971756622539 68 406
0 39 0
0 39 0
0 39 0
1.91348061101213 67 263
68.4103099180619 182 2356
0 39 0
10.6435278146852 99 874
0 39 0
13.2272705270511 76 666
6.61781555775531 92 688
11.6485907895051 101 934
0 39 0
12.3602489142113 80 400
40.9575339381192 114 1369
20.3533385882848 77 703
3.56117093007462 57 73
13.2272705270511 76 666
7.52602898121013 74 595
0 39 0
13.2272705270511 76 666
0 39 0
0 39 0
23.1663015200727 100 956
0 39 0
5.08223752196349 72 528
0 39 0
28.860469858021 110 1225
0 39 0
0 39 0
7.52602898121013 74 595
12.5296366588196 100 930
20.3533385882848 77 703
9.6640779717897 75 630
0 39 0
41.9859136721777 143 1753
54.7755481624858 143 1499
13.2272705270511 76 666
39.5965301884185 141 1696
12.0692978119376 98 883
0 39 0
2.2609048004781 66 351
9.6640779717897 75 630
0 39 0
20.3533385882848 77 703
51.9346482653875 148 1930
17.8975779311348 105 1057
0 39 0
36.186105289801 143 1757
0 39 0
40.9575339381192 114 1369
0 39 0
2.53540483138768 67 378
16.1306978568354 99 574
5.51388213430217 75 469
0 39 0
0 39 0
0 39 0
0 39 0
22.3548466964448 117 994
27.0480008390496 131 1213
13.2272705270511 76 666
2.51310632450624 72 286
0 39 0
0 39 0
0 39 0
0 39 0
23.1663015200727 100 956
5.08223752196349 72 528
20.3533385882848 77 703
10.9067124258581 89 601
0 39 0
20.3533385882848 77 703
47.4986023733387 144 1792
20.3533385882848 77 703
13.2272705270511 76 666
0 39 0
34.0854274296133 113 1333
0 39 0
3.72422668641739 70 465
0 39 0
0 39 0
36.7398234989288 153 1653
20.3533385882848 77 703
0 39 0
0 39 0
1.08241201856183 58 123
9.33505608319879 84 619
0 39 0
0 39 0
1.79489080574255 59 99
0 39 0
0 39 0
6.25753696676816 60 100
6.10054579558226 73 561
0 39 0
0 39 0
20.3533385882848 77 703
0 39 0
33.0773039205923 135 1525
27.0076495190998 117 1092
41.5520894381278 153 1504
35.2533550740698 126 1219
20.3533385882848 77 703
20.3533385882848 77 703
24.6456561732922 106 1109
0 39 0
0 39 0
0 39 0
14.6158318699313 89 744
0 39 0
0 39 0
0 39 0
20.3533385882848 77 703
0 39 0
49.7929686338985 156 1706
1.57503999066628 57 81
9.18838642375917 82 384
0 39 0
23.5208755286318 102 1003
20.3533385882848 77 703
0 39 0
0 39 0
129.395615289947 292 3676
0 39 0
0.674983879127968 54 105
57.2456783061458 179 2101
36.8134660608088 124 1232
33.4726168531318 150 1556
0 39 0
0 39 0
42.7564975973776 117 1372
9.6640779717897 75 630
7.52602898121013 74 595
20.3533385882848 77 703
9.6640779717897 75 630
20.3533385882848 77 703
0 39 0
20.3533385882848 77 703
1.34486350693626 61 231
5.08223752196349 72 528
0 39 0
9.73391941635838 96 826
9.81613176071013 85 507
20.3533385882848 77 703
0 39 0
0 39 0
0 39 0
0 39 0
0 39 0
34.0854274296133 113 1333
0 39 0
0 39 0
41.741894887136 136 1544
13.2272705270511 76 666
1.64283425273586 63 276
0 39 0
16.2247061689943 115 808
22.0474297420606 89 769
0 39 0
4.31840830025752 71 496
0.250727540491753 46 21
58.3065646448698 182 1985
0 39 0
50.41999561598 188 2287
0 39 0
0 39 0
0 39 0
0 39 0
0 39 0
20.3533385882848 77 703
33.825318910034 136 1135
22.3413851300124 127 1333
15.40371480429 92 452
0.435128599423924 50 55
40.9575339381192 114 1369
0 39 0
0 39 0
29.0961605943044 118 1259
0 39 0
33.7137075244433 138 1609
2.85971756622539 68 406
0 39 0
104.265410503394 219 3155
0 39 0
0 39 0
8.63001911813814 97 821
2.53540483138768 67 378
0 39 0
9.6640779717897 75 630
0 39 0
0 39 0
0 39 0
28.354890926601 151 1538
0 39 0
20.3533385882848 77 703
1.485129534953 62 253
0 39 0
20.3533385882848 77 703
2.02553813696258 65 325
8.0020169055252 96 796
40.9575339381192 114 1369
40.9575339381192 114 1369
0 39 0
7.44604649132079 64 144
0.747062528507057 55 120
71.6229076216791 182 2495
7.83253464257134 64 106
20.3533385882848 77 703
20.3533385882848 77 703
10.1182958253937 77 631
76.548673393246 184 2560
13.2272705270511 76 666
0.17267405080531 44 10
62.745168272958 196 2440
14.8316191372358 105 1065
0 39 0
0 39 0
0 39 0
16.6754756637347 103 1017
5.08223752196349 72 528
0 39 0
0 39 0
0.337456457152725 48 36
0 39 0
7.52602898121013 74 595
0 39 0
21.3039809222445 80 706
0 39 0
0 39 0
20.3533385882848 77 703
39.3193310343731 144 1789
0 39 0
5.08223752196349 72 528
18.3050382216088 110 947
7.42187045192527 92 682
24.2604977463304 114 756
32.4277965528887 141 1692
21.185586112784 79 704
0 39 0
0 39 0
21.8980027288032 87 748
25.456293968146 108 940
0 39 0
0 39 0
0 39 0
47.0203826189434 141 926
0 39 0
43.3810846647945 144 1427
17.9554592332844 86 233
0 39 0
26.5055531883522 108 908
0 39 0
20.3533385882848 77 703
21.4680037663763 120 1228
0 39 0
20.3533385882848 77 703
36.7444346590903 141 1704
0 39 0
0 39 0
1.64283425273586 63 276
25.6347505438983 108 1168
0 39 0
0.0671432819455803 41 1
0 39 0
0 39 0
0 39 0
20.3533385882848 77 703
1.85303620141335 52 38
23.1663015200727 100 956
0 39 0
17.4678914921245 105 1072
7.19721383507845 71 169
0 39 0
0 39 0
0 39 0
4.31840830025752 71 496
0 39 0
20.3533385882848 77 703
2.2609048004781 66 351
29.8786689373077 131 845
9.6640779717897 75 630
0 39 0
0 39 0
13.2272705270511 76 666
16.5563806996156 92 676
0 39 0
0 39 0
0 39 0
0.250727540491753 46 21
7.52602898121013 74 595
0 39 0
13.2272705270511 76 666
39.3193310343731 144 1789
1.64283425273586 63 276
2.02553813696258 65 325
0 39 0
7.52602898121013 74 595
13.2272705270511 76 666
9.89241943611395 82 293
0 39 0
13.2272705270511 76 666
38.863751911709 142 1721
0 39 0
20.3533385882848 77 703
2.85971756622539 68 406
0 39 0
0 39 0
1.34486350693626 61 231
0 39 0
10.3484587297223 87 553
0 39 0
13.2272705270511 76 666
20.3533385882848 77 703
0 39 0
17.2729448114461 120 1081
0 39 0
40.9575339381192 114 1369
20.3533385882848 77 703
0.608327032343094 53 91
2.6785398271058 74 331
0.337456457152725 48 36
0 39 0
43.5544950734464 123 1405
20.3533385882848 77 703
13.2272705270511 76 666
22.8856449874989 98 913
51.9346482653875 148 1930
28.6440882305384 111 1264
0 39 0
0 39 0
0 39 0
0 39 0
4.01443378763411 74 295
0 39 0
0 39 0
47.8560628249156 145 1834
1.64283425273586 63 276
13.2272705270511 76 666
0 39 0
20.3533385882848 77 703
28.9451595210834 128 1340
61.8116349016363 150 1999
2.93647494575795 74 309
36.3745015282938 157 1315
9.6640779717897 75 630
0 39 0
0.17267405080531 44 10
0 39 0
0 39 0
9.6640779717897 75 630
0.136245345598735 43 6
14.2656933170539 84 694
40.9575339381192 114 1369
10.4695454235447 74 289
23.1663015200727 100 956
4.31840830025752 71 496
22.4573422262469 94 839
32.3920193592105 140 1304
0.717247019959112 51 46
13.2272705270511 76 666
34.0854274296133 113 1333
28.860469858021 110 1225
22.5305657954962 126 1270
0 39 0
0 39 0
40.9575339381192 114 1369
12.1276114973341 93 703
0 39 0
0 39 0
20.3533385882848 77 703
0 39 0
30.6750249003152 112 1298
0 39 0
0 39 0
0 39 0
2.13186042011777 69 246
20.3533385882848 77 703
13.2272705270511 76 666
0 39 0
10.134589179413 100 912
5.44386471877577 75 531
0 39 0
12.8095660251182 95 757
0 39 0
0 39 0
0 39 0
20.3533385882848 77 703
19.0140394372608 108 1158
40.9575339381192 114 1369
12.9195077626645 103 996
0 39 0
0 39 0
2.48086176072562 72 328
0.825284618130622 56 136
0 39 0
0 39 0
24.2876898596686 105 1081
0.910500749573456 57 153
0 39 0
0.747062528507057 55 120
1.1061584983623 59 190
0 39 0
0.384768015746978 49 45
20.3533385882848 77 703
0 39 0
35.7925339795978 140 1660
0 39 0
0 39 0
33.0640748106097 112 1296
0.210747711190753 45 15
13.2272705270511 76 666
0 39 0
81.3983109505537 197 1950
0 39 0
9.6640779717897 75 630
0 39 0
28.860469858021 110 1225
57.6939037785263 172 2174
0 39 0
0 39 0
38.6560801305577 156 1349
0 39 0
0 39 0
61.8116349016363 150 1999
23.8511997483257 100 914
0 39 0
0 39 0
20.3533385882848 77 703
7.52602898121013 74 595
0 39 0
15.7572056191866 106 1095
0 39 0
50.359772809684 167 2036
71.6272703349883 181 2458
0 39 0
5.37954852102355 74 529
20.3533385882848 77 703
28.860469858021 110 1225
13.3906142736365 91 659
0 39 0
20.3533385882848 77 703
13.2272705270511 76 666
15.7572056191866 106 1095
19.061738912713 114 919
0 39 0
19.6492671533477 110 1134
0 39 0
5.08223752196349 72 528
0 39 0
28.5965667986758 124 900
113.135242845836 256 3297
13.2272705270511 76 666
13.2272705270511 76 666
20.3533385882848 77 703
0 39 0
2.53540483138768 67 378
0 39 0
0 39 0
0 39 0
65.0679111961705 197 2512
0 39 0
0 39 0
27.9839447580551 111 1063
89.1095165275325 228 2555
0.210747711190753 45 15
0 39 0
15.161479470943 95 837
20.3533385882848 77 703
33.0640748106097 112 1296
1.34486350693626 61 231
3.24879339990006 69 435
47.4777134339017 158 1421
0 39 0
13.2272705270511 76 666
0 39 0
20.3533385882848 77 703
7.52602898121013 74 595
35.3766227988268 138 1605
0 39 0
0 39 0
13.2272705270511 76 666
15.4098194861377 123 1191
2.53540483138768 67 378
0 39 0
0 39 0
0 39 0
81.908453405332 206 2778
0 39 0
0 39 0
0 39 0
18.6834417512173 79 153
0 39 0
20.3533385882848 77 703
45.6526731719068 145 1822
7.52602898121013 74 595
9.6640779717897 75 630
17.409976505165 109 1094
20.3533385882848 77 703
0 39 0
0 39 0
0.546474980836425 52 78
20.3533385882848 77 703
7.67347872553355 89 458
0 39 0
30.6750249003152 112 1298
0 39 0
0 39 0
0 39 0
0 39 0
0 39 0
25.6347505438983 108 1168
13.2272705270511 76 666
11.7624690155321 102 973
1.485129534953 62 253
0 39 0
0 39 0
0 39 0
0 39 0
0 39 0
0 39 0
0 39 0
20.3533385882848 77 703
0 39 0
0 39 0
0.608327032343094 53 91
0.337456457152725 48 36
0 39 0
0 39 0
0 39 0
5.08223752196349 72 528
3.46356203848296 78 381
0 39 0
6.10054579558226 73 561
7.52602898121013 74 595
1.485129534953 62 253
40.7429450355443 158 1807
0 39 0
0 39 0
20.3533385882848 77 703
28.6440882305384 111 1264
38.4164246084057 158 1813
28.3317847851335 122 1193
28.6440882305384 111 1264
12.3602489142113 80 400
0 39 0
39.2622185407805 138 1180
75.5273207742423 183 2525
9.6640779717897 75 630
0 39 0
6.10054579558226 73 561
40.9575339381192 114 1369
28.3443794357353 129 1312
0 39 0
0.674983879127968 54 105
6.10054579558226 73 561
0 39 0
0.488896085102781 51 66
0 39 0
0 39 0
20.3533385882848 77 703
40.9575339381192 114 1369
20.3533385882848 77 703
0 39 0
0 39 0
7.52602898121013 74 595
23.0183742555071 107 739
54.4599210114075 174 1420
4.89977846655627 87 441
0.384768015746978 49 45
1.82147281262002 64 300
0 39 0
0 39 0
3.20444317936008 71 249
9.6640779717897 75 630
0 39 0
0.292873464550028 47 28
13.2272705270511 76 666
0 39 0
34.0854274296133 113 1333
34.4613650164073 147 1522
0 39 0
0 39 0
0 39 0
33.0640748106097 112 1296
20.3533385882848 77 703
28.860469858021 110 1225
1.82147281262002 64 300
0 39 0
0 39 0
38.8066299699374 141 1702
2.02553813696258 65 325
0 39 0
0 39 0
0 39 0
0 39 0
17.9638665424192 84 316
0 39 0
8.56526645128358 86 661
0 39 0
0 39 0
0 39 0
0 39 0
0 39 0
0 39 0
7.52602898121013 74 595
3.45551226208523 70 231
7.52602898121013 74 595
38.3472082076805 152 1649
13.4638072769723 102 963
82.9146239538975 185 2594
0 39 0
20.3533385882848 77 703
61.8116349016363 150 1999
0 39 0
20.3533385882848 77 703
0 39 0
3.24879339990006 69 435
0 39 0
33.0640748106097 112 1296
21.4041464618212 93 460
20.3533385882848 77 703
0 39 0
4.31840830025752 71 496
13.2272705270511 76 666
38.3026948034831 140 1674
42.9280893497068 118 1375
3.72422668641739 70 465
6.10054579558226 73 561
0 39 0
75.5751730474696 213 2680
0 39 0
0 39 0
3.72422668641739 70 465
28.8765117747234 116 1066
2.2609048004781 66 351
0 39 0
1.49424844027835 63 181
13.2272705270511 76 666
13.2272705270511 76 666
7.52602898121013 74 595
51.9346482653875 148 1930
2.85971756622539 68 406
25.4022677587554 110 979
0 39 0
0 39 0
0 39 0
50.4947950129407 160 1774
0 39 0
16.4957812818786 103 993
0 39 0
20.3533385882848 77 703
0 39 0
54.1715646599919 148 1928
20.3533385882848 77 703
0 39 0
40.9575339381192 114 1369
0 39 0
0 39 0
0 39 0
24.4696245832514 104 419
0 39 0
0 39 0
3.87716160219485 52 36
0 39 0
0 39 0
26.3459613908669 109 1199
3.72422668641739 70 465
16.4957812818786 103 993
0 39 0
0 39 0
9.6640779717897 75 630
0 39 0
0 39 0
0 39 0
0 39 0
0 39 0
0 39 0
0 39 0
73.484615536235 181 2452
17.3578151297866 94 729
63.765020471452 193 2359
0 39 0
22.9868544317227 110 1227
0 39 0
11.1303543193174 73 178
1.64283425273586 63 276
0 39 0
31.8193403225823 149 1482
0 39 0
0.910500749573456 57 153
20.3533385882848 77 703
20.3533385882848 77 703
20.3533385882848 77 703
16.4352088062876 118 1077
0 39 0
0 39 0
26.1325812842319 108 1156
0 39 0
0 39 0
0 39 0
13.2272705270511 76 666
9.6640779717897 75 630
0 39 0
0 39 0
75.5273207742423 183 2525
5.08223752196349 72 528
55.9256313137526 172 2185
0.384768015746978 49 45
26.33465273091 111 1261
0 39 0
13.2272705270511 76 666
91.7140419137422 245 2511
23.0872816784249 116 1047
67.2072662816781 201 1937
14.1281489706554 82 681
24.142349221485 106 1089
41.4574217551832 163 1714
20.3533385882848 77 703
0 39 0
33.0640748106097 112 1296
0 39 0
18.9953242828084 108 766
9.12429213330942 73 148
0 39 0
12.5296366588196 100 930
0 39 0
0 39 0
23.975553184903 97 809
0 39 0
0 39 0
0 39 0
46.7277554738635 144 1558
0 39 0
5.08223752196349 72 528
0 39 0
40.9575339381192 114 1369
0 39 0
20.3533385882848 77 703
9.46827514104018 98 847
32.6350636750103 136 1530
20.3533385882848 77 703
0 39 0
28.860469858021 110 1225
0 39 0
29.3323680174393 131 1451
0 39 0
10.4408496852236 100 906
0 39 0
30.6750249003152 112 1298
20.3533385882848 77 703
7.52602898121013 74 595
0 39 0
0.0671432819455803 41 1
14.0562239554369 81 676
49.266785383427 150 1028
47.1810869516254 162 1960
6.8077281699546 81 589
26.881273507874 119 1187
33.2627218938742 108 850
17.0571678254735 107 1126
20.3533385882848 77 703
12.3036566230131 67 79
0 39 0
0 39 0
4.59099027965243 73 497
6.10054579558226 73 561
0 39 0
0 39 0
0 39 0
0.546474980836425 52 78
22.7650395435366 97 893
40.9575339381192 114 1369
39.7410183597584 179 1886
15.161479470943 95 837
81.5274225333261 206 2756
6.10054579558226 73 561
26.5400825328027 127 1277
22.9868544317227 110 1227
0 39 0
20.3533385882848 77 703
13.2272705270511 76 666
0 39 0
59.4877350244411 172 2204
20.3533385882848 77 703
17.4678914921245 105 1072
61.5753255204664 177 1886
9.6640779717897 75 630
40.9575339381192 114 1369
0 39 0
48.305538180799 144 1786
0 39 0
20.3533385882848 77 703
0 39 0
5.08223752196349 72 528
9.6640779717897 75 630
1.1061584983623 59 190
27.9104885239232 127 903
0 39 0
54.0631287748341 156 1790
61.8116349016363 150 1999
0 39 0
14.3610164726088 86 529
2.53540483138768 67 378
45.2312623898186 165 1550
20.3533385882848 77 703
35.8618448368866 118 1065
13.2272705270511 76 666
20.3533385882848 77 703
0 39 0
20.3533385882848 77 703
3.21967912999912 68 162
0 39 0
1.485129534953 62 253
0 39 0
15.6741551083558 94 774
0 39 0
0 39 0
7.52602898121013 74 595
0.910500749573456 57 153
10.7962194178589 101 939
1.65311127148267 62 141
0 39 0
0 39 0
50.0101093196452 147 1897
0 39 0
2.57691754786148 68 208
0 39 0
0 39 0
20.3533385882848 77 703
0 39 0
20.3533385882848 77 703
0.292873464550028 47 28
40.417705586558 146 1130
0 39 0
0 39 0
28.6440882305384 111 1264
13.2272705270511 76 666
6.5374375761813 92 706
37.6448012089132 154 1723
5.08223752196349 72 528
100.263114534794 233 2718
20.3533385882848 77 703
0.136245345598735 43 6
20.3533385882848 77 703
7.52602898121013 74 595
20.3533385882848 77 703
22.2830807184115 92 808
57.0726408467597 174 2243
0 39 0
0 39 0
22.0443931561323 110 945
20.3533385882848 77 703
0 39 0
0 39 0
20.3533385882848 77 703
3.72422668641739 70 465
35.6043947122975 116 1336
40.9575339381192 114 1369
44.3273978631045 131 1505
0.17267405080531 44 10
0.101180226503478 42 3
20.3533385882848 77 703
0 39 0
25.1194762877764 111 955
30.8636067497936 134 1092
19.7224204247894 107 1123
0 39 0
0.17267405080531 44 10
0.17267405080531 44 10
0 39 0
0 39 0
0.210747711190753 45 15
13.2272705270511 76 666
0 39 0
2.85971756622539 68 406
1.85303620141335 52 38
0 39 0
25.6347505438983 108 1168
0 39 0
21.5888549472688 112 1066
39.2516557598178 157 1762
20.3533385882848 77 703
0 39 0
0 39 0
0 39 0
43.5485418369635 166 1594
26.267829259417 137 1564
0 39 0
1.00372163744919 58 171
6.10054579558226 73 561
0 39 0
0 39 0
0 39 0
22.4573422262469 94 839
0 39 0
0 39 0
0 39 0
6.10054579558226 73 561
20.3533385882848 77 703
12.2819929811104 99 906
0 39 0
6.10054579558226 73 561
0 39 0
0 39 0
0 39 0
31.4684368403105 135 1495
20.1372313009373 100 900
0 39 0
20.3533385882848 77 703
2.85971756622539 68 406
0 39 0
0 39 0
0.488896085102781 51 66
0 39 0
2.53540483138768 67 378
0 39 0
0 39 0
0 39 0
0 39 0
0 39 0
29.197442747441 127 1352
0 39 0
0 39 0
14.6158318699313 89 744
1.49424844027835 63 181
0 39 0
0 39 0
54.1715646599919 148 1928
26.5630044243516 116 1076
0 39 0
0 39 0
31.4720457511472 125 1330
40.9575339381192 114 1369
0 39 0
34.0854274296133 113 1333
0 39 0
0.825284618130622 56 136
20.3533385882848 77 703
20.3533385882848 77 703
0 39 0
20.3533385882848 77 703
13.2272705270511 76 666
20.3533385882848 77 703
15.4119844785871 97 876
0 39 0
0.101180226503478 42 3
15.0529463104848 94 819
13.2272705270511 76 666
9.24671689293841 70 225
3.72422668641739 70 465
0 39 0
0 39 0
33.0640748106097 112 1296
0 39 0
0 39 0
0 39 0
0 39 0
0.488896085102781 51 66
38.829698758022 140 1652
0 39 0
31.6185308906192 108 928
35.4086959064969 127 1075
13.0118836707426 82 441
0 39 0
2.2609048004781 66 351
0 39 0
51.1081148492218 163 1885
16.4957812818786 103 993
0 39 0
0 39 0
37.1837406136771 131 1486
0 39 0
20.3533385882848 77 703
13.2272705270511 76 666
0 39 0
13.2272705270511 76 666
0 39 0
2.2609048004781 66 351
19.0140394372608 108 1158
1.93040972330155 58 87
0 39 0
47.8560628249156 145 1834
0 39 0
0 39 0
0 39 0
0 39 0
0 39 0
0 39 0
20.3533385882848 77 703
9.6640779717897 75 630
0 39 0
0 39 0
2.53540483138768 67 378
7.39605846748467 98 638
0 39 0
13.2272705270511 76 666
0 39 0
0 39 0
14.6158318699313 89 744
10.3365767881298 80 640
35.543789548372 159 1795
20.3533385882848 77 703
49.4258606302232 170 1895
77.177868634611 202 2040
20.3533385882848 77 703
40.9575339381192 114 1369
20.3533385882848 77 703
4.31840830025752 71 496
0 39 0
1.82147281262002 64 300
0 39 0
13.2272705270511 76 666
55.1929172789956 149 1964
40.9575339381192 114 1369
23.5208755286318 102 1003
0 39 0
0 39 0
14.5420449097158 88 732
6.10054579558226 73 561
40.9575339381192 114 1369
0 39 0
0 39 0
0 39 0
20.3533385882848 77 703
14.1975865155075 83 687
55.5856261188104 202 2296
0 39 0
0 39 0
0 39 0
8.04303797961926 66 169
0 39 0
1.00372163744919 58 171
0 39 0
0 39 0
13.2272705270511 76 666
46.236734755203 176 1633
52.0348116818676 176 2120
0 39 0
0.0671432819455803 41 1
52.6805165472307 165 2000
0 39 0
0 39 0
0 39 0
24.3015217815921 141 1055
20.3533385882848 77 703
5.08223752196349 72 528
13.2272705270511 76 666
20.3533385882848 77 703
8.38182293032557 92 539
9.6640779717897 75 630
20.3533385882848 77 703
0 39 0
0 39 0
30.6750249003152 112 1298
13.2272705270511 76 666
0 39 0
0 39 0
9.6640779717897 75 630
59.3194266403569 165 2084
8.90579994058964 88 388
12.4686954859295 94 597
13.2272705270511 76 666
20.9882173413923 109 1194
20.3533385882848 77 703
0 39 0
19.1113019903707 113 890
7.52602898121013 74 595
0 39 0
4.31840830025752 71 496
22.5524892414043 95 856
128.718923060628 287 3786
26.8314389322492 138 1516
51.6981982856546 163 1865
0 39 0
35.6873883796394 137 1566
0 39 0
0 39 0
0 39 0
0.136245345598735 43 6
0 39 0
20.3533385882848 77 703
13.2272705270511 76 666
0 39 0
61.8116349016363 150 1999
0 39 0
0 39 0
2.80747038298579 75 355
0 39 0
4.31840830025752 71 496
0 39 0
41.4216570454372 148 1039
35.2295044147297 152 1654
0 39 0
0 39 0
0 39 0
0.292873464550028 47 28
3.72422668641739 70 465
0 39 0
20.3533385882848 77 703
0 39 0
0 39 0
0 39 0
25.4249304313174 122 1177
0 39 0
22.2878273796951 109 1191
0 39 0
10.9067124258581 89 601
0 39 0
0 39 0
0 39 0
77.2087563508674 202 2448
0.920320725671368 54 69
0 39 0
13.2272705270511 76 666
77.9520869053184 221 2352
0 39 0
0.435128599423924 50 55
34.0854274296133 113 1333
0 39 0
28.0218656792232 125 1271
30.6750249003152 112 1298
0.136245345598735 43 6
0 39 0
0 39 0
0 39 0
0 39 0
0 39 0
0 39 0
13.2272705270511 76 666
11.6798681062407 102 967
41.5856500019277 144 1792
54.1715646599919 148 1928
27.2998195260724 110 1231
0 39 0
0 39 0
0 39 0
0 39 0
46.1355241577473 143 1667
0.210747711190753 45 15
0 39 0
1.82147281262002 64 300
7.5460039450795 84 486
0 39 0
24.9317152601018 125 1220
103.785092742562 228 2925
24.6456561732922 106 1109
4.82624834354683 86 549
7.52602898121013 74 595
28.860469858021 110 1225
1.34486350693626 61 231
20.3533385882848 77 703
20.3533385882848 77 703
49.473442393937 159 1745
0 39 0
0 39 0
13.2272705270511 76 666
20.3533385882848 77 703
5.08223752196349 72 528
0 39 0
26.7530901890608 99 814
30.3838437020603 104 872
20.3533385882848 77 703
0 39 0
0 39 0
30.1840242311494 150 1643
19.1292804084807 98 841
0 39 0
40.9575339381192 114 1369
1.52347068260403 50 27
0 39 0
0 39 0
0 39 0
0 39 0
14.4639476807348 119 899
0 39 0
0 39 0
30.6750249003152 112 1298
0.747062528507057 55 120
0 39 0
0 39 0
0 39 0
0 39 0
0 39 0
28.6440882305384 111 1264
0 39 0
45.2898287628068 174 1544
26.3459613908669 109 1199
0 39 0
0 39 0
0 39 0
22.0091782955292 124 1222
0 39 0
0 39 0
34.0854274296133 113 1333
46.4106917783554 138 788
0 39 0
23.7375279629125 103 1028
4.31840830025752 71 496
20.3533385882848 77 703
5.3058064932453 84 367
0 39 0
0 39 0
0 39 0
0 39 0
0 39 0
24.2876898596686 105 1081
1.21927611241808 60 210
0 39 0
0 39 0
0 39 0
0 39 0
0 39 0
20.3533385882848 77 703
0 39 0
2.53540483138768 67 378
1.1061584983623 59 190
0.136245345598735 43 6
24.142349221485 106 1089
0 39 0
5.66432824872279 58 81
55.1929172789956 149 1964
15.8891150068789 124 1204
23.187728995367 112 1006
0 39 0
0 39 0
0 39 0
7.52602898121013 74 595
0 39 0
12.9195077626645 103 996
0 39 0
20.9581202535337 103 653
2.81248157247824 73 372
0 39 0
25.6347505438983 108 1168
20.3533385882848 77 703
20.3533385882848 77 703
0 39 0
0 39 0
0 39 0
9.6640779717897 75 630
20.3533385882848 77 703
0 39 0
64.0883867827595 173 2180
0 39 0
4.31840830025752 71 496
15.3745463670218 86 236
16.1273382898049 101 966
0 39 0
2.85971756622539 68 406
0 39 0
40.9575339381192 114 1369
20.3533385882848 77 703
74.5654511687511 222 2774
0 39 0
0 39 0
17.925217182643 101 620
0 39 0
0 39 0
0.546474980836425 52 78
0 39 0
20.3533385882848 77 703
2.2609048004781 66 351
0 39 0
6.10054579558226 73 561
33.1333719806641 110 887
20.3533385882848 77 703
0 39 0
0 39 0
104.534965839706 241 3080
0 39 0
0 39 0
0 39 0
0 39 0
39.053549685165 130 1379
13.2272705270511 76 666
17.0317852806857 104 1044
20.3533385882848 77 703
0 39 0
0 39 0
0 39 0
10.1621144433887 78 195
0 39 0
0 39 0
0 39 0
36.9039273565381 130 1058
48.7462886731884 146 1865
0 39 0
0 39 0
13.2272705270511 76 666
49.7499060629406 143 1229
19.3710759624601 128 1292
0 39 0
0 39 0
0.0671432819455803 41 1
10.9536002703421 89 721
0 39 0
5.08223752196349 72 528
0 39 0
0 39 0
0.747062528507057 55 120
0 39 0
20.3533385882848 77 703
0 39 0
13.2272705270511 76 666
0 39 0
20.3533385882848 77 703
23.9897399283979 104 1054
14.3610164726088 86 529
1.34486350693626 61 231
20.3533385882848 77 703
32.7295506606001 121 1334
0 39 0
0 39 0
0 39 0
20.3533385882848 77 703
54.1715646599919 148 1928
0 39 0
0 39 0
0 39 0
20.3533385882848 77 703
0 39 0
0 39 0
0 39 0
29.24284195545 111 617
61.8116349016363 150 1999
0 39 0
0 39 0
0.337456457152725 48 36
34.417036433156 135 969
0 39 0
0 39 0
0 39 0
20.3533385882848 77 703
0 39 0
1.485129534953 62 253
24.6456561732922 106 1109
0 39 0
0 39 0
0 39 0
34.0854274296133 113 1333
20.3533385882848 77 703
6.20873172429902 58 65
0 39 0
0 39 0
40.9575339381192 114 1369
0.0671432819455803 41 1
6.5374375761813 92 706
0 39 0
9.6640779717897 75 630
45.588818368601 142 1727
25.6347505438983 108 1168
38.4612253561679 141 1496
0.101180226503478 42 3
0 39 0
0 39 0
0 39 0
0 39 0
0 39 0
0 39 0
22.9868544317227 110 1227
20.3533385882848 77 703
42.4313480640135 138 1585
0 39 0
0 39 0
12.3602489142113 80 400
0 39 0
1.41363828744884 44 4
0 39 0
0 39 0
0 39 0
0 39 0
0 39 0
0 39 0
0.384768015746978 49 45
13.2272705270511 76 666
20.3533385882848 77 703
0 39 0
0 39 0
1.64283425273586 63 276
0 39 0
0 39 0
40.9575339381192 114 1369
20.2217574578277 117 1062
0 39 0
1.64283425273586 63 276
28.6440882305384 111 1264
26.33465273091 111 1261
0 39 0
33.8033622026432 123 1135
0 39 0
0 39 0
20.3533385882848 77 703
0 39 0
0 39 0
0 39 0
26.3459613908669 109 1199
0 39 0
27.2644989272047 115 1189
0 39 0
6.15659634353123 91 666
0 39 0
9.20068421081127 67 119
15.7948701591668 90 625
0 39 0
13.2272705270511 76 666
0.210747711190753 45 15
20.6338102653678 143 1411
40.9575339381192 114 1369
0.608327032343094 53 91
33.0981159130338 141 1696
13.2272705270511 76 666
0 39 0
7.52602898121013 74 595
6.65351337229894 97 614
20.3533385882848 77 703
0.0671432819455803 41 1
0 39 0
20.3533385882848 77 703
20.3533385882848 77 703
13.0118836707426 82 441
0 39 0
20.3533385882848 77 703
20.1372313009373 100 900
19.6621072611919 108 1162
0 39 0
0 39 0
25.6347505438983 108 1168
40.2835711597841 139 1205
36.8417946724531 141 1268
11.0908635407627 76 324
40.9575339381192 114 1369
0 39 0
0.546474980836425 52 78
33.7153580689038 130 991
2.53540483138768 67 378
20.1372313009373 100 900
4.31840830025752 71 496
28.860469858021 110 1225
45.0214574255083 165 1972
20.3533385882848 77 703
14.9012626299833 91 439
0 39 0
0 39 0
6.10054579558226 73 561
95.0874925714462 215 3017
0 39 0
1.485129534953 62 253
45.6526731719068 145 1822
0.488896085102781 51 66
0 39 0
2.02553813696258 65 325
0 39 0
21.7473165173433 85 731
0 39 0
0 39 0
0 39 0
45.4543384280268 139 1669
9.6640779717897 75 630
3.28776746177966 78 417
0 39 0
26.48671849801 136 1208
0 39 0
0 39 0
12.8220234540539 101 955
0 39 0
0 39 0
49.3266448842104 154 1774
0 39 0
0 39 0
0 39 0
9.85522622895866 72 256
49.4143834857741 153 1878
104.265410503394 219 3155
40.9575339381192 114 1369
0 39 0
36.7948136583723 129 1306
0 39 0
3.72422668641739 70 465
0 39 0
0 39 0
0 39 0
0 39 0
0 39 0
18.398875109389 109 792
0 39 0
0 39 0
13.2272705270511 76 666
54.1715646599919 148 1928
0 39 0
7.52602898121013 74 595
40.9575339381192 114 1369
34.1366170471611 116 1064
0 39 0
0 39 0
0 39 0
0 39 0
0 39 0
23.2195937687575 127 1225
27.0569085305766 113 1178
33.3572075224857 147 1431
20.3533385882848 77 703
0.825284618130622 56 136
0.136245345598735 43 6
0 39 0
5.41384459569091 88 618
0 39 0
0 39 0
18.7356257439853 108 763
0 39 0
13.2272705270511 76 666
34.0854274296133 113 1333
0 39 0
0 39 0
60.1697774586876 180 2099
13.2272705270511 76 666
15.4652864524335 119 842
47.0224426866449 166 2001
0 39 0
0 39 0
20.3533385882848 77 703
0 39 0
0.608327032343094 53 91
4.46626171737246 73 276
29.147601892604 123 1195
0 39 0
0 39 0
0 39 0
0 39 0
26.3459613908669 109 1199
0 39 0
0 39 0
0 39 0
0 39 0
0 39 0
66.696341949593 173 1922
2.53540483138768 67 378
0 39 0
20.3533385882848 77 703
55.4751596927807 169 2080
0 39 0
0 39 0
2.85971756622539 68 406
0 39 0
0 39 0
64.579820091246 184 2112
4.31840830025752 71 496
13.2272705270511 76 666
0 39 0
0 39 0
0 39 0
21.7473165173433 85 731
9.6640779717897 75 630
70.1012924412175 201 2299
21.7478512075029 107 921
0 39 0
40.9575339381192 114 1369
40.964561053174 142 1719
40.9575339381192 114 1369
20.3533385882848 77 703
0.101180226503478 42 3
11.6288980037248 82 238
6.10054579558226 73 561
2.53540483138768 67 378
9.26325600765067 84 346
28.7584304045661 128 1348
26.33465273091 111 1261
3.72422668641739 70 465
5.27214953212307 51 19
26.1325812842319 108 1156
20.3533385882848 77 703
19.7224204247894 107 1123
0 39 0
22.7078767247291 140 1394
1.1061584983623 59 190
0 39 0
0 39 0
56.0997678425393 173 2198
20.3533385882848 77 703
7.52602898121013 74 595
0 39 0
9.6640779717897 75 630
30.6750249003152 112 1298
1.64283425273586 63 276
11.3850168713344 114 936
13.2272705270511 76 666
47.7429650846608 159 1939
20.3533385882848 77 703
20.3533385882848 77 703
0 39 0
3.3834308865423 62 99
3.50697893811177 55 41
19.4448412297183 118 1007
20.3533385882848 77 703
0 39 0
34.3259187997225 142 1726
20.3533385882848 77 703
40.9575339381192 114 1369
0 39 0
25.6347505438983 108 1168
0 39 0
23.0185177959198 99 934
6.10054579558226 73 561
9.6640779717897 75 630
0 39 0
13.2272705270511 76 666
0 39 0
0 39 0
0.608327032343094 53 91
22.386227781218 130 1357
0 39 0
21.6692003952761 84 724
0.825284618130622 56 136
0 39 0
0 39 0
0 39 0
0 39 0
19.9788444853348 111 835
0 39 0
0 39 0
5.08223752196349 72 528
0.825284618130622 56 136
7.52602898121013 74 595
54.2326533492973 170 2141
4.31840830025752 71 496
0 39 0
0 39 0
3.49494059639729 62 123
9.39323225323593 94 785
0 39 0
0 39 0
14.6703561674805 109 823
0 39 0
0 39 0
0 39 0
33.7137075244433 138 1609
0 39 0
27.2998195260724 110 1231
24.2876898596686 105 1081
37.68860939159 146 1535
0 39 0
0 39 0
13.2272705270511 76 666
0 39 0
30.6750249003152 112 1298
0 39 0
22.4903514316414 114 907
20.3533385882848 77 703
0 39 0
26.33465273091 111 1261
0.17267405080531 44 10
0 39 0
73.4404119900015 219 2657
0 39 0
0 39 0
20.3533385882848 77 703
5.60729718378831 88 588
9.6640779717897 75 630
0 39 0
0.136245345598735 43 6
0 39 0
0 39 0
23.9897399283979 104 1054
0 39 0
7.52602898121013 74 595
4.31840830025752 71 496
0 39 0
0 39 0
0 39 0
0.250727540491753 46 21
0 39 0
2.85971756622539 68 406
0 39 0
0.435128599423924 50 55
0 39 0
2.2609048004781 66 351
6.10054579558226 73 561
0 39 0
0 39 0
0 39 0
0 39 0
20.3533385882848 77 703
21.9970216365035 106 717
7.52602898121013 74 595
0 39 0
0 39 0
12.3606249476721 94 686
30.9521798681752 129 1130
33.0640748106097 112 1296
0 39 0
3.24879339990006 69 435
0 39 0
0 39 0
0 39 0
56.0018690132365 187 1894
9.6640779717897 75 630
20.3533385882848 77 703
20.3533385882848 77 703
25.5632705198446 98 805
0 39 0
13.9802955160421 80 672
0 39 0
5.6060346551441 59 61
30.6750249003152 112 1298
7.52602898121013 74 595
0 39 0
48.305538180799 144 1786
20.1372313009373 100 900
0.747062528507057 55 120
0 39 0
0 39 0
35.6043947122975 116 1336
13.2272705270511 76 666
20.3533385882848 77 703
0 39 0
13.2272705270511 76 666
26.1325812842319 108 1156
0 39 0
0 39 0
20.217117193227 119 1113
20.3533385882848 77 703
20.3533385882848 77 703
0 39 0
0 39 0
0 39 0
48.4520897749334 158 1715
13.2272705270511 76 666
40.9575339381192 114 1369
34.7078892425335 150 1728
93.3807933872461 215 3023
4.31840830025752 71 496
40.9575339381192 114 1369
6.86141985037384 98 673
0 39 0
0 39 0
67.2610144299997 180 2419
0 39 0
0 39 0
73.0841174198331 181 2226
0 39 0
13.2272705270511 76 666
0 39 0
0 39 0
34.0854274296133 113 1333
0 39 0
13.2272705270511 76 666
31.3188585338347 135 1507
40.9575339381192 114 1369
0 39 0
0 39 0
5.08223752196349 72 528
5.08223752196349 72 528
0 39 0
0 39 0
20.3533385882848 77 703
40.9575339381192 114 1369
11.5020051503976 108 903
0 39 0
61.8116349016363 150 1999
1.34486350693626 61 231
69.4105875224243 205 2562
9.6640779717897 75 630
46.6889761158996 143 1775
0 39 0
0 39 0
44.2591842273058 152 1345
22.5734490747432 104 1024
26.4461080289893 115 1145
0 39 0
0 39 0
25.8676927560412 135 1501
0 39 0
6.65412596817159 91 659
81.0058222298323 208 2791
0 39 0
0 39 0
52.6024167409774 170 1574
20.8385415010875 113 1172
31.8016522171655 129 1214
20.3533385882848 77 703
40.9575339381192 114 1369
0 39 0
0 39 0
6.10054579558226 73 561
61.8116349016363 150 1999
20.3533385882848 77 703
20.3533385882848 77 703
0 39 0
0 39 0
20.3533385882848 77 703
0 39 0
24.4876457531289 89 734
0 39 0
19.7224204247894 107 1123
0.435128599423924 50 55
24.2876898596686 105 1081
0 39 0
25.0843125297009 107 1138
30.6750249003152 112 1298
0 39 0
9.6640779717897 75 630
0 39 0
24.4927289069917 104 1004
17.8975779311348 105 1057
56.9548539027191 171 2183
40.9575339381192 114 1369
27.2998195260724 110 1231
0 39 0
0.825284618130622 56 136
33.0640748106097 112 1296
0 39 0
0.292873464550028 47 28
20.3533385882848 77 703
9.95631216137153 108 802
40.9575339381192 114 1369
38.829698758022 140 1652
0 39 0
23.7375279629125 103 1028
55.1115438777238 172 1795
85.5600344141461 213 2960
40.9575339381192 114 1369
8.0020169055252 96 796
6.10054579558226 73 561
19.1292804084807 98 841
20.3533385882848 77 703
20.3533385882848 77 703
20.3533385882848 77 703
0 39 0
0 39 0
0 39 0
26.3459613908669 109 1199
0 39 0
31.7169427691279 135 1495
0 39 0
8.64296932265432 68 196
20.3533385882848 77 703
20.3533385882848 77 703
15.0648827426809 95 581
18.7189744586267 107 1131
0 39 0
20.3533385882848 77 703
0 39 0
0 39 0
0 39 0
0 39 0
31.6445390876667 130 1435
70.8375857611095 184 2035
23.3323290472381 101 979
25.6025216117905 120 938
20.2983630240348 127 1054
0 39 0
0 39 0
0 39 0
13.2272705270511 76 666
13.2272705270511 76 666
20.3533385882848 77 703
67.2610144299997 180 2419
0 39 0
56.3897831040647 192 2309
44.0480799433422 137 1154
0 39 0
0 39 0
13.2272705270511 76 666
0 39 0
0 39 0
0 39 0
0 39 0
0 39 0
14.5420449097158 88 732
0.674983879127968 54 105
0 39 0
0 39 0
39.3193310343731 144 1789
24.142349221485 106 1089
0 39 0
0 39 0
0.17267405080531 44 10
20.3533385882848 77 703
0 39 0
50.0101093196452 147 1897
20.3533385882848 77 703
0 39 0
0 39 0
7.52602898121013 74 595
0 39 0
0 39 0
0 39 0
0 39 0
0 39 0
3.24879339990006 69 435
40.9575339381192 114 1369
18.2102746874701 96 784
17.0317852806857 104 1044
20.3533385882848 77 703
9.6640779717897 75 630
50.1200932230932 146 1859
20.3533385882848 77 703
20.3533385882848 77 703
0 39 0
28.860469858021 110 1225
23.7375279629125 103 1028
49.3829301175283 154 1798
0 39 0
20.3533385882848 77 703
0 39 0
0 39 0
0 39 0
0 39 0
0 39 0
5.8850155219956 82 573
0 39 0
13.0118836707426 82 441
2.85971756622539 68 406
0 39 0
0 39 0
0 39 0
0 39 0
0 39 0
0 39 0
0 39 0
0 39 0
28.860469858021 110 1225
0 39 0
73.4418253772825 183 2527
0 39 0
40.9575339381192 114 1369
16.3786692599077 102 991
0 39 0
0 39 0
6.10054579558226 73 561
9.6640779717897 75 630
0 39 0
0 39 0
0 39 0
0 39 0
3.40712232647577 75 427
0.608327032343094 53 91
0 39 0
0 39 0
0 39 0
1.21927611241808 60 210
0 39 0
13.2272705270511 76 666
0 39 0
44.9870954270322 141 1684
1.34486350693626 61 231
0 39 0
7.52602898121013 74 595
55.1231049320626 168 1034
0 39 0
0 39 0
0 39 0
0 39 0
0.136245345598735 43 6
13.2272705270511 76 666
6.10054579558226 73 561
0 39 0
20.3533385882848 77 703
20.3533385882848 77 703
2.53540483138768 67 378
0 39 0
22.2019576287472 91 794
0 39 0
20.3533385882848 77 703
0 39 0
57.4449161611935 155 1769
0 39 0
55.03753566336 199 2163
3.27459108003757 50 25
0 39 0
53.4652914525735 174 2235
0 39 0
25.738973289745 123 1141
17.3578151297866 94 729
0 39 0
0 39 0
1.99513315164555 68 238
20.3533385882848 77 703
45.5131047491532 150 1158
0 39 0
7.52602898121013 74 595
82.9146239538975 185 2594
34.0854274296133 113 1333
0 39 0
40.9575339381192 114 1369
0.546474980836425 52 78
0 39 0
20.3533385882848 77 703
7.52602898121013 74 595
15.5586527149773 98 897
16.231357192221 122 1133
1.1061584983623 59 190
13.2272705270511 76 666
0 39 0
22.4573422262469 94 839
28.9749637811867 109 944
2.85971756622539 68 406
0 39 0
0 39 0
40.9575339381192 114 1369
0 39 0
41.9859136721777 143 1753
0 39 0
0 39 0
20.3533385882848 77 703
0 39 0
0 39 0
13.2272705270511 76 666
0 39 0
9.26319237101373 94 559
0 39 0
40.9575339381192 114 1369
0 39 0
3.72422668641739 70 465
45.6575426074377 123 947
9.6640779717897 75 630
0 39 0
36.0251018113377 158 1500
20.3533385882848 77 703
26.33465273091 111 1261
7.52602898121013 74 595
45.4437310032127 185 1705
0 39 0
23.1636743112517 116 954
22.3035904419555 104 962
13.2272705270511 76 666
0 39 0
0 39 0
0 39 0
0 39 0
20.3533385882848 77 703
0 39 0
28.860469858021 110 1225
23.9897399283979 104 1054
0 39 0
30.465980802793 127 1287
0 39 0
9.6640779717897 75 630
0 39 0
0 39 0
20.3533385882848 77 703
0 39 0
0 39 0
46.4410732467547 164 1937
0 39 0
53.1502120409883 147 1891
0 39 0
2.88177035023341 71 384
0 39 0
0 39 0
20.3533385882848 77 703
0 39 0
36.9162189788982 159 1478
3.33953836881654 74 421
8.8114365639639 81 421
0 39 0
0.488896085102781 51 66
20.3533385882848 77 703
0 39 0
0 39 0
0 39 0
40.9575339381192 114 1369
0 39 0
9.6640779717897 75 630
0 39 0
0 39 0
0 39 0
44.9870954270322 141 1684
20.3533385882848 77 703
32.1846957697373 147 1132
39.5965301884185 141 1696
0 39 0
0 39 0
0 39 0
70.3454110721877 191 2016
105.88042902781 244 3431
7.52602898121013 74 595
20.3533385882848 77 703
39.0741430556212 141 1690
0.101180226503478 42 3
12.9786082380801 106 747
20.3533385882848 77 703
5.08223752196349 72 528
4.61620039158349 78 367
20.3533385882848 77 703
16.7548709450261 94 742
7.52602898121013 74 595
22.5634341435061 96 514
20.3533385882848 77 703
48.305538180799 144 1786
0 39 0
0 39 0
0 39 0
0 39 0
20.3533385882848 77 703
20.3533385882848 77 703
9.6640779717897 75 630
24.142349221485 106 1089
13.2272705270511 76 666
0 39 0
66.2590057962625 181 2460
0 39 0
4.31840830025752 71 496
0 39 0
28.6440882305384 111 1264
0 39 0
40.7697308388813 134 1487
2.02553813696258 65 325
0 39 0
0 39 0
0 39 0
22.5734490747432 104 1024
11.7205571482348 78 361
0 39 0
50.0101093196452 147 1897
50.1883319790818 174 1790
0 39 0
0 39 0
0 39 0
0 39 0
0 39 0
40.9575339381192 114 1369
1.00372163744919 58 171
0 39 0
0 39 0
0 39 0
0 39 0
0 39 0
0 39 0
0 39 0
8.59331558736322 96 814
0 39 0
33.0640748106097 112 1296
0 39 0
0 39 0
17.7283027950901 125 1255
0 39 0
9.6640779717897 75 630
3.24879339990006 69 435
18.186399769424 118 772
0 39 0
20.3533385882848 77 703
0 39 0
79.8113144379915 218 2698
54.1715646599919 148 1928
8.63975957552946 86 599
35.4870782377733 142 1723
0 39 0
13.2272705270511 76 666
33.5375458721693 134 1489
46.5174093758763 161 1818
0 39 0
20.3533385882848 77 703
0 39 0
0 39 0
0 39 0
3.24879339990006 69 435
20.3533385882848 77 703
10.2698776801179 94 494
0 39 0
23.5208755286318 102 1003
0 39 0
19.1157046781956 107 761
13.6020418122802 103 1008
4.31840830025752 71 496
0 39 0
0 39 0
0 39 0
0 39 0
0 39 0
9.6640779717897 75 630
0 39 0
20.3533385882848 77 703
0 39 0
22.5634341435061 96 514
46.7216124656571 158 1902
0 39 0
0 39 0
10.7776000863308 96 786
0 39 0
0 39 0
20.3533385882848 77 703
47.9321416309082 149 1712
20.3533385882848 77 703
0 39 0
66.7856042865232 170 2189
0.337456457152725 48 36
0 39 0
28.6440882305384 111 1264
0 39 0
44.3720551201327 162 1947
20.3533385882848 77 703
35.4500328437162 133 1460
17.3578151297866 94 729
40.9575339381192 114 1369
13.2272705270511 76 666
0 39 0
66.5998937290661 176 2288
46.4640585333857 162 1561
41.5947287017474 170 1484
0 39 0
0 39 0
7.52602898121013 74 595
0 39 0
0 39 0
0 39 0
2.2609048004781 66 351
22.7650395435366 97 893
0 39 0
0 39 0
9.24671689293841 70 225
0 39 0
0 39 0
0 39 0
44.3541832943896 165 1956
16.527236369238 106 1091
0 39 0
66.3245730479326 166 2119
25.3964247922482 139 1228
0 39 0
0 39 0
1.64283425273586 63 276
0 39 0
0 39 0
0 39 0
21.8622328603005 115 939
0 39 0
0 39 0
2.02553813696258 65 325
20.3533385882848 77 703
11.0908635407627 76 324
0.136245345598735 43 6
0 39 0
33.0640748106097 112 1296
0 39 0
0 39 0
9.0695794316144 79 207
1.00372163744919 58 171
0 39 0
0 39 0
5.08223752196349 72 528
0 39 0
0 39 0
0 39 0
9.6640779717897 75 630
7.52602898121013 74 595
0 39 0
0 39 0
42.5197932893258 182 2010
44.755125102165 172 1801
40.7697308388813 134 1487
0 39 0
44.4994957664995 146 1861
20.3533385882848 77 703
41.9859136721777 143 1753
0 39 0
10.9049084775046 77 226
20.3533385882848 77 703
23.9897399283979 104 1054
50.1200932230932 146 1859
15.9114751551676 100 942
0 39 0
0.384768015746978 49 45
3.24879339990006 69 435
0 39 0
24.6456561732922 106 1109
0 39 0
0 39 0
13.1390815556718 115 945
13.2272705270511 76 666
22.2878273796951 109 1191
66.4080663829577 200 2119
0 39 0
66.5998937290661 176 2288
0 39 0
26.1325812842319 108 1156
9.6640779717897 75 630
0 39 0
0 39 0
4.31840830025752 71 496
20.3533385882848 77 703
0 39 0
53.7507524557737 162 2002
4.01710776950658 77 351
0 39 0
0 39 0
46.6889761158996 143 1775
0 39 0
0 39 0
0 39 0
0 39 0
31.7169427691279 135 1495
23.5208755286318 102 1003
0.17267405080531 44 10
0 39 0
10.2476054712254 72 172
0 39 0
0 39 0
0 39 0
19.0140394372608 108 1158
32.570258375683 137 1358
20.3533385882848 77 703
40.9575339381192 114 1369
3.24879339990006 69 435
13.2272705270511 76 666
20.2021018698413 116 964
0 39 0
0 39 0
7.00727655352369 77 274
58.0085525573322 177 1916
18.2819026072085 117 847
20.3533385882848 77 703
0 39 0
20.3533385882848 77 703
28.860469858021 110 1225
2.46996143111453 70 245
0 39 0
6.15659634353123 91 666
20.3533385882848 77 703
0 39 0
5.08223752196349 72 528
78.5155421372778 216 2582
1.485129534953 62 253
12.9195077626645 103 996
0 39 0
0 39 0
0 39 0
0 39 0
2.47471616963264 65 165
16.5563806996156 92 676
44.9870954270322 141 1684
6.43183440109554 75 562
57.3189418878766 190 2047
0 39 0
0 39 0
19.0140394372608 108 1158
22.6545698961611 96 874
20.3533385882848 77 703
41.6985897782379 164 1793
5.08223752196349 72 528
0 39 0
20.3533385882848 77 703
0 39 0
0 39 0
0 39 0
34.0854274296133 113 1333
0 39 0
0 39 0
1.00372163744919 58 171
32.6350636750103 136 1530
26.3459613908669 109 1199
0 39 0
0 39 0
0 39 0
28.6440882305384 111 1264
0 39 0
20.3533385882848 77 703
82.9291854616571 211 2893
0 39 0
13.2272705270511 76 666
61.8116349016363 150 1999
0 39 0
12.2462444997025 88 386
5.08223752196349 72 528
6.08717474787136 69 211
13.5584719612788 97 813
0 39 0
0 39 0
20.3533385882848 77 703
0 39 0
83.1617318668027 199 2575
0 39 0
27.4715867192062 140 1354
14.6929712466031 90 757
23.5208755286318 102 1003
20.3533385882848 77 703
0 39 0
34.3960286221502 135 1551
23.5208755286318 102 1003
20.3533385882848 77 703
2.2609048004781 66 351
13.1029727944471 119 1083
20.3533385882848 77 703
0 39 0
0 39 0
0 39 0
8.2764175497585 75 241
0 39 0
6.8260313404729 84 364
0 39 0
19.7224204247894 107 1123
0 39 0
13.2272705270511 76 666
0 39 0
13.2272705270511 76 666
59.0279937775095 176 2294
0 39 0
0 39 0
0 39 0
0 39 0
0 39 0
20.9882173413923 109 1194
7.52602898121013 74 595
26.3459613908669 109 1199
13.2272705270511 76 666
3.72422668641739 70 465
0 39 0
5.08223752196349 72 528
0 39 0
35.2957675344329 121 1332
161.440782404763 340 4146
3.42185267745325 78 433
40.9575339381192 114 1369
0 39 0
63.7454237019407 178 2355
0.0671432819455803 41 1
0 39 0
0 39 0
0 39 0
0.101180226503478 42 3
0 39 0
1.34486350693626 61 231
33.0640748106097 112 1296
20.3533385882848 77 703
0 39 0
17.0333298925587 85 230
19.0140394372608 108 1158
8.16951864191343 80 610
0 39 0
40.9575339381192 114 1369
7.52602898121013 74 595
16.9523688946484 117 1003
13.2272705270511 76 666
0 39 0
40.9575339381192 114 1369
20.3533385882848 77 703
46.8425600996354 168 2044
18.9953242828084 108 766
20.3533385882848 77 703
0 39 0
53.7507524557737 162 2002
20.3533385882848 77 703
26.33465273091 111 1261
0.292873464550028 47 28
37.6546373135573 160 1477
0 39 0
0 39 0
20.3533385882848 77 703
22.5734490747432 104 1024
0.136245345598735 43 6
5.0178878374067 77 252
0 39 0
20.3533385882848 77 703
0 39 0
5.07060109665636 56 64
7.52602898121013 74 595
0 39 0
0 39 0
2.02553813696258 65 325
0 39 0
1.82147281262002 64 300
0.488896085102781 51 66
0 39 0
20.3533385882848 77 703
22.7650395435366 97 893
5.08223752196349 72 528
20.3533385882848 77 703
22.2878273796951 109 1191
20.3533385882848 77 703
0 39 0
14.3610164726088 86 529
41.8137625361431 138 1407
0 39 0
0 39 0
22.0474297420606 89 769
0.825284618130622 56 136
41.8072710819986 160 1807
0 39 0
0 39 0
21.6692003952761 84 724
0 39 0
0 39 0
13.3119383914781 95 395
1.1061584983623 59 190
0 39 0
9.20973132921498 98 861
0 39 0
0 39 0
9.6640779717897 75 630
13.2272705270511 76 666
0 39 0
20.3533385882848 77 703
0 39 0
0 39 0
0 39 0
12.8220234540539 101 955
30.6750249003152 112 1298
14.3968045882828 99 871
0 39 0
51.4800796518324 161 1928
0 39 0
47.1965989714426 144 1804
150.289154860508 317 3559
0 39 0
38.8272482232853 143 1763
1.64283425273586 63 276
0 39 0
9.6640779717897 75 630
1.41363828744884 44 4
20.3533385882848 77 703
0.337456457152725 48 36
4.31840830025752 71 496
20.3533385882848 77 703
37.8083461390183 139 1619
33.0640748106097 112 1296
0 39 0
0 39 0
0 39 0
1.1061584983623 59 190
9.6640779717897 75 630
7.52602898121013 74 595
0 39 0
20.3533385882848 77 703
0 39 0
11.2363338940583 101 946
0 39 0
30.6840257785474 137 1586
0 39 0
20.3533385882848 77 703
13.2272705270511 76 666
0 39 0
9.6640779717897 75 630
0.747062528507057 55 120
3.35649564690354 76 292
2.53540483138768 67 378
5.08223752196349 72 528
40.9575339381192 114 1369
2.85971756622539 68 406
0 39 0
39.5954781060881 149 1520
2.53540483138768 67 378
1.21927611241808 60 210
61.8116349016363 150 1999
7.52602898121013 74 595
39.8698661549249 160 1850
0.17267405080531 44 10
34.4395851263784 135 1507
9.6640779717897 75 630
20.3533385882848 77 703
0 39 0
2.2609048004781 66 351
2.02553813696258 65 325
63.7987554981879 187 2280
0 39 0
0 39 0
0 39 0
20.3533385882848 77 703
9.01096886895085 91 731
15.161479470943 95 837
13.2272705270511 76 666
20.3533385882848 77 703
0 39 0
30.4240606510727 118 805
0 39 0
0 39 0
0 39 0
11.2252563569128 92 766
19.0140394372608 108 1158
20.3533385882848 77 703
10.2273064225675 78 241
42.6959064270067 163 1903
18.592409290185 113 928
0 39 0
1.1061584983623 59 190
0 39 0
0 39 0
0 39 0
40.9575339381192 114 1369
0 39 0
0 39 0
20.3533385882848 77 703
0 39 0
0 39 0
0 39 0
0 39 0
0 39 0
6.10054579558226 73 561
0 39 0
0 39 0
0 39 0
20.3533385882848 77 703
0 39 0
0 39 0
0 39 0
0 39 0
0 39 0
3.24879339990006 69 435
39.4599006957631 142 1731
40.7697308388813 134 1487
0 39 0
0 39 0
0 39 0
0 39 0
28.3061679086459 138 1600
4.81225785976172 63 133
0 39 0
1.04994118149473 58 137
0 39 0
40.9575339381192 114 1369
0 39 0
0 39 0
0 39 0
28.9973779258039 126 1309
7.52602898121013 74 595
0 39 0
0 39 0
0 39 0
0 39 0
6.37597399499936 74 293
15.0014821760873 92 466
0 39 0
2.85971756622539 68 406
0.250727540491753 46 21
4.31840830025752 71 496
0 39 0
55.0989029706407 167 2047
0 39 0
0 39 0
32.280392685312 136 1556
0 39 0
0 39 0
14.6441618683822 108 789
40.9575339381192 114 1369
20.3533385882848 77 703
7.52602898121013 74 595
20.3533385882848 77 703
5.08223752196349 72 528
0 39 0
17.0571678254735 107 1126
28.5414883152683 142 1516
0 39 0
9.6640779717897 75 630
0.608327032343094 53 91
14.3968045882828 99 871
13.2272705270511 76 666
13.2272705270511 76 666
1.47410311052396 59 106
9.6640779717897 75 630
5.08223752196349 72 528
0 39 0
5.63106337640889 89 616
0 39 0
83.7100984983136 225 2870
10.8003592583597 87 696
0 39 0
20.3533385882848 77 703
28.860469858021 110 1225
46.2861066036927 142 1747
27.1014599737824 150 1569
14.7759385676185 104 724
0 39 0
13.2272705270511 76 666
23.0569445899821 109 784
20.3533385882848 77 703
0 39 0
2.2609048004781 66 351
1.00372163744919 58 171
0 39 0
2.2609048004781 66 351
40.9575339381192 114 1369
0 39 0
0 39 0
26.0378918305549 137 1288
1.21927611241808 60 210
4.31840830025752 71 496
5.08223752196349 72 528
86.5976226880601 215 2505
0.488896085102781 51 66
20.3533385882848 77 703
0 39 0
2.53540483138768 67 378
0 39 0
0 39 0
0 39 0
0 39 0
0 39 0
0 39 0
1.21927611241808 60 210
25.987728946847 125 1234
0 39 0
40.9575339381192 114 1369
53.8193739314239 176 1916
0 39 0
0 39 0
35.445546945522 120 1144
13.2272705270511 76 666
2.85971756622539 68 406
3.80068605617632 76 456
0 39 0
20.3533385882848 77 703
29.9102272649827 139 1626
0 39 0
50.9287412861036 173 1686
0 39 0
61.8116349016363 150 1999
0 39 0
0 39 0
0 39 0
32.4216248865538 120 1054
13.2272705270511 76 666
0 39 0
0 39 0
20.3533385882848 77 703
0 39 0
70.4387006378874 181 2464
28.860469858021 110 1225
0 39 0
2.53540483138768 67 378
24.2876898596686 105 1081
0 39 0
0.910500749573456 57 153
20.3533385882848 77 703
0 39 0
0 39 0
33.1826522844766 160 1720
0 39 0
0 39 0
0 39 0
20.3533385882848 77 703
13.2272705270511 76 666
6.80396980214127 93 727
0 39 0
0.384768015746978 49 45
0 39 0
0 39 0
0 39 0
0 39 0
0 39 0
22.5734490747432 104 1024
57.4941798445876 173 2230
20.3533385882848 77 703
66.9164192074466 215 2157
20.3533385882848 77 703
28.860469858021 110 1225
0 39 0
35.607852032708 139 1649
1.82147281262002 64 300
0 39 0
47.6953784099141 147 1894
5.08223752196349 72 528
0 39 0
0 39 0
20.3533385882848 77 703
9.6640779717897 75 630
2.85971756622539 68 406
0 39 0
20.3533385882848 77 703
34.6236907110805 136 1574
6.10054579558226 73 561
0.384768015746978 49 45
6.45399852441115 79 539
90.5926814055426 236 2847
53.1502120409883 147 1891
0 39 0
0 39 0
13.2272705270511 76 666
6.10054579558226 73 561
0.384768015746978 49 45
47.2445030716846 139 1081
0 39 0
24.142349221485 106 1089
0 39 0
52.8323499850512 169 2078
0 39 0
0 39 0
6.10054579558226 73 561
24.8075521665487 139 1393
0 39 0
34.485547821895 134 1459
20.3533385882848 77 703
0 39 0
47.8560628249156 145 1834
81.7216928058564 219 2770
0 39 0
0 39 0
0 39 0
0 39 0
0 39 0
3.72422668641739 70 465
13.2272705270511 76 666
0 39 0
0 39 0
0 39 0
36.732260314007 120 1312
38.0547581366634 140 988
0 39 0
0 39 0
40.9575339381192 114 1369
20.3533385882848 77 703
0.0671432819455803 41 1
1.34486350693626 61 231
20.3533385882848 77 703
0 39 0
0 39 0
0 39 0
0 39 0
4.31840830025752 71 496
40.9575339381192 114 1369
0 39 0
1.67261792477946 65 220
0.101180226503478 42 3
25.6347505438983 108 1168
0 39 0
0 39 0
61.8116349016363 150 1999
0 39 0
0 39 0
0 39 0
2.85971756622539 68 406
24.6456561732922 106 1109
0 39 0
15.2804604841343 96 856
0 39 0
0 39 0
6.10054579558226 73 561
0 39 0
0 39 0
33.7137075244433 138 1609
0 39 0
0 39 0
9.6640779717897 75 630
9.6640779717897 75 630
40.9575339381192 114 1369
33.971254778449 137 1556
26.1325812842319 108 1156
0.0671432819455803 41 1
28.6440882305384 111 1264
44.5072367812607 174 1901
0 39 0
40.9575339381192 114 1369
0 39 0
0 39 0
0 39 0
0 39 0
0 39 0
0 39 0
9.51102052783416 106 791
23.0185177959198 99 934
20.3533385882848 77 703
0 39 0
0.747062528507057 55 120
0 39 0
35.5344096190354 157 1803
46.5522188994361 167 2021
20.3533385882848 77 703
58.3046289777249 209 2444
0 39 0
0 39 0
0 39 0
1.44756576165336 54 55
0.825284618130622 56 136
0 39 0
2.53540483138768 67 378
18.0142867047423 106 1101
30.6750249003152 112 1298
0 39 0
5.66432824872279 58 81
0 39 0
2.85971756622539 68 406
0 39 0
9.18726361584311 99 817
40.9575339381192 114 1369
67.6207819449404 175 2299
0 39 0
8.87358999939979 97 837
0 39 0
13.2272705270511 76 666
0 39 0
0 39 0
40.9575339381192 114 1369
20.3533385882848 77 703
1.34486350693626 61 231
14.95314727084 93 802
61.8116349016363 150 1999
15.7237464970801 99 919
1.64283425273586 63 276
0 39 0
3.72389301441075 68 240
0 39 0
18.7189744586267 107 1131
0 39 0
0 39 0
0 39 0
0 39 0
14.8316191372358 105 1065
39.053549685165 130 1379
0.136245345598735 43 6
48.2461932912783 163 1873
17.0571678254735 107 1126
0 39 0
0 39 0
13.2272705270511 76 666
0 39 0
40.9575339381192 114 1369
29.9336570789048 125 1192
0 39 0
0 39 0
0.608327032343094 53 91
2.02553813696258 65 325
55.9207154515883 170 1222
9.37430907107759 81 292
13.2272705270511 76 666
0 39 0
5.66432824872279 58 81
0 39 0
4.31840830025752 71 496
3.24879339990006 69 435
0 39 0
0 39 0
0 39 0
3.92958667384563 82 483
0 39 0
0 39 0
2.53540483138768 67 378
88.6289165617348 222 2550
14.8316191372358 105 1065
0 39 0
0 39 0
112.236984979534 248 3553
57.1357960998337 161 1838
20.3533385882848 77 703
5.66432824872279 58 81
0 39 0
0 39 0
22.0474297420606 89 769
0 39 0
53.7665656009397 160 1050
0.435128599423924 50 55
0 39 0
0 39 0
0 39 0
0 39 0
0 39 0
0 39 0
0 39 0
0 39 0
20.3533385882848 77 703
0 39 0
0 39 0
20.3533385882848 77 703
32.8091356687863 134 1501
23.7375279629125 103 1028
0 39 0
61.8116349016363 150 1999
0 39 0
0 39 0
5.08223752196349 72 528
14.3968045882828 99 871
0 39 0
40.9575339381192 114 1369
35.6873883796394 137 1566
19.0540552363106 120 814
7.1206749864468 82 443
1.1061584983623 59 190
0 39 0
14.1975865155075 83 687
22.9868544317227 110 1227
3.24879339990006 69 435
0 39 0
4.31840830025752 71 496
6.85115662369067 62 121
21.6692003952761 84 724
20.3533385882848 77 703
0 39 0
0 39 0
0 39 0
0 39 0
0 39 0
0 39 0
0 39 0
0 39 0
0 39 0
0 39 0
0 39 0
0 39 0
12.228302161639 114 952
13.2272705270511 76 666
0 39 0
28.8135259441719 137 1558
0 39 0
0 39 0
6.10054579558226 73 561
0 39 0
74.3325297174327 221 2215
20.3533385882848 77 703
0 39 0
9.6640779717897 75 630
20.3533385882848 77 703
0.250727540491753 46 21
9.6640779717897 75 630
0 39 0
13.2272705270511 76 666
0 39 0
43.4480055837542 122 1397
0 39 0
2.53540483138768 67 378
4.31840830025752 71 496
0 39 0
7.52602898121013 74 595
0 39 0
3.50027602817825 79 405
0 39 0
1.82147281262002 64 300
6.10054579558226 73 561
46.2861066036927 142 1747
14.3334104496713 85 702
0 39 0
0 39 0
0 39 0
28.860469858021 110 1225
0 39 0
72.3629874334535 203 2619
0 39 0
0 39 0
0 39 0
0 39 0
0 39 0
8.04303797961926 66 169
9.6640779717897 75 630
0 39 0
0 39 0
2.2609048004781 66 351
20.3533385882848 77 703
5.18809784843242 86 541
0 39 0
33.0640748106097 112 1296
38.0442253185966 158 1741
20.3533385882848 77 703
34.3617755111667 139 1373
20.3533385882848 77 703
6.10054579558226 73 561
3.85524386437623 69 214
48.305538180799 144 1786
44.1284232803301 155 1607
0 39 0
0 39 0
32.4277965528887 141 1692
15.9658143594809 88 378
0 39 0
71.6229076216791 182 2495
1.21927611241808 60 210
0 39 0
40.9575339381192 114 1369
13.2272705270511 76 666
0 39 0
37.2136031318104 149 1604
0 39 0
1.00372163744919 58 171
13.2272705270511 76 666
3.72422668641739 70 465
0 39 0
20.3533385882848 77 703
0 39 0
0 39 0
0 39 0
0 39 0
0 39 0
0 39 0
0 39 0
13.2272705270511 76 666
0 39 0
0 39 0
17.4678914921245 105 1072
0.136245345598735 43 6
13.2272705270511 76 666
0 39 0
27.2998195260724 110 1231
0 39 0
0.825284618130622 56 136
0 39 0
30.8342049071756 134 1481
0 39 0
0 39 0
20.3533385882848 77 703
9.6640779717897 75 630
21.003516957587 114 907
20.3533385882848 77 703
0 39 0
0 39 0
4.31840830025752 71 496
0 39 0
48.305538180799 144 1786
13.2272705270511 76 666
0 39 0
20.3533385882848 77 703
0 39 0
24.3999519783037 133 1456
0 39 0
20.3533385882848 77 703
0 39 0
1.00372163744919 58 171
1.21927611241808 60 210
0.825284618130622 56 136
0 39 0
40.9575339381192 114 1369
13.8067923313062 78 667
8.91102450478989 102 709
17.8975779311348 105 1057
21.2677057003393 102 961
3.14566995240465 55 57
0 39 0
0 39 0
26.6690308722414 134 1463
14.1281489706554 82 681
0 39 0
0.763084133731055 47 16
20.3533385882848 77 703
0 39 0
22.3678948971925 93 823
60.9095160406428 175 2249
20.3533385882848 77 703
2.2609048004781 66 351
20.3533385882848 77 703
0.546474980836425 52 78
0 39 0
14.6159344267398 105 1060
7.52602898121013 74 595
7.52602898121013 74 595
0 39 0
13.2272705270511 76 666
0 39 0
0 39 0
3.72422668641739 70 465
54.1715646599919 148 1928
0 39 0
0 39 0
0 39 0
6.2107784003555 86 619
0.488896085102781 51 66
0 39 0
10.1182958253937 77 631
5.08223752196349 72 528
0 39 0
6.8077281699546 81 589
20.3533385882848 77 703
0 39 0
20.3533385882848 77 703
0 39 0
46.6889761158996 143 1775
0 39 0
0 39 0
22.6545698961611 96 874
0.825284618130622 56 136
9.6640779717897 75 630
125.862823315724 252 3683
13.2272705270511 76 666
0 39 0
0 39 0
0 39 0
60.7367639228603 191 2295
34.0854274296133 113 1333
9.6640779717897 75 630
0 39 0
21.0622662821287 123 1201
0 39 0
0 39 0
3.23841752016842 76 414
40.9575339381192 114 1369
54.1715646599919 148 1928
41.3610595184755 144 1798
39.8807773748417 132 1432
43.7168575094827 178 2014
0 39 0
0.136245345598735 43 6
2.85971756622539 68 406
0 39 0
0.825284618130622 56 136
20.3533385882848 77 703
3.72422668641739 70 465
20.3533385882848 77 703
20.3533385882848 77 703
13.4298927792142 85 382
14.0312780362832 110 598
20.3533385882848 77 703
51.3976631504204 181 2186
0.250727540491753 46 21
34.0854274296133 113 1333
0 39 0
0 39 0
0 39 0
0 39 0
0 39 0
20.3533385882848 77 703
17.3578151297866 94 729
0.910500749573456 57 153
7.43110004722303 94 759
0 39 0
40.9575339381192 114 1369
0 39 0
20.3533385882848 77 703
0 39 0
0 39 0
0.608327032343094 53 91
14.95314727084 93 802
0 39 0
1.21927611241808 60 210
0 39 0
24.2876898596686 105 1081
0 39 0
63.1347330952708 170 2012
0 39 0
0 39 0
98.9595108401036 252 2650
0 39 0
0 39 0
0 39 0
22.4573422262469 94 839
13.2272705270511 76 666
50.7445625057673 176 1697
0 39 0
7.52602898121013 74 595
0 39 0
0 39 0
0 39 0
110.560610919814 243 3395
0 39 0
11.6485907895051 101 934
0 39 0
0 39 0
6.69682220919812 88 518
13.2272705270511 76 666
0 39 0
0 39 0
6.10054579558226 73 561
40.9575339381192 114 1369
14.7833221476576 104 1026
0 39 0
21.4076267435613 81 709
30.6750249003152 112 1298
0 39 0
9.6640779717897 75 630
7.52602898121013 74 595
20.3533385882848 77 703
22.2830807184115 92 808
9.6640779717897 75 630
0 39 0
0 39 0
0 39 0
19.9778258857305 111 1161
3.72422668641739 70 465
0 39 0
41.3412057043285 143 1760
0 39 0
20.3533385882848 77 703
0 39 0
40.9575339381192 114 1369
22.3678948971925 93 823
0 39 0
0 39 0
0 39 0
6.10054579558226 73 561
26.1325812842319 108 1156
0.674983879127968 54 105
0 39 0
0 39 0
0 39 0
0 39 0
0 39 0
0 39 0
0 39 0
0 39 0
20.3533385882848 77 703
22.9868544317227 110 1227
20.3533385882848 77 703
28.6440882305384 111 1264
0 39 0
13.2272705270511 76 666
0 39 0
0.17267405080531 44 10
30.6750249003152 112 1298
13.2272705270511 76 666
0 39 0
0 39 0
0 39 0
0.910500749573456 57 153
0 39 0
0 39 0
0 39 0
0 39 0
20.3533385882848 77 703
36.4229317134509 162 1902
5.56972436750538 74 291
33.0640748106097 112 1296
0 39 0
58.3512719828212 170 2126
6.1901628791928 80 301
0 39 0
14.8606585734999 92 786
13.2272705270511 76 666
13.0118836707426 82 441
9.98124404042265 63 85
0 39 0
0 39 0
26.4053712291194 115 1027
20.3533385882848 77 703
0 39 0
21.8980027288032 87 748
30.6750249003152 112 1298
0 39 0
92.9472444487594 235 2732
15.7572056191866 106 1095
9.85522622895866 72 256
0.546474980836425 52 78
0 39 0
53.8898602920675 174 2245
0 39 0
7.52602898121013 74 595
1.485129534953 62 253
48.2853507394546 173 1860
65.0385745335361 201 1925
7.52602898121013 74 595
74.2870036610979 216 2567
0 39 0
20.3533385882848 77 703
0 39 0
20.3533385882848 77 703
20.3533385882848 77 703
13.2272705270511 76 666
0 39 0
27.7032267859558 133 1080
0 39 0
0 39 0
34.0854274296133 113 1333
0 39 0
105.196655964294 251 2871
27.2998195260724 110 1231
0 39 0
0 39 0
20.3533385882848 77 703
0 39 0
51.7360115092608 163 1645
1.485129534953 62 253
20.3533385882848 77 703
20.3533385882848 77 703
1.00372163744919 58 171
58.2936778037985 165 1924
0.546474980836425 52 78
13.0118836707426 82 441
0.210747711190753 45 15
26.33465273091 111 1261
20.3533385882848 77 703
26.5586027912634 150 1594
0 39 0
0 39 0
0 39 0
0 39 0
0 39 0
0 39 0
0 39 0
4.93829325850081 80 406
23.7375279629125 103 1028
0 39 0
61.8116349016363 150 1999
0 39 0
0 39 0
0 39 0
9.6640779717897 75 630
0 39 0
34.5243092867402 122 679
9.6640779717897 75 630
0 39 0
22.6545698961611 96 874
28.1733916780577 131 1379
0 39 0
0 39 0
2.85971756622539 68 406
45.4543384280268 139 1669
0 39 0
0 39 0
28.860469858021 110 1225
9.6640779717897 75 630
0 39 0
13.2272705270511 76 666
22.6545698961611 96 874
0 39 0
2.53540483138768 67 378
13.2272705270511 76 666
16.5563806996156 92 676
9.6640779717897 75 630
17.9936196543167 112 1029
26.33465273091 111 1261
20.3533385882848 77 703
25.6347505438983 108 1168
13.7043259699197 117 1078
0 39 0
0 39 0
0 39 0
30.6750249003152 112 1298
0 39 0
0 39 0
20.3533385882848 77 703
24.2876898596686 105 1081
0 39 0
0 39 0
29.3366654281928 151 1585
13.2272705270511 76 666
4.31840830025752 71 496
0 39 0
7.52602898121013 74 595
6.10054579558226 73 561
0 39 0
0.210747711190753 45 15
20.3533385882848 77 703
28.860469858021 110 1225
4.4640748850748 82 453
0 39 0
42.7887448933042 149 1615
26.5031590094892 137 1059
0 39 0
13.2272705270511 76 666
26.33465273091 111 1261
0 39 0
0 39 0
0 39 0
3.24879339990006 69 435
0 39 0
20.3533385882848 77 703
0 39 0
0 39 0
20.3533385882848 77 703
0 39 0
33.0640748106097 112 1296
3.24879339990006 69 435
20.3533385882848 77 703
24.2911002608934 119 1031
23.5208755286318 102 1003
28.0204681528727 118 1282
0 39 0
0 39 0
20.3533385882848 77 703
27.2998195260724 110 1231
40.9575339381192 114 1369
2.85971756622539 68 406
49.5628441799841 170 2089
5.08223752196349 72 528
20.3533385882848 77 703
0 39 0
0 39 0
0 39 0
7.52602898121013 74 595
0 39 0
6.71303786482978 80 402
31.4684368403105 135 1495
0 39 0
0 39 0
0 39 0
1.82147281262002 64 300
125.93267834513 271 3274
6.10054579558226 73 561
3.24879339990006 69 435
0 39 0
0 39 0
20.3533385882848 77 703
0 39 0
25.1581505598659 124 1176
20.3533385882848 77 703
0 39 0
2.85971756622539 68 406
0 39 0
0 39 0
47.7264118801637 162 1849
0 39 0
20.3533385882848 77 703
0 39 0
0 39 0
43.8004687144719 145 1826
0 39 0
0 39 0
0 39 0
21.185586112784 79 704
0 39 0
0 39 0
9.6640779717897 75 630
0 39 0
0 39 0
0.337456457152725 48 36
41.3412057043285 143 1760
44.5263379448368 144 1572
20.8284179986139 126 1231
14.3334104496713 85 702
22.3678948971925 93 823
3.9263243698639 82 471
0 39 0
40.9575339381192 114 1369
3.97483084428872 65 122
1.82147281262002 64 300
13.0745228345925 91 435
9.6640779717897 75 630
49.4968480661199 183 2053
1.82147281262002 64 300
2.53540483138768 67 378
40.9575339381192 114 1369
0 39 0
0 39 0
0 39 0
0 39 0
0 39 0
34.0854274296133 113 1333
0 39 0
0 39 0
0 39 0
2.02553813696258 65 325
0 39 0
0 39 0
33.0640748106097 112 1296
0 39 0
36.7948136583723 129 1306
0.825284618130622 56 136
34.0854274296133 113 1333
13.2272705270511 76 666
0 39 0
0 39 0
46.5994699752504 154 1657
0 39 0
0 39 0
0 39 0
13.4638072769723 102 963
48.305538180799 144 1786
0 39 0
0 39 0
5.66432824872279 58 81
32.5366787201242 136 1550
21.6692003952761 84 724
20.3533385882848 77 703
40.9575339381192 114 1369
13.2272705270511 76 666
28.860469858021 110 1225
0 39 0
0 39 0
0 39 0
0 39 0
0 39 0
16.2180770148306 117 1126
0 39 0
0 39 0
3.63771660904367 78 451
1.64283425273586 63 276
0 39 0
20.3533385882848 77 703
23.0872816784249 116 1047
33.0640748106097 112 1296
23.7375279629125 103 1028
2.85971756622539 68 406
20.3533385882848 77 703
22.5734490747432 104 1024
0 39 0
20.3533385882848 77 703
13.2272705270511 76 666
25.0843125297009 107 1138
9.6640779717897 75 630
20.3533385882848 77 703
0 39 0
0 39 0
0 39 0
0 39 0
0 39 0
0 39 0
0 39 0
9.6640779717897 75 630
0 39 0
0 39 0
9.6640779717897 75 630
0 39 0
33.0640748106097 112 1296
34.0854274296133 113 1333
6.10054579558226 73 561
13.2272705270511 76 666
6.03603616785855 84 594
0 39 0
25.4062539691308 126 760
0 39 0
0 39 0
0 39 0
0 39 0
0 39 0
44.0131746429754 165 1944
0 39 0
0 39 0
0 39 0
0 39 0
1.64283425273586 63 276
20.3533385882848 77 703
0 39 0
13.0118836707426 82 441
20.3533385882848 77 703
0 39 0
1.21927611241808 60 210
26.177210870175 124 1206
0 39 0
0 39 0
3.72422668641739 70 465
20.3533385882848 77 703
0 39 0
0 39 0
2.53540483138768 67 378
33.0640748106097 112 1296
0 39 0
6.85115662369067 62 121
0 39 0
9.6640779717897 75 630
9.6640779717897 75 630
7.52602898121013 74 595
20.3533385882848 77 703
20.3533385882848 77 703
7.86573974043425 77 343
0 39 0
78.4140780362256 214 2219
0 39 0
20.1372313009373 100 900
2.85971756622539 68 406
0 39 0
0 39 0
52.3196842705564 178 1891
0 39 0
1.52347068260403 50 27
0 39 0
0 39 0
9.6640779717897 75 630
21.185586112784 79 704
0 39 0
13.2272705270511 76 666
0.674983879127968 54 105
0 39 0
13.2272705270511 76 666
23.2240806708849 90 686
34.0854274296133 113 1333
26.33465273091 111 1261
80.897499421066 216 2537
24.0087970278083 129 998
0 39 0
2.85971756622539 68 406
0 39 0
46.5994699752504 154 1657
3.72422668641739 70 465
0 39 0
0 39 0
20.3533385882848 77 703
1.34486350693626 61 231
14.6929712466031 90 757
13.2272705270511 76 666
21.5652125092057 121 1240
0 39 0
28.9749637811867 109 944
11.2525678838448 105 786
0 39 0
26.3459613908669 109 1199
0 39 0
0 39 0
20.3533385882848 77 703
18.062013002949 98 605
76.548673393246 184 2560
18.8166482088856 106 745
25.6347505438983 108 1168
0 39 0
28.0746990188365 123 1218
19.0140394372608 108 1158
29.8030873629997 114 901
0 39 0
54.1715646599919 148 1928
20.3533385882848 77 703
35.3831281301703 140 1403
51.6940489343586 168 2035
5.08223752196349 72 528
6.10054579558226 73 561
0 39 0
9.04515949162681 100 634
20.3533385882848 77 703
20.4590707095577 99 601
0 39 0
57.3887315167217 185 1835
2.53540483138768 67 378
0 39 0
1.32582773822648 60 130
2.2609048004781 66 351
33.0640748106097 112 1296
14.1281489706554 82 681
19.0140394372608 108 1158
28.860469858021 110 1225
0 39 0
19.0140394372608 108 1158
12.9195077626645 103 996
0 39 0
23.7375279629125 103 1028
6.10054579558226 73 561
0 39 0
27.3019477661805 124 1166
18.2102746874701 96 784
1.34486350693626 61 231
40.9575339381192 114 1369
12.2782059291697 116 1032
13.4638072769723 102 963
2.02553813696258 65 325
71.6272703349883 181 2458
0 39 0
0.85089766863977 46 11
0 39 0
22.5734490747432 104 1024
39.8807773748417 132 1432
0 39 0
63.2659574709689 169 1630
0 39 0
0 39 0
0.101180226503478 42 3
20.3533385882848 77 703
20.3533385882848 77 703
0 39 0
40.9575339381192 114 1369
7.52602898121013 74 595
45.6854744837763 140 1694
0 39 0
22.5524892414043 95 856
0 39 0
0 39 0
7.52602898121013 74 595
20.3533385882848 77 703
0 39 0
19.2460616058562 101 462
92.9815802928624 247 3044
0 39 0
0.435128599423924 50 55
67.9981602503999 177 2314
13.2272705270511 76 666
5.08223752196349 72 528
0 39 0
0 39 0
0 39 0
0 39 0
6.10054579558226 73 561
50.093565813449 170 2102
0 39 0
6.10054579558226 73 561
20.3533385882848 77 703
0 39 0
0.674983879127968 54 105
8.71714296065766 64 76
30.6750249003152 112 1298
57.333853452192 170 2027
0 39 0
6.10054579558226 73 561
0 39 0
3.72422668641739 70 465
64.716314726436 190 2250
0 39 0
0 39 0
0 39 0
0 39 0
0 39 0
0 39 0
26.33465273091 111 1261
0 39 0
35.6521379217873 141 1098
19.0140394372608 108 1158
20.3533385882848 77 703
33.0640748106097 112 1296
0 39 0
20.3533385882848 77 703
20.4948142038209 118 1025
0 39 0
24.6456561732922 106 1109
0 39 0
0 39 0
3.72422668641739 70 465
0 39 0
0 39 0
0 39 0
9.6640779717897 75 630
14.8316191372358 105 1065
28.6533530923356 122 1109
0 39 0
20.3533385882848 77 703
12.0529566631911 74 165
15.8482028512415 99 739
0 39 0
26.3459613908669 109 1199
0 39 0
0 39 0
5.45635714707891 70 189
0 39 0
136.336914006336 283 3029
0 39 0
18.2102746874701 96 784
15.3582616304539 101 931
13.2272705270511 76 666
0 39 0
0 39 0
2.02553813696258 65 325
12.1276114973341 93 703
0 39 0
7.66076113503188 59 47
0 39 0
40.9575339381192 114 1369
20.3533385882848 77 703
0 39 0
61.8116349016363 150 1999
26.1325812842319 108 1156
1.82147281262002 64 300
12.8514901239525 87 364
0 39 0
2.53540483138768 67 378
0 39 0
0 39 0
1.1061584983623 59 190
25.0837996500155 124 1192
6.10054579558226 73 561
0 39 0
27.3019477661805 124 1166
0 39 0
0 39 0
34.0854274296133 113 1333
21.2677057003393 102 961
13.2272705270511 76 666
20.3533385882848 77 703
0 39 0
13.2272705270511 76 666
9.6640779717897 75 630
13.2272705270511 76 666
45.0256508331967 156 1339
0.0671432819455803 41 1
0 39 0
87.9169986397205 234 3100
31.6445390876667 130 1435
0 39 0
25.6347505438983 108 1168
54.1715646599919 148 1928
0 39 0
0 39 0
20.3533385882848 77 703
0 39 0
0.674983879127968 54 105
1.8465425360388 64 164
0.546474980836425 52 78
0 39 0
0 39 0
34.0854274296133 113 1333
39.2662667893827 166 1389
13.2272705270511 76 666
14.6159344267398 105 1060
6.10054579558226 73 561
0 39 0
4.31840830025752 71 496
20.3533385882848 77 703
4.31840830025752 71 496
0 39 0
17.7921344609513 121 1140
59.4304620153327 195 2453
1.64283425273586 63 276
0 39 0
24.142349221485 106 1089
0 39 0
13.2272705270511 76 666
0 39 0
9.6640779717897 75 630
18.0142867047423 106 1101
19.6116649475241 120 1177
0 39 0
20.3533385882848 77 703
0 39 0
6.80396980214127 93 727
23.0185177959198 99 934
20.3533385882848 77 703
0.250727540491753 46 21
0 39 0
20.3533385882848 77 703
28.860469858021 110 1225
15.4119844785871 97 876
13.2272705270511 76 666
18.4750833718356 113 1002
36.7948136583723 129 1306
25.0337690945336 121 962
0 39 0
47.6953784099141 147 1894
28.3317847851335 122 1193
0 39 0
0 39 0
0 39 0
53.1830127995038 166 1957
0 39 0
20.3533385882848 77 703
0 39 0
8.64296932265432 68 196
20.3533385882848 77 703
34.0854274296133 113 1333
0.0671432819455803 41 1
0 39 0
2.42823756422739 72 312
0 39 0
13.2272705270511 76 666
0 39 0
45.4543384280268 139 1669
6.10054579558226 73 561
0 39 0
19.2722698930068 113 833
20.3533385882848 77 703
5.08223752196349 72 528
0 39 0
73.484615536235 181 2452
0 39 0
7.44604649132079 64 144
0 39 0
4.31840830025752 71 496
0 39 0
13.2272705270511 76 666
13.2272705270511 76 666
34.0854274296133 113 1333
0 39 0
28.362428511454 140 1421
0 39 0
20.3533385882848 77 703
5.08223752196349 72 528
0.825284618130622 56 136
1.21927611241808 60 210
16.466823305407 101 764
21.0164016275769 115 995
0 39 0
0 39 0
0 39 0
9.6640779717897 75 630
0 39 0
0 39 0
9.6640779717897 75 630
0 39 0
0 39 0
0 39 0
6.10054579558226 73 561
13.2272705270511 76 666
13.0747045775082 103 772
0 39 0
4.31840830025752 71 496
0 39 0
0 39 0
0 39 0
20.3533385882848 77 703
25.308947850867 116 740
0 39 0
0 39 0
27.6377659545697 103 860
0 39 0
34.8918589628865 137 1598
23.7375279629125 103 1028
4.19720291813519 81 501
0 39 0
2.85971756622539 68 406
69.0284329737474 221 2382
0 39 0
20.3533385882848 77 703
0 39 0
0 39 0
26.33465273091 111 1261
0 39 0
0 39 0
0 39 0
0 39 0
73.1064772752753 203 2191
0 39 0
6.58057175479733 85 510
0 39 0
35.7925339795978 140 1660
0 39 0
0 39 0
0.488896085102781 51 66
0 39 0
0 39 0
0 39 0
43.6436189580987 167 2015
20.3533385882848 77 703
20.3533385882848 77 703
0.292873464550028 47 28
13.2272705270511 76 666
35.7925339795978 140 1660
0.910500749573456 57 153
0 39 0
20.3533385882848 77 703
0 39 0
34.0854274296133 113 1333
0 39 0
0.17267405080531 44 10
2.04669844294103 46 9
0 39 0
0 39 0
0 39 0
20.3533385882848 77 703
4.31840830025752 71 496
66.5998937290661 176 2288
0.825284618130622 56 136
7.52602898121013 74 595
0 39 0
7.17321572516741 73 217
40.9575339381192 114 1369
13.2272705270511 76 666
0 39 0
39.3475450992105 144 1345
3.50027602817825 79 405
0 39 0
1.82147281262002 64 300
0 39 0
0 39 0
61.8116349016363 150 1999
82.9146239538975 185 2594
0 39 0
40.9575339381192 114 1369
0 39 0
0 39 0
2.85971756622539 68 406
54.8608353832671 198 2151
9.6640779717897 75 630
17.4678914921245 105 1072
54.4483293116557 147 754
0 39 0
0 39 0
0 39 0
0 39 0
0 39 0
0 39 0
0.17267405080531 44 10
1.34486350693626 61 231
7.52602898121013 74 595
23.3323290472381 101 979
53.4979956404403 160 1411
0 39 0
0 39 0
9.6640779717897 75 630
24.3359388736409 121 1132
16.8152796926932 109 652
47.8560628249156 145 1834
56.2090716755579 173 1832
15.3582616304539 101 931
9.6640779717897 75 630
0 39 0
3.72422668641739 70 465
60.2645755369055 174 2240
38.863751911709 142 1721
0 39 0
0 39 0
0 39 0
0 39 0
0 39 0
36.1031300995485 140 1676
0 39 0
0 39 0
55.1929172789956 149 1964
26.1325812842319 108 1156
37.8949598810727 136 1586
4.31840830025752 71 496
10.9448127362307 87 379
20.3533385882848 77 703
0 39 0
0 39 0
35.7925339795978 140 1660
0 39 0
0 39 0
47.6953784099141 147 1894
2.2609048004781 66 351
0 39 0
7.52602898121013 74 595
26.33465273091 111 1261
2.69691592540817 72 276
0 39 0
44.4994957664995 146 1861
0 39 0
3.72422668641739 70 465
34.0854274296133 113 1333
0 39 0
30.6454437694616 131 1441
20.3533385882848 77 703
5.23352084929929 65 157
39.6499819129585 157 1812
0 39 0
0 39 0
0 39 0
0 39 0
32.0143750166896 146 1410
18.7283483449744 99 739
39.4599006957631 142 1731
20.3533385882848 77 703
0 39 0
3.72422668641739 70 465
0 39 0
66.6278635304434 186 1746
0 39 0
20.1372313009373 100 900
20.3533385882848 77 703
24.142349221485 106 1089
0 39 0
0 39 0
9.15303569459975 85 472
0 39 0
40.3328314971587 140 1337
47.1965989714426 144 1804
1.485129534953 62 253
0 39 0
44.5312802354703 163 1965
20.3533385882848 77 703
20.3533385882848 77 703
0 39 0
6.10054579558226 73 561
0 39 0
0 39 0
0 39 0
75.5273207742423 183 2525
40.9575339381192 114 1369
0.101180226503478 42 3
23.5208755286318 102 1003
0 39 0
0 39 0
44.7364436762755 165 1718
2.02553813696258 65 325
14.0574198372798 102 691
20.3533385882848 77 703
0 39 0
0 39 0
20.3533385882848 77 703
0 39 0
6.10054579558226 73 561
1.34486350693626 61 231
20.3533385882848 77 703
0 39 0
0 39 0
0 39 0
0 39 0
0 39 0
0 39 0
33.0640748106097 112 1296
28.860469858021 110 1225
33.0640748106097 112 1296
0 39 0
8.7789444203634 89 414
0 39 0
0 39 0
61.8116349016363 150 1999
0.674983879127968 54 105
13.2272705270511 76 666
18.7189744586267 107 1131
0 39 0
26.7274558082254 131 1056
20.3533385882848 77 703
1.41363828744884 44 4
2.85971756622539 68 406
0 39 0
15.0651268724006 88 576
20.3533385882848 77 703
20.3533385882848 77 703
23.1663015200727 100 956
0 39 0
7.12350053024638 94 749
0 39 0
25.6347505438983 108 1168
13.2272705270511 76 666
13.2272705270511 76 666
0 39 0
6.10054579558226 73 561
0 39 0
0 39 0
40.8806616743884 148 1514
30.6750249003152 112 1298
0 39 0
0 39 0
0 39 0
0 39 0
0 39 0
0 39 0
9.6640779717897 75 630
0 39 0
0 39 0
42.4313480640135 138 1585
28.6440882305384 111 1264
31.3188585338347 135 1507
0 39 0
2.02553813696258 65 325
29.9530073638938 115 781
0 39 0
79.9628481755645 181 1796
0 39 0
0 39 0
13.2272705270511 76 666
24.755321710939 134 1487
20.3533385882848 77 703
0.910500749573456 57 153
81.5444220139411 204 2735
16.4957812818786 103 993
0 39 0
0 39 0
37.4826020629349 141 1324
12.36931074589 96 526
29.1521912432647 100 824
0 39 0
0 39 0
0 39 0
20.3533385882848 77 703
0 39 0
0 39 0
9.6640779717897 75 630
20.3533385882848 77 703
0 39 0
2.14851213325984 57 76
52.9658463884019 141 1538
26.2919316811368 115 865
0.17267405080531 44 10
13.2272705270511 76 666
20.3533385882848 77 703
40.9575339381192 114 1369
8.93461813726693 98 853
0 39 0
0 39 0
0.825284618130622 56 136
34.0854274296133 113 1333
9.6640779717897 75 630
43.4136636746687 155 1445
20.3533385882848 77 703
20.3533385882848 77 703
13.2272705270511 76 666
0 39 0
0 39 0
0 39 0
8.43339407260978 97 828
20.3533385882848 77 703
41.5413983949938 160 1153
29.5322400080492 108 872
0 39 0
0.910500749573456 57 153
0 39 0
0 39 0
3.24879339990006 69 435
0.384768015746978 49 45
0 39 0
13.2272705270511 76 666
40.1411668426262 115 903
0 39 0
0 39 0
21.2677057003393 102 961
6.10054579558226 73 561
0 39 0
0 39 0
2.53540483138768 67 378
0 39 0
3.87716160219485 52 36
36.1369742042733 125 1067
29.147601892604 123 1195
0 39 0
27.2998195260724 110 1231
46.2677454019574 162 1837
0 39 0
0 39 0
1.00372163744919 58 171
0 39 0
16.6754756637347 103 1017
61.9418601040372 192 2303
40.9575339381192 114 1369
0 39 0
20.3533385882848 77 703
0 39 0
0 39 0
2.53540483138768 67 378
4.31840830025752 71 496
47.6953784099141 147 1894
17.3578151297866 94 729
0 39 0
6.5374375761813 92 706
20.3533385882848 77 703
4.31840830025752 71 496
0 39 0
22.1236724493599 90 781
8.64296932265432 68 196
0 39 0
0.17267405080531 44 10
0 39 0
20.3533385882848 77 703
22.9868544317227 110 1227
7.52602898121013 74 595
75.5273207742423 183 2525
3.22944429411576 49 14
0 39 0
0 39 0
0 39 0
0 39 0
0 39 0
0 39 0
3.08288730749434 74 399
20.3533385882848 77 703
7.52602898121013 74 595
42.9280893497068 118 1375
0 39 0
54.6800566044793 171 2137
0 39 0
0 39 0
0 39 0
0 39 0
7.52602898121013 74 595
12.2819929811104 99 906
0 39 0
0 39 0
0 39 0
13.2272705270511 76 666
78.4258221801796 206 2759
0 39 0
27.2998195260724 110 1231
26.3459613908669 109 1199
27.2998195260724 110 1231
0 39 0
18.7189744586267 107 1131
0 39 0
0.250727540491753 46 21
83.4276220739056 209 2860
0 39 0
51.0995888988935 172 1441
26.3459613908669 109 1199
0 39 0
20.3533385882848 77 703
0 39 0
0 39 0
0 39 0
0 39 0
27.2998195260724 110 1231
0 39 0
54.225636927387 170 2111
0 39 0
47.6953784099141 147 1894
0 39 0
0 39 0
20.3533385882848 77 703
40.9575339381192 114 1369
1.02534582393737 45 7
0 39 0
37.6156288280829 113 902
20.3533385882848 77 703
46.0443020406981 137 1023
3.24879339990006 69 435
1.21927611241808 60 210
20.0767090983921 119 883
0 39 0
8.64296932265432 68 196
0 39 0
0 39 0
