"COLLES.MDM.LN" "SACKIN" "COPHENETIC"
79.0050022905125 171 1712
38.5639726259043 118 940
34.7937625347226 96 961
0 33 0
62.7639087448296 172 1471
17.2736332010301 65 496
24.2305310998424 92 841
40.7749794095371 121 1261
21.8076895264429 90 784
13.3670279813027 78 334
0 33 0
101.582488578867 222 2206
52.559068069399 126 1396
22.6250818101953 84 591
11.1726800592522 64 465
0 33 0
0 33 0
0 33 0
27.5971927078214 110 994
10.0808048405197 82 578
25.2512205109671 105 729
84.0440427545801 192 1608
24.2305310998424 92 841
0 33 0
0 33 0
13.5657227809362 83 636
52.559068069399 126 1396
16.3467621060764 82 576
0 33 0
34.7937625347226 96 961
66.959785133761 185 1924
0 33 0
0 33 0
0 33 0
2.2952001903819 56 253
32.0705489545661 111 1051
19.5101999614203 81 616
2.2952001903819 56 253
17.2736332010301 65 496
0 33 0
0 33 0
8.90849547966591 69 450
0 33 0
28.4546648073115 101 443
20.3581887707393 86 706
11.1726800592522 64 465
0 33 0
46.9619150422337 125 1367
12.9596322667905 74 400
34.7937625347226 96 961
17.2736332010301 65 496
52.9799564248992 148 1613
39.7144441468738 128 1274
13.2092768869666 81 367
0 33 0
33.8013197295216 116 824
17.2736332010301 65 496
0 33 0
46.6398717515465 140 1382
40.4872254802657 123 1309
9.95342266773565 82 532
64.2538996756172 159 1568
17.2736332010301 65 496
12.4415448569241 74 510
140.198534117603 248 2469
4.34516485074263 69 315
56.9546503525396 147 1586
0 33 0
13.7262639721281 76 441
52.559068069399 126 1396
0 33 0
2.08079379164616 52 87
40.3027019340588 136 1044
23.2020310835698 98 506
23.3389044664147 85 587
0 33 0
26.0450861421367 94 902
17.2736332010301 65 496
34.1297279828907 116 995
0 33 0
0 33 0
0 33 0
19.6598691585195 108 694
0 33 0
17.2736332010301 65 496
68.6627199041339 172 1876
0 33 0
28.4306424846498 110 952
0 33 0
85.90456511934 201 2296
2.62853480437738 57 276
0.418446006869379 42 36
27.2047125647545 109 841
11.1726800592522 64 465
0 33 0
0 33 0
41.6585943025873 123 970
0 33 0
47.5388741035616 136 1312
3.98225790138484 63 331
2.70952922613883 42 16
0 33 0
61.5719685417288 163 1363
21.8076895264429 90 784
11.1726800592522 64 465
11.1726800592522 64 465
0.208399716489168 38 10
0 33 0
61.0613272696845 165 1566
28.7270789006106 86 560
11.1726800592522 64 465
1.2519385306635 51 153
69.3682728812263 161 1795
11.1726800592522 64 465
6.92589634820558 72 363
23.6437954298504 80 545
11.1726800592522 64 465
0.480960019683722 43 45
0.622231381039904 45 66
60.440340598297 156 1595
52.559068069399 126 1396
0 33 0
10.645226245748 85 654
20.0197490564656 88 729
34.7937625347226 96 961
17.2736332010301 65 496
6.29137864569585 62 406
0 33 0
60.8054449018124 151 1690
11.1726800592522 64 465
70.5681205987546 155 1802
112.296981109508 226 2601
16.5672410188999 90 790
36.5595619177661 140 1402
0 33 0
110.114895701284 239 2654
8.12198349975015 63 435
11.1726800592522 64 465
0.996083371342743 49 120
0 33 0
0 33 0
80.7305470001397 192 2056
67.3268737001365 185 1909
103.859007103544 221 2460
0 33 0
0 33 0
0 33 0
0 33 0
0 33 0
35.8516449282535 114 1072
0 33 0
17.2736332010301 65 496
0 33 0
37.800270498343 122 1282
0 33 0
17.2736332010301 65 496
58.1856573480631 173 1647
0 33 0
50.0916326427779 143 1236
0 33 0
31.1206631373698 115 898
27.7900314534843 112 1005
38.5782984891358 107 453
0.0797326473103766 35 1
26.1999640509566 88 617
17.2736332010301 65 496
0 33 0
0 33 0
17.2736332010301 65 496
0 33 0
17.2736332010301 65 496
0 33 0
0 33 0
3.54469173968451 59 325
0 33 0
0 33 0
26.0450861421367 94 902
34.7937625347226 96 961
0 33 0
18.2525207434831 94 620
0 33 0
0 33 0
4.98540492604662 57 133
0 33 0
0 33 0
34.7937625347226 96 961
17.2736332010301 65 496
21.9100807305903 107 948
20.3581887707393 86 706
11.1726800592522 64 465
43.8061441961971 131 1022
24.2305310998424 92 841
4.19882320088791 60 351
34.7937625347226 96 961
18.9867148624048 76 551
0 33 0
0 33 0
24.2305310998424 92 841
0 33 0
1.78201893353412 54 210
51.6435716543077 163 1657
0 33 0
8.12198349975015 63 435
42.0411973570142 133 1225
3.23871003408354 49 57
0.255907935017343 39 15
5.07080966277536 61 378
24.3191964727494 93 874
0 33 0
29.8951568425075 105 829
104.674281659836 222 2507
37.6751159250122 117 833
0.817254531790621 41 16
2.2952001903819 56 253
0.702610689646832 46 78
8.12198349975015 63 435
0 33 0
17.2736332010301 65 496
46.9619150422337 125 1367
17.2736332010301 65 496
0 33 0
17.3062689744126 74 215
0 33 0
22.3668476507771 91 821
34.7937625347226 96 961
0.0797326473103766 35 1
34.7937625347226 96 961
0 33 0
0 33 0
0 33 0
8.78355813411381 79 342
6.29137864569585 62 406
52.559068069399 126 1396
0 33 0
4.19882320088791 60 351
83.7478948608464 202 1991
44.9192098042264 123 1306
1.92834806743596 56 141
0 33 0
0 33 0
34.7937625347226 96 961
0 33 0
17.2736332010301 65 496
18.6837509148709 91 813
34.7937625347226 96 961
0 33 0
8.12198349975015 63 435
0 33 0
6.29137864569585 62 406
17.2736332010301 65 496
17.2736332010301 65 496
0 33 0
1.78201893353412 54 210
11.1726800592522 64 465
34.7937625347226 96 961
62.6031163641826 180 1603
17.2736332010301 65 496
0 33 0
0 33 0
46.9619150422337 125 1367
11.1726800592522 64 465
0 33 0
17.2736332010301 65 496
75.0072229073324 155 1503
0 33 0
21.7622830511132 90 796
5.95377753175012 70 414
12.1881992825245 91 604
17.2736332010301 65 496
0 33 0
0 33 0
0.208399716489168 38 10
32.4111661780164 118 1174
28.1281749740196 94 692
45.8760432250059 115 715
0 33 0
13.7262639721281 76 441
34.1437589110157 119 1200
3.8094208217973 67 252
16.8406263573549 102 787
0 33 0
34.7937625347226 96 961
0 33 0
18.6837509148709 91 813
0 33 0
38.5140851768327 111 942
36.7516151176739 118 925
17.2736332010301 65 496
21.1996622482041 102 778
34.7937625347226 96 961
0 33 0
35.8516449282535 114 1072
6.29137864569585 62 406
17.2736332010301 65 496
5.77276653943668 52 81
0 33 0
19.1767384490439 78 574
31.9101450038626 118 683
40.2816321173691 147 1374
28.9451125228149 95 931
13.7418567511751 88 731
4.11828488794103 69 355
13.5657227809362 83 636
49.0137444013095 155 1454
0 33 0
10.1188051836049 66 184
17.2736332010301 65 496
12.1375552313573 87 706
0 33 0
34.9643628370452 119 1194
34.7937625347226 96 961
85.654604885593 204 2027
0 33 0
29.2217592763712 112 1003
86.1697718931584 206 1714
17.2736332010301 65 496
46.0365134652372 141 1411
10.0553369942672 80 571
17.2736332010301 65 496
24.711516259132 102 735
34.7937625347226 96 961
72.8516869331734 192 1806
8.24272570111751 60 169
0 33 0
5.29826388414496 69 310
0 33 0
6.29137864569585 62 406
122.843039371424 235 2303
0 33 0
9.41228963353182 75 501
17.2736332010301 65 496
0 33 0
23.3391862275646 100 815
36.5618754046658 129 1213
34.4885744694191 120 1227
74.8273203086809 188 1948
70.4057279973837 176 1654
17.2736332010301 65 496
38.3078423875571 138 1360
0 33 0
38.2603162687915 127 856
0 33 0
35.5242298118982 133 1219
0 33 0
31.0149639256 122 776
0 33 0
0 33 0
11.1726800592522 64 465
21.8076895264429 90 784
42.5894290226103 123 1312
47.5227371961241 143 1478
56.4025838580032 157 1262
45.8455768891572 141 1435
11.1726800592522 64 465
78.8270811319563 188 1938
20.0197490564656 88 729
29.2217592763712 112 1003
17.2736332010301 65 496
100.321847731669 224 2547
0 33 0
0 33 0
42.3970722270414 122 1280
24.827620374057 97 427
31.2210035109693 113 1049
0 33 0
46.9619150422337 125 1367
21.7493046868917 102 796
18.9867148624048 76 551
17.2736332010301 65 496
0 33 0
0 33 0
17.2736332010301 65 496
8.9130026762343 54 64
0 33 0
0 33 0
0 33 0
69.7335699155228 188 1635
14.3376155115726 86 696
13.0105149308953 77 305
6.41094666256496 65 195
1.58022642623185 53 190
0 33 0
7.54468124845036 80 549
0 33 0
21.8076895264429 90 784
0 33 0
12.5154097343082 83 601
88.8193685112906 183 2180
11.1726800592522 64 465
0 33 0
0 33 0
0 33 0
17.2736332010301 65 496
19.125431096251 104 811
11.1726800592522 64 465
3.6054223812552 48 37
10.3297550447089 64 147
29.7320350464775 128 973
0.548640407969295 44 55
23.177219361053 92 847
9.39952653035057 89 531
0 33 0
17.2736332010301 65 496
0.163494414718482 37 6
34.7937625347226 96 961
20.0197490564656 88 729
13.3721850650045 72 445
17.2736332010301 65 496
0 33 0
0 33 0
0 33 0
17.2736332010301 65 496
1.01444268283815 46 48
0 33 0
13.2128386971481 53 35
26.8313610500407 102 505
7.61790400557275 58 144
16.3467621060764 82 576
17.2736332010301 65 496
27.9237599038112 94 900
124.236815638598 258 2543
0 33 0
17.2736332010301 65 496
0 33 0
8.12198349975015 63 435
20.6138219926962 87 727
34.7937625347226 96 961
0 33 0
17.2736332010301 65 496
19.788207833782 83 649
5.01643303276185 56 91
2.87048252558167 62 268
17.2736332010301 65 496
0 33 0
20.9198414927252 88 749
23.6437954298504 80 545
1.11656154217672 50 136
27.9237599038112 94 900
49.4634707284185 134 1382
0 33 0
6.29137864569585 62 406
61.2024302422557 164 1566
87.1484578613028 208 2234
0 33 0
74.3949050196021 180 2021
24.2305310998424 92 841
24.2305310998424 92 841
21.8076895264429 90 784
10.6966721073846 83 625
20.6138219926962 87 727
1.2519385306635 51 153
0 33 0
0 33 0
0 33 0
2.01729526040439 55 231
0 33 0
11.1726800592522 64 465
17.2736332010301 65 496
45.8852249108351 144 1494
24.1906209435788 91 314
24.4813797183708 108 919
49.5163055875307 138 984
17.2736332010301 65 496
0.921502887504088 47 67
10.0848071237576 57 85
0 33 0
28.2912748539034 105 896
46.9619150422337 125 1367
5.07080966277536 61 378
0 33 0
24.3573279045996 98 750
40.0779220763038 120 1225
0 33 0
34.7937625347226 96 961
11.0727275730227 89 536
2.62853480437738 57 276
20.7438230474511 99 700
28.9451125228149 95 931
0 33 0
68.291951131351 170 1855
40.9922512511267 119 1112
36.0340230448438 122 899
52.1304588923883 146 1544
29.385512532619 115 1094
69.1708057756088 172 1888
0 33 0
11.1726800592522 64 465
32.9410976342519 119 1202
17.2736332010301 65 496
17.2736332010301 65 496
0.480960019683722 43 45
0 33 0
35.2866884040212 119 1192
0 33 0
0 33 0
13.2092768869666 81 367
0 33 0
11.1726800592522 64 465
0 33 0
21.743606038602 85 319
0.360459648676958 41 28
9.51652302755134 64 225
42.1457148076292 140 1392
67.2591293318078 183 1659
16.3467621060764 82 576
0 33 0
14.3110793771051 97 685
35.5679523850378 116 782
17.2736332010301 65 496
0 33 0
34.7937625347226 96 961
0 33 0
4.19882320088791 60 351
0 33 0
38.4749415325717 134 1271
0 33 0
17.2736332010301 65 496
46.9619150422337 125 1367
19.0724797637796 97 831
0 33 0
0 33 0
69.8040927294026 168 1760
15.4034657279138 80 529
3.03417732820962 56 157
14.5364068204977 78 484
11.1726800592522 64 465
13.1443480531605 78 253
7.94601080425038 83 524
38.4445202422584 121 1249
24.2305310998424 92 841
0 33 0
11.3765505141472 87 472
34.7937625347226 96 961
74.0371982206316 183 1940
17.2736332010301 65 496
0 33 0
14.2717882074107 89 760
55.1798361232972 160 1139
0 33 0
17.2736332010301 65 496
45.8064135570645 157 1340
29.2171027082568 115 1105
45.6436631967206 139 1366
17.2736332010301 65 496
0 33 0
0 33 0
22.2191516125291 93 871
20.9198414927252 88 749
19.5913323721342 107 910
43.5060410193653 144 1162
0 33 0
0 33 0
0 33 0
0 33 0
0 33 0
28.8889484468966 120 1130
18.4062336418609 102 723
0 33 0
3.54469173968451 59 325
46.0365134652372 141 1411
11.1726800592522 64 465
0.418446006869379 42 36
13.4236061295175 88 520
7.73214677241299 51 46
29.4500324706014 98 752
21.7670263321173 104 782
0 33 0
11.3624523106734 94 616
20.2412303846605 70 500
34.7937625347226 96 961
40.9853556560811 132 1225
0 33 0
0 33 0
17.399702134525 97 678
17.2736332010301 65 496
11.6955990703118 98 702
0 33 0
23.6148243852841 95 710
17.2736332010301 65 496
26.0450861421367 94 902
19.9435575981603 71 503
61.931892670517 164 1703
11.1726800592522 64 465
27.9237599038112 94 900
12.5374840037638 91 454
24.7067016079351 122 1066
63.1788706943627 152 1715
0 33 0
34.7937625347226 96 961
44.3290277025346 133 1297
0 33 0
5.07080966277536 61 378
24.3571895064557 95 458
34.3394488582768 121 1125
0 33 0
17.2736332010301 65 496
18.7218995620747 73 524
11.1726800592522 64 465
47.7469814614129 151 1483
0 33 0
0 33 0
2.62853480437738 57 276
17.2736332010301 65 496
0 33 0
0 33 0
82.7010972318857 181 2125
20.82633339499 110 967
24.3191964727494 93 874
40.7749794095371 121 1261
0 33 0
52.559068069399 126 1396
8.12198349975015 63 435
49.1793678053814 148 1275
11.1726800592522 64 465
57.8965788666624 165 1715
0.480960019683722 43 45
0.255907935017343 39 15
46.2958538358762 141 1411
24.164303673506 102 907
0 33 0
20.0468170445512 78 552
8.35253568195008 58 94
25.4691003228436 98 832
72.5733365408138 196 1775
23.3926353639962 114 1062
2.61762059563122 50 66
0 33 0
0 33 0
17.2736332010301 65 496
71.0052970199551 190 1777
0 33 0
58.4649557713742 154 1145
0 33 0
4.14937032071701 54 82
0 33 0
0 33 0
3.83407819663467 61 186
0 33 0
11.1726800592522 64 465
0 33 0
8.12198349975015 63 435
0 33 0
78.9367659309439 179 2078
62.1575180753591 151 1684
63.3708835615914 166 1717
0 33 0
10.4483240578638 82 606
58.9908898595182 149 1631
77.0055379661308 190 1964
0 33 0
14.8027116888428 87 703
17.2736332010301 65 496
12.7208959992818 77 543
0 33 0
6.29137864569585 62 406
58.0525030079644 166 1327
70.3757948276041 187 1685
8.12198349975015 63 435
19.6272770287809 95 524
11.1726800592522 64 465
5.07080966277536 61 378
50.7867807064087 145 1519
17.2736332010301 65 496
29.4500324706014 98 752
0 33 0
0 33 0
13.0735942488735 80 585
0.208399716489168 38 10
24.3191964727494 93 874
0 33 0
17.2736332010301 65 496
12.5154097343082 83 601
68.1209543706955 178 1325
21.3743518283604 107 812
0 33 0
2.90285318208185 64 255
110.141135623952 211 1564
11.5972400462522 80 459
17.2736332010301 65 496
0 33 0
17.2736332010301 65 496
2.62485364623342 56 127
0 33 0
0 33 0
57.2486504727095 171 1505
0 33 0
30.9748072137024 126 1052
0 33 0
18.6384591541974 98 588
0 33 0
17.2736332010301 65 496
72.4557818925763 177 1670
0 33 0
0 33 0
0 33 0
17.2736332010301 65 496
0.120763496149312 36 3
8.12198349975015 63 435
4.19882320088791 60 351
0 33 0
34.7937625347226 96 961
24.3191964727494 93 874
54.2831748573264 149 1223
17.2736332010301 65 496
7.54468124845036 80 549
0.894974183844616 40 11
89.690441563786 214 2297
0 33 0
0.306444771712143 40 21
105.848960131858 218 2286
3.03578802103337 58 300
40.2915505430193 146 1328
6.29137864569585 62 406
0 33 0
11.1726800592522 64 465
51.8762274791924 140 1397
96.9984968405142 204 2390
9.51652302755134 64 225
0 33 0
0 33 0
34.7937625347226 96 961
9.06226436454181 71 463
17.9592011602371 101 743
17.6901372093768 91 816
0 33 0
55.721895012214 164 1690
0 33 0
40.0465008694306 118 987
0 33 0
67.5936141912538 150 1279
6.29137864569585 62 406
29.6324830423942 113 1041
42.3831863619367 137 1313
52.559068069399 126 1396
67.3295875720694 155 1592
34.7937625347226 96 961
11.7244679443861 94 695
17.2736332010301 65 496
20.5541616616208 77 530
11.1726800592522 64 465
17.2736332010301 65 496
27.9237599038112 94 900
23.7857380167855 113 1036
26.164764953621 114 1066
56.9546503525396 147 1586
0 33 0
51.4085938772665 145 1547
34.7937625347226 96 961
31.4846000846946 108 901
22.9576863576597 107 513
0 33 0
66.8534992684666 174 1763
0 33 0
65.2443236724335 158 1323
29.1996324600958 113 997
0 33 0
17.2736332010301 65 496
16.4243402927739 89 757
0 33 0
0 33 0
48.3101259539193 153 1523
108.903431204615 228 2133
0 33 0
0 33 0
67.5982146038264 167 1584
21.1646361846456 106 843
0 33 0
0 33 0
51.7241722729353 140 1328
6.29137864569585 62 406
0 33 0
27.9292942836781 117 1147
17.2736332010301 65 496
28.5326118146104 114 1078
46.6293574906686 158 1527
35.2249514554586 104 405
0 33 0
0 33 0
20.0197490564656 88 729
17.2736332010301 65 496
15.4034657279138 80 529
11.1726800592522 64 465
2.71339515034755 53 109
0 33 0
0 33 0
0 33 0
43.8372477128588 142 1261
0 33 0
0 33 0
40.7749794095371 121 1261
83.7224498508894 182 2153
70.5240135512034 175 1966
62.3353832554234 162 1616
40.7749794095371 121 1261
17.2736332010301 65 496
28.4143087370903 102 760
16.928109985326 106 884
33.2299547772899 111 976
99.4293814962533 207 1572
0 33 0
0 33 0
13.0609470629197 93 619
0 33 0
2.34948576550903 54 106
2.01729526040439 55 231
30.7780508778539 87 230
0 33 0
0 33 0
0 33 0
45.2876161127904 142 1099
30.2506520071735 116 941
8.37519727338949 71 343
60.1983860493482 180 1614
0 33 0
45.4181735780463 140 1403
28.3499932677026 105 877
14.1923902590611 85 527
0 33 0
10.237307665655 81 588
63.1355416044813 170 1319
15.7685230355523 89 765
7.38430828276041 54 55
69.5295274911067 173 1632
24.3792786768915 99 772
63.3217884754764 165 1415
14.5364068204977 78 484
29.2787440421913 96 901
34.7937625347226 96 961
80.6676993760315 181 1849
17.2736332010301 65 496
0 33 0
0 33 0
14.5364068204977 78 484
56.9546503525396 147 1586
51.3487130547822 170 1412
172.52226054423 297 2971
0 33 0
40.4872254802657 123 1309
0 33 0
11.1726800592522 64 465
0 33 0
62.0633338271626 179 1747
0 33 0
48.2826908281245 127 1186
3.54469173968451 59 325
0 33 0
0 33 0
17.3952382075542 84 625
44.2116272693357 124 1339
0 33 0
56.8002949325041 150 1494
69.2320562561244 181 1817
40.8799178910263 138 1333
81.2157858916815 188 2008
25.6586713239322 94 403
70.0063980901136 173 1905
57.8588434516909 164 1670
25.7732833493541 96 847
0 33 0
28.9451125228149 95 931
5.07080966277536 61 378
0 33 0
0 33 0
107.311122573136 210 2531
11.8932365325111 79 340
12.0356214606591 69 475
27.9237599038112 94 900
111.278697122509 237 2546
44.4411282822208 137 1195
24.2044643536601 90 293
46.7599141796269 140 1427
38.2921208668103 129 1237
0 33 0
17.2736332010301 65 496
13.7262639721281 76 441
12.8190032648497 81 508
152.585245255173 284 3076
70.9064178553395 184 1861
3.32876147809714 44 25
34.7937625347226 96 961
11.1726800592522 64 465
17.3952382075542 84 625
0 33 0
11.1726800592522 64 465
1.9438191765485 43 21
34.7937625347226 96 961
7.87878677320307 79 510
35.2099934986654 114 1054
71.8209531324078 175 1964
58.9908898595182 149 1631
44.9192098042264 123 1306
2.62853480437738 57 276
70.5681205987546 155 1802
44.2116272693357 124 1339
3.06769706998826 64 281
60.9750090733434 147 1370
1.78201893353412 54 210
28.9451125228149 95 931
22.3668476507771 91 821
11.1726800592522 64 465
0 33 0
0 33 0
34.7937625347226 96 961
4.553368016197 48 49
70.7445327236774 185 1650
0 33 0
10.1695118360907 66 256
34.7937625347226 96 961
0 33 0
0 33 0
8.12198349975015 63 435
37.1012434463154 121 1253
27.9237599038112 94 900
11.1726800592522 64 465
4.32873313166278 46 24
38.3674638032529 118 1172
34.7937625347226 96 961
0 33 0
10.8643021921657 79 507
0 33 0
0 33 0
40.0779220763038 120 1225
17.2736332010301 65 496
18.5439783000351 71 511
2.90849600783462 58 150
41.5249341078404 122 1286
32.6157732798289 128 900
35.3452311463701 115 1002
37.6882151651859 136 1216
1.78201893353412 54 210
54.2925271797313 165 1424
0 33 0
8.12198349975015 63 435
0 33 0
37.3208269927157 138 1375
17.2736332010301 65 496
0 33 0
0 33 0
38.4172241133226 124 1099
52.559068069399 126 1396
22.3668476507771 91 821
0 33 0
2.2952001903819 56 253
68.3674519854904 171 1359
0 33 0
17.2736332010301 65 496
0 33 0
0 33 0
0 33 0
45.5555377736329 128 942
34.7937625347226 96 961
53.1455573711499 140 864
82.6919559729905 197 2193
0 33 0
31.4122892382814 115 1082
0 33 0
22.9769287227896 94 698
12.2269057003854 72 361
62.9921138188326 164 1270
34.9150924614728 121 1005
17.2736332010301 65 496
32.8324073876448 92 280
3.54469173968451 59 325
24.400235623564 111 979
0 33 0
11.1726800592522 64 465
11.1726800592522 64 465
17.3952382075542 84 625
0 33 0
103.473503374778 224 2547
6.29137864569585 62 406
0 33 0
31.1749338693779 111 960
3.03578802103337 58 300
5.44848336608466 75 445
0.418446006869379 42 36
17.2736332010301 65 496
55.7595689769768 150 1664
52.1068299131151 137 1385
24.3191964727494 93 874
40.3237498910294 141 1437
91.6817106629019 198 2225
63.1788706943627 152 1715
15.4034657279138 80 529
11.1726800592522 64 465
34.7937625347226 96 961
8.75666357065918 87 484
20.6138219926962 87 727
42.3970722270414 122 1280
0.996083371342743 49 120
63.6038113320752 142 1157
3.03578802103337 58 300
52.4732132100826 145 1369
0 33 0
0 33 0
0 33 0
3.03578802103337 58 300
0 33 0
106.743508387071 238 2119
33.2299547772899 111 976
49.6060793717973 141 1459
34.7937625347226 96 961
38.4445202422584 121 1249
34.7937625347226 96 961
4.78090928309797 62 198
63.2673548420939 160 1656
34.7937625347226 96 961
3.24853904775832 64 237
24.2305310998424 92 841
0 33 0
34.7937625347226 96 961
16.0848971336432 79 292
17.2736332010301 65 496
46.9619150422337 125 1367
25.1861125536702 108 937
34.7937625347226 96 961
18.7218995620747 73 524
28.9451125228149 95 931
8.87181243992094 83 609
33.9306845019018 110 980
34.7937625347226 96 961
45.3139167671026 129 1287
2.2952001903819 56 253
27.2856933703136 108 687
58.9732077420244 168 1330
34.4524887933783 137 1272
17.2736332010301 65 496
6.29137864569585 62 406
0.306444771712143 40 21
0 33 0
0 33 0
17.2736332010301 65 496
14.2257844930691 96 639
6.29137864569585 62 406
5.9320226040983 59 122
10.0848071237576 57 85
17.2736332010301 65 496
17.2736332010301 65 496
12.7208959992818 77 543
0 33 0
0 33 0
0 33 0
0.0797326473103766 35 1
53.7971800479521 143 1472
24.2305310998424 92 841
34.7937625347226 96 961
36.7789178793394 121 1251
17.2736332010301 65 496
29.1093509821562 118 1117
0 33 0
0 33 0
0 33 0
0 33 0
77.7473851608585 180 2099
50.0342441424306 146 1556
10.645226245748 85 654
2.59677969678352 62 226
34.5250791036272 116 672
0 33 0
0 33 0
40.4363429552802 124 890
34.7937625347226 96 961
13.7810176139784 84 655
0 33 0
0 33 0
101.539162297502 218 2211
42.505631558791 123 1142
28.9451125228149 95 931
2.2952001903819 56 253
0 33 0
3.54469173968451 59 325
17.2736332010301 65 496
17.2736332010301 65 496
28.330058859079 126 1048
25.7802589676025 107 812
0 33 0
50.9325251117315 128 668
20.964910217164 72 505
43.1047230244329 136 858
24.2305310998424 92 841
29.8131567935713 118 1168
0 33 0
0 33 0
0 33 0
2.62853480437738 57 276
6.29137864569585 62 406
0 33 0
22.6926809495968 112 918
0 33 0
64.2027254138591 168 1838
0 33 0
0 33 0
24.3191964727494 93 874
2.62853480437738 57 276
44.9192098042264 123 1306
1.44033169334874 38 4
6.29137864569585 62 406
23.1005942246174 112 1033
34.2665022017363 131 1073
5.16291125598177 50 64
11.1726800592522 64 465
0.0797326473103766 35 1
0 33 0
36.6629202541452 94 585
0 33 0
17.2736332010301 65 496
0 33 0
0.418446006869379 42 36
19.3827779668986 92 843
0 33 0
0 33 0
34.7937625347226 96 961
4.08231154229128 42 10
0 33 0
0 33 0
0 33 0
31.3459082911993 105 976
39.3678552599272 126 757
2.01729526040439 55 231
0 33 0
17.2736332010301 65 496
0 33 0
11.1726800592522 64 465
17.2736332010301 65 496
3.54469173968451 59 325
22.0328176040801 111 763
58.2518645548168 166 1737
1.11656154217672 50 136
6.4959642204998 62 143
27.2021065701432 116 1124
0 33 0
11.1726800592522 64 465
14.2717882074107 89 760
55.262196660357 157 1567
15.1012884352655 87 466
0 33 0
83.4687906348807 194 2093
65.22157593237 154 1774
23.2296034106715 103 786
6.29137864569585 62 406
11.1726800592522 64 465
0 33 0
32.1650944884878 126 971
2.28051601373144 59 220
9.28659417748062 80 531
0 33 0
34.5531355928216 134 1244
0 33 0
0 33 0
0 33 0
64.7183111306396 173 1704
0 33 0
35.8516449282535 114 1072
1.58022642623185 53 190
5.07080966277536 61 378
0 33 0
0 33 0
11.1618524144998 93 673
0 33 0
24.5993871717558 105 889
0 33 0
11.4862699019134 92 680
0 33 0
4.19882320088791 60 351
0 33 0
0 33 0
0 33 0
0 33 0
18.3499949881739 69 502
52.559068069399 126 1396
7.45233894348806 65 169
84.6296934023128 201 2119
0 33 0
0 33 0
16.5672410188999 90 790
39.4658728612621 122 1278
1.40521029242887 52 171
0 33 0
2.2952001903819 56 253
36.6718944824194 127 1108
11.1726800592522 64 465
23.177219361053 92 847
0 33 0
19.443112653169 81 361
8.12198349975015 63 435
23.8722896094661 103 703
16.4169236225457 106 670
3.03578802103337 58 300
9.03653425684344 91 574
10.9939462656826 84 645
11.1726800592522 64 465
31.4470453037656 120 1027
0 33 0
12.6218746358518 76 531
0 33 0
52.559068069399 126 1396
15.2891586575045 70 131
23.7244627566377 107 886
0 33 0
2.62853480437738 57 276
5.37250972993662 72 417
28.4256711950378 113 1052
30.6036883109506 116 866
0 33 0
0.480960019683722 43 45
0 33 0
13.6217112467991 77 302
0 33 0
16.131347828152 96 741
0 33 0
23.177219361053 92 847
7.24131016799237 77 466
31.3972950858757 117 1013
44.9192098042264 123 1306
19.6418700891496 82 632
11.1726800592522 64 465
0 33 0
0 33 0
18.3499949881739 69 502
0 33 0
20.3719042188346 107 936
27.2645065625085 117 1143
48.4291305207828 140 1106
14.7080287657786 87 718
0 33 0
12.2016771524676 86 678
17.2736332010301 65 496
17.2736332010301 65 496
52.7724183536931 148 1128
11.1726800592522 64 465
30.9862886064282 115 1090
17.3952382075542 84 625
0 33 0
8.12198349975015 63 435
0 33 0
0 33 0
17.2736332010301 65 496
19.9074689672588 102 796
79.8607965361022 174 1939
31.1286044480739 103 959
11.1726800592522 64 465
17.2736332010301 65 496
17.0047297912173 87 479
0 33 0
0 33 0
46.2958538358762 141 1411
86.6389275447987 208 1785
0 33 0
6.29137864569585 62 406
74.0120663549847 183 1562
17.2736332010301 65 496
50.2166057648811 163 1394
0.888136683063116 48 105
19.3827779668986 92 843
30.8980463856887 101 946
0.888136683063116 48 105
51.7445902621763 152 1222
0 33 0
16.2041726747714 97 657
17.2736332010301 65 496
17.2736332010301 65 496
57.176334817224 147 1570
17.2736332010301 65 496
58.9908898595182 149 1631
17.2736332010301 65 496
70.2558542548663 176 1327
28.9451125228149 95 931
92.0808187064922 206 2235
33.2004310845131 107 776
0 33 0
0 33 0
40.8209788251661 135 1268
17.2736332010301 65 496
0 33 0
0 33 0
8.24272570111751 60 169
51.6149062574996 147 931
27.5123504970188 110 710
66.0117705398799 169 1627
28.9451125228149 95 931
62.0215436841237 182 1709
26.0450861421367 94 902
11.5210056589446 70 324
21.7622830511132 90 796
61.9985020634642 144 1469
34.8422380712712 112 1025
21.7133231832418 92 374
18.5943353346535 86 676
24.2305310998424 92 841
70.5681205987546 155 1802
0 33 0
0 33 0
0 33 0
0 33 0
21.2309162923329 113 649
5.89187971506531 61 183
33.9306845019018 110 980
4.36002314252116 71 358
0 33 0
34.7937625347226 96 961
20.1407795300875 85 686
0 33 0
61.2150166532069 161 1625
0 33 0
60.1567502099179 155 1616
28.9451125228149 95 931
11.1726800592522 64 465
0 33 0
2.62853480437738 57 276
0 33 0
11.8626125494944 67 468
0 33 0
0 33 0
3.54469173968451 59 325
115.94958846256 234 2362
107.798744973713 223 2487
0 33 0
0 33 0
28.4143087370903 102 760
21.9264847148997 96 817
17.2736332010301 65 496
40.5611912076866 135 1275
0 33 0
20.8169197868839 99 670
28.1328838054041 104 880
14.2717882074107 89 760
11.1726800592522 64 465
0.0797326473103766 35 1
47.8762717227868 129 1321
20.0197490564656 88 729
13.1755606239965 88 735
8.12198349975015 63 435
98.4357770740501 189 1347
63.0684272361136 168 1649
35.2866884040212 119 1192
0 33 0
1.58022642623185 53 190
18.408662485905 115 734
62.8328714576765 165 1703
17.2736332010301 65 496
35.672835061128 138 1339
13.0508497437636 70 175
0 33 0
0 33 0
6.99891805970261 56 121
0 33 0
25.0066546193383 105 912
0 33 0
65.3620808320564 170 1570
17.2736332010301 65 496
51.0978886243995 144 1514
0 33 0
45.636939817946 119 1082
0 33 0
89.9058159426426 220 2240
11.1726800592522 64 465
88.4043072088832 199 2250
17.2736332010301 65 496
64.1984117134245 156 1407
44.9192098042264 123 1306
21.7814561705394 109 951
34.7937625347226 96 961
51.8647649505425 144 1538
0 33 0
38.1244889038283 111 1066
20.1407795300875 85 686
37.9660745840673 136 1291
0 33 0
17.2736332010301 65 496
0 33 0
0 33 0
0 33 0
34.7937625347226 96 961
120.567710030976 247 2813
0 33 0
17.2736332010301 65 496
0 33 0
11.1726800592522 64 465
14.3376155115726 86 696
17.2736332010301 65 496
68.1560016212332 159 1760
30.8379672564393 106 634
68.0117155958088 179 1778
0 33 0
8.94555908465565 82 596
42.3970722270414 122 1280
0 33 0
17.2736332010301 65 496
0 33 0
63.3106053472333 170 1829
49.8079223793415 152 1450
17.2736332010301 65 496
80.0045996010311 195 2129
17.2736332010301 65 496
17.2736332010301 65 496
0 33 0
37.7724372262337 108 1027
75.985093501998 183 1676
52.559068069399 126 1396
67.654086362973 160 1449
0 33 0
1.58022642623185 53 190
11.1726800592522 64 465
59.5370290202464 166 1773
94.6931043913141 205 2399
0 33 0
109.874457202431 228 2660
0 33 0
28.9451125228149 95 931
27.9237599038112 94 900
0 33 0
28.3483830659093 106 497
5.77276653943668 52 81
17.2736332010301 65 496
0.418446006869379 42 36
5.07080966277536 61 378
34.7937625347226 96 961
0 33 0
37.5664151299973 117 1135
34.7937625347226 96 961
40.0779220763038 120 1225
0 33 0
17.0523878527432 75 173
5.31726457755218 75 397
0 33 0
0 33 0
42.1119256217699 142 1466
17.2736332010301 65 496
18.6837509148709 91 813
42.3970722270414 122 1280
33.2532477043174 127 1102
0 33 0
22.5281659652979 92 354
0 33 0
40.8523365526113 105 977
63.6334445718576 180 1758
0 33 0
17.2736332010301 65 496
0 33 0
0 33 0
0 33 0
54.5927248054753 148 1360
24.3191964727494 93 874
0 33 0
0 33 0
16.3467621060764 82 576
0 33 0
40.0229809459629 145 1228
0.0797326473103766 35 1
32.4336418572851 116 1109
53.6226883677065 148 1607
24.2305310998424 92 841
18.1170471140356 67 497
20.6138219926962 87 727
3.54469173968451 59 325
0 33 0
17.2736332010301 65 496
0 33 0
0 33 0
0 33 0
8.12198349975015 63 435
11.1726800592522 64 465
26.0422423593111 109 967
17.2736332010301 65 496
27.9237599038112 94 900
0 33 0
8.12198349975015 63 435
0 33 0
48.5272168660202 142 1460
7.43478749894054 74 402
12.0356214606591 69 475
33.2299547772899 111 976
0 33 0
17.2736332010301 65 496
12.9596322667905 74 400
17.2736332010301 65 496
0 33 0
0 33 0
34.7937625347226 96 961
16.5768025279185 89 377
17.2736332010301 65 496
35.1651115300194 120 1231
24.2305310998424 92 841
31.5489504539496 104 857
77.1990720178313 175 1992
62.6199999441066 153 1747
0 33 0
0 33 0
17.2736332010301 65 496
85.9965120176953 196 2186
11.0710453854808 86 682
6.29137864569585 62 406
18.3499949881739 69 502
0 33 0
7.26262581146522 79 531
7.87481192315963 77 511
22.3668476507771 91 821
0 33 0
17.2736332010301 65 496
0 33 0
0 33 0
0 33 0
8.12198349975015 63 435
21.8076895264429 90 784
86.4000568796636 210 2017
0 33 0
0 33 0
70.4734593413214 178 1633
0 33 0
17.2736332010301 65 496
6.29137864569585 62 406
40.5825171847472 120 1219
0 33 0
45.7725887620392 155 1260
61.2246496040866 158 1595
14.7383383503149 69 199
0 33 0
17.2736332010301 65 496
104.494855993781 225 2572
40.4872254802657 123 1309
17.3952382075542 84 625
24.1419892269218 106 853
61.7544289178621 170 1829
0 33 0
2.01729526040439 55 231
19.3827779668986 92 843
0 33 0
0 33 0
19.2797761316199 79 587
17.2736332010301 65 496
24.5637661945757 111 774
24.2305310998424 92 841
0 33 0
0 33 0
0 33 0
0 33 0
44.6528062002397 157 1276
5.73550374450828 62 156
99.9653541333055 206 1972
9.1238408976395 85 394
21.5773246161527 111 1006
0 33 0
27.4227761577847 88 583
25.566707091763 108 949
17.2736332010301 65 496
12.2016771524676 86 678
11.1726800592522 64 465
14.5364068204977 78 484
33.8552722502205 129 1123
39.6498896768074 121 993
34.7937625347226 96 961
2.01729526040439 55 231
13.7418567511751 88 731
0 33 0
23.177219361053 92 847
0 33 0
17.3952382075542 84 625
43.8766461530929 133 1315
27.9237599038112 94 900
19.3827779668986 92 843
0 33 0
0 33 0
34.9451488035916 119 1199
7.73214677241299 51 46
18.4739124172594 88 479
17.2736332010301 65 496
17.2736332010301 65 496
0 33 0
0 33 0
24.317144944101 99 634
2.60081579695887 56 143
13.7418567511751 88 731
0 33 0
0 33 0
14.2717882074107 89 760
1.9307853689714 57 181
48.4151536172822 140 1459
0 33 0
0 33 0
17.7248654077109 87 551
17.2736332010301 65 496
2.62500115365034 58 164
0 33 0
17.2736332010301 65 496
13.0365645617404 91 584
0 33 0
36.3718621131556 139 1366
20.2191108796464 98 724
19.7662863925811 94 594
0 33 0
55.7799911812913 165 1706
24.3191964727494 93 874
0 33 0
0 33 0
0 33 0
34.7937625347226 96 961
38.4445202422584 121 1249
2.2952001903819 56 253
39.0835497198902 136 1337
0 33 0
24.2305310998424 92 841
0 33 0
17.2736332010301 65 496
11.1726800592522 64 465
17.2736332010301 65 496
32.2424533787312 127 1080
21.8076895264429 90 784
0 33 0
29.7288581502928 110 577
19.443112653169 81 361
0 33 0
0 33 0
34.7937625347226 96 961
11.1726800592522 64 465
17.2736332010301 65 496
18.6837509148709 91 813
14.5056798559993 80 525
0 33 0
0 33 0
34.7937625347226 96 961
53.9015058185933 136 1308
50.5109968614154 152 1436
37.800270498343 122 1282
20.6968215664545 102 766
0 33 0
3.66899216162442 56 123
34.7937625347226 96 961
48.0221055201053 146 1553
0 33 0
37.1012434463154 121 1253
52.559068069399 126 1396
4.10465086386931 53 91
0.996083371342743 49 120
0 33 0
17.2736332010301 65 496
0.0797326473103766 35 1
0 33 0
24.3191964727494 93 874
11.1726800592522 64 465
40.7749794095371 121 1261
17.0255934751239 85 509
20.3629795863053 94 844
34.8530133906658 112 593
0 33 0
3.54469173968451 59 325
0 33 0
52.559068069399 126 1396
0 33 0
0 33 0
2.26463827148639 57 232
77.9046086372854 177 1859
38.7300977172466 115 1132
8.12198349975015 63 435
13.8078133412375 84 437
0 33 0
17.2736332010301 65 496
0 33 0
11.3890398993081 57 67
0 33 0
0 33 0
17.2736332010301 65 496
0 33 0
40.5825171847472 120 1219
96.0334443928455 221 2141
24.2305310998424 92 841
12.8278677127855 78 556
32.461406181307 124 1057
0 33 0
0 33 0
34.7937625347226 96 961
82.9812449407647 197 2179
0 33 0
21.2938433348401 89 772
50.1777070852581 137 1325
0 33 0
0 33 0
28.9451125228149 95 931
116.333718032359 230 2691
0 33 0
0 33 0
17.2736332010301 65 496
2.2952001903819 56 253
0 33 0
0.120763496149312 36 3
40.0923530861561 103 970
118.412530705664 242 2402
0 33 0
17.2736332010301 65 496
18.6837509148709 91 813
0 33 0
37.6167253600266 139 1023
13.5453298588043 85 651
0 33 0
19.3827779668986 92 843
0 33 0
0 33 0
17.2736332010301 65 496
17.2736332010301 65 496
28.4886311226951 111 994
0 33 0
62.1575180753591 151 1684
3.53332763068989 63 310
11.4230516845644 89 507
8.74028539163786 82 361
49.4724639633204 153 1579
23.177219361053 92 847
49.4154767186221 160 1582
0.622231381039904 45 66
28.9451125228149 95 931
37.9853344282059 135 1300
34.7937625347226 96 961
17.2736332010301 65 496
43.0841488591977 116 546
0 33 0
73.1712328075763 186 1689
33.2312472820824 130 1144
17.6771098202597 91 634
18.5943353346535 86 676
11.1726800592522 64 465
0 33 0
0 33 0
52.559068069399 126 1396
0 33 0
18.6837509148709 91 813
31.9213852296007 118 1178
1.40521029242887 52 171
8.12198349975015 63 435
15.4034657279138 80 529
46.9686505167873 151 1375
0 33 0
50.9042021575788 147 1592
26.0450861421367 94 902
34.9451488035916 119 1199
31.7617388491847 107 904
0 33 0
0 33 0
17.2736332010301 65 496
17.2736332010301 65 496
29.7471632939254 132 1194
0 33 0
34.7937625347226 96 961
0 33 0
17.9592011602371 101 743
82.3817152094714 170 1780
37.6615897515983 107 1016
28.9330959430181 112 1027
58.8833318779265 163 1638
0 33 0
114.728635277134 218 2186
17.2736332010301 65 496
45.8106622416991 131 1154
23.2558065605499 112 1007
41.5249341078404 122 1286
26.5797880526934 79 180
14.7383383503149 69 199
0 33 0
0 33 0
24.9789133933951 112 1018
101.0529480549 206 1624
17.2736332010301 65 496
27.942677005089 113 871
0 33 0
17.2736332010301 65 496
18.5943353346535 86 676
0 33 0
17.2736332010301 65 496
20.0197490564656 88 729
80.4744470483098 184 1854
20.9198414927252 88 749
30.0319044091156 118 892
0 33 0
39.4470602667133 118 1192
17.2736332010301 65 496
0 33 0
0.0797326473103766 35 1
23.6467233126494 74 506
33.9410156496244 128 1150
0 33 0
17.2736332010301 65 496
55.719841725644 143 1307
17.2736332010301 65 496
63.2756568763869 162 1763
10.4772532521041 54 49
17.2736332010301 65 496
50.3872412582629 144 1516
0 33 0
147.940881820595 275 3197
2.70952922613883 42 16
0 33 0
37.0024670934135 116 1121
120.471541465449 244 2303
11.1726800592522 64 465
106.876790293161 229 2269
41.5249341078404 122 1286
57.9758666364549 151 1688
0 33 0
17.2736332010301 65 496
11.1726800592522 64 465
0 33 0
37.5664151299973 117 1135
8.24272570111751 60 169
3.03578802103337 58 300
56.8802484647732 157 1521
34.7937625347226 96 961
16.8950965582764 93 574
0 33 0
0 33 0
17.2736332010301 65 496
0 33 0
17.2736332010301 65 496
0 33 0
0 33 0
17.2736332010301 65 496
41.5051858769004 144 1498
0 33 0
26.8765514125944 119 948
12.3576167048075 73 501
48.8073607821827 144 1501
79.2121471877909 192 1745
34.7937625347226 96 961
74.5309868428445 173 1925
79.009554741039 203 1920
58.8160034074607 149 1543
32.7994642778861 109 955
8.12198349975015 63 435
21.8076895264429 90 784
23.246826471877 106 646
0.790825142046022 47 91
13.7810176139784 84 655
16.5672410188999 90 790
0 33 0
8.12198349975015 63 435
51.5752095553258 151 1484
22.327617171851 89 304
102.559506342021 223 2107
4.83123182827587 73 396
17.2736332010301 65 496
10.8643021921657 79 507
0 33 0
55.5781101024595 158 1210
0 33 0
0 33 0
3.03578802103337 58 300
45.94056242323 124 1337
4.19882320088791 60 351
132.756275065033 261 2629
9.84409586828677 85 507
34.7937625347226 96 961
65.4333439050209 166 1745
4.19882320088791 60 351
32.4307863323391 116 1131
65.5018618745792 173 1905
45.94056242323 124 1337
58.2968483391299 172 1592
0 33 0
69.6987797480201 184 1932
0.0797326473103766 35 1
13.9216977317669 80 369
0.548640407969295 44 55
44.2116272693357 124 1339
17.2736332010301 65 496
0 33 0
17.2736332010301 65 496
0 33 0
17.2736332010301 65 496
58.6239298266729 153 1177
0 33 0
12.1963273619585 71 486
17.2736332010301 65 496
2.70952922613883 42 16
62.6199999441066 153 1747
34.7937625347226 96 961
66.6666834401461 171 1868
46.3924173440542 150 1133
52.559068069399 126 1396
0 33 0
51.8348149821752 150 1328
81.8003069052327 197 2195
36.4001492270298 98 962
2.01729526040439 55 231
11.1726800592522 64 465
34.7937625347226 96 961
26.1999640509566 88 617
6.29137864569585 62 406
0 33 0
26.1873902658251 97 737
44.2116272693357 124 1339
0 33 0
14.2717882074107 89 760
0 33 0
27.9237599038112 94 900
17.2736332010301 65 496
0 33 0
31.9213852296007 118 1178
0 33 0
0 33 0
0 33 0
62.5406249255747 158 1623
0 33 0
0 33 0
51.8672089807482 155 1459
0 33 0
0 33 0
16.3467621060764 82 576
17.2736332010301 65 496
15.904411730381 72 235
0 33 0
68.8880781456342 169 1557
0 33 0
0 33 0
40.5825171847472 120 1219
0 33 0
0 33 0
0 33 0
9.51652302755134 64 225
51.8487991847248 148 1615
1.2519385306635 51 153
54.1288893392359 139 1264
26.3468413784398 110 992
33.3945962710555 124 1151
8.12198349975015 63 435
0 33 0
11.1726800592522 64 465
11.1726800592522 64 465
24.400235623564 111 979
38.5593346249222 136 1224
0.255907935017343 39 15
118.1941355084 241 2351
11.1726800592522 64 465
0 33 0
0 33 0
0 33 0
24.6858479096059 93 427
23.2296034106715 103 786
0 33 0
0 33 0
11.1726800592522 64 465
0 33 0
0 33 0
0 33 0
52.559068069399 126 1396
0 33 0
65.22157593237 154 1774
18.6340024859376 72 517
27.4837051035755 109 949
32.5329861803935 105 795
2.61762059563122 50 66
19.443112653169 81 361
2.62853480437738 57 276
28.9451125228149 95 931
16.7788299150901 92 787
62.9504783660669 163 1119
17.2918141308591 101 531
27.9237599038112 94 900
3.03578802103337 58 300
17.2736332010301 65 496
20.5894348236618 92 553
32.9045752936209 122 1160
148.962234439599 276 3219
8.12198349975015 63 435
2.2952001903819 56 253
4.19882320088791 60 351
55.2136590489846 129 1399
17.2736332010301 65 496
17.2736332010301 65 496
14.494519436126 76 302
25.7358464609782 105 865
45.8805711821077 157 1537
0.0797326473103766 35 1
20.0197490564656 88 729
0 33 0
0 33 0
68.9325748398954 165 1204
0 33 0
0.163494414718482 37 6
16.4243402927739 89 757
9.29950660997376 83 616
27.5378222966816 106 893
17.2736332010301 65 496
8.12198349975015 63 435
0 33 0
0 33 0
1.11656154217672 50 136
0 33 0
17.2736332010301 65 496
4.10465086386931 53 91
18.2405901358356 68 499
0 33 0
72.998867926373 199 2005
28.9451125228149 95 931
52.1199883205263 145 1557
105.006631264751 214 2427
8.98458958817657 70 456
18.6837509148709 91 813
11.1726800592522 64 465
0 33 0
53.7971800479521 143 1472
5.77276653943668 52 81
0 33 0
45.94056242323 124 1337
32.6780861548843 117 1141
4.19882320088791 60 351
27.9237599038112 94 900
0 33 0
11.1726800592522 64 465
0 33 0
0 33 0
34.7937625347226 96 961
0 33 0
0 33 0
17.5873616565372 95 662
0 33 0
0 33 0
17.2736332010301 65 496
0 33 0
27.9237599038112 94 900
0 33 0
11.1726800592522 64 465
8.62290048785034 81 556
25.2558329501106 117 941
17.2736332010301 65 496
56.825641001952 139 1474
20.8986168038921 79 542
44.9192098042264 123 1306
0 33 0
34.0935450349722 125 1094
68.3353586239165 178 1734
17.2736332010301 65 496
13.7262639721281 76 441
27.9237599038112 94 900
20.1407795300875 85 686
33.9075945997864 130 1194
32.0738712100236 119 964
34.7937625347226 96 961
17.2736332010301 65 496
51.5803897564232 152 1336
0 33 0
0 33 0
24.3191964727494 93 874
0 33 0
17.2736332010301 65 496
0 33 0
0 33 0
0 33 0
23.177219361053 92 847
0 33 0
17.2736332010301 65 496
41.3741913201012 135 1264
0 33 0
0 33 0
17.2736332010301 65 496
0 33 0
61.81966967975 164 1748
18.5943353346535 86 676
0 33 0
17.2736332010301 65 496
40.0275349803558 126 1090
35.5237426550706 119 1010
6.29137864569585 62 406
21.7622830511132 90 796
27.9237599038112 94 900
44.9192098042264 123 1306
3.54469173968451 59 325
0 33 0
11.1726800592522 64 465
64.2002233133664 153 1745
0 33 0
6.92589634820558 72 363
34.7937625347226 96 961
0 33 0
49.3214046559435 137 1133
0 33 0
0 33 0
17.2736332010301 65 496
17.2736332010301 65 496
21.2938433348401 89 772
72.7173414484387 193 1929
8.12198349975015 63 435
17.2736332010301 65 496
41.4865862051992 146 1239
12.2016771524676 86 678
44.567434115974 139 1170
11.1726800592522 64 465
24.8557937234357 112 755
17.2736332010301 65 496
0 33 0
11.1726800592522 64 465
17.2736332010301 65 496
8.12198349975015 63 435
1.58022642623185 53 190
40.5371425370101 130 1172
54.9118087794439 148 1600
49.3224676114097 148 1410
0 33 0
17.2736332010301 65 496
7.04175541224139 69 211
18.5943353346535 86 676
0 33 0
0 33 0
27.8267198590902 111 1012
29.2148131852376 111 1038
0 33 0
68.8518750200741 175 1957
132.697175253914 265 2962
5.82754330042844 59 114
17.2736332010301 65 496
0 33 0
0 33 0
0 33 0
0 33 0
0 33 0
0 33 0
21.9527625871119 85 317
47.7507022978495 142 1267
52.559068069399 126 1396
5.16291125598177 50 64
30.8280232112243 102 820
0 33 0
52.559068069399 126 1396
34.7937625347226 96 961
24.2691817769335 103 916
5.07080966277536 61 378
0 33 0
34.7937625347226 96 961
0 33 0
53.7393020227509 147 1442
0 33 0
0 33 0
2.60040945550566 61 246
68.5206614234059 180 1760
67.0545255454124 182 1859
26.0450861421367 94 902
24.92623857083 84 577
28.9451125228149 95 931
13.6405091419899 71 234
26.0450861421367 94 902
2.65782196774891 61 198
0 33 0
17.2736332010301 65 496
11.1726800592522 64 465
0 33 0
0 33 0
0 33 0
113.061384107116 242 2252
0 33 0
0 33 0
39.4658728612621 122 1278
13.9326788057083 76 205
13.8484082519714 76 499
10.1695118360907 66 256
21.8076895264429 90 784
14.8027116888428 87 703
44.9192098042264 123 1306
13.7262639721281 76 441
17.3952382075542 84 625
69.4615554551917 164 1627
4.52955648187823 65 244
0 33 0
0 33 0
0 33 0
28.3074771608201 111 772
17.2736332010301 65 496
0 33 0
0.255907935017343 39 15
0.622231381039904 45 66
0 33 0
18.4500674409256 70 506
6.29137864569585 62 406
0.480960019683722 43 45
43.4570110907251 133 810
0 33 0
11.5972400462522 80 459
31.4846000846946 108 901
116.485375424334 238 2123
23.4434787873206 93 822
0 33 0
0 33 0
17.2736332010301 65 496
0 33 0
1.40521029242887 52 171
0 33 0
17.2736332010301 65 496
0 33 0
7.40124366960622 70 350
0 33 0
0 33 0
3.03578802103337 58 300
32.6780861548843 117 1141
28.9451125228149 95 931
66.3183561918375 145 1190
0 33 0
34.7937625347226 96 961
17.2736332010301 65 496
28.9451125228149 95 931
49.8655663352788 152 1427
19.8602258902945 108 943
11.1726800592522 64 465
19.5101999614203 81 616
0 33 0
54.8681052047786 152 1250
0 33 0
0 33 0
30.2431118953748 113 1029
11.1726800592522 64 465
107.824618124741 234 2569
0 33 0
22.3668476507771 91 821
17.2736332010301 65 496
93.4687430940925 205 2401
0 33 0
0 33 0
32.3575532164372 102 708
2.2952001903819 56 253
28.9451125228149 95 931
0 33 0
17.2736332010301 65 496
100.963358915901 219 2269
35.1895931011908 120 1225
16.3467621060764 82 576
0 33 0
0 33 0
35.8516449282535 114 1072
26.0450861421367 94 902
2.01729526040439 55 231
40.6441155037783 154 1459
21.5925640917798 107 692
42.9874370668549 134 1073
0 33 0
0 33 0
0 33 0
17.2736332010301 65 496
0 33 0
34.7937625347226 96 961
0 33 0
26.0450861421367 94 902
58.7292802417829 164 1371
0 33 0
0 33 0
0 33 0
91.486879794435 217 1944
4.19882320088791 60 351
9.31641130679962 74 490
0 33 0
19.9529110698505 84 667
17.2736332010301 65 496
0 33 0
0 33 0
0 33 0
20.0197490564656 88 729
17.2736332010301 65 496
8.12198349975015 63 435
6.38432393995864 54 100
11.1726800592522 64 465
0 33 0
72.8202013297417 183 1323
27.9237599038112 94 900
1.78201893353412 54 210
0.780855700073366 43 29
23.8237035064469 108 907
15.7685230355523 89 765
18.5943353346535 86 676
19.3827779668986 92 843
17.2736332010301 65 496
0 33 0
0 33 0
8.12198349975015 63 435
43.1891469143373 116 552
0 33 0
8.12198349975015 63 435
55.9331613984476 149 1629
63.9691635048568 176 1700
0 33 0
37.4871902526236 132 1267
106.716986897844 224 2566
22.2191516125291 93 871
11.1726800592522 64 465
17.2736332010301 65 496
18.9902647338043 93 430
0 33 0
65.5787145080683 148 1048
11.1726800592522 64 465
5.77087343424 76 453
6.29137864569585 62 406
35.8990510628309 98 620
28.9451125228149 95 931
16.8161553332943 97 610
51.5152795423118 123 528
17.2736332010301 65 496
0 33 0
0 33 0
11.1726800592522 64 465
20.136292142488 74 163
0 33 0
17.2736332010301 65 496
0 33 0
0 33 0
57.7315902636189 169 1613
1.2519385306635 51 153
39.0914629617127 103 638
8.8088077873385 76 349
5.81653470151175 75 456
23.177219361053 92 847
52.559068069399 126 1396
29.5485133849799 135 1094
19.6829175892408 99 620
3.03578802103337 58 300
0 33 0
17.2736332010301 65 496
67.2703980325256 183 1873
11.3624523106734 94 616
7.73214677241299 51 46
67.6303031686288 177 1730
1.44033169334874 38 4
26.1999640509566 88 617
0 33 0
0 33 0
25.8326060484067 106 854
0 33 0
73.9131646983591 187 1631
40.5825171847472 120 1219
86.7819914559446 189 2027
0 33 0
12.3948889405395 87 711
5.77276653943668 52 81
77.7473851608585 180 2099
5.07080966277536 61 378
0.888136683063116 48 105
17.2736332010301 65 496
4.19882320088791 60 351
11.1726800592522 64 465
5.07080966277536 61 378
42.3970722270414 122 1280
17.2736332010301 65 496
0.418446006869379 42 36
0 33 0
0 33 0
76.6606227544559 200 1964
0 33 0
34.8754542293433 132 1193
27.0896133436346 94 473
17.2736332010301 65 496
30.9475017580717 116 1123
11.1726800592522 64 465
58.5888554515797 149 1637
0 33 0
0 33 0
34.7937625347226 96 961
0 33 0
0 33 0
17.2736332010301 65 496
20.8611825529511 111 984
19.5444918712018 95 484
32.4270070855498 103 580
1.58022642623185 53 190
0 33 0
0 33 0
37.4219918968939 124 994
14.2717882074107 89 760
62.3498546067093 163 1481
39.785264937491 148 1336
52.559068069399 126 1396
8.12198349975015 63 435
21.6229770246188 105 921
11.1726800592522 64 465
39.3851722827258 128 1085
6.29137864569585 62 406
82.3415830110772 214 1979
24.2305310998424 92 841
17.2736332010301 65 496
0 33 0
0 33 0
12.5154097343082 83 601
6.29137864569585 62 406
17.2736332010301 65 496
50.1777070852581 137 1325
83.6276380642033 199 2244
17.2736332010301 65 496
0 33 0
0 33 0
73.1694682048092 191 2043
0 33 0
5.17208290032864 61 133
68.4421170675857 171 1900
12.8278677127855 78 556
0.360459648676958 41 28
2.74439421738865 63 246
0 33 0
43.8825769072096 140 1431
0 33 0
35.2866884040212 119 1192
70.5681205987546 155 1802
0 33 0
5.07080966277536 61 378
70.4366026922117 174 1943
0 33 0
49.0789173505379 127 1368
17.2736332010301 65 496
0 33 0
17.2736332010301 65 496
20.9223621846855 104 819
5.07080966277536 61 378
17.2736332010301 65 496
52.559068069399 126 1396
7.26262581146522 79 531
65.8645736274542 171 1628
0 33 0
16.4243402927739 89 757
17.2736332010301 65 496
111.035048421269 226 2581
52.479408679916 153 1331
154.076331441068 287 3169
0 33 0
44.4271008463031 143 1327
0.790825142046022 47 91
0 33 0
26.0450861421367 94 902
0 33 0
0 33 0
0 33 0
0 33 0
23.1754168144357 97 745
38.5540285806894 114 1114
26.0450861421367 94 902
11.1726800592522 64 465
15.7685230355523 89 765
6.03718933175115 77 478
37.1012434463154 121 1253
25.0545887477347 106 535
36.2025508357222 121 1037
17.2736332010301 65 496
49.0675749849089 145 1397
16.8690520064828 98 577
0 33 0
29.9734648803235 89 581
19.1767384490439 78 574
25.8928967940048 121 991
0.702610689646832 46 78
0 33 0
14.4401393287292 96 658
47.2503087684225 141 1451
17.2736332010301 65 496
18.1170471140356 67 497
3.57911530053373 67 288
4.72313772640938 72 373
59.7916177726701 154 1531
17.2736332010301 65 496
35.2866884040212 119 1192
0 33 0
0 33 0
45.94056242323 124 1337
47.6139350525097 125 1157
14.5364068204977 78 484
90.5423209888043 214 2334
0 33 0
94.2789276703491 199 2030
11.1726800592522 64 465
23.6467233126494 74 506
18.2405901358356 68 499
0 33 0
0 33 0
110.63029831411 232 2454
45.0326363998079 126 857
17.2736332010301 65 496
3.54469173968451 59 325
28.3499932677026 105 877
0 33 0
17.2736332010301 65 496
0 33 0
2.2952001903819 56 253
4.19882320088791 60 351
144.89497445108 272 3103
37.0024670934135 116 1121
61.1653233952611 163 1079
50.2407151962786 146 1570
60.583867173724 141 1447
17.2736332010301 65 496
4.19882320088791 60 351
17.2736332010301 65 496
0 33 0
111.422931669038 236 2555
52.559068069399 126 1396
17.2736332010301 65 496
11.1916691818724 81 469
47.7220696593272 151 1416
16.3467621060764 82 576
8.31881360058367 82 588
27.4969750727613 112 1031
5.34250506929154 72 367
12.9446710833933 79 570
1.40521029242887 52 171
0.0797326473103766 35 1
18.4500674409256 70 506
0 33 0
0 33 0
0 33 0
52.559068069399 126 1396
4.19882320088791 60 351
14.7868684503499 91 576
17.2736332010301 65 496
2.96371742540698 52 83
20.5322188805201 100 745
0 33 0
0 33 0
47.7115995715618 153 1427
0 33 0
0 33 0
25.0786365028439 79 524
0 33 0
37.673121392971 131 1242
34.7937625347226 96 961
34.7937625347226 96 961
0 33 0
27.9237599038112 94 900
0 33 0
5.16291125598177 50 64
44.5606368676005 101 600
0 33 0
24.6948745008091 109 939
17.2736332010301 65 496
17.2736332010301 65 496
34.7937625347226 96 961
1.11656154217672 50 136
5.07080966277536 61 378
0 33 0
1.44033169334874 38 4
0 33 0
16.3467621060764 82 576
34.7937625347226 96 961
0 33 0
0 33 0
11.4604096254712 64 121
12.3234661165486 73 299
0 33 0
5.69207631705811 75 429
75.7792956263564 175 1972
0 33 0
4.19882320088791 60 351
8.5092687207714 70 419
0 33 0
0 33 0
17.2736332010301 65 496
6.29137864569585 62 406
29.4500324706014 98 752
75.1462756041036 172 1730
0 33 0
0 33 0
15.5196500494722 83 344
21.8076895264429 90 784
0 33 0
56.2831107665403 156 1490
27.4226182362797 96 650
17.2736332010301 65 496
17.2736332010301 65 496
0 33 0
0 33 0
1.59989276824125 54 130
17.2736332010301 65 496
37.0024670934135 116 1121
8.12198349975015 63 435
38.7118735563748 145 1173
0 33 0
0 33 0
44.871455955453 146 1337
0 33 0
3.9425950492953 46 36
11.1726800592522 64 465
0.418446006869379 42 36
23.109003419292 97 800
26.1999640509566 88 617
42.5894290226103 123 1312
23.177219361053 92 847
0 33 0
17.2736332010301 65 496
0 33 0
11.1726800592522 64 465
2.62853480437738 57 276
18.6340024859376 72 517
0 33 0
34.4885744694191 120 1227
34.7937625347226 96 961
84.3726125077545 191 2070
0 33 0
26.2264159488567 127 1000
0 33 0
30.8280232112243 102 820
0 33 0
28.9451125228149 95 931
0 33 0
3.54469173968451 59 325
42.6463908207772 138 1385
101.137896475628 219 2088
34.7937625347226 96 961
0.480960019683722 43 45
27.9237599038112 94 900
23.177219361053 92 847
52.559068069399 126 1396
34.7937625347226 96 961
18.2544136572634 78 316
64.2002233133664 153 1745
4.75209753920913 62 152
11.3569003380193 85 666
50.7867807064087 145 1519
0.0797326473103766 35 1
0 33 0
28.9451125228149 95 931
16.1466404012564 96 721
6.29137864569585 62 406
27.2645065625085 117 1143
0 33 0
0.702610689646832 46 78
13.7913247282931 87 484
0 33 0
37.3273985859589 130 1174
37.0024670934135 116 1121
77.7473851608585 180 2099
17.2736332010301 65 496
0 33 0
30.2469907999739 115 1112
0 33 0
31.0160486251585 102 952
17.2736332010301 65 496
21.8076895264429 90 784
2.59806206705939 46 32
11.1726800592522 64 465
49.3690849686066 144 1529
84.8212755174721 204 2079
15.4034657279138 80 529
21.9527625871119 85 317
17.2736332010301 65 496
77.1990720178313 175 1992
11.0270770802761 84 627
0 33 0
5.07080966277536 61 378
26.2601988122626 107 920
0 33 0
3.54469173968451 59 325
20.0197490564656 88 729
17.6901372093768 91 816
2.40948271798544 58 156
0 33 0
57.176334817224 147 1570
28.1281749740196 94 692
16.4243402927739 89 757
20.0197490564656 88 729
24.265784005556 92 470
36.4001492270298 98 962
40.5825171847472 120 1219
60.8054449018124 151 1690
11.1726800592522 64 465
20.0197490564656 88 729
19.6418700891496 82 632
0.208399716489168 38 10
34.7937625347226 96 961
11.1726800592522 64 465
0 33 0
17.2736332010301 65 496
2.98771364230817 64 245
0.208399716489168 38 10
6.29137864569585 62 406
0 33 0
12.2016771524676 86 678
0 33 0
20.3581887707393 86 706
34.1267682128233 126 1042
11.1726800592522 64 465
52.559068069399 126 1396
0 33 0
38.4445202422584 121 1249
17.2736332010301 65 496
6.83770479815432 65 241
0 33 0
30.9037193591845 139 1184
21.8076895264429 90 784
4.19882320088791 60 351
10.0808048405197 82 578
6.29137864569585 62 406
17.2736332010301 65 496
0 33 0
0 33 0
17.8946501098532 99 646
2.2952001903819 56 253
69.9491063403248 173 1925
17.2736332010301 65 496
0 33 0
0 33 0
17.2736332010301 65 496
0.622231381039904 45 66
0 33 0
48.019198156238 141 1447
25.750561985416 116 1119
0 33 0
0 33 0
15.904411730381 72 235
98.3106022129687 208 1904
0 33 0
0 33 0
0 33 0
27.4338456942625 120 940
6.29137864569585 62 406
17.2736332010301 65 496
1.40521029242887 52 171
34.7937625347226 96 961
34.2434846349937 129 1221
4.66010808773071 64 357
72.2122709676143 191 1917
28.9451125228149 95 931
6.29137864569585 62 406
37.5679696671458 132 1112
28.9451125228149 95 931
0 33 0
0 33 0
34.7937625347226 96 961
0 33 0
33.2299547772899 111 976
0 33 0
1.11656154217672 50 136
17.2736332010301 65 496
0 33 0
0 33 0
17.2736332010301 65 496
90.9335918423045 190 1311
0 33 0
0 33 0
23.5352847685692 99 777
50.1110821361339 152 1444
68.0534058369926 178 1843
27.9237599038112 94 900
42.794726009403 124 670
64.7664645440595 171 1847
33.4005821999623 117 1147
0 33 0
41.7664822524764 151 1309
40.4872254802657 123 1309
12.4988546967249 76 256
76.6978150834187 191 2023
61.6608315888972 161 1605
5.07080966277536 61 378
25.2107235523981 93 679
34.7937625347226 96 961
88.8193685112906 183 2180
20.3581887707393 86 706
11.1726800592522 64 465
19.3827779668986 92 843
34.7937625347226 96 961
32.6740194271249 118 1166
105.125590174903 228 2316
9.22699024601246 73 480
8.20402335643634 77 405
67.3229714582698 182 1879
52.9236613156789 147 1578
0 33 0
46.6398717515465 140 1382
17.2736332010301 65 496
0 33 0
17.3952382075542 84 625
0 33 0
17.2736332010301 65 496
20.3581887707393 86 706
0 33 0
13.8209117877061 89 525
0.894974183844616 40 11
17.2736332010301 65 496
2.32942876490819 52 85
1.2519385306635 51 153
7.44017791396184 76 321
0 33 0
0 33 0
90.6012424143858 199 2289
65.2848543410592 168 1304
24.3191964727494 93 874
0 33 0
34.7937625347226 96 961
11.1726800592522 64 465
25.6067972447363 96 469
23.6437954298504 80 545
32.8346142521804 115 1121
0 33 0
118.9752502365 229 2452
17.2736332010301 65 496
49.994110974947 144 1190
34.7937625347226 96 961
5.72131985841549 71 346
28.9330959430181 112 1027
0 33 0
34.8422380712712 112 1025
1.11656154217672 50 136
11.1726800592522 64 465
17.2736332010301 65 496
52.559068069399 126 1396
18.8969926081925 75 541
0 33 0
44.9192098042264 123 1306
6.29137864569585 62 406
80.7305470001397 192 2056
11.1726800592522 64 465
0 33 0
27.4092898656462 109 927
34.7937625347226 96 961
0 33 0
70.9570193112046 179 1523
49.0896471152846 145 1533
5.16291125598177 50 64
10.177382409966 74 266
24.5637661945757 111 774
17.2736332010301 65 496
69.4152500732081 173 1913
20.1407795300875 85 686
0.306444771712143 40 21
35.6667991445693 135 1178
0 33 0
17.2736332010301 65 496
8.12198349975015 63 435
17.2736332010301 65 496
21.8076895264429 90 784
34.7937625347226 96 961
33.4005821999623 117 1147
59.5308782329445 145 1161
89.6073811479764 173 1367
31.4122892382814 115 1082
17.2736332010301 65 496
0 33 0
38.7300977172466 115 1132
64.2002233133664 153 1745
0 33 0
94.321665319188 201 2142
0 33 0
6.29137864569585 62 406
17.2736332010301 65 496
0 33 0
0 33 0
208.006729418621 332 3380
12.8936812595417 84 499
0 33 0
0 33 0
52.7050366838628 146 1229
0 33 0
0 33 0
0 33 0
31.7703760839384 128 1151
36.2109457201945 121 1256
24.3191964727494 93 874
0 33 0
0.996083371342743 49 120
66.9859622105973 163 1650
8.12198349975015 63 435
18.5943353346535 86 676
2.89079705967991 59 277
10.3454647382984 56 56
41.8845430033365 120 1027
0 33 0
0 33 0
0 33 0
0 33 0
14.8949327167777 82 516
0 33 0
0.622231381039904 45 66
0 33 0
68.5655274407312 169 1466
17.2736332010301 65 496
11.1726800592522 64 465
85.9665880366308 210 2253
0 33 0
0 33 0
40.5825171847472 120 1219
20.4082386625153 81 269
56.9545140174512 150 1657
28.9451125228149 95 931
71.6745820525478 179 1818
169.583755480745 302 3166
6.29137864569585 62 406
0 33 0
0 33 0
0 33 0
18.4500674409256 70 506
0 33 0
6.29137864569585 62 406
0 33 0
17.2736332010301 65 496
17.2736332010301 65 496
3.03578802103337 58 300
4.19882320088791 60 351
4.19882320088791 60 351
0 33 0
45.9417315584387 138 929
18.9995143408085 108 909
0 33 0
13.9985760835378 95 679
11.1726800592522 64 465
0 33 0
23.177219361053 92 847
0 33 0
0 33 0
0 33 0
0 33 0
0.360459648676958 41 28
20.9198414927252 88 749
7.84219637884363 69 307
0 33 0
17.2736332010301 65 496
20.0197490564656 88 729
53.2685524407214 156 1554
28.9560972097271 118 1171
52.559068069399 126 1396
8.12198349975015 63 435
17.2736332010301 65 496
0 33 0
3.03578802103337 58 300
64.2468602600798 171 1878
0 33 0
17.2736332010301 65 496
2.70952922613883 42 16
0 33 0
17.2736332010301 65 496
6.29137864569585 62 406
17.2736332010301 65 496
10.6287977551239 92 571
0 33 0
5.07080966277536 61 378
70.5681205987546 155 1802
7.26469922202672 80 541
48.5272168660202 142 1460
0.548640407969295 44 55
15.7021370875092 80 522
17.2736332010301 65 496
0 33 0
49.7017697644361 151 1277
66.6592988293023 169 1801
0.360459648676958 41 28
34.7937625347226 96 961
28.8437280362819 116 904
17.2736332010301 65 496
0 33 0
0 33 0
56.5361412036152 158 1610
8.83272726153801 68 445
17.2736332010301 65 496
68.5105812736402 175 1525
0 33 0
17.2736332010301 65 496
0 33 0
82.6099522858815 203 2127
17.2736332010301 65 496
0 33 0
0 33 0
17.2736332010301 65 496
152.688143662953 285 3138
2.01729526040439 55 231
34.7937625347226 96 961
90.5624078757036 215 2355
26.0450861421367 94 902
0 33 0
34.7937625347226 96 961
65.0604273465534 174 1745
0 33 0
0 33 0
0 33 0
22.0558884754266 79 244
0 33 0
6.29137864569585 62 406
24.7360003217277 91 653
0 33 0
4.19882320088791 60 351
18.5943353346535 86 676
8.90849547966591 69 450
17.2736332010301 65 496
23.1928495349701 110 767
17.2736332010301 65 496
17.2736332010301 65 496
0 33 0
34.7937625347226 96 961
5.07080966277536 61 378
3.54469173968451 59 325
0 33 0
28.4288211437394 122 1054
28.9451125228149 95 931
27.4092898656462 109 927
41.2297201315686 120 1193
28.9451125228149 95 931
8.12198349975015 63 435
16.3467621060764 82 576
0 33 0
39.4658728612621 122 1278
21.7040469636666 91 688
34.7937625347226 96 961
22.2191516125291 93 871
0 33 0
0 33 0
6.29137864569585 62 406
39.5394432953507 122 767
0 33 0
6.23992019639363 77 487
0 33 0
0 33 0
20.1407795300875 85 686
26.5926736452772 98 674
0 33 0
27.2280424425982 108 961
18.5943353346535 86 676
32.5296301022174 119 1004
25.7232910576985 105 880
0 33 0
3.54469173968451 59 325
6.53797343671399 48 31
6.20997962564182 67 316
17.2736332010301 65 496
0 33 0
3.54469173968451 59 325
0 33 0
0 33 0
17.2736332010301 65 496
3.56769415662182 66 268
8.69276429705914 68 193
0 33 0
6.29137864569585 62 406
0 33 0
0 33 0
0 33 0
16.6340294513012 85 337
26.0450861421367 94 902
17.2736332010301 65 496
19.2797761316199 79 587
11.1726800592522 64 465
24.2305310998424 92 841
0 33 0
52.559068069399 126 1396
51.8762274791924 140 1397
34.0153218358221 120 1081
6.29137864569585 62 406
0 33 0
74.5465302412179 170 1422
0 33 0
34.8422380712712 112 1025
0 33 0
0 33 0
34.7937625347226 96 961
28.9451125228149 95 931
69.1658212582359 191 2033
52.065612403205 142 1261
121.368180777919 228 2123
17.2736332010301 65 496
71.0003853574086 190 1809
76.9642975345618 174 1973
10.4772532521041 54 49
8.12198349975015 63 435
19.3827779668986 92 843
2.08167129346636 40 9
49.9177072008562 146 1565
2.2952001903819 56 253
26.0450861421367 94 902
0 33 0
0 33 0
8.70117983491972 79 482
0 33 0
0.888136683063116 48 105
78.6769988019687 189 1985
0 33 0
0 33 0
91.5963520444042 215 2317
38.3264047347229 132 1297
17.2736332010301 65 496
21.8155398318215 108 793
2.01729526040439 55 231
34.7937625347226 96 961
4.19882320088791 60 351
17.2736332010301 65 496
106.072534615824 224 2550
3.8973984390752 69 342
5.07080966277536 61 378
23.9548336125776 113 1033
18.2544136572634 78 316
22.1874011412015 110 718
71.5749003124351 187 1618
28.9451125228149 95 931
0 33 0
0 33 0
13.7478413743632 88 415
17.2736332010301 65 496
8.12198349975015 63 435
0 33 0
5.07080966277536 61 378
17.2736332010301 65 496
0 33 0
0.825685310673 45 46
0 33 0
12.5977576185565 77 275
14.7080287657786 87 718
15.4034657279138 80 529
0 33 0
0 33 0
52.559068069399 126 1396
0 33 0
50.4171756144559 145 1525
22.2191516125291 93 871
34.7937625347226 96 961
17.2736332010301 65 496
17.8228104627532 92 595
17.2736332010301 65 496
5.29826388414496 69 310
42.9066666317398 137 1331
13.4419966774628 94 634
17.2736332010301 65 496
41.8008230345807 135 1258
27.9237599038112 94 900
26.0450861421367 94 902
17.2736332010301 65 496
0 33 0
58.752290604537 163 1480
93.8384966330206 204 1554
11.0965881910092 91 586
17.2736332010301 65 496
0 33 0
9.62989478453533 77 526
41.5504874556204 139 1264
17.2736332010301 65 496
64.3422480105748 172 1736
8.31881360058367 82 588
17.2736332010301 65 496
14.2032869796273 101 642
17.2736332010301 65 496
11.0270770802761 84 627
0 33 0
9.74184168869729 84 637
0 33 0
0 33 0
0 33 0
0 33 0
14.5364068204977 78 484
28.9451125228149 95 931
2.2952001903819 56 253
33.5287086439608 108 752
24.3191964727494 93 874
0 33 0
0 33 0
53.5658415589666 143 1460
26.0450861421367 94 902
0 33 0
11.1726800592522 64 465
80.6583919938784 179 2066
0 33 0
17.2736332010301 65 496
23.7857380167855 113 1036
0 33 0
46.2410074758179 140 1439
4.19882320088791 60 351
32.855675966254 117 1153
21.381669761593 103 898
0 33 0
6.29137864569585 62 406
0 33 0
0 33 0
0 33 0
94.9778872734822 209 2190
0 33 0
14.7553014630875 79 516
70.9054044005109 175 1960
8.12198349975015 63 435
60.3268929383985 142 1383
0 33 0
19.8788852221183 92 482
11.1726800592522 64 465
0 33 0
56.9545140174512 150 1660
29.7194017591267 109 751
0 33 0
0 33 0
40.2186897718125 120 1237
17.2736332010301 65 496
0.306444771712143 40 21
0 33 0
17.6901372093768 91 816
26.0450861421367 94 902
0 33 0
41.4672910933638 122 1153
15.1714348085966 88 741
23.141058771721 98 764
10.8643021921657 79 507
29.4500324706014 98 752
17.2736332010301 65 496
0 33 0
17.2736332010301 65 496
68.1516815264887 170 1839
8.12198349975015 63 435
37.3132691398568 136 1292
0 33 0
0.622231381039904 45 66
0 33 0
38.0019362907759 110 1052
18.9867148624048 76 551
43.5674819315908 137 1343
0 33 0
34.7937625347226 96 961
29.4926807573409 115 1100
44.9192098042264 123 1306
8.12198349975015 63 435
0 33 0
0 33 0
0 33 0
27.9237599038112 94 900
2.01729526040439 55 231
19.788207833782 83 649
70.5681205987546 155 1802
41.2925247910782 147 1346
133.013280798003 248 2439
0 33 0
17.2736332010301 65 496
19.3827779668986 92 843
0 33 0
0 33 0
17.2736332010301 65 496
18.2405901358356 68 499
79.453895296932 179 2072
17.2736332010301 65 496
20.0070067821699 109 823
70.8724513164004 178 1913
17.2736332010301 65 496
0 33 0
0 33 0
6.27251638153211 77 471
17.2736332010301 65 496
0 33 0
0 33 0
0 33 0
41.5249341078404 122 1286
42.3516975793043 132 1215
18.708870850251 101 592
1.24980873536775 47 51
19.8672103373183 104 894
45.6436631967206 139 1366
17.2736332010301 65 496
43.0605421848996 151 1356
52.559068069399 126 1396
118.640581981959 246 2565
1.78201893353412 54 210
0 33 0
82.7592310322296 187 2030
0 33 0
0 33 0
0 33 0
0 33 0
12.3948889405395 87 711
26.0450861421367 94 902
0 33 0
0.888136683063116 48 105
34.7937625347226 96 961
0 33 0
17.2736332010301 65 496
1.78201893353412 54 210
0.360459648676958 41 28
0 33 0
0 33 0
71.4459609226558 177 1676
24.3191964727494 93 874
35.2866884040212 119 1192
8.12198349975015 63 435
0.255907935017343 39 15
0.0797326473103766 35 1
13.0609470629197 93 619
17.2736332010301 65 496
56.4585960290044 151 1692
43.7992900798304 133 1297
17.2736332010301 65 496
11.1726800592522 64 465
42.3516975793043 132 1215
49.7490818174439 145 1549
18.1170471140356 67 497
51.0854772941115 136 1354
0 33 0
0 33 0
17.2736332010301 65 496
10.645226245748 85 654
28.4306424846498 110 952
0 33 0
11.8626125494944 67 468
33.0893050799997 108 937
28.9451125228149 95 931
80.4679146365297 190 2027
0.0797326473103766 35 1
51.6689710143689 157 1497
36.6448899598366 115 473
8.12198349975015 63 435
28.7299754492342 101 366
38.5509423155005 107 710
26.3468413784398 110 992
56.0773485052731 146 1550
24.6372054855628 102 718
0 33 0
11.5210056589446 70 324
0 33 0
0 33 0
12.2269057003854 72 361
0 33 0
17.2736332010301 65 496
0 33 0
27.0692668928811 103 778
0.163494414718482 37 6
9.56545175842195 86 566
8.62290048785034 81 556
19.0795297062144 77 562
0 33 0
6.29137864569585 62 406
20.2412303846605 70 500
22.3668476507771 91 821
24.3191964727494 93 874
59.7579821260191 162 1631
29.1836367314207 125 1065
0 33 0
14.2136187893949 87 568
39.268633252618 110 749
11.1726800592522 64 465
0 33 0
20.0197490564656 88 729
21.7622830511132 90 796
26.0450861421367 94 902
11.1726800592522 64 465
45.7081821538299 141 1417
0 33 0
23.2442637269313 95 508
22.7369383552371 97 772
0 33 0
84.1484444606749 208 2073
19.1767384490439 78 574
0 33 0
65.0616626808278 161 1212
28.5369643785467 100 723
0 33 0
17.2736332010301 65 496
0 33 0
35.5237426550706 119 1010
31.2210035109693 113 1049
40.0779220763038 120 1225
39.4658728612621 122 1278
34.7937625347226 96 961
4.52955648187823 65 244
1.82211507106009 55 191
17.2736332010301 65 496
34.7937625347226 96 961
17.2736332010301 65 496
33.6730478288154 133 1231
11.1726800592522 64 465
17.2736332010301 65 496
46.9619150422337 125 1367
17.2736332010301 65 496
0 33 0
17.2736332010301 65 496
6.29137864569585 62 406
0 33 0
32.6740194271249 118 1166
0.702610689646832 46 78
44.0611588631845 135 1330
22.3329386867623 90 646
43.3825283053644 159 1574
0 33 0
0 33 0
17.2736332010301 65 496
0 33 0
50.6274319908009 142 1490
37.0742716157156 102 976
53.2958013150667 162 1168
33.1045586658712 108 797
34.7937625347226 96 961
42.5975093798001 117 815
17.8443003942918 76 214
0 33 0
47.5730704358208 135 1314
0.163494414718482 37 6
11.1726800592522 64 465
64.0706605413532 168 1780
37.800270498343 122 1282
21.7622830511132 90 796
0 33 0
0 33 0
24.3191964727494 93 874
12.7208959992818 77 543
0 33 0
77.3702056019039 193 1922
23.1018226076474 100 717
78.5606365739311 175 1874
67.8668926795625 175 1968
12.3948889405395 87 711
4.19882320088791 60 351
45.94056242323 124 1337
21.8076895264429 90 784
1.40521029242887 52 171
34.7937625347226 96 961
0 33 0
11.1726800592522 64 465
11.1726800592522 64 465
46.9619150422337 125 1367
34.7937625347226 96 961
96.8619223573928 209 2357
18.5943353346535 86 676
1.40521029242887 52 171
0 33 0
28.9451125228149 95 931
0 33 0
22.0558884754266 79 244
0 33 0
17.2736332010301 65 496
19.5101999614203 81 616
0 33 0
15.4610109527294 78 505
17.2736332010301 65 496
11.1726800592522 64 465
17.2736332010301 65 496
9.60997106148125 84 631
44.4697530105596 134 1310
12.3576167048075 73 501
92.8509348114723 209 1937
0 33 0
17.2736332010301 65 496
0 33 0
5.07080966277536 61 378
0 33 0
0 33 0
0 33 0
0 33 0
17.2736332010301 65 496
0 33 0
0 33 0
17.2736332010301 65 496
17.2736332010301 65 496
0 33 0
0 33 0
26.0450861421367 94 902
0 33 0
20.2412303846605 70 500
17.2736332010301 65 496
0 33 0
6.95492837318314 68 314
18.8091303649097 74 532
0 33 0
61.1782137656743 155 1514
27.9237599038112 94 900
12.0106202899303 59 86
0 33 0
18.1170471140356 67 497
0.622231381039904 45 66
6.29137864569585 62 406
28.2792260741391 104 947
44.9192098042264 123 1306
26.0450861421367 94 902
103.380104274156 220 2264
0 33 0
65.22157593237 154 1774
11.1726800592522 64 465
16.366501755423 94 634
96.5941884230284 221 2208
8.12198349975015 63 435
0 33 0
64.9687416604848 164 1700
0 33 0
39.4470602667133 118 1192
32.2260331350376 112 1067
21.375074014397 101 509
0 33 0
11.1726800592522 64 465
0 33 0
0 33 0
63.5546509990491 156 1496
34.7937625347226 96 961
8.12198349975015 63 435
44.2116272693357 124 1339
7.52510481176351 55 74
0 33 0
0.360459648676958 41 28
0 33 0
0 33 0
0 33 0
8.12198349975015 63 435
17.2736332010301 65 496
0 33 0
17.2736332010301 65 496
9.31641130679962 74 490
29.5071739778032 97 397
19.3827779668986 92 843
0 33 0
11.1726800592522 64 465
26.0450861421367 94 902
88.8193685112906 183 2180
34.7937625347226 96 961
0 33 0
7.61790400557275 58 144
0 33 0
17.2736332010301 65 496
11.1726800592522 64 465
5.07080966277536 61 378
76.5318208207041 192 2072
0 33 0
100.996618335666 220 2251
17.2736332010301 65 496
0 33 0
40.4872254802657 123 1309
20.3581887707393 86 706
17.2736332010301 65 496
19.1767384490439 78 574
73.8007221971821 167 1788
17.2736332010301 65 496
0 33 0
14.2717882074107 89 760
51.8762274791924 140 1397
86.2791080017816 192 2036
5.22063982610647 48 37
11.6369418619369 81 553
0 33 0
8.12198349975015 63 435
0 33 0
27.9237599038112 94 900
0 33 0
0 33 0
5.07080966277536 61 378
7.43478749894054 74 402
13.7262639721281 76 441
42.8443050397662 142 1472
34.7937625347226 96 961
0 33 0
4.19882320088791 60 351
0 33 0
28.9325588018503 95 452
0 33 0
22.0370110972589 108 840
21.2938433348401 89 772
39.0230847460627 137 1275
39.1045987560551 129 1159
8.24272570111751 60 169
27.9237599038112 94 900
11.1726800592522 64 465
17.2736332010301 65 496
39.1667202521982 117 1171
0 33 0
0 33 0
65.4398000798982 169 1803
0 33 0
46.9619150422337 125 1367
17.2736332010301 65 496
0 33 0
0 33 0
40.2722746472634 128 1297
52.9799564248992 148 1613
35.7073461489675 126 989
5.89187971506531 61 183
2.62853480437738 57 276
52.559068069399 126 1396
1.2519385306635 51 153
19.3827779668986 92 843
0 33 0
46.9619150422337 125 1367
20.2595803831918 98 834
0 33 0
17.2736332010301 65 496
16.2668215472636 84 337
17.2736332010301 65 496
31.2420808717982 111 832
9.41228963353182 75 501
27.9237599038112 94 900
3.03578802103337 58 300
17.2736332010301 65 496
7.54468124845036 80 549
34.7937625347226 96 961
36.2109457201945 121 1256
0 33 0
17.2736332010301 65 496
28.9451125228149 95 931
0 33 0
34.7937625347226 96 961
2.2952001903819 56 253
17.2736332010301 65 496
0 33 0
0.255907935017343 39 15
20.9516587326037 115 762
82.7010972318857 181 2125
74.063850099952 158 1805
0 33 0
14.7080287657786 87 718
0 33 0
7.31274765541329 85 497
0 33 0
0 33 0
38.5540285806894 114 1114
41.8557518190136 152 1442
38.8179486496967 136 1343
0 33 0
0.255907935017343 39 15
48.1037151630688 135 1252
17.2736332010301 65 496
34.9643628370452 119 1194
0 33 0
0 33 0
39.5315644137583 125 1201
20.0197490564656 88 729
0 33 0
0 33 0
0 33 0
8.12198349975015 63 435
6.29137864569585 62 406
20.6138219926962 87 727
17.2736332010301 65 496
0 33 0
15.0518740051051 65 97
8.12198349975015 63 435
8.12198349975015 63 435
0 33 0
3.03578802103337 58 300
5.07080966277536 61 378
19.9529110698505 84 667
24.2305310998424 92 841
0 33 0
12.529217048474 75 520
13.379960002699 82 618
21.8026036874181 109 966
13.825221275467 101 679
34.7937625347226 96 961
27.9237599038112 94 900
6.29137864569585 62 406
7.6229786961057 83 422
0 33 0
109.689158130171 212 1834
0 33 0
43.733351930893 136 1294
17.2736332010301 65 496
52.9799564248992 148 1613
17.2736332010301 65 496
17.2736332010301 65 496
0 33 0
10.9342228237691 77 307
0 33 0
0 33 0
3.9425950492953 46 36
17.2736332010301 65 496
11.1726800592522 64 465
40.4872254802657 123 1309
24.164303673506 102 907
0 33 0
17.2736332010301 65 496
3.54469173968451 59 325
0 33 0
0 33 0
46.9619150422337 125 1367
60.8513960005932 176 1720
24.6541068644295 110 719
0 33 0
21.7622830511132 90 796
97.3559775257292 204 2360
0.208399716489168 38 10
0 33 0
0 33 0
142.074263499456 273 3170
17.2736332010301 65 496
15.4034657279138 80 529
74.0102301700493 173 1895
43.1966752075233 138 1336
0.790825142046022 47 91
29.6819155562285 127 1016
34.9643628370452 119 1194
0 33 0
0 33 0
2.62853480437738 57 276
17.2736332010301 65 496
0 33 0
34.7937625347226 96 961
16.3467621060764 82 576
10.6966721073846 83 625
0 33 0
21.8667849938826 92 707
0 33 0
4.19882320088791 60 351
0 33 0
0 33 0
55.6613014520135 131 1406
28.0851041894156 113 1031
0 33 0
34.7937625347226 96 961
11.1726800592522 64 465
12.5154097343082 83 601
17.2736332010301 65 496
17.2736332010301 65 496
0 33 0
1.58022642623185 53 190
9.52995985140486 75 421
0.996083371342743 49 120
12.529217048474 75 520
0 33 0
2.62853480437738 57 276
0 33 0
8.12198349975015 63 435
11.1726800592522 64 465
82.2739724955916 206 1783
0 33 0
0 33 0
0 33 0
39.4658728612621 122 1278
28.1711134597135 103 938
4.40353573488448 64 202
27.4837051035755 109 949
4.19882320088791 60 351
11.1726800592522 64 465
24.2305310998424 92 841
0 33 0
27.5000325125322 83 542
5.07080966277536 61 378
0 33 0
106.934019483946 235 2527
17.2736332010301 65 496
0 33 0
17.2736332010301 65 496
29.4926807573409 115 1100
32.8853872443294 112 988
37.3896097809425 142 1219
0.548640407969295 44 55
0 33 0
0 33 0
17.2736332010301 65 496
27.7805891271997 127 1084
30.5500533473979 99 686
26.0450861421367 94 902
40.2695596171486 123 1150
33.9306845019018 110 980
30.0804302593881 120 764
39.1667202521982 117 1171
15.5010944703293 82 358
16.2601134066888 87 588
34.7937625347226 96 961
0 33 0
6.6538449921056 76 483
37.5664151299973 117 1135
71.6826962530198 167 1796
34.7937625347226 96 961
0 33 0
57.7921443144682 175 1347
17.2736332010301 65 496
75.2304900379141 181 1815
0 33 0
13.6268571870607 97 716
0 33 0
18.5943353346535 86 676
20.3581887707393 86 706
28.9451125228149 95 931
41.2310002491773 138 1220
21.2938433348401 89 772
50.1317708575709 146 1283
1.78201893353412 54 210
2.01729526040439 55 231
61.2835520615475 169 1797
54.6001957379078 150 1439
35.2099934986654 114 1054
16.4243402927739 89 757
0 33 0
0 33 0
0 33 0
18.9867148624048 76 551
14.3164702855582 82 546
13.7262639721281 76 441
10.0559462679879 86 524
0 33 0
24.2305310998424 92 841
13.7418567511751 88 731
17.2736332010301 65 496
27.9237599038112 94 900
36.2339256555348 111 944
17.2736332010301 65 496
18.5943353346535 86 676
17.2736332010301 65 496
0 33 0
0 33 0
0 33 0
26.0450861421367 94 902
0 33 0
20.6967158500877 94 592
6.0046640460906 68 291
49.6656235498256 145 1527
17.0756896769415 75 274
0 33 0
30.2726843998988 127 1110
32.8796730154614 120 732
0 33 0
0 33 0
29.4579559778767 97 903
17.2736332010301 65 496
4.19882320088791 60 351
0 33 0
20.0197490564656 88 729
29.8996592317099 115 1084
38.4445202422584 121 1249
3.69682561845969 65 321
0 33 0
11.764841061442 66 466
0 33 0
0 33 0
72.2569021099312 180 1786
7.92622537526509 63 142
34.4263479775215 119 1207
1.78201893353412 54 210
17.2736332010301 65 496
24.2305310998424 92 841
0 33 0
17.2736332010301 65 496
0 33 0
0 33 0
28.9451125228149 95 931
39.1667202521982 117 1171
17.2736332010301 65 496
34.7937625347226 96 961
0.163494414718482 37 6
37.0630854970782 121 931
0 33 0
64.4726745067867 169 1638
5.07080966277536 61 378
0 33 0
16.5672410188999 90 790
1.78201893353412 54 210
0 33 0
0.418446006869379 42 36
11.1726800592522 64 465
0 33 0
12.7208959992818 77 543
28.9687046135639 107 917
11.1726800592522 64 465
29.0425974848924 110 1022
102.485341178626 234 2217
41.9447424878565 143 1256
3.06769706998826 64 281
14.6821052066505 88 487
11.1726800592522 64 465
48.9614114352248 129 1217
0 33 0
17.2736332010301 65 496
35.6659718266981 116 1033
44.9582933391682 139 1376
34.2653357850175 118 1164
0 33 0
46.9619150422337 125 1367
34.7937625347226 96 961
17.2736332010301 65 496
11.1726800592522 64 465
40.186074526358 135 1096
15.1089191572174 91 454
0 33 0
0 33 0
22.8481659631081 97 541
0 33 0
6.03718933175115 77 478
42.3970722270414 122 1280
17.2736332010301 65 496
0 33 0
22.6217479241224 113 860
0 33 0
37.1672577164441 134 1251
4.19882320088791 60 351
92.203909746692 214 2149
0.790825142046022 47 91
6.29137864569585 62 406
85.8909777683029 198 1845
0 33 0
44.9192098042264 123 1306
0 33 0
6.29137864569585 62 406
74.0102301700493 173 1895
39.0825139079382 136 1330
0 33 0
17.2736332010301 65 496
0 33 0
0 33 0
22.3668476507771 91 821
24.2305310998424 92 841
17.2736332010301 65 496
0 33 0
17.2736332010301 65 496
0 33 0
2.96371742540698 52 83
0 33 0
0 33 0
0 33 0
17.2736332010301 65 496
5.89187971506531 61 183
17.2736332010301 65 496
52.7531235929823 153 1405
0 33 0
18.5439783000351 71 511
4.30309183612528 44 17
0.360459648676958 41 28
4.19882320088791 60 351
84.7227910574896 192 1978
37.0695390915635 137 1358
34.1338772500085 114 784
27.0739140678653 92 332
64.3915148275336 156 1700
41.5249341078404 122 1286
0 33 0
106.863760666202 241 2265
54.1945559914465 166 1456
17.2736332010301 65 496
3.03578802103337 58 300
0 33 0
0 33 0
21.2938433348401 89 772
47.2235548349177 141 1070
2.62853480437738 57 276
8.24272570111751 60 169
6.84112067340435 66 412
70.5681205987546 155 1802
17.2736332010301 65 496
0 33 0
0 33 0
0 33 0
32.4111661780164 118 1174
0 33 0
116.037374027132 240 2314
0 33 0
34.7937625347226 96 961
53.5728528008876 141 1445
39.9862679922865 133 1207
0 33 0
0 33 0
22.2191516125291 93 871
2.48051102495257 57 141
0 33 0
0 33 0
7.73214677241299 51 46
0 33 0
2.62853480437738 57 276
0 33 0
39.2105358887978 135 881
0 33 0
34.7937625347226 96 961
8.12198349975015 63 435
9.52995985140486 75 421
0 33 0
22.3668476507771 91 821
21.397105698148 93 481
24.4126181997338 103 784
11.1726800592522 64 465
84.6679324295626 195 2168
45.8852249108351 144 1494
0 33 0
3.94719362226796 69 322
0 33 0
0.790825142046022 47 91
43.0792888411674 129 944
8.12198349975015 63 435
20.6138219926962 87 727
0 33 0
70.1273758239135 187 1607
27.9237599038112 94 900
34.7937625347226 96 961
0 33 0
0 33 0
0 33 0
0 33 0
28.9451125228149 95 931
56.7394224474938 148 1174
17.2736332010301 65 496
8.12198349975015 63 435
2.2952001903819 56 253
11.6369418619369 81 553
24.3191964727494 93 874
11.5210056589446 70 324
0 33 0
22.7391609182688 99 526
17.2736332010301 65 496
33.8048742765011 115 1006
0 33 0
33.2345193261868 125 1059
23.6437954298504 80 545
15.4034657279138 80 529
0 33 0
142.188533083964 207 1148
14.5364068204977 78 484
8.12198349975015 63 435
23.4607231377273 106 625
40.7749794095371 121 1261
20.0197490564656 88 729
17.2736332010301 65 496
0 33 0
61.7877693660209 134 1105
0 33 0
8.12198349975015 63 435
0 33 0
0 33 0
34.4980200156548 118 637
0 33 0
76.8047632191146 196 1718
0 33 0
41.8211123185135 112 1018
15.7685230355523 89 765
17.2736332010301 65 496
65.22157593237 154 1774
77.9062961585047 186 1955
17.2736332010301 65 496
15.3300409204866 90 514
13.2358999577571 99 709
1.50607348645981 41 13
5.07080966277536 61 378
13.7262639721281 76 441
6.29137864569585 62 406
0 33 0
17.2736332010301 65 496
70.0538536162314 181 1820
45.94056242323 124 1337
22.3668476507771 91 821
11.0710453854808 86 682
37.1012434463154 121 1253
0 33 0
40.0923530861561 103 970
22.2191516125291 93 871
8.26218795970978 63 139
5.07080966277536 61 378
0 33 0
20.0468170445512 78 552
6.29137864569585 62 406
37.1012434463154 121 1253
37.6635085205786 131 1166
3.54469173968451 59 325
8.12198349975015 63 435
26.0450861421367 94 902
70.5681205987546 155 1802
0 33 0
1.58022642623185 53 190
0.360459648676958 41 28
0 33 0
38.4445202422584 121 1249
0 33 0
37.6615897515983 107 1016
9.84974116049912 51 34
17.2736332010301 65 496
0.120763496149312 36 3
17.2736332010301 65 496
62.2632291710053 146 787
0 33 0
0 33 0
5.07080966277536 61 378
13.1755606239965 88 735
2.62853480437738 57 276
22.2191516125291 93 871
0 33 0
11.1726800592522 64 465
61.1547898895584 161 1637
27.9237599038112 94 900
38.2553175180654 112 1081
12.1828798001712 85 493
24.3191964727494 93 874
25.6936246400668 95 707
11.6369418619369 81 553
47.2254225198401 140 1336
0 33 0
24.3191964727494 93 874
46.9619150422337 125 1367
34.7937625347226 96 961
18.3296052821764 97 695
13.5930873352697 96 673
6.29137864569585 62 406
34.7937625347226 96 961
0 33 0
0 33 0
34.7937625347226 96 961
34.7937625347226 96 961
23.8020961687719 87 607
17.6901372093768 91 816
14.7080287657786 87 718
0 33 0
17.2736332010301 65 496
23.3100888061435 93 385
70.5681205987546 155 1802
16.8498211050293 76 217
17.2736332010301 65 496
103.435845030234 225 2255
0.418446006869379 42 36
52.559068069399 126 1396
0 33 0
0 33 0
0 33 0
60.0820301905606 156 1592
17.2736332010301 65 496
44.8946933082432 140 1388
4.03086043706586 58 146
16.3467621060764 82 576
38.2105188816665 137 1313
17.8023583410173 103 791
48.8011335013081 143 1476
3.54469173968451 59 325
11.1726800592522 64 465
40.4872254802657 123 1309
1.92120173801763 57 168
73.6367764879382 177 1913
0 33 0
18.8522159794812 77 275
17.2736332010301 65 496
0 33 0
43.817599552444 154 1059
28.1281749740196 94 692
0 33 0
0 33 0
0 33 0
33.1128643108694 116 1141
34.7937625347226 96 961
27.9864028319726 133 1047
39.7620490363674 145 1291
36.403552619413 137 1087
17.2736332010301 65 496
17.2736332010301 65 496
28.6226250973847 107 980
19.1767384490439 78 574
0 33 0
17.2736332010301 65 496
0 33 0
17.2736332010301 65 496
24.3254901007696 108 838
0 33 0
0.888136683063116 48 105
0 33 0
17.2736332010301 65 496
65.85737083708 165 1781
1.40521029242887 52 171
18.8460218814052 95 620
43.0859613604287 149 1354
30.2431118953748 113 1029
0.255907935017343 39 15
25.5462639818804 97 417
3.03578802103337 58 300
34.7937625347226 96 961
30.3810520475012 111 1003
0 33 0
17.2736332010301 65 496
0 33 0
0 33 0
3.54469173968451 59 325
11.1726800592522 64 465
16.3467621060764 82 576
0 33 0
6.99891805970261 56 121
17.2736332010301 65 496
3.9425950492953 46 36
0 33 0
17.2736332010301 65 496
4.19882320088791 60 351
0 33 0
109.278315034359 224 2598
38.69867769447 134 1283
7.87878677320307 79 510
0 33 0
72.8539006411442 160 1250
2.37702170972175 45 31
17.2736332010301 65 496
77.0913813302804 185 1690
0.702610689646832 46 78
75.9950063928884 168 1880
0 33 0
37.3235192190741 104 989
34.7937625347226 96 961
22.4385112878091 113 833
50.2192275987254 123 812
0 33 0
2.37821756817689 60 225
26.0450861421367 94 902
5.35265473690662 49 37
93.8136288407011 201 2297
32.7462682053537 86 537
12.2269057003854 72 361
0 33 0
27.9237599038112 94 900
0 33 0
0 33 0
11.1726800592522 64 465
6.29137864569585 62 406
2.01729526040439 55 231
5.03806998012418 73 416
8.87181243992094 83 609
2.274165730003 48 51
11.1726800592522 64 465
15.4269492138761 92 696
0 33 0
30.4830038398788 129 1131
0 33 0
2.65782196774891 61 198
0 33 0
32.1819501811635 109 785
33.4049953585178 118 1176
0 33 0
46.8544089724028 137 1301
0 33 0
17.2736332010301 65 496
19.9529110698505 84 667
0 33 0
0 33 0
17.2736332010301 65 496
0 33 0
0 33 0
27.4092898656462 109 927
34.7937625347226 96 961
34.7937625347226 96 961
0 33 0
0 33 0
17.2736332010301 65 496
0 33 0
0 33 0
97.3559775257292 204 2360
80.9244526116772 192 1956
0 33 0
17.2736332010301 65 496
2.87048252558167 62 268
37.9460170956429 112 506
0.888136683063116 48 105
57.9330867933911 145 1106
0 33 0
12.9596322667905 74 400
45.5049962068915 137 1391
44.1960974607986 157 1279
0.208399716489168 38 10
17.2736332010301 65 496
0 33 0
29.319043249553 114 643
27.9237599038112 94 900
0 33 0
23.2376881643647 107 776
0 33 0
17.2736332010301 65 496
12.2269057003854 72 361
0 33 0
0 33 0
8.12198349975015 63 435
0 33 0
0 33 0
44.2116272693357 124 1339
44.9192098042264 123 1306
21.2938433348401 89 772
82.9201061687036 197 2184
0 33 0
4.90279864606551 67 276
17.2736332010301 65 496
17.2736332010301 65 496
11.1726800592522 64 465
7.23065428612429 62 132
7.61790400557275 58 144
0 33 0
5.07080966277536 61 378
8.12198349975015 63 435
77.7473851608585 180 2099
0 33 0
19.7928422519455 103 828
30.0835315737559 118 872
0 33 0
0 33 0
28.761272286791 122 777
34.7937625347226 96 961
51.7966396631357 146 1568
7.92622537526509 63 142
6.29137864569585 62 406
18.5943353346535 86 676
55.3946080257981 157 1322
13.1755606239965 88 735
28.3985975783192 114 918
44.2116272693357 124 1339
0 33 0
0 33 0
0 33 0
34.7937625347226 96 961
17.2736332010301 65 496
50.5609202871083 147 1262
21.7180684690913 95 612
3.67046775712654 51 73
79.6370393748747 178 2035
0 33 0
8.12198349975015 63 435
119.39777588937 233 2778
11.1726800592522 64 465
5.07080966277536 61 378
13.0735942488735 80 585
0 33 0
35.2099934986654 114 1054
18.7494202426971 103 848
0 33 0
0 33 0
17.2736332010301 65 496
25.6021694904864 100 749
37.800270498343 122 1282
32.5581307991053 119 954
1.11656154217672 50 136
2.2952001903819 56 253
17.2736332010301 65 496
0 33 0
35.1895931011908 120 1225
14.8027116888428 87 703
27.9237599038112 94 900
17.2736332010301 65 496
0.888136683063116 48 105
0 33 0
0 33 0
3.03578802103337 58 300
18.5943353346535 86 676
34.7937625347226 96 961
0 33 0
0 33 0
34.7937625347226 96 961
0 33 0
17.2736332010301 65 496
98.0025845147488 219 2437
1.40521029242887 52 171
8.24272570111751 60 169
0 33 0
0.120763496149312 36 3
0 33 0
3.24853904775832 64 237
10.2451074141848 68 191
11.1726800592522 64 465
0 33 0
77.0447770759807 184 1838
0 33 0
1.11656154217672 50 136
0 33 0
64.2002233133664 153 1745
0 33 0
0.480960019683722 43 45
31.6811028648607 111 543
0 33 0
0 33 0
4.19882320088791 60 351
0 33 0
32.8975555270564 135 1092
19.3827779668986 92 843
32.4110143145836 136 1302
34.5155227518543 134 1250
26.6821457253509 81 527
0 33 0
11.1726800592522 64 465
11.6369418619369 81 553
8.12198349975015 63 435
0 33 0
0 33 0
6.29137864569585 62 406
1.78201893353412 54 210
34.7937625347226 96 961
0 33 0
75.0557620276274 189 1780
0.996083371342743 49 120
14.5364068204977 78 484
14.5364068204977 78 484
15.9220893134963 90 786
41.5249341078404 122 1286
0 33 0
0 33 0
17.2736332010301 65 496
27.5000325125322 83 542
8.12198349975015 63 435
0 33 0
20.3581887707393 86 706
11.5210056589446 70 324
0 33 0
0 33 0
0 33 0
6.29137864569585 62 406
5.07080966277536 61 378
60.3823313209914 155 1667
13.7248010256456 93 619
40.2136563768456 125 797
6.38432393995864 54 100
11.1726800592522 64 465
0 33 0
28.7955599363263 123 963
11.1726800592522 64 465
75.8775912270903 177 1606
17.2736332010301 65 496
0 33 0
9.51652302755134 64 225
21.7622830511132 90 796
4.19882320088791 60 351
24.6948745008091 109 939
26.0450861421367 94 902
40.9601514638155 135 1264
0 33 0
14.7080287657786 87 718
14.1217496949728 84 412
70.5681205987546 155 1802
0 33 0
0 33 0
15.9220893134963 90 786
41.5249341078404 122 1286
11.1726800592522 64 465
0 33 0
16.6840924534446 85 399
53.7971800479521 143 1472
0 33 0
17.2736332010301 65 496
2.62853480437738 57 276
30.1724899428763 128 967
28.6150356456512 114 1060
17.2736332010301 65 496
0 33 0
65.9616666922363 155 1377
20.9198414927252 88 749
21.8076895264429 90 784
0 33 0
0 33 0
0 33 0
6.83770479815432 65 241
0 33 0
3.49288697132379 66 312
0 33 0
23.177219361053 92 847
1.78201893353412 54 210
0 33 0
52.2367797138458 146 1562
52.9286825607624 148 1606
0 33 0
52.5341032011843 148 1408
3.54469173968451 59 325
5.47982943538626 74 296
34.7937625347226 96 961
44.9004864856672 137 1305
6.49387923602615 68 267
25.476538825564 95 875
35.8288705088265 122 1190
10.8365850416857 68 289
17.3952382075542 84 625
0 33 0
16.7171875387512 84 535
101.552654095055 217 2396
17.2736332010301 65 496
48.4363992086065 138 1298
27.9237599038112 94 900
20.9652679092102 100 759
5.07080966277536 61 378
34.7937625347226 96 961
102.132973835285 210 1839
17.2736332010301 65 496
5.57986358328441 66 258
0 33 0
0 33 0
28.889284819956 109 1007
46.4030360644739 154 1447
0 33 0
18.2405901358356 68 499
38.5612008706209 130 1182
13.7262639721281 76 441
0.480960019683722 43 45
0 33 0
43.1670674266329 141 1417
17.2736332010301 65 496
0 33 0
0 33 0
28.5811666390764 114 898
17.2736332010301 65 496
0 33 0
11.8206827558711 93 496
0.418446006869379 42 36
0 33 0
0 33 0
1.11656154217672 50 136
61.3559743737135 156 1436
0.817254531790621 41 16
8.12198349975015 63 435
0 33 0
0 33 0
11.8626125494944 67 468
0 33 0
0 33 0
11.1726800592522 64 465
36.1845547751219 136 1321
0 33 0
25.658107625866 108 957
9.51652302755134 64 225
0 33 0
0 33 0
2.01729526040439 55 231
17.2736332010301 65 496
79.2917044704624 181 1911
52.559068069399 126 1396
20.6447474231375 84 409
55.9131020321175 142 717
3.2901696902526 64 297
45.94056242323 124 1337
0 33 0
17.3952382075542 84 625
34.7937625347226 96 961
0.163494414718482 37 6
24.3191964727494 93 874
26.8230000359814 106 952
18.7218995620747 73 524
0 33 0
0 33 0
75.5693636511393 190 1496
73.9694622575219 178 2050
17.2736332010301 65 496
6.29137864569585 62 406
0 33 0
16.060201033283 96 730
0 33 0
2.62853480437738 57 276
1.59989276824125 54 130
66.8481648618397 170 1819
0 33 0
23.9548336125776 113 1033
0 33 0
0 33 0
17.2736332010301 65 496
4.19882320088791 60 351
91.0822829826513 198 2195
0 33 0
0 33 0
11.1726800592522 64 465
10.0808048405197 82 578
11.6369418619369 81 553
0 33 0
25.7457623662002 108 490
2.62853480437738 57 276
0 33 0
17.2736332010301 65 496
34.7937625347226 96 961
132.259264107201 256 2775
8.12198349975015 63 435
0.702610689646832 46 78
34.7937625347226 96 961
48.3326182681212 150 1087
0.120763496149312 36 3
17.2736332010301 65 496
0 33 0
19.0795297062144 77 562
0.480960019683722 43 45
2.48967228897775 61 207
8.12198349975015 63 435
11.1726800592522 64 465
17.2736332010301 65 496
8.90849547966591 69 450
29.5673434475759 127 1168
37.6939033656786 119 1064
37.8701172639233 123 1118
8.12198349975015 63 435
24.3678031906527 93 571
0 33 0
0 33 0
17.2736332010301 65 496
17.2736332010301 65 496
17.2736332010301 65 496
0 33 0
14.3376155115726 86 696
28.0851041894156 113 1031
17.2736332010301 65 496
0 33 0
1.40521029242887 52 171
50.1727313168567 144 1499
38.4445202422584 121 1249
83.8445836895249 176 1474
27.9237599038112 94 900
0 33 0
0.790825142046022 47 91
37.5664151299973 117 1135
17.2736332010301 65 496
5.07080966277536 61 378
0 33 0
22.2191516125291 93 871
15.9220893134963 90 786
9.67845519471592 74 414
0 33 0
26.3453096447931 122 1000
7.40352040569766 73 461
0 33 0
0 33 0
1.40521029242887 52 171
28.7017446702454 126 1071
26.0450861421367 94 902
10.1695118360907 66 256
12.9518880078449 100 757
0 33 0
20.0197490564656 88 729
0 33 0
141.244520009641 277 2831
17.2736332010301 65 496
5.07080966277536 61 378
0 33 0
0 33 0
8.12198349975015 63 435
39.3062715933008 135 1256
0.790825142046022 47 91
34.7937625347226 96 961
33.3789058354409 103 720
16.2204981494139 107 760
28.9687046135639 107 917
24.2305310998424 92 841
88.6121634335802 209 1922
17.2736332010301 65 496
0 33 0
51.5652585243932 134 1366
17.2736332010301 65 496
4.59644115049874 72 391
0 33 0
11.1726800592522 64 465
67.1485487333801 184 1461
18.5943353346535 86 676
6.92589634820558 72 363
17.2736332010301 65 496
0 33 0
28.3121576595465 91 606
34.7937625347226 96 961
48.599051605032 143 1232
73.9582959161839 176 1794
5.57986358328441 66 258
0 33 0
44.5068269041204 128 830
0 33 0
0 33 0
35.1895931011908 120 1225
19.3902843443076 80 601
10.0053527833403 69 442
17.2736332010301 65 496
0 33 0
0 33 0
34.7937625347226 96 961
27.5191141732964 108 939
22.302799370695 97 589
0 33 0
18.2846522298349 93 467
32.8346142521804 115 1121
40.0779220763038 120 1225
0 33 0
5.89187971506531 61 183
61.3049683200315 159 1307
32.855675966254 117 1153
0 33 0
0 33 0
4.19882320088791 60 351
42.5749515664842 122 1220
70.4552401563506 170 1707
0 33 0
16.2796925289015 97 741
47.0837492035496 151 1251
11.1726800592522 64 465
61.1956301791608 170 1179
8.16691517543124 73 349
0 33 0
79.7208512007989 188 2014
8.31881360058367 82 588
20.3581887707393 86 706
4.55239087064164 52 60
0 33 0
4.553368016197 48 49
55.9076948989619 157 1495
0 33 0
11.1726800592522 64 465
6.11692932756172 51 52
18.8969926081925 75 541
17.2736332010301 65 496
55.7595689769768 150 1664
34.7937625347226 96 961
11.1726800592522 64 465
0 33 0
5.07080966277536 61 378
14.8027116888428 87 703
5.3507460321125 54 70
19.788207833782 83 649
23.177219361053 92 847
29.8288553815587 107 958
17.2736332010301 65 496
0 33 0
35.9400005051978 114 876
42.4143143512835 124 1134
58.8173733677088 150 1174
0 33 0
0 33 0
0 33 0
24.3191964727494 93 874
47.2025982971029 154 1420
67.2612479609272 157 1585
0 33 0
95.3173077812833 199 1969
22.4292807058626 88 298
0 33 0
11.1726800592522 64 465
73.8926644025301 187 1923
22.4865974935722 112 1010
0.360459648676958 41 28
8.12198349975015 63 435
117.17919818818 240 2678
0 33 0
34.7937625347226 96 961
0 33 0
1.40521029242887 52 171
27.9237599038112 94 900
17.2736332010301 65 496
17.2736332010301 65 496
26.9800110694031 96 682
2.01729526040439 55 231
0 33 0
0 33 0
6.29137864569585 62 406
45.3075877568164 138 1397
0 33 0
0 33 0
35.2866884040212 119 1192
17.2736332010301 65 496
40.5825171847472 120 1219
17.2736332010301 65 496
24.2305310998424 92 841
0 33 0
75.2985416418482 194 2147
0 33 0
34.7937625347226 96 961
0 33 0
52.559068069399 126 1396
0 33 0
0 33 0
31.1683265536507 106 933
37.140968496034 145 1277
0 33 0
0 33 0
0 33 0
0 33 0
17.2736332010301 65 496
40.2186897718125 120 1237
0 33 0
27.9237599038112 94 900
46.2410074758179 140 1439
118.844643162492 245 2436
0 33 0
8.51644270728567 82 582
0 33 0
37.5664151299973 117 1135
0 33 0
46.2899779953694 130 1234
17.2736332010301 65 496
0.120763496149312 36 3
47.397726847231 134 1304
0 33 0
39.3956002843074 105 392
167.273185589252 281 2601
52.559068069399 126 1396
76.5871944807413 172 1938
35.1651115300194 120 1231
28.9451125228149 95 931
0 33 0
20.0197490564656 88 729
2.01729526040439 55 231
16.5395127106152 71 200
13.7262639721281 76 441
0 33 0
7.3600881327172 55 72
0 33 0
0 33 0
10.5204324954892 90 454
8.59006533780738 65 436
14.7080287657786 87 718
0 33 0
0 33 0
5.07080966277536 61 378
17.2736332010301 65 496
0 33 0
0 33 0
63.1788706943627 152 1715
52.559068069399 126 1396
27.2757662642129 96 903
14.8250699731895 79 334
34.7937625347226 96 961
0 33 0
0 33 0
0 33 0
0 33 0
0 33 0
5.05521345357808 62 145
37.800270498343 122 1282
0 33 0
0.548640407969295 44 55
12.3605660861482 79 492
14.5364068204977 78 484
0 33 0
0 33 0
8.12198349975015 63 435
0 33 0
17.2736332010301 65 496
0 33 0
28.1496566311614 112 946
0 33 0
4.21334779224561 66 346
12.1375552313573 87 706
11.1726800592522 64 465
5.86931620814316 69 406
30.2424464394645 116 907
19.6505692488102 97 795
1.11656154217672 50 136
17.2736332010301 65 496
17.2736332010301 65 496
0 33 0
50.9498595492476 160 1199
17.2736332010301 65 496
17.2736332010301 65 496
7.87878677320307 79 510
0 33 0
0 33 0
47.4295948195768 140 1415
19.7928422519455 103 828
71.4362542560317 193 1797
7.98788361988424 76 443
0 33 0
65.22157593237 154 1774
0 33 0
17.2736332010301 65 496
0.120763496149312 36 3
37.5664151299973 117 1135
0 33 0
0 33 0
75.060493162857 189 1985
2.01729526040439 55 231
40.4872254802657 123 1309
24.7672709739396 96 368
36.4001492270298 98 962
13.2174841462015 81 601
0.0797326473103766 35 1
34.7937625347226 96 961
56.518024469111 173 1659
59.0418133226634 150 1547
23.2296034106715 103 786
47.3774543861533 146 1549
0 33 0
0 33 0
0.208399716489168 38 10
11.1726800592522 64 465
9.34184832584873 61 121
17.2736332010301 65 496
0 33 0
38.4445202422584 121 1249
63.1788706943627 152 1715
11.1726800592522 64 465
34.7937625347226 96 961
16.2362345736531 94 724
64.2002233133664 153 1745
24.2305310998424 92 841
34.7937625347226 96 961
0 33 0
0 33 0
50.9904078123735 148 1172
25.7184834233831 124 1031
0 33 0
89.1984979716919 207 1837
0 33 0
63.9237818238484 164 1408
126.217710625032 249 2430
81.280270382284 197 2193
18.5943353346535 86 676
7.84219637884363 69 307
4.29537259496738 50 46
24.3191964727494 93 874
51.2220730433887 150 1322
44.5703099434714 134 1031
21.7622830511132 90 796
35.6559983845317 125 1019
31.204680516034 111 1036
58.3116528556652 178 1760
6.98871330237211 68 421
64.8859448738984 173 1855
17.2736332010301 65 496
0 33 0
17.2736332010301 65 496
12.1165785267751 70 480
17.2736332010301 65 496
5.16291125598177 50 64
14.9429391001024 97 715
0 33 0
0 33 0
34.4885744694191 120 1227
6.29137864569585 62 406
26.1365996284212 95 440
38.9657655266603 139 1364
0 33 0
19.0795297062144 77 562
0 33 0
34.7937625347226 96 961
17.2736332010301 65 496
0 33 0
0 33 0
10.0553369942672 80 571
45.8852249108351 144 1494
0 33 0
61.5734206421925 167 1782
6.29137864569585 62 406
5.16291125598177 50 64
58.5199340296513 148 1627
0 33 0
35.2099934986654 114 1054
11.1726800592522 64 465
68.511209129566 177 1616
0 33 0
34.7527660828702 119 1127
48.0535701483263 134 1262
0 33 0
52.559068069399 126 1396
46.6398717515465 140 1382
0.306444771712143 40 21
0 33 0
0 33 0
17.2736332010301 65 496
0 33 0
2.2952001903819 56 253
0 33 0
0 33 0
47.5058642470166 141 1429
46.9619150422337 125 1367
34.7937625347226 96 961
0 33 0
50.6127127489827 136 1422
33.0283390002207 107 878
17.2736332010301 65 496
34.7937625347226 96 961
70.5240135512034 175 1966
0 33 0
0 33 0
42.3970722270414 122 1280
0 33 0
17.2736332010301 65 496
0 33 0
0 33 0
0 33 0
0 33 0
0 33 0
1.58022642623185 53 190
68.4597145667606 159 1209
0 33 0
21.8076895264429 90 784
75.8247852123436 175 1956
21.5155723597816 111 988
0 33 0
6.29137864569585 62 406
17.2736332010301 65 496
0 33 0
0 33 0
25.5631928093627 86 596
0 33 0
34.4906430206122 146 1311
58.4802651700073 139 1154
0 33 0
34.7937625347226 96 961
4.19882320088791 60 351
34.7937625347226 96 961
1.97000210386377 53 99
17.2736332010301 65 496
0 33 0
0 33 0
22.0921303115929 112 1026
11.1726800592522 64 465
0 33 0
0 33 0
0 33 0
0 33 0
0 33 0
3.54469173968451 59 325
6.84763209092918 79 522
46.9619150422337 125 1367
0 33 0
0 33 0
0 33 0
17.2736332010301 65 496
72.0590512341609 181 1786
17.2736332010301 65 496
73.2678098210859 189 1993
57.4827126835653 149 1473
17.2736332010301 65 496
42.3970722270414 122 1280
36.5515775527674 106 671
59.5523517406142 139 973
22.2191516125291 93 871
13.2174841462015 81 601
51.1432891446726 140 1472
48.5827859572478 132 1187
4.30309183612528 44 17
0 33 0
32.8162258445366 111 901
11.6122575704415 98 714
23.177219361053 92 847
0 33 0
0 33 0
0 33 0
0 33 0
107.515521329187 217 1900
0 33 0
8.02987932531578 78 526
17.3952382075542 84 625
46.9619150422337 125 1367
17.3245262005986 99 742
32.3301202363624 95 632
18.7218995620747 73 524
55.496258835558 154 1390
39.4658728612621 122 1278
53.4853901392333 154 1505
0 33 0
4.85561981968355 71 316
68.8143785340472 169 1425
0 33 0
17.2736332010301 65 496
131.417272927606 255 3009
34.8422380712712 112 1025
0 33 0
0 33 0
53.7334183496972 150 1349
86.8535610208855 187 2117
80.6285841038799 165 1128
3.03578802103337 58 300
7.98788361988424 76 443
0 33 0
34.8393916257499 134 1255
34.7937625347226 96 961
0 33 0
51.6435716543077 163 1657
17.2736332010301 65 496
1.44033169334874 38 4
22.2191516125291 93 871
36.780585362371 100 967
