"COLLES.MDM.LN" "SACKIN" "COPHENETIC"
0 47 0
0 47 0
0 47 0
0 47 0
0 47 0
1.28897881443073 73 325
0 47 0
0 47 0
45.2565574418265 172 2546
0 47 0
24.4430271782665 93 1035
24.4430271782665 93 1035
0 47 0
0 47 0
3.2213593239299 83 630
0 47 0
32.2252532678069 149 1852
4.07066771765696 85 703
24.4430271782665 93 1035
0 47 0
0 47 0
0 47 0
8.42946256712863 121 925
1.8048852221667 77 435
0 47 0
11.0016598795645 121 1357
64.5955498632843 187 2345
0 47 0
0 47 0
0 47 0
24.4430271782665 93 1035
0 47 0
0 47 0
0 47 0
0 47 0
0 47 0
0 47 0
0 47 0
6.25396662329936 88 820
0 47 0
1.28897881443073 73 325
0 47 0
5.34432837180898 87 780
9.16449965158311 90 903
26.9716512056254 161 2158
0 47 0
0 47 0
0 47 0
0 47 0
0 47 0
0 47 0
11.7110338904779 91 946
0 47 0
0 47 0
7.46673040124285 89 861
0 47 0
6.25396662329936 88 820
0 47 0
0 47 0
0 47 0
3.60743741646847 84 666
0 47 0
0 47 0
3.2213593239299 83 630
9.16449965158311 90 903
0 47 0
0 47 0
11.7110338904779 91 946
0 47 0
0 47 0
0 47 0
0 47 0
7.46673040124285 89 861
0 47 0
0 47 0
0 47 0
0 47 0
0 47 0
24.4430271782665 93 1035
0 47 0
2.37171084358296 80 528
0 47 0
16.9395062999937 100 1018
0 47 0
25.3626726530462 133 1810
0 47 0
0 47 0
0 47 0
24.4430271782665 93 1035
24.4430271782665 93 1035
0 47 0
0 47 0
6.25396662329936 88 820
24.0968757364434 131 1723
15.9551048637701 92 990
8.38477938436303 114 1145
0 47 0
0 47 0
0 47 0
6.26025901976611 108 972
0 47 0
2.89462653123467 82 595
2.61451962667811 81 561
0 47 0
0 47 0
0 47 0
0 47 0
0 47 0
0 47 0
0 47 0
0 47 0
24.4430271782665 93 1035
0 47 0
24.4430271782665 93 1035
0 47 0
0 47 0
0 47 0
0 47 0
0 47 0
26.5944678349324 154 1924
0 47 0
9.30404560208984 118 1255
0 47 0
26.4007677429179 126 1521
3.86821770706673 87 669
3.2856358348556 90 461
0 47 0
0 47 0
0 47 0
0 47 0
0 47 0
7.46673040124285 89 861
0 47 0
11.2639809040301 86 271
15.9551048637701 92 990
0 47 0
0 47 0
9.16449965158311 90 903
0 47 0
49.1410369482764 138 2025
9.16449965158311 90 903
5.34432837180898 87 780
0 47 0
0 47 0
0 47 0
0 47 0
25.1597965761183 124 1444
0 47 0
5.34432837180898 87 780
0 47 0
0 47 0
0 47 0
0 47 0
0.726832909877 66 171
24.4430271782665 93 1035
24.4430271782665 93 1035
24.4430271782665 93 1035
23.7657875473978 132 1770
0 47 0
7.63353933135457 106 581
0 47 0
31.8705566280064 132 1764
0 47 0
0 47 0
29.1517308067862 129 1665
15.9551048637701 92 990
0 47 0
0 47 0
0 47 0
0 47 0
4.63677104954248 86 741
24.4430271782665 93 1035
0 47 0
15.9551048637701 92 990
24.4430271782665 93 1035
0 47 0
0 47 0
0.560296896380293 63 120
0 47 0
0 47 0
8.15175171160863 98 897
0 47 0
0 47 0
9.16449965158311 90 903
0 47 0
0 47 0
29.1561572337395 140 1866
0 47 0
0 47 0
0 47 0
0 47 0
0 47 0
0 47 0
0 47 0
0 47 0
0 47 0
53.4569586242591 169 1802
0 47 0
9.16449965158311 90 903
0 47 0
0 47 0
0 47 0
0 47 0
1.52124289883261 75 378
6.25396662329936 88 820
0 47 0
0 47 0
5.34432837180898 87 780
24.4430271782665 93 1035
4.63677104954248 86 741
0 47 0
11.5853416098667 119 1264
0 47 0
0 47 0
0 47 0
0 47 0
0 47 0
28.9596855323302 150 1731
0.667700549687201 65 153
0 47 0
0 47 0
0 47 0
0 47 0
0 47 0
0 47 0
24.4430271782665 93 1035
24.4430271782665 93 1035
0 47 0
0 47 0
0 47 0
0 47 0
11.7110338904779 91 946
15.9551048637701 92 990
0 47 0
0 47 0
1.3996077336293 74 351
6.25396662329936 88 820
18.052323856138 123 1407
2.15920415012876 79 496
0 47 0
23.7657875473978 132 1770
0 47 0
15.9551048637701 92 990
24.4430271782665 93 1035
0 47 0
0 47 0
0 47 0
37.255117360184 145 1686
0 47 0
3.2213593239299 83 630
26.4007677429179 126 1521
24.4430271782665 93 1035
0 47 0
11.7110338904779 91 946
24.4430271782665 93 1035
15.9551048637701 92 990
0 47 0
36.8192899142139 136 1938
0 47 0
0 47 0
1.52124289883261 75 378
0 47 0
0 47 0
15.9551048637701 92 990
0 47 0
0 47 0
31.7962216321532 135 1893
0 47 0
0 47 0
0 47 0
4.63677104954248 86 741
2.89462653123467 82 595
1.97164942222097 78 465
0 47 0
24.4430271782665 93 1035
0 47 0
0 47 0
0 47 0
32.7678886656398 134 1855
0 47 0
0 47 0
0 47 0
0 47 0
0 47 0
0 47 0
2.61451962667811 81 561
15.9551048637701 92 990
24.4430271782665 93 1035
17.7372979549203 113 730
0 47 0
74.0933704137657 182 2971
2.37171084358296 80 528
0 47 0
1.97164942222097 78 465
0 47 0
0 47 0
15.9551048637701 92 990
0 47 0
0 47 0
0 47 0
0 47 0
24.4430271782665 93 1035
0 47 0
15.9551048637701 92 990
0 47 0
24.4430271782665 93 1035
0 47 0
0 47 0
0 47 0
0 47 0
0 47 0
0 47 0
0 47 0
0 47 0
0 47 0
0 47 0
0 47 0
0 47 0
0 47 0
1.28897881443073 73 325
0 47 0
0 47 0
0 47 0
7.57682833991787 108 906
0 47 0
0 47 0
0 47 0
0 47 0
0 47 0
27.2270543070414 120 1386
3.98572480252045 74 171
51.1185489363405 204 3043
0 47 0
0 47 0
0 47 0
0 47 0
0 47 0
2.89462653123467 82 595
0.726832909877 66 171
24.4430271782665 93 1035
0 47 0
0 47 0
0 47 0
0.511351423581794 62 105
0 47 0
35.0047348719197 134 1849
0 47 0
0 47 0
0 47 0
24.4430271782665 93 1035
5.34432837180898 87 780
0 47 0
24.4430271782665 93 1035
0 47 0
0 47 0
0 47 0
12.5262102238259 122 1399
24.4430271782665 93 1035
24.4430271782665 93 1035
0 47 0
0 47 0
0 47 0
0 47 0
0 47 0
0 47 0
0 47 0
4.63677104954248 86 741
7.46673040124285 89 861
0 47 0
0 47 0
0 47 0
0 47 0
0 47 0
24.4430271782665 93 1035
0 47 0
0 47 0
1.52124289883261 75 378
0 47 0
35.7950821875532 157 2108
0 47 0
6.25396662329936 88 820
27.0067309384083 118 1335
1.97164942222097 78 465
5.34432837180898 87 780
9.16449965158311 90 903
31.7962216321532 135 1893
0 47 0
0 47 0
15.9551048637701 92 990
0 47 0
0 47 0
27.3528144961032 121 1413
24.4430271782665 93 1035
32.7678886656398 134 1855
24.4430271782665 93 1035
0 47 0
6.25396662329936 88 820
0 47 0
0.726832909877 66 171
0 47 0
0 47 0
0 47 0
4.63677104954248 86 741
0 47 0
0 47 0
0 47 0
0 47 0
0 47 0
0 47 0
26.7331193820706 115 1266
0 47 0
26.6528994934768 114 1245
0 47 0
0 47 0
0 47 0
0 47 0
0 47 0
53.3457966337944 191 2763
54.9455189104969 173 2620
1.38911989980745 52 4
0 47 0
24.4430271782665 93 1035
0 47 0
0 47 0
0 47 0
0 47 0
0 47 0
0 47 0
24.4430271782665 93 1035
0 47 0
0 47 0
0 47 0
36.8192899142139 136 1938
0 47 0
0 47 0
0.140548646004322 52 10
40.798160091018 165 2344
0 47 0
24.4430271782665 93 1035
0 47 0
0 47 0
0 47 0
20.4066856952719 127 1561
18.3051069237905 108 900
0 47 0
6.25396662329936 88 820
0 47 0
4.63677104954248 86 741
0 47 0
0 47 0
0 47 0
0 47 0
24.4430271782665 93 1035
24.4430271782665 93 1035
0 47 0
0 47 0
0 47 0
0 47 0
0 47 0
0 47 0
0 47 0
0 47 0
0 47 0
0 47 0
6.25396662329936 88 820
0 47 0
0 47 0
0 47 0
0 47 0
0 47 0
0 47 0
10.4868061730719 128 1216
0 47 0
0 47 0
0 47 0
15.9551048637701 92 990
0 47 0
0 47 0
0.30376422295814 57 45
0 47 0
1.98965441125162 66 85
1.52124289883261 75 378
0 47 0
24.4430271782665 93 1035
1.8048852221667 77 435
0 47 0
0 47 0
0 47 0
7.46673040124285 89 861
0 47 0
0 47 0
24.4430271782665 93 1035
0 47 0
0 47 0
0 47 0
0 47 0
0 47 0
24.4430271782665 93 1035
4.63677104954248 86 741
0 47 0
15.9551048637701 92 990
0 47 0
0 47 0
0 47 0
9.16449965158311 90 903
17.1667420241692 104 1056
0 47 0
24.4430271782665 93 1035
0 47 0
0 47 0
0 47 0
9.16449965158311 90 903
0 47 0
0 47 0
0 47 0
24.4430271782665 93 1035
9.16449965158311 90 903
0 47 0
0 47 0
0 47 0
0 47 0
0 47 0
0 47 0
21.3135388857795 116 1156
0 47 0
24.4430271782665 93 1035
0 47 0
0 47 0
0 47 0
0 47 0
0 47 0
0 47 0
0 47 0
0 47 0
0 47 0
0 47 0
28.7954630533018 128 1630
0 47 0
0 47 0
0 47 0
0.111473464580783 51 6
27.0067309384083 118 1335
0 47 0
24.4430271782665 93 1035
0 47 0
11.7110338904779 91 946
0 47 0
0 47 0
0 47 0
16.5745112799632 127 1576
0 47 0
0 47 0
0 47 0
0 47 0
0 47 0
0 47 0
0 47 0
0 47 0
0 47 0
0 47 0
0 47 0
0 47 0
0 47 0
0 47 0
1.12696578184985 60 42
3.60743741646847 84 666
24.4430271782665 93 1035
0 47 0
0 47 0
0 47 0
11.7110338904779 91 946
9.16449965158311 90 903
0 47 0
49.1410369482764 138 2025
15.9551048637701 92 990
24.4430271782665 93 1035
2.37171084358296 80 528
0 47 0
0 47 0
0 47 0
0 47 0
0 47 0
0 47 0
0 47 0
24.4430271782665 93 1035
0 47 0
5.34432837180898 87 780
0 47 0
0 47 0
0 47 0
0 47 0
11.7110338904779 91 946
0 47 0
0 47 0
0 47 0
7.30594157692116 113 1072
0 47 0
0 47 0
24.4430271782665 93 1035
0 47 0
0 47 0
57.2586706495382 179 2842
3.30464306433254 92 616
0 47 0
9.04436229197871 78 225
0 47 0
0 47 0
0 47 0
0 47 0
0 47 0
0 47 0
1.97164942222097 78 465
0 47 0
0 47 0
0 47 0
21.8229642582992 128 1072
0 47 0
0 47 0
0 47 0
4.63677104954248 86 741
0 47 0
0 47 0
3.89197038882096 79 244
49.1410369482764 138 2025
0 47 0
0 47 0
0 47 0
0 47 0
0 47 0
4.79328467957782 98 637
24.4430271782665 93 1035
15.9551048637701 92 990
20.7504800830588 131 1726
7.07025491569024 113 1081
0 47 0
0 47 0
0 47 0
0 47 0
0 47 0
0 47 0
0 47 0
1.28897881443073 73 325
0 47 0
31.6259783817495 144 1522
0.380252510635497 59 66
0 47 0
0 47 0
25.3626726530462 133 1810
0 47 0
24.4430271782665 93 1035
0 47 0
24.4430271782665 93 1035
0 47 0
0 47 0
9.16449965158311 90 903
0 47 0
15.9551048637701 92 990
0 47 0
9.16449965158311 90 903
9.16449965158311 90 903
5.34432837180898 87 780
0 47 0
0 47 0
0 47 0
0 47 0
0 47 0
15.9551048637701 92 990
24.4430271782665 93 1035
25.7211681262555 100 1056
0 47 0
0 47 0
31.1546158692999 155 1897
7.46673040124285 89 861
0 47 0
0.170605290011562 53 15
0.667700549687201 65 153
0 47 0
0 47 0
0 47 0
0 47 0
26.0507345125465 105 1101
11.9754596014444 88 400
0 47 0
0 47 0
0 47 0
0 47 0
0 47 0
0 47 0
0 47 0
0.858009116146056 68 210
0 47 0
24.4430271782665 93 1035
0 47 0
5.34432837180898 87 780
0 47 0
0 47 0
0 47 0
3.60743741646847 84 666
0 47 0
15.9551048637701 92 990
1.80787455650224 66 87
0 47 0
0 47 0
6.25396662329936 88 820
0 47 0
0 47 0
0 47 0
2.82586198420525 71 136
3.60743741646847 84 666
24.4430271782665 93 1035
0 47 0
0 47 0
15.9551048637701 92 990
0 47 0
24.4430271782665 93 1035
0 47 0
0 47 0
26.4007677429179 126 1521
27.1533078673288 151 1397
0 47 0
5.34432837180898 87 780
0 47 0
0 47 0
0 47 0
0 47 0
0 47 0
0.30376422295814 57 45
0 47 0
0 47 0
0.858009116146056 68 210
0 47 0
0 47 0
0 47 0
0 47 0
23.458697558283 134 1225
0 47 0
0 47 0
1.97164942222097 78 465
0 47 0
0 47 0
12.2328837149724 121 1368
0 47 0
24.4430271782665 93 1035
27.7685005515348 134 1851
0 47 0
0.421566413788099 60 78
0 47 0
0 47 0
24.4430271782665 93 1035
0 47 0
0 47 0
0 47 0
8.58756863705471 115 1131
4.00112921048435 56 10
0 47 0
0 47 0
0.511351423581794 62 105
0 47 0
24.4430271782665 93 1035
15.9551048637701 92 990
0 47 0
49.1410369482764 138 2025
0.140548646004322 52 10
0 47 0
49.1410369482764 138 2025
0 47 0
0 47 0
0 47 0
0 47 0
0.931059350955871 69 231
0 47 0
3.2213593239299 83 630
0 47 0
1.8048852221667 77 435
21.781210661128 130 1693
15.9551048637701 92 990
0 47 0
1.52124289883261 75 378
0 47 0
0 47 0
0 47 0
0 47 0
0 47 0
0 47 0
0 47 0
0 47 0
11.7110338904779 91 946
0 47 0
0.234298771640023 55 28
11.9754596014444 88 400
0 47 0
0 47 0
0 47 0
0 47 0
0 47 0
5.34432837180898 87 780
0 47 0
57.2586706495382 179 2842
0 47 0
0 47 0
0 47 0
0 47 0
27.8496094427222 128 1600
0 47 0
0 47 0
0 47 0
0 47 0
42.7906885660999 155 1891
74.0933704137657 182 2971
7.46673040124285 89 861
0 47 0
24.4430271782665 93 1035
9.16449965158311 90 903
0 47 0
54.1911524796012 206 3153
0 47 0
0 47 0
6.25396662329936 88 820
9.96876423954556 100 948
0 47 0
0 47 0
0 47 0
24.4430271782665 93 1035
24.4430271782665 93 1035
0 47 0
0 47 0
30.106877804882 131 1738
0 47 0
24.4430271782665 93 1035
0 47 0
0 47 0
39.8872612062372 136 1936
2.37171084358296 80 528
0 47 0
0 47 0
15.9551048637701 92 990
0 47 0
0 47 0
0 47 0
0 47 0
0.726832909877 66 171
0 47 0
2.53524748829699 88 472
5.34432837180898 87 780
0 47 0
0 47 0
0 47 0
0 47 0
0 47 0
0 47 0
0 47 0
0 47 0
0 47 0
0.465191260027072 61 91
0 47 0
0 47 0
14.4701177876021 111 657
0 47 0
18.0248180246299 116 763
0 47 0
76.7552988263465 245 3753
0 47 0
24.4430271782665 93 1035
7.46673040124285 89 861
0 47 0
0 47 0
29.034700476314 154 1869
0 47 0
49.1410369482764 138 2025
0 47 0
0 47 0
15.9551048637701 92 990
0 47 0
9.41007879050275 114 1161
1.3996077336293 74 351
1.2546770938044 59 34
0 47 0
0 47 0
0 47 0
0 47 0
0 47 0
0 47 0
0 47 0
0 47 0
24.4430271782665 93 1035
43.6350501475201 185 2422
0 47 0
3.2856358348556 90 461
0 47 0
34.3820635743129 135 1896
0 47 0
0 47 0
0 47 0
15.9551048637701 92 990
0 47 0
0 47 0
0 47 0
0 47 0
5.34432837180898 87 780
24.4430271782665 93 1035
39.8872612062372 136 1936
0 47 0
0 47 0
0 47 0
0 47 0
0 47 0
0 47 0
0 47 0
0 47 0
18.7917307048042 106 1036
0 47 0
0 47 0
0 47 0
0 47 0
4.07066771765696 85 703
53.0651126912242 163 2325
0 47 0
0 47 0
0 47 0
0 47 0
0 47 0
0 47 0
0 47 0
0 47 0
17.6177987221514 106 841
0 47 0
0 47 0
0 47 0
0 47 0
49.1410369482764 138 2025
0 47 0
9.16449965158311 90 903
7.46673040124285 89 861
24.4430271782665 93 1035
0 47 0
0 47 0
0 47 0
0 47 0
0 47 0
5.34432837180898 87 780
1.8048852221667 77 435
0 47 0
0 47 0
42.4693302187315 201 2444
0 47 0
0 47 0
0 47 0
26.0109598836655 162 2159
0 47 0
24.4430271782665 93 1035
5.34432837180898 87 780
0 47 0
0.140548646004322 52 10
0 47 0
0 47 0
0 47 0
2.15920415012876 79 496
0.726832909877 66 171
0 47 0
0 47 0
11.7110338904779 91 946
0 47 0
15.9551048637701 92 990
0 47 0
15.9551048637701 92 990
9.46463722750879 119 1276
4.99170352458335 64 64
0 47 0
0 47 0
15.9551048637701 92 990
0 47 0
0 47 0
24.4430271782665 93 1035
31.8705566280064 132 1764
0.341046740089021 58 55
0 47 0
0 47 0
0 47 0
0 47 0
0 47 0
7.46673040124285 89 861
9.16449965158311 90 903
6.18554821739761 110 991
0 47 0
9.16449965158311 90 903
28.7954630533018 128 1630
0 47 0
17.3418875566583 107 1095
28.8497938366234 161 2188
0 47 0
0 47 0
0 47 0
0 47 0
0 47 0
35.0047348719197 134 1849
5.34432837180898 87 780
0 47 0
0 47 0
0 47 0
17.3418875566583 107 1095
0 47 0
0 47 0
0 47 0
0 47 0
0 47 0
0 47 0
15.9551048637701 92 990
0 47 0
0 47 0
0 47 0
0 47 0
0 47 0
0 47 0
0 47 0
15.9551048637701 92 990
1.52124289883261 75 378
0 47 0
0 47 0
0 47 0
11.7110338904779 91 946
15.9551048637701 92 990
0 47 0
0 47 0
0 47 0
11.7110338904779 91 946
0 47 0
0 47 0
0 47 0
0 47 0
0 47 0
0.234298771640023 55 28
0 47 0
11.7634242565676 119 1309
0 47 0
0 47 0
0 47 0
0 47 0
0 47 0
0 47 0
0 47 0
20.4066856952719 127 1561
0 47 0
0 47 0
0 47 0
0 47 0
7.98783399791616 115 1158
0.0831926306806373 50 3
0 47 0
29.1598977269776 132 1606
29.6104183610524 130 1681
4.63677104954248 86 741
0 47 0
0 47 0
0.790113213115926 67 190
24.0642314200851 122 1369
15.9551048637701 92 990
15.9551048637701 92 990
24.4430271782665 93 1035
0 47 0
0 47 0
0 47 0
0 47 0
0 47 0
0 47 0
0 47 0
24.4430271782665 93 1035
2.89462653123467 82 595
0 47 0
0 47 0
0 47 0
6.25396662329936 88 820
35.0823416165752 161 2218
0 47 0
9.16449965158311 90 903
4.63677104954248 86 741
2.61451962667811 81 561
0 47 0
0 47 0
0 47 0
24.4430271782665 93 1035
0 47 0
0 47 0
24.4430271782665 93 1035
0 47 0
8.25533459078692 100 916
13.2811497710496 80 166
0 47 0
0 47 0
20.5987486419053 128 1620
0 47 0
0 47 0
0 47 0
2.89462653123467 82 595
11.7110338904779 91 946
0.61230794248401 64 136
0 47 0
45.3193151344186 188 2494
1.52124289883261 75 378
24.4430271782665 93 1035
24.4430271782665 93 1035
0 47 0
0 47 0
0 47 0
0 47 0
0 47 0
0.140548646004322 52 10
53.0002993850692 173 2150
0 47 0
15.9551048637701 92 990
9.8147859439148 97 924
2.38351863377814 79 256
5.34432837180898 87 780
0 47 0
0 47 0
0 47 0
0 47 0
3.60743741646847 84 666
3.60743741646847 84 666
0 47 0
0 47 0
0 47 0
0 47 0
5.34432837180898 87 780
0 47 0
0 47 0
0 47 0
0 47 0
0 47 0
15.9551048637701 92 990
0 47 0
0 47 0
0 47 0
0 47 0
29.6104183610524 130 1681
0 47 0
0 47 0
0 47 0
0 47 0
0 47 0
6.37362913655049 103 900
0 47 0
0 47 0
23.0743156345877 120 1296
0 47 0
0 47 0
0 47 0
0 47 0
0 47 0
24.8408540170435 145 1844
0 47 0
27.940696324717 115 1170
0 47 0
0 47 0
0 47 0
0 47 0
0 47 0
9.16449965158311 90 903
0 47 0
0 47 0
0 47 0
4.07066771765696 85 703
0 47 0
0 47 0
0 47 0
0 47 0
40.9086138252408 137 1981
24.4430271782665 93 1035
0 47 0
0 47 0
0.560296896380293 63 120
15.9551048637701 92 990
0 47 0
0 47 0
0 47 0
0 47 0
0 47 0
25.7917515881929 101 1063
0 47 0
0 47 0
0 47 0
0 47 0
0 47 0
15.9551048637701 92 990
15.9551048637701 92 990
0 47 0
0 47 0
0 47 0
0 47 0
0 47 0
0 47 0
7.88642015883631 74 169
4.07066771765696 85 703
0.201805093566533 54 21
0 47 0
0 47 0
0 47 0
5.34432837180898 87 780
0 47 0
0 47 0
35.2256890760549 162 2244
24.4430271782665 93 1035
0 47 0
4.63677104954248 86 741
0 47 0
0 47 0
0 47 0
0 47 0
2.15920415012876 79 496
9.16449965158311 90 903
10.2920247954325 115 1126
0 47 0
9.16449965158311 90 903
2.15920415012876 79 496
0 47 0
3.61167607451872 91 478
5.34432837180898 87 780
11.1240009458185 112 1026
0 47 0
0 47 0
0 47 0
24.0642314200851 122 1369
0 47 0
16.9029600275345 126 1103
0 47 0
3.60743741646847 84 666
0 47 0
66.1160550814821 181 2928
0 47 0
0 47 0
11.7110338904779 91 946
0 47 0
0 47 0
24.4430271782665 93 1035
7.46673040124285 89 861
0 47 0
0 47 0
24.4430271782665 93 1035
0 47 0
1.09522283515724 71 276
0 47 0
15.9551048637701 92 990
15.9551048637701 92 990
0 47 0
9.16449965158311 90 903
0 47 0
0 47 0
0 47 0
34.3820635743129 135 1896
24.4430271782665 93 1035
0 47 0
0 47 0
1.00988808376804 70 253
0 47 0
0 47 0
43.7104471958377 169 2434
2.61451962667811 81 561
15.9551048637701 92 990
0 47 0
4.07066771765696 85 703
0 47 0
1.3996077336293 74 351
0 47 0
0 47 0
0 47 0
24.4430271782665 93 1035
0 47 0
0 47 0
27.8496094427222 128 1600
0 47 0
0 47 0
0 47 0
0 47 0
2.61451962667811 81 561
2.89462653123467 82 595
0 47 0
0 47 0
0 47 0
20.1803914490054 145 1609
0 47 0
15.9551048637701 92 990
0.341046740089021 58 55
24.4430271782665 93 1035
0 47 0
0 47 0
0 47 0
24.4430271782665 93 1035
0 47 0
0 47 0
11.7110338904779 91 946
15.2808268136343 124 1474
0 47 0
0 47 0
22.092966862321 133 932
0 47 0
24.4430271782665 93 1035
5.34432837180898 87 780
0 47 0
0 47 0
5.34432837180898 87 780
0 47 0
35.0047348719197 134 1849
0 47 0
5.66606939176228 81 193
0 47 0
24.4430271782665 93 1035
8.38477938436303 114 1145
0 47 0
0 47 0
0 47 0
0 47 0
0 47 0
0 47 0
0 47 0
0 47 0
22.2033586504245 164 1795
0 47 0
0 47 0
24.4430271782665 93 1035
4.07066771765696 85 703
24.4430271782665 93 1035
24.4430271782665 93 1035
0 47 0
24.4430271782665 93 1035
0 47 0
4.79328467957782 98 637
0 47 0
0 47 0
0 47 0
0 47 0
0 47 0
0 47 0
15.9551048637701 92 990
57.2586706495382 179 2842
0 47 0
1.00988808376804 70 253
15.9551048637701 92 990
0 47 0
24.4430271782665 93 1035
0 47 0
0 47 0
0 47 0
0 47 0
24.4430271782665 93 1035
3.2213593239299 83 630
0 47 0
0 47 0
0 47 0
19.1251855868397 125 1483
0 47 0
0 47 0
0 47 0
0 47 0
4.07066771765696 85 703
0 47 0
1.52124289883261 75 378
0 47 0
0 47 0
24.4430271782665 93 1035
0 47 0
0 47 0
0 47 0
0 47 0
0 47 0
0 47 0
0 47 0
40.9086138252408 137 1981
24.4430271782665 93 1035
24.4430271782665 93 1035
0 47 0
0 47 0
0 47 0
0 47 0
0 47 0
11.7110338904779 91 946
0 47 0
0 47 0
9.16449965158311 90 903
0 47 0
0 47 0
0 47 0
0 47 0
0 47 0
0 47 0
7.46673040124285 89 861
0 47 0
40.9086138252408 137 1981
28.6320268490126 164 2232
31.7962216321532 135 1893
0 47 0
0 47 0
0 47 0
0 47 0
0 47 0
0 47 0
0 47 0
0 47 0
24.4430271782665 93 1035
0 47 0
0 47 0
0 47 0
0.341046740089021 58 55
7.46673040124285 89 861
0 47 0
15.4937833981268 124 1446
0 47 0
0 47 0
11.7110338904779 91 946
0 47 0
25.1597965761183 124 1444
8.46485589181938 76 196
0 47 0
27.5147748114301 165 2282
3.11987582288679 81 281
0.170605290011562 53 15
0 47 0
0 47 0
15.9551048637701 92 990
0 47 0
6.25396662329936 88 820
0 47 0
2.61451962667811 81 561
0 47 0
0 47 0
8.24482429463855 112 1016
15.9551048637701 92 990
0 47 0
0 47 0
0 47 0
0 47 0
49.1410369482764 138 2025
15.9551048637701 92 990
39.8872612062372 136 1936
0 47 0
53.421866711826 166 2403
0 47 0
20.2327830803197 118 809
0 47 0
0 47 0
0 47 0
0.201805093566533 54 21
0 47 0
0 47 0
0.511351423581794 62 105
0 47 0
0 47 0
0 47 0
0 47 0
0 47 0
0 47 0
0 47 0
0 47 0
2.61451962667811 81 561
0 47 0
0 47 0
40.9086138252408 137 1981
0 47 0
15.9551048637701 92 990
0 47 0
0 47 0
0 47 0
0 47 0
9.16449965158311 90 903
0 47 0
0 47 0
36.8192899142139 136 1938
3.60743741646847 84 666
24.4430271782665 93 1035
6.25396662329936 88 820
4.07066771765696 85 703
0 47 0
0 47 0
0 47 0
0 47 0
0 47 0
0 47 0
0 47 0
9.16449965158311 90 903
2.89462653123467 82 595
0 47 0
0 47 0
24.4430271782665 93 1035
0 47 0
0 47 0
0 47 0
0 47 0
0 47 0
24.4430271782665 93 1035
0 47 0
0 47 0
0 47 0
0 47 0
7.46673040124285 89 861
0 47 0
0 47 0
0 47 0
0 47 0
40.9086138252408 137 1981
9.76298361300277 96 918
24.4430271782665 93 1035
0 47 0
24.4430271782665 93 1035
0 47 0
0 47 0
11.7110338904779 91 946
0 47 0
24.4430271782665 93 1035
0.667700549687201 65 153
0 47 0
7.46673040124285 89 861
0 47 0
4.07066771765696 85 703
24.4430271782665 93 1035
0 47 0
0 47 0
0 47 0
27.0067309384083 118 1335
0 47 0
0 47 0
0 47 0
24.4430271782665 93 1035
0 47 0
0 47 0
0 47 0
0 47 0
0 47 0
1.3996077336293 74 351
0 47 0
6.25396662329936 88 820
30.8649495034579 127 1311
0 47 0
2.15920415012876 79 496
11.7110338904779 91 946
15.9551048637701 92 990
0 47 0
11.7110338904779 91 946
0 47 0
0 47 0
0 47 0
0 47 0
0 47 0
0 47 0
0 47 0
27.4915600389076 122 1441
17.9287501792398 145 1673
0 47 0
0 47 0
0 47 0
1.97164942222097 78 465
18.8363074359942 122 1425
15.9551048637701 92 990
57.34112682456 176 2716
24.4430271782665 93 1035
0 47 0
49.1410369482764 138 2025
0 47 0
0 47 0
0 47 0
4.07066771765696 85 703
49.1410369482764 138 2025
0 47 0
9.15905900883056 80 165
7.46673040124285 89 861
0 47 0
0 47 0
0 47 0
0 47 0
0 47 0
0 47 0
4.07066771765696 85 703
1.09522283515724 71 276
0 47 0
15.9551048637701 92 990
6.25396662329936 88 820
0 47 0
0 47 0
11.7110338904779 91 946
0 47 0
0 47 0
0 47 0
3.95020104727778 98 655
0 47 0
0 47 0
35.576132438333 171 2517
0 47 0
30.7678125864769 132 1776
0 47 0
0 47 0
0 47 0
0 47 0
24.4430271782665 93 1035
40.1689115877819 168 2390
43.4209713112309 161 2236
0 47 0
6.35040981384026 110 981
57.34112682456 176 2716
24.4430271782665 93 1035
0 47 0
0 47 0
0 47 0
11.7110338904779 91 946
11.7110338904779 91 946
0 47 0
0 47 0
24.4430271782665 93 1035
0 47 0
3.89197038882096 79 244
0 47 0
2.61451962667811 81 561
0 47 0
0 47 0
15.9551048637701 92 990
0 47 0
0 47 0
0 47 0
0 47 0
0 47 0
0 47 0
0 47 0
0 47 0
0 47 0
1.28897881443073 73 325
0 47 0
1.97164942222097 78 465
0 47 0
0 47 0
0 47 0
15.9551048637701 92 990
0 47 0
0 47 0
0 47 0
0 47 0
0 47 0
0 47 0
19.7468806087629 112 1024
0 47 0
0 47 0
0 47 0
0 47 0
0 47 0
3.60743741646847 84 666
5.34432837180898 87 780
0 47 0
0 47 0
0 47 0
0 47 0
0 47 0
0 47 0
1.00988808376804 70 253
1.84086083342727 57 21
0 47 0
0 47 0
0 47 0
27.1122487846848 119 1360
0 47 0
24.4430271782665 93 1035
11.7110338904779 91 946
0 47 0
0 47 0
0 47 0
0 47 0
0 47 0
0 47 0
0 47 0
0 47 0
0 47 0
1.18791705170871 72 300
0.511351423581794 62 105
0 47 0
0 47 0
49.1410369482764 138 2025
2.15920415012876 79 496
24.4430271782665 93 1035
0 47 0
24.4430271782665 93 1035
0 47 0
0 47 0
0 47 0
0 47 0
28.5360305955824 140 1612
0 47 0
0 47 0
0 47 0
0 47 0
1.18791705170871 72 300
0 47 0
0 47 0
5.34432837180898 87 780
0 47 0
0 47 0
0 47 0
0 47 0
0 47 0
15.9551048637701 92 990
0 47 0
0 47 0
0 47 0
0 47 0
0 47 0
0 47 0
1.18791705170871 72 300
0.790113213115926 67 190
18.2053635093767 128 1602
0 47 0
0 47 0
11.6715934346392 114 1091
0 47 0
0 47 0
0 47 0
0 47 0
11.7110338904779 91 946
0.790113213115926 67 190
0 47 0
4.63677104954248 86 741
0 47 0
0 47 0
0 47 0
0 47 0
0 47 0
1.3996077336293 74 351
0 47 0
0 47 0
0 47 0
5.34432837180898 87 780
0 47 0
27.7685005515348 134 1851
15.9551048637701 92 990
9.16449965158311 90 903
0 47 0
0 47 0
9.16449965158311 90 903
24.4430271782665 93 1035
0 47 0
11.7110338904779 91 946
9.16449965158311 90 903
5.34432837180898 87 780
0 47 0
0 47 0
0 47 0
0 47 0
0 47 0
0 47 0
13.6567939631445 111 993
0 47 0
0 47 0
0 47 0
9.16449965158311 90 903
0 47 0
20.2205486268232 130 1683
0 47 0
24.4430271782665 93 1035
2.61451962667811 81 561
0 47 0
0 47 0
0 47 0
1.8048852221667 77 435
0 47 0
0 47 0
0 47 0
0 47 0
0 47 0
0 47 0
6.25396662329936 88 820
0 47 0
0 47 0
0 47 0
0 47 0
0 47 0
0 47 0
0 47 0
0 47 0
24.4430271782665 93 1035
24.4430271782665 93 1035
15.9551048637701 92 990
0 47 0
4.07066771765696 85 703
0 47 0
0 47 0
0 47 0
7.30856047991922 72 144
1.57692860426034 77 274
3.2213593239299 83 630
6.15245226826795 68 100
0 47 0
34.3820635743129 135 1896
0 47 0
1.18791705170871 72 300
0.111473464580783 51 6
0 47 0
0 47 0
0 47 0
2.89462653123467 82 595
0 47 0
0 47 0
27.7685005515348 134 1851
1.8048852221667 77 435
0 47 0
7.46673040124285 89 861
0 47 0
0 47 0
0.140548646004322 52 10
0 47 0
0 47 0
0 47 0
0 47 0
23.9669211942064 145 1761
0 47 0
0 47 0
5.34432837180898 87 780
22.7696317166432 128 1237
24.4430271782665 93 1035
0 47 0
15.9551048637701 92 990
0.790113213115926 67 190
0 47 0
24.4430271782665 93 1035
0 47 0
1.8048852221667 77 435
1.97164942222097 78 465
0 47 0
0 47 0
0 47 0
0 47 0
0 47 0
0 47 0
0 47 0
0 47 0
0 47 0
24.4430271782665 93 1035
0 47 0
22.0180989286837 127 857
1.65562595939364 76 406
0 47 0
0 47 0
0 47 0
0 47 0
0 47 0
35.0047348719197 134 1849
0 47 0
0 47 0
0 47 0
0 47 0
0 47 0
11.7110338904779 91 946
0 47 0
0 47 0
0 47 0
0 47 0
0 47 0
0 47 0
0 47 0
0 47 0
24.4430271782665 93 1035
3.46913149676775 65 73
0 47 0
15.9551048637701 92 990
24.4430271782665 93 1035
0 47 0
0 47 0
0 47 0
0 47 0
1.18791705170871 72 300
11.7110338904779 91 946
0 47 0
0 47 0
0 47 0
5.34432837180898 87 780
11.7110338904779 91 946
15.9551048637701 92 990
0 47 0
0 47 0
0 47 0
1.18791705170871 72 300
0 47 0
0 47 0
0 47 0
0 47 0
0 47 0
26.127159768561 160 2104
0 47 0
3.2213593239299 83 630
19.0535496694289 99 999
0 47 0
0 47 0
0 47 0
0 47 0
0 47 0
24.4430271782665 93 1035
15.9551048637701 92 990
0 47 0
0 47 0
11.7110338904779 91 946
0 47 0
0 47 0
0 47 0
24.4430271782665 93 1035
0 47 0
0 47 0
39.2478027149901 145 1876
19.1251855868397 125 1483
41.3953506650577 171 2526
9.04436229197871 78 225
0 47 0
0 47 0
0 47 0
0 47 0
0 47 0
5.34432837180898 87 780
0 47 0
24.4430271782665 93 1035
24.4430271782665 93 1035
15.9551048637701 92 990
33.7791132467789 172 1916
24.4430271782665 93 1035
0 47 0
11.7110338904779 91 946
0 47 0
0 47 0
0 47 0
0 47 0
11.7110338904779 91 946
0 47 0
0 47 0
0 47 0
3.60743741646847 84 666
0 47 0
27.3528144961032 121 1413
3.60743741646847 84 666
0 47 0
0 47 0
0 47 0
0 47 0
7.46673040124285 89 861
0 47 0
0 47 0
2.61451962667811 81 561
4.07066771765696 85 703
0 47 0
0 47 0
0 47 0
0 47 0
0 47 0
5.34432837180898 87 780
0 47 0
0 47 0
0 47 0
0 47 0
24.4430271782665 93 1035
23.6678691109941 131 839
0 47 0
6.25396662329936 88 820
0 47 0
15.9551048637701 92 990
24.4430271782665 93 1035
0 47 0
7.46673040124285 89 861
0 47 0
0 47 0
0 47 0
25.1597965761183 124 1444
0 47 0
0 47 0
31.6221217588458 133 1815
0 47 0
0 47 0
15.9551048637701 92 990
0 47 0
2.61451962667811 81 561
0 47 0
29.5806071848966 130 1701
0 47 0
24.4430271782665 93 1035
0 47 0
5.34432837180898 87 780
0 47 0
0 47 0
17.1667420241692 104 1056
0 47 0
0 47 0
0 47 0
0 47 0
0 47 0
9.16449965158311 90 903
27.8496094427222 128 1600
0 47 0
0 47 0
0 47 0
0 47 0
0 47 0
0 47 0
0 47 0
0 47 0
0 47 0
15.9551048637701 92 990
0 47 0
0.790113213115926 67 190
4.07066771765696 85 703
0 47 0
0 47 0
0 47 0
49.1410369482764 138 2025
0 47 0
0 47 0
0 47 0
0 47 0
0 47 0
0 47 0
0 47 0
0 47 0
0 47 0
0 47 0
34.3820635743129 135 1896
0 47 0
0 47 0
1.60233075466276 76 238
0 47 0
0 47 0
0 47 0
0 47 0
0 47 0
0 47 0
0 47 0
15.9551048637701 92 990
15.9551048637701 92 990
20.5111961388491 114 1089
0 47 0
8.36926838707715 89 421
9.14846131611979 121 1132
11.7110338904779 91 946
0.380252510635497 59 66
0 47 0
0 47 0
0 47 0
15.9551048637701 92 990
0 47 0
0.790113213115926 67 190
15.9551048637701 92 990
0 47 0
35.0047348719197 134 1849
0 47 0
0 47 0
24.4430271782665 93 1035
0 47 0
0 47 0
0 47 0
0 47 0
0 47 0
0 47 0
57.3862392785187 193 2074
0 47 0
0 47 0
0 47 0
0 47 0
3.2213593239299 83 630
0 47 0
7.46673040124285 89 861
24.4430271782665 93 1035
0 47 0
0 47 0
0 47 0
0 47 0
0 47 0
0 47 0
0 47 0
0 47 0
25.3626726530462 133 1810
0 47 0
0 47 0
24.4430271782665 93 1035
0 47 0
0 47 0
2.37171084358296 80 528
0.790113213115926 67 190
0 47 0
6.73075841656983 70 121
0 47 0
0 47 0
0 47 0
24.4430271782665 93 1035
0 47 0
0 47 0
0 47 0
0 47 0
6.25396662329936 88 820
1.52094147454449 76 328
11.7110338904779 91 946
0 47 0
0 47 0
0.380252510635497 59 66
0 47 0
0 47 0
9.16449965158311 90 903
24.4430271782665 93 1035
0 47 0
0 47 0
0 47 0
0 47 0
20.5494269943209 124 728
0 47 0
15.9551048637701 92 990
7.30202969468114 104 940
0 47 0
0 47 0
41.3953506650577 171 2526
0 47 0
0 47 0
1.00988808376804 70 253
0 47 0
0.931059350955871 69 231
0 47 0
16.6925992395887 126 1523
0 47 0
38.5266829245338 134 1435
74.3946607359525 220 3364
0 47 0
1.97164942222097 78 465
0 47 0
9.16449965158311 90 903
0 47 0
0 47 0
25.1597965761183 124 1444
11.7110338904779 91 946
0 47 0
0 47 0
0 47 0
0 47 0
0 47 0
5.34432837180898 87 780
0 47 0
0 47 0
0 47 0
0 47 0
0 47 0
0.341046740089021 58 55
31.6221217588458 133 1815
6.73075841656983 70 121
9.41007879050275 114 1161
0 47 0
9.16449965158311 90 903
0 47 0
6.25396662329936 88 820
24.4430271782665 93 1035
0 47 0
0 47 0
3.60743741646847 84 666
0 47 0
5.34432837180898 87 780
15.9551048637701 92 990
0 47 0
0 47 0
0 47 0
0 47 0
0 47 0
3.60743741646847 84 666
0 47 0
24.4430271782665 93 1035
0 47 0
0 47 0
0 47 0
11.7110338904779 91 946
0 47 0
24.4430271782665 93 1035
0 47 0
49.1410369482764 138 2025
0 47 0
41.3768126464292 170 2467
0 47 0
0 47 0
27.7685005515348 134 1851
0 47 0
36.8192899142139 136 1938
24.4430271782665 93 1035
26.4007677429179 126 1521
0 47 0
0 47 0
77.9666290263087 234 3490
15.9551048637701 92 990
0 47 0
0 47 0
0 47 0
0 47 0
0 47 0
54.9455189104969 173 2620
0 47 0
0 47 0
0 47 0
0 47 0
0 47 0
3.60743741646847 84 666
24.4430271782665 93 1035
1.63904321285338 78 297
24.4430271782665 93 1035
0 47 0
0 47 0
0 47 0
0 47 0
0 47 0
0 47 0
9.16449965158311 90 903
0 47 0
24.4430271782665 93 1035
0 47 0
15.9551048637701 92 990
11.7110338904779 91 946
1.18791705170871 72 300
35.6350410985605 161 2166
0 47 0
0 47 0
1.52124289883261 75 378
0 47 0
1.65562595939364 76 406
0 47 0
0 47 0
24.4430271782665 93 1035
7.46673040124285 89 861
0 47 0
2.89462653123467 82 595
0 47 0
0 47 0
0 47 0
29.1352573830325 129 1377
0 47 0
0 47 0
0 47 0
0 47 0
0 47 0
0 47 0
0 47 0
0 47 0
0 47 0
0.560296896380293 63 120
0 47 0
0.667700549687201 65 153
0 47 0
15.9551048637701 92 990
0 47 0
0 47 0
0 47 0
3.2213593239299 83 630
41.4437648320981 174 2634
0 47 0
0 47 0
48.5526061675976 175 2677
6.25396662329936 88 820
0 47 0
0 47 0
15.9551048637701 92 990
0 47 0
0 47 0
0 47 0
0 47 0
17.4526522343476 159 1817
0 47 0
0 47 0
15.9551048637701 92 990
0.858009116146056 68 210
0 47 0
0.140548646004322 52 10
1.8048852221667 77 435
0 47 0
0 47 0
0 47 0
0 47 0
0 47 0
0 47 0
0.30376422295814 57 45
0 47 0
0 47 0
0 47 0
0 47 0
0 47 0
0 47 0
0 47 0
0 47 0
0 47 0
7.46673040124285 89 861
4.63677104954248 86 741
0 47 0
0 47 0
4.07066771765696 85 703
0 47 0
0 47 0
0.140548646004322 52 10
76.503089165374 241 2931
10.0177589922634 81 190
0 47 0
0 47 0
0 47 0
0 47 0
0 47 0
2.89462653123467 82 595
0.667700549687201 65 153
15.9551048637701 92 990
0 47 0
0 47 0
28.4946861490765 127 1596
0 47 0
32.7678886656398 134 1855
9.16449965158311 90 903
24.4430271782665 93 1035
0 47 0
0 47 0
0 47 0
0 47 0
0 47 0
0 47 0
0 47 0
0 47 0
2.62581801509086 56 16
0 47 0
0 47 0
0 47 0
0 47 0
2.89462653123467 82 595
15.9551048637701 92 990
3.60743741646847 84 666
4.07066771765696 85 703
0 47 0
0.726832909877 66 171
0 47 0
0 47 0
36.8192899142139 136 1938
0 47 0
0 47 0
0 47 0
19.7709075713834 121 920
0 47 0
0 47 0
11.7110338904779 91 946
4.19053881062701 98 735
0 47 0
0 47 0
0 47 0
0 47 0
0 47 0
0 47 0
36.6014614597474 156 1928
5.34432837180898 87 780
0 47 0
0.858009116146056 68 210
0 47 0
0.790113213115926 67 190
9.16449965158311 90 903
0 47 0
0 47 0
0 47 0
0 47 0
39.8146713681979 189 2512
0 47 0
0 47 0
18.3702404610345 119 1341
0 47 0
0 47 0
0 47 0
0 47 0
36.8192899142139 136 1938
0 47 0
0 47 0
0 47 0
13.093786481727 109 931
0 47 0
0 47 0
0 47 0
0 47 0
4.63677104954248 86 741
0 47 0
0 47 0
0 47 0
0 47 0
49.1410369482764 138 2025
0 47 0
0 47 0
1.97164942222097 78 465
0 47 0
24.4430271782665 93 1035
0 47 0
0 47 0
0 47 0
0 47 0
0 47 0
0 47 0
24.4430271782665 93 1035
0 47 0
0 47 0
0 47 0
0 47 0
0 47 0
15.9551048637701 92 990
0 47 0
0 47 0
0 47 0
24.4430271782665 93 1035
1.8048852221667 77 435
0.234298771640023 55 28
0 47 0
0 47 0
0 47 0
24.4430271782665 93 1035
0 47 0
0 47 0
3.2213593239299 83 630
0 47 0
5.34432837180898 87 780
0 47 0
24.4430271782665 93 1035
0 47 0
2.37171084358296 80 528
0 47 0
0 47 0
0 47 0
0 47 0
0 47 0
0 47 0
0 47 0
23.458697558283 134 1225
0 47 0
0 47 0
0 47 0
24.4430271782665 93 1035
0 47 0
0 47 0
0 47 0
0 47 0
0 47 0
0 47 0
26.7331193820706 115 1266
39.3585245265423 152 2058
9.16449965158311 90 903
0 47 0
0 47 0
11.1432987237002 122 1381
45.7933367526212 179 2243
2.37171084358296 80 528
0 47 0
0 47 0
0 47 0
0 47 0
15.9551048637701 92 990
0 47 0
24.4430271782665 93 1035
41.2840558313161 161 1642
0 47 0
0 47 0
0 47 0
0.380252510635497 59 66
0 47 0
0 47 0
0 47 0
0 47 0
22.1635382546906 118 1225
0 47 0
0 47 0
15.9551048637701 92 990
0 47 0
24.4430271782665 93 1035
0 47 0
0 47 0
24.4430271782665 93 1035
0 47 0
0 47 0
9.16449965158311 90 903
0 47 0
27.2915076539092 145 1384
0 47 0
0 47 0
0 47 0
15.9330469277732 127 1564
0 47 0
0 47 0
0 47 0
0 47 0
6.25396662329936 88 820
0 47 0
0 47 0
0 47 0
0 47 0
0 47 0
0 47 0
0 47 0
0 47 0
0 47 0
1.28897881443073 73 325
0 47 0
0 47 0
0 47 0
0 47 0
0 47 0
1.65562595939364 76 406
0 47 0
0 47 0
0 47 0
0 47 0
0 47 0
0.465191260027072 61 91
27.4915600389076 122 1441
0 47 0
0 47 0
0 47 0
0 47 0
0 47 0
0 47 0
0 47 0
0 47 0
35.0047348719197 134 1849
0 47 0
20.8187312108978 129 1090
0 47 0
16.9480238667779 104 784
0 47 0
0 47 0
0 47 0
0 47 0
0 47 0
0 47 0
0 47 0
0 47 0
0 47 0
0 47 0
0 47 0
0 47 0
7.46673040124285 89 861
0 47 0
0 47 0
0 47 0
9.19832132999763 118 1237
0 47 0
11.7110338904779 91 946
0 47 0
24.4430271782665 93 1035
39.8872612062372 136 1936
0 47 0
11.7110338904779 91 946
4.63677104954248 86 741
24.4430271782665 93 1035
0 47 0
0 47 0
0 47 0
11.7110338904779 91 946
0 47 0
0 47 0
0 47 0
0 47 0
24.4430271782665 93 1035
0 47 0
24.4430271782665 93 1035
0 47 0
3.60743741646847 84 666
0 47 0
0.421566413788099 60 78
0 47 0
0 47 0
0 47 0
24.4430271782665 93 1035
24.4430271782665 93 1035
0 47 0
0 47 0
0 47 0
0 47 0
0 47 0
0 47 0
52.9813943073823 182 2296
25.3626726530462 133 1810
0 47 0
1.18791705170871 72 300
6.39943490286469 109 994
0 47 0
0 47 0
0 47 0
0 47 0
0 47 0
0 47 0
23.7657875473978 132 1770
24.4430271782665 93 1035
15.9551048637701 92 990
24.4430271782665 93 1035
0 47 0
0 47 0
0 47 0
0 47 0
8.05658370072099 98 627
0 47 0
35.0047348719197 134 1849
8.46491383415289 112 1030
29.5806071848966 130 1701
2.15920415012876 79 496
0 47 0
24.4430271782665 93 1035
4.63677104954248 86 741
0 47 0
15.6344478643676 142 1489
50.8806930567737 168 2404
0 47 0
0 47 0
0 47 0
0 47 0
0 47 0
0 47 0
15.9551048637701 92 990
11.7110338904779 91 946
0 47 0
0.726832909877 66 171
0.268234619788063 56 36
0 47 0
0 47 0
0 47 0
0 47 0
24.4430271782665 93 1035
0 47 0
0 47 0
3.60743741646847 84 666
4.80788298980169 104 826
6.53947822228718 97 604
24.4430271782665 93 1035
0 47 0
0 47 0
0 47 0
9.16449965158311 90 903
0 47 0
0 47 0
0 47 0
0 47 0
0 47 0
3.60743741646847 84 666
9.16449965158311 90 903
0.858009116146056 68 210
0 47 0
0 47 0
1.8048852221667 77 435
0 47 0
0 47 0
1.28897881443073 73 325
0 47 0
11.8711367034921 122 1375
0 47 0
0.268234619788063 56 36
4.99170352458335 64 64
0 47 0
0 47 0
24.4430271782665 93 1035
0 47 0
0 47 0
25.2562897363882 162 1667
0 47 0
24.4430271782665 93 1035
24.4430271782665 93 1035
0 47 0
0 47 0
0 47 0
0 47 0
12.0398707898441 105 813
0 47 0
0 47 0
0 47 0
0 47 0
24.4430271782665 93 1035
0 47 0
0 47 0
0 47 0
0 47 0
0 47 0
59.3823066911651 201 2350
0 47 0
0 47 0
0 47 0
0 47 0
6.25396662329936 88 820
0 47 0
15.9551048637701 92 990
0 47 0
0 47 0
0.140548646004322 52 10
0 47 0
24.4430271782665 93 1035
0 47 0
0 47 0
0 47 0
0 47 0
15.9551048637701 92 990
0 47 0
5.34432837180898 87 780
0 47 0
0 47 0
2.43766385015898 87 461
0 47 0
0 47 0
41.3545108139061 152 1786
20.1705470273012 127 1585
40.9086138252408 137 1981
11.7110338904779 91 946
0 47 0
0 47 0
49.1410369482764 138 2025
35.0047348719197 134 1849
0 47 0
0 47 0
0 47 0
24.4430271782665 93 1035
0.511351423581794 62 105
9.16449965158311 90 903
0 47 0
0 47 0
0 47 0
0 47 0
24.4430271782665 93 1035
0 47 0
0 47 0
0 47 0
31.8705566280064 132 1764
4.64561765010061 100 786
24.4430271782665 93 1035
0.931059350955871 69 231
0 47 0
11.7110338904779 91 946
0 47 0
11.7110338904779 91 946
0 47 0
0 47 0
40.9086138252408 137 1981
0 47 0
0 47 0
0 47 0
2.37171084358296 80 528
0 47 0
0 47 0
0 47 0
0 47 0
10.6148345957872 110 963
4.19053881062701 98 735
0 47 0
0 47 0
0 47 0
2.61451962667811 81 561
0 47 0
24.4430271782665 93 1035
0 47 0
0 47 0
0 47 0
0 47 0
0 47 0
5.57301179338478 66 81
40.9086138252408 137 1981
27.1122487846848 119 1360
0 47 0
0 47 0
0 47 0
0 47 0
0 47 0
0 47 0
0 47 0
0 47 0
11.7110338904779 91 946
0 47 0
0.341046740089021 58 55
5.34432837180898 87 780
0.726832909877 66 171
28.2372015083142 126 1563
20.4066856952719 127 1561
0 47 0
0.268234619788063 56 36
0 47 0
0 47 0
0 47 0
0 47 0
36.8192899142139 136 1938
0 47 0
0 47 0
0 47 0
6.02241849108361 106 931
0 47 0
0 47 0
0 47 0
0 47 0
0 47 0
0 47 0
24.4430271782665 93 1035
0 47 0
0 47 0
0 47 0
0 47 0
5.93130408310477 86 363
24.4430271782665 93 1035
0 47 0
46.2892853971771 171 2503
0 47 0
0 47 0
0 47 0
0 47 0
0 47 0
0 47 0
15.9551048637701 92 990
1.71992277622445 79 340
0 47 0
0 47 0
0 47 0
0 47 0
0 47 0
24.4430271782665 93 1035
0 47 0
0 47 0
0 47 0
0 47 0
0 47 0
9.24789749565744 127 1231
0 47 0
9.2637684222218 110 823
0 47 0
0 47 0
0 47 0
0 47 0
6.87351659985274 99 654
0 47 0
24.4430271782665 93 1035
0 47 0
19.1251855868397 125 1483
11.7110338904779 91 946
0 47 0
0 47 0
0 47 0
0 47 0
24.4430271782665 93 1035
24.4430271782665 93 1035
14.4007837062929 83 199
0 47 0
0 47 0
0 47 0
0 47 0
0 47 0
11.7110338904779 91 946
0 47 0
0 47 0
0 47 0
0 47 0
0 47 0
0 47 0
0 47 0
1.00988808376804 70 253
0.511351423581794 62 105
52.2127013509282 153 2130
0 47 0
0 47 0
24.4430271782665 93 1035
0 47 0
0 47 0
0 47 0
0 47 0
0 47 0
24.4430271782665 93 1035
24.4430271782665 93 1035
0 47 0
0 47 0
0 47 0
0 47 0
0 47 0
0 47 0
0 47 0
4.07066771765696 85 703
0 47 0
0 47 0
0 47 0
0 47 0
0.511351423581794 62 105
0 47 0
0 47 0
0 47 0
31.2494715270504 124 1262
0 47 0
0.0554661894333055 49 1
0 47 0
19.7468806087629 112 1024
0 47 0
15.9551048637701 92 990
24.4430271782665 93 1035
0 47 0
0 47 0
26.4346795661206 111 1188
0 47 0
0 47 0
0 47 0
5.34432837180898 87 780
0 47 0
0 47 0
15.9551048637701 92 990
0 47 0
9.16449965158311 90 903
31.6221217588458 133 1815
11.7110338904779 91 946
0 47 0
0 47 0
11.7110338904779 91 946
0 47 0
0 47 0
0 47 0
7.46673040124285 89 861
0 47 0
0 47 0
0 47 0
0 47 0
1.09522283515724 71 276
30.8878282013671 158 1498
15.9551048637701 92 990
0 47 0
0 47 0
0 47 0
9.16449965158311 90 903
0 47 0
0 47 0
0 47 0
0 47 0
6.26543751654353 110 1003
31.3147853787342 110 1099
0 47 0
11.7110338904779 91 946
0 47 0
0 47 0
51.3881034416855 209 2786
5.34432837180898 87 780
0 47 0
0 47 0
0 47 0
0 47 0
24.4430271782665 93 1035
0 47 0
0 47 0
0 47 0
24.4430271782665 93 1035
0 47 0
0 47 0
24.4430271782665 93 1035
2.89462653123467 82 595
11.1240009458185 112 1026
0 47 0
0 47 0
0 47 0
0 47 0
4.07066771765696 85 703
0 47 0
0 47 0
0 47 0
0 47 0
0 47 0
0 47 0
13.1741310759777 92 484
0 47 0
18.9174953104228 145 1657
4.07066771765696 85 703
0 47 0
0 47 0
0 47 0
0 47 0
15.9551048637701 92 990
0 47 0
0 47 0
24.4430271782665 93 1035
0 47 0
15.9551048637701 92 990
0 47 0
0 47 0
0 47 0
11.7110338904779 91 946
0 47 0
0 47 0
45.614391958445 169 2477
4.63677104954248 86 741
0.201805093566533 54 21
0 47 0
0 47 0
0 47 0
0 47 0
0 47 0
11.7110338904779 91 946
0 47 0
0 47 0
1.3996077336293 74 351
11.382991446801 86 361
24.4430271782665 93 1035
39.8872612062372 136 1936
0 47 0
0 47 0
49.1410369482764 138 2025
2.89462653123467 82 595
0 47 0
4.07066771765696 85 703
11.7110338904779 91 946
24.4430271782665 93 1035
0 47 0
0 47 0
2.37171084358296 80 528
24.4430271782665 93 1035
2.89462653123467 82 595
0 47 0
0 47 0
24.4430271782665 93 1035
0 47 0
0 47 0
15.9551048637701 92 990
0 47 0
57.273742854635 199 2837
0 47 0
40.9086138252408 137 1981
0 47 0
0.234298771640023 55 28
0 47 0
24.4430271782665 93 1035
15.9551048637701 92 990
0 47 0
0 47 0
0 47 0
24.4430271782665 93 1035
0 47 0
0 47 0
2.15920415012876 79 496
0 47 0
0 47 0
0 47 0
0 47 0
3.01340861865836 91 498
0 47 0
11.7110338904779 91 946
0 47 0
0 47 0
1.65562595939364 76 406
32.2451463629718 145 1694
7.46673040124285 89 861
0 47 0
0 47 0
0 47 0
16.3046373886847 119 1261
49.1410369482764 138 2025
0 47 0
11.7110338904779 91 946
0 47 0
0 47 0
27.7413990112375 117 1248
0 47 0
5.55467084510236 105 828
0 47 0
0 47 0
0 47 0
0 47 0
0 47 0
0 47 0
0 47 0
0 47 0
22.6298788720199 131 1731
0 47 0
0 47 0
0 47 0
0 47 0
0 47 0
0 47 0
0 47 0
0 47 0
0 47 0
52.0066020651605 170 2461
0 47 0
9.16449965158311 90 903
9.16449965158311 90 903
0 47 0
24.4430271782665 93 1035
0 47 0
0 47 0
47.5550823137799 173 2590
0 47 0
0 47 0
0 47 0
0 47 0
29.6104183610524 130 1681
29.6104183610524 130 1681
0.465191260027072 61 91
35.0047348719197 134 1849
0 47 0
29.1517308067862 129 1665
7.54451862312448 113 1105
0 47 0
0 47 0
17.6177987221514 106 841
0 47 0
0 47 0
0 47 0
0.931059350955871 69 231
0 47 0
0 47 0
3.2213593239299 83 630
0 47 0
0 47 0
0 47 0
0 47 0
11.7110338904779 91 946
0 47 0
0 47 0
30.106877804882 131 1738
9.16449965158311 90 903
0 47 0
15.9551048637701 92 990
24.4430271782665 93 1035
0 47 0
0 47 0
1.65562595939364 76 406
1.09522283515724 71 276
0 47 0
0 47 0
0 47 0
0 47 0
11.7110338904779 91 946
0 47 0
0 47 0
13.6610339612732 120 1298
4.63677104954248 86 741
0 47 0
36.8192899142139 136 1938
0 47 0
0 47 0
17.4256999552019 132 1352
0.560296896380293 63 120
0 47 0
0 47 0
0 47 0
0 47 0
24.4430271782665 93 1035
0 47 0
0 47 0
12.2328837149724 121 1368
0 47 0
15.9551048637701 92 990
0 47 0
11.7110338904779 91 946
57.951308818884 196 2832
24.4430271782665 93 1035
2.15920415012876 79 496
31.8559431688068 147 1753
4.63677104954248 86 741
0 47 0
2.15920415012876 79 496
0 47 0
6.25396662329936 88 820
0 47 0
0 47 0
0 47 0
24.4430271782665 93 1035
0 47 0
0 47 0
0 47 0
0 47 0
0.465191260027072 61 91
0 47 0
0 47 0
0 47 0
17.1101598883518 103 1045
0 47 0
0 47 0
24.0642314200851 122 1369
2.61451962667811 81 561
0 47 0
0 47 0
1.97164942222097 78 465
11.0575714207306 101 703
101.942900135038 261 4498
80.9311872789182 220 3659
0 47 0
0 47 0
0 47 0
0 47 0
0 47 0
0 47 0
0 47 0
0 47 0
1.09522283515724 71 276
7.46673040124285 89 861
28.0140827836003 125 1531
0 47 0
0 47 0
0 47 0
0 47 0
0 47 0
16.3466998777996 121 906
0 47 0
0 47 0
9.16449965158311 90 903
0 47 0
0 47 0
0 47 0
0 47 0
11.7110338904779 91 946
27.6457950491201 123 1470
0 47 0
0.87866023500403 66 123
15.9551048637701 92 990
11.7110338904779 91 946
0 47 0
0 47 0
0 47 0
0 47 0
0 47 0
0 47 0
0 47 0
0 47 0
0 47 0
0 47 0
0 47 0
6.25396662329936 88 820
16.6925992395887 126 1523
0 47 0
0 47 0
0 47 0
0 47 0
0 47 0
56.8230813617496 208 3226
0 47 0
11.7110338904779 91 946
0 47 0
24.4430271782665 93 1035
0 47 0
0 47 0
0 47 0
0 47 0
0 47 0
0 47 0
9.16449965158311 90 903
3.60743741646847 84 666
11.7110338904779 91 946
0 47 0
80.9311872789182 220 3659
15.9551048637701 92 990
0 47 0
0 47 0
4.63677104954248 86 741
0 47 0
0 47 0
24.4430271782665 93 1035
0.726832909877 66 171
0 47 0
28.3082050886342 123 1366
49.1410369482764 138 2025
0 47 0
0 47 0
0 47 0
0 47 0
61.5570653917264 221 2922
0 47 0
0 47 0
0 47 0
0.201805093566533 54 21
0 47 0
0 47 0
0 47 0
0 47 0
0 47 0
7.5911795304214 65 46
0.234298771640023 55 28
0 47 0
0 47 0
0 47 0
4.87253595183921 104 840
55.8277742855374 175 2691
24.4430271782665 93 1035
0 47 0
0.170605290011562 53 15
7.46673040124285 89 861
17.1254353224984 121 1333
6.25396662329936 88 820
0 47 0
47.7101960102536 174 2647
0 47 0
16.5745112799632 127 1576
0 47 0
0 47 0
15.9551048637701 92 990
2.89462653123467 82 595
0 47 0
0 47 0
11.7110338904779 91 946
0 47 0
0 47 0
0 47 0
0.511351423581794 62 105
6.25396662329936 88 820
15.9551048637701 92 990
0 47 0
0 47 0
0 47 0
0 47 0
0 47 0
24.4430271782665 93 1035
15.9551048637701 92 990
26.5768428521842 113 1225
11.7110338904779 91 946
0 47 0
0 47 0
0 47 0
2.15920415012876 79 496
0 47 0
0 47 0
0 47 0
0 47 0
0 47 0
24.4430271782665 93 1035
0 47 0
0 47 0
24.4430271782665 93 1035
0 47 0
0 47 0
4.63677104954248 86 741
64.0733498434748 179 2839
1.00988808376804 70 253
0 47 0
0 47 0
11.7110338904779 91 946
35.0047348719197 134 1849
0 47 0
0.234298771640023 55 28
0 47 0
0 47 0
0.0831926306806373 50 3
0 47 0
2.04176394601351 65 76
0 47 0
0.0831926306806373 50 3
15.9551048637701 92 990
0 47 0
0.0831926306806373 50 3
0 47 0
25.7960951019165 121 1186
0 47 0
0 47 0
0.201805093566533 54 21
9.16449965158311 90 903
0 47 0
24.4430271782665 93 1035
0 47 0
0 47 0
0 47 0
0 47 0
0 47 0
0 47 0
15.9551048637701 92 990
2.62581801509086 56 16
0 47 0
0 47 0
0 47 0
24.4430271782665 93 1035
0 47 0
0 47 0
0 47 0
0 47 0
0 47 0
0 47 0
0 47 0
2.37171084358296 80 528
0 47 0
0 47 0
0 47 0
0 47 0
0 47 0
0 47 0
0 47 0
10.3776819549034 107 1039
11.382991446801 86 361
0 47 0
24.4430271782665 93 1035
0 47 0
0 47 0
24.4430271782665 93 1035
0 47 0
0 47 0
0.931059350955871 69 231
0 47 0
0 47 0
24.4430271782665 93 1035
0 47 0
0 47 0
0 47 0
0 47 0
0 47 0
0 47 0
0 47 0
24.4430271782665 93 1035
0 47 0
0 47 0
0 47 0
0 47 0
0 47 0
24.4430271782665 93 1035
9.67620666074074 95 553
4.07066771765696 85 703
2.61451962667811 81 561
0 47 0
4.7550276425408 96 758
0 47 0
0 47 0
1.3996077336293 74 351
0 47 0
0 47 0
0 47 0
0 47 0
0 47 0
11.7110338904779 91 946
34.602248966804 169 2436
0 47 0
0.30376422295814 57 45
9.59559593363823 93 906
24.4430271782665 93 1035
0 47 0
0 47 0
0 47 0
0 47 0
0.667700549687201 65 153
11.7110338904779 91 946
0 47 0
0 47 0
0 47 0
0 47 0
0 47 0
0 47 0
24.4430271782665 93 1035
0 47 0
6.25396662329936 88 820
6.25396662329936 88 820
0 47 0
0 47 0
49.1410369482764 138 2025
6.25396662329936 88 820
0 47 0
6.80819848957162 105 718
0 47 0
0 47 0
0 47 0
0 47 0
0 47 0
0 47 0
0 47 0
27.1122487846848 119 1360
0 47 0
2.15920415012876 79 496
2.41531382163018 64 66
0 47 0
4.63677104954248 86 741
0 47 0
0 47 0
0 47 0
7.58268043325421 103 760
0.0554661894333055 49 1
24.4430271782665 93 1035
0 47 0
0.421566413788099 60 78
4.63677104954248 86 741
0.61230794248401 64 136
27.0694734995072 133 1807
24.4430271782665 93 1035
0 47 0
0 47 0
0 47 0
0 47 0
0 47 0
3.2213593239299 83 630
0 47 0
0 47 0
28.4946861490765 127 1596
11.382991446801 86 361
0 47 0
0 47 0
23.1150912919364 132 1766
0 47 0
0.201805093566533 54 21
25.6125019271708 158 2062
7.46673040124285 89 861
15.9551048637701 92 990
0 47 0
24.4430271782665 93 1035
0 47 0
0 47 0
0 47 0
24.4430271782665 93 1035
57.0451112175009 177 2050
0 47 0
24.4430271782665 93 1035
24.4430271782665 93 1035
24.4430271782665 93 1035
0 47 0
0 47 0
1.09522283515724 71 276
0 47 0
0 47 0
0 47 0
44.0271114341236 167 2368
0 47 0
1.28897881443073 73 325
0 47 0
0 47 0
9.16449965158311 90 903
0 47 0
11.7110338904779 91 946
0 47 0
29.6104183610524 130 1681
0 47 0
0 47 0
0 47 0
6.25396662329936 88 820
0 47 0
15.9551048637701 92 990
0 47 0
0 47 0
11.7110338904779 91 946
0 47 0
0 47 0
0 47 0
0 47 0
0 47 0
0 47 0
0 47 0
0 47 0
0 47 0
0 47 0
0 47 0
0 47 0
4.07066771765696 85 703
24.4430271782665 93 1035
24.4430271782665 93 1035
24.4430271782665 93 1035
0 47 0
5.90324217997693 93 510
0 47 0
0 47 0
0 47 0
0 47 0
0.931059350955871 69 231
0 47 0
24.4430271782665 93 1035
0 47 0
0 47 0
0 47 0
2.89462653123467 82 595
0 47 0
0 47 0
30.7678125864769 132 1776
15.9551048637701 92 990
0 47 0
9.16449965158311 90 903
13.1741310759777 92 484
0 47 0
5.34432837180898 87 780
5.34432837180898 87 780
0 47 0
0 47 0
0 47 0
0 47 0
0 47 0
0 47 0
0 47 0
24.4430271782665 93 1035
0 47 0
0 47 0
0 47 0
0 47 0
0 47 0
38.9121709988923 170 2464
0 47 0
0 47 0
0 47 0
0 47 0
0.931059350955871 69 231
0 47 0
24.4430271782665 93 1035
7.46673040124285 89 861
0 47 0
0 47 0
9.16449965158311 90 903
0 47 0
0 47 0
0 47 0
0 47 0
2.89462653123467 82 595
0 47 0
0 47 0
0 47 0
2.61451962667811 81 561
0 47 0
4.63677104954248 86 741
0 47 0
0 47 0
0 47 0
0 47 0
2.30259969100315 67 94
0 47 0
24.4430271782665 93 1035
24.4430271782665 93 1035
0 47 0
18.2053635093767 128 1602
0 47 0
0 47 0
0.931059350955871 69 231
0 47 0
1.8048852221667 77 435
0 47 0
0 47 0
0 47 0
24.4430271782665 93 1035
0 47 0
0 47 0
0 47 0
0 47 0
3.22643961509574 58 25
0 47 0
0 47 0
2.15920415012876 79 496
0 47 0
0 47 0
45.614391958445 169 2477
1.52124289883261 75 378
33.8029443584379 148 1652
0 47 0
26.3002376501773 143 1549
0 47 0
0 47 0
13.988570413442 118 1297
0 47 0
6.25396662329936 88 820
0 47 0
0 47 0
0 47 0
0 47 0
0 47 0
0 47 0
1.52124289883261 75 378
2.15920415012876 79 496
11.7110338904779 91 946
65.0947024624784 180 2884
0 47 0
0 47 0
7.46673040124285 89 861
3.2213593239299 83 630
0 47 0
3.11880723165183 84 336
0 47 0
0 47 0
0 47 0
0 47 0
0 47 0
42.9306897026429 183 2355
0.0554661894333055 49 1
74.0933704137657 182 2971
24.4430271782665 93 1035
0 47 0
5.51655333883159 100 832
0 47 0
0 47 0
0 47 0
0 47 0
0 47 0
0 47 0
8.05155369934855 96 882
0.268234619788063 56 36
0 47 0
6.73075841656983 70 121
0 47 0
0 47 0
0 47 0
0 47 0
24.4430271782665 93 1035
11.7110338904779 91 946
0 47 0
0 47 0
24.4430271782665 93 1035
0 47 0
0 47 0
0 47 0
0 47 0
0 47 0
0 47 0
0 47 0
0 47 0
0 47 0
12.267290254711 116 1158
20.5987486419053 128 1620
0 47 0
0.61230794248401 64 136
0 47 0
0 47 0
9.16449965158311 90 903
24.4430271782665 93 1035
0 47 0
0 47 0
0 47 0
24.4430271782665 93 1035
6.25396662329936 88 820
0 47 0
0 47 0
0 47 0
0 47 0
24.4430271782665 93 1035
0 47 0
0 47 0
0 47 0
11.7110338904779 91 946
0 47 0
15.9551048637701 92 990
3.81970784376518 60 36
0 47 0
0 47 0
0 47 0
0 47 0
4.63677104954248 86 741
0 47 0
0 47 0
0 47 0
0 47 0
7.46673040124285 89 861
0 47 0
0 47 0
9.16449965158311 90 903
0 47 0
0 47 0
2.61451962667811 81 561
15.9551048637701 92 990
0 47 0
13.6567939631445 111 993
0 47 0
0.858009116146056 68 210
0 47 0
2.15920415012876 79 496
24.4430271782665 93 1035
0.341046740089021 58 55
6.14145819453736 100 682
0 47 0
0 47 0
0 47 0
0 47 0
0 47 0
0 47 0
15.9551048637701 92 990
3.2213593239299 83 630
9.16449965158311 90 903
11.7110338904779 91 946
24.4430271782665 93 1035
5.4419642267175 107 906
21.6189688889531 113 526
0 47 0
0 47 0
0 47 0
0 47 0
0 47 0
0 47 0
0 47 0
27.8186479420727 124 1500
4.07066771765696 85 703
0 47 0
0 47 0
0 47 0
0 47 0
0 47 0
0 47 0
0 47 0
15.9551048637701 92 990
50.7292900126719 140 2026
5.34432837180898 87 780
21.3135388857795 116 1156
4.63677104954248 86 741
0 47 0
0 47 0
0 47 0
8.01985466949993 99 459
24.4430271782665 93 1035
0 47 0
0 47 0
0 47 0
0 47 0
9.16449965158311 90 903
15.7646735402879 135 1281
3.2213593239299 83 630
0 47 0
10.2085394728667 82 289
0 47 0
24.4430271782665 93 1035
9.16449965158311 90 903
0 47 0
0 47 0
7.46673040124285 89 861
0.726832909877 66 171
24.4430271782665 93 1035
15.9551048637701 92 990
0 47 0
6.25396662329936 88 820
0 47 0
24.4430271782665 93 1035
24.4430271782665 93 1035
0 47 0
0 47 0
0 47 0
0 47 0
1.8048852221667 77 435
0 47 0
0 47 0
0 47 0
0 47 0
15.9551048637701 92 990
0 47 0
0 47 0
85.575420594779 222 3751
0 47 0
0 47 0
0 47 0
5.34432837180898 87 780
0 47 0
24.4430271782665 93 1035
24.4430271782665 93 1035
0 47 0
0 47 0
2.15920415012876 79 496
0 47 0
1.3996077336293 74 351
0 47 0
0 47 0
0 47 0
0 47 0
0 47 0
0 47 0
0 47 0
7.46673040124285 89 861
26.6528994934768 114 1245
0 47 0
0.726832909877 66 171
0 47 0
0 47 0
15.9551048637701 92 990
15.9551048637701 92 990
0 47 0
0 47 0
15.9551048637701 92 990
0 47 0
0 47 0
0 47 0
0 47 0
0 47 0
0 47 0
0 47 0
0 47 0
0 47 0
0 47 0
0 47 0
32.7678886656398 134 1855
0 47 0
7.46673040124285 89 861
0 47 0
0 47 0
0 47 0
0 47 0
0 47 0
40.9086138252408 137 1981
0 47 0
0 47 0
0 47 0
0 47 0
0.380252510635497 59 66
15.9551048637701 92 990
0 47 0
0 47 0
0.201805093566533 54 21
0 47 0
0 47 0
0 47 0
0 47 0
0 47 0
40.9086138252408 137 1981
0 47 0
0 47 0
0 47 0
0 47 0
7.46673040124285 89 861
0 47 0
0 47 0
9.16449965158311 90 903
0 47 0
0 47 0
0 47 0
0 47 0
0 47 0
0 47 0
39.6940676340249 166 2345
0 47 0
0 47 0
0 47 0
0 47 0
0 47 0
6.25396662329936 88 820
0 47 0
0 47 0
0 47 0
1.28897881443073 73 325
2.61451962667811 81 561
49.1410369482764 138 2025
0 47 0
1.8048852221667 77 435
32.7678886656398 134 1855
24.4430271782665 93 1035
27.7685005515348 134 1851
3.2213593239299 83 630
0 47 0
11.7110338904779 91 946
24.4430271782665 93 1035
1.52124289883261 75 378
24.4430271782665 93 1035
24.4430271782665 93 1035
13.2462423378264 111 1136
0 47 0
0 47 0
0 47 0
7.46673040124285 89 861
0 47 0
0 47 0
24.4430271782665 93 1035
0 47 0
0 47 0
15.9551048637701 92 990
0 47 0
0 47 0
0 47 0
0 47 0
0 47 0
0 47 0
15.9551048637701 92 990
0 47 0
0 47 0
0 47 0
0 47 0
0 47 0
1.00988808376804 70 253
0 47 0
0 47 0
0 47 0
32.7867201327008 161 2113
0 47 0
0 47 0
2.15920415012876 79 496
0 47 0
0 47 0
0 47 0
0 47 0
2.61451962667811 81 561
0 47 0
3.22643961509574 58 25
15.9551048637701 92 990
23.7657875473978 132 1770
0 47 0
24.4430271782665 93 1035
0 47 0
0 47 0
0 47 0
0 47 0
0 47 0
0 47 0
0 47 0
0 47 0
0 47 0
15.9551048637701 92 990
0 47 0
49.1410369482764 138 2025
0 47 0
30.106877804882 131 1738
0 47 0
0 47 0
0 47 0
0 47 0
0 47 0
0 47 0
25.7211681262555 100 1056
0 47 0
0 47 0
0 47 0
1.85784893841694 69 119
0 47 0
15.9551048637701 92 990
15.9551048637701 92 990
0 47 0
3.60743741646847 84 666
0 47 0
0 47 0
0 47 0
15.6506230840432 100 676
0 47 0
0 47 0
0 47 0
0 47 0
0 47 0
0 47 0
0 47 0
1.09522283515724 71 276
0 47 0
0 47 0
0 47 0
0.667700549687201 65 153
11.7110338904779 91 946
58.5519227232535 176 2710
0 47 0
2.37171084358296 80 528
3.2213593239299 83 630
1.09522283515724 71 276
0 47 0
0 47 0
0 47 0
0 47 0
11.7110338904779 91 946
0 47 0
4.07066771765696 85 703
0.790113213115926 67 190
31.7962216321532 135 1893
0 47 0
7.46673040124285 89 861
2.89462653123467 82 595
24.4430271782665 93 1035
35.0047348719197 134 1849
0 47 0
0 47 0
0 47 0
9.16449965158311 90 903
0.667700549687201 65 153
10.0884180386437 95 349
2.47520711697111 80 277
0.511351423581794 62 105
15.9551048637701 92 990
7.46673040124285 89 861
0 47 0
0 47 0
24.4430271782665 93 1035
17.2914376723629 146 1623
0 47 0
0 47 0
0 47 0
0 47 0
0 47 0
0 47 0
15.9551048637701 92 990
0 47 0
64.0733498434748 179 2839
40.9086138252408 137 1981
0 47 0
0 47 0
0 47 0
0.111473464580783 51 6
18.6632186325227 121 1396
0 47 0
0 47 0
0 47 0
0 47 0
0 47 0
0 47 0
0 47 0
0 47 0
11.7110338904779 91 946
0 47 0
0 47 0
15.9551048637701 92 990
27.4915600389076 122 1441
0.30376422295814 57 45
8.52526757012158 122 967
30.106877804882 131 1738
0 47 0
3.60743741646847 84 666
15.9551048637701 92 990
0 47 0
0 47 0
0 47 0
7.46673040124285 89 861
0 47 0
0 47 0
0 47 0
0 47 0
16.5231808051434 94 991
11.7110338904779 91 946
24.4430271782665 93 1035
0 47 0
24.4430271782665 93 1035
0 47 0
26.9091162882819 117 1311
0 47 0
24.4430271782665 93 1035
0 47 0
15.9551048637701 92 990
0 47 0
0 47 0
0 47 0
21.781210661128 130 1693
0 47 0
0 47 0
0 47 0
6.25396662329936 88 820
25.9244000936032 103 1080
0 47 0
0 47 0
0.0831926306806373 50 3
0.790113213115926 67 190
0 47 0
35.2515414332676 169 2426
24.0968757364434 131 1723
0 47 0
9.16449965158311 90 903
0 47 0
0 47 0
11.7110338904779 91 946
0 47 0
0 47 0
0 47 0
0 47 0
0 47 0
0 47 0
0 47 0
0 47 0
24.4430271782665 93 1035
11.7110338904779 91 946
0 47 0
0 47 0
0 47 0
24.4430271782665 93 1035
24.4430271782665 93 1035
0 47 0
0 47 0
0 47 0
0 47 0
0 47 0
0 47 0
7.46673040124285 89 861
0 47 0
0 47 0
0 47 0
0 47 0
0 47 0
0 47 0
0 47 0
0 47 0
0 47 0
0 47 0
0 47 0
0 47 0
0 47 0
1.3996077336293 74 351
0 47 0
0 47 0
0 47 0
15.9551048637701 92 990
11.7110338904779 91 946
58.3215426743354 178 2805
1.09522283515724 71 276
0 47 0
0 47 0
0 47 0
4.59132010000029 93 731
0 47 0
27.7685005515348 134 1851
0 47 0
0 47 0
3.17511507891142 90 597
24.4430271782665 93 1035
0 47 0
0 47 0
0 47 0
0 47 0
30.1505355898131 137 1198
0 47 0
15.9551048637701 92 990
8.20290629291682 99 906
0 47 0
0 47 0
0 47 0
26.1248448462597 130 831
0 47 0
0 47 0
0 47 0
0 47 0
0 47 0
0 47 0
22.1635382546906 118 1225
11.7110338904779 91 946
0 47 0
0 47 0
0 47 0
0 47 0
0 47 0
0.380252510635497 59 66
0 47 0
4.06618069393555 91 687
49.1410369482764 138 2025
0 47 0
0 47 0
0 47 0
0 47 0
25.5658821351592 98 1045
0 47 0
0 47 0
0 47 0
6.25396662329936 88 820
0 47 0
0 47 0
24.4430271782665 93 1035
8.00155235300593 110 967
0 47 0
12.2902797607126 95 952
0 47 0
0 47 0
0 47 0
0 47 0
15.9551048637701 92 990
0 47 0
0 47 0
0 47 0
9.16449965158311 90 903
10.0654095216362 120 1308
0 47 0
0 47 0
24.4430271782665 93 1035
24.0968757364434 131 1723
0 47 0
0 47 0
0 47 0
0 47 0
0 47 0
0 47 0
15.9551048637701 92 990
24.4430271782665 93 1035
24.4430271782665 93 1035
0.511351423581794 62 105
0.667700549687201 65 153
0 47 0
0 47 0
0 47 0
60.9758043396328 196 2326
0 47 0
0 47 0
0 47 0
0 47 0
0 47 0
0 47 0
0 47 0
0 47 0
0 47 0
15.9551048637701 92 990
24.4430271782665 93 1035
0 47 0
2.15920415012876 79 496
0 47 0
24.4430271782665 93 1035
0 47 0
0 47 0
15.9551048637701 92 990
11.7110338904779 91 946
0 47 0
0 47 0
0.268234619788063 56 36
0.61230794248401 64 136
0 47 0
51.0879418790901 177 2761
0 47 0
0 47 0
0 47 0
0 47 0
0 47 0
15.9551048637701 92 990
12.8100268789814 133 1244
0 47 0
11.7110338904779 91 946
0.511351423581794 62 105
40.1689115877819 168 2390
0 47 0
0 47 0
3.60743741646847 84 666
24.4430271782665 93 1035
0 47 0
13.6610339612732 120 1298
1.00988808376804 70 253
0 47 0
0 47 0
0 47 0
36.8192899142139 136 1938
0.790113213115926 67 190
0 47 0
0 47 0
24.4430271782665 93 1035
0 47 0
0 47 0
0 47 0
0 47 0
0 47 0
24.4430271782665 93 1035
0 47 0
11.7110338904779 91 946
24.4430271782665 93 1035
4.40193573553009 86 270
24.4430271782665 93 1035
0 47 0
0 47 0
7.46673040124285 89 861
0 47 0
0 47 0
0 47 0
35.0047348719197 134 1849
32.8652408502749 125 1276
0 47 0
0 47 0
0 47 0
6.25396662329936 88 820
0.511351423581794 62 105
9.16449965158311 90 903
0 47 0
0 47 0
55.156697425236 204 3062
0 47 0
0 47 0
0 47 0
11.7110338904779 91 946
0 47 0
15.9551048637701 92 990
0 47 0
24.4430271782665 93 1035
0 47 0
0 47 0
0 47 0
0 47 0
11.7110338904779 91 946
0 47 0
0 47 0
74.0933704137657 182 2971
24.4430271782665 93 1035
0 47 0
24.4430271782665 93 1035
0 47 0
0 47 0
0 47 0
0 47 0
0 47 0
1.65562595939364 76 406
0 47 0
0 47 0
26.1108033241008 153 1826
0 47 0
1.97164942222097 78 465
0 47 0
0 47 0
0 47 0
0 47 0
0 47 0
15.9551048637701 92 990
0 47 0
0 47 0
40.9086138252408 137 1981
0 47 0
0 47 0
24.4430271782665 93 1035
0.790113213115926 67 190
5.34432837180898 87 780
6.25396662329936 88 820
0.268234619788063 56 36
24.4430271782665 93 1035
0 47 0
0 47 0
0 47 0
0 47 0
0 47 0
9.16449965158311 90 903
0 47 0
7.46673040124285 89 861
0 47 0
1.8048852221667 77 435
24.4430271782665 93 1035
0 47 0
0 47 0
0 47 0
0 47 0
0 47 0
3.60743741646847 84 666
0 47 0
0 47 0
0 47 0
11.7110338904779 91 946
11.7110338904779 91 946
1.3996077336293 74 351
11.7110338904779 91 946
53.5099027168367 196 2743
0 47 0
1.43055991882004 73 192
0 47 0
22.0012582173407 129 1641
15.2599943093552 127 1569
0 47 0
3.60743741646847 84 666
2.61451962667811 81 561
5.34432837180898 87 780
0 47 0
0 47 0
0 47 0
7.46673040124285 89 861
24.4430271782665 93 1035
0.858009116146056 68 210
0 47 0
0 47 0
0 47 0
4.07066771765696 85 703
0 47 0
0 47 0
0 47 0
62.6683552249715 201 3058
0 47 0
11.7110338904779 91 946
11.7110338904779 91 946
0 47 0
0 47 0
1.97164942222097 78 465
0 47 0
9.16449965158311 90 903
0 47 0
0 47 0
7.46673040124285 89 861
0 47 0
0 47 0
30.7678125864769 132 1776
0 47 0
40.3551623160124 140 1564
2.43877244075163 87 444
7.46673040124285 89 861
31.7962216321532 135 1893
24.4430271782665 93 1035
15.9551048637701 92 990
0 47 0
0 47 0
0 47 0
1.38911989980745 52 4
65.0947024624784 180 2884
3.60743741646847 84 666
0 47 0
2.15920415012876 79 496
0 47 0
0 47 0
24.4430271782665 93 1035
0 47 0
0 47 0
0 47 0
0 47 0
24.4430271782665 93 1035
0 47 0
0 47 0
0 47 0
0 47 0
0 47 0
25.3626726530462 133 1810
0 47 0
0 47 0
0 47 0
0 47 0
24.4430271782665 93 1035
0 47 0
2.57802295894039 74 235
0 47 0
0 47 0
0 47 0
0 47 0
7.46673040124285 89 861
24.4430271782665 93 1035
0 47 0
0 47 0
2.61451962667811 81 561
11.7110338904779 91 946
35.0047348719197 134 1849
0 47 0
0 47 0
36.8192899142139 136 1938
0 47 0
0 47 0
0 47 0
0 47 0
0 47 0
0 47 0
0 47 0
15.9551048637701 92 990
0.0554661894333055 49 1
0 47 0
0 47 0
0 47 0
0 47 0
0 47 0
0 47 0
0 47 0
0 47 0
0 47 0
0 47 0
29.5806071848966 130 1701
0 47 0
0 47 0
0 47 0
0 47 0
0 47 0
0 47 0
48.2443676706851 192 2698
0 47 0
1.65562595939364 76 406
0.0831926306806373 50 3
8.03796199803103 113 1065
0 47 0
15.9551048637701 92 990
0 47 0
0 47 0
24.4430271782665 93 1035
0 47 0
6.25396662329936 88 820
0 47 0
0 47 0
0 47 0
3.2213593239299 83 630
3.60743741646847 84 666
0 47 0
0 47 0
0 47 0
0 47 0
23.0743156345877 120 1296
0 47 0
0 47 0
0 47 0
3.60743741646847 84 666
0 47 0
0 47 0
0 47 0
2.26471463928736 84 456
11.4106834530667 122 1389
12.5374507418649 124 1456
0 47 0
0 47 0
0 47 0
0 47 0
0 47 0
0 47 0
0 47 0
0.667700549687201 65 153
0 47 0
1.97164942222097 78 465
0 47 0
24.4430271782665 93 1035
6.87351659985274 99 654
0 47 0
24.4430271782665 93 1035
0 47 0
0 47 0
0 47 0
6.25396662329936 88 820
27.8496094427222 128 1600
15.9551048637701 92 990
0 47 0
0 47 0
0 47 0
0 47 0
0 47 0
0 47 0
0 47 0
0 47 0
0 47 0
80.9693957801762 217 3546
24.4430271782665 93 1035
0 47 0
0 47 0
0 47 0
0 47 0
0.341046740089021 58 55
0 47 0
0 47 0
0 47 0
0 47 0
27.0694734995072 133 1807
0 47 0
0 47 0
0 47 0
24.4430271782665 93 1035
0 47 0
0 47 0
0 47 0
0 47 0
0 47 0
9.16449965158311 90 903
4.63677104954248 86 741
0 47 0
0 47 0
0 47 0
24.4430271782665 93 1035
0 47 0
0 47 0
24.4430271782665 93 1035
0.931059350955871 69 231
0 47 0
54.8296198782535 173 2584
34.3820635743129 135 1896
0.421566413788099 60 78
0 47 0
0 47 0
0 47 0
0 47 0
24.4430271782665 93 1035
0 47 0
0 47 0
15.9551048637701 92 990
9.16449965158311 90 903
0 47 0
0 47 0
0 47 0
14.396447620048 96 576
25.3626726530462 133 1810
0 47 0
0 47 0
0 47 0
24.4430271782665 93 1035
0 47 0
1.65562595939364 76 406
0 47 0
0 47 0
0 47 0
1.65562595939364 76 406
15.9551048637701 92 990
3.2213593239299 83 630
0 47 0
0 47 0
0 47 0
1.65562595939364 76 406
0 47 0
20.2205486268232 130 1683
24.4430271782665 93 1035
36.8192899142139 136 1938
1.65562595939364 76 406
9.16449965158311 90 903
0 47 0
0 47 0
7.46673040124285 89 861
0 47 0
24.4430271782665 93 1035
0 47 0
24.4430271782665 93 1035
0 47 0
24.4430271782665 93 1035
15.9551048637701 92 990
0 47 0
0.201805093566533 54 21
0.61230794248401 64 136
0 47 0
49.1410369482764 138 2025
4.07066771765696 85 703
0 47 0
0 47 0
0 47 0
0 47 0
0 47 0
0 47 0
0 47 0
0 47 0
0 47 0
0 47 0
6.25396662329936 88 820
0 47 0
0 47 0
0 47 0
0 47 0
0 47 0
3.72921877767681 97 636
0 47 0
0 47 0
0 47 0
0 47 0
0 47 0
0 47 0
0 47 0
24.4430271782665 93 1035
0 47 0
0 47 0
0 47 0
0 47 0
0 47 0
19.1251855868397 125 1483
26.1130150539969 106 1113
15.9551048637701 92 990
0 47 0
4.07066771765696 85 703
0 47 0
0 47 0
36.9940938860665 198 2809
31.6221217588458 133 1815
0 47 0
0.268234619788063 56 36
0 47 0
3.60743741646847 84 666
0 47 0
12.267290254711 116 1158
0 47 0
0 47 0
0 47 0
0 47 0
0 47 0
0 47 0
7.46673040124285 89 861
0 47 0
41.6769298920507 195 2435
0 47 0
40.9086138252408 137 1981
0 47 0
0 47 0
0 47 0
0 47 0
0 47 0
65.0947024624784 180 2884
0 47 0
0 47 0
0 47 0
9.16449965158311 90 903
17.745956206286 92 316
15.9551048637701 92 990
0 47 0
2.61451962667811 81 561
0 47 0
0 47 0
0 47 0
0 47 0
0 47 0
0 47 0
20.0494704943446 142 1129
0 47 0
0 47 0
0 47 0
34.3820635743129 135 1896
0 47 0
0 47 0
11.7110338904779 91 946
0 47 0
0 47 0
0 47 0
1.18791705170871 72 300
0 47 0
0 47 0
39.8872612062372 136 1936
0 47 0
24.4430271782665 93 1035
0 47 0
0 47 0
0 47 0
0 47 0
0.30376422295814 57 45
25.859207099724 102 1071
0 47 0
39.9778876186012 192 2578
24.4430271782665 93 1035
0 47 0
39.8872612062372 136 1936
0 47 0
0 47 0
25.7144041445299 151 1757
0 47 0
0 47 0
0 47 0
7.46673040124285 89 861
0 47 0
0.667700549687201 65 153
0 47 0
0 47 0
3.60743741646847 84 666
0 47 0
26.2382628456984 108 1140
24.4430271782665 93 1035
0 47 0
0 47 0
9.92646215912042 97 374
4.80661873238104 95 561
6.09895576758374 106 797
0 47 0
0 47 0
0 47 0
0 47 0
24.4430271782665 93 1035
0 47 0
0 47 0
0.0831926306806373 50 3
0 47 0
0 47 0
33.7441129235557 118 1179
0 47 0
15.9551048637701 92 990
0 47 0
20.2205486268232 130 1683
3.60743741646847 84 666
0 47 0
0 47 0
0 47 0
24.4430271782665 93 1035
0 47 0
0 47 0
0 47 0
0 47 0
0 47 0
0 47 0
0 47 0
15.9551048637701 92 990
0.0554661894333055 49 1
0 47 0
0 47 0
0 47 0
7.46673040124285 89 861
6.25396662329936 88 820
0 47 0
0 47 0
0 47 0
0 47 0
0 47 0
7.46673040124285 89 861
0 47 0
17.6177987221514 106 841
40.9086138252408 137 1981
0 47 0
0 47 0
0 47 0
0 47 0
0 47 0
3.81970784376518 60 36
1.28897881443073 73 325
65.0947024624784 180 2884
0 47 0
4.07066771765696 85 703
7.46673040124285 89 861
58.5519227232535 176 2710
0 47 0
24.4430271782665 93 1035
0 47 0
0 47 0
24.4430271782665 93 1035
4.63677104954248 86 741
0 47 0
0 47 0
5.07575832655262 73 157
0 47 0
0 47 0
0 47 0
0 47 0
0 47 0
0 47 0
0 47 0
0 47 0
66.8219449292929 211 3327
0 47 0
0 47 0
2.15920415012876 79 496
0.421566413788099 60 78
0 47 0
11.7110338904779 91 946
0 47 0
0 47 0
24.4430271782665 93 1035
0 47 0
0 47 0
0 47 0
0 47 0
0 47 0
1.52124289883261 75 378
0 47 0
0 47 0
0 47 0
0 47 0
0.511351423581794 62 105
0 47 0
0 47 0
15.9551048637701 92 990
0 47 0
0 47 0
15.9551048637701 92 990
12.8108142129168 126 1353
0 47 0
0 47 0
0 47 0
0 47 0
0 47 0
5.28569211225214 104 604
58.5519227232535 176 2710
0 47 0
0 47 0
1.8048852221667 77 435
0 47 0
0 47 0
7.46673040124285 89 861
0 47 0
6.25396662329936 88 820
34.3820635743129 135 1896
0 47 0
32.7678886656398 134 1855
11.7110338904779 91 946
1.97164942222097 78 465
39.8872612062372 136 1936
1.00988808376804 70 253
2.37171084358296 80 528
1.28897881443073 73 325
0 47 0
11.7110338904779 91 946
9.16449965158311 90 903
40.9086138252408 137 1981
4.63677104954248 86 741
0 47 0
24.4430271782665 93 1035
0 47 0
0 47 0
11.7110338904779 91 946
0 47 0
0 47 0
0 47 0
0 47 0
0 47 0
12.5699530194937 100 982
34.3820635743129 135 1896
0 47 0
10.7942138040855 84 324
0 47 0
0 47 0
0 47 0
0 47 0
29.6104183610524 130 1681
0 47 0
0 47 0
4.63677104954248 86 741
0 47 0
24.4430271782665 93 1035
0 47 0
0 47 0
0 47 0
36.8192899142139 136 1938
6.44280696304951 108 912
0 47 0
15.9551048637701 92 990
0 47 0
0 47 0
15.9551048637701 92 990
0 47 0
0 47 0
0.790113213115926 67 190
6.25396662329936 88 820
0 47 0
1.09522283515724 71 276
0 47 0
0.931059350955871 69 231
0 47 0
7.46673040124285 89 861
0 47 0
0 47 0
0 47 0
11.7110338904779 91 946
26.4007677429179 126 1521
11.7110338904779 91 946
2.61451962667811 81 561
0 47 0
0.790113213115926 67 190
11.7110338904779 91 946
0 47 0
0 47 0
0 47 0
0 47 0
0.465191260027072 61 91
0 47 0
0 47 0
0 47 0
0.790113213115926 67 190
0 47 0
0 47 0
0 47 0
11.4106834530667 122 1389
36.7595175348717 165 2272
0 47 0
36.9095716570521 165 2311
4.16520176654967 81 276
0 47 0
15.2808268136343 124 1474
0 47 0
0 47 0
0 47 0
26.3021414207749 109 1155
24.4430271782665 93 1035
26.8182418229124 116 1288
24.4430271782665 93 1035
0 47 0
0 47 0
0 47 0
0 47 0
0 47 0
0 47 0
0 47 0
24.4430271782665 93 1035
0 47 0
3.00200887175315 69 114
0 47 0
0 47 0
14.0284764413318 116 820
0 47 0
24.4430271782665 93 1035
0.111473464580783 51 6
0 47 0
0 47 0
0 47 0
13.884991432938 88 262
15.9551048637701 92 990
0 47 0
24.4430271782665 93 1035
0 47 0
24.4430271782665 93 1035
24.4430271782665 93 1035
6.25396662329936 88 820
0 47 0
0 47 0
0 47 0
24.4430271782665 93 1035
24.4430271782665 93 1035
