"COLLES.MDM.LN" "SACKIN" "COPHENETIC"
0 17 0
2.95096489651669 30 78
0 17 0
8.96475034208469 33 120
8.96475034208469 33 120
0 17 0
3.95412571023011 31 91
0 17 0
8.96475034208469 33 120
0 17 0
0 17 0
0 17 0
0 17 0
0 17 0
0 17 0
2.95096489651669 30 78
0 17 0
0 17 0
0 17 0
0 17 0
0 17 0
0 17 0
14.030900605411 46 196
0 17 0
14.5320792388572 48 109
8.96475034208469 33 120
27.5519213322787 62 316
0.597118515040466 23 15
0 17 0
0 17 0
0 17 0
9.1136026828702 44 115
13.5185345827148 46 198
0 17 0
0 17 0
0 17 0
5.62486565939974 32 105
0 17 0
0 17 0
7.41946110193405 40 133
0 17 0
1.80267562618483 28 55
6.05702903861047 41 109
0.464891675245066 22 10
0 17 0
8.96475034208469 33 120
2.28151506381298 29 66
0 17 0
0 17 0
18.1503193351652 48 225
8.96475034208469 33 120
0 17 0
0 17 0
0 17 0
0 17 0
0 17 0
23.6711374287023 60 289
2.28151506381298 29 66
7.5355728020355 42 146
16.5396401823964 53 211
0 17 0
0 17 0
5.62486565939974 32 105
2.95096489651669 30 78
2.28151506381298 29 66
0 17 0
11.4454124693939 48 155
0 17 0
0 17 0
0 17 0
0.937195086560091 25 28
0 17 0
0 17 0
1.44288005905117 27 45
1.16235001908161 26 36
0 17 0
0 17 0
0.937195086560091 25 28
0 17 0
3.47938311627329 31 43
0 17 0
0 17 0
8.96475034208469 33 120
0 17 0
8.14203115941055 37 59
0 17 0
0 17 0
5.62486565939974 32 105
0 17 0
8.96475034208469 33 120
3.95412571023011 31 91
27.7350275274614 71 280
11.7039795404206 44 169
0 17 0
0 17 0
0 17 0
3.46072741218966 32 79
0 17 0
0 17 0
0 17 0
10.0926522108009 42 144
0 17 0
27.5519213322787 62 316
2.95096489651669 30 78
2.10741095335728 30 48
0 17 0
0 17 0
0 17 0
5.62486565939974 32 105
3.95412571023011 31 91
8.96475034208469 33 120
8.96475034208469 33 120
0 17 0
5.62486565939974 32 105
8.96475034208469 33 120
8.96475034208469 33 120
8.96475034208469 33 120
0 17 0
0.597118515040466 23 15
2.95096489651669 30 78
0 17 0
0 17 0
0 17 0
0 17 0
5.62486565939974 32 105
2.28151506381298 29 66
0.159465294620753 19 1
0 17 0
0 17 0
4.37390522388352 26 10
0 17 0
5.62486565939974 32 105
8.96475034208469 33 120
0 17 0
5.62486565939974 32 105
0 17 0
2.95096489651669 30 78
2.95096489651669 30 78
0 17 0
0 17 0
0 17 0
18.1503193351652 48 225
8.96475034208469 33 120
8.96475034208469 33 120
0.249577892041912 20 3
0 17 0
8.96475034208469 33 120
0 17 0
5.62486565939974 32 105
6.17533470089509 40 123
0 17 0
0 17 0
0 17 0
0 17 0
8.96475034208469 33 120
0 17 0
0 17 0
2.28151506381298 29 66
3.95412571023011 31 91
3.95412571023011 31 91
0 17 0
0 17 0
1.16235001908161 26 36
11.5575304360914 43 165
10.4499526225379 44 89
0 17 0
0 17 0
8.96475034208469 33 120
0 17 0
8.58284052602524 45 123
8.96475034208469 33 120
0 17 0
0 17 0
8.96475034208469 33 120
0 17 0
6.9526964356802 38 120
18.1503193351652 48 225
0 17 0
0 17 0
8.96475034208469 33 120
0 17 0
8.96475034208469 33 120
5.62486565939974 32 105
8.96475034208469 33 120
38.1586191485991 78 388
0 17 0
1.80267562618483 28 55
1.80267562618483 28 55
0 17 0
1.80267562618483 28 55
0 17 0
7.7395030271876 41 141
0 17 0
0 17 0
5.62486565939974 32 105
0 17 0
0.249577892041912 20 3
5.62486565939974 32 105
14.030900605411 46 196
0 17 0
8.96475034208469 33 120
8.96475034208469 33 120
10.2071232652655 37 126
2.28151506381298 29 66
29.8356480743154 71 348
0 17 0
0 17 0
0 17 0
0 17 0
8.83772704118453 40 121
0 17 0
0 17 0
8.96475034208469 33 120
0 17 0
2.95096489651669 30 78
0 17 0
20.4874609528262 53 235
0.752182621475259 24 21
18.1503193351652 48 225
0 17 0
0 17 0
0 17 0
0 17 0
0 17 0
8.96475034208469 33 120
11.2241942901345 42 156
0 17 0
1.80267562618483 28 55
5.62486565939974 32 105
0 17 0
0 17 0
0 17 0
0 17 0
10.0474904951052 36 123
5.62486565939974 32 105
15.0522532244147 47 211
39.1336017403152 79 380
8.96475034208469 33 120
2.95096489651669 30 78
0 17 0
0 17 0
3.95412571023011 31 91
0 17 0
8.96475034208469 33 120
11.9234514903463 48 146
8.96475034208469 33 120
1.44288005905117 27 45
0 17 0
1.16235001908161 26 36
27.7929428363081 69 319
8.96475034208469 33 120
0 17 0
22.6497848096987 59 274
7.47872268054909 41 133
11.0844391152652 45 183
8.96475034208469 33 120
0 17 0
0 17 0
11.7039795404206 44 169
0 17 0
10.0474904951052 36 123
0.464891675245066 22 10
0 17 0
0 17 0
9.62024687053025 44 171
0.752182621475259 24 21
0.752182621475259 24 21
17.6740810243524 56 243
5.62486565939974 32 105
8.96475034208469 33 120
0.464891675245066 22 10
2.95096489651669 30 78
5.62486565939974 32 105
0.752182621475259 24 21
0 17 0
0 17 0
8.96475034208469 33 120
0 17 0
0 17 0
0 17 0
14.4133305741108 53 165
14.030900605411 46 196
7.78501811996772 38 100
8.96475034208469 33 120
0 17 0
0 17 0
0 17 0
0 17 0
0.597118515040466 23 15
0 17 0
0 17 0
0 17 0
0 17 0
14.6028827739814 52 197
11.5575304360914 43 165
2.90428151625721 29 31
0.597118515040466 23 15
0 17 0
0 17 0
0 17 0
8.69471069914619 38 52
5.62486565939974 32 105
1.80267562618483 28 55
5.62486565939974 32 105
0 17 0
12.8810424476988 40 129
0 17 0
12.6041591571074 45 186
0 17 0
0 17 0
0 17 0
18.1503193351652 48 225
8.96475034208469 33 120
0 17 0
5.62486565939974 32 105
5.21954977312991 32 49
0 17 0
0.597118515040466 23 15
0 17 0
0 17 0
10.5434777982975 39 135
0 17 0
20.9621632875291 59 277
8.96475034208469 33 120
8.96475034208469 33 120
0 17 0
18.1503193351652 48 225
8.83772704118453 40 121
0.464891675245066 22 10
21.8077799436158 61 225
8.96475034208469 33 120
0 17 0
0 17 0
14.030900605411 46 196
0 17 0
0 17 0
3.95412571023011 31 91
23.8293951460393 66 290
0 17 0
6.77019115487375 37 115
0 17 0
0 17 0
0 17 0
0 17 0
8.9212198185026 43 157
0 17 0
27.3220659799936 68 309
23.6711374287023 60 289
8.96475034208469 33 120
0 17 0
21.4773627348236 58 264
0 17 0
0 17 0
8.96475034208469 33 120
8.96475034208469 33 120
0 17 0
0 17 0
0 17 0
2.28151506381298 29 66
0 17 0
0 17 0
3.95412571023011 31 91
0 17 0
18.6081321045077 57 251
5.69989518440184 29 19
0.159465294620753 19 1
0 17 0
8.96475034208469 33 120
8.96475034208469 33 120
0 17 0
0 17 0
13.5185345827148 46 198
0 17 0
36.1776199186492 77 335
19.148759613237 56 178
15.0522532244147 47 211
8.96475034208469 33 120
0 17 0
0 17 0
0 17 0
18.1503193351652 48 225
0 17 0
1.44288005905117 27 45
0 17 0
0 17 0
0 17 0
21.7287896872974 58 236
0 17 0
0 17 0
0 17 0
18.1503193351652 48 225
0.159465294620753 19 1
0 17 0
0 17 0
15.0522532244147 47 211
2.28151506381298 29 66
10.0926522108009 42 144
0 17 0
0 17 0
0 17 0
15.0522532244147 47 211
3.70017328359038 35 76
0 17 0
4.38252818885099 36 83
8.96475034208469 33 120
0 17 0
6.70526615713066 41 136
18.1503193351652 48 225
2.34804550851628 31 51
0 17 0
0 17 0
3.3854215363836 28 19
14.030900605411 46 196
8.96475034208469 33 120
2.28151506381298 29 66
7.5355728020355 42 146
3.61281304193255 33 81
0 17 0
11.0844391152652 45 183
0 17 0
0 17 0
3.95412571023011 31 91
31.0421642172559 72 358
0 17 0
0 17 0
8.74451959715197 43 160
0 17 0
0 17 0
0 17 0
0 17 0
0 17 0
0 17 0
0 17 0
0 17 0
0 17 0
0 17 0
0 17 0
8.96475034208469 33 120
0 17 0
0 17 0
0 17 0
6.85714944657555 36 81
8.96475034208469 33 120
2.90428151625721 29 31
0 17 0
0 17 0
0 17 0
5.62486565939974 32 105
0 17 0
0 17 0
8.96475034208469 33 120
0 17 0
8.96475034208469 33 120
5.62486565939974 32 105
8.96475034208469 33 120
6.97737142519594 34 42
10.0926522108009 42 144
0 17 0
0 17 0
25.6671612246196 62 205
0 17 0
0 17 0
0 17 0
18.1503193351652 48 225
0 17 0
8.96475034208469 33 120
0 17 0
0 17 0
0 17 0
1.80267562618483 28 55
8.96475034208469 33 120
30.1750259602771 71 273
26.188765565771 67 300
23.2919177771178 60 291
0 17 0
0 17 0
0 17 0
0 17 0
0 17 0
0 17 0
0 17 0
5.62486565939974 32 105
38.1586191485991 78 388
0 17 0
15.9443826041821 53 191
8.96475034208469 33 120
0 17 0
0 17 0
5.17628464514844 38 102
8.96475034208469 33 120
11.0844391152652 45 183
0 17 0
8.96475034208469 33 120
2.28151506381298 29 66
3.95412571023011 31 91
0 17 0
5.75034004911446 39 119
0 17 0
13.5185345827148 46 198
0 17 0
0 17 0
15.5930844794209 50 166
5.51630985043956 37 91
0 17 0
0 17 0
8.96475034208469 33 120
2.95096489651669 30 78
8.96475034208469 33 120
0 17 0
0 17 0
0 17 0
0 17 0
5.62486565939974 32 105
0.464891675245066 22 10
0 17 0
0 17 0
0.752182621475259 24 21
0 17 0
39.8067300032376 81 391
8.96475034208469 33 120
11.7039795404206 44 169
7.5355728020355 42 146
0 17 0
16.3623977639225 56 238
1.80267562618483 28 55
2.28151506381298 29 66
0 17 0
0 17 0
0 17 0
3.73804893010275 28 25
8.96475034208469 33 120
8.96475034208469 33 120
8.96475034208469 33 120
0 17 0
0 17 0
0 17 0
0 17 0
5.62486565939974 32 105
0 17 0
3.30961671581611 29 25
0 17 0
0 17 0
23.2919177771178 60 291
8.96475034208469 33 120
10.7359255379414 40 141
0 17 0
0 17 0
1.80267562618483 28 55
0 17 0
0 17 0
8.96475034208469 33 120
0 17 0
4.38252818885099 36 83
0 17 0
2.95096489651669 30 78
0 17 0
8.96475034208469 33 120
0 17 0
39.2732774585399 82 403
5.62486565939974 32 105
0 17 0
0 17 0
0 17 0
5.69989518440184 29 19
0 17 0
0 17 0
3.87552270243958 34 62
15.0522532244147 47 211
8.96475034208469 33 120
3.95412571023011 31 91
9.86326637178625 43 110
4.46606262609895 30 36
0 17 0
3.95412571023011 31 91
0 17 0
0 17 0
0 17 0
15.653994630333 54 160
7.01453162097202 32 31
8.96475034208469 33 120
2.32148512564011 24 9
0 17 0
8.96475034208469 33 120
3.95412571023011 31 91
22.3574621259322 55 180
0 17 0
8.96475034208469 33 120
0 17 0
8.96475034208469 33 120
0 17 0
12.7000203246613 45 97
0 17 0
8.96475034208469 33 120
9.88311716032777 35 121
5.69989518440184 29 19
0 17 0
0.752182621475259 24 21
0 17 0
8.96475034208469 33 120
12.4570282592501 44 109
0 17 0
0 17 0
14.030900605411 46 196
5.62486565939974 32 105
3.95412571023011 31 91
15.0522532244147 47 211
0 17 0
0 17 0
0 17 0
0 17 0
34.8826641525634 77 355
34.5393353437839 74 382
0 17 0
0 17 0
0 17 0
0 17 0
0 17 0
0 17 0
8.96475034208469 33 120
12.6041591571074 45 186
0 17 0
3.95412571023011 31 91
5.62486565939974 32 105
0 17 0
0 17 0
15.6924575554142 51 193
0 17 0
2.95096489651669 30 78
18.1503193351652 48 225
0.249577892041912 20 3
0 17 0
0 17 0
0 17 0
8.96475034208469 33 120
0 17 0
1.80267562618483 28 55
0 17 0
1.16235001908161 26 36
0 17 0
0 17 0
0 17 0
9.62024687053025 44 171
18.1503193351652 48 225
0 17 0
1.63848459965433 27 24
0 17 0
23.2919177771178 60 291
8.96475034208469 33 120
0 17 0
18.1503193351652 48 225
1.44288005905117 27 45
1.44288005905117 27 45
8.96475034208469 33 120
8.96475034208469 33 120
0 17 0
8.9212198185026 43 157
8.96475034208469 33 120
0 17 0
0 17 0
25.5850838065252 66 292
0 17 0
11.2241942901345 42 156
0 17 0
0 17 0
3.13249494757029 32 51
0 17 0
1.65662549700576 26 18
0 17 0
0 17 0
0 17 0
0 17 0
0 17 0
0 17 0
0 17 0
0 17 0
8.96475034208469 33 120
0 17 0
0 17 0
0 17 0
0 17 0
8.96475034208469 33 120
8.96475034208469 33 120
2.95096489651669 30 78
0 17 0
8.96475034208469 33 120
10.369973728714 38 130
9.62024687053025 44 171
18.1503193351652 48 225
1.80267562618483 28 55
17.9847346845453 55 216
11.0844391152652 45 183
0.249577892041912 20 3
0 17 0
0 17 0
2.95096489651669 30 78
10.2890855115191 44 115
0 17 0
8.96475034208469 33 120
8.96475034208469 33 120
10.5939918598138 43 130
8.96475034208469 33 120
1.80267562618483 28 55
1.80267562618483 28 55
16.458297703184 53 157
0 17 0
0 17 0
0 17 0
8.96475034208469 33 120
0 17 0
0.597118515040466 23 15
0 17 0
8.96475034208469 33 120
0 17 0
0 17 0
1.21142095967428 24 11
2.95096489651669 30 78
10.0926522108009 42 144
0 17 0
0 17 0
0 17 0
18.1503193351652 48 225
14.030900605411 46 196
5.62486565939974 32 105
0 17 0
0 17 0
0 17 0
0 17 0
0 17 0
0 17 0
0 17 0
27.5519213322787 62 316
0 17 0
0 17 0
0 17 0
20.9129362237063 59 224
0 17 0
8.96475034208469 33 120
0 17 0
2.95096489651669 30 78
0.937195086560091 25 28
5.62486565939974 32 105
0 17 0
0 17 0
18.1503193351652 48 225
0 17 0
8.96475034208469 33 120
0 17 0
8.96475034208469 33 120
9.62024687053025 44 171
0 17 0
0 17 0
0 17 0
0 17 0
8.96475034208469 33 120
1.16235001908161 26 36
0 17 0
5.62486565939974 32 105
0.937195086560091 25 28
0 17 0
0 17 0
0 17 0
11.0844391152652 45 183
23.2237257370443 63 238
0 17 0
3.47938311627329 31 43
0 17 0
1.80267562618483 28 55
1.44288005905117 27 45
0 17 0
0 17 0
0 17 0
0 17 0
8.96475034208469 33 120
0 17 0
20.9302156800648 55 246
17.2688303642146 60 223
8.96475034208469 33 120
10.0926522108009 42 144
5.62486565939974 32 105
0 17 0
0 17 0
18.1503193351652 48 225
0.249577892041912 20 3
0 17 0
0 17 0
0 17 0
0 17 0
0 17 0
7.78501811996772 38 100
27.8235270271112 67 290
8.96475034208469 33 120
0 17 0
0 17 0
18.1503193351652 48 225
3.95412571023011 31 91
0 17 0
0.464891675245066 22 10
0 17 0
0 17 0
0 17 0
5.62486565939974 32 105
0 17 0
0 17 0
8.96475034208469 33 120
3.95412571023011 31 91
0 17 0
4.89687532144324 35 64
8.96475034208469 33 120
0 17 0
9.88311716032777 35 121
8.74084660973579 42 116
0 17 0
0 17 0
10.2071232652655 37 126
15.0522532244147 47 211
3.59687024285494 35 81
0 17 0
7.78501811996772 38 100
0 17 0
0 17 0
37.2305722205326 80 377
8.96475034208469 33 120
37.1639831069631 75 394
0 17 0
1.80267562618483 28 55
0.249577892041912 20 3
0 17 0
0 17 0
0 17 0
0 17 0
5.75034004911446 39 119
5.62486565939974 32 105
24.692490047706 61 303
0 17 0
8.96475034208469 33 120
0 17 0
0 17 0
0 17 0
0 17 0
0 17 0
1.80267562618483 28 55
0 17 0
3.95223997549021 36 87
8.96475034208469 33 120
0 17 0
0 17 0
0 17 0
6.85714944657555 36 81
10.5562003789532 44 127
0 17 0
2.95096489651669 30 78
8.96475034208469 33 120
46.5292474766393 88 400
0 17 0
0 17 0
0 17 0
0 17 0
0 17 0
18.9194580495218 57 249
5.62486565939974 32 105
5.62486565939974 32 105
13.5185345827148 46 198
0 17 0
0 17 0
0 17 0
1.80267562618483 28 55
18.1503193351652 48 225
10.5434777982975 39 135
0 17 0
1.80267562618483 28 55
0 17 0
0 17 0
0 17 0
8.96475034208469 33 120
0.597118515040466 23 15
0 17 0
0 17 0
0 17 0
0 17 0
0 17 0
2.95096489651669 30 78
8.96475034208469 33 120
0 17 0
0 17 0
10.2071232652655 37 126
0.159465294620753 19 1
0 17 0
8.96475034208469 33 120
0 17 0
7.41946110193405 40 133
2.95096489651669 30 78
23.6711374287023 60 289
3.95412571023011 31 91
0.350345174396746 21 6
0 17 0
0 17 0
0 17 0
0 17 0
0 17 0
0 17 0
0 17 0
3.95412571023011 31 91
8.96475034208469 33 120
5.62486565939974 32 105
0 17 0
10.369973728714 38 130
0 17 0
0 17 0
8.96475034208469 33 120
0 17 0
5.62486565939974 32 105
0 17 0
0 17 0
14.8206593437706 54 169
15.0522532244147 47 211
57.9109606498872 100 484
8.96475034208469 33 120
0.249577892041912 20 3
8.96475034208469 33 120
0 17 0
8.96475034208469 33 120
0 17 0
0 17 0
0 17 0
0 17 0
3.97245858756027 35 88
8.96475034208469 33 120
0.350345174396746 21 6
0 17 0
0 17 0
0 17 0
0 17 0
8.96475034208469 33 120
5.62486565939974 32 105
0 17 0
0 17 0
0 17 0
0 17 0
8.96475034208469 33 120
0 17 0
8.96475034208469 33 120
0.249577892041912 20 3
0 17 0
15.0522532244147 47 211
12.2860840401591 48 149
0.752182621475259 24 21
0.350345174396746 21 6
0 17 0
20.9621632875291 59 277
2.95096489651669 30 78
0 17 0
0 17 0
11.2241942901345 42 156
0 17 0
23.0769884145974 62 233
0 17 0
0.752182621475259 24 21
14.030900605411 46 196
0 17 0
0 17 0
0 17 0
14.030900605411 46 196
8.96475034208469 33 120
0 17 0
12.7036213136742 49 189
0 17 0
13.7008440835658 53 202
0.597118515040466 23 15
0 17 0
0 17 0
0 17 0
17.26721614868 48 157
0 17 0
2.28151506381298 29 66
0 17 0
0.249577892041912 20 3
9.62024687053025 44 171
8.96475034208469 33 120
3.35303508911168 30 32
0 17 0
3.95412571023011 31 91
15.0522532244147 47 211
0 17 0
10.0926522108009 42 144
37.1639831069631 75 394
4.86946642015079 38 106
4.86946642015079 38 106
0 17 0
1.16235001908161 26 36
0 17 0
0 17 0
0 17 0
0 17 0
0 17 0
0.597118515040466 23 15
5.62486565939974 32 105
0 17 0
1.16235001908161 26 36
2.28151506381298 29 66
0.597118515040466 23 15
0.464891675245066 22 10
0 17 0
0.350345174396746 21 6
18.1503193351652 48 225
0 17 0
14.030900605411 46 196
3.95412571023011 31 91
0 17 0
1.80267562618483 28 55
7.7395030271876 41 141
13.0308828939181 46 170
0 17 0
8.96475034208469 33 120
5.62486565939974 32 105
8.96475034208469 33 120
0 17 0
5.62486565939974 32 105
1.21142095967428 24 11
0 17 0
0 17 0
0 17 0
8.96475034208469 33 120
10.0926522108009 42 144
0 17 0
0 17 0
1.44288005905117 27 45
14.8530293408617 51 201
27.5519213322787 62 316
0 17 0
0 17 0
17.4293294971465 49 157
0 17 0
16.2219399329911 47 100
8.96475034208469 33 120
0 17 0
0 17 0
0 17 0
0 17 0
6.85714944657555 36 81
5.17628464514844 38 102
11.995197345772 44 175
1.16235001908161 26 36
18.1503193351652 48 225
0 17 0
18.8359691602922 57 256
0 17 0
0 17 0
0 17 0
7.78501811996772 38 100
0 17 0
13.5185345827148 46 198
1.16235001908161 26 36
0 17 0
0 17 0
0 17 0
4.82678431453519 35 97
0 17 0
0 17 0
18.1503193351652 48 225
4.86946642015079 38 106
8.96475034208469 33 120
0 17 0
5.62486565939974 32 105
0 17 0
8.96475034208469 33 120
11.0844391152652 45 183
0 17 0
10.0926522108009 42 144
8.96475034208469 33 120
2.28151506381298 29 66
0.464891675245066 22 10
0 17 0
0 17 0
0 17 0
19.6628076925294 56 235
9.62024687053025 44 171
0 17 0
0 17 0
0 17 0
0 17 0
18.1503193351652 48 225
0 17 0
0 17 0
0 17 0
0.249577892041912 20 3
0 17 0
5.62486565939974 32 105
3.32470607957103 34 76
5.62486565939974 32 105
0 17 0
5.62486565939974 32 105
0 17 0
8.96475034208469 33 120
12.4570282592501 44 157
0 17 0
0 17 0
18.1503193351652 48 225
0 17 0
0.249577892041912 20 3
0 17 0
0 17 0
0.937195086560091 25 28
2.95096489651669 30 78
0 17 0
0 17 0
0 17 0
3.95412571023011 31 91
0 17 0
0.597118515040466 23 15
1.16235001908161 26 36
5.82112366212263 32 37
0 17 0
8.96475034208469 33 120
0.159465294620753 19 1
0 17 0
0 17 0
0 17 0
5.62486565939974 32 105
0 17 0
5.21954977312991 32 49
3.24150051021967 34 70
0 17 0
0 17 0
0 17 0
0 17 0
0 17 0
0 17 0
0 17 0
0 17 0
8.96475034208469 33 120
11.8814823142093 49 140
11.9718027396117 51 188
11.7039795404206 44 169
0 17 0
0 17 0
0 17 0
2.95096489651669 30 78
0 17 0
14.030900605411 46 196
0 17 0
0 17 0
0 17 0
0 17 0
8.9212198185026 43 157
5.62486565939974 32 105
8.96475034208469 33 120
2.95096489651669 30 78
0 17 0
14.030900605411 46 196
2.28151506381298 29 66
0 17 0
0 17 0
3.95412571023011 31 91
8.96475034208469 33 120
13.5185345827148 46 198
8.68876618613632 44 96
5.76478238466306 37 71
8.96475034208469 33 120
3.95412571023011 31 91
0 17 0
8.96475034208469 33 120
0 17 0
0.937195086560091 25 28
0 17 0
10.0474904951052 36 123
8.96475034208469 33 120
4.46378933087408 31 30
0 17 0
8.96475034208469 33 120
0.752182621475259 24 21
0 17 0
0 17 0
8.96475034208469 33 120
8.96475034208469 33 120
0 17 0
0 17 0
3.3854215363836 28 19
0 17 0
0 17 0
0 17 0
4.46606262609895 30 36
0 17 0
0 17 0
8.96475034208469 33 120
7.68957292215143 41 103
0 17 0
0 17 0
0 17 0
6.85714944657555 36 81
5.62486565939974 32 105
0 17 0
0 17 0
0 17 0
24.692490047706 61 303
0.464891675245066 22 10
0 17 0
0 17 0
0 17 0
0 17 0
0 17 0
0 17 0
15.4686375464017 48 197
0 17 0
0 17 0
21.4773627348236 58 264
0 17 0
0 17 0
2.95096489651669 30 78
14.030900605411 46 196
0 17 0
10.0926522108009 42 144
0 17 0
1.80267562618483 28 55
0 17 0
0 17 0
32.4966301057766 72 355
1.44288005905117 27 45
5.82812296377069 31 28
26.9633128846107 63 274
8.74451959715197 43 160
11.7039795404206 44 169
7.78501811996772 38 100
8.96475034208469 33 120
0 17 0
0 17 0
1.65662549700576 26 18
0 17 0
15.0522532244147 47 211
33.0715493318275 72 328
14.030900605411 46 196
24.2106588722981 61 273
0 17 0
14.030900605411 46 196
0 17 0
18.1503193351652 48 225
0 17 0
0 17 0
0.249577892041912 20 3
0 17 0
0 17 0
0 17 0
23.6711374287023 60 289
4.38252818885099 36 83
0 17 0
5.62486565939974 32 105
0 17 0
18.1503193351652 48 225
0 17 0
8.96475034208469 33 120
0.752182621475259 24 21
3.95412571023011 31 91
0 17 0
5.62486565939974 32 105
3.95412571023011 31 91
8.96475034208469 33 120
8.96475034208469 33 120
8.96475034208469 33 120
0 17 0
1.6159149854903 22 4
0 17 0
24.1638327517197 65 271
8.96475034208469 33 120
0 17 0
18.1503193351652 48 225
0 17 0
18.1503193351652 48 225
13.0547865973945 43 141
5.62486565939974 32 105
0 17 0
2.28151506381298 29 66
0 17 0
0 17 0
0 17 0
28.9994589792486 70 332
0 17 0
0 17 0
0 17 0
0 17 0
14.1253465888624 51 186
7.5355728020355 42 146
0 17 0
0 17 0
0 17 0
8.96475034208469 33 120
6.85714944657555 36 81
2.95096489651669 30 78
6.17533470089509 40 123
0.159465294620753 19 1
0 17 0
0 17 0
0 17 0
0 17 0
0 17 0
8.96475034208469 33 120
11.0844391152652 45 183
5.62486565939974 32 105
1.44288005905117 27 45
0 17 0
0 17 0
0 17 0
0 17 0
0 17 0
20.2735674294613 59 214
0 17 0
11.2241942901345 42 156
0 17 0
0 17 0
10.5434777982975 39 135
0 17 0
8.96475034208469 33 120
0 17 0
0 17 0
5.21954977312991 32 49
5.62486565939974 32 105
3.02597600196849 26 16
3.95412571023011 31 91
8.74451959715197 43 160
0 17 0
0 17 0
17.4387755024914 53 199
5.62486565939974 32 105
0 17 0
0 17 0
0.752182621475259 24 21
0 17 0
2.95096489651669 30 78
7.5355728020355 42 146
14.0373126783791 51 178
0 17 0
0 17 0
18.1503193351652 48 225
0 17 0
12.8810424476988 40 129
0 17 0
0 17 0
0 17 0
8.96475034208469 33 120
0 17 0
8.96475034208469 33 120
0 17 0
0 17 0
6.70526615713066 41 136
8.96475034208469 33 120
4.86946642015079 38 106
0 17 0
18.7505547840084 54 220
8.96475034208469 33 120
0 17 0
0 17 0
5.62486565939974 32 105
8.96475034208469 33 120
15.0522532244147 47 211
0 17 0
0 17 0
8.96475034208469 33 120
1.80267562618483 28 55
15.0522532244147 47 211
0 17 0
0 17 0
0 17 0
0 17 0
14.030900605411 46 196
0 17 0
15.0522532244147 47 211
0 17 0
8.96475034208469 33 120
7.47872268054909 41 133
8.96475034208469 33 120
0 17 0
5.21954977312991 32 49
5.21954977312991 32 49
8.96475034208469 33 120
8.96475034208469 33 120
0 17 0
8.08248491350728 40 121
0 17 0
0 17 0
0 17 0
0 17 0
18.1503193351652 48 225
0 17 0
18.1503193351652 48 225
0 17 0
0.752182621475259 24 21
0 17 0
0 17 0
0 17 0
0 17 0
0 17 0
0 17 0
11.995197345772 44 175
0 17 0
2.28151506381298 29 66
18.1503193351652 48 225
0 17 0
0 17 0
2.32148512564011 24 9
0 17 0
14.3308443609712 50 190
3.95412571023011 31 91
0 17 0
0 17 0
23.6711374287023 60 289
12.6041591571074 45 186
0 17 0
0 17 0
20.4874609528262 53 235
0 17 0
0 17 0
1.16235001908161 26 36
21.9080250885958 58 270
0 17 0
0 17 0
0 17 0
0 17 0
0 17 0
8.96475034208469 33 120
18.9304576714837 57 253
0 17 0
0.464891675245066 22 10
0 17 0
0 17 0
5.62486565939974 32 105
0.159465294620753 19 1
5.62486565939974 32 105
0 17 0
0 17 0
3.95412571023011 31 91
10.7359255379414 40 141
14.0442170716498 50 142
0 17 0
1.16235001908161 26 36
0 17 0
0.350345174396746 21 6
27.0752381338281 68 310
0.464891675245066 22 10
1.80267562618483 28 55
0 17 0
0 17 0
8.96475034208469 33 120
0 17 0
0 17 0
0 17 0
0 17 0
0 17 0
14.1253465888624 51 186
0 17 0
0 17 0
0 17 0
0 17 0
27.5519213322787 62 316
0 17 0
0 17 0
0 17 0
0 17 0
0 17 0
0 17 0
0 17 0
18.1503193351652 48 225
13.3821698778089 49 157
0 17 0
0 17 0
0 17 0
0 17 0
0 17 0
0 17 0
5.62486565939974 32 105
14.9975996966838 56 184
0 17 0
0.597118515040466 23 15
22.4617893951044 59 280
2.95096489651669 30 78
0 17 0
5.62486565939974 32 105
18.1503193351652 48 225
0 17 0
0.752182621475259 24 21
0 17 0
0 17 0
0 17 0
0 17 0
24.692490047706 61 303
0 17 0
8.96475034208469 33 120
8.96475034208469 33 120
4.52283227712365 33 92
8.96475034208469 33 120
24.692490047706 61 303
0 17 0
8.96475034208469 33 120
8.96475034208469 33 120
3.95412571023011 31 91
8.08248491350728 40 121
0 17 0
0 17 0
0 17 0
0 17 0
15.0522532244147 47 211
0 17 0
0 17 0
0 17 0
2.28151506381298 29 66
0 17 0
0 17 0
0 17 0
0 17 0
0 17 0
9.88311716032777 35 121
0 17 0
0 17 0
0 17 0
0 17 0
0 17 0
8.96475034208469 33 120
5.62486565939974 32 105
3.95412571023011 31 91
6.39546496630945 39 111
8.96475034208469 33 120
25.295098859798 59 250
5.62486565939974 32 105
3.95412571023011 31 91
2.65264452764507 32 61
7.78501811996772 38 100
0 17 0
0 17 0
8.96475034208469 33 120
8.96475034208469 33 120
1.16235001908161 26 36
0 17 0
5.62486565939974 32 105
0 17 0
3.95412571023011 31 91
0.249577892041912 20 3
0 17 0
0 17 0
0 17 0
0 17 0
45.1253376802205 88 412
0 17 0
0 17 0
0 17 0
8.96475034208469 33 120
5.62486565939974 32 105
8.96475034208469 33 120
10.5939918598138 43 130
4.46606262609895 30 36
5.62486565939974 32 105
0 17 0
8.96475034208469 33 120
0 17 0
0 17 0
0 17 0
0 17 0
19.1182348205028 61 235
11.1991146083855 42 80
0.937195086560091 25 28
2.95096489651669 30 78
0 17 0
18.1503193351652 48 225
0 17 0
44.7831624713471 89 422
8.14203115941055 37 59
2.95096489651669 30 78
0 17 0
0 17 0
0.159465294620753 19 1
0.350345174396746 21 6
0 17 0
0 17 0
0 17 0
5.62486565939974 32 105
18.1503193351652 48 225
7.41946110193405 40 133
8.96475034208469 33 120
6.85714944657555 36 81
0 17 0
14.030900605411 46 196
5.62486565939974 32 105
0 17 0
14.030900605411 46 196
8.96475034208469 33 120
0 17 0
0 17 0
0 17 0
0 17 0
13.710621554692 45 89
32.3759862408789 74 338
0 17 0
5.62486565939974 32 105
3.95412571023011 31 91
1.80267562618483 28 55
18.1503193351652 48 225
8.96475034208469 33 120
21.4355369902367 65 274
0 17 0
8.96475034208469 33 120
0 17 0
3.95412571023011 31 91
0 17 0
0 17 0
1.6159149854903 22 4
0 17 0
0 17 0
0 17 0
0 17 0
5.62486565939974 32 105
8.96475034208469 33 120
18.1503193351652 48 225
0 17 0
0 17 0
0 17 0
3.95412571023011 31 91
0 17 0
3.95412571023011 31 91
3.95412571023011 31 91
3.95412571023011 31 91
0 17 0
18.1503193351652 48 225
0 17 0
0 17 0
8.96475034208469 33 120
5.62486565939974 32 105
8.96475034208469 33 120
0.350345174396746 21 6
2.28151506381298 29 66
0 17 0
26.0422223864392 64 282
18.3041695124535 56 247
1.30013250663645 23 7
8.96475034208469 33 120
0 17 0
0 17 0
8.77379218778906 46 135
27.8235270271112 67 290
3.95412571023011 31 91
1.44288005905117 27 45
0 17 0
0 17 0
0 17 0
0 17 0
0 17 0
0.752182621475259 24 21
0 17 0
0 17 0
48.7022106786374 89 452
0 17 0
0 17 0
0 17 0
0.937195086560091 25 28
2.28151506381298 29 66
0 17 0
0 17 0
18.6081321045077 57 251
0.752182621475259 24 21
0 17 0
10.9578783926233 41 148
18.9194580495218 57 249
14.044970939764 52 191
0.937195086560091 25 28
5.62486565939974 32 105
15.0522532244147 47 211
23.6711374287023 60 289
0 17 0
3.13249494757029 32 51
14.030900605411 46 196
6.39546496630945 39 111
2.95096489651669 30 78
0 17 0
8.53128094223964 41 123
0.752182621475259 24 21
0 17 0
0 17 0
22.6497848096987 59 274
0 17 0
1.80267562618483 28 55
18.9194580495218 57 249
34.4186914788862 76 364
1.30013250663645 23 7
0 17 0
8.96475034208469 33 120
12.0999105933486 38 124
5.62486565939974 32 105
15.0522532244147 47 211
8.96475034208469 33 120
0 17 0
3.95412571023011 31 91
0 17 0
0 17 0
0 17 0
14.2857156000434 47 163
21.191117946368 56 253
0 17 0
0 17 0
0 17 0
0 17 0
0 17 0
0 17 0
3.95412571023011 31 91
10.0926522108009 42 144
27.5519213322787 62 316
19.6628076925294 56 235
0 17 0
8.96475034208469 33 120
16.0945500101858 54 212
0 17 0
0 17 0
18.1503193351652 48 225
8.96475034208469 33 120
18.1503193351652 48 225
0.249577892041912 20 3
2.65264452764507 32 61
0 17 0
10.9578783926233 41 148
0 17 0
0 17 0
0 17 0
0 17 0
0 17 0
0 17 0
0 17 0
2.95096489651669 30 78
0 17 0
0 17 0
12.5211862699863 44 151
3.02597600196849 26 16
0 17 0
0 17 0
17.1159026291895 55 224
8.14203115941055 37 59
5.62486565939974 32 105
9.88311716032777 35 121
0 17 0
0.937195086560091 25 28
8.96475034208469 33 120
0.597118515040466 23 15
0.752182621475259 24 21
8.96475034208469 33 120
0 17 0
0 17 0
0.350345174396746 21 6
20.3174197989276 55 164
0 17 0
1.87010723720085 29 39
2.28151506381298 29 66
0 17 0
0.597118515040466 23 15
0 17 0
0 17 0
0 17 0
6.17533470089509 40 123
0 17 0
0 17 0
0 17 0
2.28151506381298 29 66
0 17 0
8.96475034208469 33 120
8.96475034208469 33 120
12.6041591571074 45 186
0 17 0
0 17 0
0 17 0
8.96475034208469 33 120
3.95412571023011 31 91
0 17 0
0 17 0
0 17 0
0 17 0
15.0522532244147 47 211
0 17 0
14.030900605411 46 196
0 17 0
2.95096489651669 30 78
5.00101724046738 36 101
0 17 0
5.62486565939974 32 105
8.96475034208469 33 120
6.85714944657555 36 81
0.937195086560091 25 28
0 17 0
5.62486565939974 32 105
0 17 0
10.9051065610502 45 121
0 17 0
14.030900605411 46 196
0 17 0
8.96475034208469 33 120
0 17 0
0 17 0
20.3174197989276 55 164
0 17 0
15.303109594982 53 205
5.62486565939974 32 105
3.95412571023011 31 91
0 17 0
5.62486565939974 32 105
0 17 0
0 17 0
0.159465294620753 19 1
0 17 0
0 17 0
8.96475034208469 33 120
8.96475034208469 33 120
0 17 0
0 17 0
5.62486565939974 32 105
0.464891675245066 22 10
28.2654155631872 68 324
0 17 0
0 17 0
0 17 0
8.96475034208469 33 120
12.6041591571074 45 186
0 17 0
1.80267562618483 28 55
5.62486565939974 32 105
2.28151506381298 29 66
0 17 0
0.752182621475259 24 21
5.62486565939974 32 105
11.0360532225374 41 85
33.6971604834907 73 310
22.6497848096987 59 274
0 17 0
0 17 0
10.5124575225395 46 148
0 17 0
5.17628464514844 38 102
0 17 0
0 17 0
0 17 0
8.96475034208469 33 120
0 17 0
6.85714944657555 36 81
15.0522532244147 47 211
0 17 0
3.95412571023011 31 91
0 17 0
0 17 0
8.96475034208469 33 120
0.937195086560091 25 28
14.030900605411 46 196
1.16235001908161 26 36
3.95412571023011 31 91
0 17 0
0 17 0
0 17 0
0 17 0
0 17 0
0 17 0
0 17 0
10.444388335304 47 163
7.7395030271876 41 141
18.1503193351652 48 225
6.86437692571992 39 94
0 17 0
0 17 0
0 17 0
1.80267562618483 28 55
0 17 0
0 17 0
3.95412571023011 31 91
3.02597600196849 26 16
0 17 0
8.96475034208469 33 120
0 17 0
8.96475034208469 33 120
0 17 0
11.7039795404206 44 169
0 17 0
0 17 0
0 17 0
5.75699467486037 35 49
0 17 0
0 17 0
15.90175153955 48 157
15.0522532244147 47 211
8.9212198185026 43 157
0 17 0
0 17 0
11.5575304360914 43 165
8.96475034208469 33 120
8.96475034208469 33 120
0.350345174396746 21 6
18.1503193351652 48 225
18.9304576714837 57 253
0 17 0
0 17 0
0 17 0
0 17 0
5.62486565939974 32 105
8.96475034208469 33 120
2.28151506381298 29 66
0 17 0
3.73804893010275 28 25
0 17 0
8.96475034208469 33 120
0 17 0
18.1503193351652 48 225
8.96475034208469 33 120
1.21142095967428 24 11
5.62486565939974 32 105
0 17 0
5.62486565939974 32 105
0 17 0
0 17 0
1.80267562618483 28 55
3.7800578269482 34 84
8.9212198185026 43 157
2.28151506381298 29 66
0 17 0
0 17 0
10.2890855115191 44 115
1.71485378621621 28 31
0 17 0
8.96475034208469 33 120
0 17 0
0 17 0
5.62486565939974 32 105
8.96475034208469 33 120
3.32470607957103 34 76
5.62486565939974 32 105
0 17 0
0 17 0
2.95096489651669 30 78
4.38252818885099 36 83
0 17 0
5.62486565939974 32 105
0 17 0
20.6600819514175 54 127
5.62486565939974 32 105
5.62486565939974 32 105
5.51630985043956 37 91
5.62486565939974 32 105
14.9550266387451 49 177
0 17 0
0 17 0
0 17 0
3.95412571023011 31 91
5.62486565939974 32 105
2.95096489651669 30 78
0 17 0
10.4499526225379 44 89
19.6628076925294 56 235
6.30489523594598 34 106
12.4570282592501 44 109
8.15999429636653 42 150
1.80267562618483 28 55
0 17 0
0 17 0
14.030900605411 46 196
0 17 0
14.1253465888624 51 186
0 17 0
0 17 0
8.96475034208469 33 120
0 17 0
0 17 0
0 17 0
0 17 0
0 17 0
0 17 0
14.6776188771738 50 186
18.1503193351652 48 225
0.752182621475259 24 21
0 17 0
0 17 0
0 17 0
0 17 0
0 17 0
5.21954977312991 32 49
0 17 0
0 17 0
14.030900605411 46 196
0 17 0
2.65839204119824 32 55
34.5393353437839 74 382
20.7864273246121 60 214
8.96475034208469 33 120
0 17 0
0 17 0
18.9304576714837 57 253
0 17 0
5.21954977312991 32 49
22.6497848096987 59 274
0 17 0
21.4773627348236 58 264
8.96475034208469 33 120
14.3986485760657 51 122
18.8359691602922 57 256
7.78501811996772 38 100
11.5575304360914 43 165
14.030900605411 46 196
0 17 0
0 17 0
8.83772704118453 40 121
8.96475034208469 33 120
13.5185345827148 46 198
5.62486565939974 32 105
0 17 0
0 17 0
0 17 0
0 17 0
15.0522532244147 47 211
0 17 0
0 17 0
0 17 0
0 17 0
21.6765648189741 64 264
0 17 0
0 17 0
0 17 0
1.82383844184474 25 13
2.90428151625721 29 31
8.96475034208469 33 120
0 17 0
11.5575304360914 43 165
10.5434777982975 39 135
0.159465294620753 19 1
0 17 0
0 17 0
8.96475034208469 33 120
0.350345174396746 21 6
0 17 0
8.96475034208469 33 120
19.6294847235113 58 266
0 17 0
8.96475034208469 33 120
0 17 0
0 17 0
8.96475034208469 33 120
0.159465294620753 19 1
18.1503193351652 48 225
1.80267562618483 28 55
9.62024687053025 44 171
0 17 0
3.95412571023011 31 91
1.16235001908161 26 36
0 17 0
5.62486565939974 32 105
7.7395030271876 41 141
9.23030799426728 42 126
0 17 0
5.62486565939974 32 105
0 17 0
0 17 0
8.96475034208469 33 120
10.7359255379414 40 141
0 17 0
48.046462206743 85 358
0 17 0
3.47938311627329 31 43
5.82812296377069 31 28
0 17 0
6.70526615713066 41 136
3.95412571023011 31 91
0 17 0
3.95412571023011 31 91
0.937195086560091 25 28
26.494084552922 59 194
13.5185345827148 46 198
2.92215164690254 32 69
5.62486565939974 32 105
0 17 0
3.95412571023011 31 91
0 17 0
24.4861583186957 65 269
0 17 0
0 17 0
0 17 0
0 17 0
0 17 0
5.62486565939974 32 105
0 17 0
0.937195086560091 25 28
27.5519213322787 62 316
13.5185345827148 46 198
0 17 0
8.96475034208469 33 120
0 17 0
37.1639831069631 75 394
0 17 0
6.6742743794347 40 109
0 17 0
2.95096489651669 30 78
0 17 0
0 17 0
0 17 0
9.88311716032777 35 121
0 17 0
0 17 0
0 17 0
0 17 0
0 17 0
0 17 0
0 17 0
8.96475034208469 33 120
2.95096489651669 30 78
8.96475034208469 33 120
23.2297349575285 63 256
8.96475034208469 33 120
3.95412571023011 31 91
0 17 0
3.95412571023011 31 91
15.0522532244147 47 211
0 17 0
0 17 0
0 17 0
0 17 0
13.5185345827148 46 198
8.96475034208469 33 120
8.96475034208469 33 120
0.350345174396746 21 6
15.303109594982 53 205
8.96475034208469 33 120
8.96475034208469 33 120
8.58284052602524 45 123
3.95412571023011 31 91
34.8826641525634 77 355
10.0926522108009 42 144
8.96475034208469 33 120
24.689575124943 66 247
21.5551491567045 59 232
3.95412571023011 31 91
0 17 0
8.9212198185026 43 157
8.96475034208469 33 120
5.62486565939974 32 105
18.1503193351652 48 225
0 17 0
0 17 0
5.21954977312991 32 49
0 17 0
18.1503193351652 48 225
0 17 0
1.80267562618483 28 55
8.96475034208469 33 120
11.2241942901345 42 156
18.1503193351652 48 225
10.5369102272167 49 164
3.95412571023011 31 91
8.83772704118453 40 121
0 17 0
0 17 0
5.62486565939974 32 105
0 17 0
0 17 0
6.87623424280766 35 52
0 17 0
0.350345174396746 21 6
27.5519213322787 62 316
0 17 0
18.1503193351652 48 225
6.85714944657555 36 81
0 17 0
0 17 0
0 17 0
1.80267562618483 28 55
0 17 0
8.96475034208469 33 120
0 17 0
14.3190734911512 51 152
0 17 0
0 17 0
0 17 0
8.96475034208469 33 120
5.62486565939974 32 105
14.030900605411 46 196
0 17 0
0 17 0
0 17 0
0 17 0
0 17 0
0 17 0
18.1503193351652 48 225
0 17 0
0 17 0
0 17 0
5.62486565939974 32 105
8.96475034208469 33 120
2.95096489651669 30 78
0 17 0
16.0945500101858 54 212
0 17 0
14.030900605411 46 196
0 17 0
27.5519213322787 62 316
0 17 0
11.995197345772 44 175
5.62486565939974 32 105
6.77019115487375 37 115
8.96475034208469 33 120
0 17 0
0 17 0
2.95096489651669 30 78
5.62486565939974 32 105
0 17 0
8.96475034208469 33 120
8.96475034208469 33 120
0 17 0
0 17 0
0 17 0
0 17 0
11.2241942901345 42 156
16.9474587526812 56 187
2.95096489651669 30 78
1.80267562618483 28 55
14.030900605411 46 196
0 17 0
0 17 0
0 17 0
8.96475034208469 33 120
1.6159149854903 22 4
0 17 0
18.1503193351652 48 225
5.21954977312991 32 49
5.62486565939974 32 105
0 17 0
2.95096489651669 30 78
5.62486565939974 32 105
2.28151506381298 29 66
8.9212198185026 43 157
0 17 0
0 17 0
0 17 0
0 17 0
5.62486565939974 32 105
0 17 0
5.79411686005883 37 74
28.8530803232631 67 306
13.9807222533448 51 180
14.030900605411 46 196
0 17 0
0 17 0
0 17 0
2.95096489651669 30 78
4.4916047968094 37 99
0.937195086560091 25 28
18.1503193351652 48 225
0 17 0
1.80267562618483 28 55
0 17 0
0 17 0
25.7890932449161 64 241
0 17 0
0 17 0
1.44703745700628 27 29
0 17 0
0 17 0
0 17 0
8.96475034208469 33 120
0 17 0
0 17 0
3.95412571023011 31 91
19.8076469855307 60 217
11.7039795404206 44 169
0 17 0
5.44574102998567 38 112
0.597118515040466 23 15
5.62486565939974 32 105
3.95412571023011 31 91
0 17 0
8.96475034208469 33 120
0.752182621475259 24 21
0 17 0
3.95412571023011 31 91
8.96475034208469 33 120
2.28151506381298 29 66
6.39546496630945 39 111
10.8922648670848 46 137
3.95412571023011 31 91
0 17 0
8.96475034208469 33 120
0 17 0
0 17 0
22.4421663197333 62 268
0 17 0
6.00202232295131 37 63
19.6628076925294 56 235
8.96475034208469 33 120
0 17 0
0 17 0
18.1503193351652 48 225
18.7505547840084 54 220
13.5185345827148 46 198
0 17 0
0 17 0
0 17 0
0 17 0
20.4874609528262 53 235
0 17 0
0 17 0
0 17 0
0 17 0
0 17 0
8.96475034208469 33 120
0 17 0
8.96475034208469 33 120
8.96475034208469 33 120
0 17 0
8.96475034208469 33 120
8.96475034208469 33 120
0 17 0
0.249577892041912 20 3
8.96475034208469 33 120
7.78501811996772 38 100
0 17 0
0 17 0
8.9212198185026 43 157
0 17 0
0 17 0
0.937195086560091 25 28
0 17 0
8.96475034208469 33 120
8.96475034208469 33 120
10.9265578161865 47 174
0 17 0
11.0844391152652 45 183
0 17 0
0 17 0
0 17 0
0.350345174396746 21 6
0 17 0
0 17 0
0 17 0
0 17 0
0 17 0
5.62486565939974 32 105
0 17 0
8.96475034208469 33 120
0 17 0
8.96475034208469 33 120
3.95412571023011 31 91
2.28151506381298 29 66
5.51630985043956 37 91
18.1503193351652 48 225
0.159465294620753 19 1
8.96475034208469 33 120
10.369973728714 38 130
8.96475034208469 33 120
0 17 0
0 17 0
16.824073102809 50 184
0.350345174396746 21 6
3.61281304193255 33 81
0 17 0
0 17 0
11.5575304360914 43 165
0 17 0
2.32148512564011 24 9
0 17 0
0.249577892041912 20 3
5.62486565939974 32 105
0 17 0
0 17 0
0 17 0
4.0933004139489 33 57
0 17 0
0 17 0
0 17 0
0 17 0
18.1503193351652 48 225
0.159465294620753 19 1
0 17 0
14.030900605411 46 196
0 17 0
0 17 0
15.6924575554142 51 193
22.5765017757081 60 247
10.9607906715746 49 129
0 17 0
0 17 0
8.96475034208469 33 120
0 17 0
9.49289953690747 43 104
0 17 0
6.01079716385967 34 64
0 17 0
19.6628076925294 56 235
5.62486565939974 32 105
8.01590375179628 42 102
0 17 0
0 17 0
29.6611908265528 67 230
17.4387755024914 53 199
5.20539075914485 39 90
0 17 0
1.16235001908161 26 36
8.96475034208469 33 120
5.62486565939974 32 105
0.597118515040466 23 15
0.350345174396746 21 6
0 17 0
0 17 0
0 17 0
0 17 0
0 17 0
0 17 0
8.96475034208469 33 120
0 17 0
0 17 0
18.1503193351652 48 225
8.96475034208469 33 120
0 17 0
0 17 0
5.62486565939974 32 105
8.96475034208469 33 120
5.62486565939974 32 105
0.464891675245066 22 10
0 17 0
6.01079716385967 34 64
0 17 0
2.90874177037137 33 65
2.95096489651669 30 78
8.96475034208469 33 120
8.96475034208469 33 120
2.95096489651669 30 78
10.2071232652655 37 126
0 17 0
0 17 0
0 17 0
0 17 0
13.5185345827148 46 198
0 17 0
0 17 0
0 17 0
0 17 0
0 17 0
0 17 0
0 17 0
0 17 0
8.96475034208469 33 120
0 17 0
8.96475034208469 33 120
15.025851781802 54 182
0 17 0
19.9502824487979 56 241
5.62486565939974 32 105
8.96475034208469 33 120
13.6464564195833 42 136
0.159465294620753 19 1
0 17 0
0 17 0
0 17 0
0 17 0
0 17 0
0 17 0
1.44288005905117 27 45
2.28151506381298 29 66
2.95096489651669 30 78
5.62486565939974 32 105
9.23933343756203 37 53
0 17 0
0 17 0
18.1503193351652 48 225
0 17 0
3.95412571023011 31 91
0 17 0
0 17 0
0 17 0
0.937195086560091 25 28
0 17 0
0 17 0
0 17 0
0 17 0
0 17 0
5.62486565939974 32 105
0.937195086560091 25 28
0 17 0
8.96475034208469 33 120
25.8378939519808 68 248
0 17 0
0 17 0
0 17 0
0 17 0
0 17 0
3.32470607957103 34 76
5.62486565939974 32 105
0.249577892041912 20 3
20.7074370682937 57 221
8.96475034208469 33 120
2.28151506381298 29 66
0 17 0
5.51630985043956 37 91
0 17 0
0.752182621475259 24 21
0 17 0
0 17 0
0 17 0
24.3742105234768 65 279
2.65264452764507 32 61
5.62486565939974 32 105
0 17 0
8.96475034208469 33 120
3.95412571023011 31 91
0 17 0
14.030900605411 46 196
0 17 0
13.9467907568775 50 130
0 17 0
0 17 0
7.78501811996772 38 100
2.34804550851628 31 51
0 17 0
9.62024687053025 44 171
18.9194580495218 57 249
0 17 0
7.4137360300416 41 112
0 17 0
0 17 0
1.82383844184474 25 13
0 17 0
3.95412571023011 31 91
0 17 0
5.62486565939974 32 105
0 17 0
13.0774838779005 52 196
6.30489523594598 34 106
0 17 0
0 17 0
9.88311716032777 35 121
0.937195086560091 25 28
18.1503193351652 48 225
0 17 0
13.8817643150223 51 180
15.6924575554142 51 193
15.5930844794209 50 166
29.7953634303778 71 286
0 17 0
0 17 0
0 17 0
16.824073102809 50 184
0 17 0
10.0002463358619 47 160
0 17 0
0 17 0
32.4966301057766 72 355
0 17 0
35.6984195975734 77 317
1.30013250663645 23 7
0 17 0
8.96475034208469 33 120
11.0844391152652 45 183
0 17 0
11.5575304360914 43 165
18.1503193351652 48 225
0 17 0
0 17 0
0 17 0
0 17 0
0 17 0
0 17 0
0 17 0
18.6081321045077 57 251
0 17 0
0 17 0
8.96475034208469 33 120
0 17 0
0 17 0
0 17 0
5.62486565939974 32 105
1.16235001908161 26 36
0 17 0
0 17 0
15.6870659128638 53 214
0 17 0
0 17 0
0 17 0
0 17 0
8.96475034208469 33 120
0 17 0
11.7039795404206 44 169
0 17 0
0 17 0
0 17 0
8.96475034208469 33 120
0 17 0
39.5298982571101 82 407
0 17 0
8.96475034208469 33 120
0 17 0
8.96475034208469 33 120
13.0473566451679 46 162
0 17 0
0 17 0
8.96475034208469 33 120
0 17 0
0 17 0
0 17 0
22.4617893951044 59 280
30.9742613665872 70 292
0 17 0
0 17 0
3.95412571023011 31 91
5.62486565939974 32 105
1.44288005905117 27 45
8.96475034208469 33 120
0 17 0
10.5434777982975 39 135
29.6380820694054 69 319
29.6380820694054 69 319
0 17 0
0 17 0
0 17 0
0 17 0
23.6711374287023 60 289
3.95412571023011 31 91
0 17 0
2.28151506381298 29 66
0 17 0
0 17 0
0.597118515040466 23 15
0 17 0
0 17 0
8.96475034208469 33 120
0.937195086560091 25 28
0 17 0
0 17 0
0 17 0
9.62024687053025 44 171
31.6510890406583 74 337
0 17 0
0 17 0
10.5434777982975 39 135
46.979949526855 87 460
0 17 0
0 17 0
8.96475034208469 33 120
9.62024687053025 44 171
26.5908258744137 66 235
7.78501811996772 38 100
2.95096489651669 30 78
18.1503193351652 48 225
0 17 0
11.5575304360914 43 165
0 17 0
8.96475034208469 33 120
0 17 0
0 17 0
3.95412571023011 31 91
10.9578783926233 41 148
0 17 0
20.4874609528262 53 235
0 17 0
18.1503193351652 48 225
0 17 0
10.5434777982975 39 135
1.16235001908161 26 36
7.78501811996772 38 100
10.5369102272167 49 164
1.44288005905117 27 45
0 17 0
0 17 0
22.6497848096987 59 274
11.7039795404206 44 169
15.0522532244147 47 211
0 17 0
2.28151506381298 29 66
2.95096489651669 30 78
0 17 0
3.95412571023011 31 91
0.350345174396746 21 6
0 17 0
0 17 0
11.2241942901345 42 156
0 17 0
11.5575304360914 43 165
1.80267562618483 28 55
6.60671031160698 36 111
0 17 0
3.95412571023011 31 91
30.7370226356525 67 245
0 17 0
8.96475034208469 33 120
0 17 0
0 17 0
8.96475034208469 33 120
0 17 0
0 17 0
0 17 0
3.95412571023011 31 91
0 17 0
18.1503193351652 48 225
27.5519213322787 62 316
8.96475034208469 33 120
0 17 0
0 17 0
2.95096489651669 30 78
2.95096489651669 30 78
5.62486565939974 32 105
0 17 0
0 17 0
0 17 0
3.95412571023011 31 91
7.78501811996772 38 100
0 17 0
0 17 0
0 17 0
0 17 0
0 17 0
2.28151506381298 29 66
0.597118515040466 23 15
23.2919177771178 60 291
18.0030461602414 56 161
0 17 0
0 17 0
18.1503193351652 48 225
0 17 0
12.5971407289636 50 172
18.1503193351652 48 225
0 17 0
5.62486565939974 32 105
0 17 0
1.44288005905117 27 45
8.96475034208469 33 120
0 17 0
0 17 0
3.95412571023011 31 91
0 17 0
0 17 0
8.96475034208469 33 120
6.77019115487375 37 115
12.6041591571074 45 186
0 17 0
10.5434777982975 39 135
27.5519213322787 62 316
0 17 0
24.692490047706 61 303
27.4927096486597 66 286
2.95096489651669 30 78
3.73804893010275 28 25
27.5519213322787 62 316
0 17 0
5.62486565939974 32 105
8.96475034208469 33 120
0 17 0
0 17 0
14.030900605411 46 196
0 17 0
8.96475034208469 33 120
0 17 0
0 17 0
2.28151506381298 29 66
10.0926522108009 42 144
24.692490047706 61 303
23.2919177771178 60 291
23.6437296933874 63 262
1.16235001908161 26 36
21.4773627348236 58 264
0 17 0
0 17 0
11.7039795404206 44 169
0 17 0
2.95096489651669 30 78
0 17 0
8.96475034208469 33 120
3.95412571023011 31 91
0 17 0
0 17 0
5.62486565939974 32 105
14.030900605411 46 196
0 17 0
0 17 0
0 17 0
8.96475034208469 33 120
8.96475034208469 33 120
0 17 0
0 17 0
0 17 0
0 17 0
14.4100457806277 44 145
2.95096489651669 30 78
3.95412571023011 31 91
0 17 0
11.5575304360914 43 165
8.96475034208469 33 120
8.96475034208469 33 120
0 17 0
3.62910204665502 33 47
0 17 0
0 17 0
0 17 0
0 17 0
3.95412571023011 31 91
1.80267562618483 28 55
24.692490047706 61 303
0 17 0
5.62486565939974 32 105
1.44288005905117 27 45
14.230875695143 51 190
1.44288005905117 27 45
0 17 0
0 17 0
0 17 0
1.80267562618483 28 55
13.0364324811258 46 168
2.28151506381298 29 66
0 17 0
0 17 0
0 17 0
0 17 0
0 17 0
0 17 0
0 17 0
1.44288005905117 27 45
0 17 0
0 17 0
0 17 0
0 17 0
8.96475034208469 33 120
0 17 0
5.62486565939974 32 105
0 17 0
5.62486565939974 32 105
15.0522532244147 47 211
0.752182621475259 24 21
7.37330143146234 41 112
0 17 0
2.95096489651669 30 78
4.0933004139489 33 57
18.1503193351652 48 225
0 17 0
20.0621897109958 51 228
0 17 0
18.1503193351652 48 225
0 17 0
0 17 0
0 17 0
8.96475034208469 33 120
22.6497848096987 59 274
0 17 0
10.369973728714 38 130
5.62486565939974 32 105
0 17 0
0 17 0
11.7039795404206 44 169
8.74451959715197 43 160
0 17 0
5.62486565939974 32 105
10.2071232652655 37 126
8.96475034208469 33 120
43.0501741982687 86 398
18.1503193351652 48 225
18.1503193351652 48 225
0 17 0
0 17 0
0 17 0
8.96475034208469 33 120
0 17 0
22.6497848096987 59 274
0 17 0
3.97245858756027 35 88
8.96475034208469 33 120
0 17 0
0 17 0
0 17 0
8.9212198185026 43 157
0 17 0
0 17 0
0 17 0
5.62486565939974 32 105
11.0844391152652 45 183
11.7039795404206 44 169
0 17 0
0 17 0
0 17 0
3.47938311627329 31 43
14.030900605411 46 196
0 17 0
0 17 0
8.83772704118453 40 121
0 17 0
0 17 0
0 17 0
2.65264452764507 32 61
0 17 0
2.28151506381298 29 66
19.6628076925294 56 235
5.62486565939974 32 105
0 17 0
3.46072741218966 32 79
0 17 0
4.82678431453519 35 97
0 17 0
0 17 0
8.96475034208469 33 120
7.78501811996772 38 100
0 17 0
9.62024687053025 44 171
0 17 0
1.44703745700628 27 29
8.96475034208469 33 120
18.1503193351652 48 225
16.5896990940298 53 217
18.1503193351652 48 225
0 17 0
18.1503193351652 48 225
0 17 0
8.96475034208469 33 120
5.62486565939974 32 105
4.0933004139489 33 57
54.839009618879 97 469
5.62486565939974 32 105
6.39546496630945 39 111
0 17 0
0 17 0
13.5185345827148 46 198
8.96475034208469 33 120
17.2828168934498 55 232
9.67858504784651 46 156
0 17 0
7.41946110193405 40 133
15.0522532244147 47 211
0.752182621475259 24 21
8.96475034208469 33 120
1.6159149854903 22 4
13.5185345827148 46 198
18.1503193351652 48 225
0 17 0
23.6711374287023 60 289
0 17 0
0 17 0
4.4916047968094 37 99
0 17 0
0 17 0
0 17 0
0 17 0
40.4999623213911 82 395
5.62486565939974 32 105
0 17 0
7.7395030271876 41 141
11.7039795404206 44 169
0 17 0
0 17 0
14.3432807945033 54 219
5.62486565939974 32 105
0 17 0
0 17 0
0 17 0
0 17 0
0 17 0
5.62486565939974 32 105
0 17 0
0 17 0
2.28151506381298 29 66
11.0844391152652 45 183
19.9408106685254 58 262
1.16235001908161 26 36
0 17 0
0 17 0
10.369973728714 38 130
12.6041591571074 45 186
7.16438731779053 39 126
3.95412571023011 31 91
5.62486565939974 32 105
8.96475034208469 33 120
0.350345174396746 21 6
5.51630985043956 37 91
0 17 0
8.96475034208469 33 120
0 17 0
0 17 0
0.464891675245066 22 10
0 17 0
0 17 0
37.1639831069631 75 394
0 17 0
2.95096489651669 30 78
0.752182621475259 24 21
2.76031186898601 31 67
1.16235001908161 26 36
0.464891675245066 22 10
25.8189093355003 66 269
0 17 0
0 17 0
8.96475034208469 33 120
0 17 0
5.21954977312991 32 49
4.86946642015079 38 106
0.350345174396746 21 6
0 17 0
0 17 0
19.6628076925294 56 235
0 17 0
0.159465294620753 19 1
5.44574102998567 38 112
0 17 0
20.9302156800648 55 246
18.1503193351652 48 225
0 17 0
15.1086476752702 53 205
8.96475034208469 33 120
0 17 0
8.96475034208469 33 120
29.7572176207109 70 263
0 17 0
8.96475034208469 33 120
9.62024687053025 44 171
0 17 0
6.85714944657555 36 81
0 17 0
7.78501811996772 38 100
0.937195086560091 25 28
0 17 0
18.965385300129 62 244
0 17 0
0 17 0
5.62486565939974 32 105
24.626136631223 60 256
0 17 0
0 17 0
0 17 0
0 17 0
0 17 0
0 17 0
0 17 0
0 17 0
4.46606262609895 30 36
0.937195086560091 25 28
18.1503193351652 48 225
15.9443826041821 53 191
5.62486565939974 32 105
0 17 0
31.4526371116997 71 346
0 17 0
0 17 0
0 17 0
0 17 0
0 17 0
0 17 0
8.96475034208469 33 120
0 17 0
13.9615287323825 49 119
0 17 0
0 17 0
0 17 0
14.030900605411 46 196
5.62486565939974 32 105
2.28151506381298 29 66
2.95096489651669 30 78
0 17 0
9.53942182260301 45 127
0 17 0
0 17 0
0 17 0
2.28151506381298 29 66
5.17628464514844 38 102
0 17 0
2.28151506381298 29 66
8.96475034208469 33 120
0 17 0
15.6924575554142 51 193
8.96475034208469 33 120
32.4966301057766 72 355
15.9831344513011 48 169
0 17 0
11.7039795404206 44 169
0.464891675245066 22 10
0 17 0
0 17 0
0 17 0
0.597118515040466 23 15
8.96475034208469 33 120
0 17 0
33.5357573675383 76 332
8.96475034208469 33 120
5.62486565939974 32 105
0 17 0
0 17 0
18.1503193351652 48 225
0 17 0
0 17 0
0 17 0
3.95412571023011 31 91
11.0844391152652 45 183
14.030900605411 46 196
0 17 0
27.5519213322787 62 316
2.28151506381298 29 66
0.597118515040466 23 15
0 17 0
1.44288005905117 27 45
0 17 0
0 17 0
0 17 0
15.0522532244147 47 211
10.7359255379414 40 141
0 17 0
5.39317842433096 39 114
0 17 0
0 17 0
0 17 0
0 17 0
0 17 0
3.95412571023011 31 91
1.16235001908161 26 36
0 17 0
0 17 0
0 17 0
0 17 0
7.47872268054909 41 133
0 17 0
8.96475034208469 33 120
3.95412571023011 31 91
3.95412571023011 31 91
8.96475034208469 33 120
8.96475034208469 33 120
0 17 0
0 17 0
0 17 0
11.5575304360914 43 165
8.96475034208469 33 120
0 17 0
0 17 0
15.0522532244147 47 211
8.96475034208469 33 120
0 17 0
8.96475034208469 33 120
0 17 0
22.6497848096987 59 274
2.95096489651669 30 78
0 17 0
0 17 0
0 17 0
1.6159149854903 22 4
0 17 0
0 17 0
0 17 0
0 17 0
0 17 0
0 17 0
1.44288005905117 27 45
3.95412571023011 31 91
1.44288005905117 27 45
0.937195086560091 25 28
2.60574036652049 30 38
0 17 0
8.96475034208469 33 120
0 17 0
4.76343602764567 35 73
0 17 0
0.752182621475259 24 21
1.16235001908161 26 36
0 17 0
0 17 0
5.62486565939974 32 105
0 17 0
0 17 0
5.39317842433096 39 114
1.16235001908161 26 36
0.249577892041912 20 3
5.62486565939974 32 105
8.96475034208469 33 120
4.14146376389807 31 32
0.752182621475259 24 21
0 17 0
18.1503193351652 48 225
0 17 0
0 17 0
0 17 0
29.0787057134411 72 285
0 17 0
0 17 0
0 17 0
0 17 0
0 17 0
2.95096489651669 30 78
8.9212198185026 43 157
9.88311716032777 35 121
5.20280110810897 37 106
0 17 0
0 17 0
0 17 0
7.47872268054909 41 133
0 17 0
2.95096489651669 30 78
0.249577892041912 20 3
0 17 0
0 17 0
0 17 0
8.96475034208469 33 120
0 17 0
0 17 0
2.90428151625721 29 31
0 17 0
8.96475034208469 33 120
0.752182621475259 24 21
15.5930844794209 50 166
3.95412571023011 31 91
0 17 0
0 17 0
0 17 0
0 17 0
0 17 0
0 17 0
0 17 0
11.7039795404206 44 169
0 17 0
0 17 0
0 17 0
0 17 0
6.39546496630945 39 111
0 17 0
0 17 0
3.95412571023011 31 91
0 17 0
0 17 0
8.96475034208469 33 120
0 17 0
32.4966301057766 72 355
0 17 0
8.96475034208469 33 120
0 17 0
0 17 0
0 17 0
8.96475034208469 33 120
0 17 0
0 17 0
2.95096489651669 30 78
0.159465294620753 19 1
0 17 0
0 17 0
8.96475034208469 33 120
15.0522532244147 47 211
15.7511237779028 52 213
24.692490047706 61 303
8.45014193434722 42 134
1.16235001908161 26 36
0.937195086560091 25 28
5.62486565939974 32 105
8.96475034208469 33 120
0 17 0
0 17 0
0 17 0
3.95412571023011 31 91
0 17 0
13.0308828939181 46 170
11.5575304360914 43 165
0 17 0
46.979949526855 87 460
8.96475034208469 33 120
0.597118515040466 23 15
0 17 0
0 17 0
0 17 0
0 17 0
10.9578783926233 41 148
2.95096489651669 30 78
8.96475034208469 33 120
1.80267562618483 28 55
0 17 0
0 17 0
5.69989518440184 29 19
0 17 0
5.17628464514844 38 102
8.96475034208469 33 120
0 17 0
0 17 0
17.4387755024914 53 199
8.96475034208469 33 120
0 17 0
8.96475034208469 33 120
0 17 0
0 17 0
14.0615978276427 49 180
10.9578783926233 41 148
8.96475034208469 33 120
1.80267562618483 28 55
6.70526615713066 41 136
0 17 0
22.6497848096987 59 274
0 17 0
6.17533470089509 40 123
13.5185345827148 46 198
8.96475034208469 33 120
0 17 0
14.030900605411 46 196
15.0522532244147 47 211
2.28151506381298 29 66
0 17 0
21.5053313894618 57 261
0 17 0
18.1503193351652 48 225
1.44288005905117 27 45
2.95096489651669 30 78
0 17 0
0 17 0
0 17 0
14.030900605411 46 196
0 17 0
1.80267562618483 28 55
0 17 0
21.4773627348236 58 264
0 17 0
0 17 0
3.95412571023011 31 91
8.96475034208469 33 120
11.5575304360914 43 165
0 17 0
0 17 0
0 17 0
6.01079716385967 34 64
0 17 0
8.96475034208469 33 120
0 17 0
0 17 0
0 17 0
1.44288005905117 27 45
0 17 0
0 17 0
11.7039795404206 44 169
2.28151506381298 29 66
1.16235001908161 26 36
0 17 0
5.62486565939974 32 105
0 17 0
0 17 0
3.95412571023011 31 91
15.0522532244147 47 211
0 17 0
0 17 0
0.752182621475259 24 21
0 17 0
0 17 0
0 17 0
0 17 0
2.28151506381298 29 66
0 17 0
6.15016811667743 40 127
0 17 0
0 17 0
0 17 0
0 17 0
14.0615978276427 49 180
0 17 0
8.96475034208469 33 120
10.2071232652655 37 126
37.8426693771403 77 385
0 17 0
0 17 0
8.83772704118453 40 121
0 17 0
8.96475034208469 33 120
2.90428151625721 29 31
0 17 0
0 17 0
0 17 0
27.5519213322787 62 316
0 17 0
8.96475034208469 33 120
0 17 0
8.96475034208469 33 120
0 17 0
0 17 0
18.1503193351652 48 225
0 17 0
3.95412571023011 31 91
17.4387755024914 53 199
0 17 0
18.1503193351652 48 225
0 17 0
8.96475034208469 33 120
0 17 0
0 17 0
0 17 0
11.7039795404206 44 169
0 17 0
5.62486565939974 32 105
0 17 0
23.2032217028361 62 190
8.96475034208469 33 120
0 17 0
5.62486565939974 32 105
8.96475034208469 33 120
5.62486565939974 32 105
2.28151506381298 29 66
1.16235001908161 26 36
2.95096489651669 30 78
2.28151506381298 29 66
23.6096738031747 66 283
0 17 0
0 17 0
0 17 0
14.030900605411 46 196
16.0454307374373 53 219
0 17 0
0 17 0
0 17 0
0 17 0
3.95412571023011 31 91
0 17 0
2.28151506381298 29 66
8.96475034208469 33 120
5.62486565939974 32 105
19.1713781764687 55 214
0 17 0
0 17 0
0 17 0
0 17 0
0 17 0
0 17 0
0 17 0
0.937195086560091 25 28
0 17 0
0 17 0
0 17 0
8.96475034208469 33 120
0 17 0
8.96475034208469 33 120
19.6628076925294 56 235
8.96475034208469 33 120
0 17 0
0 17 0
5.62486565939974 32 105
0 17 0
0 17 0
0 17 0
11.5575304360914 43 165
0 17 0
0 17 0
0.249577892041912 20 3
0 17 0
0 17 0
6.17533470089509 40 123
2.28151506381298 29 66
0 17 0
0 17 0
0 17 0
1.82383844184474 25 13
1.44288005905117 27 45
0 17 0
0 17 0
0 17 0
0 17 0
0 17 0
10.0474904951052 36 123
0 17 0
5.62486565939974 32 105
18.1503193351652 48 225
0 17 0
5.62486565939974 32 105
5.62486565939974 32 105
11.7039795404206 44 169
8.96475034208469 33 120
23.4288926271301 63 232
8.83772704118453 40 121
8.96475034208469 33 120
0 17 0
2.28151506381298 29 66
5.62486565939974 32 105
11.995197345772 44 175
1.30013250663645 23 7
0 17 0
6.85714944657555 36 81
38.2519248395363 81 389
2.95096489651669 30 78
0 17 0
0 17 0
8.96475034208469 33 120
0 17 0
0 17 0
0 17 0
15.0522532244147 47 211
8.96475034208469 33 120
7.78501811996772 38 100
0 17 0
8.96475034208469 33 120
0 17 0
0 17 0
0.937195086560091 25 28
10.9360137582277 42 119
5.62486565939974 32 105
0 17 0
0 17 0
0 17 0
0 17 0
14.030900605411 46 196
11.7039795404206 44 169
25.5098182340799 66 292
0 17 0
5.21954977312991 32 49
0 17 0
5.62486565939974 32 105
2.95096489651669 30 78
0 17 0
0 17 0
8.96475034208469 33 120
0 17 0
0 17 0
8.96475034208469 33 120
7.78501811996772 38 100
8.96475034208469 33 120
0 17 0
7.37487855796454 42 98
0 17 0
0 17 0
3.95412571023011 31 91
0 17 0
0 17 0
0 17 0
0 17 0
3.95412571023011 31 91
0 17 0
0 17 0
0 17 0
1.44288005905117 27 45
0 17 0
0 17 0
18.1503193351652 48 225
0.350345174396746 21 6
12.6041591571074 45 186
0.464891675245066 22 10
3.95412571023011 31 91
1.44288005905117 27 45
0 17 0
0 17 0
0 17 0
0 17 0
20.023832189674 57 223
0 17 0
0 17 0
8.83772704118453 40 121
0.597118515040466 23 15
0 17 0
0 17 0
0 17 0
13.5185345827148 46 198
0 17 0
8.96475034208469 33 120
4.86946642015079 38 106
8.77379218778906 46 135
1.80267562618483 28 55
9.66797569828659 38 64
0 17 0
2.90428151625721 29 31
15.8595259820582 54 214
0 17 0
27.5519213322787 62 316
31.4526371116997 71 346
0 17 0
0 17 0
20.2735674294613 59 214
16.0945500101858 54 212
8.83772704118453 40 121
8.96475034208469 33 120
5.62486565939974 32 105
0 17 0
0 17 0
8.96475034208469 33 120
0 17 0
14.230875695143 51 190
0 17 0
0 17 0
0 17 0
37.2305722205326 80 374
10.9578783926233 41 148
0 17 0
0 17 0
0 17 0
0 17 0
0 17 0
1.6159149854903 22 4
3.95412571023011 31 91
0 17 0
3.02597600196849 26 16
5.62486565939974 32 105
0 17 0
0 17 0
6.85714944657555 36 81
0 17 0
0 17 0
15.0522532244147 47 211
0 17 0
0 17 0
8.96475034208469 33 120
0 17 0
3.95412571023011 31 91
0 17 0
0 17 0
0 17 0
8.83772704118453 40 121
4.0933004139489 33 57
0 17 0
7.78501811996772 38 100
5.21954977312991 32 49
0 17 0
0 17 0
15.0522532244147 47 211
0 17 0
14.030900605411 46 196
0 17 0
11.7039795404206 44 169
2.35565254903341 27 21
0 17 0
14.030900605411 46 196
0 17 0
0 17 0
0 17 0
0 17 0
13.5185345827148 46 198
0 17 0
31.0631836192821 68 331
0 17 0
0 17 0
0 17 0
0 17 0
8.96475034208469 33 120
0 17 0
0.937195086560091 25 28
3.95412571023011 31 91
0 17 0
8.96475034208469 33 120
5.62486565939974 32 105
15.4435543447466 52 203
0 17 0
2.95096489651669 30 78
0 17 0
0 17 0
18.1503193351652 48 225
8.96475034208469 33 120
0 17 0
7.78501811996772 38 100
0 17 0
5.62486565939974 32 105
0 17 0
1.80267562618483 28 55
0 17 0
12.6041591571074 45 186
0 17 0
0 17 0
0 17 0
0 17 0
8.96475034208469 33 120
0 17 0
0 17 0
0 17 0
0 17 0
0 17 0
2.28151506381298 29 66
0 17 0
43.5447469917131 85 330
4.67016205592903 34 94
0 17 0
5.39317842433096 39 114
0 17 0
0 17 0
2.95096489651669 30 78
0.159465294620753 19 1
8.96475034208469 33 120
3.95412571023011 31 91
0.350345174396746 21 6
0 17 0
0 17 0
1.6159149854903 22 4
1.80267562618483 28 55
3.95412571023011 31 91
0 17 0
5.62486565939974 32 105
1.16235001908161 26 36
18.1503193351652 48 225
0 17 0
8.96475034208469 33 120
1.80267562618483 28 55
0 17 0
14.030900605411 46 196
33.5179827247802 73 369
0 17 0
3.95412571023011 31 91
8.96475034208469 33 120
14.030900605411 46 196
18.1503193351652 48 225
3.95412571023011 31 91
0 17 0
0 17 0
0 17 0
0 17 0
1.44703745700628 27 29
15.0522532244147 47 211
0 17 0
19.6628076925294 56 235
5.62486565939974 32 105
8.96475034208469 33 120
0 17 0
0 17 0
21.4773627348236 58 264
8.01590375179628 42 102
0 17 0
2.28151506381298 29 66
0 17 0
0 17 0
0 17 0
3.95412571023011 31 91
0 17 0
23.1884895494255 59 164
5.62486565939974 32 105
0 17 0
0.937195086560091 25 28
11.2241942901345 42 156
0 17 0
5.76478238466306 37 71
0 17 0
0.752182621475259 24 21
10.0926522108009 42 144
0 17 0
0 17 0
6.39546496630945 39 111
10.7359255379414 40 141
7.78501811996772 38 100
18.1503193351652 48 225
0 17 0
0 17 0
0 17 0
0 17 0
8.96475034208469 33 120
0 17 0
8.96475034208469 33 120
27.6244439833866 69 255
0 17 0
8.96475034208469 33 120
0.937195086560091 25 28
0 17 0
9.88311716032777 35 121
1.44288005905117 27 45
0 17 0
0 17 0
5.62486565939974 32 105
0 17 0
0 17 0
21.9968423767964 61 199
23.3618762140382 65 283
0 17 0
15.0522532244147 47 211
9.28186757805289 46 132
10.9578783926233 41 148
9.66797569828659 38 64
26.4190185813649 64 295
10.0002463358619 47 160
0 17 0
8.96475034208469 33 120
16.1103676246253 51 206
0 17 0
18.1503193351652 48 225
0 17 0
0 17 0
8.96475034208469 33 120
11.995197345772 44 175
0 17 0
6.39546496630945 39 111
0 17 0
17.8146165412885 56 241
5.62486565939974 32 105
0 17 0
0 17 0
6.70526615713066 41 136
0.937195086560091 25 28
8.96475034208469 33 120
0 17 0
0 17 0
2.28151506381298 29 66
0 17 0
0 17 0
0 17 0
0 17 0
8.96475034208469 33 120
0 17 0
0 17 0
4.67016205592903 34 94
27.5519213322787 62 316
15.5930844794209 50 166
5.62486565939974 32 105
42.5366741310979 86 399
8.96475034208469 33 120
1.80267562618483 28 55
6.17533470089509 40 123
0 17 0
8.96475034208469 33 120
0 17 0
0 17 0
0 17 0
0 17 0
0 17 0
8.96475034208469 33 120
0 17 0
0 17 0
3.65718994639453 27 14
8.96475034208469 33 120
18.1503193351652 48 225
0 17 0
15.0522532244147 47 211
0 17 0
40.5386672519622 83 375
0 17 0
0 17 0
0 17 0
0 17 0
2.95096489651669 30 78
2.95096489651669 30 78
20.2783812181946 52 231
16.4544925161846 52 140
12.8810424476988 40 129
0 17 0
13.6357786879099 48 175
18.1503193351652 48 225
11.5575304360914 43 165
0 17 0
5.76478238466306 37 71
8.96475034208469 33 120
0 17 0
0 17 0
1.16235001908161 26 36
0 17 0
8.96475034208469 33 120
0 17 0
8.96475034208469 33 120
0 17 0
0 17 0
1.80267562618483 28 55
0 17 0
0 17 0
0 17 0
2.95096489651669 30 78
4.82678431453519 35 97
1.80267562618483 28 55
1.80267562618483 28 55
0 17 0
2.95096489651669 30 78
4.44364728041798 37 94
0 17 0
8.96475034208469 33 120
8.96475034208469 33 120
0 17 0
0 17 0
0 17 0
0 17 0
15.0522532244147 47 211
0 17 0
0 17 0
0 17 0
0 17 0
18.1503193351652 48 225
0 17 0
8.96475034208469 33 120
23.2919177771178 60 291
0.350345174396746 21 6
0 17 0
0 17 0
8.96475034208469 33 120
19.7787230949865 51 166
5.62486565939974 32 105
13.6778253272031 53 189
9.56952389204964 44 127
0 17 0
0 17 0
0 17 0
0 17 0
5.759167497822 40 102
3.95412571023011 31 91
0.159465294620753 19 1
2.95096489651669 30 78
3.08421118093105 33 60
17.0244279839878 45 139
0 17 0
27.5519213322787 62 316
0 17 0
0 17 0
0 17 0
11.995197345772 44 175
0 17 0
0 17 0
0 17 0
5.62486565939974 32 105
2.95096489651669 30 78
0 17 0
14.030900605411 46 196
1.44288005905117 27 45
0 17 0
0 17 0
94.8902567418605 128 621
8.96475034208469 33 120
3.95412571023011 31 91
0 17 0
0 17 0
13.5185345827148 46 198
0 17 0
0 17 0
0 17 0
3.73804893010275 28 25
0 17 0
21.9080250885958 58 270
18.1503193351652 48 225
0 17 0
8.96475034208469 33 120
21.9988903859501 64 262
0 17 0
15.0522532244147 47 211
0 17 0
18.7505547840084 54 220
0 17 0
0.159465294620753 19 1
0 17 0
0 17 0
0 17 0
0 17 0
22.6664334520008 55 236
0 17 0
0 17 0
8.96475034208469 33 120
0 17 0
20.3174197989276 55 164
2.95096489651669 30 78
0 17 0
10.0926522108009 42 144
0 17 0
0.159465294620753 19 1
0 17 0
0 17 0
0 17 0
0 17 0
1.6159149854903 22 4
0 17 0
3.95223997549021 36 87
8.96475034208469 33 120
11.995197345772 44 175
0 17 0
0 17 0
8.96475034208469 33 120
8.96475034208469 33 120
5.62486565939974 32 105
0 17 0
14.044970939764 52 191
0 17 0
8.96475034208469 33 120
0 17 0
0 17 0
0 17 0
3.71585736877975 34 66
0 17 0
0 17 0
0.937195086560091 25 28
0 17 0
14.030900605411 46 196
13.9365687356086 50 184
0 17 0
8.96475034208469 33 120
0 17 0
12.6041591571074 45 186
0 17 0
0 17 0
2.95096489651669 30 78
0 17 0
0 17 0
0 17 0
8.96475034208469 33 120
14.2623473301751 43 74
0 17 0
0.464891675245066 22 10
0 17 0
0 17 0
0.159465294620753 19 1
8.96475034208469 33 120
1.44288005905117 27 45
5.20280110810897 37 106
3.02597600196849 26 16
0 17 0
0 17 0
0 17 0
5.62486565939974 32 105
6.01079716385967 34 64
11.6251096291767 47 142
0.464891675245066 22 10
0 17 0
0 17 0
5.62486565939974 32 105
8.96475034208469 33 120
0 17 0
9.23030799426728 42 126
0 17 0
0 17 0
0 17 0
0 17 0
15.0522532244147 47 211
6.85714944657555 36 81
4.46606262609895 30 36
0 17 0
8.96475034208469 33 120
0 17 0
3.95412571023011 31 91
0 17 0
3.95412571023011 31 91
0 17 0
0 17 0
0 17 0
9.82192844480882 41 121
0 17 0
0 17 0
2.95096489651669 30 78
0 17 0
0 17 0
5.62486565939974 32 105
8.9212198185026 43 157
18.1503193351652 48 225
0 17 0
0.159465294620753 19 1
2.28151506381298 29 66
0 17 0
5.62486565939974 32 105
0 17 0
15.0522532244147 47 211
2.28151506381298 29 66
0 17 0
0 17 0
0 17 0
26.5180878535293 64 232
2.28151506381298 29 66
27.5519213322787 62 316
0.597118515040466 23 15
0 17 0
0 17 0
0 17 0
8.96475034208469 33 120
0 17 0
0 17 0
0 17 0
0 17 0
11.7039795404206 44 169
12.2860840401591 48 149
1.16235001908161 26 36
0 17 0
0 17 0
0.464891675245066 22 10
0 17 0
0 17 0
0 17 0
0.752182621475259 24 21
6.85714944657555 36 81
14.030900605411 46 196
10.2071232652655 37 126
0 17 0
8.56901007843156 43 114
0 17 0
0 17 0
0 17 0
8.96475034208469 33 120
0 17 0
0 17 0
11.0844391152652 45 183
8.96475034208469 33 120
0 17 0
0 17 0
0 17 0
0.597118515040466 23 15
0 17 0
17.356802503885 53 226
1.44288005905117 27 45
0 17 0
8.96475034208469 33 120
10.369973728714 38 130
2.95096489651669 30 78
1.44288005905117 27 45
8.96475034208469 33 120
0 17 0
5.62486565939974 32 105
13.5185345827148 46 198
0 17 0
0 17 0
0 17 0
0 17 0
8.96475034208469 33 120
8.96475034208469 33 120
0 17 0
14.030900605411 46 196
8.96475034208469 33 120
0.937195086560091 25 28
0.350345174396746 21 6
8.96475034208469 33 120
8.96475034208469 33 120
8.96475034208469 33 120
4.4916047968094 37 99
0 17 0
0 17 0
0 17 0
0 17 0
1.80267562618483 28 55
0 17 0
0 17 0
8.96475034208469 33 120
0 17 0
3.95412571023011 31 91
8.96475034208469 33 120
0 17 0
0 17 0
7.06251691105113 43 112
0 17 0
18.1503193351652 48 225
0 17 0
0 17 0
0 17 0
0 17 0
8.96475034208469 33 120
11.7039795404206 44 169
18.1503193351652 48 225
5.62486565939974 32 105
18.1503193351652 48 225
0 17 0
0 17 0
0 17 0
1.44288005905117 27 45
5.62486565939974 32 105
8.96475034208469 33 120
0 17 0
0.752182621475259 24 21
8.96475034208469 33 120
0 17 0
0 17 0
0 17 0
0 17 0
0 17 0
0 17 0
0 17 0
0 17 0
5.62486565939974 32 105
8.83772704118453 40 121
7.41946110193405 40 133
0 17 0
0 17 0
0.464891675245066 22 10
11.0844391152652 45 183
11.0844391152652 45 183
0 17 0
0 17 0
0 17 0
0 17 0
5.75034004911446 39 119
0 17 0
0 17 0
0 17 0
0 17 0
1.30013250663645 23 7
14.030900605411 46 196
0 17 0
0 17 0
14.1253465888624 51 186
6.9526964356802 38 120
14.030900605411 46 196
0 17 0
8.96475034208469 33 120
0 17 0
0 17 0
8.96475034208469 33 120
8.96475034208469 33 120
0 17 0
20.9621632875291 59 277
0 17 0
0 17 0
2.95096489651669 30 78
18.1503193351652 48 225
25.6545182970574 64 284
0 17 0
8.96475034208469 33 120
0 17 0
14.030900605411 46 196
3.95412571023011 31 91
0 17 0
8.96475034208469 33 120
1.44288005905117 27 45
0 17 0
18.1503193351652 48 225
13.6357786879099 48 175
8.96475034208469 33 120
0 17 0
8.96475034208469 33 120
0 17 0
13.3821698778089 49 157
12.0999105933486 38 124
0 17 0
3.95412571023011 31 91
0 17 0
16.3932712613288 54 222
0 17 0
2.07580891028492 29 34
0 17 0
0 17 0
8.96475034208469 33 120
0 17 0
0 17 0
0.597118515040466 23 15
0 17 0
0 17 0
0 17 0
11.0844391152652 45 183
0 17 0
0.249577892041912 20 3
0 17 0
11.5575304360914 43 165
0 17 0
27.5519213322787 62 316
0 17 0
0 17 0
12.0999105933486 38 124
0 17 0
1.16235001908161 26 36
10.5434777982975 39 135
0 17 0
7.41946110193405 40 133
0 17 0
0 17 0
0 17 0
8.96475034208469 33 120
8.96475034208469 33 120
18.1503193351652 48 225
0 17 0
3.95412571023011 31 91
1.80267562618483 28 55
2.28151506381298 29 66
18.1503193351652 48 225
2.95096489651669 30 78
0 17 0
0 17 0
0 17 0
0 17 0
1.80267562618483 28 55
0 17 0
8.96475034208469 33 120
5.62486565939974 32 105
0 17 0
20.8928335731454 56 212
0 17 0
7.78501811996772 38 100
0 17 0
8.96475034208469 33 120
2.95096489651669 30 78
0.464891675245066 22 10
8.96475034208469 33 120
8.96475034208469 33 120
0 17 0
0 17 0
4.46606262609895 30 36
27.5519213322787 62 316
0 17 0
0 17 0
0 17 0
0 17 0
3.95412571023011 31 91
0 17 0
0 17 0
0.752182621475259 24 21
5.62486565939974 32 105
0 17 0
18.4286524481818 59 220
0.597118515040466 23 15
0 17 0
0 17 0
8.96475034208469 33 120
27.3220659799936 68 309
14.030900605411 46 196
0 17 0
0 17 0
0 17 0
8.9212198185026 43 157
0 17 0
10.5434777982975 39 135
13.5185345827148 46 198
0.464891675245066 22 10
8.96475034208469 33 120
0 17 0
0 17 0
0 17 0
8.96475034208469 33 120
0 17 0
0 17 0
0 17 0
18.9194580495218 57 249
0 17 0
0 17 0
0 17 0
0 17 0
0 17 0
3.95412571023011 31 91
8.96475034208469 33 120
0 17 0
2.28151506381298 29 66
0.597118515040466 23 15
44.6286426339469 87 404
0.159465294620753 19 1
8.96475034208469 33 120
0 17 0
0 17 0
8.96475034208469 33 120
4.36472729650114 32 37
0 17 0
0 17 0
0.464891675245066 22 10
0.350345174396746 21 6
5.62486565939974 32 105
0 17 0
8.15999429636653 42 150
8.44316336447978 38 55
0 17 0
0 17 0
6.85714944657555 36 81
3.95412571023011 31 91
0 17 0
0 17 0
8.96475034208469 33 120
8.96475034208469 33 120
8.96475034208469 33 120
5.62486565939974 32 105
23.6711374287023 60 289
0 17 0
0 17 0
0 17 0
7.95516403525575 38 70
0 17 0
0 17 0
2.28151506381298 29 66
8.96475034208469 33 120
0 17 0
0 17 0
0 17 0
0.464891675245066 22 10
17.363999005619 58 177
8.96475034208469 33 120
0.159465294620753 19 1
0 17 0
1.80267562618483 28 55
4.52283227712365 33 92
8.96475034208469 33 120
3.95412571023011 31 91
0 17 0
8.96475034208469 33 120
0.464891675245066 22 10
0 17 0
0 17 0
0 17 0
0 17 0
0 17 0
5.62486565939974 32 105
14.4100457806277 44 145
2.95096489651669 30 78
0 17 0
0 17 0
0 17 0
0 17 0
6.15016811667743 40 127
0 17 0
3.95412571023011 31 91
0 17 0
0 17 0
8.96475034208469 33 120
18.1503193351652 48 225
0 17 0
0 17 0
8.96475034208469 33 120
30.8114746246094 67 326
11.8319013772891 40 131
8.96475034208469 33 120
0 17 0
5.62486565939974 32 105
0 17 0
0 17 0
5.62486565939974 32 105
0 17 0
0 17 0
0 17 0
0 17 0
10.0926522108009 42 144
0 17 0
8.96475034208469 33 120
5.62486565939974 32 105
10.0926522108009 42 144
0 17 0
18.1503193351652 48 225
11.7039795404206 44 169
0 17 0
3.95412571023011 31 91
27.6972235350647 66 313
0 17 0
8.96475034208469 33 120
13.4642491081113 48 175
8.96475034208469 33 120
0 17 0
5.62486565939974 32 105
0 17 0
0 17 0
0 17 0
0 17 0
1.44288005905117 27 45
6.01079716385967 34 64
0 17 0
0 17 0
8.74451959715197 43 160
33.2671921539939 73 371
37.1639831069631 75 394
0 17 0
1.65662549700576 26 18
0 17 0
11.0844391152652 45 183
9.09055151875595 43 104
0 17 0
4.46606262609895 30 36
0 17 0
0 17 0
15.0522532244147 47 211
6.67054044919711 37 61
0 17 0
0 17 0
0 17 0
0 17 0
5.62486565939974 32 105
5.62486565939974 32 105
15.0522532244147 47 211
15.0522532244147 47 211
0 17 0
5.62486565939974 32 105
8.96475034208469 33 120
0 17 0
0 17 0
8.96475034208469 33 120
18.1503193351652 48 225
8.96475034208469 33 120
3.95412571023011 31 91
10.5434777982975 39 135
0.752182621475259 24 21
0 17 0
0 17 0
12.4570282592501 44 157
18.1503193351652 48 225
18.1503193351652 48 225
5.62486565939974 32 105
5.21954977312991 32 49
8.96475034208469 33 120
0 17 0
27.5519213322787 62 316
0 17 0
36.1664876460931 72 224
0 17 0
2.28151506381298 29 66
0 17 0
0 17 0
0 17 0
0.159465294620753 19 1
23.2919177771178 60 291
0 17 0
0 17 0
0 17 0
7.7395030271876 41 141
0 17 0
11.2241942901345 42 156
8.96475034208469 33 120
14.030900605411 46 196
0 17 0
0 17 0
0 17 0
0 17 0
0 17 0
15.0522532244147 47 211
0 17 0
0.350345174396746 21 6
6.9526964356802 38 120
0 17 0
0 17 0
19.0006699946725 56 146
0 17 0
10.0926522108009 42 144
0 17 0
18.1503193351652 48 225
0 17 0
14.030900605411 46 196
1.44288005905117 27 45
0 17 0
8.96475034208469 33 120
0 17 0
0 17 0
4.46606262609895 30 36
0 17 0
2.28151506381298 29 66
0 17 0
0.249577892041912 20 3
15.300557694638 52 137
0 17 0
0 17 0
22.6497848096987 59 274
3.95412571023011 31 91
16.560056295876 49 131
0 17 0
12.9343063513387 42 70
0 17 0
0 17 0
2.28151506381298 29 66
0 17 0
0 17 0
0 17 0
23.6711374287023 60 289
0 17 0
0 17 0
0 17 0
0.350345174396746 21 6
0 17 0
0 17 0
23.6711374287023 60 289
1.16235001908161 26 36
0.597118515040466 23 15
0 17 0
8.96475034208469 33 120
11.9199452392906 46 128
0 17 0
1.44288005905117 27 45
0 17 0
0 17 0
8.96475034208469 33 120
0 17 0
35.9761314357277 75 334
0 17 0
0 17 0
0 17 0
3.95412571023011 31 91
2.28151506381298 29 66
0 17 0
7.16438731779053 39 126
22.5962680410518 57 205
17.7328190733382 52 201
0 17 0
0 17 0
38.1059420261834 80 390
11.8027071438196 51 185
2.28151506381298 29 66
8.96475034208469 33 120
5.63120989887766 40 97
6.06897621316442 37 87
0 17 0
5.62486565939974 32 105
0 17 0
24.692490047706 61 303
0 17 0
5.62486565939974 32 105
0 17 0
0.464891675245066 22 10
0.350345174396746 21 6
5.62486565939974 32 105
0.597118515040466 23 15
0.752182621475259 24 21
0 17 0
0 17 0
0 17 0
1.30859232151149 26 22
27.5519213322787 62 316
1.44288005905117 27 45
0 17 0
0 17 0
8.96475034208469 33 120
9.3386343712797 40 79
20.2783812181946 52 231
18.1503193351652 48 225
0.159465294620753 19 1
0 17 0
18.1503193351652 48 225
0 17 0
8.96475034208469 33 120
0 17 0
0 17 0
0 17 0
10.0926522108009 42 144
0.464891675245066 22 10
0 17 0
0 17 0
0 17 0
0 17 0
2.95096489651669 30 78
0 17 0
0 17 0
1.16235001908161 26 36
0 17 0
0 17 0
2.95096489651669 30 78
0 17 0
0 17 0
8.96475034208469 33 120
8.96475034208469 33 120
2.95096489651669 30 78
0 17 0
5.62486565939974 32 105
0 17 0
0.597118515040466 23 15
3.95412571023011 31 91
1.80267562618483 28 55
4.46606262609895 30 36
0 17 0
0 17 0
14.030900605411 46 196
0 17 0
11.7039795404206 44 169
0 17 0
18.1503193351652 48 225
8.74451959715197 43 160
0 17 0
3.95412571023011 31 91
0 17 0
8.96475034208469 33 120
0 17 0
0 17 0
26.3007133609899 67 298
15.1086476752702 53 205
0 17 0
0 17 0
6.85714944657555 36 81
0 17 0
0 17 0
0 17 0
8.96475034208469 33 120
0 17 0
10.6640520202508 47 142
8.96475034208469 33 120
0 17 0
0 17 0
8.96475034208469 33 120
0 17 0
1.80267562618483 28 55
1.44288005905117 27 45
0 17 0
0 17 0
0 17 0
5.62486565939974 32 105
0 17 0
0 17 0
16.5896990940298 53 217
0 17 0
0 17 0
0 17 0
8.96475034208469 33 120
5.62486565939974 32 105
15.0522532244147 47 211
0 17 0
0 17 0
0.249577892041912 20 3
2.95096489651669 30 78
8.96475034208469 33 120
8.9212198185026 43 157
0 17 0
0 17 0
0 17 0
0 17 0
11.995197345772 44 175
4.80677034476703 30 24
27.5519213322787 62 316
0 17 0
5.62486565939974 32 105
0 17 0
7.5355728020355 42 146
0 17 0
0 17 0
8.96475034208469 33 120
8.96475034208469 33 120
0 17 0
8.96475034208469 33 120
1.16235001908161 26 36
0 17 0
0 17 0
0 17 0
15.0522532244147 47 211
3.59687024285494 35 81
0 17 0
0 17 0
5.62486565939974 32 105
0 17 0
0 17 0
0 17 0
10.0926522108009 42 144
0.937195086560091 25 28
10.8985926202869 45 119
4.44364728041798 37 94
19.7787230949865 51 166
0.350345174396746 21 6
3.95412571023011 31 91
30.605776325676 75 337
0 17 0
0.159465294620753 19 1
0 17 0
0 17 0
0 17 0
0 17 0
5.62486565939974 32 105
0 17 0
5.62486565939974 32 105
7.78501811996772 38 100
18.1503193351652 48 225
0.597118515040466 23 15
0 17 0
0.350345174396746 21 6
11.0844391152652 45 183
0 17 0
0.249577892041912 20 3
17.6110517130335 54 232
14.3998711355934 54 216
0 17 0
5.62486565939974 32 105
0 17 0
3.95412571023011 31 91
5.62486565939974 32 105
0 17 0
0 17 0
0 17 0
0 17 0
0 17 0
0 17 0
0 17 0
0 17 0
0.249577892041912 20 3
1.16235001908161 26 36
0 17 0
2.92215164690254 32 69
8.96475034208469 33 120
0 17 0
0 17 0
1.64375232030072 28 37
0 17 0
0 17 0
8.96475034208469 33 120
24.3742105234768 65 271
15.0522532244147 47 211
28.0318088899042 66 283
0 17 0
0 17 0
9.56952389204964 44 127
0 17 0
0 17 0
0.350345174396746 21 6
8.96475034208469 33 120
0 17 0
0 17 0
2.95096489651669 30 78
0 17 0
0 17 0
0 17 0
0 17 0
0 17 0
10.8336781159577 45 131
1.44288005905117 27 45
0.350345174396746 21 6
0.752182621475259 24 21
0 17 0
0 17 0
2.95096489651669 30 78
15.0522532244147 47 211
0.159465294620753 19 1
0 17 0
0 17 0
0 17 0
0 17 0
18.1503193351652 48 225
14.030900605411 46 196
8.96475034208469 33 120
0 17 0
5.62486565939974 32 105
0 17 0
0 17 0
2.76031186898601 31 67
0 17 0
1.44288005905117 27 45
0 17 0
2.28151506381298 29 66
8.96475034208469 33 120
0 17 0
8.96475034208469 33 120
0 17 0
0 17 0
8.74451959715197 43 160
23.2755260105572 65 221
13.461902504165 52 204
27.2440629441836 67 310
2.26864235515626 30 56
4.67016205592903 34 94
1.82383844184474 25 13
0 17 0
12.6041591571074 45 186
0 17 0
8.96475034208469 33 120
0 17 0
0 17 0
0 17 0
0.937195086560091 25 28
0 17 0
21.191117946368 56 253
8.96475034208469 33 120
0 17 0
5.62486565939974 32 105
0 17 0
0 17 0
11.7039795404206 44 169
5.62486565939974 32 105
8.96475034208469 33 120
2.95096489651669 30 78
14.0615978276427 49 180
0 17 0
0 17 0
5.51793649674875 38 72
19.5252317685671 59 230
13.5185345827148 46 198
1.16235001908161 26 36
0 17 0
5.62486565939974 32 105
0.159465294620753 19 1
17.4387755024914 53 199
0 17 0
8.96475034208469 33 120
3.95412571023011 31 91
8.96475034208469 33 120
0.937195086560091 25 28
1.80267562618483 28 55
3.95412571023011 31 91
0 17 0
0 17 0
2.95096489651669 30 78
8.96475034208469 33 120
12.5211862699863 44 151
0 17 0
0 17 0
0 17 0
3.95412571023011 31 91
0 17 0
0 17 0
0 17 0
0 17 0
0 17 0
0 17 0
0 17 0
0 17 0
27.5519213322787 62 316
11.0844391152652 45 183
18.1503193351652 48 225
0 17 0
0 17 0
2.34804550851628 31 51
0 17 0
0 17 0
0 17 0
15.9831344513011 48 169
15.0522532244147 47 211
0 17 0
0 17 0
0 17 0
0 17 0
0 17 0
3.95412571023011 31 91
1.6159149854903 22 4
14.4100457806277 44 145
13.5185345827148 46 198
0 17 0
23.6711374287023 60 289
10.9578783926233 41 148
0 17 0
5.62486565939974 32 105
0.937195086560091 25 28
8.96475034208469 33 120
0.597118515040466 23 15
0 17 0
8.96475034208469 33 120
18.1503193351652 48 225
8.96475034208469 33 120
0 17 0
0 17 0
0.597118515040466 23 15
0 17 0
18.1503193351652 48 225
2.28151506381298 29 66
6.39546496630945 39 111
0 17 0
5.62486565939974 32 105
5.62486565939974 32 105
0 17 0
5.39317842433096 39 114
2.28151506381298 29 66
0 17 0
0 17 0
0.597118515040466 23 15
8.96475034208469 33 120
0 17 0
0 17 0
8.96475034208469 33 120
0 17 0
0.937195086560091 25 28
5.62486565939974 32 105
1.6159149854903 22 4
20.2783812181946 52 231
0.350345174396746 21 6
2.95096489651669 30 78
2.28151506381298 29 66
8.68031180160894 40 87
28.9994589792486 70 329
8.96475034208469 33 120
23.006506481403 64 277
8.96475034208469 33 120
0 17 0
18.1503193351652 48 225
1.6159149854903 22 4
0 17 0
0 17 0
8.96475034208469 33 120
2.95096489651669 30 78
0 17 0
0 17 0
0.249577892041912 20 3
0 17 0
0 17 0
15.0522532244147 47 211
3.95412571023011 31 91
0 17 0
0 17 0
0 17 0
0 17 0
0 17 0
0 17 0
0 17 0
2.95096489651669 30 78
0 17 0
5.75034004911446 39 119
0 17 0
6.85714944657555 36 81
3.95412571023011 31 91
8.96475034208469 33 120
0 17 0
1.44288005905117 27 45
0 17 0
7.7395030271876 41 141
0 17 0
0 17 0
0 17 0
0 17 0
5.21954977312991 32 49
0 17 0
16.253791701965 48 154
0 17 0
15.1086476752702 53 205
0 17 0
1.44288005905117 27 45
5.62486565939974 32 105
0 17 0
16.4174378162756 54 226
8.9777038191606 46 152
20.4355554947521 59 245
1.80267562618483 28 55
8.83772704118453 40 121
0 17 0
8.96475034208469 33 120
0 17 0
8.96475034208469 33 120
2.28151506381298 29 66
0 17 0
0 17 0
0 17 0
0.464891675245066 22 10
0 17 0
20.9621632875291 59 277
7.78501811996772 38 100
15.6870659128638 53 214
0 17 0
0 17 0
0 17 0
10.0926522108009 42 144
1.80267562618483 28 55
0 17 0
0 17 0
0 17 0
11.0844391152652 45 183
0 17 0
0 17 0
0 17 0
8.96475034208469 33 120
21.4773627348236 58 264
46.3769906859859 88 426
1.44288005905117 27 45
15.0522532244147 47 211
0.597118515040466 23 15
8.56901007843156 43 114
0 17 0
2.95096489651669 30 78
10.5116031076038 37 47
0 17 0
13.5185345827148 46 198
1.80267562618483 28 55
12.460047762382 41 133
0 17 0
0 17 0
0 17 0
8.96475034208469 33 120
3.95412571023011 31 91
0 17 0
0 17 0
1.44288005905117 27 45
0 17 0
0 17 0
0 17 0
0 17 0
1.16235001908161 26 36
2.28151506381298 29 66
5.62486565939974 32 105
12.6041591571074 45 186
0 17 0
0 17 0
0 17 0
0 17 0
8.96475034208469 33 120
