"COLLES.MDM.LN" "SACKIN" "COPHENETIC"
0 17 0
6.70526615713066 41 136
1.44288005905117 27 45
2.95096489651669 30 78
0 17 0
0 17 0
21.9080250885958 58 270
13.5185345827148 46 198
0 17 0
16.8942981131586 54 224
10.4583633790194 46 140
7.7395030271876 41 141
0.937195086560091 25 28
29.1179433718354 70 339
1.80267562618483 28 55
8.96475034208469 33 120
8.96475034208469 33 120
0 17 0
2.95096489651669 30 78
0 17 0
18.1503193351652 48 225
31.1688326818281 69 305
27.5519213322787 62 316
22.6497848096987 59 274
10.5939918598138 43 130
0 17 0
21.9988903859501 64 262
19.6628076925294 56 235
4.38252818885099 36 83
18.1503193351652 48 225
4.46606262609895 30 36
0 17 0
49.0010987897101 89 392
0 17 0
0 17 0
8.96475034208469 33 120
0 17 0
0 17 0
14.030900605411 46 196
18.1503193351652 48 225
3.47938311627329 31 43
18.7450035429665 51 105
11.0844391152652 45 183
18.1503193351652 48 225
8.96475034208469 33 120
31.6349567472985 70 344
0 17 0
27.1762545786394 64 306
0 17 0
37.2305722205326 80 377
0 17 0
11.995197345772 44 175
0 17 0
0 17 0
24.5637311875215 65 277
7.7395030271876 41 141
0 17 0
0 17 0
8.74451959715197 43 160
0 17 0
0 17 0
8.96475034208469 33 120
1.80267562618483 28 55
0 17 0
8.96475034208469 33 120
13.2499929905729 47 172
35.9844550676484 78 320
0 17 0
13.4642491081113 48 175
5.62486565939974 32 105
8.96475034208469 33 120
0.937195086560091 25 28
20.0621897109958 51 228
3.95412571023011 31 91
19.8259159628137 50 226
8.96475034208469 33 120
25.6956100186757 63 256
0 17 0
16.9232027175644 55 234
2.95096489651669 30 78
0 17 0
0 17 0
0 17 0
24.8433526881616 61 275
0 17 0
8.96475034208469 33 120
27.5519213322787 62 316
6.45413877855497 35 108
0 17 0
0 17 0
0 17 0
0 17 0
0 17 0
0 17 0
3.95412571023011 31 91
12.6714224763176 50 145
0 17 0
8.96475034208469 33 120
12.6041591571074 45 186
0 17 0
0 17 0
30.4710881083936 71 305
19.8259159628137 50 226
0 17 0
0 17 0
14.030900605411 46 196
0 17 0
0 17 0
10.0474904951052 36 123
0.597118515040466 23 15
2.28151506381298 29 66
18.1503193351652 48 225
44.169842635066 86 417
0 17 0
8.83772704118453 40 121
0 17 0
5.62486565939974 32 105
8.96475034208469 33 120
0 17 0
0 17 0
9.88311716032777 35 121
5.39317842433096 39 114
0 17 0
58.5064941291581 100 492
8.96475034208469 33 120
15.0522532244147 47 211
27.5519213322787 62 316
27.978106360245 69 317
0 17 0
0 17 0
5.62486565939974 32 105
8.96475034208469 33 120
22.6497848096987 59 274
12.0566177657104 47 154
12.020280379639 51 192
8.96475034208469 33 120
26.1549019596357 63 292
0 17 0
19.5785721145267 54 190
0 17 0
0 17 0
0.249577892041912 20 3
0 17 0
12.235279299311 41 67
57.4851415101544 99 479
2.65839204119824 32 55
14.030900605411 46 196
2.76031186898601 31 67
18.1503193351652 48 225
5.62486565939974 32 105
15.0522532244147 47 211
2.95096489651669 30 78
8.96475034208469 33 120
6.01079716385967 34 64
5.21954977312991 32 49
9.62024687053025 44 171
11.5575304360914 43 165
0 17 0
10.4583633790194 46 140
7.37487855796454 42 98
39.4327924096269 82 355
0 17 0
0 17 0
30.7413137855941 70 310
26.3007133609899 67 298
0 17 0
15.0522532244147 47 211
8.96475034208469 33 120
0 17 0
15.9831344513011 48 169
9.09660346098535 46 119
18.1503193351652 48 225
8.96475034208469 33 120
27.8235270271112 67 290
0 17 0
11.7039795404206 44 169
15.0522532244147 47 211
0 17 0
0 17 0
8.96475034208469 33 120
8.9212198185026 43 157
5.62486565939974 32 105
5.62486565939974 32 105
18.1503193351652 48 225
14.030900605411 46 196
14.030900605411 46 196
10.0926522108009 42 144
0 17 0
20.9621632875291 59 277
0 17 0
5.62486565939974 32 105
0 17 0
15.0522532244147 47 211
0 17 0
18.1503193351652 48 225
22.4617893951044 59 280
0 17 0
0.249577892041912 20 3
0 17 0
29.1366210222878 70 336
0 17 0
0 17 0
8.96475034208469 33 120
0 17 0
37.36276531513 78 373
0 17 0
0 17 0
24.8433526881616 61 275
0 17 0
30.0042165949662 69 325
2.28151506381298 29 66
0 17 0
15.0522532244147 47 211
0 17 0
8.96475034208469 33 120
0 17 0
0 17 0
0 17 0
0 17 0
19.8259159628137 50 226
2.26864235515626 30 56
0 17 0
0 17 0
0 17 0
6.85714944657555 36 81
18.1503193351652 48 225
61.8937374231556 100 408
3.95412571023011 31 91
12.6041591571074 45 186
13.5185345827148 46 198
0 17 0
0 17 0
8.96475034208469 33 120
11.5575304360914 43 165
8.96475034208469 33 120
0 17 0
0 17 0
0 17 0
13.9603067572146 47 136
0 17 0
0 17 0
23.6711374287023 60 289
12.3608172588053 48 147
0 17 0
8.74451959715197 43 160
14.9550266387451 49 177
5.62486565939974 32 105
45.6359495133278 86 389
0 17 0
8.96475034208469 33 120
8.96475034208469 33 120
0 17 0
13.5185345827148 46 198
14.030900605411 46 196
18.1503193351652 48 225
52.6839079796209 92 428
8.96475034208469 33 120
12.4570282592501 44 109
18.1503193351652 48 225
0 17 0
1.80267562618483 28 55
2.95096489651669 30 78
16.1739025400948 49 125
0 17 0
18.1503193351652 48 225
3.95412571023011 31 91
0 17 0
30.8114746246094 67 326
0 17 0
26.1161023905185 61 261
0 17 0
18.1503193351652 48 225
18.7505547840084 54 220
11.0844391152652 45 183
9.88311716032777 35 121
0 17 0
11.995197345772 44 175
0 17 0
0 17 0
0 17 0
4.06614429968723 33 59
0 17 0
17.9156507321622 55 239
8.96475034208469 33 120
0 17 0
31.6349567472985 70 344
11.7039795404206 44 169
7.01453162097202 32 31
22.1330339406495 52 140
1.80267562618483 28 55
0 17 0
0 17 0
0 17 0
7.41946110193405 40 133
0.597118515040466 23 15
18.1503193351652 48 225
2.95096489651669 30 78
0 17 0
11.0844391152652 45 183
8.96475034208469 33 120
1.44288005905117 27 45
0 17 0
18.3041695124535 56 247
20.9621632875291 59 277
0 17 0
13.5185345827148 46 198
0 17 0
43.564020178402 85 437
2.65839204119824 32 55
8.74451959715197 43 160
0 17 0
0 17 0
5.62486565939974 32 105
0 17 0
35.4150075869524 77 341
13.461902504165 52 204
0 17 0
5.62486565939974 32 105
0 17 0
11.7039795404206 44 169
0 17 0
0 17 0
10.3057379750865 47 139
1.71485378621621 28 31
0 17 0
0 17 0
8.96475034208469 33 120
25.295098859798 59 250
2.28151506381298 29 66
9.62024687053025 44 171
5.62486565939974 32 105
0 17 0
0 17 0
9.62024687053025 44 171
7.36715151164715 36 55
0.937195086560091 25 28
6.51050539369913 34 50
1.44288005905117 27 45
0.159465294620753 19 1
0 17 0
7.5355728020355 42 146
0 17 0
38.0968501926676 83 355
11.995197345772 44 175
19.6628076925294 56 235
10.369973728714 38 130
13.5185345827148 46 198
0.159465294620753 19 1
2.95096489651669 30 78
0 17 0
2.95096489651669 30 78
37.2577131629709 75 352
0 17 0
31.7548668006764 70 297
0 17 0
8.96475034208469 33 120
2.95096489651669 30 78
5.62486565939974 32 105
5.75034004911446 39 119
17.1159026291895 55 224
0 17 0
3.95412571023011 31 91
0 17 0
8.96475034208469 33 120
0 17 0
0 17 0
26.9997404130175 68 311
0 17 0
13.5185345827148 46 198
1.80267562618483 28 55
3.95412571023011 31 91
0 17 0
8.96475034208469 33 120
0 17 0
1.16235001908161 26 36
2.90428151625721 29 31
18.1503193351652 48 225
5.20280110810897 37 106
5.62486565939974 32 105
22.6497848096987 59 274
10.369973728714 38 130
0 17 0
8.96475034208469 33 120
30.3644533719517 71 274
0 17 0
53.8003232407214 96 494
0 17 0
0.159465294620753 19 1
0 17 0
2.28151506381298 29 66
0 17 0
12.6041591571074 45 186
15.0522532244147 47 211
27.6098606576399 68 317
8.96475034208469 33 120
18.9194580495218 57 249
0 17 0
68.6346064447766 107 475
10.369973728714 38 130
3.95412571023011 31 91
10.2071232652655 37 126
0 17 0
0 17 0
12.4570282592501 44 109
19.5785721145267 54 190
0 17 0
2.28151506381298 29 66
0 17 0
0 17 0
0 17 0
55.7249664682299 96 419
20.9129362237063 59 224
2.28151506381298 29 66
0 17 0
0 17 0
0 17 0
8.96475034208469 33 120
13.121785797035 49 169
23.2919177771178 60 291
22.4617893951044 59 280
8.96475034208469 33 120
7.78501811996772 38 100
0 17 0
5.62486565939974 32 105
0 17 0
0.159465294620753 19 1
0 17 0
8.96475034208469 33 120
11.995197345772 44 175
0.597118515040466 23 15
3.95412571023011 31 91
0 17 0
0.752182621475259 24 21
10.1341619766221 37 45
2.28151506381298 29 66
0.464891675245066 22 10
21.5053313894618 57 261
8.96475034208469 33 120
8.96475034208469 33 120
16.7935770622134 55 226
10.0474904951052 36 123
12.2875332509105 47 184
22.5596554811826 63 250
8.96475034208469 33 120
0 17 0
19.9408106685254 58 262
35.4347168090072 79 312
8.96475034208469 33 120
0 17 0
5.75034004911446 39 119
0 17 0
0 17 0
8.96475034208469 33 120
0 17 0
0 17 0
12.8810424476988 40 129
0 17 0
14.030900605411 46 196
0 17 0
0 17 0
2.28151506381298 29 66
0.350345174396746 21 6
0 17 0
0 17 0
8.96475034208469 33 120
19.9568728852313 59 208
1.44288005905117 27 45
8.96475034208469 33 120
0 17 0
11.7039795404206 44 169
8.96475034208469 33 120
8.96475034208469 33 120
8.96475034208469 33 120
18.6081321045077 57 251
0.159465294620753 19 1
0 17 0
11.7039795404206 44 169
18.1503193351652 48 225
2.95096489651669 30 78
8.96475034208469 33 120
0 17 0
0 17 0
0 17 0
8.96475034208469 33 120
13.3821698778089 49 157
26.8423214845313 62 185
4.76343602764567 35 73
0 17 0
8.96475034208469 33 120
8.96475034208469 33 120
4.46606262609895 30 36
0 17 0
0 17 0
5.62486565939974 32 105
0 17 0
29.6380820694054 69 319
37.1639831069631 75 394
0 17 0
0 17 0
8.96475034208469 33 120
17.6740810243524 56 243
27.5519213322787 62 316
16.824073102809 50 184
0 17 0
1.44288005905117 27 45
0 17 0
0 17 0
37.1639831069631 75 394
21.4773627348236 58 264
11.995197345772 44 175
8.96475034208469 33 120
8.96475034208469 33 120
0 17 0
17.8146165412885 56 241
8.96475034208469 33 120
8.96475034208469 33 120
27.5519213322787 62 316
24.2234281724829 63 208
8.96475034208469 33 120
0 17 0
4.4916047968094 37 99
0 17 0
0 17 0
0 17 0
5.21954977312991 32 49
15.4435543447466 52 203
0 17 0
11.2241942901345 42 156
0 17 0
1.44288005905117 27 45
3.24150051021967 34 70
0 17 0
5.69989518440184 29 19
11.4348467447905 47 108
0 17 0
31.1164221618886 73 275
0 17 0
0 17 0
15.0522532244147 47 211
5.62486565939974 32 105
0 17 0
14.030900605411 46 196
0 17 0
13.5185345827148 46 198
6.77019115487375 37 115
8.96475034208469 33 120
34.2694559577089 75 340
0 17 0
0 17 0
37.1639831069631 75 394
18.1503193351652 48 225
34.5393353437839 74 382
15.9831344513011 48 169
0 17 0
23.6711374287023 60 289
13.9822942634775 54 164
0 17 0
0.350345174396746 21 6
8.96475034208469 33 120
18.1503193351652 48 225
11.7039795404206 44 169
5.62486565939974 32 105
0.159465294620753 19 1
0 17 0
0 17 0
18.1503193351652 48 225
0 17 0
24.9812027023532 63 244
3.95412571023011 31 91
2.65839204119824 32 55
20.7864273246121 60 214
8.96475034208469 33 120
10.4715289978649 46 130
8.96475034208469 33 120
0 17 0
27.6831518692649 65 257
0.597118515040466 23 15
14.1253465888624 51 186
18.1503193351652 48 225
14.030900605411 46 196
0 17 0
18.1503193351652 48 225
0.464891675245066 22 10
0 17 0
11.995197345772 44 175
6.60671031160698 36 111
18.8174950053252 59 210
3.95412571023011 31 91
8.96475034208469 33 120
9.32321531521123 45 147
44.1879324346792 84 326
56.8896080308836 99 470
18.1503193351652 48 225
8.96475034208469 33 120
27.5519213322787 62 316
0 17 0
0.752182621475259 24 21
0 17 0
0 17 0
0 17 0
5.62486565939974 32 105
7.47872268054909 41 133
2.28151506381298 29 66
60.3585941027421 103 513
0 17 0
21.4773627348236 58 264
14.030900605411 46 196
0 17 0
15.0522532244147 47 211
5.62486565939974 32 105
16.2740045774439 50 174
0.937195086560091 25 28
18.9194580495218 57 249
8.96475034208469 33 120
1.44288005905117 27 45
0 17 0
18.4286524481818 59 220
13.5185345827148 46 198
0 17 0
0 17 0
0 17 0
3.95412571023011 31 91
8.96475034208469 33 120
0 17 0
5.62486565939974 32 105
8.96475034208469 33 120
8.96475034208469 33 120
2.95096489651669 30 78
14.030900605411 46 196
0.249577892041912 20 3
35.7078670555408 77 355
5.62486565939974 32 105
0.597118515040466 23 15
0 17 0
0 17 0
0 17 0
11.0844391152652 45 183
8.96475034208469 33 120
0 17 0
22.6497848096987 59 274
3.95412571023011 31 91
0 17 0
8.96475034208469 33 120
2.95096489651669 30 78
0 17 0
18.1503193351652 48 225
5.62486565939974 32 105
8.74451959715197 43 160
85.9219324708637 119 557
8.96475034208469 33 120
18.1503193351652 48 225
26.7054826062983 67 236
1.16235001908161 26 36
8.96475034208469 33 120
5.62486565939974 32 105
31.4526371116997 71 346
7.47872268054909 41 133
8.74451959715197 43 160
8.96475034208469 33 120
8.96475034208469 33 120
30.1474800628244 68 290
3.71585736877975 34 66
0 17 0
0 17 0
0 17 0
0 17 0
2.95096489651669 30 78
1.30013250663645 23 7
5.62486565939974 32 105
0 17 0
0.464891675245066 22 10
2.95096489651669 30 78
0 17 0
21.5053313894618 57 261
0 17 0
0 17 0
1.44288005905117 27 45
10.0474904951052 36 123
0 17 0
0 17 0
16.0454307374373 53 219
0 17 0
2.28151506381298 29 66
0 17 0
0 17 0
15.0522532244147 47 211
41.6950748361686 81 349
7.64971290079816 42 114
8.96475034208469 33 120
11.7039795404206 44 169
10.9578783926233 41 148
11.0360532225374 41 85
0 17 0
0 17 0
12.6041591571074 45 186
15.3872140456398 55 174
24.692490047706 61 303
18.1503193351652 48 225
12.2226542504708 47 154
13.5185345827148 46 198
2.95096489651669 30 78
0 17 0
37.1639831069631 75 394
8.96475034208469 33 120
5.62486565939974 32 105
0 17 0
0.464891675245066 22 10
8.96475034208469 33 120
0 17 0
0 17 0
8.74451959715197 43 160
0 17 0
15.0522532244147 47 211
0 17 0
13.0774838779005 52 196
8.96475034208469 33 120
0 17 0
3.02597600196849 26 16
1.44288005905117 27 45
8.83772704118453 40 121
2.28151506381298 29 66
36.959178712838 76 322
0 17 0
22.9220438070501 61 278
17.5300802011978 55 180
0 17 0
30.7370226356525 67 245
9.09055151875595 43 104
10.5434777982975 39 135
11.9199452392906 46 128
49.9507101376784 92 410
0 17 0
0 17 0
0 17 0
0 17 0
0 17 0
7.01453162097202 32 31
18.1503193351652 48 225
15.0522532244147 47 211
0 17 0
0 17 0
0 17 0
24.692490047706 61 303
5.21954977312991 32 49
0 17 0
5.62486565939974 32 105
8.96475034208469 33 120
15.0522532244147 47 211
3.02597600196849 26 16
3.95412571023011 31 91
10.7359255379414 40 141
14.030900605411 46 196
10.5124575225395 46 148
18.1503193351652 48 225
5.62486565939974 32 105
15.0988981876211 55 228
8.96475034208469 33 120
8.96475034208469 33 120
0 17 0
6.39546496630945 39 111
8.96475034208469 33 120
2.28151506381298 29 66
3.73804893010275 28 25
15.0522532244147 47 211
8.96475034208469 33 120
6.78038715004938 38 67
17.3224713763207 52 195
0.464891675245066 22 10
0 17 0
0 17 0
0 17 0
11.995197345772 44 175
18.1503193351652 48 225
11.995197345772 44 175
27.5519213322787 62 316
8.96475034208469 33 120
8.96475034208469 33 120
24.6310264221784 67 294
17.1159026291895 55 224
5.62486565939974 32 105
5.62486565939974 32 105
27.8235270271112 67 290
18.1503193351652 48 225
0 17 0
0 17 0
13.5185345827148 46 198
31.9416998950304 74 334
27.5519213322787 62 316
14.030900605411 46 196
8.83772704118453 40 121
0 17 0
8.96475034208469 33 120
0 17 0
1.64375232030072 28 37
4.46606262609895 30 36
16.5396401823964 53 211
22.5381397140882 59 202
0 17 0
1.16235001908161 26 36
8.96475034208469 33 120
1.80267562618483 28 55
26.1552366396939 66 301
0 17 0
13.8817643150223 51 180
12.6041591571074 45 186
8.96475034208469 33 120
0 17 0
29.43847088746 68 304
0 17 0
0 17 0
13.4275275170392 51 140
1.16235001908161 26 36
2.95096489651669 30 78
34.5393353437839 74 382
0 17 0
13.5185345827148 46 198
5.62486565939974 32 105
21.8868196952353 61 247
8.96475034208469 33 120
13.5185345827148 46 198
8.96475034208469 33 120
0 17 0
0 17 0
0 17 0
40.4999623213911 82 395
8.96475034208469 33 120
8.96475034208469 33 120
0 17 0
48.5267000488134 87 386
25.5338250992756 68 313
0 17 0
14.030900605411 46 196
0 17 0
0 17 0
17.5300802011978 55 180
11.5575304360914 43 165
8.96475034208469 33 120
0 17 0
0 17 0
0.350345174396746 21 6
0 17 0
0 17 0
9.88311716032777 35 121
26.1549019596357 63 292
0 17 0
8.96475034208469 33 120
12.6041591571074 45 186
0 17 0
0 17 0
3.95412571023011 31 91
0 17 0
17.4387755024914 53 199
8.96475034208469 33 120
34.1644778474612 78 336
0 17 0
5.51630985043956 37 91
0 17 0
0 17 0
23.8134454282443 66 287
22.6497848096987 59 274
0 17 0
15.9831344513011 48 169
0 17 0
5.62486565939974 32 105
0 17 0
2.07580891028492 29 34
15.0522532244147 47 211
0 17 0
23.6711374287023 60 289
9.86539414805872 45 103
8.9212198185026 43 157
51.7576180027141 94 469
1.80267562618483 28 55
10.7359255379414 40 141
0 17 0
24.692490047706 61 303
1.80267562618483 28 55
8.96475034208469 33 120
9.3386343712797 40 79
1.16235001908161 26 36
0 17 0
0 17 0
0 17 0
0 17 0
0.752182621475259 24 21
5.62486565939974 32 105
0 17 0
0 17 0
0 17 0
0 17 0
0.159465294620753 19 1
1.44288005905117 27 45
27.5519213322787 62 316
3.95412571023011 31 91
0 17 0
33.2671921539939 73 371
14.030900605411 46 196
0 17 0
0 17 0
1.80267562618483 28 55
24.5637311875215 65 277
18.3041695124535 56 247
0 17 0
14.030900605411 46 196
2.28151506381298 29 66
0.464891675245066 22 10
1.80267562618483 28 55
20.3174197989276 55 164
0 17 0
18.1503193351652 48 225
0 17 0
0 17 0
39.5465088053887 82 365
1.44288005905117 27 45
26.1755493701411 68 254
8.96475034208469 33 120
1.21142095967428 24 11
12.5971407289636 50 172
21.4355369902367 65 274
22.6497848096987 59 274
0 17 0
11.2241942901345 42 156
0 17 0
34.5393353437839 74 382
8.96475034208469 33 120
10.5562003789532 44 127
39.0340560793393 78 303
0 17 0
8.96475034208469 33 120
27.5519213322787 62 316
1.80267562618483 28 55
61.3799467217458 104 522
0.350345174396746 21 6
11.8031347986922 47 130
8.96475034208469 33 120
8.96475034208469 33 120
11.7039795404206 44 169
9.88311716032777 35 121
0 17 0
0.752182621475259 24 21
12.5017341958473 52 199
1.80267562618483 28 55
0 17 0
0 17 0
0 17 0
15.0522532244147 47 211
0 17 0
0 17 0
0 17 0
6.39546496630945 39 111
20.9302156800648 55 246
8.96475034208469 33 120
0 17 0
15.0522532244147 47 211
0 17 0
3.47938311627329 31 43
8.96475034208469 33 120
0 17 0
10.7359255379414 40 141
13.5185345827148 46 198
0 17 0
0 17 0
0 17 0
0 17 0
0.752182621475259 24 21
0 17 0
0 17 0
0.597118515040466 23 15
0 17 0
43.3298765543884 87 406
0 17 0
2.95096489651669 30 78
5.62486565939974 32 105
8.08248491350728 40 121
0 17 0
0.159465294620753 19 1
5.62486565939974 32 105
0 17 0
19.2172827409908 55 227
0 17 0
16.7935770622134 55 226
0 17 0
0 17 0
18.1503193351652 48 225
9.88311716032777 35 121
19.6790554024594 53 179
0 17 0
0 17 0
38.7383575305636 79 322
0 17 0
0 17 0
14.030900605411 46 196
4.37390522388352 26 10
0 17 0
0 17 0
2.55173875078958 31 46
0.937195086560091 25 28
0 17 0
1.80267562618483 28 55
0.752182621475259 24 21
0 17 0
0.159465294620753 19 1
0.937195086560091 25 28
15.4435543447466 52 203
0 17 0
8.96475034208469 33 120
0.597118515040466 23 15
10.9578783926233 41 148
0 17 0
5.62486565939974 32 105
0 17 0
14.030900605411 46 196
27.5519213322787 62 316
0 17 0
0 17 0
8.96475034208469 33 120
5.62486565939974 32 105
8.96475034208469 33 120
0 17 0
8.96475034208469 33 120
0 17 0
0 17 0
3.73804893010275 28 25
0 17 0
0 17 0
3.24150051021967 34 70
0 17 0
0 17 0
20.9621632875291 59 277
0 17 0
1.80267562618483 28 55
5.69989518440184 29 19
0 17 0
2.95096489651669 30 78
0 17 0
0 17 0
0 17 0
0 17 0
8.96475034208469 33 120
8.96475034208469 33 120
1.80267562618483 28 55
10.5434777982975 39 135
15.0522532244147 47 211
33.4744769778919 74 329
0.937195086560091 25 28
18.1503193351652 48 225
0 17 0
54.7915404714043 98 461
6.77019115487375 37 115
12.6041591571074 45 186
0 17 0
0 17 0
8.48509549149132 39 74
8.96475034208469 33 120
0 17 0
16.458297703184 53 157
20.7451004388884 61 227
9.09055151875595 43 104
11.3883686561177 45 141
3.95412571023011 31 91
5.19997657867781 30 26
14.030900605411 46 196
12.6968921271905 49 165
0 17 0
0 17 0
24.692490047706 61 303
0 17 0
22.6497848096987 59 274
0 17 0
9.01439998347105 44 123
22.6497848096987 59 274
5.62486565939974 32 105
0 17 0
0 17 0
0 17 0
8.96475034208469 33 120
0 17 0
18.1503193351652 48 225
8.96475034208469 33 120
8.96475034208469 33 120
11.5575304360914 43 165
8.96475034208469 33 120
0 17 0
0.937195086560091 25 28
0 17 0
19.6628076925294 56 235
15.1843514630981 46 156
8.96475034208469 33 120
18.1503193351652 48 225
5.62486565939974 32 105
0 17 0
19.9502824487979 56 241
13.5185345827148 46 198
21.4773627348236 58 264
14.030900605411 46 196
2.32148512564011 24 9
0 17 0
14.7825799337642 51 196
18.6081321045077 57 251
30.0042165949662 69 325
11.6527848422199 43 90
7.77757856521254 41 91
13.7008440835658 53 202
52.2225253916993 86 375
21.4773627348236 58 264
1.22654198379624 25 16
24.1638327517197 65 271
0 17 0
11.3074545792017 45 109
0 17 0
8.96475034208469 33 120
0 17 0
0 17 0
0 17 0
8.96475034208469 33 120
0 17 0
27.3220659799936 68 309
0 17 0
8.96475034208469 33 120
24.7797302451318 66 241
8.83772704118453 40 121
0 17 0
1.16235001908161 26 36
21.4773627348236 58 264
11.0844391152652 45 183
18.1503193351652 48 225
0 17 0
0 17 0
15.687384027345 52 164
0 17 0
4.0933004139489 33 57
8.96475034208469 33 120
0 17 0
52.2720917074557 87 413
0 17 0
15.6977702010733 52 185
1.80267562618483 28 55
18.867492257384 57 180
6.01079716385967 34 64
22.6497848096987 59 274
3.95412571023011 31 91
15.1843514630981 46 156
8.96475034208469 33 120
17.7554659191188 55 170
14.030900605411 46 196
2.95096489651669 30 78
1.16235001908161 26 36
8.96475034208469 33 120
32.0105506278506 71 352
27.5560860330415 68 242
5.62486565939974 32 105
8.96475034208469 33 120
22.8080425270357 65 277
8.96475034208469 33 120
0 17 0
0 17 0
0 17 0
12.1338737968181 48 116
0 17 0
0 17 0
0 17 0
0 17 0
0.937195086560091 25 28
0 17 0
0 17 0
0 17 0
23.2919177771178 60 291
2.95096489651669 30 78
13.4642491081113 48 175
0 17 0
53.697411179751 93 410
0 17 0
34.5393353437839 74 382
8.96475034208469 33 120
7.47872268054909 41 133
6.30489523594598 34 106
0 17 0
0 17 0
2.28151506381298 29 66
0 17 0
11.7039795404206 44 169
0 17 0
8.96475034208469 33 120
0 17 0
11.7039795404206 44 169
0.350345174396746 21 6
2.28151506381298 29 66
0 17 0
43.138488306644 85 388
27.5519213322787 62 316
0 17 0
0 17 0
8.96475034208469 33 120
10.0474904951052 36 123
5.62486565939974 32 105
0.937195086560091 25 28
0 17 0
0.937195086560091 25 28
16.8841168429168 54 208
15.0522532244147 47 211
39.2075726901341 82 405
20.2783812181946 52 231
0 17 0
8.83772704118453 40 121
0 17 0
0 17 0
0 17 0
42.1822606686822 87 409
0 17 0
9.62024687053025 44 171
0 17 0
13.5185345827148 46 198
1.71485378621621 28 31
2.28151506381298 29 66
0 17 0
61.0397365019935 95 417
0 17 0
8.96475034208469 33 120
0 17 0
0 17 0
5.62486565939974 32 105
8.96475034208469 33 120
12.5503593904441 45 131
4.80677034476703 30 24
15.7511237779028 52 213
3.95412571023011 31 91
11.0844391152652 45 183
1.44288005905117 27 45
3.95412571023011 31 91
0 17 0
0 17 0
15.5930844794209 50 166
8.96475034208469 33 120
0 17 0
0 17 0
0 17 0
0 17 0
37.4866050062035 76 383
0 17 0
0 17 0
18.2292231974928 51 130
0 17 0
1.82383844184474 25 13
1.16235001908161 26 36
0 17 0
34.0033231919195 76 338
0 17 0
17.8169434168535 54 196
11.7039795404206 44 169
0 17 0
0 17 0
2.32148512564011 24 9
5.62486565939974 32 105
0 17 0
0 17 0
8.96475034208469 33 120
0 17 0
5.21954977312991 32 49
6.75421744475197 39 104
11.995197345772 44 175
4.80677034476703 30 24
0 17 0
0 17 0
0 17 0
1.80267562618483 28 55
11.995197345772 44 175
8.96475034208469 33 120
0 17 0
0 17 0
0 17 0
32.0333781729974 71 284
27.0841751310211 57 235
0 17 0
5.62486565939974 32 105
24.2652073072622 64 248
0 17 0
1.80267562618483 28 55
8.96475034208469 33 120
8.9212198185026 43 157
8.96475034208469 33 120
39.3842693525622 73 207
1.6159149854903 22 4
14.030900605411 46 196
0 17 0
0 17 0
15.0522532244147 47 211
29.8356480743154 71 348
0 17 0
0 17 0
0 17 0
5.39317842433096 39 114
0.464891675245066 22 10
8.96475034208469 33 120
1.80267562618483 28 55
0 17 0
3.95412571023011 31 91
14.030900605411 46 196
0 17 0
8.96475034208469 33 120
18.7505547840084 54 220
6.01079716385967 34 64
0 17 0
8.96475034208469 33 120
0 17 0
41.4754976476342 84 380
8.96475034208469 33 120
3.95412571023011 31 91
0 17 0
10.8867467670624 46 108
31.4752774867729 71 340
2.10741095335728 30 48
6.17533470089509 40 123
0 17 0
0 17 0
5.62486565939974 32 105
0.597118515040466 23 15
11.995197345772 44 175
18.1503193351652 48 225
0 17 0
0 17 0
19.6628076925294 56 235
0 17 0
0 17 0
0 17 0
0 17 0
0 17 0
1.16235001908161 26 36
0.249577892041912 20 3
42.5587292597696 78 323
29.7572176207109 70 263
0 17 0
6.60671031160698 36 111
18.0347815494299 52 203
3.95412571023011 31 91
27.5519213322787 62 316
8.96475034208469 33 120
0 17 0
0 17 0
15.5930844794209 50 166
0 17 0
14.030900605411 46 196
0 17 0
0 17 0
0 17 0
24.9812027023532 63 244
0 17 0
0 17 0
8.96475034208469 33 120
0 17 0
2.65264452764507 32 61
0 17 0
3.95412571023011 31 91
0 17 0
0 17 0
0 17 0
0 17 0
0 17 0
0.249577892041912 20 3
0 17 0
18.1503193351652 48 225
8.9212198185026 43 157
0 17 0
4.0933004139489 33 57
0 17 0
0 17 0
17.5701722436893 55 231
8.96475034208469 33 120
11.7039795404206 44 169
0 17 0
37.1639831069631 75 394
5.62486565939974 32 105
5.62486565939974 32 105
7.12012804396439 42 124
15.0522532244147 47 211
1.16235001908161 26 36
23.7686975240949 66 294
11.995197345772 44 175
10.7359255379414 40 141
3.95412571023011 31 91
18.1503193351652 48 225
0 17 0
8.96475034208469 33 120
10.9578783926233 41 148
56.9055604595828 94 413
25.5850838065252 66 292
22.7787410027301 52 98
0 17 0
0 17 0
2.95096489651669 30 78
21.4773627348236 58 264
0 17 0
25.340639508926 65 277
0 17 0
10.0926522108009 42 144
13.658406924222 45 151
2.28151506381298 29 66
19.9408106685254 58 262
34.5393353437839 74 382
1.16235001908161 26 36
5.39317842433096 39 114
0 17 0
12.6041591571074 45 186
8.96475034208469 33 120
0 17 0
14.030900605411 46 196
10.369973728714 38 130
0 17 0
41.3625807765526 81 338
0 17 0
6.77019115487375 37 115
8.96475034208469 33 120
0 17 0
1.16235001908161 26 36
18.8359691602922 57 256
10.3925031853765 35 34
0 17 0
0 17 0
3.95412571023011 31 91
0.464891675245066 22 10
5.62486565939974 32 105
8.96475034208469 33 120
10.0926522108009 42 144
3.95412571023011 31 91
0 17 0
12.6041591571074 45 186
0.350345174396746 21 6
8.96475034208469 33 120
12.0999105933486 38 124
43.1244425670213 83 350
7.78501811996772 38 100
0 17 0
7.41946110193405 40 133
14.030900605411 46 196
24.692490047706 61 303
2.28151506381298 29 66
3.95223997549021 36 87
8.96475034208469 33 120
14.030900605411 46 196
36.7012005369224 70 235
1.16235001908161 26 36
6.15016811667743 40 127
11.2241942901345 42 156
28.8530803232631 67 306
35.3542007230688 79 297
30.2835883743215 67 310
17.4758451351883 53 149
8.96475034208469 33 120
0 17 0
10.7359255379414 40 141
8.96475034208469 33 120
0 17 0
13.5185345827148 46 198
8.83772704118453 40 121
18.1503193351652 48 225
0 17 0
5.62486565939974 32 105
8.96475034208469 33 120
16.8942981131586 54 224
0 17 0
8.96475034208469 33 120
0 17 0
8.15999429636653 42 150
21.8077799436158 61 225
8.96475034208469 33 120
16.3623977639225 56 238
0 17 0
8.96475034208469 33 120
5.00101724046738 36 101
8.96475034208469 33 120
12.4570282592501 44 109
0 17 0
3.95412571023011 31 91
0.159465294620753 19 1
84.0996633729202 122 603
12.3608172588053 48 147
5.21954977312991 32 49
18.1503193351652 48 225
0 17 0
8.96475034208469 33 120
24.282934873832 64 269
0 17 0
0 17 0
24.692490047706 61 303
27.4283395562036 68 254
0 17 0
32.4966301057766 72 355
7.41946110193405 40 133
3.95412571023011 31 91
3.70017328359038 35 76
15.0522532244147 47 211
2.28151506381298 29 66
14.030900605411 46 196
0 17 0
0 17 0
4.76343602764567 35 73
0 17 0
11.995197345772 44 175
11.2241942901345 42 156
0 17 0
15.0522532244147 47 211
18.1503193351652 48 225
0 17 0
18.1503193351652 48 225
7.47872268054909 41 133
0 17 0
25.8476491633603 64 206
1.80267562618483 28 55
13.875446183843 44 78
0 17 0
0 17 0
3.95412571023011 31 91
8.96475034208469 33 120
12.6041591571074 45 186
8.96475034208469 33 120
8.96475034208469 33 120
0 17 0
1.80267562618483 28 55
11.5575304360914 43 165
0 17 0
2.95096489651669 30 78
0 17 0
12.9225609577327 50 193
8.96475034208469 33 120
0 17 0
0 17 0
60.5035943983351 103 515
18.1503193351652 48 225
0 17 0
0 17 0
8.96475034208469 33 120
0 17 0
0 17 0
8.96475034208469 33 120
1.80267562618483 28 55
14.030900605411 46 196
0 17 0
18.1503193351652 48 225
3.30961671581611 29 25
10.369973728714 38 130
8.03647548833695 38 112
9.62024687053025 44 171
0 17 0
12.6041591571074 45 186
0 17 0
0 17 0
0 17 0
6.01079716385967 34 64
0 17 0
0 17 0
8.96475034208469 33 120
8.96475034208469 33 120
8.96475034208469 33 120
19.9408106685254 58 262
2.95096489651669 30 78
8.96475034208469 33 120
23.2919177771178 60 291
8.96475034208469 33 120
2.28151506381298 29 66
10.0926522108009 42 144
0 17 0
5.62486565939974 32 105
11.2241942901345 42 156
0.752182621475259 24 21
8.96475034208469 33 120
8.96475034208469 33 120
10.0926522108009 42 144
19.8259159628137 50 226
0 17 0
0 17 0
8.96475034208469 33 120
0 17 0
0 17 0
3.95412571023011 31 91
0 17 0
0 17 0
0 17 0
0 17 0
0 17 0
27.6595730136333 63 262
6.70526615713066 41 136
15.0522532244147 47 211
22.6497848096987 59 274
0 17 0
0 17 0
0 17 0
0 17 0
1.6159149854903 22 4
1.44288005905117 27 45
0 17 0
0 17 0
1.6159149854903 22 4
8.96475034208469 33 120
12.6041591571074 45 186
5.62486565939974 32 105
0 17 0
56.9920235043717 98 515
1.44288005905117 27 45
18.1503193351652 48 225
29.9828358436661 64 317
1.16235001908161 26 36
0 17 0
2.95096489651669 30 78
16.824073102809 50 184
9.65419527313793 42 96
8.96475034208469 33 120
0 17 0
0 17 0
3.95412571023011 31 91
24.692490047706 61 303
27.5519213322787 62 316
0 17 0
8.96475034208469 33 120
8.96475034208469 33 120
8.96475034208469 33 120
13.5185345827148 46 198
9.62024687053025 44 171
15.0522532244147 47 211
0 17 0
0 17 0
8.96475034208469 33 120
0.464891675245066 22 10
0 17 0
0.159465294620753 19 1
5.62486565939974 32 105
20.9621632875291 59 277
10.0926522108009 42 144
0 17 0
22.8158578332303 58 203
1.44288005905117 27 45
0 17 0
18.1503193351652 48 225
0 17 0
8.96475034208469 33 120
25.9783877940139 67 296
0 17 0
18.1503193351652 48 225
15.0522532244147 47 211
0 17 0
31.3321298716696 71 296
0.937195086560091 25 28
8.52859517495251 44 147
0 17 0
8.96475034208469 33 120
0 17 0
3.47938311627329 31 43
0 17 0
8.96475034208469 33 120
8.83772704118453 40 121
14.030900605411 46 196
0 17 0
14.6776188771738 50 186
14.030900605411 46 196
21.5551491567045 59 232
0.464891675245066 22 10
5.62486565939974 32 105
0 17 0
0 17 0
47.7553559889059 87 370
8.14896404464913 42 85
3.95412571023011 31 91
8.96475034208469 33 120
0 17 0
28.9994589792486 70 329
8.96475034208469 33 120
30.7785702397146 71 272
0 17 0
0 17 0
8.96475034208469 33 120
23.6711374287023 60 289
18.1503193351652 48 225
1.44288005905117 27 45
49.6998349224907 92 410
0 17 0
17.2329297678243 47 148
0 17 0
0.350345174396746 21 6
0 17 0
1.80267562618483 28 55
11.5575304360914 43 165
0 17 0
0 17 0
1.80267562618483 28 55
13.6879278384995 49 179
1.80267562618483 28 55
8.96475034208469 33 120
0 17 0
0 17 0
8.96475034208469 33 120
0 17 0
24.1638327517197 65 271
14.030900605411 46 196
8.96475034208469 33 120
0 17 0
0 17 0
7.47872268054909 41 133
5.62486565939974 32 105
3.95412571023011 31 91
0 17 0
0 17 0
0 17 0
9.62024687053025 44 171
0 17 0
0 17 0
0 17 0
0 17 0
0 17 0
0 17 0
6.01079716385967 34 64
0 17 0
5.62486565939974 32 105
6.29785720747838 39 76
1.80267562618483 28 55
8.96475034208469 33 120
1.44288005905117 27 45
4.44364728041798 37 94
8.43939405377525 31 20
8.96475034208469 33 120
0 17 0
2.28151506381298 29 66
24.5692178899156 64 260
0 17 0
1.16235001908161 26 36
27.5519213322787 62 316
5.62486565939974 32 105
0 17 0
0 17 0
15.7760837746767 51 136
0 17 0
8.63539758024366 42 84
46.6665344874608 90 425
0 17 0
7.95516403525575 38 70
33.4729481213419 75 277
0 17 0
0 17 0
18.1503193351652 48 225
13.3821698778089 49 157
5.62486565939974 32 105
43.5182028856415 86 409
0 17 0
0 17 0
18.1503193351652 48 225
4.37390522388352 26 10
5.62486565939974 32 105
5.62486565939974 32 105
0 17 0
18.1503193351652 48 225
5.62486565939974 32 105
0 17 0
22.6497848096987 59 274
5.62486565939974 32 105
6.17533470089509 40 123
10.0926522108009 42 144
0.249577892041912 20 3
7.01453162097202 32 31
0 17 0
15.0586652973828 52 189
19.8259159628137 50 226
8.96475034208469 33 120
3.95412571023011 31 91
22.6497848096987 59 274
5.62486565939974 32 105
14.030900605411 46 196
46.380654653011 88 382
10.0474904951052 36 123
17.5701722436893 55 231
5.62486565939974 32 105
0 17 0
0 17 0
0 17 0
0 17 0
0 17 0
8.96475034208469 33 120
5.62486565939974 32 105
0 17 0
8.96475034208469 33 120
9.62024687053025 44 171
0 17 0
8.96475034208469 33 120
8.96475034208469 33 120
0 17 0
0 17 0
3.95412571023011 31 91
0 17 0
51.773297582479 95 485
7.68957292215143 41 103
39.6763993763288 84 358
15.0522532244147 47 211
2.95096489651669 30 78
20.3924320348953 57 232
0.159465294620753 19 1
1.44288005905117 27 45
24.1184594052324 62 270
0 17 0
25.3976659623612 63 280
0 17 0
1.30013250663645 23 7
0 17 0
14.030900605411 46 196
0 17 0
0 17 0
15.252510125926 49 167
0 17 0
34.5393353437839 74 382
35.799964139133 75 358
37.1639831069631 75 394
0 17 0
8.96475034208469 33 120
2.76031186898601 31 67
14.030900605411 46 196
0 17 0
0 17 0
2.95096489651669 30 78
17.1159026291895 55 224
41.5213149403947 83 410
18.1503193351652 48 225
1.80267562618483 28 55
39.5365249902852 83 353
8.96475034208469 33 120
0 17 0
8.96475034208469 33 120
0 17 0
8.96475034208469 33 120
0 17 0
13.8817643150223 51 180
11.5575304360914 43 165
18.1503193351652 48 225
8.96475034208469 33 120
0 17 0
0 17 0
0 17 0
2.28151506381298 29 66
5.62486565939974 32 105
23.2919177771178 60 291
10.9578783926233 41 148
17.2828168934498 55 232
8.96475034208469 33 120
42.5426675593984 84 424
0 17 0
0 17 0
0 17 0
0 17 0
8.96475034208469 33 120
8.96475034208469 33 120
0 17 0
2.28151506381298 29 66
5.62486565939974 32 105
8.96475034208469 33 120
0 17 0
1.6159149854903 22 4
16.3354498848814 52 211
24.5171497103245 62 276
8.6305784866894 40 118
31.980586130891 75 330
0 17 0
1.91006821781188 29 46
0 17 0
63.4073530995471 98 477
18.1503193351652 48 225
23.6711374287023 60 289
0 17 0
0 17 0
0 17 0
0 17 0
0 17 0
7.63810037789716 44 117
18.1503193351652 48 225
0 17 0
2.28151506381298 29 66
0 17 0
29.8356480743154 71 348
27.5519213322787 62 316
47.8554805481404 80 324
17.5910584853245 52 167
38.044295514967 81 329
18.1503193351652 48 225
22.9983112877734 63 262
43.564020178402 85 437
16.5396401823964 53 211
11.0360532225374 41 85
0 17 0
0 17 0
20.023832189674 57 223
0 17 0
5.62486565939974 32 105
0 17 0
0 17 0
3.95412571023011 31 91
0.937195086560091 25 28
0.159465294620753 19 1
0 17 0
0 17 0
0 17 0
8.96475034208469 33 120
14.6803961039739 54 169
5.62486565939974 32 105
8.52093691356768 43 134
0 17 0
15.0522532244147 47 211
0.350345174396746 21 6
0.597118515040466 23 15
0 17 0
0 17 0
10.0474904951052 36 123
12.6041591571074 45 186
0 17 0
3.95412571023011 31 91
14.030900605411 46 196
3.95412571023011 31 91
4.0933004139489 33 57
3.95412571023011 31 91
0 17 0
15.3459500700449 43 68
12.6041591571074 45 186
2.28151506381298 29 66
18.1503193351652 48 225
0 17 0
10.0474904951052 36 123
8.31728175227605 39 72
27.978106360245 69 317
0 17 0
1.44288005905117 27 45
25.6990246589527 65 233
5.62486565939974 32 105
8.96475034208469 33 120
0 17 0
11.8116869612976 50 169
0 17 0
0 17 0
11.7039795404206 44 169
0 17 0
23.6711374287023 60 289
3.95412571023011 31 91
17.5701722436893 55 231
11.7039795404206 44 169
0 17 0
0 17 0
3.73804893010275 28 25
11.995197345772 44 175
0 17 0
8.96475034208469 33 120
5.62486565939974 32 105
13.5185345827148 46 198
0 17 0
18.1503193351652 48 225
8.96475034208469 33 120
8.96475034208469 33 120
2.95096489651669 30 78
8.96475034208469 33 120
0 17 0
0.597118515040466 23 15
31.5117215765996 71 306
0 17 0
21.5053313894618 57 261
8.96475034208469 33 120
5.75034004911446 39 119
0.597118515040466 23 15
0 17 0
0 17 0
0 17 0
3.95412571023011 31 91
15.1843514630981 46 156
24.692490047706 61 303
0 17 0
0 17 0
5.62486565939974 32 105
0 17 0
0 17 0
0 17 0
0 17 0
8.96475034208469 33 120
9.81536843582159 46 122
8.96475034208469 33 120
0 17 0
0.597118515040466 23 15
0 17 0
0.464891675245066 22 10
8.96475034208469 33 120
14.030900605411 46 196
0 17 0
0 17 0
18.1503193351652 48 225
6.30489523594598 34 106
8.96475034208469 33 120
11.7039795404206 44 169
0 17 0
5.62486565939974 32 105
12.5146944958427 52 193
11.995197345772 44 175
1.44288005905117 27 45
8.96475034208469 33 120
0 17 0
24.692490047706 61 303
0 17 0
8.96475034208469 33 120
8.96475034208469 33 120
1.44288005905117 27 45
29.6380820694054 69 319
0 17 0
0.937195086560091 25 28
20.2785107149188 62 238
18.4971977541919 54 157
8.96475034208469 33 120
0.350345174396746 21 6
8.96475034208469 33 120
3.24150051021967 34 70
5.44574102998567 38 112
23.6711374287023 60 289
46.979949526855 87 460
0 17 0
8.83772704118453 40 121
8.96475034208469 33 120
14.030900605411 46 196
0 17 0
0.350345174396746 21 6
0 17 0
29.0787057134411 72 285
8.96475034208469 33 120
0 17 0
0 17 0
8.96475034208469 33 120
0 17 0
0 17 0
0 17 0
14.7561709062881 43 62
0 17 0
0 17 0
2.28151506381298 29 66
4.76343602764567 35 73
0 17 0
3.95412571023011 31 91
8.96475034208469 33 120
8.96475034208469 33 120
7.16438731779053 39 126
29.8356480743154 71 348
39.5306173294411 76 346
8.96475034208469 33 120
27.8316276739183 61 249
0 17 0
13.121785797035 49 169
8.96475034208469 33 120
1.44288005905117 27 45
4.46606262609895 30 36
0 17 0
0 17 0
1.16235001908161 26 36
0.752182621475259 24 21
46.1669753571805 88 378
15.0522532244147 47 211
0 17 0
22.6497848096987 59 274
23.6711374287023 60 289
20.9302156800648 55 246
0.249577892041912 20 3
8.96475034208469 33 120
0 17 0
0 17 0
0 17 0
0 17 0
5.62486565939974 32 105
0 17 0
2.95096489651669 30 78
5.95601880619228 33 37
23.656352782599 55 234
8.96475034208469 33 120
18.1503193351652 48 225
73.7345104571747 110 513
0 17 0
0 17 0
8.96475034208469 33 120
36.5487317358037 76 359
0 17 0
0 17 0
24.1148973033504 62 215
18.1503193351652 48 225
8.96475034208469 33 120
5.62486565939974 32 105
33.7096324067735 69 327
0 17 0
5.62486565939974 32 105
36.1159139105917 76 361
0 17 0
5.62486565939974 32 105
7.47872268054909 41 133
0 17 0
0 17 0
0 17 0
27.6831518692649 65 257
5.62486565939974 32 105
5.62486565939974 32 105
0 17 0
0 17 0
18.5090380994042 56 175
0 17 0
8.96475034208469 33 120
6.85714944657555 36 81
0 17 0
21.4880013285214 60 223
12.6041591571074 45 186
8.96475034208469 33 120
27.5519213322787 62 316
0 17 0
0 17 0
0 17 0
21.8077799436158 61 225
0 17 0
12.193011452317 43 86
7.4137360300416 41 112
18.1503193351652 48 225
36.1247596810766 80 340
8.96475034208469 33 120
0 17 0
0 17 0
0 17 0
0 17 0
0 17 0
8.96475034208469 33 120
42.8588926640061 80 298
12.2860840401591 48 149
0 17 0
3.47938311627329 31 43
0 17 0
27.5519213322787 62 316
13.9603067572146 47 136
1.44288005905117 27 45
0.597118515040466 23 15
22.4617893951044 59 280
0 17 0
0 17 0
0.464891675245066 22 10
2.32148512564011 24 9
37.1639831069631 75 394
0 17 0
0 17 0
0 17 0
3.95412571023011 31 91
0 17 0
2.95096489651669 30 78
21.9080250885958 58 270
0 17 0
2.95096489651669 30 78
0.752182621475259 24 21
5.62486565939974 32 105
14.030900605411 46 196
31.4752774867729 71 340
8.96475034208469 33 120
0 17 0
31.4526371116997 71 346
29.1446784695932 72 290
0 17 0
0 17 0
0 17 0
2.32148512564011 24 9
20.7074370682937 57 221
8.52093691356768 43 134
13.4642491081113 48 175
14.030900605411 46 196
24.9812027023532 63 244
0 17 0
12.6041591571074 45 186
0 17 0
0 17 0
0.249577892041912 20 3
0 17 0
0 17 0
6.06897621316442 37 87
0 17 0
0 17 0
0 17 0
0 17 0
0 17 0
8.96475034208469 33 120
4.37390522388352 26 10
0 17 0
5.62486565939974 32 105
14.030900605411 46 196
5.62486565939974 32 105
8.96475034208469 33 120
14.030900605411 46 196
26.4190185813649 64 295
5.62486565939974 32 105
18.1503193351652 48 225
0 17 0
13.5185345827148 46 198
14.030900605411 46 196
0 17 0
2.28151506381298 29 66
0 17 0
43.1656350748737 87 397
3.61281304193255 33 81
3.95412571023011 31 91
8.96475034208469 33 120
5.62486565939974 32 105
0 17 0
8.96475034208469 33 120
8.96475034208469 33 120
0 17 0
25.0441077441622 67 274
0 17 0
0 17 0
0 17 0
0 17 0
9.62024687053025 44 171
0 17 0
0.350345174396746 21 6
0 17 0
20.4874609528262 53 235
8.96475034208469 33 120
16.8942981131586 54 224
1.44288005905117 27 45
15.8993436170073 50 202
5.62486565939974 32 105
0.937195086560091 25 28
0 17 0
37.1639831069631 75 394
8.96475034208469 33 120
24.5033621853279 59 200
0 17 0
19.9408106685254 58 262
0.464891675245066 22 10
0 17 0
46.979949526855 87 460
0 17 0
1.16235001908161 26 36
0 17 0
17.356802503885 53 226
0 17 0
5.62486565939974 32 105
0 17 0
13.5185345827148 46 198
13.359222433547 48 109
0 17 0
8.96475034208469 33 120
0 17 0
0 17 0
14.2623473301751 43 74
10.9578783926233 41 148
0 17 0
0 17 0
3.73804893010275 28 25
0 17 0
0 17 0
27.8826200399164 65 273
2.32148512564011 24 9
10.2071232652655 37 126
11.995197345772 44 175
18.2132556692841 58 204
0 17 0
0 17 0
0.464891675245066 22 10
7.26249102874296 36 47
8.96475034208469 33 120
0.464891675245066 22 10
11.7655620364538 45 97
0.752182621475259 24 21
11.995197345772 44 175
0 17 0
0 17 0
0 17 0
6.17533470089509 40 123
36.1776199186492 77 335
11.7039795404206 44 169
0 17 0
14.030900605411 46 196
0 17 0
8.96475034208469 33 120
34.9802376579561 78 297
0 17 0
8.96475034208469 33 120
0 17 0
32.9665264528027 77 302
18.9194580495218 57 249
0 17 0
10.6322435004784 49 138
8.96475034208469 33 120
5.62486565939974 32 105
6.45413877855497 35 108
0 17 0
22.6497848096987 59 274
0 17 0
7.77757856521254 41 91
8.96475034208469 33 120
14.030900605411 46 196
10.2071232652655 37 126
0 17 0
0 17 0
38.5117742371518 81 399
5.62486565939974 32 105
27.5519213322787 62 316
0 17 0
5.75699467486037 35 49
11.0844391152652 45 183
29.9828358436661 64 317
20.9654869509876 60 249
0 17 0
0 17 0
0 17 0
0 17 0
1.44288005905117 27 45
0 17 0
0.159465294620753 19 1
0 17 0
22.8522981801684 61 251
8.96475034208469 33 120
3.95412571023011 31 91
0 17 0
7.47872268054909 41 133
0 17 0
8.9212198185026 43 157
0 17 0
0 17 0
22.2864459124797 56 140
8.96475034208469 33 120
3.95412571023011 31 91
0 17 0
10.0474904951052 36 123
0 17 0
18.1503193351652 48 225
23.6711374287023 60 289
2.28151506381298 29 66
19.0307386641263 60 224
2.95096489651669 30 78
8.96475034208469 33 120
0 17 0
26.3787015996678 59 244
0 17 0
18.1503193351652 48 225
8.96475034208469 33 120
13.5185345827148 46 198
10.5434777982975 39 135
0 17 0
0 17 0
0 17 0
51.7171614852775 91 466
0.159465294620753 19 1
10.369973728714 38 130
8.96475034208469 33 120
1.44288005905117 27 45
36.1776199186492 77 335
8.96475034208469 33 120
17.7328190733382 52 201
27.9347675225152 65 206
0 17 0
0 17 0
0 17 0
5.62486565939974 32 105
0 17 0
11.995197345772 44 175
5.62486565939974 32 105
5.62486565939974 32 105
0 17 0
2.28151506381298 29 66
1.44288005905117 27 45
37.1639831069631 75 394
1.44288005905117 27 45
0 17 0
3.73804893010275 28 25
4.46606262609895 30 36
0 17 0
10.9578783926233 41 148
0 17 0
12.4964881253059 48 186
13.3215055944016 50 154
0 17 0
0 17 0
2.95096489651669 30 78
9.62024687053025 44 171
1.80267562618483 28 55
5.62486565939974 32 105
1.30013250663645 23 7
5.20280110810897 37 106
5.39317842433096 39 114
8.74792819248246 43 136
18.6081321045077 57 251
0 17 0
32.8186611311403 71 284
0 17 0
6.47118767574773 41 97
2.95096489651669 30 78
34.5111535089529 76 308
10.7359255379414 40 141
8.14203115941055 37 59
0 17 0
8.96475034208469 33 120
0 17 0
0 17 0
0.249577892041912 20 3
9.66797569828659 38 64
0 17 0
0 17 0
10.0926522108009 42 144
10.0474904951052 36 123
8.96475034208469 33 120
0 17 0
0 17 0
27.5519213322787 62 316
0.752182621475259 24 21
15.0522532244147 47 211
0 17 0
0 17 0
0 17 0
0 17 0
0 17 0
0 17 0
0.350345174396746 21 6
14.030900605411 46 196
0 17 0
23.9762291879392 65 233
0 17 0
0.249577892041912 20 3
8.96475034208469 33 120
2.95096489651669 30 78
0 17 0
0.159465294620753 19 1
18.1503193351652 48 225
7.78501811996772 38 100
8.96475034208469 33 120
12.8810424476988 40 129
0 17 0
14.030900605411 46 196
1.16235001908161 26 36
11.0844391152652 45 183
0 17 0
0 17 0
3.95412571023011 31 91
0 17 0
0 17 0
10.369973728714 38 130
8.96475034208469 33 120
0 17 0
0 17 0
1.44288005905117 27 45
0 17 0
0 17 0
0 17 0
8.96475034208469 33 120
0 17 0
18.1503193351652 48 225
0 17 0
0.249577892041912 20 3
0.752182621475259 24 21
18.1503193351652 48 225
3.70828645472727 34 56
41.4168989282183 82 367
10.0926522108009 42 144
8.96475034208469 33 120
51.1859042334445 90 371
37.1639831069631 75 394
0 17 0
0 17 0
0 17 0
3.97245858756027 35 88
10.9578783926233 41 148
5.62486565939974 32 105
8.96475034208469 33 120
19.6628076925294 56 235
8.96475034208469 33 120
0 17 0
0 17 0
0 17 0
8.96475034208469 33 120
11.0844391152652 45 183
27.5519213322787 62 316
0 17 0
16.5396401823964 53 211
30.7736310264142 71 319
10.5434777982975 39 135
5.62486565939974 32 105
0.597118515040466 23 15
5.62486565939974 32 105
9.88311716032777 35 121
6.17533470089509 40 123
3.95412571023011 31 91
0 17 0
10.0926522108009 42 144
0.752182621475259 24 21
0 17 0
1.16235001908161 26 36
28.8142954553118 70 334
8.96475034208469 33 120
19.9502824487979 56 241
8.96475034208469 33 120
0 17 0
0 17 0
14.030900605411 46 196
0 17 0
0 17 0
0 17 0
22.6497848096987 59 274
18.1503193351652 48 225
0 17 0
0 17 0
0 17 0
31.4526371116997 71 346
15.0988981876211 55 228
0 17 0
0 17 0
0 17 0
0 17 0
3.95412571023011 31 91
10.128551993395 44 106
7.7395030271876 41 141
0 17 0
0 17 0
26.9997404130175 68 311
9.2674264160579 43 86
28.0033206080652 69 327
0 17 0
42.3199387794806 83 360
0 17 0
0 17 0
3.71585736877975 34 66
27.8235270271112 67 290
3.95412571023011 31 91
0.937195086560091 25 28
21.9080250885958 58 270
5.62486565939974 32 105
8.66153614553762 45 126
26.9633128846107 63 274
14.030900605411 46 196
0 17 0
0 17 0
0 17 0
31.1214109514484 74 308
0 17 0
0 17 0
17.6941274426609 57 211
8.96475034208469 33 120
0 17 0
35.0246758109232 77 353
3.95412571023011 31 91
0 17 0
0 17 0
17.7328190733382 52 201
0.464891675245066 22 10
0.249577892041912 20 3
0 17 0
0.752182621475259 24 21
0 17 0
0 17 0
25.4272097924609 62 189
7.41946110193405 40 133
0 17 0
0 17 0
8.96475034208469 33 120
2.95096489651669 30 78
0 17 0
0 17 0
0 17 0
0 17 0
0 17 0
0 17 0
38.5694234908504 83 368
14.3998711355934 54 216
37.9921749609434 79 364
0 17 0
8.96475034208469 33 120
8.96475034208469 33 120
0 17 0
0 17 0
1.80267562618483 28 55
0 17 0
8.96475034208469 33 120
5.21954977312991 32 49
14.030900605411 46 196
0 17 0
2.95096489651669 30 78
0 17 0
0 17 0
0 17 0
15.0522532244147 47 211
0 17 0
28.9994589792486 70 329
0.159465294620753 19 1
8.96475034208469 33 120
22.6497848096987 59 274
0 17 0
0 17 0
4.46606262609895 30 36
0.597118515040466 23 15
8.96475034208469 33 120
5.62486565939974 32 105
0.159465294620753 19 1
52.5539236008585 96 431
22.4617893951044 59 280
8.96475034208469 33 120
0 17 0
1.6159149854903 22 4
0 17 0
41.5213149403947 83 410
0 17 0
8.96475034208469 33 120
8.96475034208469 33 120
0 17 0
0 17 0
0 17 0
0 17 0
8.2327024711436 41 80
0 17 0
8.96475034208469 33 120
0 17 0
3.95412571023011 31 91
20.7007272279095 54 240
0 17 0
0 17 0
12.0999105933486 38 124
0 17 0
0 17 0
6.29785720747838 39 76
18.1503193351652 48 225
8.83772704118453 40 121
4.0933004139489 33 57
0 17 0
0 17 0
29.8437055216208 73 315
5.21954977312991 32 49
17.6110517130335 54 232
0 17 0
11.8319013772891 40 131
21.5053313894618 57 261
0 17 0
28.4627544202807 67 250
17.6740810243524 56 243
11.1434153873316 48 177
8.96475034208469 33 120
1.16235001908161 26 36
0 17 0
0 17 0
1.22654198379624 25 16
8.96475034208469 33 120
5.62486565939974 32 105
0 17 0
13.6464564195833 42 136
5.00101724046738 36 101
1.44288005905117 27 45
0 17 0
0.937195086560091 25 28
8.96475034208469 33 120
54.8216758597251 97 505
11.5575304360914 43 165
0 17 0
0 17 0
16.5396401823964 53 211
3.47938311627329 31 43
8.96475034208469 33 120
22.4617893951044 59 280
0 17 0
0.249577892041912 20 3
20.3174197989276 55 164
8.96475034208469 33 120
8.96475034208469 33 120
0 17 0
0 17 0
4.06614429968723 33 59
0 17 0
30.0208115982523 71 344
0 17 0
0 17 0
0 17 0
18.1503193351652 48 225
0 17 0
5.62486565939974 32 105
36.7809629040155 78 376
0 17 0
18.1503193351652 48 225
0 17 0
3.95412571023011 31 91
9.62024687053025 44 171
11.995197345772 44 175
34.5393353437839 74 382
8.74451959715197 43 160
11.7039795404206 44 169
1.80267562618483 28 55
3.73804893010275 28 25
0 17 0
0 17 0
0 17 0
0.752182621475259 24 21
12.7957666016146 48 124
1.80267562618483 28 55
0 17 0
0 17 0
0 17 0
0 17 0
0.937195086560091 25 28
4.46606262609895 30 36
0 17 0
35.4735466745701 74 275
40.4999623213911 82 395
0 17 0
18.1503193351652 48 225
0 17 0
18.1503193351652 48 225
11.995197345772 44 175
13.5185345827148 46 198
8.96475034208469 33 120
0 17 0
2.95096489651669 30 78
0 17 0
0.464891675245066 22 10
1.44288005905117 27 45
3.70017328359038 35 76
30.0782784193263 72 276
0 17 0
24.2305679526675 64 228
3.70017328359038 35 76
2.26864235515626 30 56
0 17 0
0.597118515040466 23 15
0 17 0
0.159465294620753 19 1
6.01079716385967 34 64
0 17 0
0 17 0
1.6159149854903 22 4
13.8817643150223 51 180
40.936646494555 79 273
0 17 0
2.95096489651669 30 78
6.15016811667743 40 127
0 17 0
8.96475034208469 33 120
0 17 0
1.22654198379624 25 16
1.44288005905117 27 45
0 17 0
18.0115508571673 50 170
0 17 0
5.62486565939974 32 105
13.8817643150223 51 180
15.0522532244147 47 211
0.937195086560091 25 28
14.030900605411 46 196
0 17 0
8.96475034208469 33 120
0 17 0
11.7039795404206 44 169
3.13249494757029 32 51
0 17 0
0 17 0
18.1503193351652 48 225
0 17 0
8.66153614553762 45 126
49.4781548004739 84 368
8.96475034208469 33 120
8.96475034208469 33 120
0 17 0
22.4617893951044 59 280
0.752182621475259 24 21
8.96475034208469 33 120
18.1503193351652 48 225
14.030900605411 46 196
0 17 0
0 17 0
10.7359255379414 40 141
7.01453162097202 32 31
11.7039795404206 44 169
18.1503193351652 48 225
0 17 0
5.62486565939974 32 105
0 17 0
0 17 0
8.96475034208469 33 120
15.90175153955 48 157
0 17 0
6.29785720747838 39 76
13.5185345827148 46 198
11.0844391152652 45 183
22.6497848096987 59 274
0 17 0
23.6711374287023 60 289
8.96475034208469 33 120
8.96475034208469 33 120
34.3885051927298 71 334
0 17 0
0 17 0
8.96475034208469 33 120
0 17 0
22.5962680410518 57 205
8.96475034208469 33 120
21.1690211617548 54 184
0 17 0
0 17 0
5.62486565939974 32 105
27.5519213322787 62 316
11.5575304360914 43 165
3.95412571023011 31 91
0 17 0
0 17 0
8.96475034208469 33 120
8.96475034208469 33 120
6.75421744475197 39 104
13.461902504165 52 204
0 17 0
13.5185345827148 46 198
0 17 0
8.96475034208469 33 120
33.5179827247802 73 369
5.62486565939974 32 105
8.96475034208469 33 120
2.55173875078958 31 46
15.0522532244147 47 211
0 17 0
0 17 0
0 17 0
8.96475034208469 33 120
0.752182621475259 24 21
1.16235001908161 26 36
0 17 0
5.62486565939974 32 105
12.6041591571074 45 186
0 17 0
5.17628464514844 38 102
2.95096489651669 30 78
0 17 0
1.21142095967428 24 11
3.32470607957103 34 76
3.95412571023011 31 91
0 17 0
0 17 0
0.350345174396746 21 6
4.4916047968094 37 99
14.6028827739814 52 197
0 17 0
8.96475034208469 33 120
0 17 0
0 17 0
0 17 0
13.5185345827148 46 198
17.1881043131455 53 169
30.1404510159937 65 267
15.5930844794209 50 166
20.4874609528262 53 235
15.0522532244147 47 211
8.96475034208469 33 120
2.28151506381298 29 66
11.995197345772 44 175
3.65718994639453 27 14
0 17 0
5.21954977312991 32 49
0 17 0
0 17 0
26.188765565771 67 300
0 17 0
0 17 0
11.0844391152652 45 183
5.62486565939974 32 105
53.8003232407214 96 494
18.1503193351652 48 225
3.95412571023011 31 91
8.96475034208469 33 120
8.96475034208469 33 120
8.96475034208469 33 120
10.4715289978649 46 130
0.597118515040466 23 15
14.030900605411 46 196
0 17 0
8.96475034208469 33 120
0 17 0
13.5185345827148 46 198
81.7005756704748 116 525
0 17 0
3.73804893010275 28 25
10.369973728714 38 130
1.16235001908161 26 36
0 17 0
0 17 0
0 17 0
29.4389990256808 71 278
0 17 0
25.1448683890263 61 239
0 17 0
24.1184594052324 62 270
0 17 0
4.46606262609895 30 36
24.9967069484648 65 212
19.9502824487979 56 241
0 17 0
8.96475034208469 33 120
3.95412571023011 31 91
8.96475034208469 33 120
0 17 0
22.7274912660005 61 241
2.95096489651669 30 78
0 17 0
15.0522532244147 47 211
10.4583633790194 46 140
0 17 0
8.96475034208469 33 120
34.7469552939674 70 293
0 17 0
14.030900605411 46 196
0 17 0
2.95096489651669 30 78
5.82112366212263 32 37
0.159465294620753 19 1
0 17 0
37.1639831069631 75 394
0.752182621475259 24 21
0.597118515040466 23 15
3.95412571023011 31 91
0 17 0
8.96475034208469 33 120
0 17 0
18.1503193351652 48 225
18.1503193351652 48 225
3.95412571023011 31 91
18.9367131790916 58 237
15.5930844794209 50 166
19.9502824487979 56 241
0 17 0
8.96475034208469 33 120
0 17 0
0 17 0
0 17 0
2.95096489651669 30 78
0 17 0
20.4896440614964 61 200
0 17 0
0.249577892041912 20 3
6.97816108817092 42 122
0 17 0
0 17 0
0 17 0
17.5701722436893 55 231
8.96475034208469 33 120
1.6159149854903 22 4
11.2241942901345 42 156
8.96475034208469 33 120
5.62486565939974 32 105
0 17 0
8.96475034208469 33 120
0 17 0
0 17 0
24.8708579765604 64 210
17.2828168934498 55 232
37.2305722205326 80 377
8.96475034208469 33 120
1.30013250663645 23 7
0 17 0
27.5519213322787 62 316
8.96475034208469 33 120
8.96475034208469 33 120
14.1121168594034 45 111
13.5185345827148 46 198
0 17 0
0 17 0
0 17 0
17.9156507321622 55 239
8.96475034208469 33 120
0 17 0
3.95412571023011 31 91
3.95412571023011 31 91
2.28151506381298 29 66
19.6628076925294 56 235
0 17 0
0 17 0
0 17 0
30.0042165949662 69 325
10.0474904951052 36 123
0 17 0
14.6776188771738 50 186
8.96475034208469 33 120
16.824073102809 50 184
18.1503193351652 48 225
8.96475034208469 33 120
0.937195086560091 25 28
0 17 0
2.28151506381298 29 66
0 17 0
27.8316276739183 61 249
0 17 0
0 17 0
2.28151506381298 29 66
0 17 0
0 17 0
0 17 0
15.0522532244147 47 211
8.96475034208469 33 120
1.44288005905117 27 45
0 17 0
0 17 0
10.2911516587474 47 135
0 17 0
5.21954977312991 32 49
2.28151506381298 29 66
13.7008440835658 53 202
18.1503193351652 48 225
0 17 0
2.28151506381298 29 66
20.9621632875291 59 277
70.1349373589777 107 477
8.96475034208469 33 120
14.030900605411 46 196
0 17 0
18.1503193351652 48 225
0 17 0
0 17 0
8.96475034208469 33 120
2.76031186898601 31 67
18.1503193351652 48 225
2.95096489651669 30 78
11.8027071438196 51 185
11.0844391152652 45 183
0 17 0
19.6628076925294 56 235
24.692490047706 61 303
0 17 0
8.96475034208469 33 120
0 17 0
18.1503193351652 48 225
11.1213764975449 45 97
15.0522532244147 47 211
1.44288005905117 27 45
0 17 0
0 17 0
0.350345174396746 21 6
3.73804893010275 28 25
8.96475034208469 33 120
0 17 0
8.96475034208469 33 120
10.9578783926233 41 148
0 17 0
0 17 0
49.8634335451612 91 414
1.44288005905117 27 45
5.62486565939974 32 105
12.1123486426149 45 91
0 17 0
8.96475034208469 33 120
9.64119351996734 44 92
4.46606262609895 30 36
8.96475034208469 33 120
5.62486565939974 32 105
0 17 0
0.937195086560091 25 28
0 17 0
8.96475034208469 33 120
9.0578281073406 39 114
5.62486565939974 32 105
0 17 0
8.96475034208469 33 120
0 17 0
0 17 0
2.28151506381298 29 66
1.30013250663645 23 7
16.3039129110033 56 180
2.60574036652049 30 38
8.96475034208469 33 120
0 17 0
0 17 0
0 17 0
3.95412571023011 31 91
0 17 0
0 17 0
0 17 0
17.8957182631231 53 169
0 17 0
0 17 0
0 17 0
22.4617893951044 59 280
0.937195086560091 25 28
8.96475034208469 33 120
14.030900605411 46 196
24.692490047706 61 303
0.464891675245066 22 10
34.5393353437839 74 382
10.8985926202869 45 119
26.2539597708278 64 249
25.295098859798 59 250
0 17 0
0 17 0
2.32148512564011 24 9
0 17 0
6.00265399857998 41 100
41.8375400450024 79 290
2.28151506381298 29 66
21.9080250885958 58 270
8.96475034208469 33 120
0 17 0
47.8743047462271 88 392
0 17 0
19.9502824487979 56 241
7.5355728020355 42 146
45.9225310595813 87 363
8.96475034208469 33 120
11.995197345772 44 175
18.1503193351652 48 225
18.1503193351652 48 225
15.0522532244147 47 211
27.2440629441836 67 310
3.95412571023011 31 91
0.597118515040466 23 15
0.249577892041912 20 3
3.95412571023011 31 91
0 17 0
8.96475034208469 33 120
0.752182621475259 24 21
5.62486565939974 32 105
4.203152381778 36 93
0 17 0
0 17 0
14.030900605411 46 196
0 17 0
15.4435543447466 52 203
24.692490047706 61 303
19.6294847235113 58 266
10.369973728714 38 130
5.62486565939974 32 105
7.41946110193405 40 133
0 17 0
0 17 0
16.1103676246253 51 206
4.46606262609895 30 36
9.62024687053025 44 171
8.96475034208469 33 120
0 17 0
0 17 0
0 17 0
0 17 0
14.030900605411 46 196
0 17 0
8.96475034208469 33 120
5.62486565939974 32 105
43.6263235392702 85 344
46.7997314416904 86 351
5.62486565939974 32 105
40.7080134350919 81 387
11.7039795404206 44 169
44.5853727974057 86 449
18.6207158007743 57 193
0 17 0
5.62486565939974 32 105
8.96475034208469 33 120
0 17 0
8.96475034208469 33 120
14.030900605411 46 196
8.96475034208469 33 120
0 17 0
8.96475034208469 33 120
0 17 0
27.5519213322787 62 316
2.28151506381298 29 66
12.8654368949068 50 137
0 17 0
0.464891675245066 22 10
35.0613627566923 68 272
8.96475034208469 33 120
9.62024687053025 44 171
3.95412571023011 31 91
2.28151506381298 29 66
27.1674175577348 60 190
15.0522532244147 47 211
27.8235270271112 67 290
0.159465294620753 19 1
10.5434777982975 39 135
8.96475034208469 33 120
0 17 0
10.9578783926233 41 148
8.96475034208469 33 120
0 17 0
32.4966301057766 72 355
1.44288005905117 27 45
0 17 0
0.937195086560091 25 28
0 17 0
0 17 0
27.8235270271112 67 290
2.95096489651669 30 78
17.2828168934498 55 232
23.6711374287023 60 289
0.464891675245066 22 10
0 17 0
8.96475034208469 33 120
0 17 0
11.995197345772 44 175
27.5519213322787 62 316
8.03647548833695 38 112
0 17 0
50.9342801911028 94 421
0 17 0
8.96475034208469 33 120
8.96475034208469 33 120
0 17 0
0 17 0
0 17 0
5.21954977312991 32 49
0 17 0
8.96475034208469 33 120
2.32148512564011 24 9
1.44288005905117 27 45
3.24150051021967 34 70
23.2573991398276 63 228
1.80267562618483 28 55
8.96475034208469 33 120
35.9761314357277 75 334
0 17 0
0 17 0
6.85714944657555 36 81
8.96475034208469 33 120
0 17 0
7.37330143146234 41 112
1.80267562618483 28 55
0 17 0
0 17 0
0 17 0
6.30489523594598 34 106
3.95412571023011 31 91
18.1503193351652 48 225
12.6041591571074 45 186
0 17 0
0 17 0
2.95096489651669 30 78
0 17 0
8.96475034208469 33 120
0 17 0
16.9232027175644 55 234
3.47938311627329 31 43
5.62486565939974 32 105
0 17 0
9.65419527313793 42 96
0 17 0
28.523623475853 63 220
0.597118515040466 23 15
0 17 0
0 17 0
8.96475034208469 33 120
18.1503193351652 48 225
0.937195086560091 25 28
15.4686375464017 48 197
9.62236685051158 45 107
17.4387755024914 53 199
0 17 0
4.38252818885099 36 83
10.3394357448721 41 67
0 17 0
7.16438731779053 39 126
38.2519248395363 81 385
0 17 0
3.3854215363836 28 19
19.6628076925294 56 235
0 17 0
0 17 0
18.1503193351652 48 225
3.95412571023011 31 91
0 17 0
10.0474904951052 36 123
18.1503193351652 48 225
3.95412571023011 31 91
0.159465294620753 19 1
0.937195086560091 25 28
0 17 0
1.80267562618483 28 55
0 17 0
0 17 0
21.9080250885958 58 270
5.62486565939974 32 105
27.1234291383712 66 231
2.28151506381298 29 66
14.1025904595811 54 172
1.80267562618483 28 55
0 17 0
0.464891675245066 22 10
0 17 0
8.96475034208469 33 120
5.62486565939974 32 105
20.0621897109958 51 228
18.8359691602922 57 256
0 17 0
17.7578402282208 56 151
8.96475034208469 33 120
5.62486565939974 32 105
2.95096489651669 30 78
15.0522532244147 47 211
6.85714944657555 36 81
5.62486565939974 32 105
34.9484717215959 76 352
15.0522532244147 47 211
3.95412571023011 31 91
8.96475034208469 33 120
23.2919177771178 60 291
47.8531588117141 92 421
2.95096489651669 30 78
0 17 0
14.030900605411 46 196
0.597118515040466 23 15
1.6159149854903 22 4
16.5396401823964 53 211
0 17 0
0 17 0
52.6639148343889 90 380
10.5434777982975 39 135
8.96475034208469 33 120
13.5286734195642 47 130
8.96475034208469 33 120
11.7039795404206 44 169
1.80267562618483 28 55
0 17 0
0 17 0
0.159465294620753 19 1
0 17 0
0.159465294620753 19 1
8.9212198185026 43 157
0 17 0
8.96475034208469 33 120
0 17 0
0 17 0
0 17 0
0 17 0
1.44288005905117 27 45
0 17 0
8.96475034208469 33 120
3.95412571023011 31 91
1.16235001908161 26 36
0 17 0
0 17 0
0 17 0
2.65839204119824 32 55
18.1503193351652 48 225
0 17 0
8.96475034208469 33 120
0 17 0
18.1503193351652 48 225
2.95096489651669 30 78
15.025851781802 54 182
10.0474904951052 36 123
1.82383844184474 25 13
5.62486565939974 32 105
0 17 0
8.96475034208469 33 120
18.1503193351652 48 225
0 17 0
13.5185345827148 46 198
9.88311716032777 35 121
40.4999623213911 82 395
8.96475034208469 33 120
0 17 0
11.0844391152652 45 183
0 17 0
9.88311716032777 35 121
1.16235001908161 26 36
22.6497848096987 59 274
0 17 0
9.88311716032777 35 121
8.96475034208469 33 120
0 17 0
20.3174197989276 55 164
18.1503193351652 48 225
1.80267562618483 28 55
0 17 0
0 17 0
11.5575304360914 43 165
0 17 0
13.8817643150223 51 180
0 17 0
8.96475034208469 33 120
0 17 0
26.9610018655492 64 229
24.5637311875215 65 277
18.4004015550305 58 212
0 17 0
17.8957182631231 53 169
27.5519213322787 62 316
0 17 0
18.786294366527 59 206
0 17 0
13.9024694339024 45 79
15.0522532244147 47 211
2.28151506381298 29 66
3.13249494757029 32 51
0 17 0
13.5185345827148 46 198
0 17 0
11.7039795404206 44 169
8.96475034208469 33 120
0 17 0
12.020280379639 51 192
5.62486565939974 32 105
0 17 0
8.96475034208469 33 120
18.2663582481013 61 230
0 17 0
0 17 0
0 17 0
7.01453162097202 32 31
30.8114746246094 67 326
8.96475034208469 33 120
10.0926522108009 42 144
34.5393353437839 74 382
8.96475034208469 33 120
23.006506481403 64 277
5.62486565939974 32 105
3.95412571023011 31 91
15.0522532244147 47 211
33.2671921539939 73 371
18.1503193351652 48 225
22.9212719293606 61 233
8.96475034208469 33 120
0 17 0
7.16438731779053 39 126
0 17 0
15.0522532244147 47 211
0 17 0
0 17 0
0 17 0
0 17 0
5.62486565939974 32 105
27.8521464552325 68 316
14.030900605411 46 196
19.3710794158916 56 217
0 17 0
8.96475034208469 33 120
21.4773627348236 58 264
0 17 0
23.5774648142019 62 221
3.95412571023011 31 91
9.88311716032777 35 121
0 17 0
18.1503193351652 48 225
62.9702413079376 104 462
22.8096701738305 62 211
13.5185345827148 46 198
37.1639831069631 75 394
18.1503193351652 48 225
0 17 0
20.9302156800648 55 246
1.16235001908161 26 36
12.0999105933486 38 124
0 17 0
0 17 0
0 17 0
40.3524436787796 82 327
15.1955689990797 53 157
18.1503193351652 48 225
9.53729470078669 42 106
8.96475034208469 33 120
11.0844391152652 45 183
0.752182621475259 24 21
10.5434777982975 39 135
0 17 0
5.76478238466306 37 71
0 17 0
25.340639508926 65 277
41.7462190920948 79 386
7.78501811996772 38 100
0 17 0
4.59227630231444 34 54
8.96475034208469 33 120
0 17 0
14.6325219158167 55 182
20.3407912338618 58 209
11.7039795404206 44 169
0 17 0
0 17 0
14.2857156000434 47 163
20.4445124041863 49 149
19.9408106685254 58 262
0 17 0
8.96475034208469 33 120
5.62486565939974 32 105
6.85714944657555 36 81
3.95412571023011 31 91
8.9212198185026 43 157
0 17 0
0 17 0
8.96475034208469 33 120
8.96475034208469 33 120
8.96475034208469 33 120
0 17 0
8.96475034208469 33 120
0 17 0
18.1503193351652 48 225
7.47872268054909 41 133
41.5213149403947 83 410
12.8835272764586 44 147
8.96475034208469 33 120
5.62486565939974 32 105
69.4317888951207 108 524
0 17 0
10.5434777982975 39 135
0 17 0
2.28151506381298 29 66
6.01079716385967 34 64
7.95516403525575 38 70
6.60671031160698 36 111
0 17 0
8.96475034208469 33 120
7.78501811996772 38 100
0 17 0
9.66797569828659 38 64
27.5519213322787 62 316
1.44288005905117 27 45
9.88311716032777 35 121
3.97245858756027 35 88
8.96475034208469 33 120
31.3178336146126 67 238
5.62486565939974 32 105
37.1639831069631 75 394
8.96475034208469 33 120
19.4110785824754 58 229
0 17 0
0 17 0
11.3827929950003 49 181
8.96475034208469 33 120
0.464891675245066 22 10
5.82112366212263 32 37
8.83772704118453 40 121
8.96475034208469 33 120
19.6294847235113 58 266
15.0522532244147 47 211
27.5519213322787 62 316
0 17 0
14.0373126783791 51 178
0 17 0
2.95096489651669 30 78
3.95412571023011 31 91
14.0615978276427 49 180
2.28151506381298 29 66
0.159465294620753 19 1
0 17 0
8.96475034208469 33 120
0 17 0
11.995197345772 44 175
0 17 0
16.5890182798023 46 146
9.88311716032777 35 121
0 17 0
11.912953732335 41 65
37.5361827572297 80 383
3.73804893010275 28 25
3.95412571023011 31 91
0 17 0
22.6497848096987 59 274
0 17 0
17.4387755024914 53 199
0.159465294620753 19 1
8.96475034208469 33 120
8.96475034208469 33 120
0 17 0
2.28151506381298 29 66
0 17 0
15.0522532244147 47 211
0 17 0
13.8203255337986 37 35
15.0522532244147 47 211
6.01079716385967 34 64
0 17 0
6.01079716385967 34 64
8.96475034208469 33 120
0 17 0
22.7546628476214 62 235
8.15999429636653 42 150
8.96475034208469 33 120
8.96475034208469 33 120
8.96475034208469 33 120
10.8916011133314 40 59
0 17 0
32.6136404267666 76 339
33.9271191025923 75 338
0 17 0
2.60574036652049 30 38
0 17 0
11.7039795404206 44 169
5.62486565939974 32 105
0 17 0
58.9378463529702 100 498
14.030900605411 46 196
5.69033343483918 40 93
0 17 0
0 17 0
0 17 0
0 17 0
0 17 0
18.1503193351652 48 225
9.62024687053025 44 171
0 17 0
0 17 0
8.96475034208469 33 120
0 17 0
3.95412571023011 31 91
0 17 0
0 17 0
0 17 0
27.6972235350647 66 313
8.96475034208469 33 120
2.95096489651669 30 78
0 17 0
0 17 0
2.95096489651669 30 78
1.44288005905117 27 45
0 17 0
8.96475034208469 33 120
12.731833461997 45 159
0 17 0
8.96475034208469 33 120
1.80267562618483 28 55
14.030900605411 46 196
7.39573922893474 43 109
7.47872268054909 41 133
0 17 0
3.95412571023011 31 91
0 17 0
27.2438108598211 68 274
2.32148512564011 24 9
3.95412571023011 31 91
36.6108300306948 78 283
0 17 0
23.4953995876159 59 262
1.80267562618483 28 55
0 17 0
0 17 0
1.80267562618483 28 55
33.5179827247802 73 369
8.83772704118453 40 121
22.2678191320523 61 235
0 17 0
0 17 0
10.9578783926233 41 148
0 17 0
0 17 0
8.96475034208469 33 120
0.937195086560091 25 28
8.96475034208469 33 120
0.159465294620753 19 1
0 17 0
0 17 0
2.92215164690254 32 69
0 17 0
9.81678625536354 47 143
0 17 0
0 17 0
7.78501811996772 38 100
20.7998612971322 57 211
0 17 0
17.4387755024914 53 199
8.96475034208469 33 120
0 17 0
1.64375232030072 28 37
0 17 0
28.8530803232631 67 306
8.96475034208469 33 120
0 17 0
0 17 0
18.1503193351652 48 225
0 17 0
0 17 0
8.96475034208469 33 120
14.030900605411 46 196
0.159465294620753 19 1
8.96475034208469 33 120
0 17 0
0.350345174396746 21 6
24.5124724802719 67 298
0 17 0
13.6086136059602 52 158
8.9212198185026 43 157
0 17 0
18.1503193351652 48 225
0 17 0
19.2104893580788 58 188
24.433281385135 66 262
12.6041591571074 45 186
18.1503193351652 48 225
6.85714944657555 36 81
23.7664837162608 50 83
7.32844532836553 32 25
13.4685532785548 47 178
0 17 0
0 17 0
12.4570282592501 44 109
24.692490047706 61 303
0 17 0
23.8071226685644 56 158
0 17 0
11.2241942901345 42 156
6.85714944657555 36 81
0 17 0
0 17 0
7.16438731779053 39 126
4.34264912619996 35 73
2.28151506381298 29 66
0 17 0
0 17 0
2.28151506381298 29 66
2.28151506381298 29 66
0 17 0
3.95412571023011 31 91
0 17 0
36.183769573272 79 342
8.96475034208469 33 120
1.6159149854903 22 4
27.5519213322787 62 316
5.62486565939974 32 105
0 17 0
0 17 0
0 17 0
0 17 0
8.96475034208469 33 120
15.303109594982 53 205
0 17 0
20.9621632875291 59 277
10.7359255379414 40 141
27.3940752368824 70 293
4.37390522388352 26 10
0 17 0
6.01079716385967 34 64
51.1139305219516 91 429
3.95412571023011 31 91
0 17 0
2.65839204119824 32 55
2.95096489651669 30 78
9.62024687053025 44 171
31.0631836192821 68 331
0 17 0
0 17 0
10.8985926202869 45 119
0 17 0
0 17 0
1.80267562618483 28 55
2.28151506381298 29 66
8.96475034208469 33 120
5.17628464514844 38 102
7.77757856521254 41 91
0 17 0
0 17 0
11.7039795404206 44 169
2.95096489651669 30 78
8.96475034208469 33 120
0 17 0
0.249577892041912 20 3
8.96475034208469 33 120
8.83772704118453 40 121
15.0522532244147 47 211
0 17 0
5.44365708894923 35 52
0 17 0
11.7039795404206 44 169
0 17 0
0 17 0
8.96475034208469 33 120
0 17 0
41.335328239213 80 404
0 17 0
0 17 0
10.9578783926233 41 148
7.01453162097202 32 31
0.752182621475259 24 21
17.9156507321622 55 239
0.159465294620753 19 1
3.95412571023011 31 91
12.7036213136742 49 189
0.249577892041912 20 3
0 17 0
2.95096489651669 30 78
0 17 0
0 17 0
9.88311716032777 35 121
0 17 0
6.17533470089509 40 123
31.4752774867729 71 340
8.96475034208469 33 120
0 17 0
17.1159026291895 55 224
20.4896440614964 61 200
8.96475034208469 33 120
0.937195086560091 25 28
0 17 0
23.5606668972069 60 265
23.8646885813688 60 217
11.7039795404206 44 169
50.2322989462959 91 414
3.95412571023011 31 91
0 17 0
1.44288005905117 27 45
0 17 0
6.30489523594598 34 106
1.80267562618483 28 55
9.66797569828659 38 64
3.95412571023011 31 91
2.28151506381298 29 66
0 17 0
0 17 0
15.0522532244147 47 211
1.6159149854903 22 4
10.0926522108009 42 144
6.15016811667743 40 127
0 17 0
40.3755242533983 79 264
8.96475034208469 33 120
0 17 0
5.62486565939974 32 105
11.2241942901345 42 156
11.2241942901345 42 156
0 17 0
0 17 0
13.8817643150223 51 180
3.95412571023011 31 91
3.95412571023011 31 91
8.96475034208469 33 120
0 17 0
11.0844391152652 45 183
5.17628464514844 38 102
16.9232027175644 55 234
20.9621632875291 59 277
5.62486565939974 32 105
8.96475034208469 33 120
12.6041591571074 45 186
0 17 0
0 17 0
8.96475034208469 33 120
0 17 0
12.3608172588053 48 147
0 17 0
0 17 0
8.9212198185026 43 157
14.030900605411 46 196
0 17 0
8.83772704118453 40 121
8.96475034208469 33 120
0 17 0
0 17 0
18.3041695124535 56 247
2.95096489651669 30 78
17.1159026291895 55 224
18.1503193351652 48 225
11.995197345772 44 175
0 17 0
0 17 0
0.159465294620753 19 1
2.95096489651669 30 78
20.2735674294613 59 214
12.0999105933486 38 124
15.8595259820582 54 214
2.28151506381298 29 66
8.96475034208469 33 120
0 17 0
22.266418587236 59 214
0 17 0
0 17 0
8.9212198185026 43 157
8.96475034208469 33 120
2.95096489651669 30 78
8.96475034208469 33 120
8.96475034208469 33 120
0 17 0
0 17 0
8.96475034208469 33 120
1.80267562618483 28 55
1.64375232030072 28 37
0.752182621475259 24 21
0 17 0
27.5519213322787 62 316
8.33263060842915 35 46
10.7359255379414 40 141
8.96475034208469 33 120
0 17 0
22.6497848096987 59 274
8.96475034208469 33 120
5.62486565939974 32 105
0.159465294620753 19 1
0 17 0
0 17 0
1.16235001908161 26 36
5.62486565939974 32 105
8.96475034208469 33 120
18.1503193351652 48 225
0 17 0
18.1503193351652 48 225
13.0547865973945 43 141
0 17 0
0 17 0
3.95412571023011 31 91
8.96475034208469 33 120
16.824073102809 50 184
18.1503193351652 48 225
5.51630985043956 37 91
27.5519213322787 62 316
0.350345174396746 21 6
34.5393353437839 74 382
2.28151506381298 29 66
0 17 0
0 17 0
15.0522532244147 47 211
16.2997523368174 54 198
2.1586114760413 30 42
0 17 0
18.1503193351652 48 225
20.5517433374115 58 194
0 17 0
0 17 0
0 17 0
8.96475034208469 33 120
0 17 0
6.17533470089509 40 123
0 17 0
30.5275181845565 71 290
15.7511237779028 52 213
5.62486565939974 32 105
18.1503193351652 48 225
17.0130755684447 54 143
0 17 0
0 17 0
25.4208092292139 68 282
18.1503193351652 48 225
0 17 0
8.74269041822801 45 134
12.3926100076191 43 144
6.30489523594598 34 106
15.0522532244147 47 211
0 17 0
7.47872268054909 41 133
0 17 0
29.0051194679477 68 260
8.83772704118453 40 121
0 17 0
0 17 0
0 17 0
2.90428151625721 29 31
35.0246758109232 77 353
3.95412571023011 31 91
3.73804893010275 28 25
0 17 0
16.0945500101858 54 212
8.96475034208469 33 120
1.91006821781188 29 46
0 17 0
41.6361666410404 81 371
5.62486565939974 32 105
1.80267562618483 28 55
5.62486565939974 32 105
27.5519213322787 62 316
0 17 0
8.96475034208469 33 120
0 17 0
23.8627082869879 59 252
10.0926522108009 42 144
2.95096489651669 30 78
14.030900605411 46 196
0 17 0
0 17 0
0 17 0
3.73804893010275 28 25
22.6785129794094 64 281
0 17 0
0 17 0
2.35565254903341 27 21
10.0926522108009 42 144
0 17 0
8.96475034208469 33 120
2.95096489651669 30 78
3.70017328359038 35 76
56.9920235043717 98 515
20.7895807196512 57 217
3.95412571023011 31 91
0 17 0
0 17 0
26.8860579261689 63 304
3.95412571023011 31 91
0 17 0
3.87552270243958 34 62
17.7328190733382 52 201
10.369973728714 38 130
3.95412571023011 31 91
0 17 0
8.96475034208469 33 120
0.159465294620753 19 1
0.597118515040466 23 15
8.96475034208469 33 120
0 17 0
0.249577892041912 20 3
27.5519213322787 62 316
3.95412571023011 31 91
3.95412571023011 31 91
3.02597600196849 26 16
11.1733740563837 46 136
11.5575304360914 43 165
13.5185345827148 46 198
5.62486565939974 32 105
2.95096489651669 30 78
37.1639831069631 75 394
0 17 0
0 17 0
0 17 0
0 17 0
15.0522532244147 47 211
29.9828358436661 64 317
23.2919177771178 60 291
13.5185345827148 46 198
0 17 0
0 17 0
2.95096489651669 30 78
0 17 0
18.1503193351652 48 225
56.9920235043717 98 515
15.2865169736358 48 159
0 17 0
24.5124724802719 67 298
0 17 0
18.1503193351652 48 225
0 17 0
0 17 0
14.030900605411 46 196
37.1639831069631 75 394
20.3174197989276 55 164
0.249577892041912 20 3
0 17 0
32.7718543199624 72 316
0.937195086560091 25 28
0 17 0
28.8227925173304 67 231
1.44288005905117 27 45
18.1503193351652 48 225
8.96475034208469 33 120
5.62486565939974 32 105
0 17 0
0 17 0
0 17 0
0 17 0
2.95096489651669 30 78
0 17 0
30.2904487036516 72 317
0 17 0
8.96475034208469 33 120
0 17 0
0 17 0
0 17 0
8.83772704118453 40 121
4.14146376389807 31 32
8.96475034208469 33 120
9.62024687053025 44 171
1.80267562618483 28 55
0 17 0
3.95412571023011 31 91
8.96475034208469 33 120
0.350345174396746 21 6
8.96475034208469 33 120
11.8114581544836 46 150
34.8205299768178 72 294
8.96475034208469 33 120
20.9621632875291 59 277
31.0120255539938 70 282
0.464891675245066 22 10
5.62486565939974 32 105
11.7039795404206 44 169
7.5355728020355 42 146
14.4100457806277 44 145
18.1503193351652 48 225
0 17 0
0 17 0
0 17 0
0 17 0
8.96475034208469 33 120
8.96475034208469 33 120
6.77019115487375 37 115
3.59687024285494 35 81
0 17 0
0 17 0
2.90428151625721 29 31
8.96475034208469 33 120
0 17 0
1.44288005905117 27 45
5.62486565939974 32 105
3.95412571023011 31 91
18.1503193351652 48 225
1.65662549700576 26 18
1.44288005905117 27 45
0 17 0
15.2115272709678 48 115
18.1503193351652 48 225
0 17 0
3.95412571023011 31 91
0 17 0
0 17 0
0 17 0
13.5185345827148 46 198
11.7039795404206 44 169
15.9831344513011 48 169
8.96475034208469 33 120
8.96475034208469 33 120
0.597118515040466 23 15
0 17 0
26.9633128846107 63 274
25.5850838065252 66 292
0 17 0
5.62486565939974 32 105
22.3191539318372 63 259
32.5157235412727 72 361
0.752182621475259 24 21
0 17 0
8.96475034208469 33 120
25.6671612246196 62 205
0 17 0
0 17 0
12.6041591571074 45 186
0 17 0
0 17 0
3.7800578269482 34 84
8.96475034208469 33 120
0 17 0
0 17 0
12.4964881253059 48 186
0 17 0
0 17 0
0 17 0
0 17 0
0 17 0
18.1503193351652 48 225
13.5185345827148 46 198
29.6380820694054 69 319
13.6464564195833 42 136
31.6490769580103 72 260
23.6711374287023 60 289
27.8521464552325 68 316
0 17 0
0 17 0
15.9065225859024 53 187
21.4208137007296 61 255
0.752182621475259 24 21
18.1503193351652 48 225
0 17 0
18.4502738456851 61 240
11.0844391152652 45 183
17.0273489810086 52 146
8.96475034208469 33 120
5.69989518440184 29 19
0 17 0
1.44288005905117 27 45
14.0527115720603 48 112
8.96475034208469 33 120
1.16235001908161 26 36
12.3608172588053 48 147
0 17 0
2.95096489651669 30 78
2.65839204119824 32 55
20.2783812181946 52 231
8.96475034208469 33 120
10.9051065610502 45 121
0.937195086560091 25 28
0 17 0
12.6041591571074 45 186
0 17 0
8.96475034208469 33 120
14.5158420347021 49 125
2.95096489651669 30 78
29.6380820694054 69 319
0 17 0
32.0659331279314 76 330
5.62486565939974 32 105
0 17 0
6.01079716385967 34 64
0 17 0
0 17 0
8.96475034208469 33 120
29.3066025421285 71 302
0 17 0
18.1503193351652 48 225
19.6294847235113 58 266
0 17 0
0.937195086560091 25 28
0 17 0
0 17 0
11.9718027396117 51 188
0 17 0
8.96475034208469 33 120
0 17 0
22.6878610229953 61 239
0 17 0
0 17 0
18.1503193351652 48 225
0 17 0
1.44703745700628 27 29
0 17 0
8.96475034208469 33 120
3.95412571023011 31 91
2.28151506381298 29 66
6.17533470089509 40 123
32.4966301057766 72 355
2.28151506381298 29 66
8.96475034208469 33 120
1.44288005905117 27 45
0.597118515040466 23 15
0.350345174396746 21 6
0 17 0
0 17 0
15.0522532244147 47 211
5.62486565939974 32 105
18.1503193351652 48 225
0 17 0
0 17 0
5.69989518440184 29 19
0 17 0
17.4387755024914 53 199
6.15016811667743 40 127
0 17 0
27.5519213322787 62 316
0 17 0
42.5426675593984 84 424
0 17 0
5.62486565939974 32 105
36.2921864884806 75 326
0 17 0
5.62486565939974 32 105
0 17 0
18.1503193351652 48 225
0 17 0
15.0522532244147 47 211
19.6628076925294 56 235
8.9212198185026 43 157
19.232780508554 52 215
8.9212198185026 43 157
8.96475034208469 33 120
8.96475034208469 33 120
0 17 0
0 17 0
46.979949526855 87 460
0 17 0
5.21954977312991 32 49
11.995197345772 44 175
1.6159149854903 22 4
21.5053313894618 57 261
0 17 0
3.47938311627329 31 43
0 17 0
8.96475034208469 33 120
14.0212401166969 48 171
4.4916047968094 37 99
20.2785107149188 62 238
18.7505547840084 54 220
0 17 0
9.88311716032777 35 121
10.5434777982975 39 135
0.350345174396746 21 6
24.4861583186957 65 269
0 17 0
0.464891675245066 22 10
0 17 0
0 17 0
6.9526964356802 38 120
0 17 0
23.6711374287023 60 289
0.464891675245066 22 10
0 17 0
0 17 0
8.96475034208469 33 120
20.0401365936015 58 242
23.6711374287023 60 289
6.2783443731683 33 39
8.96475034208469 33 120
9.62024687053025 44 171
0 17 0
23.4911198612683 66 285
27.8235270271112 67 290
8.74451959715197 43 160
0 17 0
21.2998633339224 63 248
27.5519213322787 62 316
24.3832288330419 66 298
0.249577892041912 20 3
0 17 0
0 17 0
0 17 0
13.8240112240576 51 150
0 17 0
14.030900605411 46 196
0 17 0
23.2919177771178 60 291
0 17 0
0 17 0
0 17 0
0 17 0
4.46378933087408 31 30
7.78501811996772 38 100
18.1503193351652 48 225
2.95096489651669 30 78
30.1138782047757 75 322
14.0373126783791 51 178
8.96475034208469 33 120
5.04762359416077 36 85
11.995197345772 44 175
0.350345174396746 21 6
28.0965907528317 69 325
0 17 0
11.0844391152652 45 183
8.96475034208469 33 120
37.1639831069631 75 394
9.62024687053025 44 171
8.96475034208469 33 120
5.62486565939974 32 105
0 17 0
5.00101724046738 36 101
0 17 0
0 17 0
8.96475034208469 33 120
5.62486565939974 32 105
5.20280110810897 37 106
27.5519213322787 62 316
22.5381397140882 59 202
18.1503193351652 48 225
0.752182621475259 24 21
8.96475034208469 33 120
22.5596554811826 63 250
13.5185345827148 46 198
17.1159026291895 55 224
13.5185345827148 46 198
8.96475034208469 33 120
1.16235001908161 26 36
18.4035733220965 48 151
0 17 0
0 17 0
6.85714944657555 36 81
8.96475034208469 33 120
27.8235270271112 67 290
0 17 0
3.95412571023011 31 91
15.0522532244147 47 211
8.96475034208469 33 120
10.0926522108009 42 144
0.350345174396746 21 6
1.87010723720085 29 39
25.5098182340799 66 292
12.0999105933486 38 124
0 17 0
18.1503193351652 48 225
0 17 0
18.1503193351652 48 225
5.62486565939974 32 105
10.2071232652655 37 126
0.937195086560091 25 28
25.5098182340799 66 292
2.28151506381298 29 66
8.96475034208469 33 120
14.0212401166969 48 171
2.28151506381298 29 66
0 17 0
11.7039795404206 44 169
0 17 0
0 17 0
12.8835272764586 44 147
20.7007272279095 54 240
15.64133733796 52 192
11.995197345772 44 175
9.09055151875595 43 104
0 17 0
1.80267562618483 28 55
0 17 0
40.2946300775436 83 414
0 17 0
0 17 0
0.249577892041912 20 3
8.96475034208469 33 120
5.00101724046738 36 101
19.9408106685254 58 262
6.17533470089509 40 123
8.96475034208469 33 120
15.0522532244147 47 211
0 17 0
0 17 0
0 17 0
2.55173875078958 31 46
3.95412571023011 31 91
0 17 0
8.83772704118453 40 121
44.1985369998953 84 396
8.96475034208469 33 120
0 17 0
7.7395030271876 41 141
0 17 0
24.692490047706 61 303
0 17 0
5.62486565939974 32 105
0 17 0
0 17 0
8.96475034208469 33 120
31.3049409933252 68 312
0 17 0
0.249577892041912 20 3
1.16235001908161 26 36
8.96475034208469 33 120
17.5701722436893 55 231
18.1503193351652 48 225
14.030900605411 46 196
15.0522532244147 47 211
0 17 0
0 17 0
0 17 0
1.80267562618483 28 55
0 17 0
19.8833149239564 58 209
0 17 0
0 17 0
8.96475034208469 33 120
8.9212198185026 43 157
5.51630985043956 37 91
8.6305784866894 40 118
0 17 0
0 17 0
8.96475034208469 33 120
0 17 0
27.5519213322787 62 316
0 17 0
11.1434153873316 48 177
8.96475034208469 33 120
0 17 0
8.96475034208469 33 120
8.96475034208469 33 120
10.9578783926233 41 148
0 17 0
20.7998612971322 57 211
0 17 0
0 17 0
3.08421118093105 33 60
8.96475034208469 33 120
0 17 0
0 17 0
18.1503193351652 48 225
2.95096489651669 30 78
5.62486565939974 32 105
0 17 0
8.96475034208469 33 120
11.3883686561177 45 141
26.3007133609899 67 298
9.81536843582159 46 122
8.96475034208469 33 120
15.0522532244147 47 211
0 17 0
0 17 0
8.96475034208469 33 120
11.8478197867775 52 170
0 17 0
0 17 0
8.96475034208469 33 120
8.96475034208469 33 120
0.350345174396746 21 6
6.32009708751451 40 99
23.6952631917857 64 263
0 17 0
19.9502824487979 56 241
5.62486565939974 32 105
41.590402966895 84 362
0 17 0
8.96475034208469 33 120
2.28151506381298 29 66
0 17 0
41.5213149403947 83 410
10.9051065610502 45 121
15.3505908000062 55 182
11.7039795404206 44 169
18.1503193351652 48 225
8.96475034208469 33 120
0 17 0
8.96475034208469 33 120
27.5519213322787 62 316
0 17 0
10.7359255379414 40 141
18.9194580495218 57 249
0 17 0
0 17 0
18.1503193351652 48 225
0 17 0
14.7121511030978 52 155
11.5575304360914 43 165
22.6497848096987 59 274
12.6041591571074 45 186
0 17 0
0.350345174396746 21 6
15.0522532244147 47 211
0 17 0
10.369973728714 38 130
0 17 0
5.62486565939974 32 105
0 17 0
0.350345174396746 21 6
6.85714944657555 36 81
0 17 0
5.62486565939974 32 105
0 17 0
0 17 0
0 17 0
8.83772704118453 40 121
8.9212198185026 43 157
8.96475034208469 33 120
6.01079716385967 34 64
0 17 0
23.6952631917857 64 263
8.96475034208469 33 120
22.8291325626195 62 235
0 17 0
0 17 0
8.96475034208469 33 120
12.6041591571074 45 186
22.8080425270357 65 277
8.96475034208469 33 120
0.350345174396746 21 6
31.4752774867729 71 340
0 17 0
0 17 0
0.350345174396746 21 6
0 17 0
0 17 0
12.9225609577327 50 193
0 17 0
0 17 0
0 17 0
1.6159149854903 22 4
0 17 0
0 17 0
0 17 0
0 17 0
0 17 0
26.9619733119489 71 283
11.995197345772 44 175
0 17 0
0 17 0
0 17 0
37.1639831069631 75 394
8.01590375179628 42 102
18.965385300129 62 244
11.5575304360914 43 165
5.62486565939974 32 105
12.0999105933486 38 124
0 17 0
27.5519213322787 62 316
0 17 0
9.53729470078669 42 106
22.4617893951044 59 280
38.5117742371518 81 399
0 17 0
0 17 0
0 17 0
3.95412571023011 31 91
21.8216096167162 62 199
0 17 0
7.7395030271876 41 141
19.7580456587778 56 202
8.96475034208469 33 120
0 17 0
0 17 0
12.6041591571074 45 186
0 17 0
0 17 0
3.95412571023011 31 91
0 17 0
7.16438731779053 39 126
1.82383844184474 25 13
0 17 0
0 17 0
8.96475034208469 33 120
0.159465294620753 19 1
8.96475034208469 33 120
0 17 0
0.350345174396746 21 6
0.937195086560091 25 28
0 17 0
5.62486565939974 32 105
0 17 0
23.6711374287023 60 289
0 17 0
8.96475034208469 33 120
0.464891675245066 22 10
8.74451959715197 43 160
0 17 0
8.96475034208469 33 120
0 17 0
0 17 0
10.5939918598138 43 130
44.654460823906 87 392
8.96475034208469 33 120
1.80267562618483 28 55
21.4773627348236 58 264
0 17 0
0 17 0
0 17 0
0 17 0
0 17 0
11.4243899066633 50 159
33.7951411731853 77 357
25.5075109376993 66 280
0 17 0
0 17 0
21.6594304541169 61 213
0 17 0
8.96475034208469 33 120
0.752182621475259 24 21
14.030900605411 46 196
0 17 0
14.030900605411 46 196
0 17 0
33.5179827247802 73 369
5.62486565939974 32 105
8.96475034208469 33 120
0 17 0
2.95096489651669 30 78
0 17 0
33.4857683128937 73 331
20.9302156800648 55 246
55.3822548384285 97 448
0 17 0
18.1503193351652 48 225
8.96475034208469 33 120
6.01079716385967 34 64
8.96475034208469 33 120
23.6711374287023 60 289
8.96475034208469 33 120
0 17 0
18.1503193351652 48 225
0 17 0
0 17 0
0.597118515040466 23 15
0 17 0
11.7508403838685 40 65
0 17 0
0 17 0
0.752182621475259 24 21
0.752182621475259 24 21
17.7554659191188 55 170
0 17 0
15.0522532244147 47 211
0 17 0
3.95412571023011 31 91
0 17 0
26.4659741390391 68 276
6.70526615713066 41 136
0 17 0
8.96475034208469 33 120
23.6711374287023 60 289
0 17 0
2.95096489651669 30 78
18.7422937742396 56 203
0 17 0
0 17 0
0 17 0
8.49531453763247 39 64
18.4506821161502 50 162
0 17 0
8.96475034208469 33 120
0 17 0
8.96475034208469 33 120
5.62486565939974 32 105
30.6148338006549 67 250
5.62486565939974 32 105
0 17 0
0 17 0
0 17 0
8.96475034208469 33 120
5.62486565939974 32 105
0 17 0
48.0459167226067 89 443
8.83772704118453 40 121
0 17 0
0 17 0
0 17 0
8.96475034208469 33 120
8.96475034208469 33 120
8.14203115941055 37 59
19.9408106685254 58 262
0 17 0
0 17 0
7.64971290079816 42 114
9.11280935761849 36 40
15.5930844794209 50 166
5.62486565939974 32 105
5.62486565939974 32 105
14.030900605411 46 196
0 17 0
0.350345174396746 21 6
42.5426675593984 84 424
4.46378933087408 31 30
19.9408106685254 58 262
8.96475034208469 33 120
6.01079716385967 34 64
8.96475034208469 33 120
0 17 0
0 17 0
8.96475034208469 33 120
15.9831344513011 48 169
21.2483574513119 58 214
27.4927096486597 66 286
2.95096489651669 30 78
0 17 0
13.0364324811258 46 168
3.71585736877975 34 66
0 17 0
5.69989518440184 29 19
5.00101724046738 36 101
8.96475034208469 33 120
0 17 0
0 17 0
22.5194643808571 61 247
0 17 0
1.44288005905117 27 45
0 17 0
47.6878871064644 91 439
8.33263060842915 35 46
18.1503193351652 48 225
0 17 0
19.6628076925294 56 235
16.0945500101858 54 212
5.62486565939974 32 105
18.1503193351652 48 225
19.0936547197317 53 154
2.95096489651669 30 78
0 17 0
3.47938311627329 31 43
10.369973728714 38 130
4.76343602764567 35 73
13.5185345827148 46 198
3.95412571023011 31 91
8.96475034208469 33 120
1.44288005905117 27 45
6.01079716385967 34 64
3.95412571023011 31 91
0 17 0
0 17 0
0 17 0
3.95412571023011 31 91
2.95096489651669 30 78
23.8883067976103 59 170
9.88311716032777 35 121
0 17 0
9.88311716032777 35 121
1.63848459965433 27 24
0 17 0
41.5213149403947 83 410
2.95096489651669 30 78
17.1159026291895 55 224
15.8595259820582 54 214
0 17 0
0 17 0
9.62024687053025 44 171
25.7105643983982 65 295
13.3098070169103 47 171
0 17 0
0 17 0
10.8985926202869 45 119
19.944134331984 59 234
5.62486565939974 32 105
0 17 0
7.78501811996772 38 100
0 17 0
0.937195086560091 25 28
0 17 0
2.28151506381298 29 66
0 17 0
0 17 0
8.96475034208469 33 120
0 17 0
0 17 0
0 17 0
3.95412571023011 31 91
3.3854215363836 28 19
8.96475034208469 33 120
27.5519213322787 62 316
8.96475034208469 33 120
13.658406924222 45 151
15.0522532244147 47 211
8.96475034208469 33 120
32.5157235412727 72 361
0 17 0
8.96475034208469 33 120
0 17 0
0.752182621475259 24 21
0 17 0
8.96475034208469 33 120
37.1639831069631 75 394
6.70526615713066 41 136
3.95412571023011 31 91
8.15999429636653 42 150
8.96475034208469 33 120
0 17 0
3.95412571023011 31 91
1.71485378621621 28 31
8.96475034208469 33 120
0 17 0
3.95412571023011 31 91
0 17 0
0 17 0
0 17 0
0 17 0
11.5575304360914 43 165
8.15999429636653 42 150
11.8985388343212 41 136
8.96475034208469 33 120
0 17 0
0 17 0
8.96475034208469 33 120
0 17 0
14.2857156000434 47 163
8.77379218778906 46 135
0 17 0
10.4583633790194 46 140
8.96475034208469 33 120
1.80267562618483 28 55
0 17 0
8.96475034208469 33 120
0 17 0
18.1503193351652 48 225
14.030900605411 46 196
0 17 0
0 17 0
0 17 0
18.1503193351652 48 225
0 17 0
0 17 0
0 17 0
6.78038715004938 38 67
0 17 0
3.95412571023011 31 91
0 17 0
3.95412571023011 31 91
0 17 0
0 17 0
15.0522532244147 47 211
0 17 0
11.0844391152652 45 183
0 17 0
5.62486565939974 32 105
0 17 0
0.159465294620753 19 1
11.7039795404206 44 169
37.1639831069631 75 394
0 17 0
0 17 0
0 17 0
18.1503193351652 48 225
27.3880382572549 68 266
4.37390522388352 26 10
11.5575304360914 43 165
30.2882775812103 65 319
15.7775235252917 44 68
1.6159149854903 22 4
8.96475034208469 33 120
2.95096489651669 30 78
24.692490047706 61 303
0 17 0
31.6349567472985 70 344
3.95412571023011 31 91
8.96475034208469 33 120
7.57410504122262 37 67
8.96475034208469 33 120
16.7111055249555 50 214
0 17 0
15.9831344513011 48 169
3.95412571023011 31 91
66.3117315484174 106 497
8.36478861843807 39 84
0 17 0
2.95096489651669 30 78
0 17 0
40.7904158779723 82 313
0 17 0
0 17 0
0 17 0
0 17 0
5.76478238466306 37 71
8.96475034208469 33 120
48.876833167144 81 338
0 17 0
18.1503193351652 48 225
7.41946110193405 40 133
5.62486565939974 32 105
0 17 0
0 17 0
8.83772704118453 40 121
4.56033294979801 34 70
24.692490047706 61 303
0 17 0
0 17 0
6.9526964356802 38 120
35.8015841323276 77 353
2.28151506381298 29 66
25.3088741639824 62 268
0 17 0
5.62486565939974 32 105
0 17 0
0 17 0
0.159465294620753 19 1
2.28151506381298 29 66
0 17 0
4.06614429968723 33 59
6.39546496630945 39 111
0 17 0
3.95412571023011 31 91
15.0522532244147 47 211
21.5053313894618 57 261
18.1503193351652 48 225
0 17 0
3.95412571023011 31 91
30.0042165949662 69 325
19.6628076925294 56 235
0.752182621475259 24 21
33.5357573675383 76 332
0 17 0
11.995197345772 44 175
17.356802503885 53 226
8.96475034208469 33 120
8.96475034208469 33 120
0 17 0
14.044970939764 52 191
8.96475034208469 33 120
5.62486565939974 32 105
0 17 0
20.2965355807292 62 247
5.21954977312991 32 49
0 17 0
18.1503193351652 48 225
8.96475034208469 33 120
0 17 0
1.44288005905117 27 45
27.5519213322787 62 316
11.995197345772 44 175
0 17 0
0.159465294620753 19 1
14.030900605411 46 196
6.17533470089509 40 123
8.83772704118453 40 121
18.1503193351652 48 225
5.17628464514844 38 102
5.62486565939974 32 105
0 17 0
30.0042165949662 69 325
8.96475034208469 33 120
8.96475034208469 33 120
15.0522532244147 47 211
31.011690089623 68 292
0 17 0
20.023832189674 57 223
0 17 0
1.16235001908161 26 36
0 17 0
23.9670578809616 58 246
8.96475034208469 33 120
10.5434777982975 39 135
0 17 0
0 17 0
0 17 0
0 17 0
24.692490047706 61 303
25.5075109376993 66 280
8.96475034208469 33 120
10.7359255379414 40 141
0 17 0
0 17 0
0 17 0
0 17 0
0 17 0
0 17 0
21.359679405737 58 226
8.96475034208469 33 120
32.0105506278506 71 352
27.5519213322787 62 316
4.46606262609895 30 36
8.83772704118453 40 121
0 17 0
20.6875505057852 59 214
22.6497848096987 59 274
17.1919030502804 57 193
0 17 0
4.52283227712365 33 92
0 17 0
0.464891675245066 22 10
0 17 0
0 17 0
8.96475034208469 33 120
8.96475034208469 33 120
0 17 0
8.74451959715197 43 160
0 17 0
0 17 0
0 17 0
3.95412571023011 31 91
3.95412571023011 31 91
0 17 0
0 17 0
0.464891675245066 22 10
0 17 0
19.9502824487979 56 241
0 17 0
3.95412571023011 31 91
3.95412571023011 31 91
14.2623473301751 43 74
0 17 0
18.1503193351652 48 225
0 17 0
0 17 0
8.96475034208469 33 120
1.16235001908161 26 36
8.96475034208469 33 120
0 17 0
15.7511237779028 52 213
0 17 0
8.96475034208469 33 120
0 17 0
7.01453162097202 32 31
8.83772704118453 40 121
0 17 0
8.96475034208469 33 120
12.0999105933486 38 124
0 17 0
15.0522532244147 47 211
2.28151506381298 29 66
