"COLLES.MDM.LN" "SACKIN" "COPHENETIC"
0 34 0
16.9803279727871 85 625
0 34 0
78.945336545954 179 2095
17.7878313268722 67 528
0 34 0
0 34 0
0 34 0
0 34 0
11.5157554673534 66 496
2.38957709488853 58 276
0 34 0
0 34 0
0 34 0
0 34 0
4.34640828237888 62 378
0 34 0
0 34 0
25.0038116777335 95 900
0 34 0
17.7878313268722 67 528
26.8183667200277 97 963
21.2576551671986 105 689
0 34 0
0 34 0
0 34 0
0 34 0
0 34 0
66.0922879417161 158 1865
0 34 0
35.8229887590262 99 1024
2.10393350785008 57 253
0 34 0
17.7878313268722 67 528
10.4701095716095 85 627
42.7315340113695 126 1375
6.78671687152361 77 307
0 34 0
0 34 0
31.9692921561698 137 1310
0 34 0
0 34 0
0 34 0
9.66202658307862 83 578
0 34 0
14.8144885454878 84 396
17.7878313268722 67 528
23.8659497413442 95 906
0 34 0
21.3489971946541 104 839
2.38957709488853 58 276
0 34 0
0 34 0
0 34 0
0 34 0
2.69200837696419 60 165
8.37951004443913 65 465
0 34 0
0 34 0
4.34640828237888 62 378
79.9278645895988 205 2114
31.4349503496721 130 1171
0 34 0
0 34 0
0 34 0
17.7878313268722 67 528
17.7878313268722 67 528
2.73220921893004 59 300
17.7878313268722 67 528
3.67397030077692 61 351
0 34 0
0.158220401340466 38 6
0 34 0
0 34 0
0 34 0
73.1364857396523 178 2066
0 34 0
0 34 0
35.8229887590262 99 1024
0 34 0
0 34 0
42.4448302102558 146 1533
0.116989636894646 37 3
0 34 0
0 34 0
2.73220921893004 59 300
3.67397030077692 61 351
41.3999369424616 134 1261
0 34 0
0 34 0
0 34 0
0 34 0
1.1782950876833 52 153
0 34 0
0 34 0
3.44056598924627 68 288
0 34 0
0.247083523465021 40 15
35.9957335707966 116 1104
0 34 0
0 34 0
5.24281553807987 63 406
0 34 0
0 34 0
36.3602256135868 131 1188
50.8115388854823 148 1318
17.7878313268722 67 528
10.7574196338513 69 289
54.1042273375329 130 1489
17.7878313268722 67 528
0 34 0
0 34 0
17.7878313268722 67 528
67.1136405607197 159 1895
35.1981361198622 123 764
17.7878313268722 67 528
19.2857714784367 94 871
0 34 0
0 34 0
17.7878313268722 67 528
3.67397030077692 61 351
17.7878313268722 67 528
43.8925580482148 148 1590
20.2812721805441 109 691
1.05453034538913 51 136
17.7878313268722 67 528
0.461721618896373 44 45
0 34 0
0 34 0
15.9667677398409 88 324
0 34 0
25.0038116777335 95 900
8.37951004443913 65 465
20.9656120142697 89 759
0 34 0
3.9617548179234 63 352
0 34 0
35.8229887590262 99 1024
17.7878313268722 67 528
36.0200842056916 107 975
21.9274092015508 92 828
1.57655328478536 45 27
17.7878313268722 67 528
11.5157554673534 66 496
27.581879750401 116 1094
0 34 0
0 34 0
21.8507189272709 105 947
0 34 0
0 34 0
41.3850269355298 124 1324
13.3583588112247 82 616
28.7821817194411 97 961
35.8229887590262 99 1024
20.7084794367568 91 784
0.461721618896373 44 45
0 34 0
0 34 0
0 34 0
44.4473037649331 131 1049
0 34 0
40.0157358438248 103 371
0 34 0
0 34 0
17.7878313268722 67 528
0.158220401340466 38 6
17.7878313268722 67 528
35.8229887590262 99 1024
0 34 0
17.7878313268722 67 528
17.7878313268722 67 528
0 34 0
0 34 0
0 34 0
39.9047923316661 135 1279
6.49758679980012 64 435
8.37951004443913 65 465
4.34640828237888 62 378
0 34 0
1.86211870191174 56 231
0 34 0
17.7878313268722 67 528
0 34 0
18.7852317932665 104 612
0 34 0
0 34 0
12.1143837999075 73 361
35.0792097777173 135 1007
0 34 0
0 34 0
41.9865423302077 152 1366
35.9957335707966 116 1104
18.2411215136098 94 874
0 34 0
4.9759246910868 65 329
24.144861750015 82 577
8.37951004443913 65 465
40.5906851329964 122 1277
0.247083523465021 40 15
17.7878313268722 67 528
39.5740637067821 122 1257
0 34 0
0 34 0
17.7878313268722 67 528
29.8035343384448 98 993
17.7878313268722 67 528
0 34 0
16.4386370987147 93 843
3.15083710194178 60 325
17.7878313268722 67 528
0 34 0
11.5157554673534 66 496
0 34 0
19.9763419587354 83 648
0 34 0
0 34 0
0 34 0
36.9122644589706 123 1025
7.26822989106882 75 402
19.1240961308341 94 446
20.9964556641442 80 570
17.7878313268722 67 528
0 34 0
8.37951004443913 65 465
7.24277864828892 87 532
35.8229887590262 99 1024
0 34 0
35.8229887590262 99 1024
0 34 0
31.7073293866968 119 996
6.33781179815499 71 326
0 34 0
0.525780390970574 45 55
0 34 0
0 34 0
17.7878313268722 67 528
0 34 0
26.0756641854068 120 1148
0 34 0
7.25662174417649 71 456
0 34 0
0 34 0
44.7339323991896 141 1408
0 34 0
16.0263532976575 83 576
8.27077364477791 81 391
1.86211870191174 56 231
2.58288561682337 57 127
0 34 0
0 34 0
7.82335207000047 83 596
0 34 0
0 34 0
0 34 0
0.753166801948592 48 91
14.9987250614257 90 653
17.7878313268722 67 528
11.5157554673534 66 496
35.8229887590262 99 1024
5.7510788812939 53 81
8.37951004443913 65 465
0 34 0
0 34 0
0 34 0
48.3366360695955 129 1459
20.7084794367568 91 784
17.7878313268722 67 528
17.7878313268722 67 528
0 34 0
5.24281553807987 63 406
11.5157554673534 66 496
7.11267097675492 69 445
16.0263532976575 83 576
0.0773165064827894 36 1
33.9776852858476 104 737
3.15083710194178 60 325
1.4748779978164 54 190
3.92974205075771 47 36
6.35879045230222 55 100
67.1136405607197 159 1895
11.5157554673534 66 496
1.65473186685311 55 210
0.116989636894646 37 3
2.38957709488853 58 276
11.3148210788833 82 553
11.5157554673534 66 496
0 34 0
26.8183667200277 97 963
28.4656052412933 113 1025
35.8229887590262 99 1024
0 34 0
0 34 0
0 34 0
4.34640828237888 62 378
25.0038116777335 95 900
0 34 0
0 34 0
0 34 0
0 34 0
1.73369784795489 57 177
1.7913555451214 51 70
1.31738464915206 53 171
17.7878313268722 67 528
5.24281553807987 63 406
0 34 0
42.7315340113695 126 1375
0 34 0
2.25559610750755 49 51
0.347109291318552 42 28
11.5157554673534 66 496
17.7878313268722 67 528
0 34 0
1.31738464915206 53 171
17.7878313268722 67 528
0 34 0
8.82664879820284 63 196
6.49758679980012 64 435
34.4170551196271 122 1261
0 34 0
11.5157554673534 66 496
23.4760516865781 90 651
0 34 0
4.41510077361219 69 295
17.7878313268722 67 528
17.7878313268722 67 528
0 34 0
11.5157554673534 66 496
0 34 0
9.96457492169552 78 463
0 34 0
17.7878313268722 67 528
8.84489283536423 67 466
1.98144774924089 59 174
16.9753245970069 92 813
0 34 0
8.37951004443913 65 465
0.0773165064827894 36 1
3.67397030077692 61 351
0 34 0
17.7878313268722 67 528
0 34 0
0 34 0
17.7878313268722 67 528
0 34 0
19.2857714784367 94 871
6.49758679980012 64 435
0 34 0
0 34 0
0 34 0
17.7878313268722 67 528
31.3901976903963 120 888
17.7878313268722 67 528
0 34 0
1.31738464915206 53 171
0 34 0
17.7878313268722 67 528
0 34 0
0 34 0
0 34 0
0 34 0
0 34 0
2.73220921893004 59 300
0 34 0
8.8573827269235 81 355
9.32712809927149 87 542
0 34 0
26.6999017078048 109 937
0 34 0
1.05453034538913 51 136
0 34 0
0 34 0
0 34 0
12.2897073765016 70 502
0 34 0
8.37951004443913 65 465
0 34 0
0 34 0
35.8229887590262 99 1024
0 34 0
11.5157554673534 66 496
0 34 0
39.8413240337609 115 805
23.9162848975715 110 694
0 34 0
17.7878313268722 67 528
0 34 0
5.24281553807987 63 406
28.7821817194411 97 961
59.8931228337882 154 1385
0 34 0
0 34 0
0 34 0
2.73220921893004 59 300
3.67397030077692 61 351
0 34 0
18.9586422198217 72 538
1.86211870191174 56 231
0 34 0
17.7878313268722 67 528
37.7609390750556 124 1078
17.7878313268722 67 528
0 34 0
0 34 0
0 34 0
0 34 0
12.82405746085 75 400
0 34 0
0 34 0
45.5016713341195 128 1430
0.943657930745756 50 120
17.7878313268722 67 528
0 34 0
0 34 0
35.8229887590262 99 1024
28.986450748342 116 1110
1.86211870191174 56 231
44.9063240280277 132 922
12.8490027777137 77 551
32.8717340296667 122 1263
0 34 0
2.5971841062921 63 216
0 34 0
0 34 0
4.17411409396948 66 361
36.0138515752889 123 1285
0 34 0
0 34 0
83.4348627272653 200 2289
3.67397030077692 61 351
19.9847985304644 95 902
0 34 0
41.9583413845951 125 1349
5.24281553807987 63 406
0 34 0
0 34 0
11.2266668343055 61 109
0 34 0
17.7878313268722 67 528
0 34 0
0 34 0
6.49758679980012 64 435
17.7878313268722 67 528
13.5424989119959 67 166
31.0571789873725 120 1200
35.8229887590262 99 1024
0 34 0
0 34 0
0 34 0
0 34 0
1.86211870191174 56 231
22.6759994181698 99 674
1.65473186685311 55 210
11.5157554673534 66 496
26.8191792115803 115 1060
0 34 0
0 34 0
17.7878313268722 67 528
0.67067384011743 47 78
17.7878313268722 67 528
0 34 0
35.8229887590262 99 1024
20.2321971180562 85 681
52.331767855727 148 1618
0 34 0
0 34 0
3.15083710194178 60 325
0 34 0
17.7878313268722 67 528
25.0416211490284 96 934
0 34 0
0 34 0
33.0633888815143 119 1192
20.7084794367568 91 784
9.45972173605388 65 225
2.10393350785008 57 253
11.5157554673534 66 496
48.3366360695955 129 1459
0 34 0
35.8229887590262 99 1024
0 34 0
8.37951004443913 65 465
0 34 0
17.7878313268722 67 528
0 34 0
5.8676001485199 79 459
0 34 0
0 34 0
0 34 0
5.09459723191591 70 406
0 34 0
5.24281553807987 63 406
0 34 0
23.5393332511742 100 796
0.843729848909961 49 105
0 34 0
0 34 0
0 34 0
8.20152029826866 61 169
15.1694269655887 90 772
0 34 0
0 34 0
11.5157554673534 66 496
2.10393350785008 57 253
0 34 0
16.1522998626076 100 844
26.2415239844799 114 1037
17.7878313268722 67 528
0 34 0
0 34 0
0 34 0
12.0805450615838 85 499
0 34 0
0.525780390970574 45 55
3.67397030077692 61 351
17.7878313268722 67 528
26.7040384793725 117 1141
0.67067384011743 47 78
25.2597147103003 128 1084
0 34 0
17.7878313268722 67 528
17.7878313268722 67 528
0 34 0
0 34 0
0 34 0
63.9031163967946 180 1754
11.0522662558042 86 675
0 34 0
0 34 0
11.5157554673534 66 496
0 34 0
0 34 0
6.49758679980012 64 435
3.79116475330848 67 346
0 34 0
0 34 0
6.49758679980012 64 435
0 34 0
29.5579336033735 106 829
58.9842520654884 152 1684
17.7878313268722 67 528
0 34 0
12.3018597461238 69 189
0 34 0
6.49758679980012 64 435
2.10393350785008 57 253
3.15083710194178 60 325
0 34 0
17.7878313268722 67 528
22.90651212621 96 931
16.2615905251598 92 821
11.5157554673534 66 496
19.2252020402154 75 556
11.5157554673534 66 496
10.7574196338513 69 289
17.7878313268722 67 528
16.0263532976575 83 576
89.9032523160163 217 2123
11.5657120580401 72 232
17.7878313268722 67 528
17.7878313268722 67 528
0 34 0
0 34 0
0 34 0
0 34 0
0 34 0
17.7878313268722 67 528
28.4009015850538 134 1267
0 34 0
0 34 0
17.7878313268722 67 528
21.2898119822991 79 197
42.7315340113695 126 1375
0 34 0
47.3152834505919 128 1428
0 34 0
0 34 0
0 34 0
0 34 0
0 34 0
0 34 0
4.00365272127371 71 282
4.34640828237888 62 378
4.10643246655943 64 214
2.38957709488853 58 276
24.0127395340755 109 937
32.4815436659196 118 865
25.9057045617397 107 896
6.49758679980012 64 435
17.7878313268722 67 528
0 34 0
0 34 0
0 34 0
20.0734076773839 88 356
0 34 0
0 34 0
21.8047351284604 94 641
41.3176367608279 124 1312
0 34 0
0 34 0
0 34 0
1.65473186685311 55 210
0.843729848909961 49 105
0 34 0
0 34 0
0 34 0
0 34 0
11.5157554673534 66 496
4.34640828237888 62 378
17.7878313268722 67 528
0 34 0
17.7878313268722 67 528
0 34 0
0 34 0
35.8229887590262 99 1024
0 34 0
4.12828984102876 71 336
1.65473186685311 55 210
0 34 0
17.7878313268722 67 528
17.7878313268722 67 528
20.7084794367568 91 784
0 34 0
0 34 0
26.0609366463633 107 912
0 34 0
1.1782950876833 52 153
15.3198259332125 90 757
0 34 0
0 34 0
50.9637537721838 160 1504
0 34 0
0 34 0
31.4240609447071 131 1195
0 34 0
17.7878313268722 67 528
0.295500315579566 41 21
13.5614069795006 77 441
0 34 0
5.24281553807987 63 406
23.8659497413442 95 906
26.8183667200277 97 963
0 34 0
0.116989636894646 37 3
35.8229887590262 99 1024
1.31738464915206 53 171
8.37951004443913 65 465
0 34 0
5.24281553807987 63 406
21.5427290624689 91 804
18.7998866128153 102 627
12.9905841343412 86 651
18.042389287664 87 676
0 34 0
0 34 0
0 34 0
0 34 0
17.7878313268722 67 528
0 34 0
0 34 0
0 34 0
28.4857063301462 102 973
0 34 0
17.7878313268722 67 528
0 34 0
21.9274092015508 92 828
6.49758679980012 64 435
2.73220921893004 59 300
17.7878313268722 67 528
0 34 0
0 34 0
0 34 0
35.8229887590262 99 1024
0 34 0
0 34 0
17.7878313268722 67 528
0 34 0
26.8183667200277 97 963
0 34 0
15.3198259332125 90 757
43.5061270868508 146 1251
0 34 0
0.247083523465021 40 15
0 34 0
28.7821817194411 97 961
0 34 0
0 34 0
0 34 0
6.49758679980012 64 435
0 34 0
0 34 0
0 34 0
17.7878313268722 67 528
22.90651212621 96 931
0 34 0
0 34 0
0 34 0
0 34 0
39.64856136939 125 1337
0 34 0
0 34 0
0 34 0
23.0317088221095 94 879
35.8229887590262 99 1024
0 34 0
68.8326330061514 180 2079
2.73220921893004 59 300
29.8035343384448 98 993
17.7878313268722 67 528
0 34 0
61.2743578985258 190 1833
11.5157554673534 66 496
0 34 0
0.943657930745756 50 120
0 34 0
2.25559610750755 49 51
0 34 0
36.3960862915887 137 1368
0 34 0
0 34 0
33.8505658345947 121 1237
0 34 0
0 34 0
35.8229887590262 99 1024
0 34 0
0 34 0
0 34 0
0 34 0
11.4269120705923 71 324
0 34 0
11.5157554673534 66 496
4.34640828237888 62 378
0 34 0
0 34 0
6.49758679980012 64 435
0 34 0
0 34 0
4.35196873694109 61 171
8.37951004443913 65 465
0 34 0
19.0510480135862 73 543
0 34 0
0 34 0
0 34 0
1.65473186685311 55 210
23.8659497413442 95 906
0 34 0
0 34 0
11.5157554673534 66 496
12.4511142022516 72 511
17.7878313268722 67 528
0 34 0
14.6999798680397 70 199
18.3024142824751 116 940
17.7878313268722 67 528
17.7878313268722 67 528
0 34 0
0 34 0
7.99452677032043 48 20
41.6805661848588 147 1389
68.8712692479473 178 1685
35.8229887590262 99 1024
3.92974205075771 47 36
0 34 0
6.49758679980012 64 435
1.86211870191174 56 231
0 34 0
23.0173945203283 99 503
0 34 0
0 34 0
54.1042273375329 130 1489
0 34 0
29.8035343384448 98 993
0 34 0
39.5711363799964 142 1108
17.7878313268722 67 528
20.098107759181 84 664
5.24281553807987 63 406
2.38957709488853 58 276
11.5157554673534 66 496
33.4296545885048 110 969
0 34 0
0 34 0
19.8645123653792 82 633
29.4835209910357 115 1072
0 34 0
99.8527539640359 237 2536
17.7878313268722 67 528
0 34 0
14.2072595711078 91 786
3.67397030077692 61 351
0 34 0
0 34 0
0 34 0
35.8229887590262 99 1024
35.8229887590262 99 1024
0.753166801948592 48 91
0.753166801948592 48 91
38.2204303142886 125 1341
0 34 0
0 34 0
33.6527429356413 139 1157
0 34 0
62.8916801974558 167 1711
17.7878313268722 67 528
11.5157554673534 66 496
0 34 0
0 34 0
8.37951004443913 65 465
0.0773165064827894 36 1
0 34 0
17.7878313268722 67 528
0 34 0
40.6699139883937 126 1367
33.4296545885048 110 969
0 34 0
0 34 0
0 34 0
20.381585974745 86 699
35.8229887590262 99 1024
0 34 0
18.6290882053065 69 529
0 34 0
0 34 0
17.7878313268722 67 528
0 34 0
0 34 0
20.3662173322475 100 754
17.7878313268722 67 528
0 34 0
2.10393350785008 57 253
0 34 0
11.5157554673534 66 496
0 34 0
18.6885336864193 100 697
54.1042273375329 130 1489
0 34 0
41.9583413845951 125 1349
0 34 0
17.7878313268722 67 528
11.5157554673534 66 496
0 34 0
48.7457988348853 148 1582
6.35879045230222 55 100
0 34 0
56.9232763012158 160 1412
0 34 0
0 34 0
5.24281553807987 63 406
0 34 0
11.5157554673534 66 496
22.409434131223 93 853
0 34 0
0 34 0
0 34 0
86.2221613034618 205 2382
0 34 0
12.802181283425 90 765
0 34 0
17.7878313268722 67 528
0 34 0
7.82335207000047 83 596
0 34 0
11.5157554673534 66 496
0 34 0
0 34 0
0 34 0
20.098107759181 84 664
8.37951004443913 65 465
29.5987052874181 118 1141
6.49758679980012 64 435
17.7878313268722 67 528
0 34 0
0 34 0
0 34 0
0 34 0
17.7878313268722 67 528
2.10393350785008 57 253
0 34 0
0 34 0
19.4816061467167 78 583
0.753166801948592 48 91
0 34 0
0 34 0
0 34 0
17.7878313268722 67 528
0 34 0
0 34 0
0 34 0
0 34 0
1.86211870191174 56 231
0.753166801948592 48 91
32.5390610666564 138 1360
0 34 0
0 34 0
36.1478018818026 119 967
43.6871162918253 126 1369
6.7022863500116 81 541
0 34 0
0 34 0
29.8035343384448 98 993
0 34 0
0 34 0
118.57166913336 245 2850
17.7878313268722 67 528
0 34 0
1.1782950876833 52 153
79.1011875551002 192 1795
18.5804885735256 109 913
0 34 0
29.2259254391472 88 592
20.7084794367568 91 784
0 34 0
25.546305364606 107 641
17.7878313268722 67 528
5.24281553807987 63 406
1.86211870191174 56 231
0 34 0
37.8494762373317 128 1264
16.4386370987147 93 843
11.5157554673534 66 496
11.5157554673534 66 496
36.2582958728881 124 1312
0 34 0
11.5157554673534 66 496
0 34 0
40.6598258444694 131 1023
33.6463382825884 126 1027
0 34 0
29.8417192566386 109 838
0 34 0
0 34 0
33.3948358197833 122 1259
0 34 0
0.753166801948592 48 91
0 34 0
0 34 0
0 34 0
8.37951004443913 65 465
17.7878313268722 67 528
19.2857714784367 94 871
17.7878313268722 67 528
1.65473186685311 55 210
11.5157554673534 66 496
43.6871162918253 126 1369
8.37951004443913 65 465
0 34 0
0 34 0
0 34 0
0 34 0
17.7878313268722 67 528
0 34 0
0.0773165064827894 36 1
0 34 0
4.71109361379242 47 26
54.1042273375329 130 1489
17.7878313268722 67 528
0 34 0
0 34 0
0 34 0
57.8355369361299 151 1663
17.7878313268722 67 528
0 34 0
5.24281553807987 63 406
0 34 0
0 34 0
18.042389287664 87 676
0 34 0
9.45972173605388 65 225
0 34 0
17.7878313268722 67 528
6.49758679980012 64 435
48.3366360695955 129 1459
0 34 0
0 34 0
0 34 0
6.49758679980012 64 435
0 34 0
0 34 0
11.5157554673534 66 496
11.5157554673534 66 496
7.11267097675492 69 445
0 34 0
56.6336347301719 153 1715
0 34 0
0 34 0
1.86211870191174 56 231
0 34 0
2.66444889928545 63 268
8.37951004443913 65 465
51.3018125867777 162 1703
0 34 0
22.07522558445 91 676
0 34 0
8.37951004443913 65 465
0 34 0
0 34 0
0 34 0
0 34 0
0 34 0
11.5157554673534 66 496
17.7878313268722 67 528
0 34 0
5.24281553807987 63 406
0 34 0
11.3584002118008 87 696
0 34 0
2.84244557752509 56 114
0 34 0
0 34 0
28.7403802535503 116 1084
0 34 0
0 34 0
11.5157554673534 66 496
25.4647364105091 123 1021
0 34 0
0 34 0
39.2414457689732 115 1144
0 34 0
0 34 0
11.5157554673534 66 496
4.34640828237888 62 378
16.4386370987147 93 843
44.6999542185368 143 1441
55.3757093421848 145 1310
10.8398286199043 84 325
5.60741135966185 78 387
4.34640828237888 62 378
9.95601971133886 87 682
5.24281553807987 63 406
2.73220921893004 59 300
0 34 0
29.8035343384448 98 993
14.5965777848566 97 643
0 34 0
17.7878313268722 67 528
0 34 0
17.7878313268722 67 528
11.7323327436173 88 718
26.0822554679743 127 1102
0 34 0
23.8659497413442 95 906
0 34 0
60.8944253226325 169 1852
27.0418776267105 115 1072
0 34 0
0 34 0
0 34 0
40.2033225329946 130 1114
0 34 0
13.8038015319583 85 667
0 34 0
0 34 0
9.62346567318994 86 666
17.7878313268722 67 528
48.3366360695955 129 1459
17.7878313268722 67 528
4.51630854800203 73 373
11.5157554673534 66 496
0 34 0
48.7457988348853 148 1582
0 34 0
0.295500315579566 41 21
0 34 0
0 34 0
0.943657930745756 50 120
0 34 0
20.550062830315 87 718
0 34 0
0 34 0
12.2897073765016 70 502
0 34 0
32.021730334604 119 1172
17.7878313268722 67 528
0 34 0
0 34 0
3.35390093819742 51 54
0 34 0
0 34 0
26.8183667200277 97 963
0 34 0
19.9847985304644 95 902
17.7878313268722 67 528
0 34 0
17.7878313268722 67 528
0 34 0
17.7878313268722 67 528
8.37951004443913 65 465
11.5157554673534 66 496
0 34 0
0 34 0
0 34 0
26.8183667200277 97 963
0 34 0
0 34 0
0 34 0
0 34 0
8.95957713985757 84 625
17.7878313268722 67 528
14.2156326842691 87 706
0 34 0
8.36073223591309 57 79
6.49758679980012 64 435
0 34 0
0 34 0
1.31738464915206 53 171
35.8229887590262 99 1024
0 34 0
5.24281553807987 63 406
0 34 0
0 34 0
11.5157554673534 66 496
8.83824191208395 85 631
44.6818548373464 147 1233
5.24281553807987 63 406
0 34 0
17.7878313268722 67 528
0 34 0
28.7821817194411 97 961
0.247083523465021 40 15
0 34 0
0 34 0
2.38957709488853 58 276
0.891522306284274 48 67
17.7878313268722 67 528
15.3457568775194 75 512
0 34 0
0 34 0
14.4761099080051 88 727
20.550062830315 87 718
17.7878313268722 67 528
0 34 0
0 34 0
17.7878313268722 67 528
0 34 0
0 34 0
0 34 0
0 34 0
0 34 0
8.72349987733288 75 269
36.4333591304446 138 1315
13.2393487661717 81 601
5.24281553807987 63 406
13.5168581371811 90 611
57.9777261246278 140 1534
17.7878313268722 67 528
0 34 0
12.1999932328154 89 741
0 34 0
23.3957574425314 123 992
0 34 0
21.6479288983727 101 448
0 34 0
0 34 0
12.8490027777137 77 551
0 34 0
0 34 0
2.14301525551611 60 220
64.386683360382 164 1698
8.37951004443913 65 465
0.116989636894646 37 3
0 34 0
0 34 0
44.8985063175368 136 1116
0 34 0
25.0416211490284 96 934
22.0913449316847 113 1007
0 34 0
0 34 0
0 34 0
25.0038116777335 95 900
25.1515465234582 105 857
0 34 0
18.6885336864193 100 697
0 34 0
3.31817645778665 45 25
20.1543866580488 114 668
0 34 0
2.38957709488853 58 276
57.4741432092254 173 1708
54.219288434512 155 1563
17.7878313268722 67 528
0 34 0
66.3560746196227 184 1871
22.07522558445 91 676
0.295500315579566 41 21
0 34 0
0 34 0
9.95665915045966 80 570
0 34 0
8.37951004443913 65 465
0 34 0
0 34 0
0 34 0
25.0038116777335 95 900
0 34 0
18.9586422198217 72 538
26.4158709564553 108 878
0 34 0
26.8183667200277 97 963
0 34 0
29.8035343384448 98 993
0 34 0
0 34 0
6.49758679980012 64 435
11.5157554673534 66 496
0 34 0
0 34 0
17.7878313268722 67 528
34.4170551196271 122 1261
0 34 0
17.7878313268722 67 528
0 34 0
0.843729848909961 49 105
20.7084794367568 91 784
0 34 0
11.5157554673534 66 496
25.0416211490284 96 934
0 34 0
0 34 0
22.6220498011931 104 586
54.9881700616796 158 1394
0 34 0
8.82664879820284 63 196
6.77032484600129 66 241
0 34 0
8.37951004443913 65 465
0 34 0
2.73220921893004 59 300
21.9274092015508 92 828
3.14606677308164 58 136
17.7878313268722 67 528
0 34 0
28.7727544838942 90 607
0 34 0
0 34 0
0 34 0
40.6567198008758 145 1504
17.7878313268722 67 528
17.7878313268722 67 528
0 34 0
17.7878313268722 67 528
9.46514228979613 71 185
28.7821817194411 97 961
13.5614069795006 77 441
0.201453059272862 39 10
0 34 0
0 34 0
3.08272988282851 62 189
14.4275599950336 89 598
22.9176276082424 87 329
0 34 0
21.837882822391 104 826
0 34 0
29.8035343384448 98 993
27.7637211792571 115 1096
24.7669498599067 117 1113
0 34 0
12.371992481786 71 506
21.2281659291293 90 781
0.347109291318552 42 28
0 34 0
37.9600146753107 104 1034
11.5157554673534 66 496
11.5157554673534 66 496
25.2596978441453 108 946
0 34 0
0 34 0
0 34 0
0 34 0
5.7510788812939 53 81
17.7878313268722 67 528
17.7878313268722 67 528
11.5157554673534 66 496
11.5157554673534 66 496
0 34 0
0 34 0
6.49758679980012 64 435
29.4813355342749 111 1054
28.7821817194411 97 961
34.6110845998203 124 1150
23.4700749835305 108 906
17.7878313268722 67 528
1.31738464915206 53 171
10.7574196338513 69 289
0 34 0
0 34 0
1.1782950876833 52 153
39.2314549746579 156 1490
0 34 0
8.02612314718448 59 122
19.2857714784367 94 871
11.5157554673534 66 496
0 34 0
17.7878313268722 67 528
22.9179779462038 97 754
17.7878313268722 67 528
56.3531515446476 164 1635
0 34 0
0 34 0
29.5579336033735 106 829
23.4362453760091 90 369
11.3584002118008 87 696
35.8229887590262 99 1024
11.5157554673534 66 496
15.1507507569307 81 529
0 34 0
0 34 0
19.5595661253813 108 933
0 34 0
1.4748779978164 54 190
0 34 0
0 34 0
21.970029563134 94 787
57.0747718505046 155 1779
4.34640828237888 62 378
0 34 0
35.5453342784772 135 1167
0.201453059272862 39 10
24.2489251988893 117 1133
24.1262758177877 107 856
0 34 0
0.67067384011743 47 78
12.5517319226276 90 760
0 34 0
0 34 0
11.5157554673534 66 496
0 34 0
2.10393350785008 57 253
0 34 0
1.86211870191174 56 231
0 34 0
0 34 0
2.38957709488853 58 276
0 34 0
21.1977293052009 106 763
35.8229887590262 99 1024
47.3152834505919 128 1428
0 34 0
22.5301142027219 93 841
0 34 0
11.6185912897565 81 351
0 34 0
0 34 0
17.7878313268722 67 528
17.7878313268722 67 528
0 34 0
16.9753245970069 92 813
17.7878313268722 67 528
0 34 0
0 34 0
17.7878313268722 67 528
23.0317088221095 94 879
0 34 0
20.381585974745 86 699
26.7358943035947 102 949
11.5157554673534 66 496
13.5614069795006 77 441
0 34 0
0 34 0
60.7988071077826 154 1747
0 34 0
0 34 0
0 34 0
0 34 0
23.843744878045 96 844
0 34 0
0 34 0
10.5189000516785 62 99
2.73220921893004 59 300
0 34 0
29.750789513165 113 1083
0 34 0
17.7878313268722 67 528
0 34 0
17.7878313268722 67 528
41.3176367608279 124 1312
0 34 0
33.4296545885048 110 969
0 34 0
0 34 0
11.5157554673534 66 496
1.1782950876833 52 153
0 34 0
0 34 0
17.7878313268722 67 528
19.6631459989103 80 606
0 34 0
0 34 0
89.7202307954532 201 2332
0 34 0
20.9656120142697 89 759
0 34 0
17.7878313268722 67 528
11.5157554673534 66 496
20.381585974745 86 699
11.5157554673534 66 496
0.886403750332563 41 11
22.90651212621 96 931
3.67397030077692 61 351
63.2721441465006 172 1673
17.7878313268722 67 528
0 34 0
0 34 0
6.49758679980012 64 435
0.247083523465021 40 15
65.0709353227124 157 1834
0 34 0
0 34 0
3.67397030077692 61 351
0 34 0
11.5157554673534 66 496
17.7878313268722 67 528
0 34 0
0 34 0
0 34 0
0 34 0
0 34 0
1.65473186685311 55 210
0 34 0
0 34 0
0 34 0
31.9060593562377 113 745
18.9586422198217 72 538
8.37951004443913 65 465
5.24281553807987 63 406
40.6699139883937 126 1367
0 34 0
17.7878313268722 67 528
0 34 0
42.0307931096395 137 1426
29.8035343384448 98 993
0 34 0
17.7878313268722 67 528
17.7878313268722 67 528
46.0559831595074 140 1402
19.9847985304644 95 902
48.3366360695955 129 1459
0 34 0
0 34 0
0 34 0
0 34 0
17.7878313268722 67 528
45.5016713341195 128 1430
8.37951004443913 65 465
0 34 0
0 34 0
0 34 0
21.9274092015508 92 828
8.37951004443913 65 465
40.6699139883937 126 1367
0 34 0
0 34 0
0 34 0
13.9894585438018 105 830
0 34 0
3.15083710194178 60 325
0 34 0
0 34 0
34.4340390890606 121 1246
0 34 0
35.8229887590262 99 1024
11.5157554673534 66 496
0 34 0
11.5157554673534 66 496
0 34 0
0 34 0
8.37951004443913 65 465
0 34 0
17.7878313268722 67 528
0 34 0
1.86211870191174 56 231
0 34 0
30.6445428035035 117 1121
0 34 0
1.86211870191174 56 231
6.49758679980012 64 435
0 34 0
0 34 0
0 34 0
0 34 0
0.295500315579566 41 21
26.899785012966 88 296
0 34 0
0 34 0
0 34 0
0 34 0
34.4133167523478 115 1054
16.4386370987147 93 843
0 34 0
0 34 0
0 34 0
4.34640828237888 62 378
0 34 0
0 34 0
0 34 0
0 34 0
3.15083710194178 60 325
0 34 0
1.87453489985366 55 112
10.600086997186 82 571
3.15083710194178 60 325
0 34 0
0.347109291318552 42 28
0 34 0
0 34 0
48.3366360695955 129 1459
0.0773165064827894 36 1
4.17411409396948 66 361
4.80003967349858 66 384
35.8229887590262 99 1024
3.15083710194178 60 325
0 34 0
30.7435131365816 130 1119
0 34 0
0 34 0
72.4871985741783 181 2116
3.67397030077692 61 351
30.0826443730319 115 1116
11.5157554673534 66 496
0 34 0
6.61605420931414 79 490
0 34 0
8.37951004443913 65 465
17.7878313268722 67 528
0.525780390970574 45 55
0 34 0
3.67397030077692 61 351
0 34 0
26.0143034349073 112 1012
0 34 0
0 34 0
16.9753245970069 92 813
12.9905841343412 86 651
21.640387263432 116 1096
0 34 0
5.24281553807987 63 406
0 34 0
0 34 0
11.5157554673534 66 496
0.201453059272862 39 10
0 34 0
0.943657930745756 50 120
1.86211870191174 56 231
0 34 0
2.38957709488853 58 276
11.5157554673534 66 496
0 34 0
0 34 0
29.8035343384448 98 993
0 34 0
23.0317088221095 94 879
0 34 0
0 34 0
33.5023446289824 120 1192
0 34 0
6.49758679980012 64 435
15.1507507569307 81 529
17.7878313268722 67 528
14.3167115209475 85 607
0 34 0
0 34 0
1.4748779978164 54 190
0 34 0
8.79903880264874 74 381
0 34 0
11.4196967379887 88 616
0 34 0
0 34 0
0 34 0
0 34 0
0 34 0
35.8229887590262 99 1024
24.5476163663388 102 877
0 34 0
13.6372722556462 84 649
0 34 0
0 34 0
69.4187951375922 185 1850
0 34 0
0 34 0
0 34 0
0 34 0
0 34 0
4.10643246655943 64 214
0 34 0
0 34 0
0 34 0
0 34 0
19.9847985304644 95 902
3.15083710194178 60 325
0 34 0
0 34 0
11.5157554673534 66 496
11.5157554673534 66 496
25.0416211490284 96 934
17.7878313268722 67 528
0 34 0
18.042389287664 87 676
28.5980364729373 96 724
11.5157554673534 66 496
0 34 0
0 34 0
11.9786196503063 74 277
12.5517319226276 90 760
0 34 0
29.8035343384448 98 993
2.10393350785008 57 253
0 34 0
0 34 0
0 34 0
8.49801561699498 82 588
0 34 0
39.64856136939 125 1337
0 34 0
0 34 0
0 34 0
17.7878313268722 67 528
0.347109291318552 42 28
21.2565762792501 105 926
0 34 0
0 34 0
28.1478502593384 103 760
0 34 0
75.681495479616 177 2018
0 34 0
41.6597488892786 116 1094
0 34 0
43.3181541755829 144 1464
0 34 0
54.5163598772985 153 1721
0 34 0
14.3336872156584 79 484
0 34 0
0 34 0
0 34 0
45.2123265616779 145 1348
35.8229887590262 99 1024
0 34 0
31.1673182268658 107 1006
17.7878313268722 67 528
0 34 0
0 34 0
0 34 0
0 34 0
0 34 0
43.5772222214595 124 1042
11.5157554673534 66 496
0 34 0
9.54713575520427 76 520
0 34 0
8.37951004443913 65 465
17.7878313268722 67 528
0 34 0
17.7878313268722 67 528
0 34 0
25.5819054765872 81 556
0 34 0
0 34 0
11.5157554673534 66 496
17.7878313268722 67 528
0 34 0
11.5157554673534 66 496
70.9237061309834 182 1818
45.4620833270704 136 1372
5.24281553807987 63 406
8.37951004443913 65 465
0 34 0
17.7878313268722 67 528
0 34 0
0 34 0
35.8229887590262 99 1024
8.37951004443913 65 465
11.0253657657744 88 706
17.7878313268722 67 528
0 34 0
17.7878313268722 67 528
0 34 0
6.49758679980012 64 435
15.7366112162714 108 901
0 34 0
1.05453034538913 51 136
54.1042273375329 130 1489
0 34 0
0 34 0
0 34 0
0.402351929682095 43 36
0 34 0
0 34 0
17.7878313268722 67 528
0 34 0
0 34 0
0 34 0
0 34 0
24.8271999542309 114 1049
9.95601971133886 87 682
0 34 0
26.8183667200277 97 963
0 34 0
11.5157554673534 66 496
0 34 0
0.753166801948592 48 91
20.2321971180562 85 681
0 34 0
5.24281553807987 63 406
0 34 0
8.37951004443913 65 465
3.5471341513662 66 249
3.67397030077692 61 351
6.2005251355568 59 90
0 34 0
17.7878313268722 67 528
0 34 0
0 34 0
6.49758679980012 64 435
0 34 0
0 34 0
0 34 0
0 34 0
0 34 0
0 34 0
0 34 0
17.7878313268722 67 528
0 34 0
3.67397030077692 61 351
53.832230345799 152 1704
0.525780390970574 45 55
0 34 0
18.2411215136098 94 874
8.83824191208395 85 631
0 34 0
3.23480994196826 59 194
0.402351929682095 43 36
0 34 0
41.239932184967 160 1591
0 34 0
23.8659497413442 95 906
35.8229887590262 99 1024
0 34 0
0 34 0
8.37951004443913 65 465
4.34640828237888 62 378
0 34 0
11.5157554673534 66 496
0 34 0
0 34 0
8.37951004443913 65 465
3.67397030077692 61 351
0 34 0
11.5157554673534 66 496
35.4384077386307 123 1293
0 34 0
5.24281553807987 63 406
0 34 0
6.49758679980012 64 435
25.0038116777335 95 900
0 34 0
15.3198259332125 90 757
3.67397030077692 61 351
50.3740567530358 166 1714
35.289439775102 132 1250
17.7878313268722 67 528
17.7878313268722 67 528
84.0269389616833 198 2231
14.7524846737187 80 334
75.4381103528194 195 1875
17.7878313268722 67 528
0 34 0
32.8938437093568 139 1348
0 34 0
0 34 0
4.34640828237888 62 378
17.7878313268722 67 528
0 34 0
0 34 0
0 34 0
17.7878313268722 67 528
0 34 0
0 34 0
10.1025806419792 67 256
8.37951004443913 65 465
0.943657930745756 50 120
0 34 0
5.1445675704748 51 64
0 34 0
0 34 0
0 34 0
0 34 0
0 34 0
31.8978505581377 120 1206
0 34 0
17.7878313268722 67 528
50.8870354057429 153 1724
29.8035343384448 98 993
0 34 0
9.22521335152387 72 182
5.84319947068843 62 183
31.8669831653155 133 1176
0.0773165064827894 36 1
22.409434131223 93 853
0 34 0
17.7878313268722 67 528
0 34 0
16.0263532976575 83 576
5.7510788812939 53 81
0 34 0
29.8035343384448 98 993
0 34 0
6.74983879127968 78 511
0 34 0
6.49758679980012 64 435
0.116989636894646 37 3
2.66015197272045 64 235
5.24281553807987 63 406
83.3082380478445 220 1983
20.7425542427976 88 738
0 34 0
0 34 0
0 34 0
1.65473186685311 55 210
118.70358507574 249 2865
22.90651212621 96 931
32.1777915271747 107 690
0 34 0
0 34 0
0 34 0
8.37951004443913 65 465
0 34 0
12.802181283425 90 765
21.9274092015508 92 828
8.84489283536423 67 466
0.247083523465021 40 15
0 34 0
2.73220921893004 59 300
12.6718006619582 83 386
11.5157554673534 66 496
28.5980364729373 96 724
12.7842242645513 92 554
0 34 0
0 34 0
0 34 0
0 34 0
0 34 0
48.496084750902 147 1559
11.5157554673534 66 496
25.5287847852984 119 1178
0 34 0
35.8229887590262 99 1024
17.7878313268722 67 528
0 34 0
0.67067384011743 47 78
1.86211870191174 56 231
48.1853847223117 144 1522
30.428059181212 121 1050
0 34 0
0 34 0
0 34 0
18.8651686176613 91 544
0 34 0
19.9763419587354 83 648
0 34 0
0 34 0
13.8038015319583 85 667
11.5157554673534 66 496
17.7878313268722 67 528
35.8229887590262 99 1024
0 34 0
8.83824191208395 85 631
11.5157554673534 66 496
0 34 0
0 34 0
0 34 0
0 34 0
0 34 0
0 34 0
0 34 0
19.3712908021688 82 361
12.82405746085 75 400
2.73220921893004 59 300
0.753166801948592 48 91
0 34 0
0 34 0
0 34 0
0 34 0
17.7878313268722 67 528
5.24281553807987 63 406
8.37951004443913 65 465
0 34 0
0 34 0
14.3336872156584 79 484
17.7878313268722 67 528
0 34 0
17.7878313268722 67 528
14.6353467352504 76 517
0.201453059272862 39 10
0 34 0
6.49758679980012 64 435
0 34 0
0.0773165064827894 36 1
0 34 0
0 34 0
8.82664879820284 63 196
38.3446434464913 107 1052
0 34 0
5.17489629751276 73 367
16.803311351841 91 550
0 34 0
0 34 0
0 34 0
0.116989636894646 37 3
8.37951004443913 65 465
16.9753245970069 92 813
17.7878313268722 67 528
0 34 0
0 34 0
0 34 0
0 34 0
0 34 0
0 34 0
0 34 0
0 34 0
0.943657930745756 50 120
0 34 0
28.7821817194411 97 961
0 34 0
0 34 0
0 34 0
6.49758679980012 64 435
0 34 0
0 34 0
0 34 0
17.7878313268722 67 528
0 34 0
0 34 0
0 34 0
0 34 0
1.93316831346699 44 21
11.5157554673534 66 496
2.73220921893004 59 300
0 34 0
29.8035343384448 98 993
25.0416211490284 96 934
17.7878313268722 67 528
0.595177842733821 46 66
7.03553188155224 61 115
44.2929237811606 158 1539
20.550062830315 87 718
25.0416211490284 96 934
0 34 0
0 34 0
0 34 0
0 34 0
0 34 0
6.49758679980012 64 435
0 34 0
26.5626782327452 120 1202
29.5084160049598 133 1228
0 34 0
0 34 0
0 34 0
15.3198259332125 90 757
11.5157554673534 66 496
0 34 0
0 34 0
3.67397030077692 61 351
11.5157554673534 66 496
5.68978074034057 54 61
0 34 0
0 34 0
5.00811015327734 72 304
18.3700701401091 106 885
22.90651212621 96 931
1.2381138311538 51 84
17.7878313268722 67 528
35.8229887590262 99 1024
0 34 0
2.73220921893004 59 300
25.0950524162995 105 807
0 34 0
0 34 0
0 34 0
0 34 0
9.48040970942707 86 482
17.7878313268722 67 528
0 34 0
30.1294144782537 124 978
0 34 0
0 34 0
17.7878313268722 67 528
0 34 0
18.0346952432395 101 739
0 34 0
0 34 0
21.5510597192295 110 823
56.5590651153058 155 1784
0 34 0
8.37951004443913 65 465
0 34 0
0 34 0
17.7878313268722 67 528
26.8183667200277 97 963
0 34 0
2.10393350785008 57 253
16.9753245970069 92 813
0 34 0
17.7878313268722 67 528
17.7878313268722 67 528
35.8512168519944 112 724
0 34 0
3.15083710194178 60 325
58.7362629161668 146 1609
17.7878313268722 67 528
0 34 0
0.772271746170258 43 22
0 34 0
4.34640828237888 62 378
0 34 0
2.59565586016825 51 66
0 34 0
17.7878313268722 67 528
52.4254619418911 153 1718
42.6902092970461 129 992
0 34 0
17.7878313268722 67 528
0.525780390970574 45 55
17.7878313268722 67 528
0 34 0
17.7878313268722 67 528
35.8229887590262 99 1024
43.2599940624902 142 1432
25.0038116777335 95 900
17.7878313268722 67 528
11.5157554673534 66 496
3.92835149258539 71 366
0.943657930745756 50 120
0.525780390970574 45 55
0 34 0
16.9753245970069 92 813
5.24281553807987 63 406
22.90651212621 96 931
11.5157554673534 66 496
0 34 0
0 34 0
17.7878313268722 67 528
0 34 0
0 34 0
0 34 0
17.7878313268722 67 528
8.49801561699498 82 588
0 34 0
3.67397030077692 61 351
0 34 0
6.49758679980012 64 435
0 34 0
29.3989942890673 118 1159
14.2496925986662 90 407
1.86211870191174 56 231
19.9847985304644 95 902
0 34 0
3.13102607951614 66 256
0 34 0
20.0734076773839 88 356
17.7878313268722 67 528
0 34 0
10.4605995137587 55 49
16.9803279727871 85 625
0 34 0
0 34 0
35.4384077386307 123 1293
0 34 0
0.753166801948592 48 91
17.7878313268722 67 528
15.8133278817092 88 478
23.8659497413442 95 906
17.7878313268722 67 528
0 34 0
35.8229887590262 99 1024
0 34 0
5.24281553807987 63 406
17.7878313268722 67 528
0 34 0
0 34 0
9.30482268007705 73 493
0 34 0
0 34 0
1.05453034538913 51 136
3.67397030077692 61 351
16.0263532976575 83 576
0 34 0
0 34 0
17.7878313268722 67 528
0 34 0
0 34 0
17.7878313268722 67 528
0 34 0
12.6331112058741 89 731
3.15083710194178 60 325
29.553384573017 118 1165
0 34 0
11.5157554673534 66 496
0 34 0
57.6549873491755 154 1745
0 34 0
0 34 0
6.49758679980012 64 435
0 34 0
0 34 0
4.34640828237888 62 378
0 34 0
26.6801387543617 123 841
9.62346567318994 86 666
25.0038116777335 95 900
1.86211870191174 56 231
17.7878313268722 67 528
25.0950524162995 105 807
42.7315340113695 126 1375
0 34 0
0 34 0
1.31738464915206 53 171
13.8692253677855 81 349
0 34 0
9.46189958446519 90 584
0 34 0
14.7881343982902 89 749
0 34 0
25.0038116777335 95 900
49.8069376878624 140 1354
0 34 0
0 34 0
54.5304852053657 139 1219
0 34 0
44.9139480516645 147 1403
0 34 0
57.0255710912575 168 1754
35.8229887590262 99 1024
4.34640828237888 62 378
2.10393350785008 57 253
0 34 0
0 34 0
26.8183667200277 97 963
0 34 0
0 34 0
65.3760879857242 163 1415
47.3152834505919 128 1428
0 34 0
4.07408107547215 43 10
19.3712908021688 82 361
0.0773165064827894 36 1
0 34 0
17.7878313268722 67 528
17.7878313268722 67 528
35.8229887590262 99 1024
19.7606615461292 81 619
38.2204303142886 125 1341
17.7878313268722 67 528
17.7878313268722 67 528
17.7878313268722 67 528
28.4141874846454 116 892
17.7878313268722 67 528
38.0982929503516 105 1039
0 34 0
3.8766055998775 68 353
0 34 0
17.7878313268722 67 528
0 34 0
22.8387087124822 78 553
0 34 0
0 34 0
0.402351929682095 43 36
0 34 0
0 34 0
2.3136905857556 55 106
0 34 0
0.201453059272862 39 10
3.67397030077692 61 351
0 34 0
11.5157554673534 66 496
8.39848641555706 63 130
0 34 0
0 34 0
54.1382660315012 152 1213
0 34 0
0 34 0
0 34 0
0 34 0
17.7878313268722 67 528
35.8229887590262 99 1024
1.31738464915206 53 171
0 34 0
19.7606615461292 81 619
0 34 0
45.2396133895362 147 1039
37.0179820919709 118 1153
0.247083523465021 40 15
17.7878313268722 67 528
0 34 0
11.5157554673534 66 496
0 34 0
8.84489283536423 67 466
19.6446209784531 112 1014
5.90952099140008 69 291
0.843729848909961 49 105
0 34 0
0 34 0
0 34 0
0 34 0
66.6122709626462 169 1529
0 34 0
0 34 0
0.525780390970574 45 55
3.15083710194178 60 325
0 34 0
0 34 0
42.7315340113695 126 1375
17.7878313268722 67 528
17.7878313268722 67 528
35.4717768234976 131 1135
0 34 0
6.49758679980012 64 435
0 34 0
0 34 0
86.1330061819085 188 2302
11.5157554673534 66 496
0 34 0
3.67397030077692 61 351
0 34 0
5.48939827904301 65 162
55.6777360218702 168 1777
0 34 0
41.619753315255 132 1270
0 34 0
0 34 0
0 34 0
0 34 0
0 34 0
25.0416211490284 96 934
19.2591965059859 89 729
0.402351929682095 43 36
0 34 0
0 34 0
0 34 0
0 34 0
0 34 0
62.4877925837368 174 1907
0 34 0
0 34 0
44.1978320923829 147 1308
0 34 0
13.6372722556462 84 649
2.73220921893004 59 300
0 34 0
0 34 0
0 34 0
22.90651212621 96 931
0 34 0
1.05453034538913 51 136
17.7878313268722 67 528
0 34 0
0 34 0
0 34 0
0 34 0
0 34 0
0 34 0
42.7315340113695 126 1375
3.67397030077692 61 351
5.24281553807987 63 406
0 34 0
32.4255248064877 132 1072
0.67067384011743 47 78
0 34 0
0 34 0
30.4254569144704 121 869
11.5157554673534 66 496
38.2858166758274 120 1064
28.7821817194411 97 961
0 34 0
29.8035343384448 98 993
0 34 0
0 34 0
11.5157554673534 66 496
0 34 0
0 34 0
17.7878313268722 67 528
65.438048357844 164 1630
60.7190452061865 157 1837
17.7878313268722 67 528
0.753166801948592 48 91
0 34 0
0 34 0
1.65473186685311 55 210
0.295500315579566 41 21
45.2540945806307 128 993
0 34 0
11.3148210788833 82 553
8.37951004443913 65 465
1.05453034538913 51 136
57.0747718505046 155 1779
0 34 0
18.5804885735256 109 913
0 34 0
47.8411897741237 154 1397
0 34 0
0 34 0
8.37951004443913 65 465
0 34 0
0 34 0
41.3176367608279 124 1312
49.431619764088 163 1523
17.7878313268722 67 528
0 34 0
6.49758679980012 64 435
56.9577526136738 159 1497
0 34 0
10.0797308537355 87 688
2.73220921893004 59 300
30.7611995749156 122 1253
0 34 0
0 34 0
0 34 0
0 34 0
5.24281553807987 63 406
49.4005783744324 134 1417
28.7821817194411 97 961
16.9175049014455 94 577
5.44644894039502 77 471
0 34 0
6.49758679980012 64 435
19.9847985304644 95 902
17.7878313268722 67 528
0 34 0
64.0495827037087 156 1802
11.1897160374869 71 240
30.9553952818563 105 989
11.4511849055072 89 735
17.7878313268722 67 528
6.49758679980012 64 435
0 34 0
0 34 0
11.5157554673534 66 496
0 34 0
29.9007576436435 100 784
0.0773165064827894 36 1
0 34 0
0 34 0
25.0416211490284 96 934
0 34 0
20.7084794367568 91 784
0.402351929682095 43 36
95.4501230189358 226 2626
21.9274092015508 92 828
1.1782950876833 52 153
15.8528801928735 70 151
3.15083710194178 60 325
0 34 0
11.5157554673534 66 496
16.9753245970069 92 813
11.5157554673534 66 496
17.7878313268722 67 528
0.402351929682095 43 36
0 34 0
11.5157554673534 66 496
17.7878313268722 67 528
6.49758679980012 64 435
0 34 0
0 34 0
17.7878313268722 67 528
27.4061765030474 96 728
0 34 0
20.3932743772571 89 295
0 34 0
39.64856136939 125 1337
0 34 0
3.15083710194178 60 325
17.7878313268722 67 528
0 34 0
65.6217998634534 174 1281
4.34640828237888 62 378
0 34 0
3.67397030077692 61 351
25.4932045853743 97 631
0 34 0
0 34 0
11.5157554673534 66 496
0 34 0
1.21306758297272 50 72
7.25662174417649 71 456
0 34 0
1.4256899567857 51 76
26.5374768466465 98 485
178.583983763565 316 3674
0 34 0
6.96740771362148 67 438
0 34 0
0 34 0
54.1042273375329 130 1489
40.061579387116 120 1234
0 34 0
56.6336347301719 153 1715
34.4808036687733 135 1241
0 34 0
3.67397030077692 61 351
6.49758679980012 64 435
0 34 0
0 34 0
0 34 0
55.3240299898234 148 1570
29.8035343384448 98 993
1.1782950876833 52 153
17.0843552632695 93 847
0 34 0
28.5941151454577 113 930
23.3278507234863 90 581
0 34 0
25.0244685354094 98 755
17.7878313268722 67 528
17.7878313268722 67 528
0 34 0
0.347109291318552 42 28
5.24281553807987 63 406
2.10393350785008 57 253
3.15083710194178 60 325
0 34 0
8.37951004443913 65 465
0 34 0
17.7878313268722 67 528
0 34 0
23.7698569272612 89 490
0 34 0
0 34 0
19.2591965059859 89 729
0 34 0
0 34 0
11.5157554673534 66 496
18.1895808168094 109 909
0 34 0
0 34 0
4.10643246655943 64 214
0 34 0
0 34 0
0 34 0
17.7878313268722 67 528
19.2591965059859 89 729
0 34 0
0 34 0
10.5713850116585 89 683
55.9814656948116 147 1511
1.7913555451214 51 70
0 34 0
7.25139252598576 68 273
0 34 0
31.8340401591737 125 1136
11.5157554673534 66 496
3.34477636452289 55 100
0 34 0
0 34 0
0 34 0
0 34 0
0 34 0
0 34 0
0 34 0
0 34 0
2.38957709488853 58 276
0 34 0
44.3275338898491 142 1435
0 34 0
0 34 0
17.7878313268722 67 528
0 34 0
0 34 0
0 34 0
33.8505658345947 121 1237
0 34 0
17.7878313268722 67 528
0 34 0
10.5796412085182 84 636
0 34 0
0 34 0
4.34640828237888 62 378
20.098107759181 84 664
0 34 0
77.513058112766 185 2220
17.7878313268722 67 528
0 34 0
0 34 0
1.05453034538913 51 136
0 34 0
18.042389287664 87 676
1.31738464915206 53 171
17.7878313268722 67 528
6.49758679980012 64 435
0 34 0
13.7331455065632 80 563
11.5157554673534 66 496
0 34 0
0 34 0
3.15083710194178 60 325
0 34 0
3.67397030077692 61 351
8.37951004443913 65 465
0 34 0
0 34 0
8.37951004443913 65 465
17.7878313268722 67 528
6.49758679980012 64 435
33.7082479158642 122 1251
0 34 0
0 34 0
11.5157554673534 66 496
35.8229887590262 99 1024
71.4806606549027 187 1931
11.5157554673534 66 496
6.49758679980012 64 435
0 34 0
0 34 0
0 34 0
0 34 0
0 34 0
21.3968435707281 81 574
0 34 0
17.7878313268722 67 528
0.158220401340466 38 6
19.2591965059859 89 729
0 34 0
0 34 0
0 34 0
0 34 0
0 34 0
17.7878313268722 67 528
7.74750798468683 70 307
0 34 0
18.2411215136098 94 874
0 34 0
5.01631301946341 69 399
17.7878313268722 67 528
0 34 0
11.5157554673534 66 496
0.158220401340466 38 6
12.9000209638371 83 430
0 34 0
13.6069946774031 91 790
17.7878313268722 67 528
5.24281553807987 63 406
0 34 0
0 34 0
0 34 0
18.042389287664 87 676
0 34 0
49.1666557347116 151 1664
0 34 0
0 34 0
19.2591965059859 89 729
0 34 0
0.158220401340466 38 6
0 34 0
0 34 0
17.7878313268722 67 528
45.5016713341195 128 1430
15.1507507569307 81 529
23.8659497413442 95 906
19.2857714784367 94 871
32.9160730018954 135 1054
0 34 0
1.86211870191174 56 231
8.37951004443913 65 465
0 34 0
11.5157554673534 66 496
1.31738464915206 53 171
29.8035343384448 98 993
0 34 0
0.843729848909961 49 105
25.1721043826363 111 954
0 34 0
17.7878313268722 67 528
54.1042273375329 130 1489
0 34 0
0 34 0
63.2003452950929 169 1546
29.8035343384448 98 993
13.6372722556462 84 649
12.1054662987542 68 497
0 34 0
0 34 0
0 34 0
27.321886207607 118 1138
3.15083710194178 60 325
0 34 0
45.2973819845588 150 1634
29.0340497709661 107 1008
40.1085592385383 125 1062
0 34 0
0 34 0
0 34 0
0 34 0
4.34640828237888 62 378
47.3152834505919 128 1428
0 34 0
56.7571014976851 133 1492
24.9864095902281 101 850
7.11303287335786 82 568
6.49758679980012 64 435
0.525780390970574 45 55
25.5294428673649 112 982
0.201453059272862 39 10
0 34 0
12.82405746085 75 400
0 34 0
17.7878313268722 67 528
1.4748779978164 54 190
0 34 0
0 34 0
0 34 0
73.8991137842289 197 1919
38.2204303142886 125 1341
28.8325491481979 131 1018
3.67397030077692 61 351
3.67397030077692 61 351
2.28821830488384 55 102
34.5015267928197 112 904
23.8659497413442 95 906
0.525780390970574 45 55
0 34 0
17.7878313268722 67 528
5.39316149731675 60 157
8.15611957808501 80 555
0 34 0
0 34 0
17.7878313268722 67 528
0 34 0
6.35879045230222 55 100
0 34 0
14.2156326842691 87 706
17.7878313268722 67 528
0 34 0
35.8229887590262 99 1024
83.5954644388896 187 2275
3.67397030077692 61 351
5.24281553807987 63 406
9.45972173605388 65 225
11.5157554673534 66 496
0.347109291318552 42 28
0 34 0
35.8229887590262 99 1024
11.5157554673534 66 496
0 34 0
19.5617518016762 114 724
8.17859339971783 84 616
0 34 0
0 34 0
3.15083710194178 60 325
45.4820063457674 145 1300
0 34 0
17.7878313268722 67 528
8.79903880264874 74 381
8.37951004443913 65 465
17.7878313268722 67 528
0.247083523465021 40 15
17.7878313268722 67 528
19.9847985304644 95 902
17.7878313268722 67 528
17.7878313268722 67 528
0.753166801948592 48 91
62.507596410547 162 1685
7.77688066589454 77 513
0 34 0
0.943657930745756 50 120
0 34 0
0 34 0
0 34 0
0 34 0
0 34 0
20.6829691953634 122 954
17.7878313268722 67 528
0 34 0
0 34 0
1.05453034538913 51 136
0 34 0
19.1025502952221 105 891
0 34 0
0 34 0
67.935214587804 171 1571
0 34 0
23.8659497413442 95 906
4.34640828237888 62 378
28.7821817194411 97 961
6.49758679980012 64 435
0 34 0
107.776420512652 235 2282
0 34 0
0 34 0
0 34 0
17.0965464474438 102 671
17.7878313268722 67 528
0 34 0
17.0843552632695 93 847
57.0758834082885 147 1349
17.7878313268722 67 528
20.7084794367568 91 784
0 34 0
12.82405746085 75 400
0 34 0
2.10393350785008 57 253
0 34 0
35.8229887590262 99 1024
0 34 0
0 34 0
0 34 0
19.5882233446008 110 967
23.9789917679652 112 1003
0 34 0
0 34 0
25.1210228379068 107 932
0 34 0
0 34 0
41.8725612495311 124 1306
0 34 0
0 34 0
0 34 0
0 34 0
17.7878313268722 67 528
0 34 0
0 34 0
0 34 0
20.4263237556939 99 521
0 34 0
0.402351929682095 43 36
11.5157554673534 66 496
2.98998947218442 61 301
0 34 0
0 34 0
91.5024503199711 193 1845
25.0038116777335 95 900
0 34 0
17.7878313268722 67 528
40.7494271637616 132 1204
0 34 0
0 34 0
0 34 0
4.53794714219392 49 49
1.1782950876833 52 153
0 34 0
0 34 0
0.595177842733821 46 66
72.6302021397974 160 1924
67.2771909312368 173 1870
0 34 0
0 34 0
17.7878313268722 67 528
0 34 0
25.9617089607186 111 710
0 34 0
11.5157554673534 66 496
0 34 0
11.5157554673534 66 496
4.34640828237888 62 378
0 34 0
0 34 0
6.30165030951115 64 211
0 34 0
13.743587527332 102 753
0 34 0
0 34 0
0 34 0
0 34 0
0 34 0
0 34 0
63.8350745969769 171 1835
14.7371910273434 92 816
84.0682575111535 190 1754
22.1207176467306 92 762
18.3745003431991 95 642
0 34 0
49.7980031564017 120 1088
17.7878313268722 67 528
28.7821817194411 97 961
0 34 0
0 34 0
0 34 0
0.247083523465021 40 15
16.9734796769079 96 500
0 34 0
0.295500315579566 41 21
35.8229887590262 99 1024
0.295500315579566 41 21
0 34 0
0 34 0
0 34 0
11.5157554673534 66 496
78.1853151758828 197 2154
2.10393350785008 57 253
26.9892319563123 108 820
28.7821817194411 97 961
11.5157554673534 66 496
23.8659497413442 95 906
0 34 0
20.5943805738072 100 620
6.49758679980012 64 435
17.7878313268722 67 528
15.1694269655887 90 772
19.2857714784367 94 871
5.24281553807987 63 406
0.772271746170258 43 22
0 34 0
0 34 0
17.7878313268722 67 528
21.5558915823046 106 835
12.6331112058741 89 731
17.7878313268722 67 528
8.37951004443913 65 465
0 34 0
17.7878313268722 67 528
3.15083710194178 60 325
0 34 0
19.9763419587354 83 648
8.83824191208395 85 631
35.8229887590262 99 1024
16.7766075651333 110 945
0 34 0
17.7878313268722 67 528
29.6101517786911 112 1068
17.7878313268722 67 528
11.5157554673534 66 496
0 34 0
0 34 0
0 34 0
22.409434131223 93 853
23.8659497413442 95 906
54.1042273375329 130 1489
5.10531100370094 65 227
17.7878313268722 67 528
0 34 0
0 34 0
0 34 0
3.15083710194178 60 325
8.37951004443913 65 465
17.7878313268722 67 528
5.24281553807987 63 406
8.62252522234884 85 637
8.37951004443913 65 465
19.3951542777753 77 573
0.247083523465021 40 15
0 34 0
36.2005532581951 124 1318
0 34 0
5.24281553807987 63 406
0 34 0
0 34 0
22.9593697453235 94 829
11.5157554673534 66 496
0 34 0
45.3351575997403 141 1429
28.7821817194411 97 961
11.5157554673534 66 496
0 34 0
6.04838166985684 78 498
0 34 0
17.7878313268722 67 528
66.0922879417161 158 1865
0 34 0
2.73220921893004 59 300
0 34 0
5.24281553807987 63 406
38.3434528133925 134 1225
0 34 0
0 34 0
0 34 0
62.858550828743 157 1840
17.7878313268722 67 528
0 34 0
17.7878313268722 67 528
0 34 0
0 34 0
0 34 0
17.7878313268722 67 528
17.7878313268722 67 528
0 34 0
41.3176367608279 124 1312
47.0141763707945 122 1107
0 34 0
0 34 0
32.2881667482293 124 926
0 34 0
19.3951542777753 77 573
0 34 0
0 34 0
0.116989636894646 37 3
8.37951004443913 65 465
0 34 0
8.31769698748999 84 382
7.88999233163909 78 526
0 34 0
36.3965907786432 139 1127
35.7192889956378 126 1037
0 34 0
0 34 0
0.402351929682095 43 36
0 34 0
0 34 0
0 34 0
0 34 0
1.31738464915206 53 171
2.73220921893004 59 300
0 34 0
0 34 0
66.591152420563 189 1916
7.53234314826656 82 577
1.4748779978164 54 190
0 34 0
0 34 0
22.409434131223 93 853
2.73220921893004 59 300
0 34 0
2.60482402227396 61 181
0 34 0
25.8897024530895 125 1049
0 34 0
5.24281553807987 63 406
0 34 0
35.8229887590262 99 1024
35.8229887590262 99 1024
0 34 0
11.5157554673534 66 496
11.5157554673534 66 496
11.5157554673534 66 496
8.37951004443913 65 465
8.37951004443913 65 465
25.4456151378878 125 1125
0 34 0
1.4748779978164 54 190
59.1980318656869 149 1660
14.672909163324 73 505
2.10393350785008 57 253
24.2896565488259 89 639
0 34 0
4.34640828237888 62 378
0.943657930745756 50 120
19.1393303929338 74 549
0 34 0
33.9247672760189 123 1288
0 34 0
0 34 0
12.5517319226276 90 760
25.0038116777335 95 900
0 34 0
17.7878313268722 67 528
3.67397030077692 61 351
0 34 0
0 34 0
19.9991015193448 113 755
17.7878313268722 67 528
17.7878313268722 67 528
0 34 0
0 34 0
0 34 0
0 34 0
3.67397030077692 61 351
17.7878313268722 67 528
0 34 0
23.982592795706 97 847
36.2582958728881 124 1312
0 34 0
11.5157554673534 66 496
0 34 0
0 34 0
0 34 0
0 34 0
0 34 0
0 34 0
0 34 0
0 34 0
0 34 0
18.7516177753419 70 531
0 34 0
0 34 0
35.8229887590262 99 1024
39.5167369251557 117 1177
19.7606615461292 81 619
0 34 0
1.67361003088224 48 46
14.7881343982902 89 749
8.37951004443913 65 465
16.6361283909778 96 772
0 34 0
0 34 0
0 34 0
25.0416211490284 96 934
19.2591965059859 89 729
5.90952099140008 69 291
0 34 0
17.7878313268722 67 528
17.7878313268722 67 528
0 34 0
0 34 0
8.37951004443913 65 465
28.7821817194411 97 961
11.5157554673534 66 496
0 34 0
0 34 0
0.67067384011743 47 78
0 34 0
17.7878313268722 67 528
50.7026226086752 163 1631
17.7878313268722 67 528
25.0416211490284 96 934
17.7878313268722 67 528
15.6529911590848 91 604
4.34640828237888 62 378
9.22998560983116 72 486
0 34 0
2.10393350785008 57 253
0 34 0
0 34 0
17.7878313268722 67 528
17.7878313268722 67 528
31.362952185219 115 1081
3.71139594851525 66 340
4.34640828237888 62 378
0 34 0
35.8229887590262 99 1024
0 34 0
0 34 0
0 34 0
7.57931633927263 75 490
17.7878313268722 67 528
9.43228119190303 89 434
0 34 0
2.73220921893004 59 300
0 34 0
0 34 0
15.8200412228494 85 579
22.90651212621 96 931
0 34 0
0 34 0
19.6845381381906 103 841
51.6337967253389 167 1539
17.7878313268722 67 528
4.72342490612681 63 198
0 34 0
0 34 0
0 34 0
13.7206861266678 93 437
0 34 0
0 34 0
54.1042273375329 130 1489
0 34 0
28.4825159159308 125 1081
17.7878313268722 67 528
0 34 0
17.7878313268722 67 528
22.90651212621 96 931
8.37951004443913 65 465
0 34 0
3.67397030077692 61 351
3.67397030077692 61 351
20.4518422212434 73 535
38.8949247333544 147 1315
0 34 0
0 34 0
0 34 0
13.6372722556462 84 649
8.37951004443913 65 465
29.8035343384448 98 993
0 34 0
17.7878313268722 67 528
0 34 0
8.37951004443913 65 465
19.4816061467167 78 583
72.8830220956589 163 1659
0.943657930745756 50 120
0 34 0
2.28076493285519 54 89
4.34640828237888 62 378
0 34 0
8.37951004443913 65 465
0 34 0
31.0571789873725 120 1200
20.7084794367568 91 784
52.7967058728856 159 1562
0 34 0
0 34 0
41.9308554692131 118 1025
11.5157554673534 66 496
0 34 0
0 34 0
0 34 0
0 34 0
0.402351929682095 43 36
22.90651212621 96 931
28.7821817194411 97 961
0.116989636894646 37 3
0 34 0
0 34 0
22.8201115446615 98 423
1.4748779978164 54 190
0 34 0
26.0609366463633 107 912
1.69491134949169 52 81
36.0835497050183 123 1280
107.135485921214 245 2764
0 34 0
17.7878313268722 67 528
99.3734128620171 211 2543
2.10393350785008 57 253
0 34 0
29.8035343384448 98 993
0 34 0
17.7878313268722 67 528
0 34 0
0 34 0
0 34 0
11.5157554673534 66 496
0 34 0
29.1187538641219 131 1160
35.8229887590262 99 1024
0 34 0
19.2591965059859 89 729
66.0922879417161 158 1865
0 34 0
0 34 0
1.86211870191174 56 231
0 34 0
0 34 0
12.82405746085 75 400
53.0262055499956 151 1669
32.7686511796386 102 965
0 34 0
0 34 0
28.7821817194411 97 961
17.7878313268722 67 528
6.49758679980012 64 435
0 34 0
11.5157554673534 66 496
0 34 0
0 34 0
0 34 0
27.598011403902 132 1210
17.7878313268722 67 528
5.24281553807987 63 406
3.15083710194178 60 325
0 34 0
0 34 0
6.49758679980012 64 435
0 34 0
10.3345875766552 63 128
35.8229887590262 99 1024
0 34 0
38.8061298145214 121 1219
0 34 0
0 34 0
0.943657930745756 50 120
0 34 0
0 34 0
72.6302021397974 160 1924
28.7821817194411 97 961
0 34 0
17.0843552632695 93 847
14.672909163324 73 505
9.89784552483624 80 371
28.7403802535503 116 1084
2.10393350785008 57 253
0 34 0
0 34 0
0 34 0
47.3152834505919 128 1428
17.7878313268722 67 528
0.201453059272862 39 10
0 34 0
0 34 0
0 34 0
0 34 0
0 34 0
17.7878313268722 67 528
0.116989636894646 37 3
25.5699496911384 128 933
21.5798355121015 103 766
10.6385880804241 97 697
1.2803491833159 52 97
24.3820269360322 110 949
33.7082479158642 122 1251
0 34 0
0 34 0
0 34 0
0 34 0
23.8659497413442 95 906
22.9433351999359 84 584
38.3446434464913 107 1052
0 34 0
0 34 0
65.2095322089814 176 1573
0 34 0
11.4343694231615 87 678
1.31738464915206 53 171
1.86211870191174 56 231
18.042389287664 87 676
0 34 0
0 34 0
0 34 0
0 34 0
0 34 0
0 34 0
5.17489629751276 73 367
36.0835497050183 123 1280
1.31738464915206 53 171
0 34 0
0 34 0
18.6290882053065 69 529
66.588667933564 163 1829
0 34 0
17.7878313268722 67 528
0 34 0
17.7878313268722 67 528
37.3331577859481 119 957
0 34 0
0.0773165064827894 36 1
0 34 0
4.34640828237888 62 378
0 34 0
48.1033264071004 149 1392
0 34 0
0 34 0
41.9583413845951 125 1349
0 34 0
16.0180763103062 105 849
0 34 0
30.4986407891769 120 892
17.7878313268722 67 528
0 34 0
35.5884277362244 142 1173
0 34 0
8.37951004443913 65 465
0 34 0
0 34 0
0 34 0
40.5906851329964 122 1277
17.7878313268722 67 528
0 34 0
0 34 0
0 34 0
0 34 0
0 34 0
3.15083710194178 60 325
35.8229887590262 99 1024
24.6262459904749 96 726
8.37951004443913 65 465
23.3092939484078 104 892
21.1258164081141 104 610
0 34 0
0 34 0
0 34 0
0 34 0
0 34 0
0.843729848909961 49 105
0 34 0
11.5157554673534 66 496
0 34 0
0 34 0
0 34 0
0 34 0
1.1782950876833 52 153
11.5157554673534 66 496
0 34 0
17.7878313268722 67 528
0 34 0
17.7878313268722 67 528
17.7878313268722 67 528
17.7878313268722 67 528
35.8229887590262 99 1024
2.38957709488853 58 276
0 34 0
0 34 0
17.7878313268722 67 528
0 34 0
6.58885942590754 53 55
0 34 0
0 34 0
0 34 0
0.0773165064827894 36 1
0 34 0
0 34 0
35.8229887590262 99 1024
0 34 0
1.49746735225147 42 13
0 34 0
24.2239513015631 94 571
15.5486465225424 86 477
17.7878313268722 67 528
0 34 0
0 34 0
0 34 0
20.7084794367568 91 784
0 34 0
11.5157554673534 66 496
0 34 0
4.34640828237888 62 378
8.37951004443913 65 465
0 34 0
67.1136405607197 159 1895
17.7878313268722 67 528
0 34 0
0 34 0
0 34 0
11.5157554673534 66 496
4.34640828237888 62 378
0 34 0
2.19703474296902 61 211
0 34 0
17.7878313268722 67 528
0 34 0
5.24281553807987 63 406
17.7878313268722 67 528
0 34 0
47.3152834505919 128 1428
0.943657930745756 50 120
11.5157554673534 66 496
0 34 0
0 34 0
0 34 0
4.34640828237888 62 378
0 34 0
0.247083523465021 40 15
3.67397030077692 61 351
17.7878313268722 67 528
0 34 0
8.37951004443913 65 465
0 34 0
0 34 0
11.5157554673534 66 496
0 34 0
0 34 0
17.7878313268722 67 528
0 34 0
55.4504569667402 155 1503
29.8035343384448 98 993
0 34 0
0.347109291318552 42 28
65.622433253551 178 2037
0 34 0
0 34 0
3.67397030077692 61 351
0 34 0
20.9592444018669 113 873
0 34 0
0 34 0
36.5869234288226 131 1220
0 34 0
29.3079242167811 109 949
3.67397030077692 61 351
0 34 0
1.31738464915206 53 171
17.7878313268722 67 528
17.7878313268722 67 528
0 34 0
0 34 0
0 34 0
28.7821817194411 97 961
0 34 0
5.24281553807987 63 406
118.906074475367 235 2861
0 34 0
67.9904369371352 175 1937
17.7878313268722 67 528
89.1192008509835 203 2048
0 34 0
33.7467889265816 121 1225
1.31738464915206 53 171
4.78074460436073 71 330
0 34 0
9.45972173605388 65 225
13.9867600301182 99 796
0 34 0
0 34 0
0 34 0
0 34 0
0.402351929682095 43 36
11.5157554673534 66 496
17.7878313268722 67 528
0 34 0
17.7878313268722 67 528
6.49758679980012 64 435
0.843729848909961 49 105
0 34 0
28.7821817194411 97 961
41.6912666073974 127 1399
0 34 0
26.8183667200277 97 963
0 34 0
35.8229887590262 99 1024
17.7878313268722 67 528
0 34 0
17.7878313268722 67 528
0 34 0
17.7878313268722 67 528
31.676759694218 106 735
5.24281553807987 63 406
0 34 0
0 34 0
29.8035343384448 98 993
11.5157554673534 66 496
16.093361005997 102 746
0 34 0
17.7878313268722 67 528
14.7371910273434 92 816
17.2969224607407 84 394
17.7878313268722 67 528
17.7878313268722 67 528
0 34 0
7.78312602587818 77 443
17.7878313268722 67 528
11.5157554673534 66 496
0 34 0
0 34 0
0 34 0
24.3247546063103 102 889
65.0709353227124 157 1834
0 34 0
0 34 0
0 34 0
0 34 0
8.37951004443913 65 465
0.116989636894646 37 3
0 34 0
0 34 0
27.2349369423832 115 1060
6.49758679980012 64 435
18.7516177753419 70 531
19.9763419587354 83 648
26.8183667200277 97 963
8.37951004443913 65 465
4.34640828237888 62 378
13.8038015319583 85 667
11.5157554673534 66 496
0 34 0
11.5157554673534 66 496
0 34 0
94.9959552174419 224 2439
9.30482268007705 73 493
0 34 0
5.24281553807987 63 406
49.0055073696239 152 1345
17.7878313268722 67 528
27.6960199158127 113 851
0 34 0
0 34 0
0 34 0
0 34 0
3.67397030077692 61 351
4.34640828237888 62 378
58.9842520654884 152 1684
1.31738464915206 53 171
0 34 0
13.030406040739 79 574
0 34 0
21.6489800749009 103 930
35.8229887590262 99 1024
0 34 0
0 34 0
0 34 0
0 34 0
0 34 0
0.461721618896373 44 45
0 34 0
0.201453059272862 39 10
0.247083523465021 40 15
31.3659024489269 137 1105
18.5769918387084 92 536
0 34 0
17.7878313268722 67 528
1.86211870191174 56 231
0 34 0
17.7878313268722 67 528
19.2857714784367 94 871
17.7878313268722 67 528
4.29292337887414 45 17
0.201453059272862 39 10
17.7878313268722 67 528
0.402351929682095 43 36
0 34 0
0 34 0
0 34 0
32.6509372484119 112 976
17.7878313268722 67 528
70.4554741908563 176 1541
0 34 0
11.5157554673534 66 496
11.4269120705923 71 324
11.5157554673534 66 496
0 34 0
0 34 0
0 34 0
0 34 0
0 34 0
0 34 0
0 34 0
0 34 0
0 34 0
0 34 0
0 34 0
25.0038116777335 95 900
0.158220401340466 38 6
3.48635892438462 69 331
29.3641373233401 117 954
28.7403802535503 116 1084
31.0571789873725 120 1200
29.8035343384448 98 993
0 34 0
0.116989636894646 37 3
25.0416211490284 96 934
35.8229887590262 99 1024
0 34 0
0 34 0
0 34 0
2.38957709488853 58 276
54.1042273375329 130 1489
0 34 0
0 34 0
84.0958002514503 198 2058
0 34 0
30.8411201912512 131 1154
12.1054662987542 68 497
4.34640828237888 62 378
14.2156326842691 87 706
0 34 0
0 34 0
48.3366360695955 129 1459
0 34 0
44.4596719970294 141 1086
0 34 0
0 34 0
17.7878313268722 67 528
0 34 0
22.5301142027219 93 841
5.1445675704748 51 64
6.49758679980012 64 435
0 34 0
3.67397030077692 61 351
0 34 0
48.0107944224309 133 1160
0.247083523465021 40 15
0.347109291318552 42 28
29.8035343384448 98 993
3.67397030077692 61 351
25.0416211490284 96 934
0 34 0
0 34 0
0 34 0
8.95957713985757 84 625
0 34 0
0 34 0
0 34 0
0 34 0
0 34 0
0 34 0
0 34 0
12.6062257195911 74 524
0 34 0
3.15083710194178 60 325
1.4748779978164 54 190
0.843729848909961 49 105
0 34 0
25.1721043826363 111 954
14.7371910273434 92 816
8.37951004443913 65 465
0 34 0
12.6331112058741 89 731
0 34 0
17.7878313268722 67 528
0 34 0
0 34 0
4.34640828237888 62 378
0.295500315579566 41 21
0 34 0
0 34 0
0 34 0
0 34 0
19.9847985304644 95 902
50.0079523803512 153 1445
0 34 0
0 34 0
17.7878313268722 67 528
0 34 0
52.7967058728856 159 1562
6.49758679980012 64 435
0 34 0
25.0038116777335 95 900
0 34 0
0.461721618896373 44 45
0 34 0
0 34 0
0 34 0
0 34 0
6.49758679980012 64 435
32.5611956243387 132 1172
28.1478502593384 103 760
17.7878313268722 67 528
28.7821817194411 97 961
11.5157554673534 66 496
64.0495827037087 156 1802
4.98294571400806 74 389
0 34 0
17.7878313268722 67 528
0 34 0
17.7878313268722 67 528
11.5157554673534 66 496
0 34 0
0 34 0
0 34 0
4.34640828237888 62 378
0 34 0
33.9185530057146 133 1288
0 34 0
0 34 0
0 34 0
10.4605995137587 55 49
0 34 0
25.5858673722674 110 977
0 34 0
3.67397030077692 61 351
0 34 0
0 34 0
0 34 0
0.116989636894646 37 3
35.8229887590262 99 1024
28.4698076210023 114 1071
0 34 0
10.010173271058 86 437
46.6530736403897 148 1574
26.8183667200277 97 963
8.91710915057757 71 177
0 34 0
8.44436652191882 64 120
0 34 0
19.0517179696259 79 277
0 34 0
0 34 0
30.6445428035035 117 1121
30.8125490655067 119 871
14.2540600915589 77 289
0 34 0
25.0416211490284 96 934
28.7821817194411 97 961
8.82664879820284 63 196
0 34 0
11.5157554673534 66 496
17.0843552632695 93 847
0 34 0
0 34 0
54.1042273375329 130 1489
0 34 0
0 34 0
0 34 0
17.7878313268722 67 528
58.4630233850783 168 1427
11.4511849055072 89 735
5.24281553807987 63 406
3.67397030077692 61 351
0 34 0
11.5157554673534 66 496
0 34 0
0 34 0
19.091948942319 89 677
8.37951004443913 65 465
10.0797308537355 87 688
0.158220401340466 38 6
17.7878313268722 67 528
2.34589041295624 59 254
54.1042273375329 130 1489
35.8229887590262 99 1024
8.82664879820284 63 196
29.8035343384448 98 993
74.4490002557551 182 2127
0 34 0
1.86211870191174 56 231
12.1999932328154 89 741
11.5157554673534 66 496
0 34 0
0 34 0
0 34 0
19.1393303929338 74 549
0 34 0
20.9499530228733 102 899
0 34 0
0 34 0
46.9299919148118 143 931
5.7510788812939 53 81
17.7878313268722 67 528
11.5157554673534 66 496
50.0926327654023 166 1699
25.3910813165506 112 994
0 34 0
3.15083710194178 60 325
13.8038015319583 85 667
2.10393350785008 57 253
0 34 0
12.1999932328154 89 741
8.37951004443913 65 465
4.07408107547215 43 10
0 34 0
0 34 0
0 34 0
0 34 0
0 34 0
0.595177842733821 46 66
0 34 0
17.7878313268722 67 528
1.4748779978164 54 190
87.7992972348774 198 2296
0 34 0
0 34 0
3.67397030077692 61 351
0 34 0
4.34640828237888 62 378
0.295500315579566 41 21
8.37951004443913 65 465
28.8375935927181 81 548
0.843729848909961 49 105
0 34 0
0 34 0
33.8505658345947 121 1237
6.49758679980012 64 435
0.347109291318552 42 28
28.7054829611374 115 1090
20.381585974745 86 699
0 34 0
12.7735001455388 96 622
9.96457492169552 78 463
20.550062830315 87 718
1.65473186685311 55 210
0 34 0
0.295500315579566 41 21
0 34 0
4.34640828237888 62 378
0 34 0
0 34 0
0 34 0
0 34 0
0 34 0
29.9327598603904 111 991
45.9380113377451 143 1215
0 34 0
0 34 0
48.3366360695955 129 1459
0 34 0
11.5157554673534 66 496
21.2281659291293 90 781
0 34 0
8.37951004443913 65 465
17.7878313268722 67 528
25.0416211490284 96 934
0 34 0
42.6776186098659 144 1210
17.7878313268722 67 528
0 34 0
0 34 0
0 34 0
16.7624367964142 90 499
0 34 0
0 34 0
0 34 0
23.8659497413442 95 906
0 34 0
0 34 0
25.0416211490284 96 934
2.08517529697331 58 148
17.7878313268722 67 528
0 34 0
54.1042273375329 130 1489
0 34 0
8.20152029826866 61 169
12.1143837999075 73 361
17.7878313268722 67 528
0 34 0
0 34 0
39.64856136939 125 1337
0 34 0
0 34 0
0 34 0
16.0926687322995 97 741
0 34 0
0 34 0
0 34 0
0 34 0
0 34 0
20.9656120142697 89 759
0 34 0
0 34 0
6.34379712249322 53 53
17.7878313268722 67 528
18.4047201089705 99 724
1.1782950876833 52 153
8.37951004443913 65 465
0 34 0
0 34 0
25.0950524162995 105 807
8.48714632805134 76 265
38.4581018296299 108 1060
28.7821817194411 97 961
18.7516177753419 70 531
10.0790098718048 73 481
0 34 0
0 34 0
10.2630117609983 63 128
12.82405746085 75 400
11.5157554673534 66 496
1.05453034538913 51 136
31.2495347503182 104 852
0 34 0
84.7863516952545 202 2321
0 34 0
0 34 0
25.0416211490284 96 934
6.49758679980012 64 435
18.2411215136098 94 874
0 34 0
8.37951004443913 65 465
22.5301142027219 93 841
11.5157554673534 66 496
40.3026806037354 121 1255
0 34 0
0 34 0
57.1800607819062 182 1801
17.7878313268722 67 528
0 34 0
0.201453059272862 39 10
19.8928223637296 111 992
0 34 0
0 34 0
0.347109291318552 42 28
1.31738464915206 53 171
0 34 0
11.5157554673534 66 496
0 34 0
34.2374312539959 132 1226
17.7878313268722 67 528
0 34 0
0 34 0
62.1469790756127 166 1065
0 34 0
33.8505658345947 121 1237
0 34 0
0.525780390970574 45 55
6.49758679980012 64 435
0 34 0
21.2281659291293 90 781
32.4809920099787 119 1164
62.6395766700246 144 1259
13.1306665937277 80 587
0 34 0
50.1775192684414 140 1474
0 34 0
0 34 0
0 34 0
0 34 0
0 34 0
0 34 0
2.38957709488853 58 276
0 34 0
20.7084794367568 91 784
0 34 0
5.24281553807987 63 406
0 34 0
17.7878313268722 67 528
0 34 0
21.9274092015508 92 828
0 34 0
0 34 0
0 34 0
32.0836270280896 107 1029
27.4844738284718 125 1042
59.6976925871829 156 1806
1.08407884205363 50 81
42.3527295334078 145 1496
0 34 0
36.2005532581951 124 1318
29.9327598603904 111 991
19.8105606787617 89 617
0 34 0
29.4835209910357 115 1072
0 34 0
0 34 0
0 34 0
35.8229887590262 99 1024
48.43007613926 151 1615
0 34 0
0 34 0
0 34 0
0 34 0
0 34 0
17.7878313268722 67 528
0 34 0
0 34 0
0 34 0
0 34 0
0 34 0
0 34 0
5.24281553807987 63 406
0 34 0
25.6022582736488 108 970
0 34 0
0 34 0
0 34 0
37.5159731842675 128 1188
0 34 0
11.5157554673534 66 496
0 34 0
0 34 0
25.5287847852984 119 1178
0 34 0
0 34 0
17.7878313268722 67 528
31.7992290972584 99 650
1.31738464915206 53 171
8.20152029826866 61 169
11.5157554673534 66 496
0 34 0
16.3092387493017 102 794
11.5157554673534 66 496
11.5157554673534 66 496
0 34 0
0 34 0
33.0173899341176 115 1129
59.8737967792763 152 1720
5.24281553807987 63 406
0 34 0
23.8659497413442 95 906
6.49758679980012 64 435
11.5157554673534 66 496
11.5157554673534 66 496
40.0174943072157 121 1114
3.67397030077692 61 351
0 34 0
21.7653168899929 108 890
0 34 0
41.6608851967319 121 1198
0 34 0
0 34 0
0 34 0
21.2281659291293 90 781
11.5157554673534 66 496
2.73220921893004 59 300
0 34 0
19.2591965059859 89 729
28.7821817194411 97 961
0 34 0
15.1171035007938 105 711
1.4748779978164 54 190
14.7881343982902 89 749
11.5157554673534 66 496
29.8035343384448 98 993
2.38957709488853 58 276
0 34 0
0 34 0
17.7878313268722 67 528
2.38957709488853 58 276
0 34 0
15.0077916053407 107 872
44.8283953897851 147 1556
0 34 0
20.381585974745 86 699
17.7878313268722 67 528
2.10393350785008 57 253
20.7881953967906 110 727
5.84319947068843 62 183
17.7878313268722 67 528
2.38957709488853 58 276
68.5103074391754 180 2077
2.94472535290333 64 291
9.96457492169552 78 463
8.37951004443913 65 465
0 34 0
0 34 0
46.2939308315882 127 1396
0 34 0
35.8229887590262 99 1024
0.843729848909961 49 105
0 34 0
0 34 0
11.5157554673534 66 496
0 34 0
0 34 0
1.86211870191174 56 231
3.67397030077692 61 351
0.943657930745756 50 120
0 34 0
17.7878313268722 67 528
0 34 0
17.7878313268722 67 528
9.66202658307862 83 578
0.943657930745756 50 120
11.5157554673534 66 496
17.7878313268722 67 528
0 34 0
0 34 0
0 34 0
0 34 0
14.0383973484117 88 703
0 34 0
0 34 0
4.07891749692662 54 91
4.34640828237888 62 378
5.94638123461366 78 471
22.5301142027219 93 841
0 34 0
11.5157554673534 66 496
0.67067384011743 47 78
0 34 0
0 34 0
21.2281659291293 90 781
17.7878313268722 67 528
30.5678308492385 102 817
17.7878313268722 67 528
0 34 0
22.90651212621 96 931
0 34 0
1.65473186685311 55 210
0 34 0
0 34 0
0 34 0
4.08595139517696 72 378
1.65473186685311 55 210
0 34 0
4.03296680646628 64 354
0 34 0
2.10393350785008 57 253
0 34 0
0 34 0
0 34 0
11.5157554673534 66 496
0 34 0
0 34 0
0 34 0
23.0317088221095 94 879
0 34 0
0 34 0
0 34 0
60.7988071077826 154 1747
0 34 0
11.5157554673534 66 496
0.116989636894646 37 3
10.1025806419792 67 256
22.5301142027219 93 841
0 34 0
28.7821817194411 97 961
0 34 0
4.35196873694109 61 171
0 34 0
12.5517319226276 90 760
19.7627625919922 98 737
0 34 0
7.08284738970086 80 542
20.7425542427976 88 738
17.7878313268722 67 528
17.7878313268722 67 528
0 34 0
12.5517319226276 90 760
17.7878313268722 67 528
20.550062830315 87 718
35.3845226529907 122 1249
0 34 0
43.6871162918253 126 1369
48.7577144650059 151 1424
4.34640828237888 62 378
0 34 0
19.0438724156832 109 636
0.595177842733821 46 66
0 34 0
0 34 0
11.5157554673534 66 496
3.15083710194178 60 325
11.5157554673534 66 496
0 34 0
16.9803279727871 85 625
33.2777662110682 135 1268
46.2939308315882 127 1396
0 34 0
17.7878313268722 67 528
1.31738464915206 53 171
17.7878313268722 67 528
0.247083523465021 40 15
28.7821817194411 97 961
2.73220921893004 59 300
1.4748779978164 54 190
11.5157554673534 66 496
0 34 0
0 34 0
17.7878313268722 67 528
17.7878313268722 67 528
17.7878313268722 67 528
0 34 0
0 34 0
6.49758679980012 64 435
17.7878313268722 67 528
0 34 0
31.6021089498644 111 1052
0 34 0
0 34 0
15.2386638811408 91 599
0 34 0
0 34 0
29.6101517786911 112 1068
17.7878313268722 67 528
0 34 0
11.5157554673534 66 496
18.859877634996 71 534
16.0023968734306 77 521
0 34 0
20.550062830315 87 718
7.07291282826192 66 212
30.2572010045469 116 1082
17.7878313268722 67 528
0 34 0
0 34 0
11.5157554673534 66 496
0 34 0
17.7878313268722 67 528
0 34 0
0 34 0
0 34 0
0 34 0
0 34 0
0 34 0
28.7821817194411 97 961
0 34 0
17.7878313268722 67 528
0 34 0
0.201453059272862 39 10
19.2888340452396 121 969
11.5157554673534 66 496
0 34 0
1.1782950876833 52 153
0 34 0
0 34 0
0 34 0
45.5016713341195 128 1430
3.45686193473274 60 160
0 34 0
21.5427290624689 91 804
0 34 0
19.3951542777753 77 573
17.7878313268722 67 528
1.23414126143935 43 18
17.0843552632695 93 847
16.2615905251598 92 821
0 34 0
3.67397030077692 61 351
0 34 0
5.24281553807987 63 406
35.8229887590262 99 1024
0 34 0
16.9803279727871 85 625
17.7878313268722 67 528
39.8554991119682 119 1214
0 34 0
0 34 0
44.831598244194 151 1509
17.7878313268722 67 528
8.37951004443913 65 465
0 34 0
29.8035343384448 98 993
4.34640828237888 62 378
17.7878313268722 67 528
22.9817764720032 108 900
0 34 0
35.8229887590262 99 1024
4.34640828237888 62 378
0 34 0
0 34 0
0 34 0
45.5016713341195 128 1430
25.0416211490284 96 934
0 34 0
10.0797308537355 87 688
27.7637211792571 115 1096
0 34 0
0 34 0
28.7821817194411 97 961
17.7878313268722 67 528
0 34 0
34.131484302398 126 1053
0 34 0
0 34 0
5.1445675704748 51 64
0 34 0
2.10393350785008 57 253
0 34 0
7.58275133220303 59 144
17.7878313268722 67 528
0 34 0
20.550062830315 87 718
0 34 0
0 34 0
0 34 0
0.595177842733821 46 66
17.7878313268722 67 528
0 34 0
0 34 0
0 34 0
23.0317088221095 94 879
49.3336522140559 150 1359
0 34 0
0 34 0
31.89369287357 120 1194
11.5907446408387 97 733
0 34 0
39.5167369251557 117 1177
0 34 0
22.90651212621 96 931
0 34 0
0 34 0
0 34 0
103.974379156065 235 2219
23.8659497413442 95 906
9.84057443515747 79 556
17.7878313268722 67 528
0 34 0
0 34 0
8.37951004443913 65 465
0.0773165064827894 36 1
0 34 0
35.8229887590262 99 1024
0 34 0
11.5157554673534 66 496
10.2294722132678 82 601
0 34 0
17.7878313268722 67 528
20.7084794367568 91 784
37.3109198052814 145 1513
6.49758679980012 64 435
9.96457492169552 78 463
14.7371910273434 92 816
19.6631459989103 80 606
72.6302021397974 160 1924
0 34 0
0 34 0
0 34 0
0 34 0
0 34 0
0.0773165064827894 36 1
0 34 0
17.7878313268722 67 528
11.5157554673534 66 496
0 34 0
40.8951191309196 134 1135
1.31738464915206 53 171
104.474913115584 222 2421
4.35196873694109 61 171
0 34 0
0 34 0
2.10393350785008 57 253
11.5157554673534 66 496
10.2294722132678 82 601
10.4701095716095 85 627
17.7878313268722 67 528
0 34 0
0 34 0
25.0038116777335 95 900
3.67397030077692 61 351
41.3176367608279 124 1312
0 34 0
0 34 0
0 34 0
2.73220921893004 59 300
1.65473186685311 55 210
54.1042273375329 130 1489
0 34 0
0.201453059272862 39 10
0.158220401340466 38 6
0 34 0
5.24281553807987 63 406
17.7878313268722 67 528
0 34 0
0 34 0
17.7878313268722 67 528
0 34 0
17.7878313268722 67 528
0 34 0
0 34 0
0 34 0
0 34 0
0 34 0
0 34 0
0 34 0
0 34 0
0 34 0
25.0038116777335 95 900
6.49758679980012 64 435
6.74983879127968 78 511
0 34 0
11.5157554673534 66 496
0.0773165064827894 36 1
0 34 0
0 34 0
0 34 0
13.490028938954 83 632
17.7878313268722 67 528
14.3336872156584 79 484
0 34 0
0 34 0
0 34 0
0 34 0
0 34 0
6.49758679980012 64 435
0 34 0
8.37951004443913 65 465
42.7315340113695 126 1375
0 34 0
0 34 0
0 34 0
4.34640828237888 62 378
0.753166801948592 48 91
0 34 0
0.843729848909961 49 105
0 34 0
0 34 0
35.4384077386307 123 1293
0 34 0
1.86211870191174 56 231
115.148915727886 241 2781
29.8035343384448 98 993
0 34 0
0 34 0
53.2550508773988 163 1643
0 34 0
17.7878313268722 67 528
0 34 0
17.7878313268722 67 528
47.3152834505919 128 1428
35.8229887590262 99 1024
8.15611957808501 80 555
0 34 0
17.7878313268722 67 528
0.201453059272862 39 10
52.924337761799 173 1471
3.67397030077692 61 351
17.7878313268722 67 528
0 34 0
0 34 0
11.5157554673534 66 496
0 34 0
32.7773168800033 118 1171
0 34 0
12.5517319226276 90 760
0 34 0
51.6781365381506 147 1577
0 34 0
0 34 0
0.158220401340466 38 6
29.8035343384448 98 993
3.15083710194178 60 325
0.402351929682095 43 36
17.7878313268722 67 528
38.2204303142886 125 1341
33.1755538587816 116 1146
17.1281854176035 75 506
0 34 0
0 34 0
53.2812944476592 126 502
28.7821817194411 97 961
0 34 0
0 34 0
0 34 0
0 34 0
0.116989636894646 37 3
0.943657930745756 50 120
12.5517319226276 90 760
0 34 0
5.24281553807987 63 406
2.10393350785008 57 253
2.73220921893004 59 300
0 34 0
31.89369287357 120 1194
40.6699139883937 126 1367
0 34 0
57.8445280859636 139 1525
1.86211870191174 56 231
24.5408372501831 114 665
10.9239490277625 78 267
17.7878313268722 67 528
0 34 0
0 34 0
17.7878313268722 67 528
0 34 0
0 34 0
3.15083710194178 60 325
5.24281553807987 63 406
8.37951004443913 65 465
22.90651212621 96 931
0 34 0
25.0416211490284 96 934
0 34 0
0 34 0
76.0775086867592 184 2195
11.5157554673534 66 496
11.5157554673534 66 496
0 34 0
0 34 0
23.8659497413442 95 906
0 34 0
0 34 0
0 34 0
29.8035343384448 98 993
54.1042273375329 130 1489
0 34 0
17.7878313268722 67 528
0 34 0
0 34 0
17.7878313268722 67 528
5.84319947068843 62 183
0 34 0
0 34 0
0 34 0
42.7625873053134 140 1390
3.63339070510069 57 123
11.5157554673534 66 496
4.34640828237888 62 378
0 34 0
40.9212197626912 144 1220
0 34 0
0.753166801948592 48 91
0 34 0
3.67397030077692 61 351
35.8229887590262 99 1024
0.461721618896373 44 45
0 34 0
13.5614069795006 77 441
10.3015717138589 89 559
0 34 0
17.7878313268722 67 528
23.8659497413442 95 906
17.7878313268722 67 528
0 34 0
0 34 0
0 34 0
5.24281553807987 63 406
44.3030236899322 141 1414
66.9028576972965 165 1868
0 34 0
0 34 0
0 34 0
45.5016713341195 128 1430
35.8229887590262 99 1024
0 34 0
0 34 0
0 34 0
0 34 0
37.3288809091246 129 1152
0 34 0
0 34 0
35.8229887590262 99 1024
8.37951004443913 65 465
17.7878313268722 67 528
11.7323327436173 88 718
8.37951004443913 65 465
6.49758679980012 64 435
11.5157554673534 66 496
16.9803279727871 85 625
28.7821817194411 97 961
0 34 0
8.37951004443913 65 465
8.37951004443913 65 465
0 34 0
19.429011847752 97 637
0 34 0
0 34 0
0 34 0
5.24281553807987 63 406
35.8229887590262 99 1024
0 34 0
0 34 0
0 34 0
0 34 0
0 34 0
0 34 0
0 34 0
35.8229887590262 99 1024
29.5579336033735 106 829
12.5905168181113 76 490
0 34 0
2.38957709488853 58 276
40.8194399172867 143 1483
0 34 0
0 34 0
0 34 0
17.7878313268722 67 528
52.004852930992 150 1637
0 34 0
0 34 0
3.31817645778665 45 25
3.48635892438462 69 331
0 34 0
17.7878313268722 67 528
0 34 0
0.772271746170258 43 22
3.15083710194178 60 325
0 34 0
0 34 0
52.004852930992 150 1637
0 34 0
24.2489251988893 117 1133
11.5157554673534 66 496
0 34 0
35.8229887590262 99 1024
17.7878313268722 67 528
121.609335159986 258 2568
0 34 0
24.2820521126568 101 808
0 34 0
0 34 0
11.5157554673534 66 496
21.9274092015508 92 828
59.1484732959183 155 965
11.5157554673534 66 496
0 34 0
1.31738464915206 53 171
0 34 0
0 34 0
43.6647497166716 146 1291
30.6655190413423 130 1141
0 34 0
0 34 0
0 34 0
25.0038116777335 95 900
0 34 0
43.6871162918253 126 1369
0 34 0
34.4170551196271 122 1261
0 34 0
0 34 0
0 34 0
0 34 0
0.461721618896373 44 45
0 34 0
1.1782950876833 52 153
0 34 0
0 34 0
33.6222144060657 114 981
2.70095879262677 43 16
4.34640828237888 62 378
18.2411215136098 94 874
0 34 0
0 34 0
0.201453059272862 39 10
35.8229887590262 99 1024
0 34 0
17.7878313268722 67 528
8.37951004443913 65 465
0 34 0
0 34 0
0 34 0
2.10393350785008 57 253
11.5157554673534 66 496
6.49758679980012 64 435
0 34 0
0 34 0
0 34 0
17.7878313268722 67 528
11.5157554673534 66 496
11.5157554673534 66 496
0 34 0
0 34 0
3.67397030077692 61 351
0 34 0
3.15083710194178 60 325
0 34 0
0 34 0
0 34 0
9.36414678507233 76 421
0 34 0
41.8725612495311 124 1306
0 34 0
0 34 0
38.2204303142886 125 1341
0 34 0
6.49758679980012 64 435
0 34 0
15.3198259332125 90 757
0 34 0
0 34 0
23.0317088221095 94 879
22.409434131223 93 853
36.5560067928202 138 1022
39.5740637067821 122 1257
3.67397030077692 61 351
8.37951004443913 65 465
0 34 0
0 34 0
17.7878313268722 67 528
0 34 0
16.4386370987147 93 843
17.7878313268722 67 528
20.9656120142697 89 759
54.1042273375329 130 1489
6.08062360079204 77 447
37.6321136826163 102 1027
0 34 0
0 34 0
0 34 0
17.7878313268722 67 528
0 34 0
19.6690322960333 98 721
0 34 0
33.4296545885048 110 969
5.24281553807987 63 406
0 34 0
11.5157554673534 66 496
17.7878313268722 67 528
44.3290740953302 140 1458
4.34640828237888 62 378
0 34 0
0 34 0
0 34 0
0 34 0
28.7821817194411 97 961
20.7084794367568 91 784
0 34 0
25.0038116777335 95 900
0 34 0
0 34 0
39.3731158967025 116 1160
12.45413570002 81 499
0 34 0
0 34 0
4.34640828237888 62 378
0 34 0
25.4932045853743 97 631
17.7878313268722 67 528
0 34 0
0 34 0
0.842414687490763 47 56
17.7878313268722 67 528
0 34 0
60.7988071077826 154 1747
0 34 0
52.7466347138886 150 1629
0 34 0
21.5427290624689 91 804
30.7611995749156 122 1253
2.73220921893004 59 300
8.95419153165156 91 580
25.0416211490284 96 934
13.9944471217826 86 686
17.7878313268722 67 528
0 34 0
0 34 0
7.33130671655172 72 463
0 34 0
4.07408107547215 43 10
0 34 0
0 34 0
8.37951004443913 65 465
24.0786815717347 117 887
0.116989636894646 37 3
0 34 0
21.3048218791982 82 583
0 34 0
54.1042273375329 130 1489
17.7878313268722 67 528
0 34 0
0 34 0
17.7878313268722 67 528
0 34 0
27.066545985866 118 853
22.5452716547769 104 652
0 34 0
18.042389287664 87 676
17.7878313268722 67 528
0 34 0
12.1453262074712 93 554
59.2686185546216 154 1505
0 34 0
0 34 0
14.7086700936123 100 752
0.402351929682095 43 36
0 34 0
0 34 0
22.90651212621 96 931
89.505579229766 196 2183
11.5157554673534 66 496
0 34 0
0 34 0
11.5157554673534 66 496
25.9057045617397 107 896
1.4748779978164 54 190
0 34 0
20.7084794367568 91 784
0 34 0
11.5157554673534 66 496
0 34 0
0 34 0
0 34 0
0 34 0
0 34 0
0 34 0
0 34 0
11.6233323303824 87 499
25.0038116777335 95 900
0 34 0
54.1042273375329 130 1489
0 34 0
25.0038116777335 95 900
0 34 0
13.5614069795006 77 441
18.2411215136098 94 874
0 34 0
3.15083710194178 60 325
20.0874412989853 101 745
0 34 0
8.37951004443913 65 465
0 34 0
0 34 0
1.1782950876833 52 153
11.5157554673534 66 496
0 34 0
32.1269836013176 121 1239
8.37951004443913 65 465
14.40030893538 81 551
11.4269120705923 71 324
21.7625458017746 88 460
11.5157554673534 66 496
17.7878313268722 67 528
14.4761099080051 88 727
11.5157554673534 66 496
0 34 0
0 34 0
0 34 0
17.7878313268722 67 528
17.7878313268722 67 528
0 34 0
0 34 0
43.1981722338417 145 1507
21.9248305520799 122 1013
17.7878313268722 67 528
0.116989636894646 37 3
0.843729848909961 49 105
3.98913767081622 59 146
0 34 0
0 34 0
0 34 0
59.2326808670914 161 1390
17.7878313268722 67 528
0 34 0
0 34 0
23.0317088221095 94 879
3.45280475020189 67 268
0 34 0
0 34 0
0 34 0
0 34 0
0 34 0
5.87548547260275 77 483
17.7878313268722 67 528
30.5627133146301 130 1167
0 34 0
7.55423301860164 80 510
17.7878313268722 67 528
0 34 0
12.6331112058741 89 731
16.0263532976575 83 576
5.24281553807987 63 406
4.57701181908772 72 351
0 34 0
0 34 0
0 34 0
0 34 0
0 34 0
0 34 0
22.9817764720032 108 900
6.49758679980012 64 435
17.7878313268722 67 528
19.9847985304644 95 902
8.59348951252869 72 208
17.7878313268722 67 528
0 34 0
24.4281958703129 103 820
17.7878313268722 67 528
8.37951004443913 65 465
29.8035343384448 98 993
17.7878313268722 67 528
34.3853910597477 134 1271
0 34 0
0 34 0
14.3336872156584 79 484
34.1685263572808 124 1309
0 34 0
37.242245609386 136 1260
47.0564693470871 150 1364
0 34 0
0 34 0
0.402351929682095 43 36
1.31738464915206 53 171
0 34 0
5.24281553807987 63 406
0 34 0
6.49758679980012 64 435
0 34 0
70.8524819961741 173 1700
0 34 0
0 34 0
0 34 0
17.7878313268722 67 528
0 34 0
0 34 0
0 34 0
0 34 0
3.15083710194178 60 325
0 34 0
0 34 0
44.732383042243 143 1450
25.0038116777335 95 900
23.8659497413442 95 906
0 34 0
0 34 0
0 34 0
35.8229887590262 99 1024
0 34 0
3.2518009798457 68 308
57.3871943786285 136 1504
17.7878313268722 67 528
0 34 0
17.7878313268722 67 528
17.7878313268722 67 528
0 34 0
41.3176367608279 124 1312
18.2411215136098 94 874
40.3026806037354 121 1255
0 34 0
6.49758679980012 64 435
4.94998848067016 58 133
3.67397030077692 61 351
0 34 0
0 34 0
11.5157554673534 66 496
17.7878313268722 67 528
3.15083710194178 60 325
0 34 0
79.1564258105488 198 2211
17.7878313268722 67 528
0 34 0
6.49758679980012 64 435
17.7878313268722 67 528
18.9586422198217 72 538
0 34 0
6.49758679980012 64 435
0 34 0
0 34 0
0 34 0
44.6885427588312 135 1367
15.1507507569307 81 529
17.7878313268722 67 528
0 34 0
0 34 0
0 34 0
17.7878313268722 67 528
26.8183667200277 97 963
17.7878313268722 67 528
0 34 0
17.9942111258641 111 734
25.0038116777335 95 900
8.37951004443913 65 465
0 34 0
1.86211870191174 56 231
18.9586422198217 72 538
0 34 0
0 34 0
0 34 0
3.49839513710395 69 309
0 34 0
0 34 0
17.7878313268722 67 528
3.92974205075771 47 36
24.4003670676804 125 1018
0 34 0
17.7878313268722 67 528
8.34347776830387 79 486
0 34 0
17.7878313268722 67 528
0 34 0
19.2591965059859 89 729
0 34 0
0 34 0
11.5157554673534 66 496
0 34 0
18.042389287664 87 676
45.5016713341195 128 1430
35.8229887590262 99 1024
0 34 0
0 34 0
48.3366360695955 129 1459
25.0416211490284 96 934
17.7878313268722 67 528
0 34 0
0 34 0
0 34 0
11.3876334323723 81 525
6.59679578728609 57 81
11.6854679246626 100 718
17.7878313268722 67 528
5.28977536496861 77 461
0 34 0
0 34 0
0 34 0
0.158220401340466 38 6
4.72342490612681 63 198
5.24281553807987 63 406
35.8229887590262 99 1024
0 34 0
6.49758679980012 64 435
46.455602703957 142 1409
2.73220921893004 59 300
35.9957335707966 116 1104
33.7082479158642 122 1251
23.0317088221095 94 879
0 34 0
0 34 0
0 34 0
26.4728128789632 105 602
0.67067384011743 47 78
55.5377124963022 154 1753
28.9978423635239 118 721
55.2602168082104 153 1722
0 34 0
0 34 0
30.3124285590234 119 1176
0 34 0
0 34 0
17.7878313268722 67 528
0 34 0
58.6020107156175 184 1840
17.7878313268722 67 528
0.943657930745756 50 120
0 34 0
28.7821817194411 97 961
17.7878313268722 67 528
0 34 0
13.3583588112247 82 616
0 34 0
0 34 0
8.37951004443913 65 465
17.7878313268722 67 528
23.205441231155 109 622
0 34 0
0 34 0
0 34 0
25.0038116777335 95 900
0 34 0
0 34 0
0 34 0
6.49758679980012 64 435
47.3152834505919 128 1428
1.1782950876833 52 153
0 34 0
0 34 0
9.19361164471922 86 659
21.5427290624689 91 804
17.7878313268722 67 528
0 34 0
2.10393350785008 57 253
0 34 0
2.73220921893004 59 300
40.9428147995603 123 1300
19.3951542777753 77 573
12.1715244304037 102 767
0 34 0
0 34 0
25.0038116777335 95 900
0 34 0
0 34 0
0 34 0
11.5157554673534 66 496
17.7878313268722 67 528
7.26822989106882 75 402
1.86211870191174 56 231
0 34 0
6.35879045230222 55 100
35.8229887590262 99 1024
0 34 0
0 34 0
3.15083710194178 60 325
32.617815784219 126 893
1.49746735225147 42 13
16.9266856190818 108 922
8.37951004443913 65 465
8.37951004443913 65 465
0 34 0
0 34 0
0 34 0
0 34 0
26.8183667200277 97 963
0 34 0
8.37951004443913 65 465
74.0348034487519 182 2134
17.7878313268722 67 528
6.49758679980012 64 435
0 34 0
9.81325463310724 95 648
21.420687999576 88 670
17.7878313268722 67 528
2.10393350785008 57 253
0 34 0
0 34 0
0 34 0
0 34 0
7.99394550741602 85 460
