"COLLES.MDM.LN" "SACKIN" "COPHENETIC"
11.5157554673534 66 496
0 34 0
8.37951004443913 65 465
0 34 0
8.37951004443913 65 465
0 34 0
0 34 0
6.49758679980012 64 435
6.49758679980012 64 435
0 34 0
0 34 0
17.7878313268722 67 528
0 34 0
0 34 0
1.1782950876833 52 153
0 34 0
0 34 0
0 34 0
17.7878313268722 67 528
0 34 0
0 34 0
8.37951004443913 65 465
0 34 0
4.34640828237888 62 378
0 34 0
0 34 0
0 34 0
0 34 0
11.5157554673534 66 496
0 34 0
0 34 0
0 34 0
0 34 0
3.74856368806209 65 231
0 34 0
0 34 0
0 34 0
31.8330108592865 99 685
17.7878313268722 67 528
8.37951004443913 65 465
0 34 0
22.5301142027219 93 841
16.0023968734306 77 521
3.64860839171615 52 73
0 34 0
0 34 0
0 34 0
1.4748779978164 54 190
0 34 0
26.5399162428997 114 1041
5.24281553807987 63 406
0 34 0
0 34 0
0 34 0
0 34 0
7.58275133220303 59 144
0 34 0
0 34 0
0 34 0
0 34 0
0 34 0
2.10393350785008 57 253
0 34 0
3.67397030077692 61 351
7.2972075878807 67 184
0 34 0
0 34 0
0 34 0
0 34 0
0 34 0
1.1782950876833 52 153
0 34 0
0 34 0
41.611887156213 143 1206
4.34640828237888 62 378
0 34 0
0 34 0
0 34 0
0 34 0
0 34 0
3.77623811986658 69 301
0 34 0
0 34 0
22.6824980838853 126 1075
0 34 0
0 34 0
0 34 0
28.4213496267554 113 1003
0 34 0
2.76858293631713 65 267
0 34 0
0 34 0
0 34 0
17.7878313268722 67 528
4.34640828237888 62 378
0 34 0
5.24281553807987 63 406
0 34 0
0 34 0
0 34 0
0 34 0
8.37951004443913 65 465
0 34 0
18.2411215136098 94 874
0 34 0
0 34 0
0 34 0
17.7878313268722 67 528
0 34 0
0 34 0
33.1942424061644 132 1236
11.5157554673534 66 496
5.24281553807987 63 406
0 34 0
0 34 0
1.31738464915206 53 171
0 34 0
6.49758679980012 64 435
11.5157554673534 66 496
0 34 0
11.5157554673534 66 496
0 34 0
4.34640828237888 62 378
0 34 0
0 34 0
0 34 0
0 34 0
15.2430622414721 106 849
0 34 0
18.042389287664 87 676
17.7878313268722 67 528
0 34 0
3.15083710194178 60 325
0 34 0
0 34 0
8.37951004443913 65 465
0 34 0
17.7878313268722 67 528
0 34 0
6.49758679980012 64 435
0 34 0
0 34 0
0 34 0
0 34 0
0 34 0
0.943657930745756 50 120
0 34 0
0 34 0
35.8229887590262 99 1024
0 34 0
0 34 0
0 34 0
4.57313500231311 74 396
0 34 0
0 34 0
0 34 0
0 34 0
0 34 0
1.65473186685311 55 210
0 34 0
0 34 0
0 34 0
0 34 0
0.158220401340466 38 6
6.74983879127968 78 511
17.7878313268722 67 528
0 34 0
1.4748779978164 54 190
3.15083710194178 60 325
0 34 0
0 34 0
0 34 0
1.31738464915206 53 171
11.2266668343055 61 109
0 34 0
0 34 0
2.73220921893004 59 300
0 34 0
3.15083710194178 60 325
0 34 0
0 34 0
0 34 0
0 34 0
0 34 0
8.37951004443913 65 465
9.78114279984881 81 438
0 34 0
6.49758679980012 64 435
0 34 0
0 34 0
0 34 0
11.5157554673534 66 496
0 34 0
0 34 0
0 34 0
0 34 0
11.5157554673534 66 496
0 34 0
0 34 0
0 34 0
0 34 0
0 34 0
0 34 0
0 34 0
20.550062830315 87 718
0 34 0
0 34 0
0 34 0
1.31738464915206 53 171
1.65473186685311 55 210
0 34 0
11.5157554673534 66 496
0 34 0
0 34 0
0 34 0
0 34 0
12.371992481786 71 506
0 34 0
0 34 0
0 34 0
0 34 0
0 34 0
0 34 0
0 34 0
11.5157554673534 66 496
0 34 0
17.7878313268722 67 528
0 34 0
6.49758679980012 64 435
2.73220921893004 59 300
0 34 0
0 34 0
0 34 0
0 34 0
17.7878313268722 67 528
0 34 0
0 34 0
0 34 0
0 34 0
0 34 0
0 34 0
0 34 0
0 34 0
25.3910813165506 112 994
0 34 0
0 34 0
0 34 0
0 34 0
0 34 0
1.1782950876833 52 153
0 34 0
0 34 0
0 34 0
35.8229887590262 99 1024
0 34 0
5.24281553807987 63 406
15.5230816465608 98 807
49.6771167210248 136 1432
0 34 0
0 34 0
0 34 0
43.6871162918253 126 1369
0 34 0
11.5157554673534 66 496
0 34 0
0 34 0
0 34 0
0 34 0
0 34 0
0 34 0
0 34 0
0 34 0
16.9803279727871 85 625
0 34 0
26.3454196679457 116 820
0 34 0
0 34 0
0 34 0
3.67397030077692 61 351
0 34 0
0 34 0
3.67397030077692 61 351
0 34 0
17.662355206247 93 561
35.8229887590262 99 1024
0 34 0
0 34 0
17.7878313268722 67 528
0 34 0
0 34 0
0 34 0
0 34 0
22.409434131223 93 853
0 34 0
22.5301142027219 93 841
0 34 0
0.347109291318552 42 28
0 34 0
0 34 0
0 34 0
19.2857714784367 94 871
0 34 0
3.15083710194178 60 325
0 34 0
0 34 0
0 34 0
0 34 0
0 34 0
0 34 0
0 34 0
0 34 0
0 34 0
0 34 0
0 34 0
0 34 0
14.2072595711078 91 786
0.843729848909961 49 105
11.5157554673534 66 496
0.158220401340466 38 6
0 34 0
0 34 0
0 34 0
0 34 0
0 34 0
0 34 0
3.31817645778665 45 25
9.19361164471922 86 659
0 34 0
0 34 0
0 34 0
0 34 0
0 34 0
0 34 0
0 34 0
0 34 0
0.595177842733821 46 66
0 34 0
0 34 0
0 34 0
0 34 0
0 34 0
0 34 0
0 34 0
17.7878313268722 67 528
35.8229887590262 99 1024
0 34 0
0 34 0
0 34 0
11.5157554673534 66 496
23.0317088221095 94 879
0 34 0
0 34 0
1.31738464915206 53 171
32.3388449154071 143 1218
6.49758679980012 64 435
20.7084794367568 91 784
17.7878313268722 67 528
6.49758679980012 64 435
8.89552644887198 55 64
0 34 0
0 34 0
14.0340776113434 90 657
17.7878313268722 67 528
0 34 0
0 34 0
0 34 0
0 34 0
0 34 0
1.86211870191174 56 231
0 34 0
0 34 0
0 34 0
0 34 0
0 34 0
0 34 0
29.8035343384448 98 993
0 34 0
6.28926390101866 70 261
0.201453059272862 39 10
7.43746735805131 57 87
0 34 0
0 34 0
11.5157554673534 66 496
11.2131807506845 86 637
0 34 0
0 34 0
9.45972173605388 65 225
0 34 0
0.595177842733821 46 66
17.7878313268722 67 528
0 34 0
0 34 0
8.37951004443913 65 465
0.943657930745756 50 120
0 34 0
0 34 0
0 34 0
0 34 0
0 34 0
0 34 0
0 34 0
6.77032484600129 66 241
0 34 0
17.7878313268722 67 528
0.997028123155722 46 39
0 34 0
4.92340563891284 69 219
0 34 0
0 34 0
0 34 0
1.31738464915206 53 171
17.7878313268722 67 528
0 34 0
17.7878313268722 67 528
5.58381910020016 72 346
0 34 0
11.5157554673534 66 496
0 34 0
0 34 0
2.73220921893004 59 300
0 34 0
0 34 0
6.49758679980012 64 435
17.7878313268722 67 528
0 34 0
11.5157554673534 66 496
0 34 0
11.5157554673534 66 496
0 34 0
0 34 0
8.37951004443913 65 465
0 34 0
0.295500315579566 41 21
0 34 0
11.5157554673534 66 496
0 34 0
0 34 0
0 34 0
40.5906851329964 122 1277
0 34 0
0 34 0
0 34 0
0 34 0
0 34 0
0 34 0
17.7878313268722 67 528
0 34 0
0 34 0
8.37951004443913 65 465
1.86211870191174 56 231
0 34 0
0 34 0
0 34 0
0 34 0
0 34 0
17.7878313268722 67 528
0 34 0
0.67067384011743 47 78
25.0416211490284 96 934
17.7878313268722 67 528
0 34 0
0 34 0
0 34 0
0 34 0
0 34 0
0 34 0
14.8623613206625 90 704
0.347109291318552 42 28
0 34 0
0 34 0
4.34640828237888 62 378
0 34 0
0 34 0
14.7371910273434 92 816
17.7878313268722 67 528
0 34 0
0 34 0
0 34 0
11.5157554673534 66 496
0 34 0
14.7881343982902 89 749
2.73220921893004 59 300
22.5301142027219 93 841
0 34 0
0 34 0
0 34 0
0 34 0
0 34 0
8.83824191208395 85 631
0 34 0
0 34 0
23.8249526751018 116 1112
0 34 0
0 34 0
0 34 0
0 34 0
0 34 0
3.67397030077692 61 351
0 34 0
11.5157554673534 66 496
0 34 0
0 34 0
0 34 0
0 34 0
0 34 0
17.7878313268722 67 528
0 34 0
0 34 0
0.201453059272862 39 10
0 34 0
0 34 0
0 34 0
0 34 0
0 34 0
0 34 0
0 34 0
0 34 0
0 34 0
0 34 0
17.7878313268722 67 528
8.37951004443913 65 465
0 34 0
5.01631301946341 69 399
2.38957709488853 58 276
0 34 0
0 34 0
10.1025806419792 67 256
29.9327598603904 111 991
0 34 0
0 34 0
17.7878313268722 67 528
0 34 0
0 34 0
0 34 0
0 34 0
5.24281553807987 63 406
2.73220921893004 59 300
0 34 0
8.37951004443913 65 465
11.5157554673534 66 496
0 34 0
0 34 0
0 34 0
0 34 0
0 34 0
0 34 0
0 34 0
0 34 0
8.37951004443913 65 465
0 34 0
0 34 0
17.7878313268722 67 528
0 34 0
0 34 0
0 34 0
0 34 0
0 34 0
6.49758679980012 64 435
29.8035343384448 98 993
0.843729848909961 49 105
0 34 0
0 34 0
17.7878313268722 67 528
0 34 0
0 34 0
17.7878313268722 67 528
0 34 0
17.7878313268722 67 528
0 34 0
1.1782950876833 52 153
1.1782950876833 52 153
0 34 0
0 34 0
0 34 0
0 34 0
11.5157554673534 66 496
0 34 0
0 34 0
0 34 0
0 34 0
0 34 0
0 34 0
0 34 0
17.7878313268722 67 528
0 34 0
0.347109291318552 42 28
0 34 0
0 34 0
0 34 0
8.26198448828833 72 343
0 34 0
0 34 0
0 34 0
11.5157554673534 66 496
3.15083710194178 60 325
11.5157554673534 66 496
0 34 0
0 34 0
0 34 0
0 34 0
0 34 0
0 34 0
0 34 0
2.10393350785008 57 253
0 34 0
0 34 0
0 34 0
0 34 0
0 34 0
8.37951004443913 65 465
17.7878313268722 67 528
0 34 0
0 34 0
0 34 0
17.7878313268722 67 528
0 34 0
12.1999932328154 89 741
2.10393350785008 57 253
0 34 0
0 34 0
1.4748779978164 54 190
0 34 0
0 34 0
0 34 0
0.525780390970574 45 55
0 34 0
0 34 0
72.6344452134609 180 2072
6.49758679980012 64 435
0 34 0
36.5236347309511 143 1201
17.7878313268722 67 528
4.34640828237888 62 378
0 34 0
0 34 0
0 34 0
0 34 0
0 34 0
0 34 0
0 34 0
27.0287184082265 118 1147
0 34 0
17.7878313268722 67 528
0 34 0
1.86211870191174 56 231
17.7878313268722 67 528
0 34 0
0 34 0
0 34 0
0.595177842733821 46 66
0 34 0
1.05453034538913 51 136
0 34 0
0 34 0
0 34 0
0 34 0
0 34 0
0 34 0
1.65473186685311 55 210
22.0913449316847 113 1007
0 34 0
0 34 0
0 34 0
35.8229887590262 99 1024
19.2591965059859 89 729
0 34 0
11.5157554673534 66 496
0 34 0
0 34 0
0 34 0
0 34 0
17.7878313268722 67 528
0 34 0
3.15083710194178 60 325
0 34 0
17.7878313268722 67 528
0 34 0
0 34 0
0 34 0
1.65473186685311 55 210
0 34 0
0 34 0
0 34 0
11.5157554673534 66 496
0 34 0
0 34 0
0 34 0
22.5301142027219 93 841
0 34 0
0 34 0
0.67067384011743 47 78
0 34 0
0 34 0
0 34 0
0 34 0
0 34 0
0 34 0
26.8183667200277 97 963
8.26198448828833 72 343
0 34 0
8.37951004443913 65 465
2.73220921893004 59 300
8.9469077275847 87 390
12.6062257195911 74 524
2.10393350785008 57 253
0 34 0
0 34 0
0 34 0
17.7878313268722 67 528
9.25848193526492 85 645
0 34 0
8.37951004443913 65 465
11.5157554673534 66 496
0 34 0
0 34 0
0 34 0
0 34 0
0 34 0
1.1782950876833 52 153
0 34 0
0 34 0
17.7878313268722 67 528
0 34 0
11.5157554673534 66 496
0 34 0
8.37951004443913 65 465
0 34 0
0 34 0
54.1042273375329 130 1489
0 34 0
0 34 0
0 34 0
0 34 0
0 34 0
0 34 0
0 34 0
0 34 0
0 34 0
0 34 0
0 34 0
0 34 0
0 34 0
2.10393350785008 57 253
4.07245412065795 67 262
0 34 0
0 34 0
0.295500315579566 41 21
0 34 0
11.5157554673534 66 496
0 34 0
0 34 0
18.6290882053065 69 529
17.7878313268722 67 528
0 34 0
5.90952099140008 69 291
5.7510788812939 53 81
0 34 0
11.5157554673534 66 496
1.1782950876833 52 153
54.1042273375329 130 1489
0 34 0
0 34 0
11.5157554673534 66 496
17.7878313268722 67 528
3.15083710194178 60 325
0.116989636894646 37 3
0 34 0
0 34 0
0 34 0
0 34 0
0 34 0
17.7878313268722 67 528
0 34 0
0 34 0
0 34 0
0 34 0
0 34 0
0 34 0
0 34 0
7.57931633927263 75 490
0 34 0
0 34 0
11.5157554673534 66 496
41.3850269355298 124 1324
0 34 0
0 34 0
3.92974205075771 47 36
0 34 0
0 34 0
0 34 0
0 34 0
0 34 0
0 34 0
0 34 0
0 34 0
2.10393350785008 57 253
8.37951004443913 65 465
17.7878313268722 67 528
0 34 0
0 34 0
0 34 0
0 34 0
0 34 0
2.10393350785008 57 253
0 34 0
0 34 0
0 34 0
0 34 0
0 34 0
1.86211870191174 56 231
0 34 0
0 34 0
0 34 0
0 34 0
0 34 0
0 34 0
11.5157554673534 66 496
17.7878313268722 67 528
0 34 0
2.84244557752509 56 114
0 34 0
0.347109291318552 42 28
0 34 0
17.7878313268722 67 528
0 34 0
0 34 0
7.11267097675492 69 445
0 34 0
0 34 0
0 34 0
0 34 0
0 34 0
0 34 0
8.37951004443913 65 465
13.5614069795006 77 441
17.7878313268722 67 528
3.15083710194178 60 325
9.96457492169552 78 463
0 34 0
11.5157554673534 66 496
3.86161222686952 71 344
1.1782950876833 52 153
27.4832250285193 119 1184
0 34 0
0 34 0
6.78888618923761 73 363
17.7878313268722 67 528
8.01548184361117 79 540
0 34 0
6.49758679980012 64 435
0 34 0
0.116989636894646 37 3
6.49758679980012 64 435
17.7878313268722 67 528
0 34 0
0.525780390970574 45 55
0 34 0
0 34 0
23.8659497413442 95 906
0 34 0
0 34 0
0 34 0
0 34 0
0 34 0
0 34 0
1.05453034538913 51 136
0 34 0
0 34 0
5.24281553807987 63 406
0 34 0
0 34 0
0 34 0
17.7878313268722 67 528
17.7878313268722 67 528
0 34 0
0 34 0
0 34 0
0 34 0
0 34 0
0 34 0
17.7878313268722 67 528
0.347109291318552 42 28
0 34 0
0 34 0
17.7878313268722 67 528
0 34 0
0 34 0
19.5813326934896 113 1013
0 34 0
17.7878313268722 67 528
0 34 0
0 34 0
0 34 0
0 34 0
28.7821817194411 97 961
0 34 0
8.37951004443913 65 465
8.37951004443913 65 465
0 34 0
6.49758679980012 64 435
0 34 0
12.9369736197442 78 562
11.5157554673534 66 496
0 34 0
17.7878313268722 67 528
0 34 0
0 34 0
0 34 0
78.2914675001147 197 2182
0 34 0
8.41931830644392 78 377
0 34 0
0 34 0
0.843729848909961 49 105
0 34 0
0 34 0
0 34 0
0 34 0
0 34 0
1.86211870191174 56 231
3.67397030077692 61 351
0 34 0
0 34 0
6.77032484600129 66 241
0 34 0
0 34 0
0 34 0
0 34 0
0 34 0
0 34 0
0 34 0
0 34 0
0 34 0
0 34 0
8.37951004443913 65 465
0 34 0
0 34 0
3.55963141368179 68 336
0 34 0
0 34 0
0 34 0
0 34 0
0 34 0
0 34 0
0 34 0
17.7878313268722 67 528
0 34 0
23.0317088221095 94 879
0 34 0
0 34 0
0 34 0
0 34 0
0 34 0
0 34 0
0 34 0
1.31738464915206 53 171
0.0773165064827894 36 1
0 34 0
0 34 0
0 34 0
0 34 0
2.10393350785008 57 253
0 34 0
0 34 0
0 34 0
0 34 0
0 34 0
0 34 0
3.67397030077692 61 351
0 34 0
0 34 0
0 34 0
5.24281553807987 63 406
12.7652855137575 76 541
17.7878313268722 67 528
0 34 0
0 34 0
5.24281553807987 63 406
0 34 0
0 34 0
0 34 0
0 34 0
18.042389287664 87 676
0 34 0
1.1782950876833 52 153
0.67067384011743 47 78
1.65473186685311 55 210
3.63339070510069 57 123
17.7878313268722 67 528
0 34 0
0 34 0
5.24281553807987 63 406
0.943657930745756 50 120
20.5600695183138 85 409
0 34 0
8.37951004443913 65 465
0 34 0
0 34 0
0 34 0
17.7878313268722 67 528
17.7878313268722 67 528
0 34 0
29.2916894862333 111 573
0 34 0
0 34 0
0 34 0
0 34 0
8.15611957808501 80 555
16.9803279727871 85 625
0 34 0
0 34 0
0 34 0
0 34 0
0 34 0
0 34 0
0 34 0
0 34 0
0 34 0
0 34 0
0 34 0
0 34 0
0 34 0
17.7878313268722 67 528
0 34 0
0 34 0
11.5157554673534 66 496
0 34 0
1.57655328478536 45 27
0 34 0
0 34 0
0 34 0
0 34 0
0 34 0
1.1782950876833 52 153
0 34 0
0 34 0
0 34 0
0 34 0
25.5378292061165 113 1015
0 34 0
0 34 0
3.67397030077692 61 351
0 34 0
0.247083523465021 40 15
0 34 0
32.6743518486712 108 928
33.7082479158642 122 1251
11.5157554673534 66 496
0.247083523465021 40 15
0 34 0
11.5157554673534 66 496
2.38957709488853 58 276
8.37951004443913 65 465
0 34 0
17.7878313268722 67 528
8.37951004443913 65 465
0 34 0
0 34 0
0 34 0
0 34 0
11.5157554673534 66 496
0 34 0
0 34 0
2.73220921893004 59 300
0 34 0
5.24281553807987 63 406
11.5157554673534 66 496
0 34 0
0 34 0
0 34 0
0 34 0
1.1782950876833 52 153
18.2411215136098 94 874
1.05453034538913 51 136
0 34 0
17.7878313268722 67 528
11.5157554673534 66 496
1.31738464915206 53 171
0 34 0
0 34 0
0 34 0
0 34 0
0 34 0
0 34 0
2.10393350785008 57 253
25.0416211490284 96 934
1.65473186685311 55 210
0 34 0
0 34 0
11.5157554673534 66 496
0 34 0
0 34 0
0 34 0
0 34 0
11.5157554673534 66 496
12.9905841343412 86 651
0 34 0
0 34 0
0 34 0
2.73220921893004 59 300
11.0522662558042 86 675
0 34 0
0 34 0
17.7878313268722 67 528
0 34 0
0 34 0
17.7878313268722 67 528
0 34 0
0 34 0
17.7878313268722 67 528
0 34 0
11.5157554673534 66 496
0 34 0
0 34 0
0 34 0
0 34 0
25.0416211490284 96 934
0 34 0
0 34 0
0 34 0
2.73220921893004 59 300
0 34 0
0 34 0
0 34 0
18.2411215136098 94 874
0 34 0
0 34 0
0 34 0
21.2281659291293 90 781
0 34 0
0 34 0
0 34 0
0 34 0
17.7878313268722 67 528
25.0038116777335 95 900
0 34 0
11.5157554673534 66 496
0 34 0
1.1782950876833 52 153
17.7878313268722 67 528
0 34 0
0 34 0
0 34 0
0 34 0
0 34 0
0 34 0
0 34 0
0 34 0
0 34 0
0 34 0
0 34 0
8.37951004443913 65 465
0 34 0
0 34 0
0 34 0
0 34 0
0 34 0
12.371992481786 71 506
12.5517319226276 90 760
8.37951004443913 65 465
0 34 0
0 34 0
6.49758679980012 64 435
0 34 0
0 34 0
0 34 0
17.7878313268722 67 528
0 34 0
0 34 0
17.7878313268722 67 528
0 34 0
11.5157554673534 66 496
0.843729848909961 49 105
0 34 0
0 34 0
0 34 0
0 34 0
0 34 0
0 34 0
8.37951004443913 65 465
22.2640164272119 115 1084
28.7821817194411 97 961
0 34 0
17.7878313268722 67 528
0 34 0
1.4748779978164 54 190
0.0773165064827894 36 1
0 34 0
0 34 0
0 34 0
0 34 0
0 34 0
17.7878313268722 67 528
0 34 0
8.70996181939826 83 606
3.67397030077692 61 351
1.65473186685311 55 210
0 34 0
0 34 0
0 34 0
0 34 0
0 34 0
0 34 0
3.45280475020189 67 268
0 34 0
0 34 0
0 34 0
0 34 0
0 34 0
1.4748779978164 54 190
0 34 0
0 34 0
0 34 0
17.7878313268722 67 528
30.062172522888 121 1222
0 34 0
0 34 0
0 34 0
6.49758679980012 64 435
0 34 0
0 34 0
0 34 0
0 34 0
8.37951004443913 65 465
0 34 0
0 34 0
3.67397030077692 61 351
0 34 0
17.7878313268722 67 528
0 34 0
0 34 0
0 34 0
0 34 0
0.943657930745756 50 120
17.7878313268722 67 528
0 34 0
0 34 0
0 34 0
0 34 0
0 34 0
0 34 0
0 34 0
0 34 0
0 34 0
0 34 0
17.0843552632695 93 847
55.2932681987029 153 1727
0 34 0
0 34 0
0 34 0
0 34 0
14.2072595711078 91 786
11.5157554673534 66 496
0 34 0
1.05453034538913 51 136
0 34 0
0.247083523465021 40 15
0 34 0
0 34 0
12.5287453603203 73 517
26.6928820596735 126 1133
0 34 0
16.0263532976575 83 576
0 34 0
19.2857714784367 94 871
0 34 0
4.07891749692662 54 91
0 34 0
0.943657930745756 50 120
0.461721618896373 44 45
4.34640828237888 62 378
0 34 0
8.37951004443913 65 465
18.9713063300498 107 902
0 34 0
0 34 0
0.295500315579566 41 21
19.8645123653792 82 633
0 34 0
50.4756348448141 148 1620
0 34 0
0.67067384011743 47 78
3.15083710194178 60 325
11.5157554673534 66 496
0 34 0
29.8035343384448 98 993
0 34 0
0 34 0
6.49758679980012 64 435
0 34 0
0 34 0
0 34 0
0 34 0
0 34 0
0 34 0
0 34 0
0 34 0
0 34 0
11.5157554673534 66 496
0 34 0
0 34 0
0 34 0
0 34 0
17.7878313268722 67 528
0 34 0
0 34 0
0 34 0
0 34 0
0 34 0
0 34 0
17.7878313268722 67 528
0 34 0
46.6530736403897 148 1574
0 34 0
11.3148210788833 82 553
11.5157554673534 66 496
0 34 0
0 34 0
5.24281553807987 63 406
0 34 0
30.5154614383519 126 943
0.753166801948592 48 91
0 34 0
0 34 0
0 34 0
2.38957709488853 58 276
0 34 0
0 34 0
0 34 0
0 34 0
17.7878313268722 67 528
0 34 0
0 34 0
0 34 0
17.7878313268722 67 528
12.802181283425 90 765
0 34 0
0 34 0
0 34 0
0 34 0
17.7878313268722 67 528
0 34 0
8.37951004443913 65 465
0 34 0
2.10393350785008 57 253
0 34 0
0 34 0
0 34 0
0 34 0
0 34 0
4.15293414896105 72 358
0 34 0
0 34 0
0 34 0
8.37951004443913 65 465
0 34 0
35.8229887590262 99 1024
0 34 0
0 34 0
0.525780390970574 45 55
0 34 0
0 34 0
0 34 0
0 34 0
0 34 0
0 34 0
0 34 0
35.8229887590262 99 1024
5.24281553807987 63 406
2.38957709488853 58 276
0 34 0
0 34 0
0 34 0
0 34 0
9.54713575520427 76 520
0 34 0
54.1042273375329 130 1489
0 34 0
17.7878313268722 67 528
2.73220921893004 59 300
11.5157554673534 66 496
0 34 0
13.1306665937277 80 587
0 34 0
0 34 0
0 34 0
0 34 0
0 34 0
0 34 0
0 34 0
19.0510480135862 73 543
0 34 0
5.44644894039502 77 471
0 34 0
12.9905841343412 86 651
0.201453059272862 39 10
0 34 0
0 34 0
0 34 0
0 34 0
0 34 0
0 34 0
4.94998848067016 58 133
47.3152834505919 128 1428
0 34 0
0 34 0
0 34 0
4.34640828237888 62 378
0 34 0
0 34 0
8.37951004443913 65 465
0 34 0
17.7878313268722 67 528
0 34 0
0 34 0
0 34 0
0 34 0
3.15083710194178 60 325
0 34 0
0 34 0
0 34 0
0 34 0
17.7878313268722 67 528
0 34 0
0 34 0
0 34 0
0 34 0
38.2204303142886 125 1341
0 34 0
0 34 0
0 34 0
0 34 0
0 34 0
17.7878313268722 67 528
0.843729848909961 49 105
0 34 0
17.7878313268722 67 528
8.37951004443913 65 465
0 34 0
0 34 0
11.5157554673534 66 496
0 34 0
0 34 0
0 34 0
0 34 0
0 34 0
0 34 0
3.67397030077692 61 351
0.753166801948592 48 91
0 34 0
0 34 0
0 34 0
0 34 0
0 34 0
0 34 0
3.67397030077692 61 351
0 34 0
3.67397030077692 61 351
13.030406040739 79 574
0 34 0
0 34 0
5.24281553807987 63 406
34.2252654315369 112 1012
0 34 0
4.34640828237888 62 378
0 34 0
3.67397030077692 61 351
17.7878313268722 67 528
3.15083710194178 60 325
0 34 0
0 34 0
0 34 0
0 34 0
0 34 0
0 34 0
17.7878313268722 67 528
17.7878313268722 67 528
0 34 0
0 34 0
0 34 0
8.37951004443913 65 465
0 34 0
0 34 0
0 34 0
0 34 0
0 34 0
0 34 0
0 34 0
0 34 0
22.5301142027219 93 841
0 34 0
0 34 0
0 34 0
2.73220921893004 59 300
0 34 0
0 34 0
0 34 0
0 34 0
0 34 0
0 34 0
0 34 0
0 34 0
0 34 0
0 34 0
0 34 0
0 34 0
0 34 0
0 34 0
0 34 0
0 34 0
0 34 0
3.67397030077692 61 351
8.69611019543568 76 469
29.8035343384448 98 993
0 34 0
0 34 0
0 34 0
20.381585974745 86 699
0 34 0
11.5157554673534 66 496
0 34 0
17.7878313268722 67 528
0 34 0
0 34 0
1.4748779978164 54 190
17.7878313268722 67 528
0 34 0
11.5157554673534 66 496
0 34 0
0 34 0
0 34 0
0 34 0
0 34 0
0 34 0
13.4768108747668 90 525
0 34 0
16.9803279727871 85 625
6.49758679980012 64 435
0 34 0
0 34 0
0 34 0
3.77623811986658 69 301
0 34 0
0 34 0
3.15083710194178 60 325
0 34 0
17.7878313268722 67 528
0 34 0
34.4340390890606 121 1246
27.0500786718068 118 1162
0 34 0
11.5157554673534 66 496
0 34 0
8.37951004443913 65 465
0 34 0
0 34 0
0 34 0
0 34 0
0 34 0
0 34 0
0 34 0
0 34 0
0 34 0
1.05453034538913 51 136
11.1897160374869 71 240
17.7878313268722 67 528
0 34 0
0 34 0
0 34 0
0 34 0
11.5157554673534 66 496
17.7878313268722 67 528
0 34 0
0 34 0
0 34 0
0 34 0
5.24281553807987 63 406
0 34 0
0.158220401340466 38 6
0 34 0
6.24902931806686 79 514
0 34 0
0 34 0
11.5157554673534 66 496
0 34 0
0 34 0
0 34 0
1.4748779978164 54 190
0 34 0
11.5157554673534 66 496
0 34 0
0 34 0
0 34 0
0 34 0
0 34 0
0 34 0
0.943657930745756 50 120
17.7878313268722 67 528
0 34 0
0 34 0
19.6631459989103 80 606
0 34 0
0 34 0
0 34 0
0 34 0
0 34 0
0 34 0
0.67067384011743 47 78
0 34 0
0 34 0
0 34 0
0 34 0
0 34 0
11.5157554673534 66 496
2.73220921893004 59 300
0 34 0
0.753166801948592 48 91
0 34 0
2.38957709488853 58 276
0 34 0
35.8229887590262 99 1024
0 34 0
11.5157554673534 66 496
1.86211870191174 56 231
0 34 0
5.24281553807987 63 406
12.0983400617471 84 601
0 34 0
0 34 0
3.67397030077692 61 351
0 34 0
0 34 0
0.347109291318552 42 28
0.402351929682095 43 36
17.7878313268722 67 528
0 34 0
0 34 0
20.2321971180562 85 681
0 34 0
3.8766055998775 68 353
17.7878313268722 67 528
0 34 0
0 34 0
0 34 0
0 34 0
0 34 0
0 34 0
0 34 0
28.7821817194411 97 961
17.7878313268722 67 528
0 34 0
0 34 0
0 34 0
0 34 0
11.5157554673534 66 496
0 34 0
32.9030032406488 128 1268
14.4761099080051 88 727
0 34 0
3.15083710194178 60 325
0 34 0
0 34 0
0 34 0
0 34 0
0 34 0
0 34 0
0 34 0
0 34 0
0 34 0
0 34 0
17.7878313268722 67 528
0 34 0
0 34 0
0 34 0
0 34 0
0 34 0
17.7878313268722 67 528
0 34 0
0.402351929682095 43 36
0 34 0
0 34 0
28.7821817194411 97 961
0 34 0
0 34 0
0.595177842733821 46 66
0 34 0
0 34 0
17.7878313268722 67 528
0 34 0
0 34 0
0 34 0
0 34 0
0 34 0
0 34 0
0 34 0
0 34 0
0 34 0
0 34 0
0 34 0
17.7878313268722 67 528
0 34 0
0 34 0
0 34 0
0 34 0
11.0522662558042 86 675
17.7878313268722 67 528
1.05354973565135 40 7
5.49979215159414 67 258
0 34 0
8.37951004443913 65 465
0 34 0
0 34 0
0 34 0
0 34 0
0 34 0
1.86211870191174 56 231
0 34 0
8.37951004443913 65 465
0 34 0
0 34 0
0 34 0
3.67397030077692 61 351
12.6331112058741 89 731
0 34 0
10.4701095716095 85 627
0 34 0
0 34 0
0 34 0
0 34 0
0 34 0
0 34 0
0 34 0
0 34 0
3.2475313532997 64 219
0 34 0
5.24281553807987 63 406
0 34 0
5.24281553807987 63 406
0 34 0
0 34 0
0 34 0
0 34 0
0 34 0
0.943657930745756 50 120
0 34 0
3.15083710194178 60 325
4.34640828237888 62 378
0 34 0
2.38957709488853 58 276
0 34 0
2.73220921893004 59 300
0.461721618896373 44 45
0 34 0
0 34 0
0 34 0
0 34 0
0 34 0
0 34 0
0 34 0
0 34 0
11.5157554673534 66 496
0 34 0
0 34 0
0 34 0
0 34 0
17.7878313268722 67 528
15.1507507569307 81 529
0 34 0
0 34 0
17.7878313268722 67 528
0.753166801948592 48 91
6.49758679980012 64 435
0 34 0
0 34 0
1.1782950876833 52 153
0 34 0
0 34 0
6.49758679980012 64 435
0 34 0
11.5157554673534 66 496
0 34 0
0 34 0
0 34 0
17.7878313268722 67 528
0 34 0
0 34 0
0 34 0
0.347109291318552 42 28
0 34 0
26.8183667200277 97 963
0.347109291318552 42 28
0 34 0
0 34 0
17.7878313268722 67 528
0 34 0
0 34 0
0 34 0
0 34 0
1.86211870191174 56 231
17.7878313268722 67 528
0 34 0
17.7878313268722 67 528
1.05453034538913 51 136
0 34 0
0 34 0
1.05453034538913 51 136
0 34 0
0.461721618896373 44 45
0 34 0
0 34 0
0 34 0
0 34 0
0 34 0
0 34 0
0 34 0
0 34 0
0 34 0
0 34 0
39.9474401665441 130 1109
0 34 0
0 34 0
0 34 0
0 34 0
0 34 0
16.4386370987147 93 843
11.5157554673534 66 496
0 34 0
0 34 0
0 34 0
0 34 0
0 34 0
18.9586422198217 72 538
8.37951004443913 65 465
0 34 0
0 34 0
0 34 0
0 34 0
17.7878313268722 67 528
0 34 0
0 34 0
0 34 0
0 34 0
17.7878313268722 67 528
0 34 0
0.595177842733821 46 66
0 34 0
17.7878313268722 67 528
0 34 0
0 34 0
17.7878313268722 67 528
17.7878313268722 67 528
0.461721618896373 44 45
0 34 0
0 34 0
14.7371910273434 92 816
0 34 0
0 34 0
0 34 0
0 34 0
11.5157554673534 66 496
0 34 0
0 34 0
1.86211870191174 56 231
0 34 0
2.10393350785008 57 253
5.24281553807987 63 406
0 34 0
0 34 0
0 34 0
22.5301142027219 93 841
0 34 0
0 34 0
0 34 0
0 34 0
11.5157554673534 66 496
17.7878313268722 67 528
0 34 0
0 34 0
0 34 0
0.116989636894646 37 3
0 34 0
0 34 0
0 34 0
0 34 0
0 34 0
0 34 0
17.7878313268722 67 528
0 34 0
0 34 0
3.15083710194178 60 325
0 34 0
0 34 0
6.49758679980012 64 435
0 34 0
0 34 0
1.65473186685311 55 210
0 34 0
0 34 0
0 34 0
0 34 0
10.7574196338513 69 289
0 34 0
0 34 0
0 34 0
0 34 0
0 34 0
1.28171263597856 47 42
0 34 0
6.49758679980012 64 435
0 34 0
0 34 0
28.1707911294721 105 871
22.409434131223 93 853
1.1782950876833 52 153
0 34 0
0 34 0
0 34 0
11.5157554673534 66 496
5.24281553807987 63 406
0 34 0
0 34 0
0 34 0
0 34 0
20.7425542427976 88 738
0 34 0
0 34 0
16.9803279727871 85 625
17.7878313268722 67 528
0 34 0
0 34 0
2.73220921893004 59 300
0 34 0
0 34 0
0 34 0
17.7878313268722 67 528
0 34 0
0.402351929682095 43 36
0 34 0
0 34 0
15.0106364907498 95 596
0 34 0
0 34 0
17.7878313268722 67 528
0 34 0
0 34 0
8.37951004443913 65 465
21.9274092015508 92 828
5.24281553807987 63 406
0 34 0
17.7878313268722 67 528
11.5157554673534 66 496
0 34 0
0 34 0
8.37951004443913 65 465
0 34 0
0 34 0
35.8229887590262 99 1024
0 34 0
0 34 0
0 34 0
0 34 0
0 34 0
0 34 0
0 34 0
0 34 0
0 34 0
0 34 0
0.943657930745756 50 120
17.7878313268722 67 528
0.295500315579566 41 21
0 34 0
0 34 0
0.943657930745756 50 120
0 34 0
0 34 0
0 34 0
0 34 0
0 34 0
0 34 0
0 34 0
0 34 0
0 34 0
0 34 0
0 34 0
20.6302016930269 95 628
0 34 0
0 34 0
0 34 0
11.5157554673534 66 496
17.7878313268722 67 528
0 34 0
8.37951004443913 65 465
1.86211870191174 56 231
0 34 0
0 34 0
0 34 0
2.73220921893004 59 300
0 34 0
0 34 0
5.25172360399777 76 456
0 34 0
0 34 0
0 34 0
0 34 0
0 34 0
17.7878313268722 67 528
0 34 0
0 34 0
0 34 0
17.7878313268722 67 528
0 34 0
8.96312333785387 81 531
11.5157554673534 66 496
0 34 0
0 34 0
0 34 0
0.992583317427768 47 48
13.9944471217826 86 686
8.37951004443913 65 465
3.15083710194178 60 325
0 34 0
0 34 0
17.7878313268722 67 528
0 34 0
0 34 0
0 34 0
0 34 0
0 34 0
0 34 0
0 34 0
0 34 0
0 34 0
26.8163541706886 112 1018
0 34 0
0 34 0
2.73220921893004 59 300
0 34 0
0 34 0
0 34 0
21.2281659291293 90 781
0 34 0
0 34 0
0 34 0
0 34 0
0 34 0
1.86211870191174 56 231
0 34 0
19.7606615461292 81 619
0 34 0
6.49758679980012 64 435
0 34 0
0 34 0
0 34 0
17.7878313268722 67 528
0 34 0
12.4511142022516 72 511
0 34 0
9.25848193526492 85 645
0 34 0
0.347109291318552 42 28
0 34 0
0 34 0
0 34 0
0 34 0
0 34 0
0 34 0
6.49758679980012 64 435
5.24281553807987 63 406
0 34 0
14.0326329285929 105 855
0 34 0
0 34 0
0 34 0
17.7878313268722 67 528
0 34 0
0 34 0
0 34 0
0 34 0
0 34 0
0 34 0
21.640387263432 116 1096
0 34 0
0 34 0
3.15083710194178 60 325
13.3583588112247 82 616
0 34 0
0 34 0
0 34 0
0 34 0
0 34 0
0 34 0
0 34 0
0.402351929682095 43 36
0 34 0
0 34 0
4.07891749692662 54 91
0 34 0
0 34 0
0 34 0
0.201453059272862 39 10
0 34 0
1.1782950876833 52 153
8.37951004443913 65 465
0 34 0
11.5157554673534 66 496
20.7084794367568 91 784
0 34 0
8.37951004443913 65 465
0 34 0
0 34 0
0 34 0
0 34 0
0 34 0
1.31738464915206 53 171
0 34 0
11.5157554673534 66 496
0 34 0
1.65473186685311 55 210
0 34 0
0 34 0
0.402351929682095 43 36
0 34 0
0 34 0
0 34 0
0 34 0
0 34 0
0 34 0
0 34 0
0.843729848909961 49 105
28.7821817194411 97 961
47.3152834505919 128 1428
0.67067384011743 47 78
0 34 0
8.37951004443913 65 465
0 34 0
0 34 0
0 34 0
11.5157554673534 66 496
5.24281553807987 63 406
0 34 0
17.7878313268722 67 528
0 34 0
0 34 0
0 34 0
35.8229887590262 99 1024
0 34 0
0 34 0
17.7878313268722 67 528
17.7878313268722 67 528
1.05453034538913 51 136
1.4748779978164 54 190
0 34 0
18.2411215136098 94 874
0 34 0
0 34 0
0 34 0
0 34 0
17.7878313268722 67 528
0 34 0
3.15083710194178 60 325
0 34 0
0 34 0
0 34 0
17.7878313268722 67 528
0 34 0
0 34 0
11.5157554673534 66 496
0 34 0
0 34 0
0 34 0
3.67397030077692 61 351
0 34 0
0 34 0
0 34 0
0 34 0
1.05453034538913 51 136
0 34 0
0 34 0
25.0038116777335 95 900
0 34 0
66.5498353494228 193 2102
11.5157554673534 66 496
1.4748779978164 54 190
0 34 0
0.0773165064827894 36 1
0 34 0
17.7878313268722 67 528
0 34 0
0 34 0
0 34 0
0 34 0
0 34 0
0 34 0
0 34 0
0 34 0
0 34 0
17.7878313268722 67 528
0 34 0
0 34 0
0 34 0
6.49758679980012 64 435
0 34 0
0 34 0
11.5157554673534 66 496
0 34 0
0 34 0
0 34 0
6.49758679980012 64 435
0 34 0
2.79251445131425 48 43
0.67067384011743 47 78
5.24281553807987 63 406
0 34 0
0 34 0
0 34 0
0 34 0
0 34 0
0 34 0
17.7878313268722 67 528
0 34 0
9.46232955715228 75 510
4.34640828237888 62 378
0 34 0
0 34 0
0.158220401340466 38 6
0 34 0
0 34 0
0 34 0
22.409434131223 93 853
0 34 0
0 34 0
17.7878313268722 67 528
0 34 0
17.7878313268722 67 528
0 34 0
0 34 0
0 34 0
11.5157554673534 66 496
0 34 0
0 34 0
17.7878313268722 67 528
35.8229887590262 99 1024
0 34 0
0 34 0
17.7878313268722 67 528
1.31738464915206 53 171
0 34 0
11.5157554673534 66 496
0 34 0
11.5157554673534 66 496
0 34 0
0 34 0
0 34 0
0 34 0
0 34 0
0 34 0
0 34 0
17.7878313268722 67 528
0 34 0
0 34 0
0.402351929682095 43 36
20.098107759181 84 664
0 34 0
8.37951004443913 65 465
8.37951004443913 65 465
0.158220401340466 38 6
11.5157554673534 66 496
0 34 0
0 34 0
0 34 0
0 34 0
0 34 0
0 34 0
0 34 0
21.5427290624689 91 804
0 34 0
0.347109291318552 42 28
0 34 0
0 34 0
0 34 0
17.7878313268722 67 528
0.595177842733821 46 66
0 34 0
0 34 0
0 34 0
4.34640828237888 62 378
54.1042273375329 130 1489
0 34 0
17.7878313268722 67 528
0 34 0
11.5157554673534 66 496
0.247083523465021 40 15
0 34 0
17.7878313268722 67 528
0 34 0
0 34 0
11.5157554673534 66 496
1.1782950876833 52 153
0 34 0
0 34 0
0 34 0
0 34 0
0 34 0
8.37951004443913 65 465
0 34 0
21.9274092015508 92 828
0.525780390970574 45 55
0 34 0
0 34 0
0 34 0
28.5876831242098 120 1199
35.8229887590262 99 1024
0 34 0
0.67067384011743 47 78
0 34 0
0 34 0
0 34 0
0 34 0
0 34 0
0 34 0
0 34 0
1.65473186685311 55 210
0 34 0
0 34 0
12.9905841343412 86 651
0.67067384011743 47 78
0 34 0
0 34 0
0 34 0
0 34 0
0 34 0
21.2281659291293 90 781
0 34 0
0 34 0
0 34 0
0 34 0
0 34 0
0 34 0
1.65473186685311 55 210
0 34 0
4.34640828237888 62 378
0 34 0
0 34 0
0 34 0
11.4343694231615 87 678
0 34 0
1.86211870191174 56 231
0 34 0
0 34 0
0 34 0
1.31738464915206 53 171
0 34 0
0 34 0
0 34 0
0.461721618896373 44 45
5.24281553807987 63 406
0 34 0
0 34 0
0 34 0
0 34 0
0 34 0
0 34 0
0 34 0
0 34 0
0 34 0
1.21306758297272 50 72
0 34 0
17.7878313268722 67 528
0 34 0
0 34 0
0 34 0
0 34 0
0 34 0
0 34 0
17.7878313268722 67 528
32.6509372484119 112 976
25.0416211490284 96 934
0 34 0
0 34 0
0.158220401340466 38 6
0 34 0
11.4343694231615 87 678
0 34 0
0 34 0
8.37951004443913 65 465
0 34 0
0 34 0
0 34 0
0 34 0
0 34 0
0 34 0
11.5157554673534 66 496
17.7878313268722 67 528
0 34 0
0 34 0
0 34 0
0 34 0
0 34 0
0 34 0
5.24281553807987 63 406
0 34 0
0 34 0
0 34 0
0 34 0
0 34 0
17.7878313268722 67 528
0 34 0
18.042389287664 87 676
17.7878313268722 67 528
23.8659497413442 95 906
6.32397223424099 67 178
0 34 0
17.7878313268722 67 528
0 34 0
41.3850269355298 124 1324
8.37951004443913 65 465
0 34 0
0 34 0
0 34 0
0 34 0
0 34 0
0 34 0
0 34 0
0 34 0
0 34 0
0 34 0
0 34 0
11.5157554673534 66 496
0 34 0
0 34 0
0 34 0
0 34 0
0 34 0
0 34 0
0 34 0
0 34 0
0 34 0
0 34 0
0 34 0
0 34 0
0 34 0
22.1711748799425 109 904
0 34 0
0 34 0
17.7878313268722 67 528
0.295500315579566 41 21
6.49758679980012 64 435
0 34 0
0 34 0
0 34 0
0 34 0
0 34 0
0 34 0
0 34 0
0 34 0
7.23949560522763 82 561
0 34 0
0 34 0
0 34 0
0 34 0
17.7878313268722 67 528
17.7878313268722 67 528
2.10393350785008 57 253
0 34 0
1.85609226553454 56 126
0 34 0
0 34 0
0 34 0
0 34 0
11.5157554673534 66 496
18.2411215136098 94 874
0 34 0
0 34 0
0 34 0
17.7878313268722 67 528
0 34 0
0 34 0
1.86211870191174 56 231
48.3366360695955 129 1459
0 34 0
0 34 0
0 34 0
0 34 0
0 34 0
0 34 0
6.1027160594575 72 442
6.49758679980012 64 435
0 34 0
0 34 0
11.5157554673534 66 496
19.3951542777753 77 573
0 34 0
0 34 0
17.7878313268722 67 528
6.49758679980012 64 435
6.49758679980012 64 435
8.37951004443913 65 465
0 34 0
0 34 0
0 34 0
0 34 0
0 34 0
0 34 0
8.37951004443913 65 465
16.1015633575213 97 763
11.5157554673534 66 496
0 34 0
0 34 0
0 34 0
0 34 0
9.54713575520427 76 520
7.08284738970086 80 542
0 34 0
0 34 0
17.7878313268722 67 528
0 34 0
0 34 0
0 34 0
17.7878313268722 67 528
6.49758679980012 64 435
17.7878313268722 67 528
0 34 0
0 34 0
0 34 0
0 34 0
0 34 0
0 34 0
0.295500315579566 41 21
0 34 0
0 34 0
25.0416211490284 96 934
0 34 0
0 34 0
17.7878313268722 67 528
0 34 0
0.158220401340466 38 6
0 34 0
0 34 0
1.86211870191174 56 231
31.8876315568043 115 1009
0 34 0
0 34 0
0 34 0
0 34 0
0 34 0
0 34 0
29.8035343384448 98 993
0 34 0
0 34 0
6.49758679980012 64 435
0 34 0
23.8659497413442 95 906
34.3570543816357 135 1348
0 34 0
0 34 0
0 34 0
11.5157554673534 66 496
0 34 0
17.7878313268722 67 528
5.24281553807987 63 406
0 34 0
17.7878313268722 67 528
0 34 0
29.8035343384448 98 993
0 34 0
0 34 0
0 34 0
0 34 0
0 34 0
0 34 0
0 34 0
0 34 0
2.73220921893004 59 300
0.347109291318552 42 28
0 34 0
0 34 0
0 34 0
0 34 0
6.49758679980012 64 435
25.0416211490284 96 934
0 34 0
0.402351929682095 43 36
0 34 0
0 34 0
0 34 0
0 34 0
17.7878313268722 67 528
0 34 0
0 34 0
0 34 0
0 34 0
0 34 0
2.38957709488853 58 276
0.247083523465021 40 15
0 34 0
0 34 0
0 34 0
0 34 0
0 34 0
0 34 0
11.5157554673534 66 496
0 34 0
6.49758679980012 64 435
0 34 0
21.9274092015508 92 828
0 34 0
17.7878313268722 67 528
0 34 0
11.5157554673534 66 496
0 34 0
11.5157554673534 66 496
0 34 0
0 34 0
0 34 0
0.347109291318552 42 28
0 34 0
0 34 0
0 34 0
0 34 0
0 34 0
11.5157554673534 66 496
0 34 0
14.2072595711078 91 786
28.7821817194411 97 961
0 34 0
0.525780390970574 45 55
17.7878313268722 67 528
1.65473186685311 55 210
0 34 0
1.05453034538913 51 136
0 34 0
0 34 0
11.5157554673534 66 496
0.777522726915851 45 37
0 34 0
0 34 0
17.7878313268722 67 528
25.0038116777335 95 900
0 34 0
0 34 0
0 34 0
0 34 0
35.8229887590262 99 1024
0 34 0
1.4748779978164 54 190
0 34 0
17.7878313268722 67 528
0 34 0
5.24281553807987 63 406
0 34 0
0 34 0
0.295500315579566 41 21
0.295500315579566 41 21
0 34 0
0 34 0
1.86211870191174 56 231
0 34 0
17.7878313268722 67 528
0 34 0
11.5157554673534 66 496
21.9274092015508 92 828
17.7878313268722 67 528
0 34 0
0 34 0
0 34 0
0 34 0
6.49758679980012 64 435
0 34 0
0 34 0
0 34 0
3.46096067259952 67 328
0 34 0
0 34 0
11.1358604811652 94 682
18.042389287664 87 676
0 34 0
0 34 0
0 34 0
11.5157554673534 66 496
0 34 0
4.34640828237888 62 378
0 34 0
0 34 0
0 34 0
17.7878313268722 67 528
0 34 0
0 34 0
0 34 0
0 34 0
0 34 0
0 34 0
1.02798512125716 45 31
0 34 0
0 34 0
0 34 0
42.6026518292855 110 1049
26.8183667200277 97 963
0 34 0
16.2615905251598 92 821
0 34 0
0 34 0
0.0773165064827894 36 1
0 34 0
0 34 0
0 34 0
0 34 0
0 34 0
0 34 0
0 34 0
0 34 0
0 34 0
0 34 0
0 34 0
0 34 0
0 34 0
6.49758679980012 64 435
3.67397030077692 61 351
17.7878313268722 67 528
3.67397030077692 61 351
0 34 0
0 34 0
0 34 0
18.9931866395783 98 681
0 34 0
0 34 0
11.5157554673534 66 496
0 34 0
0 34 0
0 34 0
0.158220401340466 38 6
4.34640828237888 62 378
0 34 0
0 34 0
0 34 0
1.1782950876833 52 153
0 34 0
0 34 0
0 34 0
0 34 0
1.65473186685311 55 210
0 34 0
0 34 0
17.7878313268722 67 528
17.7878313268722 67 528
0 34 0
17.7878313268722 67 528
0 34 0
0 34 0
0 34 0
0 34 0
0 34 0
0 34 0
11.5157554673534 66 496
6.49758679980012 64 435
0 34 0
0 34 0
0 34 0
0 34 0
0 34 0
0 34 0
2.73220921893004 59 300
0 34 0
0 34 0
0.158220401340466 38 6
0 34 0
0 34 0
17.7878313268722 67 528
0 34 0
0 34 0
4.34640828237888 62 378
0 34 0
0 34 0
0 34 0
0 34 0
0 34 0
0 34 0
0 34 0
12.9369736197442 78 562
8.37951004443913 65 465
0 34 0
0.116989636894646 37 3
0 34 0
17.7878313268722 67 528
19.2591965059859 89 729
11.5157554673534 66 496
0 34 0
0.843729848909961 49 105
0 34 0
0 34 0
0 34 0
0 34 0
0 34 0
0 34 0
0 34 0
0 34 0
0 34 0
0 34 0
0 34 0
0 34 0
23.2076555328375 114 1073
0 34 0
0 34 0
29.8035343384448 98 993
17.7878313268722 67 528
1.86211870191174 56 231
0 34 0
0 34 0
0 34 0
0 34 0
0 34 0
0 34 0
0 34 0
0 34 0
0 34 0
0 34 0
0 34 0
0 34 0
0 34 0
0 34 0
23.744250602063 97 859
0 34 0
0 34 0
13.6069946774031 91 790
0 34 0
23.0317088221095 94 879
0 34 0
0 34 0
6.09935282489399 52 52
0 34 0
0 34 0
0 34 0
0 34 0
2.73220921893004 59 300
0 34 0
0 34 0
9.22998560983116 72 486
0 34 0
2.10393350785008 57 253
0 34 0
0 34 0
0 34 0
2.38957709488853 58 276
0 34 0
23.7540265038249 98 759
0 34 0
11.5157554673534 66 496
5.24281553807987 63 406
0 34 0
4.34640828237888 62 378
2.10393350785008 57 253
0 34 0
0 34 0
36.0835497050183 123 1280
0 34 0
0 34 0
1.86211870191174 56 231
0 34 0
0 34 0
0 34 0
17.7878313268722 67 528
0 34 0
0 34 0
25.0038116777335 95 900
4.34640828237888 62 378
54.1042273375329 130 1489
1.05453034538913 51 136
17.7878313268722 67 528
0 34 0
0 34 0
0 34 0
0 34 0
0 34 0
0 34 0
5.10531100370094 65 227
28.7821817194411 97 961
17.7878313268722 67 528
0 34 0
0 34 0
3.67397030077692 61 351
0 34 0
20.2321971180562 85 681
0 34 0
18.7516177753419 70 531
11.5157554673534 66 496
0 34 0
22.409434131223 93 853
0 34 0
5.47247441074069 74 444
0 34 0
0 34 0
17.7878313268722 67 528
0 34 0
0 34 0
0 34 0
0 34 0
0.753166801948592 48 91
0 34 0
28.7821817194411 97 961
0 34 0
0 34 0
5.24281553807987 63 406
6.49758679980012 64 435
0 34 0
4.34640828237888 62 378
0 34 0
0 34 0
0 34 0
0 34 0
0 34 0
11.5157554673534 66 496
0 34 0
0 34 0
0 34 0
54.1042273375329 130 1489
0 34 0
0 34 0
0 34 0
0 34 0
0.753166801948592 48 91
0 34 0
0 34 0
0 34 0
3.67397030077692 61 351
0 34 0
11.5157554673534 66 496
0 34 0
5.24281553807987 63 406
8.20274583641925 82 556
17.7878313268722 67 528
0 34 0
0 34 0
0 34 0
0 34 0
0 34 0
17.7878313268722 67 528
0 34 0
17.7878313268722 67 528
1.1782950876833 52 153
26.8183667200277 97 963
17.7878313268722 67 528
0 34 0
2.10393350785008 57 253
0 34 0
0 34 0
17.7878313268722 67 528
26.8183667200277 97 963
0 34 0
6.49758679980012 64 435
0 34 0
0 34 0
0 34 0
0 34 0
0 34 0
0 34 0
0 34 0
0 34 0
0 34 0
0 34 0
0 34 0
17.7878313268722 67 528
0 34 0
16.6329574067207 99 678
0 34 0
0.843729848909961 49 105
0 34 0
11.5157554673534 66 496
0 34 0
0 34 0
17.7878313268722 67 528
2.05028108212696 53 87
0 34 0
0 34 0
0 34 0
0 34 0
0 34 0
0.843729848909961 49 105
0 34 0
0 34 0
0 34 0
0 34 0
34.1685263572808 124 1309
0 34 0
0 34 0
0 34 0
0.461721618896373 44 45
0 34 0
0 34 0
0 34 0
0 34 0
11.5157554673534 66 496
0 34 0
0 34 0
0.247083523465021 40 15
0 34 0
0 34 0
0 34 0
0 34 0
3.67397030077692 61 351
17.7878313268722 67 528
8.64568862628198 82 388
0 34 0
0 34 0
0.116989636894646 37 3
21.2682759828736 83 593
0 34 0
0 34 0
0 34 0
0 34 0
0 34 0
0 34 0
0 34 0
8.09844215513331 84 609
14.7371910273434 92 816
0 34 0
0 34 0
11.5157554673534 66 496
5.24281553807987 63 406
17.7878313268722 67 528
0 34 0
0 34 0
0 34 0
0 34 0
17.7878313268722 67 528
0 34 0
0 34 0
0 34 0
0 34 0
4.98294571400806 74 389
0 34 0
6.77032484600129 66 241
1.4748779978164 54 190
0 34 0
17.8475472804545 108 793
33.412686470057 120 1214
0 34 0
0 34 0
0 34 0
6.49758679980012 64 435
0 34 0
0 34 0
11.5157554673534 66 496
0 34 0
0 34 0
0 34 0
0 34 0
0 34 0
0 34 0
0 34 0
0 34 0
0 34 0
0 34 0
0 34 0
0 34 0
6.49758679980012 64 435
0 34 0
0 34 0
0 34 0
0 34 0
0 34 0
11.5157554673534 66 496
5.05333032965213 76 436
0 34 0
0 34 0
0 34 0
0 34 0
1.31738464915206 53 171
0 34 0
0 34 0
0 34 0
0 34 0
17.7878313268722 67 528
0 34 0
0 34 0
0 34 0
0 34 0
0 34 0
0 34 0
17.7878313268722 67 528
11.5157554673534 66 496
13.8038015319583 85 667
3.15245137588966 65 237
0 34 0
0 34 0
17.7878313268722 67 528
0 34 0
0 34 0
0 34 0
22.90651212621 96 931
0 34 0
49.6130730085445 146 1531
0 34 0
0 34 0
0 34 0
0 34 0
0 34 0
1.87453489985366 55 112
0 34 0
17.7878313268722 67 528
0 34 0
0 34 0
0 34 0
4.34640828237888 62 378
0 34 0
0 34 0
15.1694269655887 90 772
0 34 0
0 34 0
0 34 0
0 34 0
0 34 0
0 34 0
11.5157554673534 66 496
0 34 0
0.347109291318552 42 28
17.7878313268722 67 528
0 34 0
3.15083710194178 60 325
12.802181283425 90 765
0.753166801948592 48 91
0 34 0
0 34 0
0 34 0
0 34 0
0 34 0
0 34 0
0 34 0
11.5157554673534 66 496
0 34 0
0 34 0
1.4748779978164 54 190
0 34 0
8.37951004443913 65 465
0 34 0
11.5157554673534 66 496
0 34 0
0 34 0
1.05453034538913 51 136
1.05453034538913 51 136
5.24281553807987 63 406
0 34 0
0 34 0
0 34 0
0 34 0
0.595177842733821 46 66
0 34 0
0 34 0
0 34 0
0 34 0
11.5157554673534 66 496
0 34 0
11.4269120705923 71 324
0 34 0
0 34 0
0.525780390970574 45 55
20.5276115395232 98 877
0 34 0
7.23122639114937 81 535
2.10393350785008 57 253
0 34 0
6.49758679980012 64 435
0 34 0
0 34 0
0 34 0
0 34 0
0 34 0
0 34 0
4.34640828237888 62 378
0 34 0
11.5157554673534 66 496
0 34 0
0 34 0
0 34 0
12.4600081022185 100 777
0 34 0
5.24281553807987 63 406
8.37951004443913 65 465
0 34 0
17.6804499801391 97 634
0 34 0
0 34 0
0 34 0
0 34 0
4.34640828237888 62 378
17.7878313268722 67 528
1.31738464915206 53 171
0 34 0
0 34 0
1.31738464915206 53 171
0 34 0
2.73220921893004 59 300
0 34 0
0 34 0
0 34 0
0 34 0
0.295500315579566 41 21
0 34 0
0 34 0
0 34 0
0 34 0
0 34 0
1.31738464915206 53 171
5.24281553807987 63 406
0 34 0
11.5157554673534 66 496
0 34 0
0 34 0
0 34 0
0 34 0
4.34640828237888 62 378
0 34 0
0 34 0
0 34 0
0 34 0
0 34 0
0 34 0
0 34 0
0 34 0
0.843729848909961 49 105
24.6262459904749 96 726
0 34 0
0 34 0
0 34 0
0 34 0
17.7878313268722 67 528
0 34 0
1.65473186685311 55 210
0 34 0
0 34 0
0.595177842733821 46 66
0 34 0
0 34 0
17.7878313268722 67 528
0 34 0
5.24281553807987 63 406
0 34 0
17.7878313268722 67 528
0 34 0
0 34 0
0 34 0
0 34 0
35.8229887590262 99 1024
0 34 0
0 34 0
0 34 0
0 34 0
0 34 0
0 34 0
0 34 0
0 34 0
0.0773165064827894 36 1
0 34 0
0 34 0
0 34 0
0 34 0
0 34 0
0 34 0
11.5157554673534 66 496
0 34 0
0 34 0
0 34 0
0 34 0
17.7878313268722 67 528
26.7712330555826 106 891
0 34 0
0 34 0
0 34 0
0 34 0
0 34 0
2.10393350785008 57 253
34.8719184535983 122 1269
0 34 0
28.7821817194411 97 961
0 34 0
0 34 0
6.49758679980012 64 435
0 34 0
0 34 0
0 34 0
0.843729848909961 49 105
0 34 0
17.7878313268722 67 528
0 34 0
8.37951004443913 65 465
26.8191792115803 115 1060
17.7878313268722 67 528
0 34 0
0 34 0
0 34 0
0 34 0
17.7878313268722 67 528
0 34 0
0 34 0
0 34 0
0 34 0
4.34640828237888 62 378
0 34 0
5.24281553807987 63 406
12.0983400617471 84 601
0 34 0
0 34 0
0 34 0
0 34 0
0 34 0
0 34 0
1.86211870191174 56 231
0 34 0
0 34 0
3.06185523794508 62 303
0 34 0
11.5157554673534 66 496
49.9965111407431 149 1628
0 34 0
6.49758679980012 64 435
1.86211870191174 56 231
0 34 0
0 34 0
0 34 0
17.7878313268722 67 528
6.49758679980012 64 435
0 34 0
0 34 0
0 34 0
0 34 0
0 34 0
22.5301142027219 93 841
12.9369736197442 78 562
2.73220921893004 59 300
28.7821817194411 97 961
0 34 0
0 34 0
0 34 0
0 34 0
0 34 0
17.7878313268722 67 528
0 34 0
0 34 0
0 34 0
1.1782950876833 52 153
0 34 0
17.7878313268722 67 528
0 34 0
0 34 0
0 34 0
0 34 0
0 34 0
17.7878313268722 67 528
0 34 0
17.7878313268722 67 528
0 34 0
0 34 0
0 34 0
11.5157554673534 66 496
0 34 0
0 34 0
11.5157554673534 66 496
0 34 0
0 34 0
0.295500315579566 41 21
0 34 0
0 34 0
11.5157554673534 66 496
0 34 0
3.15083710194178 60 325
17.7878313268722 67 528
2.3584722122549 52 66
18.7516177753419 70 531
0 34 0
0 34 0
0 34 0
0 34 0
0 34 0
17.7878313268722 67 528
0 34 0
0 34 0
0 34 0
0 34 0
0 34 0
0 34 0
0 34 0
0 34 0
0 34 0
0 34 0
17.7878313268722 67 528
0 34 0
0 34 0
0 34 0
0 34 0
0 34 0
0 34 0
22.5301142027219 93 841
0 34 0
0 34 0
0 34 0
5.17489629751276 73 367
0 34 0
0 34 0
0.67067384011743 47 78
0 34 0
0 34 0
0.116989636894646 37 3
8.37951004443913 65 465
8.37951004443913 65 465
29.8035343384448 98 993
11.5157554673534 66 496
35.8229887590262 99 1024
0 34 0
0 34 0
0 34 0
0 34 0
0 34 0
0 34 0
17.7878313268722 67 528
0 34 0
1.65473186685311 55 210
0 34 0
0 34 0
0 34 0
0 34 0
0 34 0
0 34 0
0 34 0
0 34 0
0 34 0
0 34 0
0 34 0
0 34 0
0 34 0
17.7878313268722 67 528
5.24281553807987 63 406
0 34 0
6.89923231464735 79 448
0 34 0
0.347109291318552 42 28
5.24281553807987 63 406
3.67397030077692 61 351
0 34 0
0 34 0
0 34 0
86.5944579235847 205 2370
0 34 0
0 34 0
0 34 0
0 34 0
6.49758679980012 64 435
0 34 0
0.347109291318552 42 28
14.7371910273434 92 816
21.5427290624689 91 804
0 34 0
0 34 0
0 34 0
0 34 0
0 34 0
0 34 0
0 34 0
48.8811721996384 139 1405
0 34 0
0 34 0
0 34 0
0 34 0
0.595177842733821 46 66
0 34 0
0 34 0
0 34 0
19.3100671873868 76 564
0 34 0
0.67067384011743 47 78
29.8035343384448 98 993
18.6286096608642 96 620
11.5157554673534 66 496
6.49758679980012 64 435
0 34 0
0 34 0
0 34 0
0.886403750332563 41 11
0 34 0
0 34 0
0.67067384011743 47 78
0 34 0
0 34 0
0 34 0
0 34 0
11.5157554673534 66 496
0 34 0
0 34 0
11.5157554673534 66 496
17.7878313268722 67 528
0 34 0
0 34 0
17.7878313268722 67 528
0 34 0
0 34 0
0 34 0
0 34 0
0 34 0
0 34 0
58.6763399681792 155 1774
8.95957713985757 84 625
0 34 0
46.2939308315882 127 1396
0 34 0
0 34 0
17.0843552632695 93 847
6.41534723713309 61 100
0 34 0
42.2418460832754 140 1370
0 34 0
0 34 0
0 34 0
25.22397979763 107 639
0 34 0
0 34 0
0.525780390970574 45 55
17.7878313268722 67 528
0 34 0
0 34 0
11.5157554673534 66 496
0 34 0
0 34 0
0 34 0
0 34 0
1.05453034538913 51 136
8.37951004443913 65 465
0 34 0
43.8291437071345 127 1402
0 34 0
0 34 0
0.67067384011743 47 78
0 34 0
11.5157554673534 66 496
18.042389287664 87 676
18.859877634996 71 534
1.05453034538913 51 136
20.9325488530001 113 949
0 34 0
0 34 0
0 34 0
0 34 0
0 34 0
0 34 0
0 34 0
0 34 0
0 34 0
0 34 0
0 34 0
10.0797308537355 87 688
0 34 0
0 34 0
8.37951004443913 65 465
0 34 0
36.2274735265045 141 1364
2.25559610750755 49 51
0 34 0
11.5157554673534 66 496
0 34 0
0 34 0
17.7878313268722 67 528
0 34 0
0 34 0
0 34 0
0 34 0
4.34640828237888 62 378
0 34 0
0 34 0
0 34 0
29.8035343384448 98 993
0 34 0
17.7878313268722 67 528
0.67067384011743 47 78
0 34 0
23.8659497413442 95 906
8.37951004443913 65 465
0 34 0
0 34 0
0 34 0
0 34 0
6.49758679980012 64 435
14.3336872156584 79 484
2.86279429303946 63 286
0 34 0
0 34 0
0 34 0
0 34 0
0 34 0
0 34 0
5.24281553807987 63 406
0 34 0
0 34 0
0 34 0
0 34 0
0 34 0
0 34 0
0 34 0
0 34 0
0 34 0
0 34 0
0 34 0
0 34 0
0 34 0
0 34 0
0 34 0
0 34 0
0 34 0
0 34 0
0 34 0
0 34 0
0 34 0
0 34 0
0 34 0
17.7878313268722 67 528
0 34 0
0 34 0
0 34 0
0 34 0
0 34 0
0 34 0
5.87548547260275 77 483
0 34 0
0 34 0
0 34 0
0 34 0
0 34 0
17.7878313268722 67 528
17.7878313268722 67 528
0 34 0
0 34 0
16.9753245970069 92 813
0 34 0
17.7878313268722 67 528
8.37951004443913 65 465
0 34 0
35.8229887590262 99 1024
3.14439269881805 61 175
11.5157554673534 66 496
0 34 0
0 34 0
6.04838166985684 78 498
0 34 0
0 34 0
0 34 0
0 34 0
0.158220401340466 38 6
0 34 0
0 34 0
0 34 0
0 34 0
0 34 0
0 34 0
0 34 0
8.37951004443913 65 465
8.37951004443913 65 465
1.31738464915206 53 171
4.4054876473859 69 379
0 34 0
0 34 0
0 34 0
0 34 0
15.3198259332125 90 757
0 34 0
0 34 0
0 34 0
0 34 0
0 34 0
0 34 0
0 34 0
0 34 0
0 34 0
0 34 0
0.595177842733821 46 66
0 34 0
5.24281553807987 63 406
0 34 0
22.409434131223 93 853
0 34 0
0 34 0
0 34 0
11.5157554673534 66 496
11.5157554673534 66 496
0 34 0
8.37951004443913 65 465
0 34 0
0 34 0
6.49758679980012 64 435
0 34 0
0 34 0
4.34640828237888 62 378
0.525780390970574 45 55
0 34 0
11.4269120705923 71 324
0 34 0
0 34 0
0 34 0
5.94985876943977 79 504
1.86211870191174 56 231
0 34 0
0 34 0
0 34 0
0 34 0
0 34 0
0 34 0
0 34 0
0 34 0
2.38957709488853 58 276
1.31738464915206 53 171
0 34 0
5.24281553807987 63 406
0 34 0
0 34 0
0 34 0
0 34 0
0 34 0
0 34 0
17.7878313268722 67 528
0 34 0
38.9194573663162 126 1371
5.25172360399777 76 456
8.37951004443913 65 465
19.5573926770729 112 996
2.73220921893004 59 300
0 34 0
5.24281553807987 63 406
17.7878313268722 67 528
17.7878313268722 67 528
0 34 0
0 34 0
0 34 0
0 34 0
0 34 0
0 34 0
1.1782950876833 52 153
0 34 0
0 34 0
26.6234937065992 114 1051
0 34 0
0 34 0
0 34 0
0 34 0
1.31738464915206 53 171
0 34 0
1.65473186685311 55 210
8.37951004443913 65 465
0 34 0
0 34 0
0 34 0
0 34 0
0 34 0
0 34 0
6.49758679980012 64 435
6.49758679980012 64 435
0 34 0
0 34 0
0 34 0
0 34 0
0 34 0
0 34 0
0.158220401340466 38 6
0 34 0
0 34 0
2.91083887903093 66 276
0.158220401340466 38 6
5.1445675704748 51 64
0 34 0
0 34 0
0 34 0
16.4386370987147 93 843
5.24281553807987 63 406
0 34 0
0 34 0
0 34 0
0 34 0
0 34 0
0 34 0
0 34 0
0 34 0
0 34 0
0 34 0
0 34 0
4.24732167137117 67 366
0 34 0
0 34 0
17.7878313268722 67 528
11.5157554673534 66 496
0 34 0
17.7878313268722 67 528
6.49758679980012 64 435
0 34 0
0 34 0
0 34 0
17.7878313268722 67 528
1.65473186685311 55 210
0 34 0
0 34 0
0 34 0
0 34 0
5.24281553807987 63 406
0 34 0
0 34 0
8.37951004443913 65 465
3.15083710194178 60 325
0 34 0
0 34 0
0 34 0
0 34 0
0.943657930745756 50 120
0 34 0
38.2204303142886 125 1341
0 34 0
11.5157554673534 66 496
0 34 0
0 34 0
0 34 0
3.67397030077692 61 351
0 34 0
1.65473186685311 55 210
6.49758679980012 64 435
0 34 0
11.5157554673534 66 496
0 34 0
0.943657930745756 50 120
0 34 0
0 34 0
1.05453034538913 51 136
0 34 0
0 34 0
8.76720874334729 80 347
0 34 0
0 34 0
0 34 0
0 34 0
1.65473186685311 55 210
0 34 0
23.3767517404404 109 919
0 34 0
6.49758679980012 64 435
0 34 0
0 34 0
0 34 0
0 34 0
0 34 0
0 34 0
0 34 0
0 34 0
20.381585974745 86 699
0 34 0
2.64376194312725 64 259
0 34 0
0 34 0
17.7878313268722 67 528
35.8229887590262 99 1024
8.37951004443913 65 465
0 34 0
0 34 0
11.5157554673534 66 496
0 34 0
0 34 0
0 34 0
0 34 0
0 34 0
0 34 0
26.7712330555826 106 891
0 34 0
1.65473186685311 55 210
0 34 0
0 34 0
0 34 0
0 34 0
17.7878313268722 67 528
0 34 0
0 34 0
0 34 0
0 34 0
0 34 0
17.7878313268722 67 528
0 34 0
0 34 0
0 34 0
0.595177842733821 46 66
2.38957709488853 58 276
0 34 0
0 34 0
54.1042273375329 130 1489
0 34 0
0 34 0
11.5157554673534 66 496
0 34 0
0 34 0
0 34 0
0 34 0
0 34 0
0 34 0
0 34 0
0 34 0
0 34 0
0 34 0
0 34 0
0 34 0
0 34 0
0 34 0
0 34 0
0 34 0
0 34 0
12.9905841343412 86 651
0 34 0
0 34 0
0 34 0
33.4296545885048 110 969
0 34 0
0 34 0
0 34 0
0 34 0
0 34 0
0 34 0
1.4748779978164 54 190
5.94985876943977 79 504
11.5157554673534 66 496
0 34 0
5.24281553807987 63 406
0 34 0
0 34 0
19.2857714784367 94 871
0 34 0
11.5157554673534 66 496
2.73220921893004 59 300
0 34 0
0 34 0
0 34 0
0 34 0
17.7878313268722 67 528
0 34 0
0 34 0
8.37951004443913 65 465
0 34 0
0 34 0
0 34 0
0 34 0
0.201453059272862 39 10
54.1042273375329 130 1489
0 34 0
0 34 0
0 34 0
4.34640828237888 62 378
1.86211870191174 56 231
2.38957709488853 58 276
0 34 0
7.36514974149687 54 59
0 34 0
0 34 0
0 34 0
17.7878313268722 67 528
35.3845226529907 122 1249
0 34 0
0 34 0
3.67397030077692 61 351
13.8038015319583 85 667
0 34 0
0 34 0
3.15083710194178 60 325
28.7821817194411 97 961
7.57931633927263 75 490
0.461721618896373 44 45
0 34 0
0 34 0
1.05453034538913 51 136
0 34 0
0 34 0
0.347109291318552 42 28
0 34 0
0 34 0
0 34 0
0 34 0
0 34 0
14.8479636066053 102 691
0 34 0
5.24281553807987 63 406
0 34 0
19.9763419587354 83 648
0 34 0
1.1782950876833 52 153
0 34 0
0 34 0
0 34 0
0 34 0
0 34 0
0 34 0
0 34 0
1.29688758020163 53 123
17.7878313268722 67 528
17.7878313268722 67 528
0 34 0
0 34 0
0 34 0
0 34 0
0 34 0
17.7878313268722 67 528
8.37951004443913 65 465
6.49758679980012 64 435
0 34 0
0 34 0
0 34 0
4.34640828237888 62 378
0 34 0
0 34 0
0 34 0
4.97674698431296 52 49
1.4217257407544 52 88
0.402351929682095 43 36
20.2321971180562 85 681
0 34 0
0 34 0
0 34 0
0 34 0
0 34 0
0 34 0
0.943657930745756 50 120
0 34 0
0 34 0
17.7878313268722 67 528
16.9803279727871 85 625
0 34 0
0 34 0
0 34 0
0 34 0
0 34 0
0 34 0
1.4748779978164 54 190
0 34 0
0 34 0
28.4698076210023 114 1071
0 34 0
0 34 0
0 34 0
0 34 0
0 34 0
3.46096067259952 67 328
0 34 0
11.5157554673534 66 496
0 34 0
0 34 0
8.37951004443913 65 465
0 34 0
0 34 0
0 34 0
11.5157554673534 66 496
0 34 0
0 34 0
17.7878313268722 67 528
0 34 0
0 34 0
0 34 0
0 34 0
0 34 0
0 34 0
20.098107759181 84 664
0 34 0
0 34 0
0.595177842733821 46 66
0 34 0
0 34 0
1.31738464915206 53 171
0 34 0
0 34 0
0 34 0
0 34 0
0 34 0
0 34 0
0 34 0
0 34 0
17.7878313268722 67 528
0 34 0
17.7878313268722 67 528
0 34 0
35.8229887590262 99 1024
0 34 0
6.49758679980012 64 435
0 34 0
0 34 0
0 34 0
0 34 0
1.4748779978164 54 190
0 34 0
0 34 0
0 34 0
0 34 0
0 34 0
0 34 0
1.86211870191174 56 231
0 34 0
0 34 0
17.7878313268722 67 528
0 34 0
0 34 0
0 34 0
11.5157554673534 66 496
0 34 0
0 34 0
0 34 0
0 34 0
0.347109291318552 42 28
0 34 0
0 34 0
8.37951004443913 65 465
0 34 0
18.042389287664 87 676
0 34 0
0 34 0
0 34 0
0 34 0
0 34 0
0 34 0
0 34 0
0 34 0
0 34 0
0 34 0
0 34 0
0 34 0
2.10393350785008 57 253
0 34 0
0.247083523465021 40 15
0 34 0
0 34 0
0 34 0
0 34 0
1.05453034538913 51 136
0 34 0
11.5157554673534 66 496
0 34 0
17.7878313268722 67 528
17.7878313268722 67 528
26.7624736196152 132 1220
0 34 0
0 34 0
15.0077916053407 107 872
0 34 0
0 34 0
17.7878313268722 67 528
17.7878313268722 67 528
0 34 0
0 34 0
0 34 0
0 34 0
0 34 0
0 34 0
0 34 0
0 34 0
0 34 0
2.10393350785008 57 253
0 34 0
35.8229887590262 99 1024
4.34640828237888 62 378
17.7878313268722 67 528
21.9274092015508 92 828
0 34 0
0 34 0
17.7878313268722 67 528
0 34 0
0 34 0
0 34 0
0 34 0
0 34 0
0 34 0
0 34 0
0 34 0
0 34 0
0 34 0
4.34640828237888 62 378
8.17859339971783 84 616
23.8659497413442 95 906
0 34 0
0 34 0
0 34 0
0 34 0
4.34640828237888 62 378
0 34 0
0 34 0
0 34 0
0 34 0
17.7878313268722 67 528
17.7878313268722 67 528
0 34 0
17.7878313268722 67 528
0 34 0
0 34 0
0 34 0
0 34 0
0 34 0
0.402351929682095 43 36
2.38957709488853 58 276
0 34 0
59.1980318656869 149 1660
11.5157554673534 66 496
0 34 0
0 34 0
0.347109291318552 42 28
0 34 0
0 34 0
0 34 0
0 34 0
0 34 0
0 34 0
0 34 0
0 34 0
0 34 0
11.5157554673534 66 496
5.24281553807987 63 406
0 34 0
0 34 0
0.843729848909961 49 105
17.7878313268722 67 528
0 34 0
0 34 0
23.0317088221095 94 879
0 34 0
0 34 0
0 34 0
0 34 0
0 34 0
0 34 0
0 34 0
11.5157554673534 66 496
0 34 0
0 34 0
18.7641436987154 102 767
11.5157554673534 66 496
0 34 0
0 34 0
36.4165934021946 118 1135
0 34 0
11.5157554673534 66 496
0 34 0
6.49758679980012 64 435
0 34 0
26.8183667200277 97 963
0 34 0
0 34 0
0 34 0
17.7878313268722 67 528
1.2803491833159 52 97
0 34 0
0 34 0
0.347109291318552 42 28
0 34 0
0 34 0
0 34 0
0 34 0
0 34 0
0 34 0
0 34 0
0 34 0
0.891522306284274 48 67
0 34 0
19.4816061467167 78 583
0 34 0
26.8183667200277 97 963
5.24281553807987 63 406
0.67067384011743 47 78
2.38957709488853 58 276
0 34 0
0 34 0
0 34 0
0 34 0
0 34 0
8.37951004443913 65 465
0.525780390970574 45 55
11.5157554673534 66 496
0 34 0
0 34 0
0 34 0
0 34 0
0 34 0
0 34 0
0 34 0
0 34 0
0 34 0
0 34 0
0 34 0
0 34 0
0 34 0
0 34 0
8.37951004443913 65 465
0 34 0
25.0038116777335 95 900
0 34 0
0 34 0
0 34 0
0 34 0
0 34 0
0 34 0
17.7878313268722 67 528
17.7878313268722 67 528
0 34 0
0 34 0
1.31738464915206 53 171
0 34 0
0 34 0
0 34 0
0 34 0
0 34 0
0 34 0
0 34 0
0 34 0
0 34 0
3.46096067259952 67 328
0 34 0
0 34 0
0 34 0
33.223978259639 109 820
1.31738464915206 53 171
0 34 0
0.461721618896373 44 45
19.3951542777753 77 573
24.5674174619451 111 960
0 34 0
17.7878313268722 67 528
0 34 0
0 34 0
0 34 0
0 34 0
0 34 0
0 34 0
0 34 0
0 34 0
8.37951004443913 65 465
11.5157554673534 66 496
0 34 0
0 34 0
0 34 0
0 34 0
0 34 0
0 34 0
0 34 0
6.49758679980012 64 435
0 34 0
11.5157554673534 66 496
0 34 0
0 34 0
0 34 0
0 34 0
0 34 0
0 34 0
0 34 0
0 34 0
35.8229887590262 99 1024
0 34 0
0 34 0
11.5157554673534 66 496
0 34 0
11.5157554673534 66 496
0 34 0
0 34 0
26.3021946618284 124 992
0 34 0
0 34 0
0 34 0
0 34 0
0 34 0
0 34 0
0 34 0
17.7878313268722 67 528
17.7878313268722 67 528
17.7878313268722 67 528
0 34 0
0 34 0
0 34 0
0 34 0
0 34 0
5.1445675704748 51 64
0 34 0
0 34 0
6.49758679980012 64 435
0 34 0
18.4826361116985 117 948
0 34 0
0 34 0
0 34 0
0 34 0
0.0773165064827894 36 1
3.15083710194178 60 325
0 34 0
0 34 0
0 34 0
0 34 0
16.0263532976575 83 576
0 34 0
0 34 0
6.49758679980012 64 435
16.2615905251598 92 821
0 34 0
0 34 0
8.37951004443913 65 465
0.402351929682095 43 36
0 34 0
27.2324060653591 125 1072
0 34 0
0 34 0
0 34 0
0 34 0
0 34 0
0 34 0
1.1782950876833 52 153
0 34 0
14.7371910273434 92 816
0 34 0
11.7323327436173 88 718
26.8183667200277 97 963
17.7878313268722 67 528
0 34 0
0 34 0
0 34 0
0 34 0
0 34 0
8.96312333785387 81 531
0 34 0
0 34 0
0 34 0
0 34 0
0 34 0
15.7482100151958 107 884
0 34 0
0 34 0
0 34 0
0 34 0
0 34 0
0 34 0
17.7878313268722 67 528
0 34 0
1.4748779978164 54 190
0 34 0
0 34 0
0 34 0
0 34 0
17.7878313268722 67 528
0 34 0
3.15083710194178 60 325
0 34 0
0 34 0
0 34 0
0 34 0
0 34 0
0 34 0
0 34 0
0 34 0
0 34 0
0 34 0
0 34 0
0 34 0
0 34 0
0 34 0
6.49758679980012 64 435
0 34 0
0 34 0
0 34 0
17.7878313268722 67 528
0 34 0
4.34640828237888 62 378
6.77032484600129 66 241
0 34 0
0 34 0
0 34 0
0.461721618896373 44 45
0 34 0
0 34 0
0 34 0
0 34 0
0 34 0
0 34 0
0.525780390970574 45 55
41.6912666073974 127 1399
0 34 0
1.1782950876833 52 153
0.158220401340466 38 6
0 34 0
17.7878313268722 67 528
0 34 0
25.0416211490284 96 934
0 34 0
0 34 0
4.51630854800203 73 373
0 34 0
0 34 0
8.37951004443913 65 465
11.5157554673534 66 496
0 34 0
0 34 0
0 34 0
0 34 0
0 34 0
0 34 0
0 34 0
17.7878313268722 67 528
0 34 0
0 34 0
0 34 0
17.7878313268722 67 528
5.24281553807987 63 406
0 34 0
0 34 0
11.5157554673534 66 496
17.7878313268722 67 528
0 34 0
8.37951004443913 65 465
0 34 0
0.67067384011743 47 78
0 34 0
0 34 0
0 34 0
0 34 0
0.843729848909961 49 105
0 34 0
0 34 0
0 34 0
0 34 0
1.31738464915206 53 171
3.67397030077692 61 351
0 34 0
0 34 0
0 34 0
4.34640828237888 62 378
8.37951004443913 65 465
17.7878313268722 67 528
6.49758679980012 64 435
0 34 0
0 34 0
0 34 0
11.5157554673534 66 496
0 34 0
17.7878313268722 67 528
11.5157554673534 66 496
0 34 0
0 34 0
11.5157554673534 66 496
0 34 0
1.86211870191174 56 231
0 34 0
0.843729848909961 49 105
0 34 0
6.781360706648 82 523
0 34 0
17.7878313268722 67 528
0 34 0
0 34 0
0 34 0
17.7878313268722 67 528
0 34 0
0 34 0
0 34 0
0 34 0
38.9194573663162 126 1371
14.1037165257793 98 767
0 34 0
0 34 0
0 34 0
2.10393350785008 57 253
0 34 0
0 34 0
0 34 0
0 34 0
46.2939308315882 127 1396
6.49758679980012 64 435
17.7878313268722 67 528
3.67397030077692 61 351
17.7878313268722 67 528
5.24281553807987 63 406
0 34 0
0 34 0
65.0709353227124 157 1834
0 34 0
0 34 0
0 34 0
0 34 0
0 34 0
0 34 0
0 34 0
0 34 0
0 34 0
0 34 0
0 34 0
0 34 0
24.3992359521295 105 906
0 34 0
0 34 0
10.5796412085182 84 636
0 34 0
1.86211870191174 56 231
0 34 0
0 34 0
0 34 0
0 34 0
0 34 0
17.7878313268722 67 528
17.7878313268722 67 528
0 34 0
0 34 0
0.402351929682095 43 36
25.0038116777335 95 900
0 34 0
0 34 0
0 34 0
0 34 0
0 34 0
0 34 0
0 34 0
2.38957709488853 58 276
0 34 0
0 34 0
0 34 0
0 34 0
0 34 0
73.7006333947406 184 1969
0 34 0
0 34 0
0 34 0
11.5157554673534 66 496
0 34 0
0 34 0
0 34 0
0 34 0
4.34640828237888 62 378
0 34 0
35.8229887590262 99 1024
0 34 0
0 34 0
22.7643443679641 97 763
0 34 0
0 34 0
38.4581018296299 108 1060
0 34 0
0 34 0
0 34 0
17.7878313268722 67 528
0 34 0
0 34 0
0 34 0
17.7878313268722 67 528
11.5157554673534 66 496
1.4748779978164 54 190
8.37951004443913 65 465
0 34 0
0.843729848909961 49 105
17.7878313268722 67 528
17.7878313268722 67 528
0 34 0
0.347109291318552 42 28
0 34 0
0 34 0
0 34 0
11.5157554673534 66 496
2.10393350785008 57 253
49.001722174053 144 1402
0 34 0
0 34 0
11.5157554673534 66 496
0 34 0
1.86211870191174 56 231
0 34 0
0 34 0
0 34 0
0 34 0
0 34 0
0 34 0
0 34 0
0 34 0
0 34 0
0 34 0
11.5157554673534 66 496
0 34 0
0 34 0
0 34 0
17.7878313268722 67 528
0 34 0
0 34 0
0 34 0
0 34 0
0 34 0
0 34 0
12.1143837999075 73 361
17.7878313268722 67 528
0 34 0
0 34 0
0 34 0
17.7878313268722 67 528
39.959806505443 127 1342
0 34 0
0 34 0
0 34 0
11.5157554673534 66 496
0 34 0
0 34 0
0 34 0
17.7878313268722 67 528
0 34 0
0 34 0
0 34 0
0 34 0
1.31738464915206 53 171
6.49758679980012 64 435
0 34 0
0 34 0
11.5157554673534 66 496
0 34 0
0 34 0
0 34 0
0 34 0
11.5157554673534 66 496
0 34 0
0 34 0
0 34 0
0 34 0
0 34 0
8.37951004443913 65 465
12.82405746085 75 400
0 34 0
23.8659497413442 95 906
0 34 0
0 34 0
0.843729848909961 49 105
0 34 0
3.67397030077692 61 351
0 34 0
0 34 0
23.0736359214414 99 506
0 34 0
3.15083710194178 60 325
40.3026806037354 121 1255
0 34 0
17.7878313268722 67 528
0 34 0
0 34 0
0 34 0
0 34 0
0 34 0
0 34 0
17.7878313268722 67 528
0 34 0
14.024644696225 101 727
5.05333032965213 76 436
0 34 0
0 34 0
0.402351929682095 43 36
6.49758679980012 64 435
0 34 0
0 34 0
17.7878313268722 67 528
0 34 0
0 34 0
0 34 0
0 34 0
17.7878313268722 67 528
0 34 0
8.24690561507586 60 124
0 34 0
0 34 0
0 34 0
17.7878313268722 67 528
6.9689374784828 57 121
17.7878313268722 67 528
0 34 0
0 34 0
0 34 0
0 34 0
0 34 0
0 34 0
11.5157554673534 66 496
0 34 0
8.37951004443913 65 465
17.7878313268722 67 528
0 34 0
0 34 0
17.7878313268722 67 528
17.7878313268722 67 528
0 34 0
0 34 0
19.9847985304644 95 902
0 34 0
17.7878313268722 67 528
0 34 0
0 34 0
17.7878313268722 67 528
0 34 0
29.8035343384448 98 993
11.5157554673534 66 496
0 34 0
2.73220921893004 59 300
2.10393350785008 57 253
17.7878313268722 67 528
12.9369736197442 78 562
0 34 0
0 34 0
0 34 0
0 34 0
11.5157554673534 66 496
0 34 0
0 34 0
0 34 0
6.49758679980012 64 435
0 34 0
11.5157554673534 66 496
0 34 0
19.9847985304644 95 902
0 34 0
0 34 0
30.1223270210373 127 1122
0 34 0
0 34 0
0 34 0
0 34 0
16.9175049014455 94 577
0 34 0
0 34 0
0 34 0
0 34 0
2.38957709488853 58 276
11.5157554673534 66 496
29.8035343384448 98 993
0 34 0
4.53794714219392 49 49
0 34 0
17.7878313268722 67 528
2.38957709488853 58 276
10.6102002693886 80 507
0 34 0
0 34 0
0 34 0
0 34 0
0 34 0
17.7878313268722 67 528
0 34 0
0 34 0
0.247083523465021 40 15
0 34 0
0 34 0
56.1397471787846 165 1702
0 34 0
0 34 0
0 34 0
0 34 0
0 34 0
0 34 0
0 34 0
0 34 0
12.371992481786 71 506
0 34 0
0 34 0
0 34 0
0 34 0
13.6372722556462 84 649
0 34 0
0 34 0
0 34 0
11.5157554673534 66 496
0 34 0
0 34 0
11.5157554673534 66 496
0 34 0
6.49758679980012 64 435
0 34 0
29.8035343384448 98 993
0 34 0
0 34 0
0 34 0
0 34 0
0 34 0
0 34 0
11.5157554673534 66 496
0 34 0
0 34 0
0 34 0
11.5157554673534 66 496
11.5157554673534 66 496
0 34 0
0 34 0
0 34 0
8.37951004443913 65 465
0 34 0
0 34 0
0 34 0
0 34 0
0 34 0
0 34 0
17.7878313268722 67 528
0 34 0
0 34 0
0 34 0
0 34 0
0 34 0
11.5157554673534 66 496
11.5157554673534 66 496
0 34 0
0.247083523465021 40 15
0 34 0
0 34 0
17.7878313268722 67 528
0 34 0
1.65473186685311 55 210
11.5157554673534 66 496
1.86211870191174 56 231
0 34 0
17.7878313268722 67 528
0 34 0
11.5157554673534 66 496
0 34 0
0 34 0
0 34 0
0 34 0
6.49758679980012 64 435
0 34 0
11.5157554673534 66 496
26.7461641929909 119 931
0 34 0
0 34 0
23.6611976553447 108 880
0 34 0
0 34 0
17.7878313268722 67 528
2.38957709488853 58 276
17.7878313268722 67 528
0 34 0
0 34 0
0 34 0
0 34 0
8.37951004443913 65 465
0 34 0
0 34 0
19.5705481349052 79 594
0 34 0
0 34 0
19.0510480135862 73 543
0 34 0
0 34 0
19.6631459989103 80 606
0 34 0
6.49758679980012 64 435
0 34 0
0 34 0
0 34 0
0 34 0
0 34 0
0 34 0
0 34 0
17.7878313268722 67 528
5.24281553807987 63 406
11.5157554673534 66 496
0 34 0
0 34 0
0 34 0
7.11303287335786 82 568
2.38957709488853 58 276
17.7878313268722 67 528
0 34 0
0 34 0
8.37951004443913 65 465
0 34 0
0.943657930745756 50 120
0 34 0
0 34 0
17.7878313268722 67 528
0 34 0
0 34 0
17.7878313268722 67 528
0 34 0
3.92835149258539 71 366
0 34 0
0.943657930745756 50 120
0.843729848909961 49 105
0 34 0
0 34 0
0 34 0
0 34 0
12.9905841343412 86 651
0 34 0
19.0510480135862 73 543
0 34 0
0 34 0
0 34 0
0 34 0
0 34 0
0 34 0
17.7878313268722 67 528
0 34 0
0 34 0
19.9847985304644 95 902
24.2939464861877 100 937
0 34 0
17.7878313268722 67 528
3.67397030077692 61 351
0 34 0
0 34 0
19.2857714784367 94 871
0 34 0
20.7084794367568 91 784
0 34 0
17.7878313268722 67 528
0 34 0
17.7878313268722 67 528
0 34 0
16.0263532976575 83 576
0 34 0
0 34 0
0 34 0
0 34 0
0 34 0
