"COLLES.MDM.LN" "SACKIN" "COPHENETIC"
14.6958812031077 55 351
17.910728776284 90 524
0 28 0
150.35789346978 241 1943
44.3817967612763 122 1066
52.6651489575319 126 1154
29.1534910868775 94 694
0 28 0
0 28 0
0 28 0
23.1185980972414 94 620
47.2521592766678 121 1045
29.6332562744421 81 676
109.37318663922 203 1813
0 28 0
22.1664272536076 79 627
2.19809303030918 50 146
0 28 0
0 28 0
33.7410033276879 116 735
9.93160938849432 59 225
33.1716788047094 113 906
0 28 0
39.5834289935773 120 1032
75.9827184239247 141 798
5.58280740447718 63 212
29.2972866878866 100 837
29.3481252822355 99 809
48.1816042340322 127 1122
26.7354238588601 105 729
1.82100149914691 46 153
12.583806515662 74 306
0 28 0
20.3518722113134 77 576
0 28 0
10.1837955659357 72 310
5.13598885406177 59 281
8.13028407040683 72 361
1.58179551808369 45 136
27.1227866352396 106 766
14.6958812031077 55 351
24.6402443480646 80 651
60.3749283593031 140 992
14.6958812031077 55 351
22.1664272536076 79 627
0 28 0
6.79142951048289 67 373
27.943022774998 102 710
0 28 0
0 28 0
0 28 0
3.45822044640752 50 231
0 28 0
0 28 0
0 28 0
23.618891729061 79 625
0 28 0
0 28 0
27.3764918598824 88 607
5.25706960875476 52 276
6.83052304732509 53 300
0 28 0
0 28 0
4.20786701570016 51 253
0.143987245408795 31 3
9.45251130582535 54 325
75.8752288051626 153 1505
0 28 0
14.6958812031077 55 351
14.6958812031077 55 351
25.663552751327 94 654
0 28 0
0.251816324091077 33 10
60.4967358139726 147 1373
0 28 0
46.7725846587456 122 936
0.251816324091077 33 10
63.435537110527 147 1364
0 28 0
8.59970353209807 64 307
0 28 0
55.2944300713049 139 1196
64.8958525853067 143 1048
20.3518722113134 77 576
23.3474296286743 90 612
22.5422474138435 94 584
42.5672417189821 120 1019
0 28 0
61.9373279056926 147 1196
40.4948221504922 130 1019
0 28 0
0 28 0
36.8407046453221 101 687
22.9979790993102 88 649
0.143987245408795 31 3
2.80251743472207 49 112
0 28 0
54.7078541955392 128 1205
0 28 0
14.6958812031077 55 351
33.4360518723086 103 580
9.45251130582535 54 325
14.6958812031077 55 351
14.6958812031077 55 351
17.1906755933873 81 380
3.45822044640752 50 231
17.7368831102783 85 520
0 28 0
0 28 0
0 28 0
0 28 0
12.823257205229 69 284
29.6332562744421 81 676
0 28 0
0 28 0
22.1664272536076 79 627
25.943956336136 85 490
32.7520157435683 93 742
0 28 0
0 28 0
0 28 0
2.49324413976873 52 157
39.0451688436228 104 927
0 28 0
14.6958812031077 55 351
4.20786701570016 51 253
30.8466150126108 101 861
29.6332562744421 81 676
27.8568314294851 97 778
23.618891729061 79 625
29.6332562744421 81 676
0 28 0
0 28 0
0 28 0
13.9715971281336 75 535
48.9098535528743 125 1086
11.4440086493077 80 437
50.6103033771915 136 1168
15.6634516501077 76 553
19.128341808903 64 367
0 28 0
6.83052304732509 53 300
72.84522741575 155 1315
0.251816324091077 33 10
39.6731398141342 129 1016
0 28 0
0 28 0
0 28 0
16.4283085077576 65 396
0 28 0
21.4112042293883 77 462
14.6958812031077 55 351
0 28 0
15.5526218047014 57 352
0 28 0
16.2176113938934 67 235
32.612623010885 92 731
0 28 0
0.143987245408795 31 3
40.0665214626264 105 952
25.8933307981885 100 505
0 28 0
12.5300169510502 81 486
8.512398739952 66 378
15.2570789036683 71 441
23.618891729061 79 625
0 28 0
16.7983656958969 68 429
0.251816324091077 33 10
47.6589139671217 121 993
20.3518722113134 77 576
0.196193297662178 32 6
9.45251130582535 54 325
0 28 0
31.345351992362 97 760
52.6651489575319 126 1154
39.4423749367443 117 965
14.6958812031077 55 351
17.3034205905377 71 471
0.701040521294099 39 55
32.403921712732 101 854
22.050590637537 84 307
45.0255693244538 123 958
13.6594233427138 74 507
0 28 0
0 28 0
12.6015413953449 58 136
0 28 0
28.1820879032686 90 640
0 28 0
0 28 0
34.8314278630946 108 765
160.793153501502 198 1003
14.6958812031077 55 351
0 28 0
22.1664272536076 79 627
14.6958812031077 55 351
15.0909327040831 71 239
0 28 0
6.02584279656717 58 291
6.55454719100141 49 100
0 28 0
0 28 0
44.8103053548486 106 976
15.6634516501077 76 553
35.9250023739774 102 880
4.20786701570016 51 253
28.6490982302079 98 784
66.6340968885449 154 1274
0 28 0
19.7210731734779 77 582
0 28 0
18.1833304087271 75 529
23.7087924793902 74 416
0 28 0
0 28 0
3.45822044640752 50 231
3.69517631588524 56 231
0 28 0
29.6332562744421 81 676
9.45251130582535 54 325
9.45251130582535 54 325
27.2883293806562 91 631
0 28 0
14.6958812031077 55 351
23.3767640107073 89 499
29.6332562744421 81 676
44.8103053548486 106 976
6.83052304732509 53 300
30.0954936067864 105 713
33.4252743317357 102 878
0.523057508586724 37 36
24.2143910522893 98 588
0 28 0
0 28 0
0 28 0
5.2821452117771 45 64
119.579142036888 220 1897
3.45822044640752 50 231
5.68090365043635 59 227
5.25706960875476 52 276
0 28 0
1.20532835558566 43 105
27.4721900670647 98 794
6.83052304732509 53 300
0 28 0
0 28 0
15.1532406793375 77 325
0 28 0
6.55454719100141 49 100
0 28 0
2.1078154386433 47 171
23.618891729061 79 625
29.6332562744421 81 676
6.24957707709557 64 310
14.6958812031077 55 351
49.6653008710306 107 750
54.6659611096392 139 1190
0 28 0
20.0945961582352 80 501
0 28 0
0 28 0
81.774818281313 184 1532
1.77680132785827 47 101
14.6958812031077 55 351
9.16174104445589 71 447
0 28 0
22.383828455805 91 484
0 28 0
0 28 0
9.45251130582535 54 325
0 28 0
25.0544763271664 98 788
18.3464991594443 73 472
15.1524661020055 79 415
70.0440221594854 155 983
0 28 0
0 28 0
0 28 0
0 28 0
0 28 0
2.45812999636066 48 190
1.05443352272803 42 91
0 28 0
1.20532835558566 43 105
0 28 0
0 28 0
46.0039085697323 123 827
38.0969841961855 109 623
0 28 0
0 28 0
5.89609864201341 65 270
0 28 0
0 28 0
78.5998019142958 165 1511
39.0451688436228 104 927
4.13334043656992 37 10
43.1431821152671 125 735
39.8057807369627 116 949
10.5413810304483 77 430
0 28 0
0 28 0
36.9729334768328 123 910
17.7699219296808 68 399
11.4057772494855 73 486
60.8178258160306 151 1238
53.8284637331434 149 1091
0 28 0
0.0944979523678537 30 1
33.2274990273159 97 623
0 28 0
14.1459118187702 69 400
98.1233850458992 194 1517
14.6958812031077 55 351
9.45251130582535 54 325
8.9379372159137 66 274
0 28 0
0 28 0
4.20786701570016 51 253
27.2883293806562 91 631
4.65250220621678 43 49
25.0544763271664 98 788
0 28 0
31.4629441316355 109 804
16.9462530438433 69 442
37.6216536703312 112 901
0 28 0
0 28 0
0 28 0
40.0665214626264 105 952
55.7292068145428 129 1229
29.6332562744421 81 676
0 28 0
2.1078154386433 47 171
20.7562869523978 92 668
0 28 0
30.649264379288 87 302
27.2883293806562 91 631
16.012183660873 61 366
8.08957531867026 63 345
0 28 0
0 28 0
10.6714957919265 61 256
0 28 0
32.2190881808737 89 704
47.1812176210358 117 641
11.4057772494855 73 486
0 28 0
0 28 0
26.4653588651494 81 275
33.4539070320809 97 796
6.83052304732509 53 300
36.2257818051296 112 847
44.5970337028927 120 1057
75.8752288051626 153 1505
0 28 0
0 28 0
0 28 0
1.58179551808369 45 136
9.53363744493168 54 102
0 28 0
60.1939917563318 153 1179
19.5878797816025 87 555
0 28 0
11.5384121001636 56 97
23.618891729061 79 625
0 28 0
6.83052304732509 53 300
32.0866016022512 88 697
0 28 0
25.235743671293 99 604
14.6958812031077 55 351
0 28 0
0 28 0
15.6826270201897 58 354
0 28 0
0 28 0
14.6958812031077 55 351
9.45251130582535 54 325
0 28 0
6.83052304732509 53 300
0 28 0
70.1993683663409 159 1406
1.20532835558566 43 105
11.5590029155356 83 502
14.6958812031077 55 351
9.45251130582535 54 325
73.293833191626 157 1181
5.25706960875476 52 276
0 28 0
4.64476404089859 60 276
0 28 0
0 28 0
90.6300236909796 188 1500
0 28 0
0 28 0
29.6332562744421 81 676
34.7737650094346 104 769
0 28 0
0 28 0
3.45822044640752 50 231
11.0093430314739 73 490
67.5405277183617 148 1385
9.45251130582535 54 325
0 28 0
26.2503009056669 76 415
14.6958812031077 55 351
25.8766949550061 97 675
1.37919236032072 44 120
0 28 0
5.68557875028494 62 265
8.98139385774931 69 402
14.6958812031077 55 351
57.5641126026833 145 1329
60.2250302293437 130 1252
16.4578651801432 82 340
19.7210731734779 77 582
4.20786701570016 51 253
18.7714548227254 78 601
4.20786701570016 51 253
0 28 0
0 28 0
108.636792517311 206 1815
1.58179551808369 45 136
2.45812999636066 48 190
8.08957531867026 63 345
0 28 0
34.4466269507394 103 904
16.1859463425456 59 88
24.6402443480646 80 651
33.8568589386685 100 835
4.65250220621678 43 49
14.6958812031077 55 351
14.6958812031077 55 351
0 28 0
14.6958812031077 55 351
4.20786701570016 51 253
8.98139385774931 69 402
0 28 0
60.8767806239063 144 1319
0 28 0
2.1078154386433 47 171
33.8568589386685 100 835
3.5551225759348 57 226
0 28 0
9.45251130582535 54 325
23.6672649448519 90 642
0 28 0
0 28 0
8.94019959421895 77 412
0 28 0
75.1012705421127 165 1537
0 28 0
14.6958812031077 55 351
0 28 0
5.25706960875476 52 276
0 28 0
14.6958812031077 55 351
6.83052304732509 53 300
6.55454719100141 49 100
19.128341808903 64 367
0 28 0
0 28 0
14.6958812031077 55 351
22.2531155725526 80 487
36.7556850230033 105 817
3.14880805188624 54 205
0 28 0
2.49324413976873 52 157
0 28 0
0 28 0
0 28 0
19.8119632612539 74 434
0 28 0
49.9215789136461 133 947
2.45812999636066 48 190
0 28 0
0 28 0
9.45251130582535 54 325
30.8466150126108 101 861
40.8186731600486 116 967
22.1664272536076 79 627
1.82100149914691 46 153
0 28 0
44.8103053548486 106 976
14.6958812031077 55 351
0 28 0
0 28 0
14.6958812031077 55 351
23.5268126843161 85 562
0.922176530161467 41 78
39.0451688436228 104 927
3.45822044640752 50 231
61.4807213675257 139 1232
0 28 0
0 28 0
36.7881105954088 114 827
14.6958812031077 55 351
0 28 0
23.618891729061 79 625
66.038183619948 161 1291
38.0238162246191 103 901
6.83052304732509 53 300
14.6958812031077 55 351
14.6958812031077 55 351
29.6332562744421 81 676
172.341207390644 239 1935
0.805240610757522 40 66
34.9635723053708 88 685
51.4472502870364 126 1166
6.23959574632869 56 183
23.618891729061 79 625
10.1656583239937 57 328
20.3793698521216 85 442
18.7714548227254 78 601
4.20786701570016 51 253
0 28 0
50.8665768172369 125 1147
0 28 0
0 28 0
38.5620763745736 119 1006
0 28 0
0 28 0
0 28 0
0 28 0
0 28 0
2.45812999636066 48 190
14.6958812031077 55 351
29.2283527934028 94 676
9.45251130582535 54 325
0 28 0
0 28 0
32.7520157435683 93 742
22.1664272536076 79 627
0 28 0
0 28 0
0 28 0
1.82100149914691 46 153
40.7821418928665 114 623
18.3744797383454 91 643
25.6681766032981 96 741
7.12491033947197 66 367
14.6958812031077 55 351
70.6045855753727 151 1460
0 28 0
0 28 0
14.6958812031077 55 351
52.2795643724944 131 895
36.3154751642389 109 627
17.7901301305743 73 504
0 28 0
60.120702226421 142 1105
32.6176550235965 110 834
7.71416426550167 68 357
16.9462530438433 69 442
0 28 0
44.8103053548486 106 976
14.6958812031077 55 351
0 28 0
10.3584203515364 59 335
82.4887420316483 180 1486
40.3091302433906 113 912
6.83052304732509 53 300
5.25706960875476 52 276
14.6958812031077 55 351
10.9696378550172 58 118
0 28 0
23.7392886034985 83 633
58.6088293764743 108 732
26.9060180638937 99 562
19.7210731734779 77 582
22.3260770096706 89 592
29.6332562744421 81 676
5.25706960875476 52 276
13.0318397050038 74 464
0 28 0
0 28 0
0 28 0
14.6958812031077 55 351
0 28 0
0 28 0
29.6332562744421 81 676
25.571338032733 80 457
0 28 0
19.0295912197919 76 561
0.0944979523678537 30 1
11.0093430314739 73 490
0 28 0
74.8035416327786 175 1309
0 28 0
31.1648172917281 95 600
0 28 0
14.6958812031077 55 351
4.20786701570016 51 253
61.0359993345951 151 1187
60.2250302293437 130 1252
27.3865908694646 107 708
5.25706960875476 52 276
25.4620191241906 89 597
37.0954630631474 107 670
20.6948373550336 78 604
15.2570789036683 71 441
0 28 0
0 28 0
14.6958812031077 55 351
16.5684412358497 80 469
21.8624926131468 91 649
0 28 0
0.446283374552424 36 28
0 28 0
43.6636757356852 111 496
11.8243079698065 75 344
0 28 0
39.0451688436228 104 927
0 28 0
0 28 0
14.6958812031077 55 351
7.65446016658119 51 101
0 28 0
38.745423032732 116 931
14.6958812031077 55 351
90.7960477107131 187 1778
6.83052304732509 53 300
14.6958812031077 55 351
20.974148616535 82 516
0 28 0
63.5931326461952 136 1106
9.45251130582535 54 325
49.2658422098963 123 860
0 28 0
6.83052304732509 53 300
0 28 0
14.6958812031077 55 351
49.5954761254566 120 671
60.2250302293437 130 1252
0 28 0
6.83052304732509 53 300
81.9930642096506 162 1485
44.8103053548486 106 976
35.8527804820983 109 784
0 28 0
14.6958812031077 55 351
30.5888025582778 79 408
14.6958812031077 55 351
29.6332562744421 81 676
20.3518722113134 77 576
0 28 0
0 28 0
53.6865015765355 127 1180
6.10364990069689 56 141
14.6958812031077 55 351
0 28 0
9.45251130582535 54 325
37.7395574162717 104 929
0 28 0
20.3518722113134 77 576
0 28 0
26.2695021647744 90 680
29.6332562744421 81 676
24.6402443480646 80 651
0 28 0
0 28 0
63.3310865617929 155 1256
0 28 0
16.4283085077576 65 396
41.8160448860599 99 354
62.2228759648667 151 1267
1.96776667194424 48 139
114.55833761039 217 1982
5.25706960875476 52 276
28.2016599779078 97 772
14.6958812031077 55 351
15.7994582610622 59 357
15.3388783482634 76 397
29.6332562744421 81 676
0 28 0
24.1304530658329 101 676
23.1386233017799 76 451
0 28 0
16.1101813671252 92 509
14.6958812031077 55 351
12.7848043823154 73 496
105.587856375102 187 1261
1.82100149914691 46 153
0 28 0
23.618891729061 79 625
147.573602826329 244 2255
0 28 0
52.8487456659784 131 1096
15.6634516501077 76 553
0 28 0
0 28 0
33.9056548284567 114 892
29.6332562744421 81 676
0 28 0
21.1996351889997 91 637
46.1787380878646 115 882
14.6958812031077 55 351
0 28 0
0 28 0
14.6958812031077 55 351
29.6332562744421 81 676
0 28 0
41.2569299790386 119 1006
0 28 0
20.3518722113134 77 576
11.8126979634728 70 445
20.6948373550336 78 604
0 28 0
0 28 0
65.5077662190465 165 1365
0 28 0
22.6272896106147 88 461
0 28 0
10.9389748939463 54 71
31.9486012534182 87 691
19.7210731734779 77 582
0 28 0
0 28 0
8.98139385774931 69 402
15.6634516501077 76 553
14.6958812031077 55 351
50.3568537865207 127 1183
14.6958812031077 55 351
0 28 0
17.0189829991518 77 378
0 28 0
0 28 0
29.8252623936072 100 835
0 28 0
29.6332562744421 81 676
15.6634516501077 76 553
15.2570789036683 71 441
16.9462530438433 69 442
0 28 0
0 28 0
11.409506922223 55 109
0 28 0
45.6283297233759 133 1067
34.0112281714441 113 889
16.3624787021354 77 578
37.7395574162717 104 929
75.7523137151896 166 1553
0 28 0
20.3518722113134 77 576
0 28 0
29.6332562744421 81 676
38.197759529282 119 1001
1.58179551808369 45 136
6.58838425793526 63 331
44.8103053548486 106 976
2.1078154386433 47 171
14.6958812031077 55 351
0 28 0
11.4483177385873 63 289
16.2161579597035 63 379
0 28 0
14.6958812031077 55 351
14.6958812031077 55 351
14.6958812031077 55 351
0 28 0
14.6958812031077 55 351
9.45251130582535 54 325
2.89578076699294 49 210
14.6958812031077 55 351
25.1251077086663 92 501
14.6958812031077 55 351
19.0295912197919 76 561
50.1002723447845 123 1112
0 28 0
0 28 0
12.3897240530742 72 478
0 28 0
28.2016599779078 97 772
15.2570789036683 71 441
0 28 0
29.6332562744421 81 676
0 28 0
29.6332562744421 81 676
1.82100149914691 46 153
23.3683488934154 101 580
16.5636028688904 73 484
37.7395574162717 104 929
0 28 0
26.7674443584735 87 672
17.7901301305743 73 504
0 28 0
0 28 0
14.6958812031077 55 351
0 28 0
0 28 0
0 28 0
14.6958812031077 55 351
6.83052304732509 53 300
52.4544118993651 129 941
0 28 0
0.196193297662178 32 6
6.83052304732509 53 300
23.3474296286743 90 612
50.1216362423138 134 1152
60.2250302293437 130 1252
0 28 0
24.6402443480646 80 651
0 28 0
0 28 0
1.58179551808369 45 136
0 28 0
29.6332562744421 81 676
18.5250195490849 96 557
14.6958812031077 55 351
29.0464762895102 92 675
0 28 0
6.83052304732509 53 300
82.1305160052507 178 1601
2.89578076699294 49 210
0 28 0
0 28 0
0 28 0
0 28 0
20.3518722113134 77 576
0 28 0
9.45251130582535 54 325
0 28 0
0 28 0
20.3518722113134 77 576
29.580818096008 99 814
34.8333540129035 101 866
39.2475395735745 114 952
15.2570789036683 71 441
0 28 0
14.6958812031077 55 351
0 28 0
9.45251130582535 54 325
20.07588388218 82 550
33.8818873664161 108 724
47.2521592766678 121 1045
0 28 0
53.6272760939392 144 1136
0 28 0
6.21551020652051 63 269
34.7847725116642 114 888
22.1664272536076 79 627
61.2570101614418 138 762
20.3518722113134 77 576
8.78994496473341 73 394
18.1116694331319 74 522
0 28 0
19.9817765356705 76 361
9.45251130582535 54 325
0 28 0
7.85957863498956 53 144
0.523057508586724 37 36
25.3335693347441 96 747
0 28 0
0.376091310737629 35 21
5.25706960875476 52 276
0 28 0
0 28 0
0 28 0
0 28 0
39.0451688436228 104 927
0 28 0
47.2521592766678 121 1045
24.089392382176 94 526
0 28 0
2.89578076699294 49 210
2.45812999636066 48 190
28.3501576148292 93 500
4.20786701570016 51 253
32.3464653400052 120 827
0 28 0
0 28 0
34.4466269507394 103 904
30.8466150126108 101 861
0 28 0
15.2570789036683 71 441
0 28 0
8.72694826792136 63 201
88.0123487299281 171 1113
58.9664481878088 150 1219
29.6332562744421 81 676
16.5636028688904 73 484
0 28 0
0 28 0
33.6984636680801 98 812
82.2289119988843 169 1607
0 28 0
5.91544850090232 47 81
2.1078154386433 47 171
37.1843136535933 94 712
0 28 0
0 28 0
5.12561956843022 63 301
1.49424230491318 45 106
50.3529847666641 126 1022
34.4466269507394 103 904
6.83052304732509 53 300
0 28 0
56.1183209639002 139 1019
14.6958812031077 55 351
23.618891729061 79 625
7.87124252695294 69 406
29.5674499392741 78 404
14.6958812031077 55 351
0 28 0
0 28 0
10.0354595599449 71 443
29.6332562744421 81 676
117.055643088414 218 1953
24.2688302601194 87 655
29.6332562744421 81 676
14.6958812031077 55 351
16.5345018110411 79 415
0 28 0
9.45251130582535 54 325
47.7957152915956 109 452
11.5751218785026 60 157
54.2605949134411 141 1002
0 28 0
0 28 0
4.20786701570016 51 253
6.83052304732509 53 300
23.4046749937393 83 370
45.4702037424033 119 886
7.66010350110023 50 74
18.7714548227254 78 601
0 28 0
23.618891729061 79 625
0 28 0
14.6958812031077 55 351
29.6332562744421 81 676
19.0295912197919 76 561
0 28 0
9.45251130582535 54 325
53.5598314464028 136 1121
0 28 0
0 28 0
4.41071540082163 60 249
0 28 0
0 28 0
55.7292068145428 129 1229
37.4213927483519 125 752
0 28 0
14.6958812031077 55 351
14.6958812031077 55 351
0 28 0
29.6332562744421 81 676
29.6332562744421 81 676
16.3624787021354 77 578
29.6332562744421 81 676
49.9185061171335 124 1111
29.9251971781548 85 487
9.45251130582535 54 325
9.45251130582535 54 325
24.6402443480646 80 651
20.1245930292747 83 521
40.2163174938824 121 896
9.45251130582535 54 325
53.6865015765355 127 1180
3.45822044640752 50 231
9.45251130582535 54 325
15.6634516501077 76 553
9.31863714923253 66 343
40.0526851744498 118 976
15.5526218047014 57 352
8.69444020935962 67 391
31.9688151853247 110 758
26.6137013342818 86 576
23.618891729061 79 625
41.9402024628415 131 1042
9.45251130582535 54 325
24.6402443480646 80 651
14.6958812031077 55 351
17.2108639771618 85 517
56.3562161046367 143 1118
0 28 0
4.13334043656992 37 10
59.7325800183429 147 1076
31.6006127638509 91 294
64.3538282331036 162 1307
0 28 0
29.6332562744421 81 676
37.4853846341866 113 693
25.0149210767552 92 705
4.20786701570016 51 253
0 28 0
0 28 0
0.701040521294099 39 55
26.0430609603277 100 699
19.0295912197919 76 561
27.4813047955138 79 436
5.25706960875476 52 276
25.7535033791941 99 811
0 28 0
2.1078154386433 47 171
14.1459118187702 69 400
47.5400299895502 125 1139
38.0238162246191 103 901
65.6962974202023 137 1217
15.6047031205153 85 395
0 28 0
38.0238162246191 103 901
19.7860521564975 79 419
5.72521404519306 54 157
23.3396650047081 95 556
44.3817967612763 122 1066
14.6958812031077 55 351
0.251816324091077 33 10
0 28 0
4.8098207485371 61 286
0 28 0
8.92463774375865 55 145
14.6958812031077 55 351
14.6958812031077 55 351
14.6958812031077 55 351
0 28 0
75.8752288051626 153 1505
34.8444353702536 105 671
31.0608416967799 96 751
14.6958812031077 55 351
46.2481905886319 134 1119
39.5834289935773 120 1032
26.8882668981669 102 716
23.618891729061 79 625
14.6958812031077 55 351
0 28 0
0 28 0
40.9156013142578 117 815
6.23959574632869 56 183
34.0112281714441 113 889
26.6290727012209 99 746
14.6958812031077 55 351
47.4428847656701 135 1112
0 28 0
0 28 0
6.83052304732509 53 300
0 28 0
0 28 0
0 28 0
34.4169543794724 105 788
52.6651489575319 126 1154
73.7066591141848 167 1334
14.6958812031077 55 351
32.3554889595508 112 665
29.6332562744421 81 676
0 28 0
3.45822044640752 50 231
32.8744895463448 78 183
14.6958812031077 55 351
0 28 0
0 28 0
29.037584307419 100 795
9.5856865952821 57 170
0 28 0
44.8103053548486 106 976
5.59505950301907 56 161
2.45812999636066 48 190
0 28 0
29.6332562744421 81 676
0 28 0
16.3624787021354 77 578
3.37716031078895 50 90
14.6958812031077 55 351
74.5907242047708 161 1265
11.1655339225739 72 331
4.20786701570016 51 253
86.4884829012802 164 1442
14.6919597712179 72 371
1.82100149914691 46 153
20.3518722113134 77 576
15.0020529159572 64 199
21.5269480049529 82 522
16.9462530438433 69 442
36.9204359006484 110 709
24.4848135687308 80 495
9.45251130582535 54 325
14.6958812031077 55 351
0 28 0
9.45251130582535 54 325
9.45251130582535 54 325
14.6958812031077 55 351
12.2737543657628 65 324
4.20786701570016 51 253
0 28 0
44.7301183527126 130 1061
0.376091310737629 35 21
0 28 0
6.83052304732509 53 300
55.7292068145428 129 1229
32.3993396348592 101 503
0 28 0
37.8590184398728 115 738
0 28 0
83.5539298493029 175 1504
41.5848532038625 123 917
0 28 0
9.45251130582535 54 325
9.16174104445589 71 447
0 28 0
29.6332562744421 81 676
6.88710358343414 70 346
0 28 0
13.292845786955 74 515
55.432127086552 143 1285
0 28 0
14.6958812031077 55 351
0 28 0
8.69444020935962 67 391
24.6402443480646 80 651
49.7881154044316 135 1122
13.1645882043682 67 361
1.58179551808369 45 136
59.9844767848016 147 1198
26.2695021647744 90 680
44.8103053548486 106 976
45.1531911160208 116 965
18.1116694331319 74 522
16.8562171484274 89 612
1.20532835558566 43 105
0 28 0
29.6332562744421 81 676
27.1481243770383 98 798
22.3094082860233 78 437
0 28 0
7.25424196844407 68 389
0 28 0
42.4454948739724 120 1025
54.7282049413854 142 1265
15.2863911417581 74 382
42.326814405552 100 386
27.3137554473007 97 766
55.355214738363 145 1229
29.5078244141718 90 452
7.34305443930206 60 241
8.73592190472308 70 424
0 28 0
4.74689832529554 50 111
18.5129566623292 75 541
0 28 0
0 28 0
0 28 0
24.1981555498792 95 445
0 28 0
6.46828299173616 45 42
9.45251130582535 54 325
1.58179551808369 45 136
22.1664272536076 79 627
7.39942862742427 65 326
29.6332562744421 81 676
16.3624787021354 77 578
13.1407036426895 66 356
31.345351992362 97 760
14.6958812031077 55 351
0 28 0
6.44606379027484 47 65
70.4145604474181 154 1175
24.6402443480646 80 651
14.6958812031077 55 351
7.39942862742427 65 326
14.6958812031077 55 351
24.6402443480646 80 651
19.7210731734779 77 582
32.4455335221791 114 894
0 28 0
38.2381301321556 116 931
29.6332562744421 81 676
18.7714548227254 78 601
28.7634665379273 100 527
9.93160938849432 59 225
2.89578076699294 49 210
0.376091310737629 35 21
0 28 0
0 28 0
0 28 0
60.2250302293437 130 1252
6.91835167997423 65 354
0.805240610757522 40 66
10.5460933763027 61 346
0 28 0
3.45822044640752 50 231
0 28 0
37.2873965457862 110 605
0 28 0
2.89578076699294 49 210
49.7636662229743 124 1117
0 28 0
0.607528445916281 38 45
6.83052304732509 53 300
7.94678832485628 62 273
5.25706960875476 52 276
16.4694040647295 79 445
44.8103053548486 106 976
0 28 0
84.8849399107108 168 1428
62.4820946451126 147 1370
0 28 0
14.6958812031077 55 351
1.20532835558566 43 105
29.6332562744421 81 676
0 28 0
2.45812999636066 48 190
14.6958812031077 55 351
0 28 0
9.45251130582535 54 325
41.044482298476 121 1042
4.5758060661883 53 254
65.4710749858119 149 1273
0 28 0
32.0354239418321 101 523
0 28 0
10.3492057180128 72 471
0 28 0
0 28 0
20.4259470039692 73 424
35.5687326282283 110 842
29.1534910868775 94 694
14.6958812031077 55 351
11.2443584756382 67 403
0 28 0
9.45251130582535 54 325
14.6958812031077 55 351
0.251816324091077 33 10
27.943022774998 102 710
20.6948373550336 78 604
21.8142975515483 72 415
45.4393940834646 133 1088
14.6958812031077 55 351
0 28 0
9.45251130582535 54 325
0 28 0
0 28 0
0 28 0
0 28 0
0 28 0
2.89578076699294 49 210
57.1642647360768 118 659
0 28 0
20.8624331370574 102 688
104.049698043102 201 1676
14.6958812031077 55 351
0 28 0
0 28 0
0 28 0
14.6958812031077 55 351
0 28 0
0 28 0
20.6925495740903 86 406
14.6958812031077 55 351
14.1459118187702 69 400
0.523057508586724 37 36
0 28 0
0 28 0
78.3534147832434 172 1346
0 28 0
17.3022622281861 63 367
0 28 0
9.45251130582535 54 325
23.618891729061 79 625
0 28 0
29.6332562744421 81 676
44.8103053548486 106 976
14.6958812031077 55 351
9.45251130582535 54 325
16.4283085077576 65 396
10.6318104058095 69 266
0 28 0
0.922176530161467 41 78
0 28 0
56.9919428996697 127 1076
100.800290374483 200 1808
0 28 0
24.8960265349932 105 622
0 28 0
24.3554492751388 97 763
4.6841662515808 58 214
15.2570789036683 71 441
17.3034205905377 71 471
6.83052304732509 53 300
24.6402443480646 80 651
0 28 0
0 28 0
0 28 0
24.6402443480646 80 651
51.7330611594277 126 1160
8.31223142826345 62 182
14.6958812031077 55 351
32.2664465875683 112 873
6.83052304732509 53 300
13.8564970355813 72 311
0 28 0
0 28 0
35.491302530164 119 657
10.4517666854995 60 340
1.05443352272803 42 91
48.3141485485134 125 1132
0 28 0
0 28 0
0 28 0
5.76925593970851 44 39
52.449136173497 127 761
44.7971283488576 129 913
20.6948373550336 78 604
24.6402443480646 80 651
58.9193279166113 146 1209
9.45251130582535 54 325
0 28 0
0 28 0
0 28 0
11.0696526102069 70 421
55.1443172112102 129 1037
38.0238162246191 103 901
14.6958812031077 55 351
23.618891729061 79 625
13.292845786955 74 515
9.45251130582535 54 325
32.2190881808737 89 704
14.6958812031077 55 351
0 28 0
27.3548388561418 99 686
15.9998569883797 71 389
3.45822044640752 50 231
40.4373051277149 110 635
29.6332562744421 81 676
20.3518722113134 77 576
0 28 0
0 28 0
44.8103053548486 106 976
6.83052304732509 53 300
14.6958812031077 55 351
0 28 0
0 28 0
0 28 0
0 28 0
8.98139385774931 69 402
6.83052304732509 53 300
0 28 0
0 28 0
0 28 0
0 28 0
51.9874456051027 139 1014
4.20786701570016 51 253
0 28 0
20.3335458621773 82 562
22.1664272536076 79 627
17.5470676911852 81 486
0 28 0
2.89578076699294 49 210
16.3624787021354 77 578
24.6402443480646 80 651
0 28 0
9.45251130582535 54 325
32.403921712732 101 854
0.701040521294099 39 55
0 28 0
0 28 0
10.4517666854995 60 340
0 28 0
0 28 0
14.6958812031077 55 351
9.45251130582535 54 325
0 28 0
0 28 0
14.6958812031077 55 351
0 28 0
14.6958812031077 55 351
0 28 0
16.5424159991663 66 406
0 28 0
0 28 0
14.6958812031077 55 351
33.2798015797487 98 580
0 28 0
17.7901301305743 73 504
16.5636028688904 73 484
6.83052304732509 53 300
0 28 0
0 28 0
48.2908860541645 113 997
0 28 0
31.4225171620517 104 709
0 28 0
14.6958812031077 55 351
0 28 0
0 28 0
2.21064841798373 49 112
14.6958812031077 55 351
6.69764535461194 55 100
31.5527849188843 110 810
31.2513170487557 83 677
0 28 0
0 28 0
14.6958812031077 55 351
0 28 0
44.8103053548486 106 976
0 28 0
0 28 0
75.3719213593521 174 1507
20.3518722113134 77 576
52.6651489575319 126 1154
9.45251130582535 54 325
41.7946717176437 115 949
0 28 0
10.0599034229681 56 326
22.7146220099884 91 666
0 28 0
0 28 0
80.2399142209999 176 1544
31.8197818686519 98 574
0.922176530161467 41 78
0.607528445916281 38 45
2.19809303030918 50 146
0 28 0
11.0507311294606 63 211
58.5910665589582 137 897
0 28 0
41.5806847279695 108 538
0.143987245408795 31 3
60.4515354401908 142 1242
1.58179551808369 45 136
29.6332562744421 81 676
0 28 0
28.6490982302079 98 784
0 28 0
3.45822044640752 50 231
3.5437371444783 56 191
36.7500677441177 97 733
0 28 0
15.1271429528303 63 335
0 28 0
0 28 0
53.6865015765355 127 1180
0.523057508586724 37 36
22.2163720278462 89 449
14.6958812031077 55 351
1.82100149914691 46 153
20.6948373550336 78 604
0 28 0
0 28 0
38.0959004458958 111 895
0 28 0
14.6958812031077 55 351
40.7108962490704 117 950
15.7994582610622 59 357
0 28 0
0 28 0
87.5092919701906 182 1549
82.2289119988843 169 1607
41.1237203834858 113 917
7.94678832485628 62 273
0 28 0
6.92445149279963 66 346
10.0599034229681 56 326
14.6958812031077 55 351
69.5880528307779 151 1462
13.9715971281336 75 535
0 28 0
14.6958812031077 55 351
18.8258905932633 93 511
13.292845786955 74 515
3.48105024452155 52 136
0 28 0
0 28 0
54.2005899980259 134 1204
0 28 0
0 28 0
33.2456261328931 96 781
28.3390904399372 105 647
0 28 0
14.6958812031077 55 351
22.1664272536076 79 627
50.6504745921699 138 1175
61.4218381719411 139 943
14.6958812031077 55 351
16.5424159991663 66 406
0 28 0
0 28 0
14.6958812031077 55 351
68.825427447573 150 1111
0.922176530161467 41 78
15.2570789036683 71 441
14.6958812031077 55 351
1.10228609509311 34 7
9.45251130582535 54 325
14.0229948647345 76 367
30.3541094418507 78 195
14.7653946076029 71 289
47.4788876444094 111 812
35.5599595441568 115 707
6.61578355789559 64 247
1.05443352272803 42 91
19.5878797816025 87 555
33.4252743317357 102 878
4.30183956248652 60 265
11.4057772494855 73 486
34.8333540129035 101 866
16.5636028688904 73 484
16.0249829658143 82 463
0 28 0
37.7395574162717 104 929
14.6958812031077 55 351
36.8226958206123 118 661
0 28 0
0 28 0
14.6958812031077 55 351
22.1664272536076 79 627
6.83052304732509 53 300
18.7714548227254 78 601
18.1833304087271 75 529
1.82100149914691 46 153
0 28 0
0 28 0
6.03982244137485 58 148
14.6958812031077 55 351
0 28 0
0 28 0
0 28 0
9.45251130582535 54 325
0.701040521294099 39 55
14.6958812031077 55 351
20.3518722113134 77 576
34.7082405271964 121 851
0 28 0
49.5356760033256 129 1049
44.8103053548486 106 976
24.6402443480646 80 651
0 28 0
6.83052304732509 53 300
4.20786701570016 51 253
51.573463433758 134 1062
6.83052304732509 53 300
0 28 0
36.2923251799803 125 939
24.6402443480646 80 651
1.58179551808369 45 136
0 28 0
14.6958812031077 55 351
24.6402443480646 80 651
67.5405277183617 148 1385
29.6332562744421 81 676
9.45251130582535 54 325
14.6958812031077 55 351
21.1442685935008 97 574
0 28 0
0.143987245408795 31 3
14.6958812031077 55 351
64.2046643259926 153 1319
47.1886664038707 108 977
0 28 0
0 28 0
13.6594233427138 74 507
0 28 0
1.58179551808369 45 136
6.83052304732509 53 300
14.6958812031077 55 351
5.25706960875476 52 276
6.83052304732509 53 300
0 28 0
13.292845786955 74 515
1.37919236032072 44 120
112.701527069732 203 1859
0 28 0
36.033268420839 111 839
46.2714433105061 123 1085
0 28 0
76.765493843135 178 1435
6.83052304732509 53 300
0 28 0
3.45822044640752 50 231
0 28 0
41.044482298476 121 1042
13.3299796728149 75 531
1.37919236032072 44 120
40.6569657055282 121 1048
37.1329967507456 125 945
14.7068526149106 69 262
15.6634516501077 76 553
0 28 0
29.6332562744421 81 676
24.6402443480646 80 651
0 28 0
11.935708705721 74 510
0 28 0
31.4171000976486 106 590
4.20786701570016 51 253
0 28 0
36.090069268987 110 858
18.0417584550461 70 266
23.3474296286743 90 612
14.6958812031077 55 351
39.0451688436228 104 927
0 28 0
8.90738586111863 68 405
0 28 0
40.7662044440215 119 940
0 28 0
73.50693816206 163 1299
11.935708705721 74 510
14.6958812031077 55 351
9.45251130582535 54 325
32.403921712732 101 854
0 28 0
33.3042428708408 85 451
0 28 0
3.39549312788066 39 25
0 28 0
9.45251130582535 54 325
0 28 0
0 28 0
0 28 0
23.618891729061 79 625
3.12377640621692 50 114
0 28 0
0 28 0
0.523057508586724 37 36
9.45251130582535 54 325
20.9725665684714 95 724
0 28 0
0 28 0
0 28 0
1.82100149914691 46 153
22.6836240914575 96 617
10.9714139422769 65 380
29.6332562744421 81 676
0 28 0
52.852062442323 132 1000
29.288034627066 85 491
18.6132804853535 81 404
14.6958812031077 55 351
0 28 0
0 28 0
0 28 0
56.6979577003152 139 1210
55.5201151905402 146 1072
65.5638882231791 155 1198
29.1534910868775 94 694
14.6958812031077 55 351
0 28 0
0 28 0
63.0491463810045 146 1314
0 28 0
26.756517827886 93 716
0.311540094803722 34 15
50.8776657624758 131 984
15.6634516501077 76 553
0 28 0
51.2175398616209 119 736
20.3518722113134 77 576
0 28 0
0 28 0
34.3605969073041 100 847
16.5636028688904 73 484
0.376091310737629 35 21
10.729561409823 67 343
24.6402443480646 80 651
14.6958812031077 55 351
5.25706960875476 52 276
0 28 0
14.6958812031077 55 351
0 28 0
0 28 0
25.9867076371222 97 727
24.0993950607465 85 514
0 28 0
4.02438685817087 41 36
24.7166135424495 99 620
38.9062758715412 134 965
0 28 0
49.8646157541071 131 1048
53.6865015765355 127 1180
14.6958812031077 55 351
15.0020529159572 64 199
63.7269238973328 133 1255
14.6958812031077 55 351
44.8103053548486 106 976
0 28 0
0 28 0
23.618891729061 79 625
0 28 0
43.926773474167 115 776
15.6826270201897 58 354
14.6958812031077 55 351
41.3756790402863 120 889
6.83052304732509 53 300
0 28 0
43.9182295112964 125 1015
9.16174104445589 71 447
37.1188153004838 109 919
25.3337414724782 83 631
1.58179551808369 45 136
9.45251130582535 54 325
14.6958812031077 55 351
5.25706960875476 52 276
0 28 0
0 28 0
19.6439903176988 82 582
24.1067987141781 78 290
0 28 0
14.1459118187702 69 400
23.618891729061 79 625
14.6958812031077 55 351
14.6958812031077 55 351
20.6948373550336 78 604
19.0295912197919 76 561
34.9252485618649 92 703
0 28 0
14.1459118187702 69 400
0 28 0
22.1760990301567 92 661
1.58179551808369 45 136
10.7826857522577 71 293
0 28 0
22.8704960002438 97 601
15.2570789036683 71 441
57.4351612603098 142 1067
0 28 0
39.9969400544445 119 844
24.5351803402276 89 672
0 28 0
0 28 0
37.9789147811491 119 1008
15.5254805769306 85 570
0 28 0
19.4769544534326 83 479
38.520085096258 119 999
28.1820879032686 90 640
0.94853939329495 35 11
14.6958812031077 55 351
0 28 0
84.1553394279051 179 1461
0 28 0
0 28 0
0 28 0
22.1664272536076 79 627
0 28 0
0 28 0
6.83052304732509 53 300
26.1742409055094 96 753
14.6958812031077 55 351
0.523057508586724 37 36
2.12363871409677 35 9
0.196193297662178 32 6
9.45251130582535 54 325
69.5679740930928 155 1172
14.6958812031077 55 351
0 28 0
36.2755941997207 123 782
36.1397492127831 100 667
0 28 0
29.6332562744421 81 676
0 28 0
39.0451688436228 104 927
0 28 0
34.5588251924337 89 689
0.922176530161467 41 78
0 28 0
0 28 0
0 28 0
2.45812999636066 48 190
0 28 0
14.6958812031077 55 351
0 28 0
0 28 0
0 28 0
4.32291980081333 53 146
14.6958812031077 55 351
0 28 0
0 28 0
14.6958812031077 55 351
0 28 0
35.9250023739774 102 880
0.701040521294099 39 55
14.6958812031077 55 351
9.45251130582535 54 325
14.6958812031077 55 351
14.9252202593167 76 556
0 28 0
8.73592190472308 70 424
5.25706960875476 52 276
9.45251130582535 54 325
29.6332562744421 81 676
0 28 0
0 28 0
12.0718038660584 67 250
6.83052304732509 53 300
0 28 0
33.8568589386685 100 835
0 28 0
0 28 0
40.5351186990014 119 752
0 28 0
0 28 0
7.39942862742427 65 326
19.3575551896599 77 530
0 28 0
0 28 0
32.1840329435334 102 882
14.6958812031077 55 351
25.8825564818592 84 547
0 28 0
10.5632458889081 71 353
0 28 0
4.20786701570016 51 253
12.6596398225636 61 334
14.6958812031077 55 351
0 28 0
120.589262478038 201 1460
44.8103053548486 106 976
0 28 0
30.6309784798849 112 855
0 28 0
0 28 0
36.7003883126624 122 910
14.8717639156073 77 355
18.1833304087271 75 529
0 28 0
1.82100149914691 46 153
5.25706960875476 52 276
2.45812999636066 48 190
26.1385089761956 88 645
6.83052304732509 53 300
0.143987245408795 31 3
25.1749603454751 82 520
54.6445792841464 136 1183
34.40280872598 108 834
0 28 0
12.3897240530742 72 478
5.25706960875476 52 276
0 28 0
0.251816324091077 33 10
3.57649392281124 57 208
14.6958812031077 55 351
0 28 0
14.7289229933577 86 558
6.83052304732509 53 300
0.805240610757522 40 66
0 28 0
16.7983656958969 68 429
17.5257329107858 72 487
0 28 0
0 28 0
14.6958812031077 55 351
7.59024956320786 58 310
0 28 0
29.6332562744421 81 676
0 28 0
49.293302956683 125 816
4.02438685817087 41 36
0 28 0
43.093683147441 135 938
42.4578394894772 108 955
31.1626803245298 101 856
63.5096436104487 150 1041
0.0944979523678537 30 1
50.58204088881 137 1183
5.25706960875476 52 276
10.0721137058283 65 312
0 28 0
14.6958812031077 55 351
51.0716714204538 141 1247
2.51524743711252 50 119
0 28 0
0 28 0
13.1645882043682 67 361
16.4283085077576 65 396
1.55986182526195 36 13
44.8103053548486 106 976
0 28 0
0 28 0
29.6332562744421 81 676
6.83052304732509 53 300
0 28 0
0 28 0
38.0238162246191 103 901
9.45251130582535 54 325
38.2381301321556 116 931
62.3298326616011 143 1270
17.3234471590333 89 607
6.77679616914392 58 211
58.9557828451105 132 1232
1.19360913789003 38 24
38.7427891012688 121 925
9.45251130582535 54 325
37.1893796922469 122 847
16.6648636824535 67 417
1.82100149914691 46 153
1.10228609509311 34 7
40.3072181866445 124 995
6.83052304732509 53 300
29.6332562744421 81 676
14.6958812031077 55 351
58.8245440705771 152 1202
44.108540155487 124 1114
49.1427482147705 118 815
0 28 0
18.7714548227254 78 601
7.20172787383665 51 121
31.2670378284469 101 815
35.4684316960524 102 886
32.0866016022512 88 697
0 28 0
14.6958812031077 55 351
0 28 0
0 28 0
41.2685189232471 117 963
0 28 0
0 28 0
0 28 0
0 28 0
0.311540094803722 34 15
33.8568589386685 100 835
18.1833304087271 75 529
148.804809557253 250 2259
45.7958294698131 138 1043
0 28 0
0.446283374552424 36 28
6.83052304732509 53 300
0 28 0
8.21458021592617 64 355
0 28 0
0 28 0
27.5662763541118 88 580
16.2176113938934 67 235
0 28 0
0 28 0
25.1749603454751 82 520
14.6958812031077 55 351
14.6958812031077 55 351
56.7200916270945 141 1253
6.83052304732509 53 300
33.4252743317357 102 878
14.6958812031077 55 351
9.45251130582535 54 325
54.7078541955392 128 1205
25.4523521718158 90 578
60.9991795743441 148 1169
9.42811298142376 52 75
34.6370732741954 108 797
0 28 0
18.7714548227254 78 601
24.3382161223379 97 598
0.922176530161467 41 78
29.1534910868775 94 694
0 28 0
0 28 0
47.4269284142816 137 860
4.52292539519869 61 276
47.8632848413403 135 1108
0.701040521294099 39 55
0 28 0
0 28 0
0 28 0
22.5887171210232 94 535
23.618891729061 79 625
24.5492701864187 93 686
5.25706960875476 52 276
4.20786701570016 51 253
6.83052304732509 53 300
0 28 0
2.12363871409677 35 9
32.5073143222768 95 446
2.45812999636066 48 190
0 28 0
10.0288513423677 64 205
9.85461890038124 71 453
0 28 0
104.630946150646 182 1160
5.25706960875476 52 276
27.3621729762466 86 636
0 28 0
0 28 0
0 28 0
54.7078541955392 128 1205
79.5121696476408 178 1598
11.8126979634728 70 445
29.1534910868775 94 694
14.6958812031077 55 351
14.6958812031077 55 351
0 28 0
60.2250302293437 130 1252
14.6958812031077 55 351
16.1141279068584 62 372
0 28 0
2.83267566795938 52 141
0 28 0
0 28 0
31.4850058915058 101 858
0 28 0
0 28 0
16.3689969015291 56 75
68.8457689116189 153 1185
14.6958812031077 55 351
5.22889298800975 52 133
5.59943062860203 58 144
0.523057508586724 37 36
19.7210731734779 77 582
28.0601458834764 90 542
29.1385310498016 85 469
0 28 0
14.6958812031077 55 351
3.95222972396619 58 219
0 28 0
6.1251154721101 65 330
0 28 0
0 28 0
18.7714548227254 78 601
1.20532835558566 43 105
0 28 0
29.3481252822355 99 809
0 28 0
22.4167786771577 89 442
18.1221731994479 84 525
100.025329911182 191 1836
6.79142951048289 67 373
18.1833304087271 75 529
5.25706960875476 52 276
15.5526218047014 57 352
5.25706960875476 52 276
14.6958812031077 55 351
0 28 0
12.7848043823154 73 496
76.9400075175588 158 1341
63.3930061560608 155 1298
6.83052304732509 53 300
29.0464762895102 92 675
86.9615985657359 171 1467
9.45251130582535 54 325
0.446283374552424 36 28
49.2266270173088 119 1054
5.38799731294857 40 19
0 28 0
5.7604090456703 55 279
0 28 0
2.21064841798373 49 112
14.6958812031077 55 351
38.0238162246191 103 901
32.1840329435334 102 882
23.618891729061 79 625
27.3764918598824 88 607
15.2570789036683 71 441
8.73592190472308 70 424
8.98139385774931 69 402
5.15058189719375 60 244
33.4252743317357 102 878
23.618891729061 79 625
0 28 0
0 28 0
25.1011838774 85 613
0.0944979523678537 30 1
17.7740465210117 82 588
30.9006515713667 111 834
30.9727673838312 99 593
10.9752276553545 67 241
14.6958812031077 55 351
16.0908724710261 80 397
23.5246312754419 91 682
29.580818096008 99 814
0 28 0
44.8103053548486 106 976
0.0944979523678537 30 1
0 28 0
0 28 0
1.05443352272803 42 91
0 28 0
53.6865015765355 127 1180
12.7089595784111 74 340
27.8732617615467 95 468
0 28 0
2.45812999636066 48 190
19.75313505403 78 544
0 28 0
0.607528445916281 38 45
9.45251130582535 54 325
0 28 0
1.05443352272803 42 91
32.3109613914649 98 792
34.3605969073041 100 847
15.9081617961145 60 361
23.618891729061 79 625
19.9295268078228 85 457
0 28 0
18.7737571188195 84 497
2.75979757504283 50 191
14.6958812031077 55 351
2.89578076699294 49 210
14.6958812031077 55 351
0 28 0
44.8103053548486 106 976
0 28 0
14.6958812031077 55 351
0 28 0
8.9379372159137 66 274
39.6201587153371 114 585
14.6958812031077 55 351
33.8568589386685 100 835
29.6332562744421 81 676
18.7714548227254 78 601
0 28 0
0 28 0
4.13334043656992 37 10
90.4471153650478 191 1634
0 28 0
5.25706960875476 52 276
5.66673827127835 62 276
0 28 0
8.76228713046224 59 307
0 28 0
0 28 0
20.8477255777308 94 542
45.9464628577968 124 749
1.82100149914691 46 153
73.9401045446214 169 1144
14.6958812031077 55 351
14.6958812031077 55 351
0.805240610757522 40 66
0 28 0
9.45251130582535 54 325
0 28 0
60.4432510694525 146 1207
126.429687884305 217 1615
0 28 0
28.2757147049142 107 638
23.7392886034985 83 633
20.3518722113134 77 576
5.25706960875476 52 276
1.19360913789003 38 24
29.6332562744421 81 676
22.9979790993102 88 649
14.6958812031077 55 351
15.7994582610622 59 357
7.3155083858403 55 301
39.2395357672291 106 836
14.9252202593167 76 556
0 28 0
5.72521404519306 54 157
0 28 0
0 28 0
29.6332562744421 81 676
0 28 0
0 28 0
53.5661431969201 143 1090
23.618891729061 79 625
46.0684503229915 118 1000
21.7031570883138 91 476
31.4850058915058 101 858
19.1150190594297 73 275
106.284497398666 200 1510
27.3626386709484 101 637
67.5405277183617 148 1385
33.6852197922683 107 871
21.6600787339524 86 504
69.3080454621198 165 1403
0 28 0
2.1078154386433 47 171
9.45251130582535 54 325
0 28 0
0 28 0
0 28 0
0 28 0
0 28 0
48.5431351104941 127 794
21.4112042293883 77 462
0 28 0
0 28 0
9.85461890038124 71 453
48.1079704124552 116 646
0 28 0
0 28 0
0 28 0
29.6332562744421 81 676
73.3893581234083 164 1359
1.05443352272803 42 91
1.82100149914691 46 153
52.7452380396864 125 1087
3.45822044640752 50 231
0 28 0
0 28 0
22.1664272536076 79 627
16.5636028688904 73 484
1.05443352272803 42 91
0 28 0
1.82100149914691 46 153
0 28 0
0 28 0
0 28 0
1.10228609509311 34 7
7.3155083858403 55 301
33.4539070320809 97 796
0 28 0
52.9053452452724 145 1112
19.0295912197919 76 561
45.6092924808405 130 1014
14.6958812031077 55 351
84.1759774837338 177 1551
0 28 0
66.6340968885449 154 1274
9.45251130582535 54 325
1.4719873349608 33 4
0 28 0
0 28 0
14.6958812031077 55 351
0 28 0
0.523057508586724 37 36
39.0451688436228 104 927
9.45251130582535 54 325
60.0910831882814 149 1065
36.4749520180074 118 918
0 28 0
29.6332562744421 81 676
0 28 0
37.7395574162717 104 929
0 28 0
20.3518722113134 77 576
69.1807298656129 158 1416
0 28 0
0 28 0
14.6958812031077 55 351
0 28 0
2.69706156511552 42 35
0 28 0
12.4430406608797 61 129
0 28 0
29.7863541162743 114 820
20.8162639045333 81 509
0.922176530161467 41 78
23.3474296286743 90 612
25.747591031851 103 703
8.59970353209807 64 307
2.1078154386433 47 171
0 28 0
14.6958812031077 55 351
0 28 0
0 28 0
49.3616644721367 130 998
8.90777378383909 54 84
16.9462530438433 69 442
0 28 0
32.9009657149402 94 754
6.23959574632869 56 183
40.8186731600486 116 967
9.45251130582535 54 325
0 28 0
70.8703966566872 160 1099
9.45251130582535 54 325
36.3683658849751 103 907
14.6958812031077 55 351
18.4243611384216 62 360
19.3121324325379 89 464
0 28 0
0 28 0
41.8592672483071 120 1043
0 28 0
31.9140621943662 101 520
0 28 0
0 28 0
44.8103053548486 106 976
0 28 0
0 28 0
60.2250302293437 130 1252
9.45251130582535 54 325
0 28 0
14.6958812031077 55 351
32.3355440837617 113 880
0 28 0
0 28 0
54.6615363381218 139 1196
4.20786701570016 51 253
18.1833304087271 75 529
29.6704508492116 99 807
19.7210731734779 77 582
0 28 0
33.0842531730504 111 793
4.20786701570016 51 253
14.6958812031077 55 351
21.5202671675399 90 634
58.7044457178862 121 1007
19.0295912197919 76 561
0 28 0
9.45251130582535 54 325
9.42811298142376 52 67
0 28 0
9.45251130582535 54 325
9.24922527125378 75 427
14.6958812031077 55 351
14.6958812031077 55 351
24.9719865675673 95 735
49.335501167517 126 1158
29.6332562744421 81 676
4.20786701570016 51 253
26.1742409055094 96 753
14.6958812031077 55 351
4.20786701570016 51 253
0 28 0
6.83052304732509 53 300
10.6714957919265 61 256
26.8949709241396 88 679
0 28 0
0 28 0
46.9997070582863 125 1142
0 28 0
71.5730499752381 162 1243
23.618891729061 79 625
0 28 0
48.6098445021779 136 1145
0 28 0
39.6839012315853 129 980
6.10590243631518 61 172
14.6958812031077 55 351
11.8728953258193 79 421
17.879253690105 95 576
6.83052304732509 53 300
9.45251130582535 54 325
6.19859737361832 61 258
22.1664272536076 79 627
9.45251130582535 54 325
14.6958812031077 55 351
0 28 0
15.6634516501077 76 553
0 28 0
29.6332562744421 81 676
29.6332562744421 81 676
0 28 0
14.6958812031077 55 351
14.6958812031077 55 351
1.82100149914691 46 153
15.9081617961145 60 361
0 28 0
28.3304463364466 92 583
0 28 0
0 28 0
32.1840329435334 102 882
29.9353446532205 110 844
0 28 0
18.1833304087271 75 529
5.68090365043635 59 227
14.6958812031077 55 351
74.0486712734273 166 1539
6.77679616914392 58 211
0.922176530161467 41 78
9.16108535756161 69 420
16.9462530438433 69 442
28.6576771105694 98 592
48.1703791069711 129 943
21.2635063230462 90 667
0 28 0
28.3217825025423 98 796
10.836109372011 62 206
32.403921712732 101 854
6.83052304732509 53 300
4.74689832529554 50 111
29.6332562744421 81 676
0 28 0
17.2264945465827 79 469
22.0254826552898 91 474
0 28 0
14.6958812031077 55 351
61.6199573349598 146 1358
9.45251130582535 54 325
3.91375217522507 51 123
70.6299601187657 162 1327
5.25706960875476 52 276
1.4719873349608 33 4
6.41101181691166 64 249
16.3659482339206 86 569
0 28 0
31.0608416967799 96 751
9.45251130582535 54 325
32.403921712732 101 854
0 28 0
9.45251130582535 54 325
29.6332562744421 81 676
34.2219015731476 117 873
64.4568897295306 148 1390
14.6958812031077 55 351
14.6958812031077 55 351
9.45251130582535 54 325
0 28 0
0 28 0
46.5262118591282 137 1006
0.143987245408795 31 3
0 28 0
6.83052304732509 53 300
0 28 0
14.6958812031077 55 351
0 28 0
56.9736156348485 141 982
14.6958812031077 55 351
9.45251130582535 54 325
0 28 0
47.5519121039588 124 860
2.89578076699294 49 210
57.830048232029 148 1106
48.3141485485134 125 1135
0 28 0
15.3694597192207 74 334
29.6332562744421 81 676
29.6332562744421 81 676
29.6332562744421 81 676
0 28 0
1.20511973964558 42 58
0 28 0
14.9252202593167 76 556
29.6332562744421 81 676
0 28 0
0 28 0
0 28 0
2.45812999636066 48 190
1.58179551808369 45 136
21.4759515834838 91 561
14.6958812031077 55 351
32.2097419451342 113 903
12.2070677980765 72 463
0 28 0
20.3518722113134 77 576
33.8568589386685 100 835
7.39942862742427 65 326
0 28 0
6.83052304732509 53 300
24.6402443480646 80 651
0 28 0
48.9558167628851 137 993
0 28 0
10.5537692594989 59 147
4.50117544264602 59 267
40.0665214626264 105 952
0 28 0
20.6948373550336 78 604
0 28 0
48.1389511731388 133 1103
24.6402443480646 80 651
4.30183956248652 60 265
39.9521337878278 102 776
51.1724409638157 127 1008
9.45251130582535 54 325
0 28 0
11.4057772494855 73 486
1.37919236032072 44 120
14.6958812031077 55 351
2.45812999636066 48 190
9.45251130582535 54 325
5.53293046866881 62 308
71.6259381943764 152 1483
5.25706960875476 52 276
0 28 0
49.7427539391219 127 822
48.3198311872108 119 544
21.9247335612043 81 582
24.3992262484385 88 663
18.4392004276372 87 394
9.45251130582535 54 325
0.196193297662178 32 6
0 28 0
29.3481252822355 99 809
6.77679616914392 58 211
2.51524743711252 50 119
14.6958812031077 55 351
0 28 0
29.9042483050988 108 612
0 28 0
14.6958812031077 55 351
0 28 0
11.1005018125509 66 391
44.8103053548486 106 976
48.2390570415779 126 1162
29.6332562744421 81 676
0 28 0
42.5485568212545 120 1049
72.6784634001615 161 1441
60.6378404247817 150 1047
9.45251130582535 54 325
0 28 0
0 28 0
8.98139385774931 69 402
100.025329911182 191 1836
6.83052304732509 53 300
0 28 0
1.37919236032072 44 120
3.81427937166853 46 73
59.4716477435294 144 972
18.5674343829509 94 606
72.7516214016281 163 1307
1.05443352272803 42 91
36.428413826803 114 924
22.6657121384572 82 460
9.45251130582535 54 325
5.48354606955374 63 295
0 28 0
52.9296834865841 141 1039
0 28 0
0 28 0
12.2070677980765 72 463
9.45251130582535 54 325
2.89578076699294 49 210
18.1116694331319 74 522
13.9715971281336 75 535
0 28 0
0 28 0
14.6958812031077 55 351
0 28 0
14.6958812031077 55 351
0 28 0
32.403921712732 101 854
41.7014054794326 112 865
10.128779308027 68 381
18.7714548227254 78 601
0 28 0
0 28 0
14.6958812031077 55 351
7.85957863498956 53 144
34.5524018931071 110 832
6.83052304732509 53 300
0 28 0
5.25706960875476 52 276
0 28 0
10.7761916624381 77 422
44.8103053548486 106 976
44.3225850073883 137 983
20.6948373550336 78 604
9.45251130582535 54 325
0 28 0
14.6958812031077 55 351
3.45822044640752 50 231
0 28 0
27.9512115054813 100 832
40.0592390388928 121 1057
0 28 0
67.7734977884837 149 1417
16.2354097616811 83 523
0 28 0
13.9715971281336 75 535
0.251816324091077 33 10
3.79545320302661 52 232
0.251816324091077 33 10
31.0608416967799 96 751
14.6958812031077 55 351
29.6704508492116 99 807
22.1664272536076 79 627
18.7645239029779 72 211
0 28 0
29.343135121546 99 822
5.85883145710349 65 336
1.82100149914691 46 153
0 28 0
0 28 0
0 28 0
20.4864721530036 85 574
0 28 0
14.6958812031077 55 351
13.6533826740711 78 482
14.6958812031077 55 351
0 28 0
0 28 0
42.1951855273053 107 953
0 28 0
6.83052304732509 53 300
17.7901301305743 73 504
18.1116694331319 74 522
2.1078154386433 47 171
43.8444060024817 120 1047
14.6958812031077 55 351
0 28 0
14.6958812031077 55 351
0 28 0
0 28 0
20.6948373550336 78 604
0 28 0
14.6958812031077 55 351
29.6332562744421 81 676
0 28 0
6.83052304732509 53 300
0 28 0
0 28 0
0 28 0
0 28 0
31.345351992362 97 760
23.618891729061 79 625
2.12363871409677 35 9
52.4216916940204 139 1034
33.4539070320809 97 796
49.9723493576133 136 1142
1.61413131331301 46 97
29.6332562744421 81 676
0 28 0
3.45822044640752 50 231
1.58179551808369 45 136
8.52257884974249 70 429
6.83052304732509 53 300
0 28 0
25.400269815074 106 759
44.8103053548486 106 976
0 28 0
60.2250302293437 130 1252
65.5938628434748 158 1378
11.5358372544377 66 226
1.20532835558566 43 105
28.481633620593 101 672
61.8862614310587 157 1176
29.6332562744421 81 676
23.7338298493424 100 633
0 28 0
0 28 0
0 28 0
0 28 0
16.9462530438433 69 442
0 28 0
14.6958812031077 55 351
1.82100149914691 46 153
13.1645882043682 67 361
30.4926964791014 101 741
1.67210196871174 39 27
19.7210731734779 77 582
17.6918653862358 75 485
14.6958812031077 55 351
3.45822044640752 50 231
29.6332562744421 81 676
0 28 0
0 28 0
29.6332562744421 81 676
0 28 0
60.4444149244467 127 577
43.7674604474127 106 593
34.1104473316832 100 829
29.6332562744421 81 676
27.2883293806562 91 631
10.9508111855615 59 114
40.0119909057607 133 1094
29.8252623936072 100 835
0 28 0
0 28 0
13.1645882043682 67 361
29.6332562744421 81 676
29.6332562744421 81 676
0 28 0
7.66010350110023 50 74
17.3034205905377 71 471
0 28 0
44.8103053548486 106 976
14.6958812031077 55 351
0.805240610757522 40 66
14.6958812031077 55 351
25.6829918865683 104 714
32.1840329435334 102 882
16.2845934501854 78 436
16.3624787021354 77 578
38.7243153412285 109 665
71.6259381943764 152 1483
9.45251130582535 54 325
9.45251130582535 54 325
61.7699674427938 150 1017
0 28 0
1.58179551808369 45 136
0 28 0
29.6332562744421 81 676
14.6958812031077 55 351
0 28 0
14.6958812031077 55 351
0 28 0
4.20786701570016 51 253
0 28 0
3.79545320302661 52 232
20.3518722113134 77 576
0 28 0
29.6332562744421 81 676
40.0665214626264 105 952
0 28 0
0 28 0
39.1384226784688 114 938
28.383991289952 102 654
60.2250302293437 130 1252
0 28 0
0 28 0
38.0238162246191 103 901
5.25706960875476 52 276
31.6541320968853 113 739
113.300339834799 200 1391
0 28 0
5.25706960875476 52 276
0.805240610757522 40 66
0 28 0
59.8529345889347 151 1081
3.45822044640752 50 231
0 28 0
0 28 0
0 28 0
14.6958812031077 55 351
18.5512778220601 71 241
13.1645882043682 67 361
0 28 0
9.45251130582535 54 325
0.251816324091077 33 10
0 28 0
28.9448366889613 99 815
0 28 0
35.8779493386999 90 469
0 28 0
43.6004846464283 129 995
23.618891729061 79 625
0 28 0
1.82100149914691 46 153
57.360755085206 141 1229
3.45822044640752 50 231
65.8098885752279 148 1346
0 28 0
14.6958812031077 55 351
6.71966481846882 47 55
0 28 0
6.92445149279963 66 346
26.2226490816127 97 775
3.91375217522507 51 123
0 28 0
0 28 0
1.82100149914691 46 153
0 28 0
17.6923287426628 60 355
0 28 0
0 28 0
0 28 0
0.0944979523678537 30 1
4.20786701570016 51 253
25.2082059697745 79 426
14.6958812031077 55 351
5.25706960875476 52 276
0 28 0
56.2858849787786 135 1174
0 28 0
59.4301828211872 141 1217
0 28 0
9.45251130582535 54 325
21.2635063230462 90 667
0 28 0
16.1543606601187 86 590
14.6958812031077 55 351
0 28 0
45.40314938028 123 1092
4.32291980081333 53 146
29.6332562744421 81 676
0 28 0
10.2185761063985 52 85
9.45251130582535 54 325
0 28 0
4.20786701570016 51 253
24.7154883382855 101 538
44.1478133198844 122 1072
16.1012860268019 78 458
0 28 0
14.6958812031077 55 351
20.3518722113134 77 576
9.74066338079099 53 75
0 28 0
0 28 0
0 28 0
29.6332562744421 81 676
14.6958812031077 55 351
40.0665214626264 105 952
70.5818130844509 161 1345
3.35888680625211 44 57
46.0684503229915 118 1000
13.3857111717416 83 494
6.83052304732509 53 300
0 28 0
0 28 0
14.6958812031077 55 351
37.8860954248392 96 725
0 28 0
20.3474887406484 74 446
0 28 0
14.6958812031077 55 351
6.33195205691417 61 312
0.446283374552424 36 28
0 28 0
0 28 0
0 28 0
13.6594233427138 74 507
0 28 0
12.7848043823154 73 496
9.45251130582535 54 325
0 28 0
29.6332562744421 81 676
2.76309443558916 37 16
18.0720948088661 89 616
1.03817142618995 41 56
0 28 0
2.1078154386433 47 171
21.2990766876839 79 409
0 28 0
52.4650296344641 140 1226
0 28 0
37.3745807162149 114 916
42.3847725131422 128 838
31.4850058915058 101 858
10.3492057180128 72 471
0 28 0
14.6958812031077 55 351
0 28 0
58.1968085057333 155 1137
0 28 0
0 28 0
16.4283085077576 65 396
15.8735352667011 74 332
0.523057508586724 37 36
0 28 0
0 28 0
16.5424159991663 66 406
1.82100149914691 46 153
5.25706960875476 52 276
0 28 0
0 28 0
21.8309495726167 89 589
0.446283374552424 36 28
91.7584647290483 175 1736
17.3034205905377 71 471
0 28 0
0 28 0
31.0408266253476 96 695
0 28 0
19.6054182961221 80 515
0.143987245408795 31 3
22.1760990301567 92 661
14.4589775408187 79 365
0 28 0
19.7067696518686 93 681
0 28 0
0 28 0
2.45812999636066 48 190
0.376091310737629 35 21
0 28 0
40.3066638978834 121 885
0.311540094803722 34 15
29.9935520637451 94 712
29.6332562744421 81 676
10.3492057180128 72 471
18.7714548227254 78 601
9.45251130582535 54 325
22.1664272536076 79 627
3.44737218599558 50 140
60.7767585776331 141 1295
4.75040994032178 55 171
32.6160442612108 106 763
4.20786701570016 51 253
10.0354595599449 71 443
12.3897240530742 72 478
3.45822044640752 50 231
38.0238162246191 103 901
26.3550940914818 84 657
37.4463805394859 103 712
43.7053559310614 117 699
15.2570789036683 71 441
14.6958812031077 55 351
0 28 0
28.5185730521245 105 717
151.404471786702 247 2191
133.640241350624 233 2106
1.20532835558566 43 105
2.45812999636066 48 190
0 28 0
0 28 0
0.523057508586724 37 36
0.251816324091077 33 10
14.6958812031077 55 351
0 28 0
0 28 0
27.1481243770383 98 798
0 28 0
2.45812999636066 48 190
42.3852170734595 118 908
14.6958812031077 55 351
70.6045855753727 151 1460
16.3624787021354 77 578
6.83052304732509 53 300
14.6958812031077 55 351
25.4466589774278 103 590
44.8103053548486 106 976
79.8079591801653 169 1601
38.8715303209611 116 811
3.45822044640752 50 231
23.5268126843161 85 562
14.6958812031077 55 351
0 28 0
0 28 0
13.292845786955 74 515
20.2157744407623 87 417
23.9838044642164 93 527
14.6958812031077 55 351
0 28 0
0 28 0
38.1110486186597 113 865
0 28 0
14.6958812031077 55 351
23.618891729061 79 625
0 28 0
6.83052304732509 53 300
32.3490640288573 90 712
9.2047708394685 76 427
29.6332562744421 81 676
41.2044868310691 114 974
14.6958812031077 55 351
0 28 0
8.73592190472308 70 424
11.0696526102069 70 421
0 28 0
53.3560244736427 117 1001
14.6958812031077 55 351
11.6284470971203 84 417
14.6958812031077 55 351
0 28 0
6.58838425793526 63 331
14.6958812031077 55 351
15.2570789036683 71 441
0 28 0
70.2380927632919 163 1478
0 28 0
0 28 0
29.6332562744421 81 676
44.8103053548486 106 976
15.5526218047014 57 352
14.6958812031077 55 351
6.83052304732509 53 300
14.6958812031077 55 351
0 28 0
39.6252927982219 114 904
14.6958812031077 55 351
29.6332562744421 81 676
29.6332562744421 81 676
23.7551264925158 92 695
5.2821452117771 45 64
27.2038826035432 95 745
23.1386233017799 76 451
0 28 0
0 28 0
44.8103053548486 106 976
0 28 0
15.2570789036683 71 441
0 28 0
0 28 0
14.6958812031077 55 351
9.45251130582535 54 325
15.9081617961145 60 361
0 28 0
72.9016904253736 162 1323
0 28 0
0.523057508586724 37 36
14.6958812031077 55 351
2.89578076699294 49 210
2.45812999636066 48 190
0.701040521294099 39 55
37.5920334632243 115 928
29.6332562744421 81 676
12.7848043823154 73 496
5.25706960875476 52 276
0 28 0
14.6958812031077 55 351
5.25706960875476 52 276
0 28 0
14.6958812031077 55 351
0 28 0
11.7552869415639 50 52
3.45822044640752 50 231
4.20786701570016 51 253
0.805240610757522 40 66
0 28 0
0 28 0
5.25706960875476 52 276
0 28 0
9.45251130582535 54 325
29.6332562744421 81 676
0 28 0
15.6634516501077 76 553
23.618891729061 79 625
20.1139736596776 66 370
0 28 0
137.310881646031 237 2138
0 28 0
37.7395574162717 104 929
0 28 0
13.3299796728149 75 531
15.7542582176218 76 274
51.4472502870364 126 1166
0 28 0
13.2113397090782 86 552
2.45812999636066 48 190
0 28 0
7.85957863498956 53 144
0 28 0
39.0451688436228 104 927
5.22889298800975 52 133
16.4283085077576 65 396
0.0944979523678537 30 1
2.89578076699294 49 210
25.0441896733204 93 674
0 28 0
50.8215400132687 132 1110
4.20786701570016 51 253
43.9109199049618 121 1039
26.0296729201897 95 535
1.37919236032072 44 120
14.6958812031077 55 351
9.45251130582535 54 325
45.1323096778614 118 982
0 28 0
36.4330922101957 105 845
0 28 0
6.83052304732509 53 300
14.6958812031077 55 351
15.6856379152434 85 541
14.6958812031077 55 351
0 28 0
0 28 0
5.25706960875476 52 276
6.33195205691417 61 312
35.4850141411716 115 949
0 28 0
19.7210731734779 77 582
0 28 0
32.4793114271096 91 721
17.3955978010071 90 619
0 28 0
71.8369866460266 170 1403
0 28 0
14.6958812031077 55 351
52.6651489575319 126 1154
0 28 0
29.6332562744421 81 676
26.4675054167748 100 687
0 28 0
0 28 0
17.1127566517913 70 456
0 28 0
0 28 0
0.523057508586724 37 36
12.8459894455778 86 436
14.6958812031077 55 351
22.1664272536076 79 627
14.6958812031077 55 351
12.993240664921 62 130
58.2730762633293 127 720
23.1539550862296 89 659
0 28 0
20.0322639704637 88 589
3.45822044640752 50 231
14.6958812031077 55 351
0 28 0
14.6958812031077 55 351
29.6332562744421 81 676
0 28 0
0 28 0
16.9462530438433 69 442
14.6958812031077 55 351
12.2070677980765 72 463
0 28 0
21.2022155586277 90 614
24.6402443480646 80 651
14.6958812031077 55 351
19.4769544534326 83 479
14.6958812031077 55 351
18.064184792791 67 385
58.3986871249179 130 956
14.6958812031077 55 351
0 28 0
4.20786701570016 51 253
32.3109613914649 98 792
54.3003073746057 129 1005
0 28 0
15.2570789036683 71 441
3.39549312788066 39 25
5.25706960875476 52 276
20.7348341240716 82 356
14.6958812031077 55 351
29.6332562744421 81 676
28.5164752050416 97 787
0 28 0
14.6958812031077 55 351
14.6958812031077 55 351
0 28 0
0 28 0
4.74990869021112 55 259
0 28 0
2.30693695850548 50 159
0.143987245408795 31 3
0 28 0
0 28 0
5.72521404519306 54 157
20.3518722113134 77 576
0.311540094803722 34 15
0 28 0
14.6958812031077 55 351
0.866916553583417 37 22
5.22889298800975 52 133
1.37919236032072 44 120
13.3299796728149 75 531
18.4071274723616 86 566
5.22889298800975 52 133
0 28 0
15.9081617961145 60 361
0 28 0
50.4921315469614 130 1037
0 28 0
5.25706960875476 52 276
8.92463774375865 55 145
8.90738586111863 68 405
22.3415636928999 74 244
14.6958812031077 55 351
35.2907580918191 114 756
0.523057508586724 37 36
14.6958812031077 55 351
0 28 0
0.607528445916281 38 45
17.9540566901056 83 507
0 28 0
15.6798378643501 74 410
32.612623010885 92 731
0 28 0
12.9868144396935 68 299
13.6594233427138 74 507
18.1116694331319 74 522
27.3764918598824 88 607
2.91862985210375 51 127
14.1459118187702 69 400
0 28 0
24.6402443480646 80 651
14.6958812031077 55 351
0 28 0
14.6958812031077 55 351
0 28 0
54.7078541955392 128 1205
4.36304587057969 57 226
44.7406523303613 118 970
0 28 0
0 28 0
0 28 0
5.04333908081416 60 260
0 28 0
0.196193297662178 32 6
14.6958812031077 55 351
20.9749980452091 71 195
2.89578076699294 49 210
19.0295912197919 76 561
29.6332562744421 81 676
14.6958812031077 55 351
0 28 0
61.6531270812878 143 1238
114.929088289874 218 1978
27.1371136933532 98 441
0 28 0
14.6958812031077 55 351
74.196630500179 171 1473
0 28 0
7.87124252695294 69 406
0 28 0
76.8384793436212 167 1356
0 28 0
23.618891729061 79 625
0 28 0
0 28 0
9.45251130582535 54 325
16.4283085077576 65 396
0 28 0
14.6958812031077 55 351
0 28 0
13.3503922967319 68 251
11.0696526102069 70 421
0 28 0
7.20172787383665 51 121
3.45822044640752 50 231
22.1664272536076 79 627
26.3758060400109 100 717
0.701040521294099 39 55
14.6958812031077 55 351
0 28 0
16.5636028688904 73 484
78.4823648446039 171 1351
0 28 0
9.45251130582535 54 325
43.3978051143456 119 1019
18.1116694331319 74 522
6.83052304732509 53 300
9.45251130582535 54 325
26.1987142412614 91 666
24.6402443480646 80 651
0 28 0
6.83052304732509 53 300
0.143987245408795 31 3
0 28 0
0 28 0
4.50117544264602 59 267
11.3915040853512 81 458
23.8073379634211 78 472
34.4466269507394 103 904
0 28 0
2.45812999636066 48 190
24.6402443480646 80 651
2.12363871409677 35 9
0 28 0
5.66673827127835 62 276
4.20786701570016 51 253
2.1078154386433 47 171
0 28 0
6.92445149279963 66 346
0 28 0
6.07688100040519 58 196
7.39942862742427 65 326
75.8752288051626 153 1505
14.1459118187702 69 400
18.6902627252164 79 469
0 28 0
0.196193297662178 32 6
57.360755085206 141 1229
20.3283248191417 97 610
0 28 0
18.7714548227254 78 601
22.4753027121011 74 432
0.805240610757522 40 66
3.45822044640752 50 231
71.8587032326541 160 1442
4.20786701570016 51 253
60.2250302293437 130 1252
35.6914820886451 109 662
2.89578076699294 49 210
0.968367272138641 40 46
33.1379327482399 115 922
9.45251130582535 54 325
52.763398079223 136 918
38.8617003694984 112 587
14.4654190217196 71 229
31.1626803245298 101 856
3.45822044640752 50 231
23.2901035099629 93 527
0 28 0
31.345351992362 97 760
2.89578076699294 49 210
0 28 0
18.5341323398691 85 532
60.4263352738321 139 1274
0 28 0
47.982020855372 129 989
0 28 0
0 28 0
0 28 0
0 28 0
0 28 0
6.83052304732509 53 300
70.9846134164164 163 1475
0 28 0
18.2697155429128 93 684
17.5414513677952 80 429
0 28 0
1.37919236032072 44 120
9.45251130582535 54 325
35.8066530639612 104 547
13.2504919589466 76 309
0 28 0
29.6332562744421 81 676
14.6958812031077 55 351
0.701040521294099 39 55
44.8103053548486 106 976
0 28 0
0 28 0
0 28 0
19.8137691744927 66 376
0 28 0
2.59557762631389 49 106
2.89578076699294 49 210
0 28 0
18.7714548227254 78 601
1.4719873349608 33 4
19.0295912197919 76 561
3.45822044640752 50 231
0 28 0
67.1259585798576 148 1405
26.9288996822831 101 600
0.0944979523678537 30 1
0 28 0
53.6865015765355 127 1180
28.1820879032686 90 640
5.25706960875476 52 276
0 28 0
0 28 0
20.3518722113134 77 576
0 28 0
35.8420341718789 117 955
4.50117544264602 59 267
1.37919236032072 44 120
13.1645882043682 67 361
0 28 0
6.83052304732509 53 300
0 28 0
11.8126979634728 70 445
6.83052304732509 53 300
14.6958812031077 55 351
0 28 0
0 28 0
14.6958812031077 55 351
39.8278732911765 121 1049
23.618891729061 79 625
25.1478384669343 94 574
0 28 0
21.8142975515483 72 415
6.64299952052836 62 193
0 28 0
14.6958812031077 55 351
1.20532835558566 43 105
5.25706960875476 52 276
39.5013548625145 120 1040
18.7714548227254 78 601
42.3443141310622 119 775
9.45251130582535 54 325
16.9431085937183 68 155
0 28 0
9.38501192655316 68 288
40.0665214626264 105 952
6.83052304732509 53 300
31.3233777059457 113 877
0 28 0
9.45251130582535 54 325
60.2250302293437 130 1252
43.575681083889 119 1032
51.7984353328612 135 1139
32.4793114271096 91 721
0.196193297662178 32 6
29.0464762895102 92 675
31.6410104771368 85 682
0 28 0
0 28 0
0 28 0
24.5444356142596 99 647
0 28 0
0 28 0
12.2070677980765 72 463
9.45251130582535 54 325
0 28 0
0 28 0
63.2599868013038 147 1332
56.1570554817824 131 825
0 28 0
109.675695677912 203 1543
60.2250302293437 130 1252
5.25706960875476 52 276
34.048811582122 108 767
16.3624787021354 77 578
0 28 0
14.6958812031077 55 351
3.45822044640752 50 231
17.6915468310674 65 375
9.85461890038124 71 453
56.4951215131555 141 1253
3.21189907084385 51 211
31.345351992362 97 760
0 28 0
39.0077288190392 104 646
0 28 0
33.6984636680801 98 812
0 28 0
17.7901301305743 73 504
30.2111670197805 104 625
0 28 0
40.9618352191311 116 837
1.82100149914691 46 153
0 28 0
40.0665214626264 105 952
5.25706960875476 52 276
14.6958812031077 55 351
0 28 0
28.6612591509414 95 668
0 28 0
71.6259381943764 152 1483
16.7983656958969 68 429
0 28 0
21.8071416307564 84 339
0 28 0
0 28 0
9.45251130582535 54 325
14.6958812031077 55 351
0 28 0
6.83052304732509 53 300
0 28 0
14.6958812031077 55 351
0 28 0
17.5414513677952 80 429
4.20786701570016 51 253
10.4877522184321 79 429
0 28 0
14.6958812031077 55 351
0 28 0
0.922176530161467 41 78
0 28 0
0 28 0
0 28 0
29.246247533268 115 770
24.4634963815133 103 764
9.45251130582535 54 325
0 28 0
0 28 0
0 28 0
24.0633159484032 94 658
19.0295912197919 76 561
14.6958812031077 55 351
27.3471237270954 110 826
5.25706960875476 52 276
0.311540094803722 34 15
9.45251130582535 54 325
0 28 0
35.9250023739774 102 880
1.20532835558566 43 105
0 28 0
6.45306352161566 62 321
0 28 0
0 28 0
0 28 0
0 28 0
36.3671077825344 103 832
4.74689832529554 50 111
61.8961343693486 148 904
12.2139954334791 53 70
25.6522909662721 100 647
6.83052304732509 53 300
9.45251130582535 54 325
4.20786701570016 51 253
0 28 0
20.2456673878089 94 714
0 28 0
0 28 0
0 28 0
24.0993950607465 85 514
0 28 0
37.0379527000739 110 850
0.701040521294099 39 55
2.1078154386433 47 171
11.0965232974924 67 238
68.5618803373654 149 1411
14.6958812031077 55 351
0 28 0
14.6958812031077 55 351
40.9663410231346 111 583
14.6958812031077 55 351
4.25571670434971 56 186
0 28 0
0 28 0
60.2250302293437 130 1252
29.6332562744421 81 676
0.922176530161467 41 78
29.6332562744421 81 676
31.4850058915058 101 858
16.5636028688904 73 484
12.7604667835386 73 376
2.1078154386433 47 171
51.3332662710065 131 1040
0 28 0
14.6958812031077 55 351
0 28 0
53.2150413610485 140 954
0 28 0
33.8568589386685 100 835
77.0220199868377 166 1110
0.607528445916281 38 45
0 28 0
59.7985483450423 150 1206
18.0069771159881 82 456
26.0902323098567 96 763
5.25706960875476 52 276
69.6270015037031 157 1367
6.83052304732509 53 300
29.6332562744421 81 676
18.0403356181555 78 394
1.05443352272803 42 91
39.0451688436228 104 927
70.7605161110953 156 1310
0 28 0
0 28 0
5.25706960875476 52 276
20.3518722113134 77 576
60.2250302293437 130 1252
12.8134370940572 78 374
0 28 0
0 28 0
0 28 0
14.6958812031077 55 351
18.5129566623292 75 541
14.6958812031077 55 351
3.39549312788066 39 25
0 28 0
6.08489945046736 64 229
50.1535749172572 134 1162
38.0593053190776 111 876
19.7210731734779 77 582
0 28 0
16.9640873992273 81 452
0 28 0
9.45251130582535 54 325
0 28 0
33.4252743317357 102 878
3.21189907084385 51 211
22.1664272536076 79 627
0 28 0
0.607528445916281 38 45
5.25706960875476 52 276
0 28 0
64.2132274835029 144 1298
18.7714548227254 78 601
20.0322639704637 88 589
0 28 0
21.4112042293883 77 462
14.6958812031077 55 351
13.3298410888228 70 310
11.4781634921793 76 388
46.1963518035705 124 1111
14.6958812031077 55 351
19.75313505403 78 544
0 28 0
0 28 0
14.6958812031077 55 351
30.2992671352142 110 834
53.6865015765355 127 1180
0 28 0
0 28 0
25.6265072201862 88 571
14.6958812031077 55 351
41.8201459830109 127 850
0 28 0
74.0486712734273 166 1539
0 28 0
0.523057508586724 37 36
0 28 0
5.25706960875476 52 276
88.1184561578 178 1471
29.6332562744421 81 676
0 28 0
6.83052304732509 53 300
8.12473523917532 67 363
48.6065734288142 115 1012
1.05443352272803 42 91
24.2511956798574 95 547
2.89578076699294 49 210
0 28 0
37.6829586913661 119 1014
14.6958812031077 55 351
0 28 0
51.7330611594277 126 1160
4.93622392552892 62 281
33.4252743317357 102 878
14.6958812031077 55 351
5.25706960875476 52 276
29.6332562744421 81 676
0 28 0
15.7272437813978 81 472
15.0268937936417 76 379
0 28 0
0 28 0
14.6958812031077 55 351
24.6402443480646 80 651
0 28 0
6.83052304732509 53 300
14.6958812031077 55 351
0 28 0
1.4719873349608 33 4
59.1407774290304 141 1271
12.073016851505 71 461
0 28 0
14.6958812031077 55 351
16.2161579597035 63 379
44.8103053548486 106 976
5.25706960875476 52 276
0.311540094803722 34 15
0 28 0
5.25706960875476 52 276
73.5808834240959 160 1472
0 28 0
29.6332562744421 81 676
15.2570789036683 71 441
0 28 0
14.6958812031077 55 351
18.4823775831442 79 421
22.1664272536076 79 627
0 28 0
2.83326692818492 53 156
2.1078154386433 47 171
4.20786701570016 51 253
59.1313179934755 143 1302
0 28 0
14.7108464463663 77 322
5.25706960875476 52 276
39.0378864198892 120 1031
89.0882582512866 176 1576
9.45251130582535 54 325
17.5257329107858 72 487
37.7395574162717 104 929
4.20786701570016 51 253
73.8671679787762 166 1373
14.6958812031077 55 351
43.5420392487982 107 800
14.6958812031077 55 351
55.3993442999539 135 1178
25.9429125117292 84 631
0 28 0
44.8103053548486 106 976
0 28 0
49.9185061171335 124 1111
48.1039510748392 122 1060
0 28 0
27.9582551437985 86 498
0 28 0
5.25706960875476 52 276
17.6639730483121 82 466
1.82100149914691 46 153
14.6958812031077 55 351
44.8103053548486 106 976
0 28 0
0 28 0
33.4252743317357 102 878
23.618891729061 79 625
14.6958812031077 55 351
0 28 0
0 28 0
0.196193297662178 32 6
14.6958812031077 55 351
0 28 0
0 28 0
2.1078154386433 47 171
84.0434670411785 171 1652
0 28 0
32.1840329435334 102 882
9.45251130582535 54 325
0 28 0
14.6958812031077 55 351
14.6958812031077 55 351
0 28 0
0 28 0
14.6958812031077 55 351
10.7422812156629 53 67
29.6332562744421 81 676
14.6958812031077 55 351
14.6958812031077 55 351
7.20172787383665 51 121
18.0253879658717 89 528
29.1767280185408 88 641
1.58179551808369 45 136
14.6958812031077 55 351
38.8568495240149 122 852
14.6958812031077 55 351
0 28 0
2.90795456307207 42 43
14.6958812031077 55 351
0.251816324091077 33 10
0 28 0
0 28 0
2.45812999636066 48 190
18.7714548227254 78 601
6.83052304732509 53 300
32.403921712732 101 854
0.922176530161467 41 78
44.8103053548486 106 976
9.45251130582535 54 325
0 28 0
54.1891828354708 132 850
24.6402443480646 80 651
9.0995607703184 75 377
0 28 0
0 28 0
14.6958812031077 55 351
52.5078829823783 123 950
44.8103053548486 106 976
56.4198968644306 131 1164
0 28 0
0 28 0
39.0451688436228 104 927
6.09307473265951 64 250
20.8337615116378 86 534
34.3605969073041 100 847
14.6958812031077 55 351
0 28 0
19.0295912197919 76 561
0 28 0
0 28 0
0 28 0
30.8466150126108 101 861
31.0608416967799 96 751
0 28 0
0 28 0
2.85114828313596 54 181
0 28 0
24.6402443480646 80 651
37.7395574162717 104 929
27.2908547837781 91 706
14.6958812031077 55 351
18.7714548227254 78 601
0 28 0
19.701065331972 87 575
0 28 0
25.6265072201862 88 571
5.25706960875476 52 276
6.83052304732509 53 300
29.6332562744421 81 676
10.915142892574 71 331
14.6958812031077 55 351
0 28 0
38.7662118016021 120 965
24.9606831207582 95 719
42.4454948739724 120 1025
0 28 0
14.6958812031077 55 351
34.7971902426778 127 903
0 28 0
40.344457997511 115 794
23.3186359655575 94 622
0 28 0
9.45251130582535 54 325
25.3337414724782 83 631
25.479803251094 84 635
1.05443352272803 42 91
0 28 0
0 28 0
29.6332562744421 81 676
52.0155692676391 144 1145
0 28 0
33.3727100741912 111 827
4.45188711040655 59 231
0 28 0
23.6226885002593 98 744
0 28 0
0 28 0
0 28 0
40.0665214626264 105 952
0 28 0
8.59970353209807 64 307
20.6948373550336 78 604
7.94678832485628 62 273
24.6402443480646 80 651
14.6958812031077 55 351
13.6594233427138 74 507
47.2521592766678 121 1045
9.31863714923253 66 343
1.58179551808369 45 136
0 28 0
23.618891729061 79 625
30.6467024481555 82 233
6.45306352161566 62 321
14.6958812031077 55 351
9.45251130582535 54 325
0 28 0
0.523057508586724 37 36
0 28 0
0 28 0
0 28 0
0 28 0
62.4255918702936 156 1355
29.6332562744421 81 676
14.6958812031077 55 351
89.8515487822884 188 1554
9.45251130582535 54 325
64.4568897295306 148 1393
6.83052304732509 53 300
53.1529735735407 129 995
0 28 0
0 28 0
5.25706960875476 52 276
40.0665214626264 105 952
0 28 0
28.0021215233003 99 817
4.06069913718837 55 241
12.196045471239 68 376
15.2570789036683 71 441
5.25706960875476 52 276
6.91835167997423 65 354
8.74761893236311 71 303
0 28 0
0 28 0
56.2858849787786 135 1174
17.5257329107858 72 487
42.5672417189821 120 1019
14.6958812031077 55 351
46.0658174029128 105 360
13.6465795527443 86 548
48.5281465968114 124 1018
9.45251130582535 54 325
0 28 0
0 28 0
24.6402443480646 80 651
33.7949001634668 121 763
4.20437010416558 60 256
9.45251130582535 54 325
12.1352992362478 83 521
0 28 0
0 28 0
3.45822044640752 50 231
18.7714548227254 78 601
31.0608416967799 96 751
0 28 0
7.3155083858403 55 301
29.6332562744421 81 676
23.3474296286743 90 612
6.83052304732509 53 300
9.45251130582535 54 325
6.83052304732509 53 300
21.0692952158322 79 484
0 28 0
12.6059191819244 63 189
9.45251130582535 54 325
72.9024683195619 150 1209
36.2480661789711 117 970
0 28 0
123.331129019918 208 1557
0.196193297662178 32 6
0 28 0
21.8142975515483 72 415
24.0237687740504 85 577
66.2681453328795 156 1238
2.89578076699294 49 210
50.5965725988758 128 862
41.1743989997606 111 832
0 28 0
13.6594233427138 74 507
73.5708357745792 166 1269
24.6402443480646 80 651
40.0665214626264 105 952
0 28 0
0 28 0
31.1383442196576 105 785
6.83052304732509 53 300
38.0238162246191 103 901
0 28 0
9.45251130582535 54 325
0 28 0
23.618891729061 79 625
24.6402443480646 80 651
46.5624342478015 117 635
14.6958812031077 55 351
0 28 0
0 28 0
6.55454719100141 49 100
51.8954930428443 130 994
0 28 0
14.6958812031077 55 351
23.618891729061 79 625
31.6516954002307 102 686
0 28 0
1.82100149914691 46 153
9.45251130582535 54 325
0 28 0
49.335501167517 126 1158
0 28 0
9.45251130582535 54 325
1.37919236032072 44 120
15.9081617961145 60 361
0 28 0
23.618891729061 79 625
48.1183264015196 112 991
0 28 0
22.3670913647476 87 550
9.93160938849432 59 225
11.4483177385873 63 289
0.523057508586724 37 36
0 28 0
14.6958812031077 55 351
4.20786701570016 51 253
34.3098169265751 98 437
0 28 0
0 28 0
15.9081617961145 60 361
29.6332562744421 81 676
16.2161579597035 63 379
4.20786701570016 51 253
11.2443584756382 67 403
4.80111809837489 41 26
40.4575385499948 101 595
0 28 0
9.45251130582535 54 325
60.8779707871894 141 1235
0 28 0
0 28 0
64.0446539162509 156 1347
66.354425642569 125 495
90.9977519489051 176 1676
53.4536831106134 137 1159
14.6958812031077 55 351
0 28 0
0 28 0
29.9935520637451 94 712
37.8860954248392 96 725
9.45251130582535 54 325
23.618891729061 79 625
0 28 0
29.343135121546 99 822
0 28 0
9.45251130582535 54 325
14.6958812031077 55 351
14.6958812031077 55 351
12.2737543657628 65 324
14.6958812031077 55 351
87.1637086907143 180 1632
9.7836397494659 60 309
14.6958812031077 55 351
1.66440721365685 46 121
0 28 0
22.1664272536076 79 627
1.37919236032072 44 120
6.83052304732509 53 300
48.2390570415779 126 1162
14.6958812031077 55 351
9.3437700080112 61 169
15.7994582610622 59 357
23.5268126843161 85 562
6.83052304732509 53 300
1.58179551808369 45 136
14.6958812031077 55 351
4.20786701570016 51 253
22.9397809504401 96 571
13.3299796728149 75 531
0 28 0
29.0464762895102 92 675
22.1664272536076 79 627
8.69444020935962 67 391
34.903097893138 119 707
0 28 0
7.25424196844407 68 389
3.26015883965596 53 150
14.6958812031077 55 351
36.2950137258663 117 962
0 28 0
15.7994582610622 59 357
0 28 0
43.9109199049618 121 1039
29.6332562744421 81 676
0 28 0
21.825436905837 94 706
1.37919236032072 44 120
0 28 0
60.8095615922181 145 1121
33.4062201680241 101 683
12.014518245068 79 414
29.6332562744421 81 676
19.128341808903 64 367
2.45812999636066 48 190
18.5129566623292 75 541
8.12473523917532 67 363
0 28 0
10.6714957919265 61 256
12.3897240530742 72 478
0 28 0
14.1085495821699 70 382
5.25706960875476 52 276
0 28 0
10.3492057180128 72 471
21.6875068387317 87 581
39.0378864198892 120 1031
68.5618803373654 149 1411
31.345351992362 97 760
0 28 0
14.6958812031077 55 351
29.6332562744421 81 676
2.94256162855875 52 196
0 28 0
0.805240610757522 40 66
38.0238162246191 103 901
20.6948373550336 78 604
0.922176530161467 41 78
2.12363871409677 35 9
9.45251130582535 54 325
5.25706960875476 52 276
29.6332562744421 81 676
0 28 0
0 28 0
14.6958812031077 55 351
0 28 0
23.4897865859262 91 649
9.22024767437825 57 196
14.6958812031077 55 351
11.8126979634728 70 445
39.4423749367443 117 965
0.311540094803722 34 15
0 28 0
0.251816324091077 33 10
4.20786701570016 51 253
14.6958812031077 55 351
14.6958812031077 55 351
24.6402443480646 80 651
46.8920548050977 128 1037
11.7042762385179 76 355
50.1520521624388 134 1145
43.0871875364833 123 1088
42.2107054626066 123 868
9.45251130582535 54 325
9.45251130582535 54 325
10.2460031847676 65 331
0 28 0
29.857804022109 99 599
14.6958812031077 55 351
0 28 0
32.9201710606347 103 857
24.3377145651299 76 433
14.6958812031077 55 351
6.83052304732509 53 300
18.6902627252164 79 469
0 28 0
14.6958812031077 55 351
17.5257329107858 72 487
28.1820879032686 90 640
14.6958812031077 55 351
0 28 0
0 28 0
0.922176530161467 41 78
0 28 0
29.7863541162743 114 820
34.7833102376202 113 805
1.82100149914691 46 153
0 28 0
35.4684316960524 102 886
77.4362066404429 165 1413
34.9635723053708 88 685
64.7297206760398 147 1027
9.45251130582535 54 325
0 28 0
22.1664272536076 79 627
45.7847757741446 121 693
0 28 0
21.2022155586277 90 614
0 28 0
2.45940605449292 40 31
15.5086563733117 89 602
14.6958812031077 55 351
34.9114513392788 105 723
31.330322943635 108 787
14.6958812031077 55 351
0 28 0
24.6402443480646 80 651
14.6958812031077 55 351
22.4753027121011 74 432
41.9797720254295 129 850
43.893692740184 106 755
32.403921712732 101 854
31.4607249638947 84 679
30.7600023189693 104 793
2.45812999636066 48 190
4.20786701570016 51 253
50.3568537865207 127 1183
0 28 0
14.6958812031077 55 351
2.12829569707983 44 60
0 28 0
16.8893201111828 91 651
3.45822044640752 50 231
0 28 0
0 28 0
33.2609605115327 113 747
20.6948373550336 78 604
0 28 0
71.3755357718962 156 1406
16.012183660873 61 366
31.4488486238403 111 883
0 28 0
47.666373152551 134 1106
46.1940312365405 125 801
5.25706960875476 52 276
5.85883145710349 65 336
0 28 0
14.6958812031077 55 351
17.3034205905377 71 471
29.6332562744421 81 676
6.83052304732509 53 300
0 28 0
29.6332562744421 81 676
0 28 0
8.6901627221239 71 413
41.7810619068864 122 1033
8.04339269364658 69 412
2.45812999636066 48 190
30.4756869716249 95 546
62.8777390802831 148 1154
36.4785862451198 109 699
0 28 0
15.4127814912489 73 340
7.39902355537924 70 304
0 28 0
77.5885841431792 155 919
32.9009657149402 94 754
0 28 0
16.3624787021354 77 578
0 28 0
42.3539921227863 112 955
5.25706960875476 52 276
0 28 0
0 28 0
5.25706960875476 52 276
94.7769962920331 193 1404
9.45251130582535 54 325
9.45251130582535 54 325
0 28 0
0 28 0
46.8074263569817 139 1058
19.0153480783776 84 539
0 28 0
29.6332562744421 81 676
14.6958812031077 55 351
6.83052304732509 53 300
0.251816324091077 33 10
0 28 0
0 28 0
2.01096592206234 38 21
29.6332562744421 81 676
29.6332562744421 81 676
26.8763064273614 81 453
57.8316319415205 142 1256
0 28 0
36.7997054252267 117 953
28.8676244298619 96 599
0 28 0
0 28 0
11.5941122018756 69 430
0 28 0
27.9512115054813 100 832
14.6958812031077 55 351
14.6958812031077 55 351
24.6402443480646 80 651
15.5526218047014 57 352
52.0359093153631 128 955
0 28 0
7.61098552976218 64 310
14.6958812031077 55 351
30.2454158346424 106 779
29.6704508492116 99 807
0 28 0
0 28 0
13.3299796728149 75 531
22.1664272536076 79 627
44.8103053548486 106 976
0 28 0
64.0300547463899 134 1258
20.3518722113134 77 576
14.6958812031077 55 351
0 28 0
14.6958812031077 55 351
0 28 0
0 28 0
46.6343787923653 125 939
0 28 0
24.1428465145944 97 466
18.1833304087271 75 529
30.8791566411127 100 617
19.0295912197919 76 561
15.5526218047014 57 352
0 28 0
0 28 0
9.45251130582535 54 325
33.8568589386685 100 835
5.25706960875476 52 276
29.6332562744421 81 676
29.6332562744421 81 676
29.6332562744421 81 676
4.20786701570016 51 253
0.0944979523678537 30 1
0 28 0
0 28 0
0 28 0
14.6958812031077 55 351
0 28 0
9.30385600880689 76 424
0 28 0
16.5636028688904 73 484
0 28 0
32.8682283643366 110 869
0 28 0
13.3299796728149 75 531
0 28 0
14.6958812031077 55 351
0 28 0
45.9783544392826 124 1117
14.6958812031077 55 351
29.6332562744421 81 676
74.8268313768248 155 1132
14.9868709194259 69 173
0 28 0
0 28 0
0 28 0
41.6423311642851 128 870
26.5321862326977 92 585
42.8895672859581 120 1017
52.6651489575319 126 1154
0.446283374552424 36 28
2.89578076699294 49 210
22.7146220099884 91 666
18.1833304087271 75 529
3.45822044640752 50 231
44.7406523303613 118 970
0 28 0
0 28 0
14.6958812031077 55 351
9.45251130582535 54 325
0.0944979523678537 30 1
6.77679616914392 58 211
0 28 0
0.0944979523678537 30 1
63.435537110527 147 1364
20.3518722113134 77 576
52.3470773938766 129 841
0 28 0
25.3270998485539 82 332
0 28 0
0 28 0
1.05443352272803 42 91
0 28 0
16.1543606601187 86 590
20.4007955459417 85 437
6.83052304732509 53 300
52.8702981441677 129 705
9.45251130582535 54 325
39.3325379900443 117 965
75.8752288051626 153 1505
14.6958812031077 55 351
0 28 0
14.6958812031077 55 351
0 28 0
23.618891729061 79 625
1.37919236032072 44 120
0 28 0
14.6958812031077 55 351
14.6958812031077 55 351
44.003006305028 130 841
0 28 0
140.874077616947 237 2108
14.6958812031077 55 351
13.4613008766261 75 397
33.0637037451561 95 767
29.6332562744421 81 676
27.8116952656629 102 531
82.9630163242084 170 1217
3.45822044640752 50 231
19.7210731734779 77 582
8.6402441431716 67 243
0 28 0
14.6958812031077 55 351
48.8679428366406 136 1145
0 28 0
33.054227814286 117 968
0 28 0
0 28 0
45.1323096778614 118 982
14.6958812031077 55 351
50.7928212730791 133 1170
0 28 0
14.6958812031077 55 351
1.05443352272803 42 91
0 28 0
14.6958812031077 55 351
0 28 0
14.8154001016802 77 448
15.6634516501077 76 553
0 28 0
0 28 0
14.6958812031077 55 351
39.1384226784688 114 938
97.7236189634596 178 1601
19.7210731734779 77 582
0 28 0
0 28 0
67.2673079103197 156 1257
46.029931048368 134 989
6.83052304732509 53 300
6.55454719100141 49 100
30.1980806375445 89 667
31.4850058915058 101 858
20.3518722113134 77 576
0 28 0
33.8271057458799 106 755
14.6958812031077 55 351
5.25706960875476 52 276
6.83052304732509 53 300
27.0693111497014 96 739
36.7280254966576 114 900
0 28 0
35.9250023739774 102 880
0 28 0
0 28 0
3.43888529119216 47 63
29.6332562744421 81 676
5.25706960875476 52 276
35.9250023739774 102 880
29.6332562744421 81 676
15.0396993724714 83 381
58.77604310625 150 1129
133.666104482798 207 1243
29.6332562744421 81 676
11.4057772494855 73 486
39.0451688436228 104 927
0 28 0
0 28 0
14.6958812031077 55 351
33.2387524873122 96 439
0 28 0
9.45251130582535 54 325
0 28 0
0 28 0
0 28 0
0.922176530161467 41 78
14.9338141529547 79 412
14.6958812031077 55 351
12.1815482965036 67 253
16.5636028688904 73 484
58.234102774257 141 1267
0 28 0
0 28 0
15.5107069618084 83 543
23.618891729061 79 625
0 28 0
0 28 0
7.34305443930206 60 241
35.7181347227355 116 947
0 28 0
5.25706960875476 52 276
0 28 0
1.58179551808369 45 136
24.6531132506134 77 435
14.6958812031077 55 351
48.7097120369688 134 1046
0 28 0
21.4024348238968 89 594
0 28 0
23.618891729061 79 625
22.1664272536076 79 627
22.1664272536076 79 627
14.6958812031077 55 351
15.0270738631905 62 154
0 28 0
9.45251130582535 54 325
0 28 0
36.7893429347756 116 873
0 28 0
0 28 0
0 28 0
37.6857171093721 97 723
0.376091310737629 35 21
29.1534910868775 94 694
0 28 0
54.7101150390762 142 1271
14.6958812031077 55 351
0.523057508586724 37 36
15.2570789036683 71 441
35.4684316960524 102 886
0 28 0
0 28 0
9.45251130582535 54 325
0 28 0
0 28 0
40.0665214626264 105 952
19.7288284564061 89 600
14.6958812031077 55 351
4.20786701570016 51 253
0 28 0
0 28 0
0 28 0
47.1408876049324 113 770
0 28 0
6.83052304732509 53 300
0 28 0
0 28 0
0 28 0
9.45251130582535 54 325
11.4483177385873 63 289
14.6958812031077 55 351
0 28 0
17.0765141661885 62 130
24.6402443480646 80 651
16.9474934557018 80 559
0.446283374552424 36 28
13.7331994171437 86 562
0 28 0
0 28 0
72.7649330930471 170 1279
18.3676091786966 73 448
0 28 0
8.72694826792136 63 201
0.523057508586724 37 36
14.6958812031077 55 351
30.8825063805324 103 802
52.6651489575319 126 1154
55.8157338215111 125 811
0 28 0
0 28 0
31.044078800659 111 876
0 28 0
0 28 0
10.4517666854995 60 340
14.6958812031077 55 351
66.2107185085781 142 1265
40.3586703172065 103 576
3.75457295787954 57 184
0 28 0
50.6576246663597 125 1027
33.8728160408855 98 365
14.6958812031077 55 351
0 28 0
37.9307093144313 104 881
0 28 0
0.0944979523678537 30 1
37.7395574162717 104 929
73.0648477894709 165 1287
14.6958812031077 55 351
0 28 0
14.6958812031077 55 351
24.0993950607465 85 514
22.8862987609936 93 682
23.618891729061 79 625
0 28 0
29.6332562744421 81 676
22.1664272536076 79 627
49.9185061171335 124 1111
6.83052304732509 53 300
2.89578076699294 49 210
13.9715971281336 75 535
0 28 0
25.1749603454751 82 520
29.6332562744421 81 676
52.6854997033781 140 1215
32.3109613914649 98 792
47.2094754552259 132 1076
9.76028688565124 63 321
21.205174029013 68 132
1.42098480469441 41 42
10.2185761063985 52 85
14.6958812031077 55 351
28.8464891002252 102 705
0 28 0
0 28 0
20.3518722113134 77 576
60.3730886494173 148 1200
4.13334043656992 37 10
15.5526218047014 57 352
4.25416861435077 43 34
0 28 0
24.6402443480646 80 651
2.1078154386433 47 171
35.3049991268076 104 879
0 28 0
0 28 0
0 28 0
71.6259381943764 152 1483
0 28 0
2.76309443558916 37 16
14.7653946076029 71 289
45.7339101416834 123 1097
0 28 0
0 28 0
29.6332562744421 81 676
14.6958812031077 55 351
36.3018689076111 113 880
14.6958812031077 55 351
0.922176530161467 41 78
0 28 0
30.0310154271267 97 593
20.6948373550336 78 604
6.83052304732509 53 300
29.6332562744421 81 676
0.311540094803722 34 15
0 28 0
34.1482931471261 117 747
0 28 0
15.7272437813978 81 472
0 28 0
0 28 0
33.4839207771019 104 691
5.91544850090232 47 81
24.1506023569175 78 432
34.61276036376 116 945
0 28 0
0 28 0
39.0174588289016 129 894
23.4021492412728 91 667
0 28 0
33.4539070320809 97 796
2.45940605449292 40 31
0 28 0
11.5941122018756 69 430
6.55454719100141 49 100
0.701040521294099 39 55
0 28 0
50.1048411831901 132 1049
12.3695001230646 75 351
24.2891137862332 97 589
0 28 0
29.6332562744421 81 676
20.6948373550336 78 604
0 28 0
0 28 0
14.6958812031077 55 351
28.8781840484888 98 804
24.6402443480646 80 651
101.411874115666 204 1749
128.037301343972 229 1927
19.1029514180443 92 673
34.7245964214831 106 677
27.3591781009251 106 760
14.6958812031077 55 351
0 28 0
14.6958812031077 55 351
0 28 0
23.618891729061 79 625
50.6432392175917 133 1130
0 28 0
0 28 0
0 28 0
37.5017336151517 107 881
40.4041016603215 123 892
0 28 0
0 28 0
0 28 0
5.25706960875476 52 276
33.291196703907 99 654
41.5007236191595 133 1100
0 28 0
14.1459118187702 69 400
0 28 0
14.6958812031077 55 351
0 28 0
9.45251130582535 54 325
26.1323725646519 89 670
26.6137013342818 86 576
1.10228609509311 34 7
0 28 0
59.5588647972239 158 1224
14.6958812031077 55 351
0 28 0
65.675357550386 149 969
10.0599034229681 56 326
14.6958812031077 55 351
3.45822044640752 50 231
14.6958812031077 55 351
11.5941122018756 69 430
16.7983656958969 68 429
33.5673405342284 105 691
0 28 0
10.729307590972 62 190
0 28 0
1.05443352272803 42 91
14.6958812031077 55 351
0 28 0
0 28 0
17.2108639771618 85 517
14.6958812031077 55 351
14.6958812031077 55 351
77.4947248197875 169 1394
20.6948373550336 78 604
33.1724227578281 103 538
27.0693111497014 96 739
47.2400955886509 125 1033
14.6958812031077 55 351
1.20532835558566 43 105
9.45251130582535 54 325
0 28 0
55.432127086552 143 1285
39.0451688436228 104 927
1.58179551808369 45 136
0 28 0
0 28 0
0 28 0
24.6402443480646 80 651
0 28 0
29.9935520637451 94 712
4.20786701570016 51 253
53.6865015765355 127 1180
0 28 0
50.3857371915142 133 1085
10.5537692594989 59 147
35.5379676225359 110 890
14.6958812031077 55 351
16.6648636824535 67 417
0 28 0
0 28 0
16.7983656958969 68 429
66.1761376544222 159 1182
0 28 0
14.6958812031077 55 351
0 28 0
0 28 0
14.6958812031077 55 351
0 28 0
0 28 0
8.08957531867026 63 345
20.7562869523978 92 668
33.9935575182739 99 829
62.4820946451126 147 1370
29.6332562744421 81 676
21.2231737704593 71 395
0 28 0
0 28 0
0 28 0
0.376091310737629 35 21
52.2696593599066 139 1153
14.6958812031077 55 351
14.6958812031077 55 351
38.0238162246191 103 901
0 28 0
1.58179551808369 45 136
0 28 0
14.6958812031077 55 351
9.45251130582535 54 325
7.85957863498956 53 144
0 28 0
0 28 0
23.8073379634211 78 472
14.6958812031077 55 351
16.4283085077576 65 396
27.8114194766907 97 673
0 28 0
110.760569766848 190 1350
2.76309443558916 37 16
6.83052304732509 53 300
1.4719873349608 33 4
0 28 0
48.8988719797368 134 1082
33.8568589386685 100 835
17.44895497601 70 274
0 28 0
21.0929761457265 90 512
0 28 0
20.3518722113134 77 576
4.20786701570016 51 253
9.45251130582535 54 325
0 28 0
8.73592190472308 70 424
9.45251130582535 54 325
0 28 0
44.3817967612763 122 1066
12.3897240530742 72 478
0 28 0
0 28 0
7.77351495494036 60 321
4.20786701570016 51 253
95.7139443227703 190 1611
0 28 0
15.2570789036683 71 441
0 28 0
0 28 0
29.5078244141718 90 452
37.5517997066435 109 703
14.6958812031077 55 351
9.45251130582535 54 325
6.83052304732509 53 300
3.5551225759348 57 226
0 28 0
64.4568897295306 148 1390
4.20786701570016 51 253
2.91862985210375 51 127
0 28 0
14.7653946076029 71 289
15.6634516501077 76 553
0 28 0
14.6958812031077 55 351
0.922176530161467 41 78
2.89578076699294 49 210
11.2443584756382 67 403
7.94678832485628 62 273
44.1753941725235 121 1063
1.05443352272803 42 91
15.9081617961145 60 361
14.6958812031077 55 351
29.6332562744421 81 676
6.1251154721101 65 330
40.6079258203532 133 956
0 28 0
12.1638326170396 73 312
36.9824054249733 116 889
0 28 0
0 28 0
20.3518722113134 77 576
6.83052304732509 53 300
24.0993950607465 85 514
0.196193297662178 32 6
14.6958812031077 55 351
14.6958812031077 55 351
15.1152789105019 80 522
16.7819151706104 92 506
0 28 0
82.585915099354 175 1494
0 28 0
14.6958812031077 55 351
2.89578076699294 49 210
0 28 0
0.922176530161467 41 78
9.45251130582535 54 325
14.6958812031077 55 351
9.85461890038124 71 453
20.6948373550336 78 604
18.7714548227254 78 601
143.619260925117 243 2287
33.4252743317357 102 878
14.6958812031077 55 351
16.5636028688904 73 484
19.4072562610213 79 508
0 28 0
14.6958812031077 55 351
34.1104473316832 100 829
0.251816324091077 33 10
14.6958812031077 55 351
0 28 0
12.2737543657628 65 324
35.040863537794 111 860
4.20786701570016 51 253
14.6958812031077 55 351
38.0238162246191 103 901
14.6958812031077 55 351
23.7392886034985 83 633
16.5636028688904 73 484
0 28 0
0.701040521294099 39 55
72.5043986539907 133 738
9.45251130582535 54 325
20.7562869523978 92 668
0 28 0
2.89578076699294 49 210
2.45940605449292 40 31
0 28 0
29.6332562744421 81 676
0 28 0
0 28 0
8.26323394978571 61 175
52.2751731692808 127 1186
9.90973174777993 74 347
49.4144891117133 131 1054
25.3850735665204 102 680
1.67210196871174 39 27
14.6958812031077 55 351
29.6332562744421 81 676
9.45251130582535 54 325
0 28 0
23.618891729061 79 625
14.8206758037819 81 536
0 28 0
29.6332562744421 81 676
34.9773991251534 118 700
0 28 0
0 28 0
95.1146682934863 197 1612
20.3518722113134 77 576
0 28 0
34.8316592456429 117 851
32.032319554315 104 745
34.4466269507394 103 904
0 28 0
13.3077378373654 78 398
0 28 0
0 28 0
0 28 0
0 28 0
1.05443352272803 42 91
27.2883293806562 91 631
6.83052304732509 53 300
5.72521404519306 54 157
15.2570789036683 71 441
11.5941122018756 69 430
27.0693111497014 96 739
58.4339683415916 150 1218
15.2565484564738 80 545
0 28 0
0 28 0
3.45822044640752 50 231
0 28 0
1.37919236032072 44 120
22.1664272536076 79 627
14.6958812031077 55 351
61.3928318725197 145 1319
0 28 0
0 28 0
27.0549838787138 99 760
34.2843574392115 115 940
0 28 0
9.45251130582535 54 325
0.922176530161467 41 78
54.4433748364151 135 1152
22.1664272536076 79 627
43.6952464402011 123 970
80.3661168056312 169 1487
54.1235639526204 137 1015
58.2918364429609 150 1288
0 28 0
26.3550940914818 84 657
21.1996351889997 91 637
17.3034205905377 71 471
35.1681637511403 109 752
82.2289119988843 169 1607
14.8579418052329 66 180
0 28 0
1.82100149914691 46 153
118.14820967533 218 1695
6.83052304732509 53 300
14.7211877315151 81 546
0 28 0
33.8376616910778 113 913
40.0665214626264 105 952
14.6958812031077 55 351
10.128779308027 68 381
17.6266109392198 86 430
0 28 0
29.6332562744421 81 676
1.3119388700347 37 18
0 28 0
6.83052304732509 53 300
34.8595003051208 93 710
12.3897240530742 72 478
0 28 0
3.45822044640752 50 231
0 28 0
55.8774975790322 145 1136
8.52257884974249 70 429
0 28 0
0 28 0
0 28 0
11.9496627837172 70 280
0 28 0
18.7714548227254 78 601
9.45251130582535 54 325
35.9250023739774 102 880
8.63735695004944 65 251
1.20532835558566 43 105
27.4721900670647 98 794
0 28 0
34.8333540129035 101 866
23.618891729061 79 625
0 28 0
48.6340710714088 128 1000
14.1459118187702 69 400
0 28 0
0 28 0
0 28 0
7.36975838695774 57 280
14.6958812031077 55 351
14.6958812031077 55 351
0 28 0
0 28 0
15.6634516501077 76 553
49.8145538576912 115 810
19.3956949443131 81 494
79.5507967084851 164 1404
29.6332562744421 81 676
23.5899662358941 97 772
0 28 0
3.45822044640752 50 231
24.4561529449152 90 548
20.3518722113134 77 576
22.0013845178319 84 549
27.3471237270954 110 826
0 28 0
0 28 0
8.53116352105944 55 169
0 28 0
23.618891729061 79 625
0 28 0
18.1833304087271 75 529
30.7389765507503 101 619
39.0451688436228 104 927
14.6958812031077 55 351
24.6402443480646 80 651
14.6958812031077 55 351
40.0665214626264 105 952
6.83052304732509 53 300
14.6958812031077 55 351
25.1749603454751 82 520
0 28 0
9.22024767437825 57 196
0 28 0
16.3202391302277 64 387
39.0451688436228 104 927
14.6958812031077 55 351
40.6242669256659 122 736
5.25706960875476 52 276
0 28 0
0 28 0
14.6958812031077 55 351
14.6958812031077 55 351
1.82100149914691 46 153
0.446283374552424 36 28
2.1078154386433 47 171
14.6958812031077 55 351
48.3141485485134 125 1132
10.5679442986738 73 454
38.9270968634099 125 855
26.0902323098567 96 763
5.25706960875476 52 276
20.3518722113134 77 576
10.7452305636576 63 361
93.6903101423544 188 1774
0 28 0
0 28 0
26.6202197992166 92 549
9.45251130582535 54 325
6.83052304732509 53 300
0 28 0
14.6958812031077 55 351
3.45822044640752 50 231
6.83052304732509 53 300
14.6958812031077 55 351
32.7520157435683 93 742
38.5425805389518 116 951
5.25706960875476 52 276
0 28 0
0 28 0
2.89578076699294 49 210
52.2751731692808 127 1186
0 28 0
14.6958812031077 55 351
6.83052304732509 53 300
34.1104473316832 100 829
29.6332562744421 81 676
9.45251130582535 54 325
23.618891729061 79 625
14.6958812031077 55 351
43.3215521849897 115 922
63.5444694832017 153 1285
38.4728439449903 96 713
10.4517666854995 60 340
24.3859246937279 87 358
0 28 0
38.6710161552928 113 932
0 28 0
1.58179551808369 45 136
0 28 0
14.6958812031077 55 351
14.6958812031077 55 351
0 28 0
51.7330611594277 126 1160
108.3626468712 205 1922
0 28 0
14.6958812031077 55 351
14.6958812031077 55 351
12.3898246200241 84 532
0 28 0
0 28 0
14.6958812031077 55 351
18.7014092185622 73 316
52.3941874486138 128 876
9.45251130582535 54 325
20.6948373550336 78 604
2.45812999636066 48 190
0.446283374552424 36 28
0 28 0
2.45812999636066 48 190
0 28 0
9.45251130582535 54 325
51.7330611594277 126 1160
0 28 0
0 28 0
20.3518722113134 77 576
2.45812999636066 48 190
29.6332562744421 81 676
81.8580417221234 180 1479
0 28 0
22.3415636928999 74 244
0 28 0
38.0238162246191 103 901
20.2909256605814 79 564
0 28 0
27.0693111497014 96 739
35.4684316960524 102 886
12.6059191819244 63 189
28.9568920985372 102 655
9.45251130582535 54 325
1.20532835558566 43 105
44.108540155487 124 1114
16.446926343756 87 573
50.671410764793 117 781
0 28 0
29.6332562744421 81 676
10.3492057180128 72 471
14.6958812031077 55 351
23.618891729061 79 625
30.3432243673664 110 777
60.2250302293437 130 1252
0 28 0
0 28 0
53.6688748203124 138 1135
12.9244522533444 67 307
22.1664272536076 79 627
4.20786701570016 51 253
0 28 0
29.6332562744421 81 676
0.607528445916281 38 45
54.2969614645469 137 1181
27.6996657448819 91 574
29.6359332563472 96 493
14.6958812031077 55 351
44.7406523303613 118 970
1.20532835558566 43 105
14.6958812031077 55 351
0 28 0
6.83052304732509 53 300
18.6973523011578 92 671
22.1664272536076 79 627
2.94256162855875 52 196
6.83052304732509 53 300
14.6958812031077 55 351
20.1111032686132 82 532
18.1833304087271 75 529
0 28 0
0 28 0
0 28 0
0 28 0
14.6958812031077 55 351
9.45251130582535 54 325
7.73114733652348 68 384
0 28 0
0 28 0
0 28 0
31.345351992362 97 760
0 28 0
0.196193297662178 32 6
58.3122869002113 153 1271
