"COLLES.MDM.LN" "SACKIN" "COPHENETIC"
14.6958812031077 55 351
14.6958812031077 55 351
24.6402443480646 80 651
3.39549312788066 39 25
49.9202245987405 135 1103
9.45251130582535 54 325
19.7210731734779 77 582
34.4466269507394 103 904
0 28 0
33.8141477492263 113 919
0 28 0
0 28 0
0 28 0
18.7714548227254 78 601
25.8825564818592 84 547
0 28 0
6.83052304732509 53 300
24.9857134868143 101 646
0 28 0
17.1127566517913 70 456
2.1078154386433 47 171
0 28 0
0 28 0
0 28 0
0 28 0
0 28 0
0 28 0
15.6634516501077 76 553
0 28 0
0 28 0
15.6634516501077 76 553
38.0238162246191 103 901
23.618891729061 79 625
0 28 0
0.523057508586724 37 36
0 28 0
0 28 0
0 28 0
14.6958812031077 55 351
0 28 0
1.82100149914691 46 153
0.446283374552424 36 28
26.0479585306978 95 717
0.607528445916281 38 45
6.83052304732509 53 300
0 28 0
0 28 0
0 28 0
6.83052304732509 53 300
0 28 0
0 28 0
14.6958812031077 55 351
9.45251130582535 54 325
27.1190913581921 94 622
28.2016599779078 97 772
14.6958812031077 55 351
0 28 0
0 28 0
5.25706960875476 52 276
1.20532835558566 43 105
14.6958812031077 55 351
2.68614611990739 53 174
2.89578076699294 49 210
14.6958812031077 55 351
0 28 0
2.89578076699294 49 210
9.45251130582535 54 325
18.1116694331319 74 522
2.75979757504283 50 191
0 28 0
44.7640405698275 130 1054
0 28 0
0 28 0
14.6958812031077 55 351
0 28 0
19.8887071974342 99 655
8.512398739952 66 378
8.50388199712372 74 350
0.701040521294099 39 55
39.7292980817671 118 939
0 28 0
0 28 0
0 28 0
14.6958812031077 55 351
0 28 0
0 28 0
2.1078154386433 47 171
0 28 0
0 28 0
0 28 0
0 28 0
22.2291206870913 66 126
9.45251130582535 54 325
14.6958812031077 55 351
0 28 0
4.20786701570016 51 253
14.6958812031077 55 351
29.6332562744421 81 676
0 28 0
9.45251130582535 54 325
0 28 0
0 28 0
25.6265072201862 88 571
0 28 0
39.0451688436228 104 927
14.6958812031077 55 351
29.6332562744421 81 676
0 28 0
0 28 0
6.83052304732509 53 300
10.8538646105345 64 370
0 28 0
0 28 0
14.6958812031077 55 351
0 28 0
5.25706960875476 52 276
41.974839373274 114 884
36.0651898452052 116 716
14.6958812031077 55 351
5.25706960875476 52 276
14.6958812031077 55 351
16.2161579597035 63 379
0.805240610757522 40 66
0.446283374552424 36 28
0.701040521294099 39 55
0 28 0
33.8568589386685 100 835
15.6634516501077 76 553
14.6958812031077 55 351
14.9252202593167 76 556
10.0579863425355 72 466
3.45822044640752 50 231
4.15677662202292 56 246
0 28 0
0.446283374552424 36 28
0 28 0
0 28 0
0 28 0
0 28 0
0 28 0
6.27747055459067 65 236
1.93183356458193 46 81
0 28 0
11.0696526102069 70 421
14.6958812031077 55 351
0 28 0
28.2118244233195 112 779
0 28 0
14.6958812031077 55 351
0 28 0
54.6457542832226 134 1148
9.45251130582535 54 325
0 28 0
24.7038967542814 95 390
28.6490982302079 98 784
0 28 0
0 28 0
1.37919236032072 44 120
65.426136403317 141 1307
6.83052304732509 53 300
14.6958812031077 55 351
0 28 0
0 28 0
0 28 0
0 28 0
14.6958812031077 55 351
0 28 0
0 28 0
14.6958812031077 55 351
14.6958812031077 55 351
16.7983656958969 68 429
0.922176530161467 41 78
0 28 0
0 28 0
0 28 0
14.6958812031077 55 351
0 28 0
0 28 0
48.3141485485134 125 1135
4.20786701570016 51 253
0 28 0
0.376091310737629 35 21
42.6420457778093 119 776
0 28 0
44.8103053548486 106 976
0 28 0
3.45822044640752 50 231
0 28 0
14.6958812031077 55 351
12.3897240530742 72 478
0 28 0
0.376091310737629 35 21
0 28 0
0 28 0
14.6958812031077 55 351
14.6958812031077 55 351
0 28 0
0.607528445916281 38 45
13.7574770142162 72 325
0 28 0
29.6332562744421 81 676
0 28 0
0 28 0
40.0665214626264 105 952
2.89578076699294 49 210
0 28 0
2.45812999636066 48 190
14.6958812031077 55 351
0 28 0
39.0451688436228 104 927
14.6958812031077 55 351
19.7210731734779 77 582
5.53293046866881 62 308
18.8247048135436 96 525
34.2420858893501 106 766
0 28 0
14.6958812031077 55 351
0 28 0
22.1664272536076 79 627
0 28 0
4.20437010416558 60 256
2.45812999636066 48 190
0.0944979523678537 30 1
18.7714548227254 78 601
18.0053810801849 77 490
0 28 0
6.83052304732509 53 300
11.4817128042853 72 307
3.45822044640752 50 231
10.2639317630005 58 331
0 28 0
52.2891643883682 135 1198
14.6958812031077 55 351
14.6958812031077 55 351
6.45306352161566 62 321
22.1664272536076 79 627
31.8015659771948 86 686
0 28 0
0 28 0
14.6958812031077 55 351
0 28 0
29.6332562744421 81 676
4.20786701570016 51 253
0 28 0
14.6958812031077 55 351
0 28 0
0 28 0
0 28 0
0 28 0
9.45251130582535 54 325
0 28 0
0 28 0
24.7262096519461 104 715
9.45251130582535 54 325
23.618891729061 79 625
23.618891729061 79 625
0 28 0
24.6402443480646 80 651
0 28 0
9.45251130582535 54 325
0 28 0
0 28 0
49.9807631492425 127 866
15.6634516501077 76 553
0 28 0
14.6958812031077 55 351
29.2295237583647 109 825
0 28 0
18.7714548227254 78 601
18.7289471897306 94 597
0 28 0
47.3411636991125 134 1143
6.83052304732509 53 300
14.2408827283933 72 317
0 28 0
2.45812999636066 48 190
0 28 0
9.46973478796295 70 436
0 28 0
9.68691159641481 67 346
0.922176530161467 41 78
0.143987245408795 31 3
4.20786701570016 51 253
14.6958812031077 55 351
9.45251130582535 54 325
0 28 0
0.523057508586724 37 36
0 28 0
0 28 0
0 28 0
19.8135950358189 80 539
55.7292068145428 129 1229
0 28 0
0 28 0
0 28 0
9.45251130582535 54 325
1.37919236032072 44 120
9.45251130582535 54 325
0 28 0
39.5351189190246 118 810
3.26015883965596 53 150
0.143987245408795 31 3
16.3202391302277 64 387
0 28 0
15.2570789036683 71 441
0 28 0
9.45251130582535 54 325
0 28 0
4.52292539519869 61 276
2.45812999636066 48 190
14.6958812031077 55 351
0.251816324091077 33 10
42.4454948739724 120 1025
0 28 0
14.6958812031077 55 351
27.5981948266137 93 729
51.4472502870364 126 1166
19.7210731734779 77 582
16.6648636824535 67 417
38.0238162246191 103 901
17.7490577746059 76 317
7.9760358719926 62 336
29.6332562744421 81 676
0 28 0
0 28 0
0 28 0
0 28 0
13.637158848811 87 571
0 28 0
8.59970353209807 64 307
50.8665768172369 125 1147
8.90738586111863 68 405
22.1664272536076 79 627
0 28 0
0 28 0
0 28 0
14.6958812031077 55 351
13.0072100238013 67 190
0 28 0
0 28 0
0 28 0
14.6958812031077 55 351
9.45251130582535 54 325
0 28 0
0.196193297662178 32 6
0 28 0
5.25706960875476 52 276
0 28 0
10.128779308027 68 381
0 28 0
12.2737543657628 65 324
11.0696526102069 70 421
18.1291209126868 79 455
0 28 0
11.1655339225739 72 331
0 28 0
0.922176530161467 41 78
0 28 0
0 28 0
9.45251130582535 54 325
0 28 0
38.0238162246191 103 901
6.1251154721101 65 330
14.6958812031077 55 351
0 28 0
14.6958812031077 55 351
9.60356301523518 60 159
0 28 0
21.8142975515483 72 415
14.1459118187702 69 400
14.6958812031077 55 351
0 28 0
0 28 0
14.6958812031077 55 351
24.4848135687308 80 495
0 28 0
0 28 0
0 28 0
12.7848043823154 73 496
0 28 0
0 28 0
0 28 0
6.83052304732509 53 300
8.19359125856447 58 142
19.7210731734779 77 582
0.196193297662178 32 6
14.6958812031077 55 351
57.3622774168211 136 1199
22.9678944899035 83 534
1.20532835558566 43 105
43.5782930530863 121 1054
0 28 0
2.89578076699294 49 210
5.25706960875476 52 276
18.7714548227254 78 601
20.3518722113134 77 576
6.83052304732509 53 300
0 28 0
22.1760990301567 92 661
0 28 0
6.83052304732509 53 300
0 28 0
5.51133963492599 64 322
0 28 0
0 28 0
0 28 0
0 28 0
0 28 0
0 28 0
0 28 0
19.8961331822324 93 547
0 28 0
0 28 0
20.3518722113134 77 576
14.6958812031077 55 351
0 28 0
0 28 0
0 28 0
0 28 0
20.3518722113134 77 576
16.6648636824535 67 417
6.83052304732509 53 300
9.45251130582535 54 325
40.641203063853 104 797
0 28 0
0 28 0
0 28 0
0 28 0
0 28 0
0 28 0
32.403921712732 101 854
2.45812999636066 48 190
31.8015659771948 86 686
15.6634516501077 76 553
6.83052304732509 53 300
0 28 0
2.56695103067376 52 148
9.45251130582535 54 325
10.964895770227 70 334
0 28 0
0 28 0
51.6970777344814 135 1124
0 28 0
0 28 0
14.6958812031077 55 351
5.25706960875476 52 276
0 28 0
5.20098742250263 57 198
15.5526218047014 57 352
29.580818096008 99 814
5.25706960875476 52 276
5.7604090456703 55 279
0 28 0
14.6958812031077 55 351
1.82100149914691 46 153
9.45251130582535 54 325
16.5636028688904 73 484
0 28 0
0.376091310737629 35 21
0 28 0
14.6958812031077 55 351
0 28 0
0 28 0
64.0300547463899 134 1258
13.292845786955 74 515
0.251816324091077 33 10
0 28 0
0 28 0
0.922176530161467 41 78
48.1039510748392 122 1060
0 28 0
12.2737543657628 65 324
0 28 0
14.6958812031077 55 351
2.45812999636066 48 190
22.0025472504233 87 627
27.4827316455924 98 786
3.45822044640752 50 231
1.82100149914691 46 153
6.83052304732509 53 300
14.6958812031077 55 351
29.6332562744421 81 676
0 28 0
0 28 0
0.311540094803722 34 15
28.9448366889613 99 815
23.618891729061 79 625
23.618891729061 79 625
39.0451688436228 104 927
0 28 0
0 28 0
0 28 0
0 28 0
24.6402443480646 80 651
20.6948373550336 78 604
0 28 0
0 28 0
14.9252202593167 76 556
0 28 0
14.6958812031077 55 351
0 28 0
16.5636028688904 73 484
0 28 0
29.6332562744421 81 676
0 28 0
14.6958812031077 55 351
6.83052304732509 53 300
0 28 0
6.83052304732509 53 300
9.45251130582535 54 325
0 28 0
2.12363871409677 35 9
0 28 0
9.45251130582535 54 325
0 28 0
23.618891729061 79 625
14.6958812031077 55 351
0 28 0
2.89578076699294 49 210
19.7210731734779 77 582
0 28 0
29.6332562744421 81 676
14.6958812031077 55 351
0 28 0
20.3518722113134 77 576
0 28 0
0 28 0
6.83052304732509 53 300
15.6634516501077 76 553
4.20786701570016 51 253
0 28 0
67.6545130067055 149 1423
0 28 0
0 28 0
0 28 0
10.3584203515364 59 335
22.3957511379799 81 477
0 28 0
14.6958812031077 55 351
0 28 0
29.6332562744421 81 676
0.446283374552424 36 28
0 28 0
14.6958812031077 55 351
0 28 0
14.6958812031077 55 351
38.8018281645153 123 875
0 28 0
15.4160227671358 61 124
33.4539070320809 97 796
6.83052304732509 53 300
9.45251130582535 54 325
0 28 0
1.20532835558566 43 105
0 28 0
4.20786701570016 51 253
0 28 0
14.6958812031077 55 351
2.9393455500525 54 192
9.93160938849432 59 225
0 28 0
39.1384226784688 114 938
2.45812999636066 48 190
23.618891729061 79 625
0 28 0
29.7186973172851 104 719
0 28 0
12.7314117235524 75 334
14.6958812031077 55 351
0 28 0
0.0944979523678537 30 1
0 28 0
0 28 0
14.6958812031077 55 351
9.45251130582535 54 325
0 28 0
0 28 0
9.45251130582535 54 325
0 28 0
42.9762648917352 116 993
14.6958812031077 55 351
8.54581428432537 66 231
0 28 0
0 28 0
0 28 0
0.446283374552424 36 28
3.45822044640752 50 231
0 28 0
9.45251130582535 54 325
6.83052304732509 53 300
23.7392886034985 83 633
9.45251130582535 54 325
0 28 0
0 28 0
9.45251130582535 54 325
39.0451688436228 104 927
0 28 0
14.6958812031077 55 351
0 28 0
0 28 0
0.251816324091077 33 10
0 28 0
0 28 0
14.6958812031077 55 351
30.9541119941012 105 572
0 28 0
24.3992262484385 88 663
0 28 0
23.618891729061 79 625
0 28 0
35.9250023739774 102 880
1.4062586833696 43 61
0 28 0
0 28 0
0 28 0
0 28 0
0 28 0
14.6958812031077 55 351
0 28 0
13.1135870924955 70 364
0 28 0
0 28 0
9.45251130582535 54 325
15.9973611306265 79 559
20.6948373550336 78 604
7.39942862742427 65 326
12.2737543657628 65 324
9.91234046793591 74 326
23.618891729061 79 625
0 28 0
0 28 0
60.7666856233702 150 1251
0.311540094803722 34 15
5.25706960875476 52 276
14.6958812031077 55 351
23.618891729061 79 625
0 28 0
1.82100149914691 46 153
2.45812999636066 48 190
0.805240610757522 40 66
9.45251130582535 54 325
0 28 0
2.45812999636066 48 190
0 28 0
7.87124252695294 69 406
4.20786701570016 51 253
0 28 0
0 28 0
14.6958812031077 55 351
0 28 0
14.6958812031077 55 351
0 28 0
10.0354595599449 71 443
14.6958812031077 55 351
0 28 0
14.6958812031077 55 351
0 28 0
0 28 0
24.6402443480646 80 651
0 28 0
1.37919236032072 44 120
18.9786444835216 78 294
14.6958812031077 55 351
44.4259892278346 121 1057
0 28 0
0.311540094803722 34 15
14.6958812031077 55 351
14.6958812031077 55 351
4.56418863703303 52 121
1.60929540961846 46 108
7.9760358719926 62 336
14.6958812031077 55 351
0 28 0
6.83052304732509 53 300
0 28 0
2.89578076699294 49 210
29.6332562744421 81 676
0.805240610757522 40 66
0 28 0
0 28 0
0 28 0
0 28 0
14.6181903566037 70 342
0 28 0
0 28 0
0 28 0
13.1645882043682 67 361
14.6958812031077 55 351
14.6958812031077 55 351
36.3683658849751 103 907
16.2161579597035 63 379
11.4070965058542 68 416
0 28 0
0 28 0
14.6958812031077 55 351
0 28 0
0 28 0
0 28 0
0 28 0
25.873618305136 87 653
6.83052304732509 53 300
5.91544850090232 47 81
5.25706960875476 52 276
0 28 0
48.3141485485134 125 1135
0 28 0
1.82100149914691 46 153
0.311540094803722 34 15
0 28 0
21.7052063771496 85 610
14.6958812031077 55 351
4.79142177429902 62 288
0 28 0
0 28 0
5.51133963492599 64 322
0 28 0
0 28 0
0 28 0
7.73114733652348 68 384
0 28 0
39.0451688436228 104 927
1.37919236032072 44 120
3.45822044640752 50 231
9.45251130582535 54 325
10.3584203515364 59 335
14.6958812031077 55 351
0 28 0
0 28 0
17.5257329107858 72 487
0 28 0
0 28 0
0 28 0
0 28 0
5.48354606955374 63 295
0 28 0
0 28 0
0 28 0
0 28 0
6.83052304732509 53 300
0 28 0
40.8186731600486 116 967
59.474147630051 150 1223
4.20786701570016 51 253
14.9252202593167 76 556
0 28 0
2.89578076699294 49 210
0 28 0
30.5810843456175 104 775
0 28 0
0 28 0
9.45251130582535 54 325
0 28 0
25.1749603454751 82 520
0 28 0
3.9465140334075 59 245
27.3265580980668 87 518
0 28 0
0 28 0
0 28 0
60.5957326586185 133 1088
0 28 0
9.45251130582535 54 325
10.6714957919265 61 256
0 28 0
0 28 0
0 28 0
2.1078154386433 47 171
1.37919236032072 44 120
2.89578076699294 49 210
42.5672417189821 120 1019
0.311540094803722 34 15
0 28 0
0 28 0
0 28 0
3.81427937166853 46 73
0 28 0
0 28 0
4.45188711040655 59 231
0 28 0
28.9448366889613 99 815
14.6958812031077 55 351
3.45822044640752 50 231
0 28 0
1.10228609509311 34 7
9.45251130582535 54 325
0 28 0
23.1845677006771 96 746
14.6958812031077 55 351
0 28 0
0 28 0
14.6958812031077 55 351
14.9252202593167 76 556
10.643295655885 62 353
14.6958812031077 55 351
5.15058189719375 60 244
0 28 0
9.45251130582535 54 325
0 28 0
44.8103053548486 106 976
0 28 0
13.6594233427138 74 507
0 28 0
0 28 0
0 28 0
0 28 0
0 28 0
49.4082515132227 135 1134
37.4987324772543 118 978
0 28 0
14.6958812031077 55 351
27.2883293806562 91 631
11.8126979634728 70 445
0 28 0
0 28 0
0 28 0
14.6958812031077 55 351
9.45251130582535 54 325
9.60356301523518 60 159
0 28 0
4.20786701570016 51 253
0 28 0
33.6984636680801 98 812
0.607528445916281 38 45
16.5636028688904 73 484
6.83052304732509 53 300
0 28 0
0 28 0
0 28 0
34.0459443801215 109 829
5.25706960875476 52 276
34.8314278630946 108 765
14.6958812031077 55 351
12.2737543657628 65 324
0 28 0
0 28 0
0 28 0
23.6681550921641 87 516
4.20786701570016 51 253
2.45812999636066 48 190
1.20532835558566 43 105
41.7946717176437 115 949
0 28 0
14.6958812031077 55 351
9.45251130582535 54 325
0 28 0
14.6958812031077 55 351
5.25706960875476 52 276
14.6958812031077 55 351
5.12561956843022 63 301
14.6958812031077 55 351
0 28 0
14.6958812031077 55 351
4.32291980081333 53 146
19.7210731734779 77 582
14.6958812031077 55 351
0 28 0
0 28 0
0 28 0
0 28 0
39.80555496914 115 952
3.45822044640752 50 231
1.37919236032072 44 120
14.6958812031077 55 351
31.4607249638947 84 679
15.6621878423072 84 552
34.3605969073041 100 847
4.20786701570016 51 253
0 28 0
28.2016599779078 97 772
0 28 0
0 28 0
9.45251130582535 54 325
0 28 0
0 28 0
24.6402443480646 80 651
0 28 0
0 28 0
32.3030421663328 121 885
1.05443352272803 42 91
17.7901301305743 73 504
0 28 0
0 28 0
0.805240610757522 40 66
0.446283374552424 36 28
0 28 0
0 28 0
23.618891729061 79 625
0 28 0
7.32354309937577 71 361
14.1459118187702 69 400
16.1141279068584 62 372
18.1833304087271 75 529
0 28 0
27.4162231995881 98 628
0 28 0
0 28 0
0 28 0
0 28 0
9.45251130582535 54 325
0 28 0
0.701040521294099 39 55
0 28 0
23.618891729061 79 625
5.25706960875476 52 276
24.6402443480646 80 651
10.8538646105345 64 370
3.45822044640752 50 231
22.1664272536076 79 627
22.1664272536076 79 627
14.6958812031077 55 351
0 28 0
7.85957863498956 53 144
2.45812999636066 48 190
0 28 0
4.13334043656992 37 10
0 28 0
2.39999304900659 49 172
0.311540094803722 34 15
0 28 0
0 28 0
0 28 0
0 28 0
11.2443584756382 67 403
1.4719873349608 33 4
4.93081878854392 57 268
0 28 0
16.5636028688904 73 484
0 28 0
0 28 0
0 28 0
9.45251130582535 54 325
0 28 0
4.15677662202292 56 246
0 28 0
0 28 0
19.9034816497852 79 547
0 28 0
0 28 0
0 28 0
0 28 0
0 28 0
0 28 0
0 28 0
0 28 0
6.83052304732509 53 300
31.1036034175315 93 575
0 28 0
31.0608416967799 96 751
11.935708705721 74 510
0 28 0
0 28 0
1.05443352272803 42 91
0 28 0
0 28 0
29.6332562744421 81 676
6.83052304732509 53 300
16.5636028688904 73 484
0.523057508586724 37 36
0 28 0
0 28 0
29.6332562744421 81 676
0 28 0
17.0189829991518 77 378
28.6490982302079 98 784
0 28 0
6.83052304732509 53 300
0 28 0
14.6958812031077 55 351
0 28 0
9.45251130582535 54 325
0 28 0
41.3681686218896 115 984
2.76309443558916 37 16
0 28 0
0 28 0
2.89578076699294 49 210
20.3518722113134 77 576
24.6402443480646 80 651
0 28 0
0.701040521294099 39 55
23.618891729061 79 625
0 28 0
14.6958812031077 55 351
0 28 0
0 28 0
9.45251130582535 54 325
6.83052304732509 53 300
17.5257329107858 72 487
0 28 0
33.2456261328931 96 781
6.75856597909918 61 178
5.25706960875476 52 276
0 28 0
0.251816324091077 33 10
0 28 0
0 28 0
0 28 0
0 28 0
0 28 0
5.25706960875476 52 276
12.2737543657628 65 324
40.8445334025226 125 910
0 28 0
1.82100149914691 46 153
0 28 0
0 28 0
2.89578076699294 49 210
0 28 0
0 28 0
14.6958812031077 55 351
14.6958812031077 55 351
14.6958812031077 55 351
27.050020509568 88 340
0 28 0
3.45822044640752 50 231
4.20786701570016 51 253
0 28 0
0 28 0
5.25706960875476 52 276
5.25706960875476 52 276
0 28 0
14.6958812031077 55 351
16.7983656958969 68 429
24.6402443480646 80 651
38.7596271051303 108 895
20.3518722113134 77 576
0 28 0
0.523057508586724 37 36
0 28 0
14.6958812031077 55 351
0 28 0
0 28 0
36.4068399483132 114 824
0 28 0
0 28 0
0.196193297662178 32 6
14.6958812031077 55 351
5.25706960875476 52 276
17.5257329107858 72 487
43.9109199049618 121 1039
0 28 0
18.1833304087271 75 529
0 28 0
31.345351992362 97 760
14.6958812031077 55 351
0 28 0
29.6332562744421 81 676
14.6958812031077 55 351
0 28 0
24.6402443480646 80 651
0 28 0
14.6958812031077 55 351
84.0970477516705 178 1469
0 28 0
0 28 0
0 28 0
0 28 0
0.523057508586724 37 36
0 28 0
14.6958812031077 55 351
14.6958812031077 55 351
0 28 0
6.83052304732509 53 300
0 28 0
2.1078154386433 47 171
29.580818096008 99 814
11.1005018125509 66 391
13.292845786955 74 515
0 28 0
0 28 0
0 28 0
0 28 0
1.05443352272803 42 91
0 28 0
1.58179551808369 45 136
0.311540094803722 34 15
14.6958812031077 55 351
28.1820879032686 90 640
14.6958812031077 55 351
0 28 0
36.7172930213882 100 759
0 28 0
0 28 0
14.6958812031077 55 351
38.4800022435108 119 1014
6.45306352161566 62 321
14.6958812031077 55 351
12.6596398225636 61 334
4.20786701570016 51 253
0 28 0
14.6958812031077 55 351
20.3518722113134 77 576
23.1386233017799 76 451
18.1625977777964 94 478
0 28 0
1.37919236032072 44 120
0 28 0
22.1760990301567 92 661
1.37919236032072 44 120
15.7994582610622 59 357
28.3453986242064 95 608
14.6958812031077 55 351
0 28 0
0 28 0
29.1393986931799 100 652
0 28 0
29.6332562744421 81 676
0 28 0
0 28 0
37.089695999656 112 845
2.68614611990739 53 174
0.196193297662178 32 6
0 28 0
0 28 0
11.0696526102069 70 421
0.196193297662178 32 6
3.45822044640752 50 231
53.5476162017219 128 1207
0 28 0
14.6958812031077 55 351
24.6402443480646 80 651
13.3299796728149 75 531
44.8103053548486 106 976
20.3518722113134 77 576
45.1532070466951 111 800
4.20786701570016 51 253
0 28 0
0 28 0
23.618891729061 79 625
62.3669767405732 141 1265
6.19859737361832 61 258
0 28 0
0 28 0
0 28 0
3.45822044640752 50 231
9.45251130582535 54 325
35.4684316960524 102 886
0 28 0
0 28 0
0 28 0
10.128779308027 68 381
49.7918396885667 136 1001
0 28 0
0 28 0
0 28 0
0 28 0
12.3084308814804 67 184
0 28 0
40.0665214626264 105 952
29.6332562744421 81 676
0 28 0
0 28 0
31.1766255025237 102 566
24.0228370543167 92 653
0.311540094803722 34 15
26.7260137454685 102 746
1.20532835558566 43 105
10.6714957919265 61 256
0 28 0
0 28 0
1.20532835558566 43 105
4.20786701570016 51 253
31.0608416967799 96 751
14.6958812031077 55 351
0 28 0
0 28 0
4.20786701570016 51 253
5.25706960875476 52 276
0 28 0
0.311540094803722 34 15
0 28 0
16.6648636824535 67 417
40.6692582969922 119 1000
9.45251130582535 54 325
43.038710647012 131 888
60.2250302293437 130 1252
0 28 0
0 28 0
13.1645882043682 67 361
9.45251130582535 54 325
0 28 0
14.6958812031077 55 351
0 28 0
0 28 0
0 28 0
16.4283085077576 65 396
34.3605969073041 100 847
0 28 0
0 28 0
29.6332562744421 81 676
8.53116352105944 55 169
0 28 0
0 28 0
9.45251130582535 54 325
0 28 0
51.1724409638157 127 1008
14.6958812031077 55 351
0 28 0
0 28 0
16.4798147652053 90 504
0.143987245408795 31 3
16.5636028688904 73 484
0 28 0
0 28 0
2.45812999636066 48 190
0 28 0
14.6958812031077 55 351
8.98139385774931 69 402
0 28 0
16.7983656958969 68 429
26.0479585306978 95 717
1.82100149914691 46 153
7.87124252695294 69 406
0 28 0
0 28 0
0 28 0
25.8421401667332 108 780
14.6958812031077 55 351
19.7210731734779 77 582
6.83052304732509 53 300
17.5257329107858 72 487
3.45822044640752 50 231
21.1996351889997 91 637
0 28 0
0 28 0
13.1645882043682 67 361
0 28 0
0 28 0
2.45812999636066 48 190
0 28 0
0 28 0
14.4834845928713 64 157
0 28 0
16.5636028688904 73 484
31.3603899033599 94 410
11.2443584756382 67 403
20.6424481399231 86 584
17.3034205905377 71 471
0 28 0
0 28 0
9.45251130582535 54 325
0 28 0
0 28 0
0 28 0
9.45251130582535 54 325
8.74111950309804 61 292
16.4466393159084 79 288
22.8585356365595 91 673
0 28 0
0 28 0
6.83052304732509 53 300
0 28 0
0 28 0
2.1078154386433 47 171
0 28 0
4.20786701570016 51 253
0 28 0
14.6958812031077 55 351
5.25706960875476 52 276
6.24957707709557 64 310
27.2883293806562 91 631
0 28 0
0 28 0
14.6958812031077 55 351
0 28 0
0 28 0
0 28 0
43.461142213038 126 990
0 28 0
0 28 0
0 28 0
0 28 0
11.0696526102069 70 421
0 28 0
0 28 0
14.6958812031077 55 351
0 28 0
0 28 0
1.20532835558566 43 105
0 28 0
14.6958812031077 55 351
5.25706960875476 52 276
0 28 0
5.25706960875476 52 276
0 28 0
2.89578076699294 49 210
0 28 0
0 28 0
2.89578076699294 49 210
5.25706960875476 52 276
9.45251130582535 54 325
14.6958812031077 55 351
0 28 0
6.23959574632869 56 183
0 28 0
0.805240610757522 40 66
0 28 0
18.1116694331319 74 522
22.4753027121011 74 432
0 28 0
16.3624787021354 77 578
0 28 0
0 28 0
0 28 0
5.25706960875476 52 276
28.9738195566474 119 838
1.20532835558566 43 105
0.523057508586724 37 36
11.0093430314739 73 490
0 28 0
0 28 0
0 28 0
0 28 0
0 28 0
5.25706960875476 52 276
16.5636028688904 73 484
5.25706960875476 52 276
9.22024767437825 57 196
9.45251130582535 54 325
0 28 0
24.6402443480646 80 651
5.25706960875476 52 276
2.45812999636066 48 190
12.3897240530742 72 478
0 28 0
12.7848043823154 73 496
0 28 0
0 28 0
0 28 0
2.45812999636066 48 190
9.45251130582535 54 325
0 28 0
29.6332562744421 81 676
0 28 0
6.83052304732509 53 300
0 28 0
9.45251130582535 54 325
4.20786701570016 51 253
0 28 0
34.1104473316832 100 829
3.45822044640752 50 231
14.6958812031077 55 351
0 28 0
0 28 0
1.37919236032072 44 120
40.0665214626264 105 952
0 28 0
4.20786701570016 51 253
0 28 0
0 28 0
0 28 0
29.6332562744421 81 676
14.6958812031077 55 351
0 28 0
0 28 0
23.618891729061 79 625
9.45251130582535 54 325
17.8626737822285 86 542
20.3518722113134 77 576
75.8752288051626 153 1505
0 28 0
2.45812999636066 48 190
5.84554845880602 48 61
0 28 0
0 28 0
16.5424159991663 66 406
25.4079382287084 90 530
0 28 0
0.701040521294099 39 55
0 28 0
0 28 0
19.8758652476606 93 678
6.83052304732509 53 300
0 28 0
4.02438685817087 41 36
0.0944979523678537 30 1
9.45251130582535 54 325
0 28 0
0 28 0
0 28 0
0 28 0
14.6958812031077 55 351
0 28 0
0 28 0
0 28 0
0 28 0
0 28 0
3.45822044640752 50 231
9.45251130582535 54 325
3.45822044640752 50 231
0 28 0
0.607528445916281 38 45
0 28 0
4.50117544264602 59 267
0 28 0
18.1833304087271 75 529
9.45251130582535 54 325
0 28 0
0 28 0
0 28 0
9.45251130582535 54 325
15.0039876592847 83 511
29.6332562744421 81 676
0 28 0
14.6958812031077 55 351
0.196193297662178 32 6
0 28 0
33.8568589386685 100 835
0 28 0
14.6958812031077 55 351
5.22889298800975 52 133
2.89578076699294 49 210
18.1116694331319 74 522
0 28 0
22.7260224631112 82 550
0 28 0
0 28 0
0 28 0
0 28 0
0 28 0
49.7636662229743 124 1117
0 28 0
0 28 0
29.6332562744421 81 676
14.6958812031077 55 351
34.830508949802 96 745
14.6958812031077 55 351
2.89578076699294 49 210
0 28 0
7.85957863498956 53 144
1.58179551808369 45 136
39.0451688436228 104 927
0 28 0
14.9252202593167 76 556
0 28 0
5.25706960875476 52 276
0 28 0
0 28 0
0 28 0
9.66664325285573 67 253
0 28 0
0 28 0
0 28 0
2.45812999636066 48 190
0 28 0
0 28 0
12.2070677980765 72 463
0 28 0
0 28 0
0 28 0
57.9999318970142 135 1136
0 28 0
9.45251130582535 54 325
0 28 0
16.5636028688904 73 484
0 28 0
16.3624787021354 77 578
23.618891729061 79 625
1.58179551808369 45 136
0 28 0
0 28 0
14.6958812031077 55 351
4.20786701570016 51 253
0 28 0
0 28 0
9.45251130582535 54 325
6.83052304732509 53 300
44.8103053548486 106 976
0 28 0
0 28 0
14.6958812031077 55 351
0 28 0
0 28 0
9.45251130582535 54 325
9.45251130582535 54 325
0 28 0
0 28 0
0 28 0
0 28 0
0 28 0
36.3683658849751 103 907
29.6332562744421 81 676
29.6332562744421 81 676
39.3373821069983 123 780
0 28 0
10.0354595599449 71 443
6.83052304732509 53 300
14.6958812031077 55 351
0 28 0
23.618891729061 79 625
14.6958812031077 55 351
0 28 0
12.2737543657628 65 324
0 28 0
29.6332562744421 81 676
0 28 0
20.6948373550336 78 604
9.45251130582535 54 325
2.1078154386433 47 171
12.823257205229 69 284
45.1324928958562 121 781
14.6958812031077 55 351
14.6958812031077 55 351
24.6402443480646 80 651
25.6265072201862 88 571
0 28 0
36.3683658849751 103 907
2.1078154386433 47 171
6.55454719100141 49 100
24.6402443480646 80 651
9.45251130582535 54 325
0 28 0
9.45251130582535 54 325
4.26048405517813 57 252
0 28 0
0 28 0
29.6332562744421 81 676
0 28 0
40.0665214626264 105 952
0 28 0
0 28 0
14.6958812031077 55 351
9.45251130582535 54 325
14.6958812031077 55 351
9.45251130582535 54 325
0 28 0
55.973847688888 139 1212
0 28 0
0 28 0
0 28 0
14.6958812031077 55 351
0 28 0
0 28 0
0 28 0
4.20786701570016 51 253
0 28 0
6.83052304732509 53 300
0 28 0
1.20532835558566 43 105
0 28 0
5.68090365043635 59 227
0.196193297662178 32 6
14.6958812031077 55 351
1.58179551808369 45 136
4.20786701570016 51 253
9.45251130582535 54 325
14.6958812031077 55 351
3.45822044640752 50 231
0 28 0
0 28 0
0 28 0
23.618891729061 79 625
1.20532835558566 43 105
27.9512115054813 100 832
14.6958812031077 55 351
0 28 0
29.9661426527966 88 353
34.1104473316832 100 829
8.04339269364658 69 412
14.6958812031077 55 351
0 28 0
48.3300139387185 137 968
0 28 0
0 28 0
0 28 0
0 28 0
9.45251130582535 54 325
0 28 0
0 28 0
0 28 0
14.6958812031077 55 351
26.3381432745042 102 670
14.6958812031077 55 351
0 28 0
16.5636028688904 73 484
0 28 0
0 28 0
1.20532835558566 43 105
0 28 0
0 28 0
18.1833304087271 75 529
15.2570789036683 71 441
2.1078154386433 47 171
49.335501167517 126 1158
0 28 0
10.9714139422769 65 380
0 28 0
0 28 0
0 28 0
0 28 0
1.37919236032072 44 120
0 28 0
0 28 0
0.523057508586724 37 36
14.6958812031077 55 351
14.6958812031077 55 351
0 28 0
14.6958812031077 55 351
14.6958812031077 55 351
29.3481252822355 99 809
0 28 0
0.523057508586724 37 36
0 28 0
0 28 0
0 28 0
0 28 0
0 28 0
0 28 0
0 28 0
39.0451688436228 104 927
14.6958812031077 55 351
0 28 0
0.196193297662178 32 6
9.45251130582535 54 325
0 28 0
0 28 0
6.83052304732509 53 300
29.6332562744421 81 676
0 28 0
2.05286097896963 49 120
0 28 0
0 28 0
0.446283374552424 36 28
0 28 0
6.83052304732509 53 300
44.8103053548486 106 976
0 28 0
0 28 0
13.6594233427138 74 507
5.25706960875476 52 276
28.8451427074729 105 714
0 28 0
5.25706960875476 52 276
0 28 0
0.805240610757522 40 66
24.6402443480646 80 651
0 28 0
50.3529847666641 126 1022
0 28 0
0 28 0
6.83052304732509 53 300
0 28 0
0 28 0
18.7714548227254 78 601
0 28 0
0 28 0
9.45251130582535 54 325
6.83052304732509 53 300
23.0432769639349 98 634
0 28 0
0 28 0
0 28 0
0.805240610757522 40 66
0 28 0
27.2883293806562 91 631
33.4539070320809 97 796
22.0370059735805 81 607
6.83052304732509 53 300
0 28 0
14.6958812031077 55 351
0.922176530161467 41 78
0 28 0
19.7210731734779 77 582
44.9957293524697 128 1003
0 28 0
6.83052304732509 53 300
23.618891729061 79 625
0 28 0
5.25706960875476 52 276
0 28 0
0 28 0
14.6958812031077 55 351
0 28 0
0 28 0
0 28 0
14.6958812031077 55 351
0 28 0
16.5636028688904 73 484
0 28 0
0 28 0
0.805240610757522 40 66
18.099623318844 90 616
14.6958812031077 55 351
0 28 0
20.3518722113134 77 576
3.45822044640752 50 231
0 28 0
0.523057508586724 37 36
8.51604610447132 51 79
11.5751218785026 60 157
0 28 0
2.89578076699294 49 210
0 28 0
14.6958812031077 55 351
0 28 0
24.6402443480646 80 651
3.57649392281124 57 208
0 28 0
0 28 0
0 28 0
8.30765221554171 63 244
56.8148643598855 133 1190
0 28 0
40.2471663042435 116 943
0.311540094803722 34 15
4.20786701570016 51 253
0 28 0
11.5731086842191 66 203
24.75192190314 89 624
29.6332562744421 81 676
6.79142951048289 67 373
0 28 0
0 28 0
0 28 0
2.89578076699294 49 210
0.805240610757522 40 66
23.618891729061 79 625
20.2483900565848 88 577
44.3708975978428 119 1043
0 28 0
20.6948373550336 78 604
36.7717111975049 105 839
0 28 0
4.20786701570016 51 253
6.83052304732509 53 300
0 28 0
0 28 0
0 28 0
14.6958812031077 55 351
5.25706960875476 52 276
0 28 0
58.9540407731157 125 1029
40.0665214626264 105 952
1.20532835558566 43 105
14.9252202593167 76 556
7.77351495494036 60 321
14.6958812031077 55 351
0 28 0
5.25706960875476 52 276
14.0552876612219 80 469
0 28 0
14.6958812031077 55 351
0 28 0
29.6332562744421 81 676
3.81427937166853 46 73
38.0238162246191 103 901
13.1645882043682 67 361
74.6139639424121 155 1109
23.618891729061 79 625
8.52257884974249 70 429
0 28 0
31.7639267921136 103 670
0 28 0
0 28 0
0 28 0
6.83052304732509 53 300
9.45251130582535 54 325
0 28 0
14.6958812031077 55 351
9.45251130582535 54 325
5.25706960875476 52 276
34.4466269507394 103 904
0 28 0
0 28 0
0 28 0
0 28 0
0 28 0
0 28 0
20.3518722113134 77 576
19.7210731734779 77 582
40.1680002245993 121 830
0 28 0
2.1078154386433 47 171
8.53116352105944 55 169
0 28 0
0 28 0
0 28 0
0 28 0
14.6958812031077 55 351
0 28 0
0 28 0
0.701040521294099 39 55
0 28 0
16.5636028688904 73 484
0 28 0
0 28 0
0 28 0
0 28 0
22.3562454290628 80 317
0.143987245408795 31 3
0 28 0
3.39549312788066 39 25
0 28 0
0 28 0
0 28 0
4.01939111075994 57 202
11.0696526102069 70 421
0 28 0
6.83052304732509 53 300
0 28 0
2.12363871409677 35 9
15.2570789036683 71 441
9.45251130582535 54 325
0 28 0
0.446283374552424 36 28
0 28 0
14.6958812031077 55 351
0 28 0
0 28 0
5.22889298800975 52 133
17.7901301305743 73 504
14.6958812031077 55 351
14.6958812031077 55 351
0 28 0
0 28 0
0 28 0
44.1753941725235 121 1063
0 28 0
4.20786701570016 51 253
0 28 0
44.5524941494438 123 1022
0 28 0
0 28 0
0 28 0
0.701040521294099 39 55
0 28 0
0 28 0
15.6634516501077 76 553
0 28 0
26.1936611098011 83 654
7.20172787383665 51 121
0 28 0
8.53116352105944 55 169
24.6402443480646 80 651
6.83052304732509 53 300
20.3518722113134 77 576
0 28 0
9.45251130582535 54 325
3.35888680625211 44 57
9.1326058625175 56 147
14.6958812031077 55 351
0 28 0
14.6958812031077 55 351
14.6958812031077 55 351
0 28 0
0 28 0
0 28 0
6.83052304732509 53 300
14.6958812031077 55 351
21.1525888543248 70 400
0 28 0
0 28 0
0 28 0
1.88244037448622 48 115
0 28 0
0 28 0
1.58179551808369 45 136
0 28 0
0 28 0
14.6958812031077 55 351
3.85676881676445 54 160
0 28 0
0 28 0
29.6332562744421 81 676
0 28 0
0 28 0
14.6958812031077 55 351
0 28 0
0 28 0
2.2872032972172 47 87
0.0944979523678537 30 1
0 28 0
0.922176530161467 41 78
43.1540415535199 120 1037
0 28 0
64.4752488015574 157 1375
0.805240610757522 40 66
9.45251130582535 54 325
0 28 0
29.6332562744421 81 676
6.58736570201357 62 190
6.39681587311489 69 309
23.618891729061 79 625
0 28 0
36.8382057342743 106 832
0 28 0
14.6958812031077 55 351
56.0713383927094 139 1196
0 28 0
0 28 0
12.2737543657628 65 324
0 28 0
0 28 0
14.6958812031077 55 351
13.7498482264002 79 484
0 28 0
10.0579863425355 72 466
0 28 0
1.20532835558566 43 105
0 28 0
0 28 0
0 28 0
1.05443352272803 42 91
14.6958812031077 55 351
0 28 0
6.83052304732509 53 300
9.45251130582535 54 325
0 28 0
10.115484710892 80 455
0 28 0
0 28 0
0 28 0
14.6958812031077 55 351
14.6958812031077 55 351
0 28 0
19.0295912197919 76 561
9.45251130582535 54 325
3.85676881676445 54 160
16.5424159991663 66 406
17.8976123820211 83 593
2.45812999636066 48 190
0.196193297662178 32 6
0 28 0
0 28 0
0.251816324091077 33 10
1.05443352272803 42 91
0 28 0
23.618891729061 79 625
0 28 0
0 28 0
0 28 0
0 28 0
15.2217165908608 71 401
23.618891729061 79 625
0.701040521294099 39 55
0 28 0
25.7873663843738 95 725
0 28 0
30.8800307629367 102 686
22.1664272536076 79 627
14.6958812031077 55 351
0 28 0
0.523057508586724 37 36
6.83052304732509 53 300
0 28 0
16.5424159991663 66 406
0 28 0
14.6958812031077 55 351
17.0310198402583 86 424
0.196193297662178 32 6
0 28 0
0 28 0
0 28 0
1.37919236032072 44 120
7.39942862742427 65 326
0 28 0
18.1833304087271 75 529
14.6958812031077 55 351
9.45251130582535 54 325
0 28 0
24.8874847636112 90 574
20.3518722113134 77 576
18.1116694331319 74 522
0 28 0
0 28 0
7.94579588005718 59 155
9.45251130582535 54 325
60.2250302293437 130 1252
34.7507878575776 118 845
0 28 0
2.89578076699294 49 210
0 28 0
0 28 0
14.6958812031077 55 351
0 28 0
17.3034205905377 71 471
14.6958812031077 55 351
0 28 0
0 28 0
5.25706960875476 52 276
0 28 0
18.5129566623292 75 541
0 28 0
15.2570789036683 71 441
20.0468827079091 80 551
0 28 0
29.6332562744421 81 676
0 28 0
1.82100149914691 46 153
18.1833304087271 75 529
0 28 0
0 28 0
5.25706960875476 52 276
0.0944979523678537 30 1
2.89578076699294 49 210
26.5011558700977 85 661
0 28 0
0.446283374552424 36 28
0 28 0
6.83052304732509 53 300
2.1078154386433 47 171
19.036702286718 77 486
0 28 0
14.6958812031077 55 351
39.0451688436228 104 927
0 28 0
0 28 0
0 28 0
6.83052304732509 53 300
22.1664272536076 79 627
0 28 0
66.778386095924 154 1301
0 28 0
0 28 0
5.25706960875476 52 276
13.0897817775268 80 466
18.7714548227254 78 601
0.311540094803722 34 15
0 28 0
0 28 0
29.6332562744421 81 676
0 28 0
0.805240610757522 40 66
0 28 0
0 28 0
0 28 0
14.6958812031077 55 351
32.4793114271096 91 721
0 28 0
0 28 0
23.8073379634211 78 472
7.37098718794163 67 381
0.0944979523678537 30 1
32.7520157435683 93 742
0 28 0
0 28 0
0 28 0
0 28 0
0 28 0
44.3125531093716 114 932
0 28 0
9.45251130582535 54 325
24.1776143914034 94 718
6.83052304732509 53 300
14.6958812031077 55 351
32.1840329435334 102 882
0 28 0
0 28 0
0 28 0
0 28 0
24.6402443480646 80 651
15.6826270201897 58 354
34.1104473316832 100 829
59.6924652330106 138 1157
0 28 0
0 28 0
14.6958812031077 55 351
0 28 0
0 28 0
25.6681766032981 96 741
0 28 0
4.20786701570016 51 253
0 28 0
0 28 0
0 28 0
0 28 0
9.45251130582535 54 325
0 28 0
5.25706960875476 52 276
14.6958812031077 55 351
1.82100149914691 46 153
0 28 0
14.6958812031077 55 351
0.251816324091077 33 10
0 28 0
0 28 0
0 28 0
26.29588431949 95 655
0 28 0
0 28 0
27.5223573579785 103 763
14.6958812031077 55 351
14.6958812031077 55 351
4.20437010416558 60 256
61.6199573349598 146 1358
14.6958812031077 55 351
27.2038826035432 95 745
3.45822044640752 50 231
0 28 0
14.6958812031077 55 351
0 28 0
0 28 0
2.45812999636066 48 190
0 28 0
6.83052304732509 53 300
29.6332562744421 81 676
14.6958812031077 55 351
0 28 0
14.6958812031077 55 351
0 28 0
0.523057508586724 37 36
23.618891729061 79 625
0 28 0
9.45251130582535 54 325
0 28 0
5.25706960875476 52 276
20.3518722113134 77 576
9.45251130582535 54 325
0 28 0
0 28 0
0 28 0
0 28 0
0 28 0
2.45812999636066 48 190
0 28 0
5.25706960875476 52 276
14.6958812031077 55 351
9.1326058625175 56 147
0 28 0
7.39942862742427 65 326
0 28 0
0 28 0
0 28 0
5.25706960875476 52 276
14.6958812031077 55 351
5.25706960875476 52 276
56.6979577003152 139 1210
0 28 0
13.7979351764503 61 166
2.89578076699294 49 210
52.6651489575319 126 1154
14.6958812031077 55 351
14.6958812031077 55 351
13.6594233427138 74 507
0 28 0
42.7716740113943 110 872
31.345351992362 97 760
0 28 0
37.2341661302851 116 892
0 28 0
0 28 0
0 28 0
14.6958812031077 55 351
0 28 0
9.45251130582535 54 325
5.25706960875476 52 276
24.6402443480646 80 651
0 28 0
16.5345018110411 79 415
0 28 0
17.2098526304416 91 639
29.6332562744421 81 676
17.0030728641833 88 601
1.20532835558566 43 105
22.3260770096706 89 592
0 28 0
6.83052304732509 53 300
35.9250023739774 102 880
0 28 0
2.45940605449292 40 31
12.073016851505 71 461
0.805240610757522 40 66
20.2234031049933 76 453
0 28 0
0 28 0
0.922176530161467 41 78
0 28 0
0 28 0
0 28 0
10.2805338977247 68 317
5.25706960875476 52 276
31.7639267921136 103 670
6.83052304732509 53 300
10.128779308027 68 381
0 28 0
53.5476162017219 128 1207
0 28 0
0 28 0
0 28 0
42.5672417189821 120 1019
0 28 0
0 28 0
9.22024767437825 57 196
0 28 0
0.701040521294099 39 55
14.6958812031077 55 351
0 28 0
0 28 0
23.618891729061 79 625
23.5899662358941 97 772
15.6634516501077 76 553
14.6958812031077 55 351
9.45251130582535 54 325
0 28 0
0 28 0
14.6958812031077 55 351
0 28 0
9.45251130582535 54 325
10.6714957919265 61 256
14.6958812031077 55 351
5.25706960875476 52 276
0 28 0
0 28 0
5.25706960875476 52 276
65.4782423485343 149 1415
0 28 0
6.83052304732509 53 300
29.6332562744421 81 676
0 28 0
3.94476026684773 49 84
0 28 0
9.45251130582535 54 325
14.6958812031077 55 351
30.8466150126108 101 861
14.9252202593167 76 556
0 28 0
9.45251130582535 54 325
19.8822156284014 77 465
0 28 0
23.618891729061 79 625
0 28 0
0 28 0
14.6958812031077 55 351
0 28 0
5.25706960875476 52 276
28.5019880971095 105 769
0 28 0
9.45251130582535 54 325
21.38280564781 86 582
0 28 0
9.45251130582535 54 325
0 28 0
15.6634516501077 76 553
0 28 0
14.6958812031077 55 351
0 28 0
14.6958812031077 55 351
29.6332562744421 81 676
0 28 0
0.922176530161467 41 78
38.0238162246191 103 901
0 28 0
0 28 0
2.89578076699294 49 210
0 28 0
0 28 0
0 28 0
18.7714548227254 78 601
14.6958812031077 55 351
32.3833933983895 117 964
0 28 0
0 28 0
0 28 0
0 28 0
9.45251130582535 54 325
14.6958812031077 55 351
0 28 0
14.6958812031077 55 351
11.409506922223 55 109
0 28 0
14.6958812031077 55 351
19.0295912197919 76 561
29.6332562744421 81 676
0 28 0
0 28 0
7.87124252695294 69 406
5.67066174049321 54 277
0 28 0
0 28 0
0 28 0
3.45822044640752 50 231
10.6714957919265 61 256
2.89578076699294 49 210
3.45822044640752 50 231
16.4305006238682 77 380
20.3518722113134 77 576
0 28 0
6.91835167997423 65 354
0 28 0
0.922176530161467 41 78
3.79545320302661 52 232
0 28 0
18.7201837160882 83 481
9.45251130582535 54 325
0 28 0
7.02438820607392 60 164
0 28 0
0 28 0
0 28 0
2.2872032972172 47 87
0 28 0
18.5129566623292 75 541
5.73907552517912 57 206
26.1742409055094 96 753
0 28 0
0 28 0
0 28 0
2.89578076699294 49 210
0 28 0
9.45251130582535 54 325
0 28 0
0 28 0
23.618891729061 79 625
5.84777916509742 56 282
0 28 0
60.2250302293437 130 1252
14.6958812031077 55 351
0 28 0
0 28 0
18.2697155429128 93 684
15.6826270201897 58 354
9.45251130582535 54 325
29.6332562744421 81 676
16.2161579597035 63 379
1.35001625776247 44 92
0 28 0
30.4800123052636 109 794
14.6958812031077 55 351
0 28 0
16.5636028688904 73 484
0 28 0
6.83052304732509 53 300
0 28 0
0.446283374552424 36 28
0 28 0
0 28 0
14.6958812031077 55 351
0 28 0
0 28 0
2.45812999636066 48 190
0 28 0
0 28 0
0 28 0
14.6958812031077 55 351
0 28 0
37.2151339085507 114 814
0 28 0
0 28 0
14.6958812031077 55 351
2.89578076699294 49 210
24.6402443480646 80 651
0 28 0
0 28 0
0 28 0
1.20532835558566 43 105
13.6594233427138 74 507
0 28 0
14.6958812031077 55 351
0 28 0
0 28 0
14.1459118187702 69 400
5.5542324379747 64 315
0 28 0
14.6958812031077 55 351
1.58179551808369 45 136
9.45251130582535 54 325
0.311540094803722 34 15
5.25706960875476 52 276
0 28 0
0 28 0
0 28 0
10.0579863425355 72 466
2.45812999636066 48 190
2.89578076699294 49 210
0 28 0
0 28 0
2.89578076699294 49 210
19.7210731734779 77 582
0 28 0
31.2896984842289 114 908
4.20786701570016 51 253
0 28 0
4.20786701570016 51 253
0.251816324091077 33 10
14.6958812031077 55 351
0 28 0
0 28 0
78.963452695095 171 1299
9.45251130582535 54 325
14.6958812031077 55 351
13.6594233427138 74 507
29.4064042000777 96 591
1.61413131331301 46 97
0 28 0
26.0479585306978 95 717
0 28 0
0 28 0
0 28 0
18.0403356181555 78 394
20.8380361204301 95 731
17.3034205905377 71 471
9.45251130582535 54 325
0 28 0
14.6958812031077 55 351
14.6958812031077 55 351
12.2737543657628 65 324
14.6958812031077 55 351
64.5247998831199 149 1419
4.20786701570016 51 253
0 28 0
0 28 0
26.8514945778493 102 604
5.25706960875476 52 276
0 28 0
15.6826270201897 58 354
16.5636028688904 73 484
14.6958812031077 55 351
0 28 0
9.93160938849432 59 225
0.0944979523678537 30 1
14.6958812031077 55 351
0 28 0
6.83052304732509 53 300
0 28 0
2.1078154386433 47 171
0 28 0
51.7330611594277 126 1160
38.0238162246191 103 901
41.7014054794326 112 865
0 28 0
24.6402443480646 80 651
14.6958812031077 55 351
0 28 0
24.6402443480646 80 651
0 28 0
0 28 0
33.4285729148535 116 785
0 28 0
60.5826247569751 139 1166
0 28 0
0 28 0
16.3624787021354 77 578
0 28 0
26.756517827886 93 716
1.82100149914691 46 153
9.45251130582535 54 325
29.580818096008 99 814
15.5086563733117 89 602
17.1127566517913 70 456
14.6958812031077 55 351
0 28 0
0 28 0
0 28 0
0 28 0
9.45251130582535 54 325
10.0295827169222 69 290
4.6841662515808 58 214
0 28 0
0 28 0
14.6958812031077 55 351
9.16108535756161 69 420
21.2777439817238 93 560
20.5800985280244 81 571
16.4588066545636 90 636
2.89578076699294 49 210
0 28 0
19.4500588523977 69 394
2.45812999636066 48 190
0 28 0
17.7901301305743 73 504
23.618891729061 79 625
14.6958812031077 55 351
14.6958812031077 55 351
0 28 0
9.45251130582535 54 325
0 28 0
0 28 0
14.6958812031077 55 351
14.1459118187702 69 400
22.1664272536076 79 627
14.6958812031077 55 351
0 28 0
0 28 0
0 28 0
0 28 0
14.6958812031077 55 351
0 28 0
0 28 0
0 28 0
17.44895497601 70 274
8.73592190472308 70 424
0 28 0
0 28 0
0 28 0
0 28 0
0 28 0
29.6332562744421 81 676
43.1540415535199 120 1037
0 28 0
14.1459118187702 69 400
14.6958812031077 55 351
0.446283374552424 36 28
7.55616461757362 59 154
9.45251130582535 54 325
22.1664272536076 79 627
57.2371953566514 136 974
24.6402443480646 80 651
0 28 0
54.6805664708613 139 1204
2.90795456307207 42 43
4.32291980081333 53 146
14.9871725855875 76 465
0 28 0
18.7714548227254 78 601
0 28 0
8.90738586111863 68 405
17.1127566517913 70 456
12.073016851505 71 461
0 28 0
0.607528445916281 38 45
6.40309032063981 66 254
0 28 0
4.20786701570016 51 253
0 28 0
3.45822044640752 50 231
0 28 0
14.6958812031077 55 351
0 28 0
0 28 0
25.3978057073001 96 757
0 28 0
36.5906802902689 114 638
33.9354360814064 106 778
13.6594233427138 74 507
0 28 0
1.58179551808369 45 136
0 28 0
0 28 0
23.618891729061 79 625
0 28 0
11.4483177385873 63 289
0 28 0
14.6958812031077 55 351
9.45251130582535 54 325
0 28 0
0 28 0
14.6958812031077 55 351
6.83052304732509 53 300
0 28 0
24.6402443480646 80 651
18.1833304087271 75 529
37.5920334632243 115 928
0 28 0
14.6958812031077 55 351
7.34305443930206 60 241
16.6648636824535 67 417
5.25706960875476 52 276
14.6958812031077 55 351
19.0295912197919 76 561
44.009555919135 129 1003
0.251816324091077 33 10
0 28 0
7.87140577603206 61 328
20.9725665684714 95 724
0 28 0
14.6958812031077 55 351
15.0268937936417 76 379
5.25706960875476 52 276
14.6958812031077 55 351
0 28 0
18.1116694331319 74 522
5.25336786977125 60 289
4.20786701570016 51 253
0 28 0
89.1605237216139 180 1542
29.6332562744421 81 676
2.12363871409677 35 9
0 28 0
0 28 0
0 28 0
4.20786701570016 51 253
0 28 0
0 28 0
8.12473523917532 67 363
0 28 0
0 28 0
15.2570789036683 71 441
14.6958812031077 55 351
5.25706960875476 52 276
30.8466150126108 101 861
14.6958812031077 55 351
14.6958812031077 55 351
25.7579154076369 92 481
44.957001820279 123 1091
3.47991360050062 56 182
37.7395574162717 104 929
0 28 0
4.20786701570016 51 253
22.1664272536076 79 627
41.867240216744 120 1019
0 28 0
24.6402443480646 80 651
14.6958812031077 55 351
14.6958812031077 55 351
10.0354595599449 71 443
38.0238162246191 103 901
5.12561956843022 63 301
0 28 0
0 28 0
14.6958812031077 55 351
0 28 0
0 28 0
22.1664272536076 79 627
71.3797110493027 161 1322
0 28 0
0 28 0
14.6958812031077 55 351
0.446283374552424 36 28
0 28 0
23.618891729061 79 625
13.1645882043682 67 361
0.805240610757522 40 66
0 28 0
36.3683658849751 103 907
0 28 0
0 28 0
24.5492701864187 93 686
9.45251130582535 54 325
0 28 0
14.6958812031077 55 351
8.07957492745149 42 20
5.25706960875476 52 276
0 28 0
0 28 0
0 28 0
0 28 0
0 28 0
0 28 0
13.6594233427138 74 507
0 28 0
0 28 0
115.585837548128 210 2007
0 28 0
3.45822044640752 50 231
19.7210731734779 77 582
40.0665214626264 105 952
2.57269385082312 43 43
0 28 0
0 28 0
14.6958812031077 55 351
20.3518722113134 77 576
0.805240610757522 40 66
0.446283374552424 36 28
0 28 0
0 28 0
20.3518722113134 77 576
20.3518722113134 77 576
15.0020529159572 64 199
14.6958812031077 55 351
65.5827538026848 128 596
40.5191455853283 124 907
0 28 0
24.6402443480646 80 651
0 28 0
0 28 0
18.0472800737545 88 619
3.45822044640752 50 231
0 28 0
24.6402443480646 80 651
0 28 0
18.5129566623292 75 541
6.83052304732509 53 300
1.82100149914691 46 153
0 28 0
18.0496573778037 71 432
1.05443352272803 42 91
9.26146317606483 67 271
0 28 0
6.83052304732509 53 300
29.6332562744421 81 676
32.2190881808737 89 704
44.8103053548486 106 976
29.6332562744421 81 676
0 28 0
0 28 0
0 28 0
14.6958812031077 55 351
39.3477603020006 117 971
0.607528445916281 38 45
9.45251130582535 54 325
0 28 0
40.3889943696205 121 857
9.45251130582535 54 325
0 28 0
0 28 0
0 28 0
2.89578076699294 49 210
14.6958812031077 55 351
14.6958812031077 55 351
0 28 0
26.9122344735692 108 815
0 28 0
0 28 0
14.6958812031077 55 351
14.6958812031077 55 351
38.3038222692089 103 787
0 28 0
0.0944979523678537 30 1
29.6332562744421 81 676
0 28 0
19.0295912197919 76 561
0 28 0
0 28 0
0 28 0
0 28 0
6.83052304732509 53 300
9.45251130582535 54 325
0 28 0
0 28 0
0 28 0
0 28 0
2.89578076699294 49 210
0 28 0
0 28 0
9.31863714923253 66 343
14.6958812031077 55 351
14.6958812031077 55 351
25.8407498289763 87 620
9.22024767437825 57 196
5.25706960875476 52 276
0 28 0
24.4503646172799 98 791
6.83052304732509 53 300
16.9462530438433 69 442
2.89578076699294 49 210
61.3686426360813 152 1274
14.6958812031077 55 351
4.20786701570016 51 253
0 28 0
9.45251130582535 54 325
5.25706960875476 52 276
0 28 0
32.3109613914649 98 792
4.20786701570016 51 253
29.2972866878866 100 837
35.9250023739774 102 880
0 28 0
0 28 0
5.25706960875476 52 276
0 28 0
20.3518722113134 77 576
14.6958812031077 55 351
0 28 0
21.6457182896228 85 321
0 28 0
16.5636028688904 73 484
0 28 0
14.6958812031077 55 351
0 28 0
14.1459118187702 69 400
0 28 0
2.9393455500525 54 192
0 28 0
0 28 0
0 28 0
0 28 0
14.6958812031077 55 351
0 28 0
0 28 0
23.618891729061 79 625
0 28 0
14.6958812031077 55 351
0 28 0
0 28 0
0 28 0
16.3624787021354 77 578
0 28 0
0 28 0
4.20786701570016 51 253
13.1645882043682 67 361
7.77373546083412 69 276
14.6958812031077 55 351
0 28 0
2.1078154386433 47 171
6.83052304732509 53 300
0 28 0
0 28 0
5.25706960875476 52 276
14.6958812031077 55 351
0 28 0
0 28 0
0 28 0
1.58179551808369 45 136
29.6332562744421 81 676
0 28 0
0 28 0
0 28 0
21.2990766876839 79 409
0 28 0
9.45251130582535 54 325
14.6958812031077 55 351
6.83052304732509 53 300
4.20786701570016 51 253
0 28 0
0 28 0
0 28 0
3.45822044640752 50 231
0 28 0
2.89578076699294 49 210
0 28 0
9.46973478796295 70 436
0 28 0
1.82100149914691 46 153
14.6958812031077 55 351
14.6958812031077 55 351
14.6958812031077 55 351
0 28 0
0.143987245408795 31 3
31.345351992362 97 760
22.1866391973309 82 610
29.6332562744421 81 676
14.6958812031077 55 351
14.6958812031077 55 351
33.8568589386685 100 835
2.45812999636066 48 190
15.6634516501077 76 553
14.6958812031077 55 351
0.143987245408795 31 3
14.6958812031077 55 351
0 28 0
0 28 0
14.6958812031077 55 351
5.25706960875476 52 276
1.82100149914691 46 153
16.6374861671287 84 584
29.6332562744421 81 676
44.8103053548486 106 976
17.7901301305743 73 504
0 28 0
0 28 0
0 28 0
29.6332562744421 81 676
18.1833304087271 75 529
15.5526218047014 57 352
0 28 0
0 28 0
3.45822044640752 50 231
0 28 0
0 28 0
0 28 0
0 28 0
0 28 0
1.70247655734702 43 55
0 28 0
29.6332562744421 81 676
0 28 0
0 28 0
14.6958812031077 55 351
0 28 0
0 28 0
0 28 0
14.6958812031077 55 351
0 28 0
0 28 0
0 28 0
9.45251130582535 54 325
17.5361325800994 97 573
15.9081617961145 60 361
0 28 0
0 28 0
14.6958812031077 55 351
0 28 0
11.4070965058542 68 416
74.0354942370239 169 1367
0 28 0
14.6958812031077 55 351
0 28 0
1.82100149914691 46 153
35.3884844045407 101 599
18.5129566623292 75 541
0 28 0
9.45251130582535 54 325
0 28 0
9.45251130582535 54 325
14.6958812031077 55 351
0 28 0
17.7699219296808 68 399
0 28 0
0 28 0
0 28 0
32.6353093548725 122 886
7.85957863498956 53 144
0 28 0
0 28 0
0.446283374552424 36 28
0 28 0
2.89578076699294 49 210
0 28 0
9.45251130582535 54 325
0 28 0
9.45251130582535 54 325
49.6589070797131 131 1020
9.00736918262569 71 304
6.83052304732509 53 300
5.25706960875476 52 276
11.0732873837974 70 328
9.45251130582535 54 325
13.9715971281336 75 535
14.6958812031077 55 351
24.2720477228738 98 645
51.7330611594277 126 1160
0 28 0
37.7395574162717 104 929
0 28 0
14.6958812031077 55 351
0 28 0
0.922176530161467 41 78
32.2802215686952 106 778
33.4539070320809 97 796
24.6402443480646 80 651
44.4296583845631 130 882
35.8527804820983 109 784
0 28 0
37.2681333602378 108 857
9.45251130582535 54 325
26.2221589742004 93 694
4.20786701570016 51 253
0 28 0
0 28 0
0 28 0
0 28 0
0 28 0
1.82100149914691 46 153
0 28 0
0 28 0
1.37919236032072 44 120
9.45251130582535 54 325
0 28 0
0 28 0
0 28 0
9.45251130582535 54 325
0 28 0
0 28 0
14.6958812031077 55 351
9.45251130582535 54 325
24.6402443480646 80 651
0 28 0
0.607528445916281 38 45
0 28 0
1.20532835558566 43 105
0 28 0
9.16174104445589 71 447
0 28 0
0 28 0
29.6332562744421 81 676
14.6958812031077 55 351
0 28 0
29.6332562744421 81 676
0 28 0
0 28 0
0 28 0
5.25706960875476 52 276
13.3299796728149 75 531
0 28 0
0 28 0
1.82100149914691 46 153
0 28 0
0.922176530161467 41 78
0 28 0
0 28 0
4.20786701570016 51 253
14.6958812031077 55 351
6.22199064390933 60 304
1.58179551808369 45 136
0 28 0
1.82100149914691 46 153
0 28 0
14.6958812031077 55 351
14.6958812031077 55 351
0 28 0
0 28 0
38.0238162246191 103 901
11.935708705721 74 510
10.3841942279265 76 423
0 28 0
0 28 0
0 28 0
14.6958812031077 55 351
9.45251130582535 54 325
0.523057508586724 37 36
17.1127566517913 70 456
0 28 0
6.76580848361472 63 291
60.2250302293437 130 1252
0 28 0
0 28 0
14.6958812031077 55 351
0 28 0
5.25706960875476 52 276
0 28 0
0 28 0
14.6958812031077 55 351
9.45251130582535 54 325
0 28 0
0.376091310737629 35 21
0 28 0
0 28 0
9.45251130582535 54 325
23.8073379634211 78 472
0 28 0
0 28 0
0 28 0
0 28 0
44.8103053548486 106 976
5.25706960875476 52 276
0 28 0
0 28 0
24.3554492751388 97 763
15.2570789036683 71 441
0 28 0
4.25571670434971 56 186
2.89578076699294 49 210
0 28 0
0 28 0
16.2161579597035 63 379
12.2737543657628 65 324
14.6958812031077 55 351
14.6958812031077 55 351
0 28 0
0 28 0
9.45251130582535 54 325
0.251816324091077 33 10
9.45251130582535 54 325
21.020144086816 90 620
14.6958812031077 55 351
0 28 0
4.50117544264602 59 267
0 28 0
14.6958812031077 55 351
0 28 0
14.6958812031077 55 351
0 28 0
0 28 0
14.6958812031077 55 351
0 28 0
0.523057508586724 37 36
16.3202391302277 64 387
0 28 0
0 28 0
0 28 0
3.45822044640752 50 231
2.89578076699294 49 210
14.6958812031077 55 351
0 28 0
0 28 0
13.6885316671878 86 568
14.6958812031077 55 351
24.6402443480646 80 651
0 28 0
0 28 0
9.45251130582535 54 325
18.7714548227254 78 601
0 28 0
2.12363871409677 35 9
14.6958812031077 55 351
3.35888680625211 44 57
39.0451688436228 104 927
14.6958812031077 55 351
0 28 0
0 28 0
0 28 0
0.0944979523678537 30 1
29.9661893079649 100 841
4.20786701570016 51 253
14.6958812031077 55 351
9.45251130582535 54 325
0 28 0
5.25706960875476 52 276
14.6958812031077 55 351
0 28 0
14.6958812031077 55 351
0 28 0
24.6402443480646 80 651
0 28 0
29.6332562744421 81 676
22.1664272536076 79 627
0 28 0
0 28 0
3.85676881676445 54 160
0 28 0
0 28 0
6.55454719100141 49 100
0 28 0
14.6958812031077 55 351
1.37919236032072 44 120
0.701040521294099 39 55
0 28 0
0 28 0
0 28 0
5.25706960875476 52 276
16.2161579597035 63 379
10.0721137058283 65 312
14.6958812031077 55 351
0 28 0
0 28 0
39.9441286364235 129 1010
0 28 0
0 28 0
0 28 0
0 28 0
0 28 0
0.607528445916281 38 45
0 28 0
14.6958812031077 55 351
9.45251130582535 54 325
0 28 0
27.0693111497014 96 739
0 28 0
9.45251130582535 54 325
14.6958812031077 55 351
3.58470424436222 55 225
11.8126979634728 70 445
0 28 0
4.20786701570016 51 253
0 28 0
14.6958812031077 55 351
0 28 0
0.143987245408795 31 3
0 28 0
21.2436195462093 89 620
14.6958812031077 55 351
0 28 0
23.618891729061 79 625
35.2590286584935 102 650
4.20786701570016 51 253
0 28 0
14.6958812031077 55 351
24.9606831207582 95 719
0 28 0
1.82100149914691 46 153
29.6332562744421 81 676
9.76028688565124 63 321
0 28 0
27.4827316455924 98 786
24.6402443480646 80 651
0 28 0
14.6958812031077 55 351
2.89578076699294 49 210
0 28 0
0.446283374552424 36 28
9.45251130582535 54 325
0 28 0
17.7901301305743 73 504
60.9996432721707 155 1301
0 28 0
0 28 0
19.6390409999816 79 532
46.9110226472307 116 614
0 28 0
0 28 0
0 28 0
0 28 0
0 28 0
19.1218656890586 80 357
1.50232002258424 40 34
0.446283374552424 36 28
0 28 0
0 28 0
18.1116694331319 74 522
20.6948373550336 78 604
2.45812999636066 48 190
14.6958812031077 55 351
0 28 0
52.6651489575319 126 1154
14.6958812031077 55 351
0 28 0
0 28 0
0 28 0
5.25706960875476 52 276
29.6332562744421 81 676
0 28 0
21.2990766876839 79 409
0.0944979523678537 30 1
0 28 0
0.607528445916281 38 45
0 28 0
0 28 0
0 28 0
6.83052304732509 53 300
39.549039868866 110 802
7.25424196844407 68 389
2.1078154386433 47 171
4.20786701570016 51 253
13.6594233427138 74 507
0 28 0
0 28 0
2.1078154386433 47 171
0 28 0
14.6958812031077 55 351
0 28 0
0 28 0
29.857804022109 99 599
24.6402443480646 80 651
0 28 0
0 28 0
23.618891729061 79 625
13.6594233427138 74 507
29.6704508492116 99 807
14.6958812031077 55 351
56.4805161519334 141 1231
0 28 0
7.37098718794163 67 381
14.6958812031077 55 351
4.20786701570016 51 253
0 28 0
9.58615700402404 58 154
0 28 0
29.6332562744421 81 676
0 28 0
0 28 0
5.25706960875476 52 276
0 28 0
22.3260770096706 89 592
20.3518722113134 77 576
16.3624787021354 77 578
0 28 0
0 28 0
20.342721959189 84 565
0 28 0
0 28 0
0 28 0
44.8103053548486 106 976
0.376091310737629 35 21
2.1078154386433 47 171
27.9876805898818 109 611
14.6958812031077 55 351
0.143987245408795 31 3
0.523057508586724 37 36
0 28 0
14.6958812031077 55 351
0 28 0
0 28 0
29.6332562744421 81 676
0 28 0
10.9336218200263 81 478
0 28 0
0 28 0
0 28 0
0 28 0
20.6948373550336 78 604
50.1419712809745 145 1108
0 28 0
29.6332562744421 81 676
0 28 0
0 28 0
0.922176530161467 41 78
0 28 0
1.37919236032072 44 120
1.37919236032072 44 120
7.20172787383665 51 121
9.45251130582535 54 325
2.89578076699294 49 210
0 28 0
44.2983683815807 123 1100
0 28 0
0 28 0
14.6958812031077 55 351
5.00272272867576 62 297
0 28 0
4.20786701570016 51 253
0 28 0
0 28 0
2.45812999636066 48 190
6.83052304732509 53 300
0 28 0
0 28 0
2.45812999636066 48 190
0 28 0
0 28 0
0 28 0
0 28 0
23.618891729061 79 625
26.5427590002839 97 780
0 28 0
22.1664272536076 79 627
29.6332562744421 81 676
0 28 0
3.45822044640752 50 231
0 28 0
0.311540094803722 34 15
23.618891729061 79 625
5.25706960875476 52 276
6.83052304732509 53 300
32.3618994538838 116 789
0 28 0
0.607528445916281 38 45
14.9252202593167 76 556
14.6958812031077 55 351
0 28 0
0 28 0
14.6958812031077 55 351
29.6332562744421 81 676
29.6332562744421 81 676
20.3518722113134 77 576
29.6332562744421 81 676
13.6497909526824 69 330
0 28 0
9.22024767437825 57 196
1.70247655734702 43 55
0 28 0
14.6958812031077 55 351
14.6958812031077 55 351
0 28 0
29.6332562744421 81 676
14.6958812031077 55 351
0 28 0
24.706905528366 90 392
16.5636028688904 73 484
0 28 0
0 28 0
4.20786701570016 51 253
62.4141844915233 146 1342
18.5129566623292 75 541
8.69444020935962 67 391
42.7204351464523 121 813
14.6958812031077 55 351
0 28 0
9.93160938849432 59 225
0 28 0
0 28 0
14.6958812031077 55 351
6.83052304732509 53 300
0 28 0
21.8804407917685 93 706
0 28 0
9.45251130582535 54 325
3.45822044640752 50 231
0 28 0
0 28 0
29.6332562744421 81 676
0 28 0
0 28 0
17.7901301305743 73 504
24.6402443480646 80 651
0 28 0
2.89578076699294 49 210
15.6826270201897 58 354
0 28 0
0 28 0
0 28 0
0 28 0
0 28 0
33.4539070320809 97 796
7.87140577603206 61 328
0 28 0
22.1728183829651 88 637
9.45251130582535 54 325
0 28 0
0 28 0
0 28 0
29.8252623936072 100 835
0 28 0
9.45251130582535 54 325
0 28 0
23.5268126843161 85 562
18.7714548227254 78 601
0 28 0
38.0238162246191 103 901
0 28 0
0 28 0
0 28 0
0 28 0
14.6958812031077 55 351
14.6958812031077 55 351
1.20532835558566 43 105
27.4827316455924 98 786
1.82100149914691 46 153
4.20786701570016 51 253
0.922176530161467 41 78
0 28 0
14.6958812031077 55 351
0 28 0
0 28 0
0 28 0
0 28 0
14.6958812031077 55 351
2.1078154386433 47 171
0.311540094803722 34 15
2.05286097896963 49 120
0.251816324091077 33 10
0.922176530161467 41 78
0 28 0
1.58179551808369 45 136
44.3817967612763 122 1066
29.6332562744421 81 676
0 28 0
0 28 0
17.5257329107858 72 487
29.6332562744421 81 676
0 28 0
9.45251130582535 54 325
51.4451376481014 139 1212
0 28 0
4.25571670434971 56 186
0.311540094803722 34 15
9.45251130582535 54 325
6.83052304732509 53 300
14.6958812031077 55 351
9.45251130582535 54 325
22.1664272536076 79 627
0 28 0
0 28 0
5.25706960875476 52 276
0 28 0
0 28 0
0 28 0
0 28 0
14.6958812031077 55 351
12.2070677980765 72 463
0 28 0
0 28 0
0 28 0
31.4850058915058 101 858
14.6958812031077 55 351
6.92445149279963 66 346
24.6402443480646 80 651
32.1840329435334 102 882
0 28 0
14.6958812031077 55 351
57.2158029730544 152 1261
24.6402443480646 80 651
9.45251130582535 54 325
6.83052304732509 53 300
0 28 0
32.403921712732 101 854
36.3683658849751 103 907
14.6958812031077 55 351
21.7052063771496 85 610
0 28 0
0 28 0
0 28 0
15.6634516501077 76 553
23.618891729061 79 625
0 28 0
14.6958812031077 55 351
24.6402443480646 80 651
14.6958812031077 55 351
0 28 0
58.2950711942276 143 1282
0 28 0
0 28 0
47.4931476592238 118 950
5.25706960875476 52 276
24.6402443480646 80 651
0 28 0
1.58179551808369 45 136
0 28 0
0 28 0
14.6958812031077 55 351
4.20786701570016 51 253
0.805240610757522 40 66
20.3518722113134 77 576
0 28 0
4.20786701570016 51 253
2.1078154386433 47 171
9.38729397255275 69 392
0.0944979523678537 30 1
0.446283374552424 36 28
1.37919236032072 44 120
0 28 0
0 28 0
14.6958812031077 55 351
3.45822044640752 50 231
0 28 0
0 28 0
0 28 0
40.1995035170715 118 827
0 28 0
9.60356301523518 60 159
2.89578076699294 49 210
0 28 0
3.9465140334075 59 245
8.08957531867026 63 345
23.618891729061 79 625
0 28 0
0 28 0
0 28 0
0 28 0
15.5526218047014 57 352
14.2928335113605 87 577
0 28 0
0 28 0
0 28 0
14.6958812031077 55 351
0 28 0
0 28 0
0 28 0
0 28 0
14.6958812031077 55 351
0 28 0
11.1005018125509 66 391
0.701040521294099 39 55
46.1324367223168 127 950
40.070829008214 115 830
21.3999755925838 81 389
5.25706960875476 52 276
4.20786701570016 51 253
14.6958812031077 55 351
0 28 0
0 28 0
0 28 0
0 28 0
0.523057508586724 37 36
14.6958812031077 55 351
23.4123337057436 81 628
14.6958812031077 55 351
0 28 0
30.8466150126108 101 861
0 28 0
0 28 0
14.6958812031077 55 351
0 28 0
0 28 0
0 28 0
0 28 0
0 28 0
8.72694826792136 63 201
0.922176530161467 41 78
11.0093430314739 73 490
0 28 0
12.7890083181817 73 233
18.8778555275455 91 651
15.7994582610622 59 357
0.143987245408795 31 3
14.6958812031077 55 351
0 28 0
28.8781840484888 98 804
11.5941122018756 69 430
33.4252743317357 102 878
0 28 0
0 28 0
5.25706960875476 52 276
39.0451688436228 104 927
14.6958812031077 55 351
0 28 0
0 28 0
15.4776128418719 68 187
14.6958812031077 55 351
19.7210731734779 77 582
6.83052304732509 53 300
24.6402443480646 80 651
0 28 0
9.45251130582535 54 325
2.1078154386433 47 171
0 28 0
2.1078154386433 47 171
10.8538646105345 64 370
2.01096592206234 38 21
9.45251130582535 54 325
0 28 0
5.53293046866881 62 308
0 28 0
0 28 0
0 28 0
0 28 0
44.2983683815807 123 1100
23.920022596297 103 723
0 28 0
9.45251130582535 54 325
17.5790836179001 77 233
0 28 0
0 28 0
0 28 0
4.01939111075994 57 202
9.45251130582535 54 325
45.9783544392826 124 1117
0 28 0
0.0944979523678537 30 1
6.0952646654678 54 114
3.26772415084227 55 211
0 28 0
18.7714548227254 78 601
23.618891729061 79 625
0 28 0
0 28 0
3.39549312788066 39 25
0 28 0
0 28 0
17.7901301305743 73 504
0 28 0
57.5873372676329 135 949
6.83052304732509 53 300
14.6958812031077 55 351
1.37919236032072 44 120
40.0592390388928 121 1057
14.6958812031077 55 351
0 28 0
14.6958812031077 55 351
14.6958812031077 55 351
0 28 0
0 28 0
29.0464762895102 92 675
0 28 0
0 28 0
8.73592190472308 70 424
24.2756772675625 94 712
9.93823496890304 46 34
2.89578076699294 49 210
0.0944979523678537 30 1
4.20786701570016 51 253
11.0093430314739 73 490
24.7282039579896 95 729
4.20786701570016 51 253
0 28 0
0 28 0
3.55695374589728 47 75
0 28 0
0 28 0
0 28 0
9.45251130582535 54 325
0 28 0
2.45812999636066 48 190
0 28 0
21.8878848554528 101 717
14.6958812031077 55 351
37.7395574162717 104 929
0 28 0
14.9252202593167 76 556
0 28 0
1.58179551808369 45 136
0 28 0
0 28 0
0 28 0
0 28 0
0 28 0
0 28 0
44.8103053548486 106 976
48.3695793128655 126 995
0 28 0
0 28 0
9.45251130582535 54 325
0 28 0
0 28 0
0 28 0
9.45251130582535 54 325
6.83052304732509 53 300
8.98139385774931 69 402
0 28 0
6.83052304732509 53 300
0 28 0
0 28 0
0 28 0
0 28 0
0 28 0
37.8633201118206 124 943
0 28 0
0 28 0
0 28 0
14.6958812031077 55 351
5.25706960875476 52 276
0 28 0
0 28 0
18.1116694331319 74 522
14.6958812031077 55 351
0 28 0
0 28 0
44.8103053548486 106 976
0 28 0
16.5636028688904 73 484
0 28 0
0 28 0
0 28 0
0 28 0
6.83052304732509 53 300
0 28 0
1.82100149914691 46 153
0 28 0
0 28 0
0 28 0
4.20786701570016 51 253
0 28 0
2.45812999636066 48 190
0 28 0
2.89578076699294 49 210
0 28 0
0 28 0
19.4557518711127 92 683
0 28 0
0 28 0
6.83052304732509 53 300
6.24957707709557 64 310
1.20532835558566 43 105
0 28 0
0 28 0
0 28 0
0 28 0
27.2038826035432 95 745
0 28 0
14.6958812031077 55 351
14.6958812031077 55 351
14.6958812031077 55 351
0 28 0
44.8103053548486 106 976
14.6958812031077 55 351
14.6958812031077 55 351
0 28 0
6.83052304732509 53 300
2.67355147415121 42 40
40.0665214626264 105 952
0 28 0
32.7520157435683 93 742
5.25706960875476 52 276
18.1833304087271 75 529
0 28 0
9.45251130582535 54 325
14.6958812031077 55 351
0 28 0
2.45812999636066 48 190
0 28 0
0 28 0
20.6424481399231 86 584
0 28 0
6.83052304732509 53 300
29.6332562744421 81 676
6.43091307812219 66 358
34.9210144337634 107 820
29.9935520637451 94 712
29.6332562744421 81 676
0 28 0
0 28 0
14.6958812031077 55 351
28.0021215233003 99 817
21.9155670164203 79 484
0 28 0
26.1936611098011 83 654
0 28 0
0 28 0
8.52257884974249 70 429
0 28 0
25.7889809440914 89 367
0.879989890093145 38 29
0 28 0
22.1664272536076 79 627
17.5282214833374 67 397
0 28 0
14.6958812031077 55 351
6.83052304732509 53 300
25.8663066837487 89 533
0 28 0
23.4381312961613 90 456
2.89578076699294 49 210
14.6958812031077 55 351
1.27358500588863 43 69
0 28 0
0 28 0
0 28 0
0 28 0
6.83052304732509 53 300
0 28 0
1.82100149914691 46 153
1.58179551808369 45 136
0 28 0
10.643295655885 62 353
16.3624787021354 77 578
17.3034205905377 71 471
0 28 0
3.45822044640752 50 231
0 28 0
0 28 0
2.89578076699294 49 210
0 28 0
0 28 0
0.0944979523678537 30 1
24.6402443480646 80 651
0 28 0
0 28 0
0 28 0
29.580818096008 99 814
29.6332562744421 81 676
9.45251130582535 54 325
14.6958812031077 55 351
0.196193297662178 32 6
30.1372723797907 104 827
0 28 0
0 28 0
0 28 0
0 28 0
0 28 0
0 28 0
19.5246286751605 97 593
7.94678832485628 62 273
0 28 0
0 28 0
0 28 0
2.45812999636066 48 190
0.196193297662178 32 6
0 28 0
0 28 0
0 28 0
3.45822044640752 50 231
20.3518722113134 77 576
7.87124252695294 69 406
40.1918413654545 117 991
8.512398739952 66 378
5.25706960875476 52 276
3.45822044640752 50 231
0 28 0
0 28 0
5.25706960875476 52 276
5.25706960875476 52 276
0 28 0
0 28 0
0 28 0
0 28 0
29.6332562744421 81 676
0 28 0
40.0665214626264 105 952
3.45822044640752 50 231
0 28 0
0 28 0
0 28 0
0 28 0
14.6958812031077 55 351
0 28 0
0 28 0
9.45251130582535 54 325
23.618891729061 79 625
0 28 0
0 28 0
0 28 0
0 28 0
0 28 0
14.6958812031077 55 351
14.6958812031077 55 351
0 28 0
4.93427630896068 61 262
18.7869337695559 71 411
0.196193297662178 32 6
6.83052304732509 53 300
13.6594233427138 74 507
0 28 0
0.251816324091077 33 10
9.45251130582535 54 325
0 28 0
37.7408750923172 101 607
0 28 0
0 28 0
6.83052304732509 53 300
0 28 0
5.72521404519306 54 157
0.446283374552424 36 28
9.45251130582535 54 325
0.701040521294099 39 55
0 28 0
0 28 0
21.5340172734079 95 721
16.3202391302277 64 387
0 28 0
11.4483177385873 63 289
1.7720334398344 47 123
0 28 0
0 28 0
1.05443352272803 42 91
14.6958812031077 55 351
0 28 0
3.45822044640752 50 231
12.6015413953449 58 136
14.6958812031077 55 351
0 28 0
0 28 0
10.2439763262733 78 452
14.6958812031077 55 351
0 28 0
10.0599034229681 56 326
3.45822044640752 50 231
4.20786701570016 51 253
14.6958812031077 55 351
0 28 0
0 28 0
14.6958812031077 55 351
0.701040521294099 39 55
32.0845834729307 104 691
2.2872032972172 47 87
0 28 0
0 28 0
0 28 0
22.9623174094274 83 355
0.143987245408795 31 3
0 28 0
0 28 0
0 28 0
22.6850065679728 82 376
0 28 0
0.805240610757522 40 66
22.1664272536076 79 627
16.2161579597035 63 379
12.073016851505 71 461
0 28 0
14.6958812031077 55 351
14.6958812031077 55 351
20.3518722113134 77 576
0 28 0
13.6594233427138 74 507
14.6958812031077 55 351
14.6958812031077 55 351
4.20786701570016 51 253
1.05443352272803 42 91
14.6958812031077 55 351
3.39549312788066 39 25
5.25706960875476 52 276
23.618891729061 79 625
19.8137691744927 66 376
0 28 0
24.6402443480646 80 651
0 28 0
0 28 0
13.3299796728149 75 531
23.6760595346995 94 700
24.7572196377815 91 627
0 28 0
20.6948373550336 78 604
0 28 0
5.25706960875476 52 276
32.2342565398278 106 730
0 28 0
11.0696526102069 70 421
0 28 0
0 28 0
14.6958812031077 55 351
3.45822044640752 50 231
22.1760990301567 92 661
18.1116694331319 74 522
0 28 0
0 28 0
0 28 0
27.3040409347778 98 628
0 28 0
14.6958812031077 55 351
7.67029691386626 68 396
11.4483177385873 63 289
0 28 0
0 28 0
0 28 0
0 28 0
29.6332562744421 81 676
0.922176530161467 41 78
0 28 0
9.45251130582535 54 325
0 28 0
0 28 0
1.20532835558566 43 105
2.30693695850548 50 159
0 28 0
9.45251130582535 54 325
4.25571670434971 56 186
0 28 0
9.45251130582535 54 325
0 28 0
0 28 0
0 28 0
0 28 0
35.4684316960524 102 886
0 28 0
0 28 0
0 28 0
4.01939111075994 57 202
0 28 0
23.618891729061 79 625
0 28 0
46.3710553660221 133 1065
32.612623010885 92 731
14.6958812031077 55 351
0.805240610757522 40 66
15.7994582610622 59 357
19.0295912197919 76 561
14.6958812031077 55 351
0 28 0
29.6332562744421 81 676
0 28 0
0.922176530161467 41 78
0 28 0
0 28 0
52.8487456659784 131 1096
0 28 0
4.11593639627835 59 255
5.25706960875476 52 276
2.9393455500525 54 192
18.5129566623292 75 541
0 28 0
0 28 0
47.9297140267676 111 986
0 28 0
0 28 0
0 28 0
46.8982006174208 127 988
0 28 0
14.6958812031077 55 351
5.2821452117771 45 64
43.5237957116844 112 901
0 28 0
0 28 0
0 28 0
21.9187707840742 94 697
8.35419047615514 65 366
14.3792615585372 81 483
0 28 0
0 28 0
0.446283374552424 36 28
0 28 0
32.3109613914649 98 792
2.89578076699294 49 210
33.5142699378733 112 907
0 28 0
14.6958812031077 55 351
6.19859737361832 61 258
0 28 0
5.25706960875476 52 276
0 28 0
79.3148548666973 169 1619
0.523057508586724 37 36
15.6826270201897 58 354
60.2250302293437 130 1252
0 28 0
0 28 0
45.7339101416834 123 1097
0.376091310737629 35 21
0 28 0
0 28 0
0 28 0
0 28 0
3.45822044640752 50 231
6.55454719100141 49 100
14.6958812031077 55 351
0 28 0
14.6958812031077 55 351
2.45812999636066 48 190
2.45812999636066 48 190
29.3861093133697 108 821
14.6958812031077 55 351
3.39549312788066 39 25
3.82652262819548 54 125
0 28 0
37.7395574162717 104 929
4.65250220621678 43 49
0 28 0
35.4684316960524 102 886
0 28 0
0 28 0
1.20532835558566 43 105
19.525499027274 78 532
0 28 0
0 28 0
14.6958812031077 55 351
14.6958812031077 55 351
0 28 0
0 28 0
0 28 0
16.3624787021354 77 578
0 28 0
0 28 0
0 28 0
64.1894932585687 149 1219
19.0456756969621 100 661
14.6958812031077 55 351
14.6958812031077 55 351
32.7520157435683 93 742
20.2483900565848 88 577
9.45251130582535 54 325
7.89616061292458 52 103
0 28 0
0 28 0
0 28 0
23.618891729061 79 625
14.6958812031077 55 351
1.37919236032072 44 120
0 28 0
6.83052304732509 53 300
5.25706960875476 52 276
25.6681766032981 96 741
0 28 0
0 28 0
75.8752288051626 153 1505
0 28 0
40.0665214626264 105 952
0 28 0
8.53116352105944 55 169
14.6958812031077 55 351
0 28 0
0 28 0
9.45251130582535 54 325
14.9252202593167 76 556
20.9625171254425 88 646
0 28 0
1.58179551808369 45 136
1.05443352272803 42 91
0 28 0
0 28 0
0 28 0
0 28 0
0 28 0
31.2820323344432 97 697
0 28 0
0 28 0
0 28 0
14.6958812031077 55 351
0.196193297662178 32 6
2.1078154386433 47 171
17.44895497601 70 274
1.37919236032072 44 120
22.1760990301567 92 661
1.20532835558566 43 105
0 28 0
5.25706960875476 52 276
5.25706960875476 52 276
14.6958812031077 55 351
0 28 0
6.83052304732509 53 300
0 28 0
0 28 0
0 28 0
0 28 0
2.45812999636066 48 190
0 28 0
0 28 0
18.7714548227254 78 601
14.3968354080583 64 339
0 28 0
0 28 0
0 28 0
2.45812999636066 48 190
0 28 0
0 28 0
0 28 0
0 28 0
12.2737543657628 65 324
29.3573300641819 109 819
7.20172787383665 51 121
0 28 0
0 28 0
14.6958812031077 55 351
6.83052304732509 53 300
0 28 0
0 28 0
0 28 0
19.7210731734779 77 582
18.1116694331319 74 522
0 28 0
40.8931161648334 112 957
29.3622104468329 97 685
0 28 0
0 28 0
4.20786701570016 51 253
0 28 0
0 28 0
1.14342523301498 39 31
0 28 0
0 28 0
0 28 0
0 28 0
4.20786701570016 51 253
2.1078154386433 47 171
0 28 0
34.4466269507394 103 904
0 28 0
29.6332562744421 81 676
0 28 0
35.9250023739774 102 880
0 28 0
0 28 0
0 28 0
0 28 0
20.2565946751809 83 549
14.6958812031077 55 351
4.20786701570016 51 253
17.5282214833374 67 397
3.45822044640752 50 231
0 28 0
14.6958812031077 55 351
0 28 0
21.2635063230462 90 667
0 28 0
0 28 0
9.45251130582535 54 325
14.6958812031077 55 351
14.1459118187702 69 400
0.446283374552424 36 28
30.4767439948148 100 667
9.45251130582535 54 325
19.938428074257 71 408
0 28 0
0 28 0
0 28 0
0 28 0
0 28 0
0 28 0
14.6958812031077 55 351
20.7172937173868 82 576
0 28 0
20.1735669331451 99 602
15.2570789036683 71 441
18.1428164272208 90 554
19.1465869838024 73 427
26.4700317349624 104 740
5.25706960875476 52 276
14.6958812031077 55 351
37.6829586913661 119 1014
91.7584647290483 175 1736
0 28 0
2.12363871409677 35 9
0 28 0
0 28 0
24.6402443480646 80 651
0 28 0
0 28 0
6.83052304732509 53 300
0 28 0
2.45812999636066 48 190
18.1833304087271 75 529
0 28 0
20.6948373550336 78 604
44.8103053548486 106 976
20.1406864207952 68 379
14.6958812031077 55 351
0 28 0
0 28 0
0 28 0
0 28 0
0.922176530161467 41 78
0 28 0
9.45251130582535 54 325
0 28 0
14.6958812031077 55 351
0.196193297662178 32 6
33.8568589386685 100 835
0 28 0
29.6332562744421 81 676
23.618891729061 79 625
8.04339269364658 69 412
11.9091928907118 80 499
22.8862987609936 93 682
14.6958812031077 55 351
0 28 0
0 28 0
49.335501167517 126 1158
10.842864510112 71 311
23.1845677006771 96 746
2.89578076699294 49 210
2.89578076699294 49 210
9.45251130582535 54 325
0 28 0
0 28 0
14.2342658677135 86 576
14.6958812031077 55 351
0 28 0
1.20532835558566 43 105
38.2381301321556 116 931
64.4568897295306 148 1390
1.70247655734702 43 55
1.58179551808369 45 136
0.311540094803722 34 15
16.5424159991663 66 406
22.9320713774632 97 768
17.8825500297974 79 385
49.4401206765083 133 1043
17.7901301305743 73 504
17.44895497601 70 274
14.6958812031077 55 351
0 28 0
18.7869337695559 71 411
0 28 0
78.9508373861397 170 1457
2.89578076699294 49 210
0 28 0
0 28 0
0.607528445916281 38 45
29.1534910868775 94 694
9.45251130582535 54 325
0 28 0
1.3119388700347 37 18
4.20786701570016 51 253
0 28 0
0 28 0
0 28 0
53.6865015765355 127 1180
12.1668339826475 82 508
39.549039868866 110 802
14.6958812031077 55 351
23.4123337057436 81 628
14.1459118187702 69 400
0 28 0
53.6865015765355 127 1180
28.0021215233003 99 817
14.6958812031077 55 351
0 28 0
14.6958812031077 55 351
29.9661893079649 100 841
0 28 0
6.83052304732509 53 300
14.6958812031077 55 351
4.20786701570016 51 253
14.6958812031077 55 351
0 28 0
0 28 0
38.759435989339 110 772
20.8157730107219 87 595
14.6958812031077 55 351
6.83052304732509 53 300
0 28 0
23.2936462422598 76 418
0 28 0
35.9250023739774 102 880
0 28 0
0 28 0
14.6958812031077 55 351
0 28 0
14.6958812031077 55 351
0.523057508586724 37 36
25.7535033791941 99 811
0 28 0
0.805240610757522 40 66
1.37919236032072 44 120
44.8103053548486 106 976
4.65250220621678 43 49
0 28 0
0 28 0
0 28 0
0 28 0
40.0665214626264 105 952
1.82100149914691 46 153
0.251816324091077 33 10
27.3137554473007 97 766
34.1104473316832 100 829
16.9338409784162 81 466
0 28 0
0 28 0
0 28 0
56.992394931431 123 878
0 28 0
0 28 0
14.6958812031077 55 351
0 28 0
14.6958812031077 55 351
15.7867472266065 72 303
14.6958812031077 55 351
0 28 0
0 28 0
0.607528445916281 38 45
0 28 0
6.83052304732509 53 300
0 28 0
0 28 0
14.6958812031077 55 351
0 28 0
0 28 0
1.4719873349608 33 4
8.74111950309804 61 292
14.6958812031077 55 351
14.6958812031077 55 351
0 28 0
0 28 0
23.618891729061 79 625
3.69517631588524 56 231
39.9723063929799 118 988
0 28 0
0 28 0
0.0944979523678537 30 1
0 28 0
14.6958812031077 55 351
24.6402443480646 80 651
0 28 0
0 28 0
14.6958812031077 55 351
0 28 0
5.70378765953245 63 319
60.2250302293437 130 1252
0 28 0
0 28 0
0 28 0
14.6958812031077 55 351
14.6958812031077 55 351
0 28 0
0 28 0
0 28 0
4.37434663115935 49 82
0 28 0
19.7860521564975 79 419
0 28 0
0 28 0
0 28 0
9.45251130582535 54 325
0 28 0
23.4897865859262 91 649
0 28 0
9.45251130582535 54 325
0 28 0
1.82100149914691 46 153
0.805240610757522 40 66
0 28 0
0 28 0
16.4614286330844 77 301
9.45251130582535 54 325
1.37919236032072 44 120
2.89578076699294 49 210
2.89578076699294 49 210
44.8103053548486 106 976
0 28 0
0 28 0
0 28 0
0 28 0
16.012183660873 61 366
1.58179551808369 45 136
1.20532835558566 43 105
26.2695021647744 90 680
16.9462530438433 69 442
29.5427438140302 110 634
20.1870464620207 75 228
0 28 0
14.6958812031077 55 351
3.45822044640752 50 231
0 28 0
0 28 0
9.45251130582535 54 325
0 28 0
1.20532835558566 43 105
0 28 0
0 28 0
29.6332562744421 81 676
24.0317741138464 93 709
0 28 0
5.25706960875476 52 276
0 28 0
9.45251130582535 54 325
0 28 0
11.5751218785026 60 157
26.187566481006 97 766
29.6332562744421 81 676
0 28 0
0 28 0
0 28 0
0 28 0
29.6332562744421 81 676
29.6332562744421 81 676
0 28 0
0 28 0
0 28 0
8.512398739952 66 378
24.6402443480646 80 651
14.6958812031077 55 351
0 28 0
0 28 0
0 28 0
21.3912659850432 77 253
0 28 0
0 28 0
6.83052304732509 53 300
0 28 0
0 28 0
1.96776667194424 48 139
0 28 0
48.3141485485134 125 1132
20.1245930292747 83 521
0 28 0
4.79142177429902 62 288
0 28 0
1.82100149914691 46 153
0 28 0
29.770891610964 104 809
5.25706960875476 52 276
30.8654217619275 94 676
0 28 0
0 28 0
0 28 0
0 28 0
10.8538646105345 64 370
0 28 0
16.3624787021354 77 578
0 28 0
0 28 0
0 28 0
14.6958812031077 55 351
14.6958812031077 55 351
6.83052304732509 53 300
6.74178992562134 64 342
0 28 0
9.45251130582535 54 325
0.196193297662178 32 6
12.2070677980765 72 463
0 28 0
14.6958812031077 55 351
0 28 0
29.6332562744421 81 676
40.536863633116 134 889
11.4483177385873 63 289
9.45251130582535 54 325
85.7113866683979 172 1670
9.45251130582535 54 325
0 28 0
0 28 0
0 28 0
24.6402443480646 80 651
0 28 0
17.5257329107858 72 487
0 28 0
0 28 0
0 28 0
0 28 0
0 28 0
5.25706960875476 52 276
0 28 0
0 28 0
29.6332562744421 81 676
14.6958812031077 55 351
0.866916553583417 37 22
0 28 0
1.58179551808369 45 136
14.6958812031077 55 351
0 28 0
5.25336786977125 60 289
12.2070677980765 72 463
31.1626803245298 101 856
0 28 0
0 28 0
6.83052304732509 53 300
27.0693111497014 96 739
0.251816324091077 33 10
22.7048051233255 74 196
0 28 0
13.9715971281336 75 535
0 28 0
5.25706960875476 52 276
9.45251130582535 54 325
0 28 0
0 28 0
0 28 0
0 28 0
9.16108535756161 69 420
5.38442677644134 61 298
0.805240610757522 40 66
0 28 0
0 28 0
0 28 0
0 28 0
3.14880805188624 54 205
0 28 0
0 28 0
0 28 0
0 28 0
0.0944979523678537 30 1
6.83052304732509 53 300
49.0898114134918 135 1130
2.45812999636066 48 190
9.45251130582535 54 325
0 28 0
0 28 0
0 28 0
6.83052304732509 53 300
0 28 0
0 28 0
0 28 0
0 28 0
14.6958812031077 55 351
0 28 0
0 28 0
16.3624787021354 77 578
79.2784907554478 168 1298
70.4836497793538 164 1360
0 28 0
0 28 0
4.20786701570016 51 253
3.96285848171841 44 44
29.6332562744421 81 676
5.25706960875476 52 276
0 28 0
11.4057772494855 73 486
14.6958812031077 55 351
29.6332562744421 81 676
43.9109199049618 121 1039
0 28 0
0 28 0
14.6958812031077 55 351
0.251816324091077 33 10
23.0238042801081 89 642
35.4684316960524 102 886
0 28 0
0 28 0
0 28 0
27.4376207136852 92 717
53.9316816278726 139 992
1.37919236032072 44 120
0 28 0
0 28 0
0 28 0
0 28 0
0 28 0
16.5424159991663 66 406
0 28 0
0 28 0
0 28 0
0 28 0
22.1664272536076 79 627
0.701040521294099 39 55
3.45822044640752 50 231
0 28 0
29.6332562744421 81 676
0 28 0
0 28 0
0 28 0
16.5636028688904 73 484
0 28 0
20.3518722113134 77 576
19.7210731734779 77 582
1.20532835558566 43 105
11.4427067804951 62 140
42.8139441138003 120 857
0 28 0
2.89578076699294 49 210
10.8512167069588 72 335
28.5164752050416 97 787
9.45251130582535 54 325
1.05443352272803 42 91
1.37919236032072 44 120
0 28 0
0 28 0
25.5054843220258 99 611
0 28 0
0 28 0
12.5312456993618 69 264
4.20786701570016 51 253
0 28 0
35.9250023739774 102 880
18.1833304087271 75 529
0 28 0
0 28 0
24.6402443480646 80 651
9.45251130582535 54 325
14.6958812031077 55 351
0 28 0
0 28 0
9.45251130582535 54 325
22.1664272536076 79 627
0 28 0
0 28 0
0 28 0
29.6332562744421 81 676
9.45251130582535 54 325
1.58179551808369 45 136
19.7210731734779 77 582
24.5315937206225 82 286
0.94853939329495 35 11
9.45251130582535 54 325
0 28 0
15.2570789036683 71 441
0 28 0
0 28 0
0 28 0
0 28 0
14.6958812031077 55 351
7.68041914595716 59 315
0 28 0
3.45822044640752 50 231
0 28 0
9.45251130582535 54 325
0 28 0
0 28 0
14.6958812031077 55 351
9.45251130582535 54 325
9.45251130582535 54 325
0 28 0
0 28 0
14.6958812031077 55 351
0 28 0
0 28 0
0 28 0
26.6137013342818 86 576
0 28 0
48.9084052386905 117 1031
14.6958812031077 55 351
0 28 0
5.25706960875476 52 276
0 28 0
18.1116694331319 74 522
0 28 0
0 28 0
6.83052304732509 53 300
6.83052304732509 53 300
0 28 0
2.45812999636066 48 190
13.473738036203 67 301
0 28 0
0 28 0
14.6958812031077 55 351
14.6958812031077 55 351
0 28 0
0 28 0
60.2912520455207 145 1339
29.6332562744421 81 676
0 28 0
3.88244604015638 53 234
0 28 0
6.83052304732509 53 300
14.6958812031077 55 351
0 28 0
0 28 0
0 28 0
0 28 0
50.6991925026382 138 1182
10.6714957919265 61 256
14.6958812031077 55 351
2.76309443558916 37 16
1.58179551808369 45 136
0 28 0
39.0451688436228 104 927
0 28 0
51.6148074199526 124 938
0 28 0
38.0238162246191 103 901
27.5296421373192 112 869
0 28 0
0.446283374552424 36 28
0 28 0
5.38442677644134 61 298
5.25706960875476 52 276
0 28 0
18.1116694331319 74 522
16.5636028688904 73 484
6.83052304732509 53 300
0 28 0
20.3518722113134 77 576
0 28 0
0 28 0
41.7113572169822 123 908
25.6681766032981 96 741
0 28 0
6.92445149279963 66 346
15.2570789036683 71 441
0 28 0
0.523057508586724 37 36
0 28 0
0 28 0
0 28 0
0 28 0
0 28 0
14.6958812031077 55 351
3.45822044640752 50 231
14.6958812031077 55 351
58.0936055946525 138 1252
0.446283374552424 36 28
7.20172787383665 51 121
0 28 0
34.8595003051208 93 710
0 28 0
0 28 0
14.6958812031077 55 351
8.53116352105944 55 169
33.4252743317357 102 878
4.20786701570016 51 253
9.45251130582535 54 325
17.1686308031613 74 292
0 28 0
26.564719729328 100 789
0 28 0
0 28 0
5.5542324379747 64 315
75.8752288051626 153 1505
0 28 0
8.69444020935962 67 391
3.45822044640752 50 231
2.89578076699294 49 210
4.20786701570016 51 253
15.7994582610622 59 357
40.0665214626264 105 952
0 28 0
0 28 0
0.805240610757522 40 66
16.3624787021354 77 578
0 28 0
17.3603284795334 79 579
53.231862295384 120 1019
5.25706960875476 52 276
0 28 0
9.45251130582535 54 325
0 28 0
0 28 0
0 28 0
32.3109613914649 98 792
0 28 0
0 28 0
0 28 0
0 28 0
6.83052304732509 53 300
14.6958812031077 55 351
18.1116694331319 74 522
0.0944979523678537 30 1
97.6954152596842 180 1746
10.0579863425355 72 466
14.6958812031077 55 351
0 28 0
22.4753027121011 74 432
0 28 0
9.45251130582535 54 325
9.45251130582535 54 325
33.8568589386685 100 835
2.89578076699294 49 210
14.6958812031077 55 351
0 28 0
0 28 0
9.01828949422259 61 229
29.6332562744421 81 676
0 28 0
21.5977786634494 79 577
47.2521592766678 121 1045
0 28 0
11.0696526102069 70 421
0 28 0
6.83052304732509 53 300
0 28 0
29.6332562744421 81 676
6.83052304732509 53 300
14.6958812031077 55 351
14.6958812031077 55 351
2.45812999636066 48 190
0 28 0
0 28 0
23.618891729061 79 625
12.2737543657628 65 324
12.3897240530742 72 478
0 28 0
0 28 0
26.187566481006 97 766
14.6958812031077 55 351
27.3890277215062 87 641
14.6958812031077 55 351
0 28 0
0 28 0
0 28 0
0 28 0
0 28 0
70.6045855753727 151 1460
0.523057508586724 37 36
0 28 0
0.196193297662178 32 6
0 28 0
0.376091310737629 35 21
0 28 0
35.7181347227355 116 947
0 28 0
19.0295912197919 76 561
0 28 0
0 28 0
0.446283374552424 36 28
0 28 0
4.20786701570016 51 253
20.3518722113134 77 576
9.45251130582535 54 325
0 28 0
0 28 0
35.1041295844054 122 890
0 28 0
0 28 0
0.922176530161467 41 78
0 28 0
31.345351992362 97 760
15.7994582610622 59 357
17.1127566517913 70 456
6.83052304732509 53 300
29.6332562744421 81 676
0 28 0
0 28 0
4.20786701570016 51 253
41.5702975155924 116 777
0 28 0
19.7210731734779 77 582
17.7056307490934 92 473
0 28 0
0 28 0
2.89578076699294 49 210
0 28 0
0.446283374552424 36 28
0 28 0
28.0021215233003 99 817
15.6634516501077 76 553
0 28 0
0 28 0
16.3624787021354 77 578
0 28 0
22.1664272536076 79 627
0 28 0
0 28 0
5.25706960875476 52 276
15.1271429528303 63 335
0 28 0
0 28 0
0 28 0
0 28 0
5.25706960875476 52 276
9.45251130582535 54 325
9.45251130582535 54 325
14.1459118187702 69 400
32.1840329435334 102 882
2.45812999636066 48 190
0 28 0
0.607528445916281 38 45
17.4954477695878 85 532
14.6958812031077 55 351
14.6958812031077 55 351
6.83052304732509 53 300
0 28 0
9.45251130582535 54 325
0 28 0
0 28 0
0 28 0
0 28 0
0 28 0
9.45251130582535 54 325
9.45251130582535 54 325
4.20786701570016 51 253
0 28 0
0 28 0
0 28 0
0 28 0
0 28 0
0 28 0
1.05443352272803 42 91
2.45812999636066 48 190
0 28 0
1.05443352272803 42 91
0 28 0
14.6958812031077 55 351
0 28 0
14.6958812031077 55 351
0.805240610757522 40 66
23.743083744266 70 382
0 28 0
0 28 0
0 28 0
0 28 0
0 28 0
0 28 0
0 28 0
0 28 0
15.3101649192388 75 307
0.251816324091077 33 10
14.6958812031077 55 351
0 28 0
0 28 0
0 28 0
0 28 0
0 28 0
14.1459118187702 69 400
14.6958812031077 55 351
14.6958812031077 55 351
32.403921712732 101 854
32.3490640288573 90 712
29.6332562744421 81 676
8.49302113227308 76 396
14.6958812031077 55 351
0.311540094803722 34 15
14.6958812031077 55 351
0 28 0
55.2043259275739 135 852
0.701040521294099 39 55
6.83052304732509 53 300
0 28 0
0 28 0
14.6958812031077 55 351
0 28 0
0.523057508586724 37 36
0 28 0
4.32291980081333 53 146
0 28 0
21.8804407917685 93 706
0 28 0
9.45251130582535 54 325
0 28 0
9.45251130582535 54 325
0.376091310737629 35 21
3.45822044640752 50 231
0 28 0
0 28 0
14.6958812031077 55 351
2.76309443558916 37 16
7.66583284329781 60 140
0 28 0
0.311540094803722 34 15
0 28 0
0 28 0
0 28 0
0 28 0
29.9251971781548 85 487
14.6958812031077 55 351
9.45251130582535 54 325
0 28 0
22.6657121384572 82 460
9.45251130582535 54 325
37.7395574162717 104 929
0 28 0
0 28 0
0 28 0
19.8137691744927 66 376
16.5636028688904 73 484
16.810268692447 93 616
14.6958812031077 55 351
7.94678832485628 62 273
0 28 0
0 28 0
0 28 0
47.7211209610314 127 998
14.6958812031077 55 351
0 28 0
0 28 0
