"COLLES.MDM.LN" "SACKIN" "COPHENETIC"
15.2124289883261 57 378
0 29 0
15.2124289883261 57 378
0.664143651752304 40 55
0 29 0
0 29 0
1.94849199644784 46 70
33.5258078785256 102 862
0 29 0
0 29 0
7.08938347936902 55 325
0 29 0
0 29 0
0 29 0
4.38089134062897 53 276
30.6674847631814 84 729
12.2590203107361 73 487
0 29 0
0 29 0
0 29 0
0 29 0
0 29 0
9.79725413540512 56 351
2.8797975708521 56 189
15.2124289883261 57 378
0.138654384467729 32 3
0 29 0
0 29 0
0 29 0
7.08938347936902 55 325
3.60674315631442 52 253
15.2124289883261 57 378
0 29 0
0 29 0
15.2124289883261 57 378
0 29 0
37.4866517014835 108 913
0 29 0
0 29 0
0 29 0
0 29 0
0.760505021270993 41 66
15.4797050429691 79 604
1.669251374218 47 153
0 29 0
10.5050002585348 59 354
0 29 0
38.9764237162426 123 1068
0 29 0
0.664143651752304 40 55
9.79725413540512 56 351
0 29 0
0 29 0
24.2775880309517 80 499
0 29 0
15.2124289883261 57 378
0 29 0
0 29 0
0 29 0
0 29 0
0 29 0
0 29 0
0 29 0
0 29 0
0 29 0
9.79725413540512 56 351
0 29 0
0 29 0
0 29 0
0 29 0
0 29 0
0 29 0
15.2124289883261 57 378
5.46441843786007 54 300
0 29 0
0 29 0
0 29 0
7.08938347936902 55 325
9.79725413540512 56 351
0 29 0
0 29 0
7.08938347936902 55 325
0 29 0
0 29 0
0 29 0
9.79725413540512 56 351
14.2139081263662 77 553
23.0634663498635 100 623
0 29 0
0 29 0
0 29 0
0.425997766618223 37 28
0 29 0
0 29 0
15.2124289883261 57 378
15.2124289883261 57 378
0 29 0
0 29 0
0 29 0
9.79725413540512 56 351
5.46441843786007 54 300
0 29 0
0 29 0
0 29 0
0 29 0
0.867930851916675 42 78
1.46011893976956 46 136
52.0896187354345 132 1282
0 29 0
14.2139081263662 77 553
0 29 0
0 29 0
0 29 0
0 29 0
0 29 0
0 29 0
0 29 0
0 29 0
0 29 0
14.7978344242062 72 441
0 29 0
0 29 0
17.5508782651455 72 483
0 29 0
0 29 0
0 29 0
7.77840400400628 68 363
0 29 0
0 29 0
0 29 0
0 29 0
4.20136237065062 61 249
0 29 0
0 29 0
0 29 0
0 29 0
9.79725413540512 56 351
0 29 0
0 29 0
15.2124289883261 57 378
28.9439350952975 100 709
9.79725413540512 56 351
18.9100325734281 78 576
0 29 0
0 29 0
0.664143651752304 40 55
0 29 0
0 29 0
15.2124289883261 57 378
0 29 0
0 29 0
5.46441843786007 54 300
0 29 0
15.2124289883261 57 378
0 29 0
0 29 0
1.12497313187995 44 105
9.79725413540512 56 351
0 29 0
0 29 0
0 29 0
0 29 0
1.91619585331209 48 171
0 29 0
10.6010948468409 60 357
13.8498091574891 78 578
5.46441843786007 54 300
0 29 0
0 29 0
5.46441843786007 54 300
0 29 0
16.6168672912779 64 399
0 29 0
0 29 0
15.2124289883261 57 378
0 29 0
0 29 0
0 29 0
0 29 0
0 29 0
0 29 0
0 29 0
0 29 0
1.91619585331209 48 171
0 29 0
9.79725413540512 56 351
0.241743671127434 34 10
15.2124289883261 57 378
0 29 0
5.46441843786007 54 300
0 29 0
0 29 0
0 29 0
0 29 0
0 29 0
0 29 0
0 29 0
21.4215395197346 81 654
0 29 0
7.08938347936902 55 325
0 29 0
0 29 0
0 29 0
0 29 0
30.6674847631814 84 729
15.2124289883261 57 378
0.760505021270993 41 66
17.5508782651455 72 483
0 29 0
0 29 0
0 29 0
0 29 0
0 29 0
0 29 0
0 29 0
4.62907048857574 44 49
0 29 0
0 29 0
15.2124289883261 57 378
0 29 0
0 29 0
0 29 0
5.46441843786007 54 300
15.2124289883261 57 378
0 29 0
0 29 0
0 29 0
0 29 0
0 29 0
0 29 0
0.241743671127434 34 10
15.2124289883261 57 378
0 29 0
3.02594289060658 51 231
1.91619585331209 48 171
0 29 0
0 29 0
0 29 0
0 29 0
0 29 0
0 29 0
0 29 0
0 29 0
25.5031124548777 83 703
0 29 0
0 29 0
0 29 0
0 29 0
0 29 0
0.425997766618223 37 28
1.28067862029781 45 120
0 29 0
0 29 0
0 29 0
15.2124289883261 57 378
0.664143651752304 40 55
0.760505021270993 41 66
0 29 0
0.988531427557527 43 91
0 29 0
9.11909428435449 73 466
0 29 0
30.6674847631814 84 729
9.79725413540512 56 351
0 29 0
0 29 0
0 29 0
15.2124289883261 57 378
0 29 0
15.2124289883261 57 378
0 29 0
0 29 0
0 29 0
0 29 0
0 29 0
0 29 0
3.02594289060658 51 231
0.760505021270993 41 66
0 29 0
5.46441843786007 54 300
21.1294303204583 80 625
9.79725413540512 56 351
2.57402734843817 50 210
0 29 0
0 29 0
11.5267954524331 69 429
0 29 0
0 29 0
0 29 0
0 29 0
15.2124289883261 57 378
0 29 0
9.79725413540512 56 351
0 29 0
0 29 0
15.2124289883261 57 378
0 29 0
15.2124289883261 57 378
0 29 0
5.46441843786007 54 300
0 29 0
8.69674786534622 68 403
0 29 0
0 29 0
0 29 0
49.0223641578133 126 1138
0 29 0
0 29 0
0 29 0
0 29 0
0 29 0
0 29 0
3.60674315631442 52 253
21.7911621067749 99 791
0 29 0
0 29 0
0 29 0
0 29 0
0 29 0
0 29 0
0 29 0
2.57402734843817 50 210
0 29 0
0 29 0
0 29 0
1.91619585331209 48 171
0 29 0
0.425997766618223 37 28
15.2124289883261 57 378
9.79725413540512 56 351
0 29 0
0 29 0
1.28067862029781 45 120
0 29 0
0 29 0
0 29 0
0 29 0
0 29 0
0 29 0
11.2757033991166 67 406
2.06455569953488 51 135
0 29 0
15.2124289883261 57 378
1.91619585331209 48 171
0 29 0
0 29 0
0 29 0
15.2124289883261 57 378
0 29 0
0 29 0
0 29 0
0 29 0
0 29 0
0 29 0
0 29 0
0 29 0
0 29 0
0 29 0
0 29 0
15.2124289883261 57 378
0 29 0
0 29 0
0 29 0
0 29 0
0 29 0
0 29 0
0 29 0
0 29 0
0 29 0
0 29 0
15.2124289883261 57 378
19.4626175864098 81 651
0 29 0
15.2124289883261 57 378
0 29 0
0 29 0
0 29 0
0 29 0
0.988531427557527 43 91
15.2124289883261 57 378
0 29 0
0 29 0
0 29 0
0 29 0
0 29 0
9.79725413540512 56 351
0 29 0
0 29 0
0 29 0
0 29 0
36.2349005673714 113 897
0 29 0
0 29 0
12.5277873034034 74 504
15.2124289883261 57 378
0 29 0
0 29 0
0 29 0
0 29 0
0 29 0
0 29 0
0 29 0
0 29 0
0 29 0
0 29 0
0 29 0
0 29 0
0 29 0
0 29 0
14.4922456225882 78 582
0 29 0
0 29 0
0 29 0
0 29 0
0 29 0
0 29 0
2.57402734843817 50 210
0 29 0
0 29 0
1.91619585331209 48 171
15.2124289883261 57 378
0 29 0
0 29 0
0 29 0
0 29 0
7.08938347936902 55 325
0 29 0
0 29 0
15.2124289883261 57 378
1.12497313187995 44 105
0 29 0
15.2124289883261 57 378
0 29 0
0 29 0
0 29 0
0 29 0
2.57402734843817 50 210
0 29 0
0 29 0
9.79725413540512 56 351
0 29 0
0 29 0
15.2124289883261 57 378
0 29 0
0 29 0
0 29 0
23.397676775142 90 636
3.02594289060658 51 231
18.9100325734281 78 576
0 29 0
7.08938347936902 55 325
7.08938347936902 55 325
0 29 0
0 29 0
9.79725413540512 56 351
15.2124289883261 57 378
0 29 0
9.79725413540512 56 351
15.2124289883261 57 378
0 29 0
0.425997766618223 37 28
15.2124289883261 57 378
0 29 0
0 29 0
1.91619585331209 48 171
25.5031124548777 83 703
0 29 0
0 29 0
0 29 0
7.08938347936902 55 325
2.57402734843817 50 210
0 29 0
0 29 0
0 29 0
0 29 0
0 29 0
0 29 0
0 29 0
0 29 0
0 29 0
0 29 0
0 29 0
0 29 0
40.4274943709915 108 1003
0 29 0
1.12497313187995 44 105
0 29 0
0 29 0
12.4042923507302 77 556
1.28067862029781 45 120
0 29 0
0 29 0
1.91619585331209 48 171
30.3385836767957 104 909
0 29 0
15.2124289883261 57 378
0 29 0
0 29 0
0 29 0
11.3950985046123 68 417
0 29 0
0 29 0
0 29 0
0.425997766618223 37 28
0 29 0
4.38089134062897 53 276
0 29 0
0 29 0
3.02594289060658 51 231
3.60674315631442 52 253
0 29 0
0 29 0
0 29 0
16.1945883944612 60 381
0 29 0
0 29 0
0 29 0
4.38089134062897 53 276
0 29 0
0 29 0
30.6674847631814 84 729
0 29 0
0 29 0
0 29 0
0 29 0
0 29 0
0 29 0
7.08938347936902 55 325
15.2124289883261 57 378
0 29 0
0 29 0
0 29 0
0 29 0
0 29 0
0 29 0
0 29 0
0 29 0
0 29 0
9.04713825511921 70 430
15.2124289883261 57 378
0 29 0
0 29 0
9.79725413540512 56 351
13.8032088370872 70 400
0 29 0
35.657797225241 107 979
15.2124289883261 57 378
0 29 0
0 29 0
0 29 0
0 29 0
0 29 0
0 29 0
0 29 0
0 29 0
0 29 0
3.33027328906912 45 57
0 29 0
0 29 0
0 29 0
0 29 0
0 29 0
0 29 0
0.988531427557527 43 91
0 29 0
0 29 0
0 29 0
0 29 0
0 29 0
19.4626175864098 81 651
0 29 0
0 29 0
30.6674847631814 84 729
0 29 0
0 29 0
7.08938347936902 55 325
15.2124289883261 57 378
0 29 0
9.79725413540512 56 351
3.37992240959784 40 25
15.2124289883261 57 378
0 29 0
0 29 0
3.60674315631442 52 253
0 29 0
0 29 0
0 29 0
3.60674315631442 52 253
1.669251374218 47 153
0 29 0
15.2124289883261 57 378
7.08938347936902 55 325
0 29 0
0 29 0
0 29 0
0 29 0
0 29 0
23.5392077267964 93 675
0 29 0
1.28067862029781 45 120
15.2124289883261 57 378
0 29 0
15.2124289883261 57 378
0 29 0
0 29 0
15.2124289883261 57 378
0 29 0
0 29 0
0 29 0
0.188647401598248 33 6
7.08938347936902 55 325
15.2124289883261 57 378
0 29 0
1.669251374218 47 153
0 29 0
15.2124289883261 57 378
30.6674847631814 84 729
0 29 0
0 29 0
15.2124289883261 57 378
0 29 0
1.12497313187995 44 105
9.79725413540512 56 351
0 29 0
0 29 0
13.1861940294544 78 420
3.60674315631442 52 253
0 29 0
11.0636883705331 65 387
0 29 0
0 29 0
18.9100325734281 78 576
0 29 0
0 29 0
0 29 0
0 29 0
0 29 0
0 29 0
0 29 0
15.2124289883261 57 378
0 29 0
0 29 0
15.2124289883261 57 378
5.16873711387768 53 133
0 29 0
0 29 0
0 29 0
0 29 0
0 29 0
7.26552933172344 69 384
0 29 0
0 29 0
15.2124289883261 57 378
0 29 0
49.1887502219897 130 1236
3.33027328906912 45 57
0 29 0
11.0232802916669 83 475
35.1044497018865 104 907
7.08938347936902 55 325
15.2124289883261 57 378
0 29 0
16.9181258753374 67 423
0 29 0
0 29 0
0 29 0
0 29 0
0 29 0
9.79725413540512 56 351
19.1423221814408 75 459
1.91619585331209 48 171
0.298559257520233 35 15
0 29 0
5.25375617468298 46 64
0 29 0
0 29 0
0 29 0
15.2124289883261 57 378
5.46441843786007 54 300
0 29 0
0 29 0
13.8032088370872 70 400
0 29 0
0 29 0
0 29 0
9.79725413540512 56 351
0 29 0
26.4280823306547 95 676
3.4098093353788 57 191
0 29 0
0 29 0
15.2124289883261 57 378
0 29 0
0 29 0
0 29 0
25.5031124548777 83 703
0 29 0
1.12497313187995 44 105
0 29 0
0 29 0
0 29 0
0 29 0
9.79725413540512 56 351
0 29 0
0 29 0
2.57402734843817 50 210
0.0911230254975732 31 1
34.3884384810274 100 849
15.2124289883261 57 378
0 29 0
0 29 0
0 29 0
0 29 0
25.5031124548777 83 703
9.79725413540512 56 351
0 29 0
7.08938347936902 55 325
0 29 0
0 29 0
0 29 0
0 29 0
0 29 0
30.6568249845474 103 885
0.760505021270993 41 66
0 29 0
0 29 0
21.4215395197346 81 654
0 29 0
15.2124289883261 57 378
0 29 0
0 29 0
0 29 0
0 29 0
0 29 0
0 29 0
0 29 0
0 29 0
0 29 0
2.21231699672459 49 190
0 29 0
15.2124289883261 57 378
0 29 0
0 29 0
0 29 0
0 29 0
0 29 0
9.79725413540512 56 351
15.2124289883261 57 378
0 29 0
0 29 0
1.46011893976956 46 136
0 29 0
0 29 0
7.08938347936902 55 325
2.57402734843817 50 210
3.02594289060658 51 231
3.02594289060658 51 231
9.79725413540512 56 351
9.79725413540512 56 351
0 29 0
15.2124289883261 57 378
0 29 0
0 29 0
0 29 0
31.1691945921597 98 778
0 29 0
15.2124289883261 57 378
0 29 0
17.4288300558409 87 556
0 29 0
0 29 0
0 29 0
0 29 0
0 29 0
3.88570833791786 58 202
0 29 0
0 29 0
0.867930851916675 42 78
0 29 0
0 29 0
0 29 0
5.46441843786007 54 300
0 29 0
0 29 0
0 29 0
15.2124289883261 57 378
15.2124289883261 57 378
10.5460085399993 62 202
2.11395392472052 36 9
0 29 0
1.94450089408384 49 154
9.79725413540512 56 351
0 29 0
0 29 0
0 29 0
7.08938347936902 55 325
0 29 0
0 29 0
15.2124289883261 57 378
0 29 0
0 29 0
5.20494624610766 65 315
9.79725413540512 56 351
0 29 0
0 29 0
0 29 0
16.3096556130896 61 384
16.7153818753246 65 406
15.2124289883261 57 378
0 29 0
0 29 0
46.3634679471122 110 1054
4.38089134062897 53 276
0 29 0
0 29 0
0 29 0
0 29 0
1.669251374218 47 153
0 29 0
0 29 0
0 29 0
7.08938347936902 55 325
0 29 0
0 29 0
0 29 0
3.60674315631442 52 253
0 29 0
5.9832093830694 65 310
0 29 0
0 29 0
0 29 0
15.2124289883261 57 378
15.2124289883261 57 378
0 29 0
3.02594289060658 51 231
0 29 0
0 29 0
0 29 0
3.60674315631442 52 253
0 29 0
0 29 0
0 29 0
9.79725413540512 56 351
0 29 0
15.2124289883261 57 378
0 29 0
0 29 0
0 29 0
0 29 0
0 29 0
0 29 0
15.2124289883261 57 378
1.669251374218 47 153
0 29 0
0 29 0
5.46441843786007 54 300
1.12497313187995 44 105
0 29 0
0 29 0
0 29 0
0.0911230254975732 31 1
15.2124289883261 57 378
0 29 0
0.425997766618223 37 28
0 29 0
0 29 0
0 29 0
0 29 0
15.2124289883261 57 378
0 29 0
12.902037103253 68 361
0 29 0
0 29 0
0 29 0
0 29 0
15.2124289883261 57 378
2.21231699672459 49 190
0.760505021270993 41 66
0 29 0
15.2124289883261 57 378
0 29 0
15.2124289883261 57 378
0 29 0
0 29 0
9.04713825511921 70 430
17.9171138180248 74 514
0 29 0
0 29 0
0 29 0
0 29 0
15.2124289883261 57 378
0 29 0
9.79725413540512 56 351
11.5267954524331 69 429
0 29 0
0 29 0
13.5695571645917 67 224
9.79725413540512 56 351
0 29 0
0 29 0
0 29 0
0 29 0
9.52930129405384 72 461
3.60674315631442 52 253
15.2124289883261 57 378
0 29 0
15.2124289883261 57 378
0 29 0
0 29 0
0 29 0
0 29 0
0 29 0
0 29 0
0.0911230254975732 31 1
0 29 0
15.2124289883261 57 378
0 29 0
0 29 0
0 29 0
0 29 0
0 29 0
0 29 0
4.38035712402136 59 274
0 29 0
0 29 0
0 29 0
3.60674315631442 52 253
1.28067862029781 45 120
10.4700746302355 74 486
0 29 0
0 29 0
0 29 0
0 29 0
0 29 0
0 29 0
0 29 0
15.2124289883261 57 378
0 29 0
0 29 0
0 29 0
0 29 0
0 29 0
0 29 0
0 29 0
5.46441843786007 54 300
0 29 0
0 29 0
1.28067862029781 45 120
0 29 0
15.2124289883261 57 378
0 29 0
0 29 0
4.38089134062897 53 276
0 29 0
0 29 0
10.4011253661334 58 352
15.2124289883261 57 378
0 29 0
0 29 0
7.03691629169365 67 378
0 29 0
0 29 0
0 29 0
0 29 0
0 29 0
0 29 0
0 29 0
0 29 0
0 29 0
15.2124289883261 57 378
0 29 0
0 29 0
3.02594289060658 51 231
0 29 0
3.02594289060658 51 231
0 29 0
0 29 0
3.60674315631442 52 253
0 29 0
0 29 0
0 29 0
5.46441843786007 54 300
0 29 0
4.38089134062897 53 276
1.12497313187995 44 105
15.2124289883261 57 378
0.760505021270993 41 66
0 29 0
3.60674315631442 52 253
0 29 0
21.1294303204583 80 625
0 29 0
0 29 0
0 29 0
0 29 0
0 29 0
10.6010948468409 60 357
1.91619585331209 48 171
0 29 0
0 29 0
15.2124289883261 57 378
0 29 0
0 29 0
3.02594289060658 51 231
0 29 0
30.6674847631814 84 729
0 29 0
0 29 0
0 29 0
0 29 0
15.2124289883261 57 378
34.0384782417298 98 820
0 29 0
0 29 0
0 29 0
0 29 0
0 29 0
0 29 0
0 29 0
15.2124289883261 57 378
0 29 0
0 29 0
0 29 0
15.2124289883261 57 378
0 29 0
0.760505021270993 41 66
0 29 0
0 29 0
0 29 0
0 29 0
1.669251374218 47 153
13.78954872443 77 561
0 29 0
7.08938347936902 55 325
0 29 0
0 29 0
0 29 0
13.8498091574891 78 578
14.0537384838017 85 431
3.60674315631442 52 253
3.60674315631442 52 253
0 29 0
9.79725413540512 56 351
0 29 0
0 29 0
0 29 0
0 29 0
4.38089134062897 53 276
0 29 0
0 29 0
12.5560325076267 59 136
0 29 0
0 29 0
0 29 0
9.79725413540512 56 351
0 29 0
0 29 0
0 29 0
0 29 0
0 29 0
0 29 0
0 29 0
0 29 0
2.21231699672459 49 190
0 29 0
0 29 0
0 29 0
9.79725413540512 56 351
0 29 0
0 29 0
0 29 0
2.54604057409934 54 164
0 29 0
0 29 0
0 29 0
0 29 0
14.4922456225882 78 582
15.2124289883261 57 378
0 29 0
0 29 0
0 29 0
5.46441843786007 54 300
0 29 0
1.64237737110093 47 88
0 29 0
0 29 0
0 29 0
0 29 0
0 29 0
15.2124289883261 57 378
0 29 0
0.241743671127434 34 10
0 29 0
3.02594289060658 51 231
9.79725413540512 56 351
0 29 0
1.669251374218 47 153
15.2124289883261 57 378
0 29 0
0 29 0
15.2124289883261 57 378
0 29 0
0.498150008177832 38 36
4.38089134062897 53 276
0 29 0
0 29 0
0 29 0
0 29 0
0 29 0
5.46441843786007 54 300
0 29 0
0 29 0
0 29 0
15.2124289883261 57 378
15.2124289883261 57 378
0 29 0
0 29 0
16.1945883944612 60 381
9.79725413540512 56 351
1.91619585331209 48 171
0 29 0
1.669251374218 47 153
0 29 0
0 29 0
0 29 0
0 29 0
0 29 0
0 29 0
4.62907048857574 44 49
5.46441843786007 54 300
0 29 0
0 29 0
0.867930851916675 42 78
0 29 0
1.12497313187995 44 105
0 29 0
0 29 0
0 29 0
0 29 0
5.46441843786007 54 300
0 29 0
15.2124289883261 57 378
9.79725413540512 56 351
0 29 0
0 29 0
46.3634679471122 110 1054
0 29 0
0 29 0
7.08938347936902 55 325
0 29 0
0 29 0
15.2124289883261 57 378
0 29 0
1.54111647237615 47 97
4.79361104592644 63 236
0 29 0
5.46441843786007 54 300
15.2124289883261 57 378
0 29 0
15.2124289883261 57 378
0 29 0
0 29 0
0 29 0
0 29 0
0 29 0
15.2124289883261 57 378
0 29 0
16.9680638393862 80 627
9.79725413540512 56 351
21.6483520492685 72 427
0 29 0
0 29 0
0 29 0
15.2124289883261 57 378
9.79725413540512 56 351
0.359739514618602 36 21
0 29 0
30.6674847631814 84 729
0 29 0
0 29 0
5.46441843786007 54 300
0 29 0
0.425997766618223 37 28
0 29 0
0 29 0
0 29 0
0 29 0
0 29 0
46.3634679471122 110 1054
37.709227157537 117 931
0 29 0
9.79725413540512 56 351
0 29 0
0 29 0
0 29 0
0 29 0
5.49015647171058 66 344
0 29 0
0 29 0
0 29 0
0 29 0
0 29 0
0 29 0
0 29 0
9.79725413540512 56 351
0 29 0
0 29 0
0 29 0
0 29 0
3.7679006207574 55 160
0 29 0
0 29 0
0 29 0
0 29 0
0 29 0
1.91619585331209 48 171
7.15215214149277 52 121
13.3502270932271 72 317
0 29 0
0 29 0
0 29 0
0 29 0
25.5031124548777 83 703
0 29 0
0 29 0
15.2124289883261 57 378
0 29 0
0 29 0
9.79725413540512 56 351
0 29 0
0 29 0
19.1648792677651 78 588
0 29 0
0 29 0
0 29 0
0 29 0
5.46441843786007 54 300
15.2124289883261 57 378
1.91619585331209 48 171
11.566355547682 73 463
0 29 0
0 29 0
0 29 0
0 29 0
0 29 0
3.02594289060658 51 231
0 29 0
0 29 0
0 29 0
0 29 0
0 29 0
0 29 0
0 29 0
0 29 0
0 29 0
0 29 0
0 29 0
0 29 0
0 29 0
0 29 0
0 29 0
0 29 0
0 29 0
0.867930851916675 42 78
0 29 0
0 29 0
0.867930851916675 42 78
0 29 0
0 29 0
1.12497313187995 44 105
0 29 0
0 29 0
15.2124289883261 57 378
0 29 0
5.46441843786007 54 300
1.91619585331209 48 171
9.79725413540512 56 351
0.138654384467729 32 3
0 29 0
14.7978344242062 72 441
15.2124289883261 57 378
3.02594289060658 51 231
0 29 0
0 29 0
0 29 0
0 29 0
0 29 0
4.38089134062897 53 276
0 29 0
0 29 0
0 29 0
12.5277873034034 74 504
15.2124289883261 57 378
19.4626175864098 81 651
3.02594289060658 51 231
0 29 0
0 29 0
0 29 0
4.38089134062897 53 276
2.57402734843817 50 210
3.02594289060658 51 231
15.4797050429691 79 604
0 29 0
0 29 0
0 29 0
0 29 0
0 29 0
14.936899905622 65 199
0 29 0
27.2328270644001 94 742
5.46441843786007 54 300
0 29 0
0 29 0
0 29 0
0 29 0
24.4817598358741 82 676
0 29 0
0 29 0
16.8152175780769 66 414
0 29 0
7.21088607161727 61 241
0 29 0
0.577152023620467 39 45
0 29 0
10.6497264976953 63 190
0 29 0
15.2124289883261 57 378
0 29 0
0 29 0
0 29 0
0 29 0
0 29 0
3.60674315631442 52 253
2.57402734843817 50 210
0 29 0
0 29 0
15.2124289883261 57 378
0 29 0
0 29 0
0 29 0
0 29 0
15.2124289883261 57 378
0 29 0
0 29 0
3.37992240959784 40 25
0 29 0
0 29 0
32.0997162946234 89 335
0 29 0
9.79725413540512 56 351
0.867930851916675 42 78
5.20494624610766 65 315
0 29 0
0 29 0
0 29 0
0 29 0
0 29 0
0 29 0
9.79725413540512 56 351
0 29 0
0 29 0
0 29 0
7.08938347936902 55 325
9.79725413540512 56 351
0 29 0
0 29 0
0 29 0
0 29 0
0 29 0
0 29 0
0 29 0
0 29 0
0 29 0
0 29 0
0 29 0
17.2910057508089 88 640
0 29 0
13.78954872443 77 561
0 29 0
4.55084307042203 59 214
0 29 0
0 29 0
5.46441843786007 54 300
0 29 0
9.82487289568041 60 225
3.60674315631442 52 253
0 29 0
40.4274943709915 108 1003
15.2124289883261 57 378
0 29 0
0 29 0
5.46441843786007 54 300
9.79725413540512 56 351
0 29 0
0 29 0
11.8743608944946 76 531
14.7978344242062 72 441
0 29 0
0 29 0
0 29 0
0 29 0
0 29 0
1.28067862029781 45 120
0 29 0
0 29 0
9.79725413540512 56 351
7.08938347936902 55 325
0 29 0
15.2124289883261 57 378
0 29 0
0 29 0
0 29 0
0 29 0
5.46441843786007 54 300
0.241743671127434 34 10
20.4141791530434 80 631
0 29 0
0 29 0
16.2690367873586 79 601
0 29 0
0 29 0
0 29 0
15.2124289883261 57 378
24.4817598358741 82 676
0 29 0
0 29 0
0 29 0
0 29 0
0 29 0
0 29 0
0 29 0
0 29 0
15.2124289883261 57 378
0 29 0
0 29 0
15.2124289883261 57 378
0 29 0
0 29 0
0 29 0
0 29 0
15.2124289883261 57 378
0 29 0
15.7485536450146 78 428
15.2124289883261 57 378
0 29 0
1.12497313187995 44 105
0 29 0
2.75066730699668 38 16
0 29 0
25.5031124548777 83 703
18.5864675027996 74 316
0 29 0
0 29 0
0 29 0
0 29 0
0 29 0
0.988531427557527 43 91
0 29 0
15.2124289883261 57 378
0 29 0
0 29 0
0 29 0
10.2472956113126 74 496
0 29 0
0 29 0
0 29 0
0 29 0
0 29 0
38.2077795174019 118 1018
0 29 0
0 29 0
0 29 0
0 29 0
0 29 0
0 29 0
0 29 0
0 29 0
0 29 0
0 29 0
0 29 0
0 29 0
2.21231699672459 49 190
4.38089134062897 53 276
0 29 0
0 29 0
0 29 0
0 29 0
15.2124289883261 57 378
0 29 0
0 29 0
0 29 0
0 29 0
5.97022118445885 66 354
0 29 0
0.241743671127434 34 10
0 29 0
0 29 0
0 29 0
0 29 0
15.2124289883261 57 378
0 29 0
0 29 0
28.4862889555601 100 829
7.08938347936902 55 325
15.2124289883261 57 378
0 29 0
7.08938347936902 55 325
8.51741195010668 70 402
0 29 0
0 29 0
15.2124289883261 57 378
0 29 0
0 29 0
5.04209583112858 65 322
0.298559257520233 35 15
0 29 0
0 29 0
0 29 0
0 29 0
9.79725413540512 56 351
15.2124289883261 57 378
0 29 0
0 29 0
0 29 0
0 29 0
0 29 0
11.3932165368438 73 315
0 29 0
0 29 0
0 29 0
0 29 0
7.08938347936902 55 325
0 29 0
0 29 0
0 29 0
0 29 0
0 29 0
0 29 0
0 29 0
9.79725413540512 56 351
0 29 0
15.2124289883261 57 378
0 29 0
0 29 0
0 29 0
0 29 0
0 29 0
0 29 0
0 29 0
0 29 0
0 29 0
5.46441843786007 54 300
0 29 0
0 29 0
0 29 0
27.2328270644001 94 742
0 29 0
0 29 0
0 29 0
0 29 0
1.46011893976956 46 136
0 29 0
0 29 0
0.425997766618223 37 28
0 29 0
15.2124289883261 57 378
0 29 0
1.46011893976956 46 136
0 29 0
0 29 0
0 29 0
0 29 0
0 29 0
2.21231699672459 49 190
44.2159619514216 125 1111
8.51741195010668 70 402
0 29 0
0 29 0
0 29 0
0 29 0
12.902037103253 68 361
0 29 0
0 29 0
0 29 0
0 29 0
0 29 0
0 29 0
0.867930851916675 42 78
0 29 0
15.2124289883261 57 378
13.8032088370872 70 400
0 29 0
0 29 0
3.60674315631442 52 253
0 29 0
0 29 0
15.2124289883261 57 378
0 29 0
0 29 0
0 29 0
0 29 0
0 29 0
2.57402734843817 50 210
0 29 0
0 29 0
5.39014310274992 66 336
0 29 0
15.2124289883261 57 378
0 29 0
7.08938347936902 55 325
5.46441843786007 54 300
0 29 0
0 29 0
9.79725413540512 56 351
0 29 0
1.91619585331209 48 171
0 29 0
4.02254342525454 55 256
15.2124289883261 57 378
9.79725413540512 56 351
10.5050002585348 59 354
9.79725413540512 56 351
16.3212727534906 97 623
0 29 0
0 29 0
0 29 0
0 29 0
15.2124289883261 57 378
0 29 0
0 29 0
0 29 0
7.9241276591304 61 340
0 29 0
20.986591867806 70 414
10.7597475533321 75 515
0 29 0
0 29 0
0 29 0
0 29 0
0 29 0
0 29 0
0.867930851916675 42 78
0 29 0
0 29 0
0 29 0
0 29 0
0 29 0
0 29 0
0 29 0
0 29 0
25.5031124548777 83 703
0 29 0
0 29 0
9.79725413540512 56 351
0 29 0
0 29 0
9.79725413540512 56 351
9.79725413540512 56 351
0 29 0
0 29 0
0 29 0
0 29 0
15.2124289883261 57 378
0 29 0
0 29 0
0 29 0
15.2124289883261 57 378
2.75066730699668 38 16
25.5031124548777 83 703
0 29 0
0 29 0
0 29 0
0 29 0
0 29 0
0 29 0
0 29 0
0 29 0
0 29 0
15.2124289883261 57 378
0 29 0
0 29 0
0 29 0
0 29 0
0 29 0
4.19261894417338 57 263
2.35931633066923 53 157
0 29 0
0 29 0
0 29 0
0 29 0
0 29 0
2.53477846070328 50 106
0 29 0
0 29 0
0 29 0
0 29 0
2.09353513403069 45 60
0 29 0
0 29 0
9.79725413540512 56 351
0 29 0
0 29 0
15.2124289883261 57 378
0 29 0
0 29 0
21.1294303204583 80 625
0 29 0
0 29 0
3.50025191122713 59 226
0 29 0
0 29 0
0 29 0
0 29 0
0 29 0
0 29 0
0 29 0
1.39864708313321 45 72
0 29 0
0 29 0
15.2124289883261 57 378
1.91619585331209 48 171
0.577152023620467 39 45
9.79725413540512 56 351
0 29 0
0 29 0
0 29 0
0 29 0
0 29 0
0 29 0
0 29 0
0 29 0
0 29 0
0 29 0
0 29 0
0 29 0
0 29 0
0 29 0
0 29 0
0 29 0
0.138654384467729 32 3
0 29 0
0 29 0
2.21231699672459 49 190
0.988531427557527 43 91
24.4817598358741 82 676
0.0911230254975732 31 1
5.46441843786007 54 300
0 29 0
0 29 0
0 29 0
0 29 0
0 29 0
9.79725413540512 56 351
0 29 0
0 29 0
0 29 0
9.79725413540512 56 351
15.2124289883261 57 378
0 29 0
0 29 0
15.2124289883261 57 378
0 29 0
0 29 0
3.60674315631442 52 253
0 29 0
2.57402734843817 50 210
0 29 0
3.60674315631442 52 253
0 29 0
4.38089134062897 53 276
0 29 0
17.256708848456 76 529
5.46441843786007 54 300
5.46441843786007 54 300
0 29 0
3.02594289060658 51 231
0 29 0
15.2124289883261 57 378
0.867930851916675 42 78
15.2124289883261 57 378
0 29 0
0 29 0
9.79725413540512 56 351
0 29 0
3.60674315631442 52 253
5.46441843786007 54 300
0 29 0
0 29 0
0 29 0
0 29 0
0 29 0
15.2124289883261 57 378
0 29 0
0 29 0
0 29 0
0 29 0
0 29 0
0 29 0
0 29 0
0 29 0
0 29 0
0 29 0
0 29 0
0 29 0
0 29 0
0 29 0
15.2124289883261 57 378
0 29 0
0 29 0
0 29 0
0 29 0
0 29 0
0 29 0
0.988531427557527 43 91
0 29 0
0 29 0
0 29 0
0 29 0
0 29 0
12.0336554126965 72 471
17.256708848456 76 529
0 29 0
0 29 0
0 29 0
2.72429384556219 54 156
30.6674847631814 84 729
0 29 0
9.79725413540512 56 351
0 29 0
19.6989964269478 79 609
15.2124289883261 57 378
0 29 0
15.2124289883261 57 378
0 29 0
0 29 0
0 29 0
0 29 0
15.4797050429691 79 604
0 29 0
22.9439853627525 82 678
30.6674847631814 84 729
0 29 0
15.2124289883261 57 378
0 29 0
0 29 0
0 29 0
5.20494624610766 65 315
0 29 0
0 29 0
0 29 0
0 29 0
0 29 0
0 29 0
5.46441843786007 54 300
3.60674315631442 52 253
15.2124289883261 57 378
8.89352788614369 68 262
0 29 0
0 29 0
1.12497313187995 44 105
9.79725413540512 56 351
0.359739514618602 36 21
0 29 0
15.2124289883261 57 378
1.46011893976956 46 136
0 29 0
0 29 0
1.12497313187995 44 105
0 29 0
0.138654384467729 32 3
0 29 0
0 29 0
6.51333524601211 50 100
0 29 0
0 29 0
0 29 0
0 29 0
3.60674315631442 52 253
0 29 0
0 29 0
39.229743257385 111 684
0 29 0
0 29 0
15.2124289883261 57 378
0 29 0
0 29 0
0 29 0
14.7978344242062 72 441
0 29 0
0 29 0
0 29 0
0.298559257520233 35 15
21.4215395197346 81 654
0 29 0
0 29 0
0 29 0
0 29 0
0 29 0
0 29 0
0 29 0
0 29 0
9.79725413540512 56 351
2.57402734843817 50 210
2.57402734843817 50 210
0.867930851916675 42 78
0 29 0
0 29 0
17.256708848456 76 529
0 29 0
0 29 0
0.0911230254975732 31 1
24.4817598358741 82 676
5.46441843786007 54 300
9.79725413540512 56 351
0 29 0
5.46441843786007 54 300
7.08938347936902 55 325
0 29 0
9.79725413540512 56 351
0 29 0
1.28067862029781 45 120
0 29 0
2.21231699672459 49 190
0 29 0
0 29 0
0 29 0
24.4817598358741 82 676
0 29 0
0 29 0
0 29 0
15.2124289883261 57 378
7.08938347936902 55 325
15.2124289883261 57 378
0 29 0
0 29 0
17.5508782651455 72 483
15.2124289883261 57 378
0 29 0
0 29 0
0 29 0
0 29 0
0 29 0
0 29 0
0 29 0
0 29 0
30.6674847631814 84 729
9.82487289568041 60 225
0 29 0
0 29 0
6.72394188533613 69 396
15.2124289883261 57 378
18.9100325734281 78 576
9.79725413540512 56 351
0 29 0
15.2124289883261 57 378
39.4061417519879 107 976
0 29 0
0 29 0
9.79725413540512 56 351
0 29 0
0 29 0
9.79725413540512 56 351
7.08938347936902 55 325
15.2124289883261 57 378
0 29 0
0 29 0
25.5694044438789 97 751
3.02594289060658 51 231
0 29 0
0.988531427557527 43 91
0 29 0
11.3950985046123 68 417
0 29 0
5.46441843786007 54 300
0 29 0
1.669251374218 47 153
39.0372398532377 108 1005
0 29 0
0 29 0
2.21231699672459 49 190
0 29 0
0 29 0
0.188647401598248 33 6
0 29 0
0 29 0
0 29 0
0 29 0
0 29 0
0 29 0
0 29 0
0 29 0
0 29 0
0 29 0
15.2124289883261 57 378
0 29 0
0 29 0
0 29 0
0 29 0
15.2124289883261 57 378
0 29 0
0 29 0
25.5031124548777 83 703
0 29 0
0 29 0
30.6674847631814 84 729
15.2124289883261 57 378
0 29 0
0.425997766618223 37 28
22.9439853627525 82 678
0 29 0
17.9171138180248 74 514
11.0636883705331 65 387
0 29 0
0 29 0
0 29 0
7.08938347936902 55 325
0 29 0
0 29 0
0 29 0
0 29 0
9.79725413540512 56 351
1.669251374218 47 153
0 29 0
0 29 0
0 29 0
40.4274943709915 108 1003
12.7277162925311 75 507
7.21088607161727 61 241
0 29 0
0 29 0
0 29 0
0 29 0
15.2124289883261 57 378
1.28067862029781 45 120
0 29 0
0 29 0
24.1863209854704 84 679
0 29 0
0 29 0
0 29 0
9.79725413540512 56 351
3.60674315631442 52 253
0 29 0
0 29 0
0 29 0
0 29 0
0 29 0
0 29 0
0 29 0
0 29 0
0 29 0
9.79725413540512 56 351
0 29 0
0 29 0
0 29 0
0 29 0
0 29 0
0 29 0
0 29 0
0 29 0
0 29 0
0 29 0
1.669251374218 47 153
0 29 0
0 29 0
15.2124289883261 57 378
0 29 0
0 29 0
0 29 0
0 29 0
0 29 0
0 29 0
15.2124289883261 57 378
0 29 0
0 29 0
0 29 0
0 29 0
15.2124289883261 57 378
0 29 0
0 29 0
9.79725413540512 56 351
0 29 0
0 29 0
11.6740854302032 70 442
0 29 0
16.4911876164353 89 619
0 29 0
30.7967480660056 103 878
9.79725413540512 56 351
0 29 0
0 29 0
0 29 0
15.2124289883261 57 378
0 29 0
0 29 0
18.9100325734281 78 576
0 29 0
13.8032088370872 70 400
0 29 0
0 29 0
0 29 0
0 29 0
15.2124289883261 57 378
30.6568249845474 103 885
0 29 0
0.988531427557527 43 91
30.6674847631814 84 729
1.669251374218 47 153
5.46441843786007 54 300
0 29 0
0.138654384467729 32 3
0.867930851916675 42 78
0 29 0
9.79725413540512 56 351
13.2637698568547 76 541
3.60674315631442 52 253
0 29 0
0 29 0
0 29 0
9.79725413540512 56 351
0 29 0
0 29 0
0 29 0
0 29 0
0 29 0
0 29 0
1.54738293065985 37 13
0 29 0
9.79725413540512 56 351
0 29 0
0 29 0
0 29 0
0 29 0
0 29 0
0 29 0
0 29 0
0 29 0
0 29 0
0 29 0
0 29 0
15.2124289883261 57 378
0 29 0
0 29 0
0 29 0
7.21088607161727 61 241
0 29 0
0 29 0
0 29 0
0 29 0
0 29 0
0 29 0
0 29 0
0 29 0
0 29 0
0 29 0
8.6657973509443 65 221
0 29 0
0 29 0
30.3683375739381 98 760
0 29 0
0 29 0
0 29 0
15.2124289883261 57 378
0 29 0
0 29 0
0 29 0
9.79725413540512 56 351
0 29 0
0 29 0
15.2124289883261 57 378
14.7978344242062 72 441
0 29 0
15.2124289883261 57 378
0 29 0
0 29 0
0 29 0
0 29 0
13.8498091574891 78 578
0 29 0
15.2124289883261 57 378
0 29 0
0 29 0
0 29 0
0 29 0
0 29 0
0 29 0
0 29 0
0 29 0
0 29 0
5.46441843786007 54 300
0 29 0
0 29 0
0 29 0
0 29 0
0 29 0
0 29 0
0 29 0
0 29 0
0 29 0
31.9226219011503 105 934
0 29 0
0 29 0
0 29 0
0 29 0
0 29 0
0 29 0
0 29 0
0 29 0
0 29 0
40.4274943709915 108 1003
0 29 0
0 29 0
0.664143651752304 40 55
0 29 0
0 29 0
0 29 0
0 29 0
5.54807457811279 60 227
0 29 0
0 29 0
0 29 0
0 29 0
1.12497313187995 44 105
0 29 0
0 29 0
0 29 0
0 29 0
1.669251374218 47 153
11.2757033991166 67 406
30.6674847631814 84 729
0 29 0
0 29 0
0 29 0
0 29 0
0 29 0
0 29 0
0 29 0
0 29 0
0 29 0
0 29 0
0 29 0
2.21231699672459 49 190
0 29 0
1.46011893976956 46 136
9.79725413540512 56 351
0 29 0
0 29 0
0 29 0
15.2124289883261 57 378
0 29 0
40.4274943709915 108 1003
0 29 0
0 29 0
21.1294303204583 80 625
0 29 0
0 29 0
0 29 0
0.498150008177832 38 36
0 29 0
15.2124289883261 57 378
0 29 0
16.2690367873586 79 601
0 29 0
0 29 0
0 29 0
0 29 0
0 29 0
0 29 0
0 29 0
0 29 0
0 29 0
0 29 0
17.3999834322879 71 469
5.46441843786007 54 300
0 29 0
1.12497313187995 44 105
5.46441843786007 54 300
0 29 0
1.12497313187995 44 105
0 29 0
0 29 0
10.6010948468409 60 357
0 29 0
0 29 0
6.12975766750139 59 310
0 29 0
0 29 0
15.2124289883261 57 378
0 29 0
0 29 0
0 29 0
0 29 0
0 29 0
0 29 0
20.4141791530434 80 631
0 29 0
0 29 0
0 29 0
0 29 0
7.08938347936902 55 325
0 29 0
19.1648792677651 78 588
0 29 0
0 29 0
0 29 0
7.08938347936902 55 325
0 29 0
15.2124289883261 57 378
0 29 0
0 29 0
0 29 0
0 29 0
0 29 0
0 29 0
0 29 0
15.2124289883261 57 378
0 29 0
6.1770692653315 67 367
9.79725413540512 56 351
0 29 0
0 29 0
0 29 0
0 29 0
0 29 0
0 29 0
0 29 0
0 29 0
0 29 0
3.17107092226122 54 150
0 29 0
24.4647305853029 97 767
4.38089134062897 53 276
0 29 0
0 29 0
17.7213549436971 73 498
0 29 0
0 29 0
0 29 0
0 29 0
0 29 0
0 29 0
0 29 0
0 29 0
13.8032088370872 70 400
0 29 0
9.79725413540512 56 351
25.5031124548777 83 703
0 29 0
0 29 0
30.6674847631814 84 729
0 29 0
0 29 0
0 29 0
0 29 0
0 29 0
0 29 0
20.4681208229548 87 534
0 29 0
0 29 0
0 29 0
0 29 0
5.46441843786007 54 300
0 29 0
0 29 0
0 29 0
18.9100325734281 78 576
0 29 0
0 29 0
0 29 0
0 29 0
4.38089134062897 53 276
7.08938347936902 55 325
0 29 0
9.79725413540512 56 351
0.0911230254975732 31 1
0 29 0
0 29 0
2.57402734843817 50 210
21.1294303204583 80 625
0 29 0
0.425997766618223 37 28
0 29 0
0 29 0
0 29 0
0 29 0
13.8073612210664 78 525
0 29 0
0 29 0
0 29 0
0 29 0
0 29 0
0 29 0
53.5524643557872 131 1258
0 29 0
0 29 0
9.79725413540512 56 351
1.669251374218 47 153
0 29 0
0 29 0
0 29 0
19.4626175864098 81 651
0 29 0
0 29 0
1.669251374218 47 153
0 29 0
15.2124289883261 57 378
0 29 0
0 29 0
0 29 0
0 29 0
0 29 0
0 29 0
0 29 0
0 29 0
1.91619585331209 48 171
7.08938347936902 55 325
0 29 0
0 29 0
2.21231699672459 49 190
0 29 0
7.08938347936902 55 325
0 29 0
0 29 0
0 29 0
0 29 0
7.57044201436538 57 326
15.2124289883261 57 378
0 29 0
0 29 0
0 29 0
0 29 0
0 29 0
0 29 0
15.2124289883261 57 378
0 29 0
0 29 0
0 29 0
0 29 0
0 29 0
0 29 0
0 29 0
0 29 0
0 29 0
0 29 0
0 29 0
0 29 0
0.988531427557527 43 91
0 29 0
0 29 0
0 29 0
0 29 0
7.08938347936902 55 325
0 29 0
0 29 0
5.46441843786007 54 300
15.2124289883261 57 378
0 29 0
0 29 0
0 29 0
0 29 0
0 29 0
0 29 0
9.79725413540512 56 351
0.188647401598248 33 6
15.2124289883261 57 378
22.9439853627525 82 678
15.2124289883261 57 378
0 29 0
0 29 0
5.46441843786007 54 300
15.2124289883261 57 378
0 29 0
0 29 0
3.60674315631442 52 253
0 29 0
0 29 0
0 29 0
0 29 0
0 29 0
0 29 0
1.28067862029781 45 120
0 29 0
0 29 0
0 29 0
0 29 0
0 29 0
7.08938347936902 55 325
8.45905406607396 56 169
33.3065000343416 109 893
0 29 0
0 29 0
9.79725413540512 56 351
0 29 0
0 29 0
0 29 0
0 29 0
9.79725413540512 56 351
9.79725413540512 56 351
0 29 0
0 29 0
0 29 0
7.08938347936902 55 325
0 29 0
0 29 0
0 29 0
0 29 0
1.46011893976956 46 136
3.60674315631442 52 253
15.2124289883261 57 378
0.138654384467729 32 3
0 29 0
0 29 0
5.46441843786007 54 300
7.08938347936902 55 325
0 29 0
22.9439853627525 82 678
0 29 0
0 29 0
0 29 0
0 29 0
0 29 0
2.21231699672459 49 190
7.52899007051375 66 248
0 29 0
15.2124289883261 57 378
5.54807457811279 60 227
0 29 0
0 29 0
0 29 0
0 29 0
2.57402734843817 50 210
0 29 0
21.1294303204583 80 625
0 29 0
30.6674847631814 84 729
0 29 0
0 29 0
7.08938347936902 55 325
0 29 0
0 29 0
0 29 0
9.79725413540512 56 351
0 29 0
0 29 0
0 29 0
0 29 0
0 29 0
0 29 0
0 29 0
0 29 0
0 29 0
0 29 0
0 29 0
15.4797050429691 79 604
4.69694176041633 51 111
0 29 0
0 29 0
0.664143651752304 40 55
0 29 0
0 29 0
0 29 0
15.2124289883261 57 378
15.2124289883261 57 378
0 29 0
1.669251374218 47 153
1.46011893976956 46 136
0 29 0
0.241743671127434 34 10
0 29 0
0 29 0
0 29 0
28.2462242321489 105 779
0 29 0
15.2124289883261 57 378
0 29 0
0 29 0
15.2124289883261 57 378
0 29 0
0 29 0
0 29 0
0 29 0
0 29 0
0 29 0
15.2124289883261 57 378
0 29 0
0 29 0
0 29 0
0 29 0
0 29 0
0 29 0
5.46441843786007 54 300
0 29 0
5.46441843786007 54 300
9.79725413540512 56 351
0 29 0
0 29 0
0 29 0
0 29 0
0 29 0
3.46895324367189 50 102
0 29 0
0 29 0
0.577152023620467 39 45
1.91619585331209 48 171
0 29 0
0 29 0
0 29 0
0 29 0
0 29 0
0 29 0
15.2124289883261 57 378
0 29 0
15.2124289883261 57 378
0 29 0
0 29 0
0 29 0
0 29 0
0 29 0
0 29 0
0 29 0
2.57402734843817 50 210
0 29 0
2.57402734843817 50 210
2.21231699672459 49 190
0 29 0
17.2643391135379 70 456
0 29 0
0 29 0
0 29 0
15.2124289883261 57 378
0 29 0
0 29 0
0 29 0
0 29 0
0.298559257520233 35 15
0 29 0
0 29 0
6.03360169619594 62 258
1.46011893976956 46 136
0.867930851916675 42 78
0 29 0
15.2124289883261 57 378
18.7812136328467 67 164
0 29 0
1.46011893976956 46 136
3.60674315631442 52 253
0 29 0
15.2124289883261 57 378
15.2124289883261 57 378
0 29 0
0 29 0
9.79725413540512 56 351
0 29 0
0 29 0
0 29 0
0 29 0
17.256708848456 76 529
0 29 0
0 29 0
21.1294303204583 80 625
1.91619585331209 48 171
0 29 0
0 29 0
0 29 0
0 29 0
0 29 0
0.577152023620467 39 45
0 29 0
49.3549849765616 136 1102
0 29 0
0 29 0
0 29 0
30.6674847631814 84 729
0 29 0
0 29 0
0 29 0
12.8551186734373 75 522
0 29 0
0 29 0
0 29 0
0 29 0
0 29 0
0 29 0
0 29 0
0 29 0
0 29 0
0 29 0
0 29 0
0 29 0
0 29 0
0 29 0
15.2124289883261 57 378
15.2124289883261 57 378
22.9439853627525 82 678
0 29 0
0 29 0
0 29 0
0 29 0
0 29 0
2.21231699672459 49 190
0 29 0
0 29 0
0 29 0
0 29 0
0 29 0
0 29 0
9.79725413540512 56 351
0 29 0
0 29 0
0 29 0
0 29 0
0 29 0
0 29 0
15.2124289883261 57 378
0 29 0
15.2124289883261 57 378
0 29 0
6.78493841313017 69 273
0 29 0
0 29 0
0 29 0
0 29 0
0 29 0
1.28067862029781 45 120
0 29 0
0 29 0
9.79725413540512 56 351
0 29 0
0 29 0
0 29 0
0 29 0
0 29 0
0 29 0
0 29 0
0 29 0
2.44172260502157 51 119
15.2124289883261 57 378
0 29 0
0 29 0
0 29 0
0 29 0
9.79725413540512 56 351
0 29 0
0 29 0
0 29 0
0 29 0
0 29 0
4.55084307042203 59 214
39.0372398532377 108 1005
15.2124289883261 57 378
0 29 0
0 29 0
0 29 0
0 29 0
0 29 0
0 29 0
0 29 0
0 29 0
0 29 0
22.9439853627525 82 678
13.8498091574891 78 578
0.241743671127434 34 10
0 29 0
0 29 0
0 29 0
0 29 0
0 29 0
0 29 0
0.298559257520233 35 15
0 29 0
9.79725413540512 56 351
0 29 0
0 29 0
0 29 0
2.21231699672459 49 190
0.867930851916675 42 78
0 29 0
17.2643391135379 70 456
0 29 0
0 29 0
0 29 0
9.79725413540512 56 351
0 29 0
0 29 0
0 29 0
15.2124289883261 57 378
9.79725413540512 56 351
0 29 0
0 29 0
3.02594289060658 51 231
0 29 0
0 29 0
0 29 0
9.79725413540512 56 351
0 29 0
0.138654384467729 32 3
0 29 0
0 29 0
15.2124289883261 57 378
15.2124289883261 57 378
0 29 0
0 29 0
0 29 0
0 29 0
1.28067862029781 45 120
0 29 0
13.8498091574891 78 578
9.79725413540512 56 351
0 29 0
0 29 0
0 29 0
7.08938347936902 55 325
0 29 0
4.38089134062897 53 276
0 29 0
11.0636883705331 65 387
21.1294303204583 80 625
0 29 0
0 29 0
0 29 0
7.08938347936902 55 325
0 29 0
15.2124289883261 57 378
0 29 0
0 29 0
0 29 0
0 29 0
15.2124289883261 57 378
0 29 0
0 29 0
0 29 0
0 29 0
4.38089134062897 53 276
1.91619585331209 48 171
0 29 0
3.60674315631442 52 253
0 29 0
0 29 0
0 29 0
0 29 0
0 29 0
15.2124289883261 57 378
0 29 0
0 29 0
12.8273104802761 74 472
0 29 0
1.669251374218 47 153
0 29 0
0 29 0
0 29 0
0 29 0
0 29 0
0.577152023620467 39 45
0 29 0
15.2124289883261 57 378
22.3054279851665 74 442
0 29 0
0 29 0
0 29 0
0 29 0
0 29 0
0 29 0
0 29 0
15.2124289883261 57 378
0.498150008177832 38 36
0 29 0
8.09016604366072 71 424
5.46441843786007 54 300
0 29 0
0 29 0
0 29 0
9.79725413540512 56 351
0 29 0
0 29 0
0 29 0
0 29 0
15.2124289883261 57 378
3.60674315631442 52 253
0 29 0
0 29 0
0 29 0
0 29 0
0 29 0
0 29 0
0 29 0
0 29 0
5.46441843786007 54 300
0 29 0
0 29 0
0 29 0
9.79725413540512 56 351
0 29 0
0 29 0
0 29 0
3.60674315631442 52 253
0 29 0
25.1939637569727 98 778
0 29 0
0 29 0
24.0885670468816 100 814
0 29 0
3.02594289060658 51 231
0 29 0
0.241743671127434 34 10
0 29 0
0 29 0
0.241743671127434 34 10
0 29 0
0 29 0
0 29 0
0 29 0
0 29 0
31.1691945921597 98 778
0 29 0
0 29 0
0 29 0
0.988531427557527 43 91
0 29 0
4.38089134062897 53 276
0 29 0
5.46441843786007 54 300
21.8466209848541 84 637
2.21231699672459 49 190
15.2124289883261 57 378
0 29 0
5.46441843786007 54 300
0.188647401598248 33 6
0 29 0
15.2124289883261 57 378
0 29 0
0 29 0
0 29 0
0 29 0
0 29 0
0 29 0
2.40835969431998 47 76
0 29 0
0 29 0
0 29 0
22.9439853627525 82 678
15.2124289883261 57 378
0 29 0
15.2124289883261 57 378
1.91619585331209 48 171
15.2124289883261 57 378
7.08938347936902 55 325
0 29 0
0 29 0
11.2757033991166 67 406
0 29 0
0 29 0
0.241743671127434 34 10
19.6989964269478 79 609
0 29 0
29.1772255340093 101 637
0 29 0
40.4274943709915 108 1003
0 29 0
0.867930851916675 42 78
10.4700746302355 74 486
0 29 0
15.2124289883261 57 378
1.12497313187995 44 105
0 29 0
9.79725413540512 56 351
0 29 0
0 29 0
0 29 0
0 29 0
0 29 0
0 29 0
0 29 0
0 29 0
0 29 0
0.760505021270993 41 66
4.38089134062897 53 276
0 29 0
0 29 0
49.8877772740173 131 1260
2.40835969431998 47 76
0 29 0
0 29 0
0 29 0
0 29 0
0 29 0
15.2124289883261 57 378
0 29 0
0 29 0
0 29 0
0 29 0
15.2124289883261 57 378
0 29 0
1.28067862029781 45 120
3.02594289060658 51 231
15.2124289883261 57 378
0 29 0
0 29 0
0 29 0
21.4215395197346 81 654
0 29 0
0 29 0
0 29 0
0 29 0
0 29 0
0 29 0
0 29 0
0 29 0
3.60674315631442 52 253
0 29 0
0 29 0
0 29 0
0 29 0
0 29 0
0 29 0
0 29 0
30.6674847631814 84 729
7.08938347936902 55 325
0 29 0
0 29 0
11.566355547682 73 463
0 29 0
0 29 0
0 29 0
0 29 0
15.2124289883261 57 378
25.5031124548777 83 703
0 29 0
0 29 0
0.425997766618223 37 28
5.46441843786007 54 300
3.85328205421785 52 123
5.46441843786007 54 300
15.2124289883261 57 378
5.46441843786007 54 300
0 29 0
0 29 0
0 29 0
0 29 0
0 29 0
2.57402734843817 50 210
0 29 0
0 29 0
0 29 0
0.664143651752304 40 55
0 29 0
0 29 0
15.2124289883261 57 378
0 29 0
0 29 0
0 29 0
9.79725413540512 56 351
7.08938347936902 55 325
7.08938347936902 55 325
0 29 0
0 29 0
7.21088607161727 61 241
0 29 0
0 29 0
15.2124289883261 57 378
0 29 0
22.5182571945819 92 687
14.2139081263662 77 553
0.664143651752304 40 55
0 29 0
0 29 0
0 29 0
0 29 0
0 29 0
0 29 0
0 29 0
0 29 0
0 29 0
0 29 0
0 29 0
0 29 0
15.2124289883261 57 378
0 29 0
15.2124289883261 57 378
0.867930851916675 42 78
0 29 0
9.79725413540512 56 351
0 29 0
24.4817598358741 82 676
0 29 0
0 29 0
0 29 0
0 29 0
0 29 0
0 29 0
0 29 0
0 29 0
0 29 0
0 29 0
0 29 0
30.6674847631814 84 729
0 29 0
3.02594289060658 51 231
0 29 0
0 29 0
0 29 0
2.877454200783 56 199
1.28067862029781 45 120
0 29 0
12.5560325076267 59 136
0 29 0
2.21231699672459 49 190
0 29 0
0.425997766618223 37 28
15.2124289883261 57 378
0 29 0
0 29 0
0.188647401598248 33 6
15.2124289883261 57 378
7.08938347936902 55 325
0 29 0
2.57402734843817 50 210
3.02594289060658 51 231
0 29 0
0 29 0
19.4626175864098 81 651
0 29 0
25.5031124548777 83 703
0 29 0
0 29 0
0 29 0
4.38089134062897 53 276
0 29 0
0 29 0
0 29 0
0 29 0
0 29 0
0 29 0
0 29 0
0 29 0
40.4274943709915 108 1003
0 29 0
15.2124289883261 57 378
0 29 0
15.2124289883261 57 378
0 29 0
0 29 0
6.51333524601211 50 100
33.6960187066441 111 808
0 29 0
0 29 0
0.867930851916675 42 78
0 29 0
0 29 0
0 29 0
0.664143651752304 40 55
0 29 0
2.21231699672459 49 190
0 29 0
0 29 0
15.2124289883261 57 378
0 29 0
0 29 0
0 29 0
0 29 0
0 29 0
0 29 0
13.492461305083 79 406
0 29 0
10.5402076804002 62 256
9.79725413540512 56 351
0 29 0
0 29 0
0 29 0
0 29 0
0 29 0
0 29 0
3.60674315631442 52 253
0 29 0
0 29 0
1.28067862029781 45 120
0 29 0
15.2124289883261 57 378
7.62796095602006 51 74
0 29 0
0 29 0
0 29 0
0 29 0
9.79725413540512 56 351
0 29 0
3.02594289060658 51 231
15.2124289883261 57 378
0 29 0
0 29 0
0 29 0
2.21231699672459 49 190
0 29 0
0 29 0
0 29 0
0 29 0
0 29 0
9.79725413540512 56 351
7.08938347936902 55 325
0 29 0
0 29 0
0 29 0
0 29 0
0 29 0
0 29 0
0 29 0
0 29 0
0 29 0
0.298559257520233 35 15
0 29 0
4.38089134062897 53 276
0 29 0
8.88159755687974 73 471
0 29 0
27.1784888412687 101 835
0 29 0
24.4817598358741 82 676
0 29 0
0 29 0
9.79725413540512 56 351
0 29 0
0 29 0
0 29 0
2.21231699672459 49 190
0 29 0
0 29 0
0 29 0
0 29 0
0 29 0
0 29 0
0 29 0
0 29 0
0 29 0
0 29 0
0 29 0
0 29 0
0 29 0
0 29 0
0 29 0
0 29 0
2.57402734843817 50 210
0 29 0
0 29 0
0 29 0
0 29 0
0 29 0
0 29 0
0 29 0
0 29 0
0 29 0
0 29 0
0 29 0
0 29 0
24.4817598358741 82 676
2.23674764029983 48 87
0 29 0
6.51333524601211 50 100
0 29 0
0.188647401598248 33 6
0 29 0
0 29 0
17.025913458249 68 433
0 29 0
0 29 0
0 29 0
0.241743671127434 34 10
0 29 0
0 29 0
0 29 0
0 29 0
0 29 0
0 29 0
0 29 0
0 29 0
18.7502900658509 77 568
0 29 0
0 29 0
0 29 0
0 29 0
1.46471826170173 34 4
0 29 0
0 29 0
0 29 0
0 29 0
0 29 0
11.2851890194135 64 289
0 29 0
0 29 0
0 29 0
1.46011893976956 46 136
5.45839110076576 63 276
15.2124289883261 57 378
0 29 0
0 29 0
0 29 0
0 29 0
1.46011893976956 46 136
0 29 0
0 29 0
5.46441843786007 54 300
0 29 0
0 29 0
0 29 0
0 29 0
0 29 0
0 29 0
0 29 0
0 29 0
0 29 0
0 29 0
15.2124289883261 57 378
25.5031124548777 83 703
0 29 0
0 29 0
0 29 0
0 29 0
0 29 0
0 29 0
0 29 0
0 29 0
3.02594289060658 51 231
0 29 0
9.79725413540512 56 351
15.2124289883261 57 378
0 29 0
15.2124289883261 57 378
25.5031124548777 83 703
0 29 0
0 29 0
0 29 0
0 29 0
4.38089134062897 53 276
1.91619585331209 48 171
0 29 0
0 29 0
0 29 0
0 29 0
30.6674847631814 84 729
0 29 0
0 29 0
0 29 0
0 29 0
7.08938347936902 55 325
0 29 0
0 29 0
0 29 0
0 29 0
1.39224610321336 42 42
0 29 0
0 29 0
0 29 0
0 29 0
0 29 0
0 29 0
0 29 0
9.79725413540512 56 351
0 29 0
0 29 0
0 29 0
0 29 0
0 29 0
0 29 0
7.08938347936902 55 325
0 29 0
0 29 0
0 29 0
0 29 0
21.1294303204583 80 625
0 29 0
9.79725413540512 56 351
0 29 0
0 29 0
0 29 0
0 29 0
22.4441613052836 96 756
7.08938347936902 55 325
0 29 0
0 29 0
7.08938347936902 55 325
0 29 0
22.9439853627525 82 678
0 29 0
0 29 0
30.6674847631814 84 729
7.08938347936902 55 325
15.2124289883261 57 378
15.2124289883261 57 378
0 29 0
0.867930851916675 42 78
0 29 0
0 29 0
0 29 0
0 29 0
0 29 0
0 29 0
0 29 0
0 29 0
0 29 0
0 29 0
0 29 0
0 29 0
0 29 0
0.298559257520233 35 15
9.79725413540512 56 351
0 29 0
0 29 0
0.867930851916675 42 78
0 29 0
0 29 0
0 29 0
0 29 0
0 29 0
0 29 0
0 29 0
15.2124289883261 57 378
0 29 0
0 29 0
15.2124289883261 57 378
0 29 0
0 29 0
15.2124289883261 57 378
0 29 0
3.88570833791786 58 202
0 29 0
0 29 0
0 29 0
0 29 0
0 29 0
0 29 0
0 29 0
0 29 0
7.26552933172344 69 384
0 29 0
17.256708848456 76 529
0 29 0
0 29 0
0.664143651752304 40 55
0 29 0
0 29 0
0 29 0
0 29 0
0 29 0
0 29 0
15.2124289883261 57 378
0 29 0
9.79725413540512 56 351
0 29 0
5.46441843786007 54 300
3.60674315631442 52 253
0 29 0
0 29 0
0 29 0
0 29 0
9.79725413540512 56 351
0 29 0
0 29 0
30.6674847631814 84 729
0 29 0
0 29 0
0 29 0
0 29 0
0 29 0
9.79725413540512 56 351
33.5258078785256 102 862
0 29 0
0 29 0
0 29 0
15.2124289883261 57 378
0 29 0
0 29 0
0.138654384467729 32 3
7.08938347936902 55 325
15.2124289883261 57 378
0 29 0
15.2124289883261 57 378
0 29 0
0 29 0
5.46441843786007 54 300
3.60674315631442 52 253
0 29 0
0 29 0
0 29 0
0 29 0
0 29 0
1.28067862029781 45 120
0 29 0
0 29 0
0 29 0
0 29 0
3.02594289060658 51 231
1.46011893976956 46 136
0 29 0
0 29 0
0 29 0
0 29 0
0 29 0
4.62907048857574 44 49
15.2124289883261 57 378
15.2124289883261 57 378
0 29 0
0 29 0
0 29 0
0 29 0
0 29 0
25.5031124548777 83 703
46.3634679471122 110 1054
0 29 0
0 29 0
0 29 0
0 29 0
0 29 0
0 29 0
0 29 0
0 29 0
0 29 0
0 29 0
17.9171138180248 74 514
15.2124289883261 57 378
0 29 0
0 29 0
0 29 0
15.2124289883261 57 378
22.0955943829884 95 626
0 29 0
0 29 0
0.359739514618602 36 21
1.12497313187995 44 105
0 29 0
0 29 0
7.08938347936902 55 325
0 29 0
0 29 0
0 29 0
0 29 0
0 29 0
14.2139081263662 77 553
9.79725413540512 56 351
39.0372398532377 108 1005
15.2124289883261 57 378
0 29 0
0.298559257520233 35 15
0 29 0
2.75066730699668 38 16
9.79725413540512 56 351
0 29 0
0 29 0
0 29 0
41.5695334636746 123 1078
0 29 0
0 29 0
15.2124289883261 57 378
0 29 0
10.7833561099833 62 366
0 29 0
0 29 0
0 29 0
15.2124289883261 57 378
0 29 0
0 29 0
0 29 0
15.2124289883261 57 378
0 29 0
0.760505021270993 41 66
0 29 0
0 29 0
15.9264841108241 74 484
0 29 0
0 29 0
3.60674315631442 52 253
0 29 0
0 29 0
0 29 0
0 29 0
21.0077827055508 98 780
0 29 0
0.188647401598248 33 6
0 29 0
0 29 0
0 29 0
0 29 0
0 29 0
1.669251374218 47 153
0 29 0
0 29 0
0.867930851916675 42 78
0 29 0
0 29 0
0 29 0
0 29 0
0 29 0
0 29 0
0.867930851916675 42 78
9.79725413540512 56 351
9.79725413540512 56 351
1.12497313187995 44 105
0 29 0
3.60674315631442 52 253
0 29 0
6.03360169619594 62 258
9.79725413540512 56 351
0 29 0
0 29 0
28.1060553261169 102 868
0 29 0
0 29 0
0 29 0
0 29 0
23.4666983941404 93 688
15.2124289883261 57 378
0 29 0
0 29 0
0 29 0
0 29 0
7.08938347936902 55 325
0 29 0
0 29 0
0 29 0
0 29 0
0 29 0
30.6674847631814 84 729
0 29 0
0 29 0
0 29 0
0 29 0
0 29 0
15.2124289883261 57 378
0.934123601386887 41 46
5.92128057611647 50 67
0 29 0
0 29 0
0 29 0
0 29 0
5.46441843786007 54 300
0 29 0
0 29 0
0 29 0
0 29 0
0 29 0
0 29 0
0 29 0
0 29 0
4.38089134062897 53 276
0 29 0
0 29 0
5.46441843786007 54 300
0 29 0
0 29 0
0 29 0
0 29 0
0 29 0
0 29 0
0 29 0
0 29 0
0 29 0
0 29 0
0 29 0
0 29 0
0 29 0
5.46441843786007 54 300
0 29 0
0 29 0
7.08938347936902 55 325
0 29 0
0 29 0
0 29 0
16.4162862350709 62 388
1.46471826170173 34 4
0 29 0
0 29 0
0 29 0
0 29 0
0 29 0
0.359739514618602 36 21
7.08938347936902 55 325
0 29 0
7.08938347936902 55 325
9.79725413540512 56 351
0 29 0
0 29 0
1.91619585331209 48 171
0 29 0
0.760505021270993 41 66
0 29 0
1.28067862029781 45 120
0 29 0
0 29 0
0 29 0
0 29 0
0 29 0
5.46441843786007 54 300
0 29 0
0 29 0
0 29 0
0 29 0
37.7156918866276 108 832
0 29 0
0 29 0
0 29 0
15.2124289883261 57 378
0 29 0
0 29 0
0 29 0
0 29 0
0 29 0
0 29 0
0 29 0
0 29 0
15.2124289883261 57 378
0 29 0
0 29 0
0 29 0
0 29 0
0 29 0
0 29 0
7.08938347936902 55 325
15.2124289883261 57 378
0 29 0
15.2124289883261 57 378
0 29 0
15.2124289883261 57 378
9.79725413540512 56 351
3.60674315631442 52 253
12.902037103253 68 361
0 29 0
3.60674315631442 52 253
7.08938347936902 55 325
0.188647401598248 33 6
1.669251374218 47 153
0 29 0
0 29 0
3.02594289060658 51 231
1.669251374218 47 153
0 29 0
15.2124289883261 57 378
0 29 0
0 29 0
0 29 0
7.08938347936902 55 325
5.46441843786007 54 300
1.46471826170173 34 4
4.38089134062897 53 276
0 29 0
0 29 0
0 29 0
0 29 0
0 29 0
0 29 0
0 29 0
16.9680638393862 80 627
0.498150008177832 38 36
0 29 0
0 29 0
0 29 0
0 29 0
15.2124289883261 57 378
0 29 0
0 29 0
5.46441843786007 54 300
4.38089134062897 53 276
5.46441843786007 54 300
0 29 0
1.91619585331209 48 171
0 29 0
0 29 0
1.91619585331209 48 171
0 29 0
0 29 0
0 29 0
0 29 0
0 29 0
5.46441843786007 54 300
0 29 0
0 29 0
0 29 0
0 29 0
5.46441843786007 54 300
18.9100325734281 78 576
7.08938347936902 55 325
0 29 0
18.4184128680645 76 549
23.8013015180445 101 837
0 29 0
0 29 0
0 29 0
9.79725413540512 56 351
0 29 0
0 29 0
0 29 0
0 29 0
0 29 0
0 29 0
0 29 0
15.2124289883261 57 378
0 29 0
0 29 0
1.28067862029781 45 120
0 29 0
30.6674847631814 84 729
0 29 0
1.12497313187995 44 105
0 29 0
0 29 0
18.9100325734281 78 576
0 29 0
0 29 0
15.2124289883261 57 378
1.91619585331209 48 171
0 29 0
0 29 0
0 29 0
15.2124289883261 57 378
0 29 0
7.08938347936902 55 325
0 29 0
0 29 0
0 29 0
0 29 0
0 29 0
0 29 0
0 29 0
0 29 0
7.08938347936902 55 325
0 29 0
0 29 0
0 29 0
0 29 0
0 29 0
0 29 0
0 29 0
0 29 0
0 29 0
15.2124289883261 57 378
15.2124289883261 57 378
4.38089134062897 53 276
0 29 0
2.21231699672459 49 190
0 29 0
15.2124289883261 57 378
0 29 0
3.80759459317599 60 237
0 29 0
0.298559257520233 35 15
0 29 0
0 29 0
0.138654384467729 32 3
0 29 0
0 29 0
12.80704754604 78 473
15.2124289883261 57 378
0 29 0
0 29 0
9.79725413540512 56 351
0 29 0
7.08938347936902 55 325
0 29 0
10.5050002585348 59 354
0 29 0
0 29 0
9.79725413540512 56 351
1.669251374218 47 153
0 29 0
15.2124289883261 57 378
0 29 0
5.46441843786007 54 300
5.46441843786007 54 300
15.2124289883261 57 378
0 29 0
0 29 0
20.6944607859641 97 743
8.22028849222527 72 447
9.79725413540512 56 351
0 29 0
0 29 0
0 29 0
0 29 0
0 29 0
9.79725413540512 56 351
2.21231699672459 49 190
30.6674847631814 84 729
0 29 0
0 29 0
0 29 0
0 29 0
0 29 0
0 29 0
0.577152023620467 39 45
0 29 0
0 29 0
0 29 0
0 29 0
0 29 0
0 29 0
9.79725413540512 56 351
0 29 0
0 29 0
0 29 0
0 29 0
0 29 0
4.38089134062897 53 276
0 29 0
0 29 0
0 29 0
0 29 0
0.664143651752304 40 55
0 29 0
0 29 0
0 29 0
9.79725413540512 56 351
0 29 0
0 29 0
0 29 0
0 29 0
7.08938347936902 55 325
19.4626175864098 81 651
3.02594289060658 51 231
0 29 0
25.9516054810209 99 786
0 29 0
0 29 0
15.2124289883261 57 378
0 29 0
0.298559257520233 35 15
2.40835969431998 47 76
0 29 0
0 29 0
15.2124289883261 57 378
60.0383940079609 148 1166
0 29 0
0 29 0
0 29 0
4.60251674715378 61 289
3.60674315631442 52 253
7.08938347936902 55 325
0 29 0
7.08938347936902 55 325
0 29 0
0 29 0
15.2124289883261 57 378
4.38089134062897 53 276
0 29 0
15.2124289883261 57 378
4.38089134062897 53 276
0 29 0
2.09353513403069 45 60
0 29 0
0 29 0
0 29 0
15.2124289883261 57 378
15.2124289883261 57 378
0 29 0
35.4081297686493 104 901
0 29 0
0 29 0
0 29 0
0 29 0
7.08938347936902 55 325
0 29 0
15.2124289883261 57 378
0 29 0
15.2124289883261 57 378
7.08938347936902 55 325
0.498150008177832 38 36
0 29 0
4.82870199548759 56 279
0 29 0
0 29 0
0 29 0
0 29 0
0 29 0
1.669251374218 47 153
0 29 0
0.138654384467729 32 3
0 29 0
0 29 0
0 29 0
0 29 0
0 29 0
0 29 0
0 29 0
0 29 0
10.966971154229 64 379
0 29 0
0.138654384467729 32 3
0 29 0
0 29 0
15.2124289883261 57 378
1.99529834810911 39 21
0 29 0
2.35931633066923 53 157
0 29 0
0.188647401598248 33 6
0 29 0
0 29 0
0 29 0
0 29 0
0 29 0
14.4922456225882 78 582
0 29 0
0 29 0
2.57402734843817 50 210
0 29 0
18.3282227336132 85 539
0 29 0
15.2124289883261 57 378
0 29 0
15.2124289883261 57 378
0 29 0
0 29 0
0 29 0
0 29 0
0 29 0
0 29 0
0 29 0
0 29 0
0 29 0
0 29 0
7.21088607161727 61 241
0 29 0
0 29 0
0 29 0
0 29 0
0 29 0
16.2690367873586 79 601
2.57402734843817 50 210
0 29 0
0 29 0
0 29 0
0 29 0
1.28067862029781 45 120
0 29 0
6.60530018146235 69 389
0 29 0
0 29 0
8.10578688488221 63 353
0 29 0
0 29 0
0 29 0
0 29 0
0 29 0
4.38089134062897 53 276
0 29 0
0 29 0
0 29 0
0 29 0
0 29 0
0 29 0
0 29 0
0 29 0
0 29 0
9.79725413540512 56 351
0 29 0
0 29 0
15.2124289883261 57 378
0 29 0
3.76549013439936 60 255
4.02254342525454 55 256
0 29 0
0.577152023620467 39 45
0 29 0
4.38089134062897 53 276
0 29 0
0 29 0
7.08938347936902 55 325
0 29 0
0 29 0
21.1294303204583 80 625
0 29 0
0 29 0
7.08938347936902 55 325
0 29 0
0 29 0
0 29 0
0 29 0
0 29 0
17.3999834322879 71 469
7.43271954304398 69 405
0 29 0
0 29 0
0 29 0
0 29 0
0 29 0
3.02594289060658 51 231
0 29 0
0 29 0
0 29 0
0 29 0
1.94429404227943 50 142
0 29 0
11.3950985046123 68 417
0 29 0
15.2124289883261 57 378
0 29 0
0 29 0
0 29 0
0 29 0
25.5031124548777 83 703
0 29 0
0 29 0
0 29 0
3.02594289060658 51 231
0 29 0
0 29 0
0 29 0
9.79725413540512 56 351
5.04209583112858 65 322
0 29 0
0 29 0
7.08938347936902 55 325
7.08938347936902 55 325
18.9915074936791 88 561
25.5031124548777 83 703
15.2124289883261 57 378
0 29 0
9.79725413540512 56 351
9.05447398399648 67 343
0 29 0
2.21231699672459 49 190
15.2124289883261 57 378
0 29 0
0 29 0
0 29 0
0 29 0
0 29 0
15.2124289883261 57 378
15.2124289883261 57 378
15.2124289883261 57 378
0 29 0
4.91207654584749 57 282
0 29 0
0 29 0
0 29 0
0 29 0
3.02594289060658 51 231
0 29 0
0 29 0
0 29 0
1.28067862029781 45 120
0 29 0
0 29 0
15.2124289883261 57 378
22.9439853627525 82 678
0 29 0
0 29 0
19.6989964269478 79 609
15.2124289883261 57 378
15.2124289883261 57 378
0 29 0
0 29 0
0 29 0
0 29 0
0 29 0
25.5031124548777 83 703
0 29 0
0 29 0
0 29 0
4.38089134062897 53 276
0 29 0
0 29 0
7.08938347936902 55 325
0.359739514618602 36 21
0 29 0
0 29 0
0 29 0
15.2124289883261 57 378
28.1453180382409 100 807
7.08938347936902 55 325
0 29 0
0 29 0
0 29 0
0 29 0
0 29 0
7.08938347936902 55 325
0 29 0
0 29 0
0 29 0
0 29 0
0 29 0
7.08938347936902 55 325
0 29 0
0 29 0
0 29 0
9.79725413540512 56 351
0 29 0
0 29 0
0 29 0
0 29 0
25.5031124548777 83 703
0 29 0
0 29 0
2.57402734843817 50 210
0 29 0
0 29 0
0 29 0
0 29 0
0 29 0
9.79725413540512 56 351
0 29 0
0 29 0
0 29 0
0 29 0
9.52930129405384 72 461
0 29 0
1.12497313187995 44 105
7.08938347936902 55 325
0 29 0
0 29 0
0 29 0
0 29 0
3.60674315631442 52 253
2.21231699672459 49 190
0.188647401598248 33 6
0 29 0
15.2124289883261 57 378
0 29 0
0 29 0
3.37992240959784 40 25
0 29 0
0 29 0
0 29 0
0 29 0
0 29 0
7.08938347936902 55 325
0 29 0
0 29 0
21.7153339860635 73 422
0 29 0
0 29 0
0 29 0
0 29 0
0 29 0
15.2124289883261 57 378
9.79725413540512 56 351
3.60674315631442 52 253
3.02594289060658 51 231
0 29 0
7.08938347936902 55 325
0 29 0
0 29 0
0 29 0
0 29 0
0 29 0
0 29 0
0 29 0
0 29 0
0 29 0
0 29 0
0 29 0
0 29 0
0 29 0
0 29 0
0 29 0
5.54807457811279 60 227
0 29 0
0.988531427557527 43 91
0 29 0
0 29 0
0 29 0
0 29 0
24.4652757551661 88 410
0 29 0
0 29 0
9.79725413540512 56 351
0 29 0
0 29 0
0 29 0
0 29 0
2.21231699672459 49 190
0 29 0
0 29 0
0 29 0
0 29 0
0 29 0
0 29 0
0 29 0
0 29 0
15.2124289883261 57 378
0 29 0
0 29 0
1.91619585331209 48 171
0 29 0
0 29 0
9.79725413540512 56 351
7.08938347936902 55 325
9.79725413540512 56 351
0 29 0
21.0375664276525 87 612
15.2124289883261 57 378
0 29 0
0 29 0
5.04209583112858 65 322
0 29 0
0 29 0
5.72274426573526 60 266
0 29 0
0 29 0
23.8277962591353 92 709
0 29 0
0.988531427557527 43 91
0 29 0
8.22028849222527 72 447
0 29 0
0 29 0
0 29 0
0 29 0
0 29 0
21.4215395197346 81 654
2.35931633066923 53 157
0 29 0
0 29 0
25.5031124548777 83 703
0 29 0
0 29 0
0 29 0
0 29 0
0 29 0
0 29 0
0 29 0
0 29 0
0 29 0
25.0927375489022 91 651
0 29 0
0 29 0
0 29 0
0 29 0
0 29 0
39.0372398532377 108 1005
0 29 0
0 29 0
0 29 0
0.760505021270993 41 66
0 29 0
0 29 0
9.79725413540512 56 351
2.57402734843817 50 210
0 29 0
0 29 0
0 29 0
0 29 0
4.38089134062897 53 276
0 29 0
0.138654384467729 32 3
0 29 0
0 29 0
0 29 0
0 29 0
0 29 0
1.12497313187995 44 105
0 29 0
0 29 0
0 29 0
0 29 0
0 29 0
0 29 0
0 29 0
0 29 0
0 29 0
3.60674315631442 52 253
25.8163488309774 88 663
0 29 0
0 29 0
0 29 0
0 29 0
10.5402076804002 62 256
0 29 0
0 29 0
0 29 0
1.46011893976956 46 136
0 29 0
0 29 0
0 29 0
0 29 0
0 29 0
0 29 0
0 29 0
0 29 0
0 29 0
0 29 0
0 29 0
15.2124289883261 57 378
0 29 0
0 29 0
23.8013015180445 101 837
0 29 0
0 29 0
0 29 0
0 29 0
0 29 0
0 29 0
1.669251374218 47 153
0 29 0
0 29 0
0 29 0
0 29 0
7.79987078536894 54 144
0.425997766618223 37 28
0 29 0
0 29 0
0 29 0
9.79725413540512 56 351
0 29 0
0 29 0
0 29 0
0 29 0
0 29 0
15.2124289883261 57 378
0 29 0
0 29 0
0 29 0
0 29 0
0 29 0
0 29 0
0 29 0
15.9264841108241 74 484
0 29 0
0 29 0
0 29 0
3.02594289060658 51 231
0 29 0
0 29 0
0 29 0
0 29 0
0 29 0
0 29 0
0.138654384467729 32 3
0.0911230254975732 31 1
0 29 0
0 29 0
0 29 0
0 29 0
0 29 0
0 29 0
9.79725413540512 56 351
4.38089134062897 53 276
0 29 0
0 29 0
0 29 0
0 29 0
0 29 0
0 29 0
2.57402734843817 50 210
40.9947844356542 117 987
2.75066730699668 38 16
0 29 0
0 29 0
0 29 0
0 29 0
15.2124289883261 57 378
7.08938347936902 55 325
0 29 0
0 29 0
0.760505021270993 41 66
0 29 0
0 29 0
0 29 0
0 29 0
0 29 0
9.39193569306868 72 443
36.6315855403224 117 931
0 29 0
0 29 0
0 29 0
0 29 0
0 29 0
0 29 0
22.9439853627525 82 678
0 29 0
0 29 0
0 29 0
0 29 0
0 29 0
9.79725413540512 56 351
9.79725413540512 56 351
0 29 0
1.12373950989006 42 48
0.188647401598248 33 6
9.79725413540512 56 351
0 29 0
0 29 0
0 29 0
0 29 0
0 29 0
4.38089134062897 53 276
0 29 0
15.2124289883261 57 378
9.79725413540512 56 351
12.5277873034034 74 504
0.138654384467729 32 3
0 29 0
0 29 0
0 29 0
0 29 0
15.2124289883261 57 378
0 29 0
0 29 0
0 29 0
7.78259765012296 63 273
15.2124289883261 57 378
0 29 0
0 29 0
0 29 0
0 29 0
0.664143651752304 40 55
0 29 0
17.256708848456 76 529
0 29 0
0.298559257520233 35 15
0 29 0
3.60674315631442 52 253
7.08938347936902 55 325
14.4224561403754 72 408
0 29 0
0 29 0
0 29 0
0 29 0
26.0306481075056 85 679
0 29 0
0 29 0
0.498150008177832 38 36
0 29 0
0 29 0
0 29 0
0 29 0
0 29 0
0 29 0
5.20494624610766 65 315
0 29 0
0 29 0
0 29 0
0 29 0
0 29 0
0 29 0
0 29 0
0 29 0
0 29 0
0 29 0
7.08938347936902 55 325
0 29 0
0 29 0
0 29 0
0 29 0
0 29 0
0 29 0
0 29 0
0 29 0
0 29 0
0 29 0
30.4744224990295 103 880
9.79725413540512 56 351
0 29 0
15.2124289883261 57 378
0 29 0
0 29 0
0 29 0
15.2124289883261 57 378
0 29 0
9.79725413540512 56 351
11.6165385566047 78 518
15.2124289883261 57 378
0 29 0
0 29 0
22.1401492117313 95 700
0 29 0
0 29 0
0 29 0
2.86919608916082 52 211
0 29 0
21.8960771129473 93 717
0 29 0
5.39014310274992 66 336
0 29 0
0 29 0
0 29 0
0 29 0
0 29 0
0 29 0
15.2124289883261 57 378
0 29 0
0 29 0
0 29 0
0 29 0
0 29 0
0 29 0
15.2124289883261 57 378
15.2124289883261 57 378
3.02594289060658 51 231
15.2124289883261 57 378
0 29 0
0 29 0
3.60674315631442 52 253
0 29 0
0 29 0
0 29 0
0 29 0
0 29 0
0 29 0
0 29 0
2.57402734843817 50 210
0 29 0
19.6989964269478 79 609
15.2124289883261 57 378
0 29 0
7.08938347936902 55 325
0 29 0
0 29 0
0.425997766618223 37 28
5.46441843786007 54 300
0 29 0
0 29 0
0 29 0
0 29 0
3.60674315631442 52 253
0 29 0
9.79725413540512 56 351
21.1294303204583 80 625
16.9181258753374 67 423
0 29 0
7.79987078536894 54 144
0 29 0
0 29 0
0 29 0
0 29 0
4.38089134062897 53 276
0 29 0
7.08938347936902 55 325
0 29 0
0 29 0
0.138654384467729 32 3
0 29 0
5.17717137870886 60 297
0 29 0
0 29 0
0 29 0
0 29 0
0 29 0
0 29 0
0 29 0
2.57402734843817 50 210
0 29 0
0 29 0
0 29 0
0 29 0
1.669251374218 47 153
0 29 0
0 29 0
0 29 0
0 29 0
21.1294303204583 80 625
0 29 0
0 29 0
0 29 0
0 29 0
18.9100325734281 78 576
19.6989964269478 79 609
15.2124289883261 57 378
0 29 0
0 29 0
0 29 0
0 29 0
0 29 0
8.01299514267984 62 346
0 29 0
9.79725413540512 56 351
4.38089134062897 53 276
0 29 0
0 29 0
0 29 0
0 29 0
0 29 0
13.6717321673735 80 427
0 29 0
2.57402734843817 50 210
15.2124289883261 57 378
0 29 0
0 29 0
4.38089134062897 53 276
0 29 0
0 29 0
0 29 0
0 29 0
0 29 0
5.16873711387768 53 133
0 29 0
0 29 0
0 29 0
0 29 0
0 29 0
0 29 0
0 29 0
0 29 0
2.57402734843817 50 210
0 29 0
2.21231699672459 49 190
0 29 0
0 29 0
0 29 0
0 29 0
0 29 0
7.15215214149277 52 121
30.6674847631814 84 729
39.0359597165762 111 802
24.4817598358741 82 676
0 29 0
28.4804164305963 95 694
0 29 0
0 29 0
0 29 0
1.28067862029781 45 120
0 29 0
0 29 0
0 29 0
0 29 0
0 29 0
0 29 0
0 29 0
0 29 0
0 29 0
15.2124289883261 57 378
0 29 0
0 29 0
7.08938347936902 55 325
15.2124289883261 57 378
16.517852232147 63 393
0 29 0
0 29 0
0 29 0
0 29 0
0 29 0
24.4817598358741 82 676
0 29 0
0 29 0
1.28067862029781 45 120
0 29 0
0 29 0
0 29 0
0.498150008177832 38 36
0 29 0
20.4141791530434 80 631
0 29 0
5.21643474556835 64 295
1.28067862029781 45 120
0 29 0
0 29 0
0 29 0
15.2124289883261 57 378
1.88137790766456 47 81
0 29 0
0 29 0
0 29 0
0 29 0
0 29 0
0 29 0
6.21598953857058 60 315
0 29 0
15.2124289883261 57 378
0 29 0
0 29 0
0 29 0
0 29 0
0 29 0
0 29 0
0 29 0
0 29 0
15.2124289883261 57 378
0 29 0
0 29 0
0 29 0
1.28067862029781 45 120
3.02594289060658 51 231
0 29 0
0 29 0
0 29 0
0 29 0
15.2124289883261 57 378
0 29 0
0 29 0
15.2124289883261 57 378
0 29 0
0 29 0
0 29 0
3.60674315631442 52 253
15.2124289883261 57 378
0.760505021270993 41 66
15.2124289883261 57 378
0 29 0
0 29 0
0 29 0
0 29 0
4.00518356391313 42 36
0 29 0
0.0911230254975732 31 1
2.21231699672459 49 190
0 29 0
0 29 0
1.91619585331209 48 171
0 29 0
0 29 0
2.21231699672459 49 190
15.2124289883261 57 378
4.38089134062897 53 276
0 29 0
0 29 0
0 29 0
0 29 0
15.2124289883261 57 378
0 29 0
15.2124289883261 57 378
2.57402734843817 50 210
46.3634679471122 110 1054
12.1350134818424 75 271
0 29 0
0 29 0
0 29 0
0 29 0
0.867930851916675 42 78
0 29 0
0.359739514618602 36 21
4.38089134062897 53 276
16.2690367873586 79 601
0 29 0
0 29 0
0 29 0
0 29 0
0 29 0
3.02594289060658 51 231
0 29 0
0 29 0
0 29 0
0 29 0
0 29 0
0 29 0
30.6674847631814 84 729
8.01299514267984 62 346
13.78954872443 77 561
0 29 0
0 29 0
0 29 0
0 29 0
7.08938347936902 55 325
0 29 0
16.9680638393862 80 627
0 29 0
0 29 0
21.6483520492685 72 427
15.2124289883261 57 378
0 29 0
0 29 0
0 29 0
0 29 0
0 29 0
15.2124289883261 57 378
0 29 0
2.21231699672459 49 190
12.0684592639033 66 324
0 29 0
0 29 0
0 29 0
3.60674315631442 52 253
16.9680638393862 80 627
0 29 0
0 29 0
0 29 0
0 29 0
19.6989964269478 79 609
0 29 0
1.669251374218 47 153
0 29 0
0 29 0
9.79725413540512 56 351
0 29 0
0 29 0
0 29 0
0 29 0
14.4922456225882 78 582
0 29 0
0 29 0
0 29 0
0 29 0
15.2124289883261 57 378
0 29 0
0 29 0
0 29 0
0 29 0
2.37787354349824 53 168
0 29 0
0 29 0
0 29 0
4.38089134062897 53 276
0 29 0
0 29 0
4.38089134062897 53 276
9.79725413540512 56 351
0 29 0
0.760505021270993 41 66
0 29 0
0 29 0
7.08938347936902 55 325
0 29 0
0 29 0
0 29 0
0 29 0
0.988531427557527 43 91
9.79725413540512 56 351
7.08938347936902 55 325
0 29 0
0 29 0
0 29 0
0 29 0
15.2124289883261 57 378
15.2124289883261 57 378
0 29 0
0 29 0
0 29 0
0 29 0
0 29 0
0 29 0
0 29 0
0 29 0
0 29 0
0 29 0
0.988531427557527 43 91
0 29 0
0 29 0
0 29 0
0 29 0
9.79725413540512 56 351
9.79725413540512 56 351
15.2124289883261 57 378
0 29 0
0.760505021270993 41 66
5.46441843786007 54 300
0 29 0
0 29 0
7.08938347936902 55 325
0 29 0
0 29 0
9.79725413540512 56 351
7.08938347936902 55 325
0 29 0
0 29 0
0 29 0
0 29 0
0 29 0
1.669251374218 47 153
0 29 0
0 29 0
0 29 0
0 29 0
0 29 0
0 29 0
0 29 0
15.2124289883261 57 378
0 29 0
0 29 0
0 29 0
15.2124289883261 57 378
0 29 0
0 29 0
0 29 0
0 29 0
4.38089134062897 53 276
0 29 0
5.46441843786007 54 300
0 29 0
0 29 0
0 29 0
9.79725413540512 56 351
5.46441843786007 54 300
0 29 0
0 29 0
15.2124289883261 57 378
0 29 0
15.2124289883261 57 378
15.2124289883261 57 378
0 29 0
11.0636883705331 65 387
0 29 0
0 29 0
7.08938347936902 55 325
0 29 0
0 29 0
0 29 0
13.78954872443 77 561
4.66186745068163 56 171
0 29 0
0 29 0
0 29 0
16.2690367873586 79 601
5.46441843786007 54 300
0 29 0
0 29 0
0 29 0
0 29 0
0 29 0
30.6674847631814 84 729
0 29 0
0 29 0
0 29 0
21.4215395197346 81 654
0 29 0
0 29 0
9.79725413540512 56 351
0 29 0
