"COLLES.MDM.LN" "SACKIN" "COPHENETIC"
10.8293113330002 62 435
48.4882612600671 132 1225
33.7636563559666 93 900
0 32 0
0 32 0
18.8024542680416 77 556
33.7636563559666 93 900
39.7677815633955 126 1102
0 32 0
35.5779511564122 96 903
64.0635034196788 175 1393
16.7590200888783 63 465
0 32 0
16.7590200888783 63 465
33.7636563559666 93 900
29.180556286621 126 1103
17.9824482661623 90 584
9.25836671122635 72 409
0 32 0
7.86422330711981 61 406
7.86422330711981 61 406
0 32 0
67.1508553962234 168 1807
0 32 0
0 32 0
16.7590200888783 63 465
0 32 0
11.62854118849 69 324
21.4356081106319 88 377
1.93052051132863 53 210
0 32 0
33.7636563559666 93 900
0 32 0
0 32 0
47.6512276513638 138 1404
12.7966659330675 78 555
40.4033685384257 128 1141
5.69829501473162 64 269
38.6542487193013 133 1277
35.7305959624015 130 1162
2.52472020942009 55 253
33.7636563559666 93 900
15.8364331774853 72 166
66.8607137371165 170 1514
0 32 0
13.3455944553064 81 606
33.8751923511434 115 1116
0 32 0
17.7293728176791 66 468
3.41526152366254 57 300
1.05467651083349 48 120
71.994235371202 175 1808
10.8293113330002 62 435
18.6691915116537 102 840
0.832447517943181 46 91
0 32 0
4.05107627392515 58 325
20.2960461111163 85 696
16.7590200888783 63 465
0.435881257155603 41 36
1.70178230517276 52 190
17.3561463735038 102 808
45.5858680397976 121 1278
44.4857412779172 136 1216
0 32 0
0 32 0
23.3169214193138 103 809
0 32 0
25.1462238218946 92 425
33.5708753069237 114 1030
35.8176166413832 112 1041
54.0946801255459 146 978
0 32 0
0 32 0
0 32 0
44.3647483567877 146 1339
57.1365006341594 156 1495
33.7636563559666 93 900
28.4307754225114 127 1132
2.92059422708598 56 276
30.6198220067736 109 994
1.60350291358511 43 27
51.0125069136169 122 1306
71.4775284871339 192 1840
10.8293113330002 62 435
21.701206539807 88 765
53.3827441322719 124 1307
20.6252034385845 80 535
12.1141826886261 72 261
4.57561867428111 54 111
34.1283673844928 116 1147
41.2225142500425 131 932
33.7636563559666 93 900
87.0683260462543 187 1252
0 32 0
28.2452744646403 116 688
0 32 0
23.5805612022524 99 780
21.1143179601591 87 741
36.1084184600113 124 1025
16.7590200888783 63 465
2.92059422708598 56 276
60.5299889357086 164 1511
27.7755566852934 120 973
46.8939352514972 156 1519
31.3636854048368 112 1029
0 32 0
39.2911477217013 116 1135
0 32 0
10.8293113330002 62 435
14.7404308590622 85 446
21.1525944147943 72 481
18.4933796350136 74 520
14.2459581127349 84 666
0 32 0
12.9551744157609 79 571
16.049520154812 87 735
50.4013848815363 142 1472
0 32 0
16.7590200888783 63 465
0 32 0
0 32 0
0 32 0
38.0288189772554 113 1090
21.0354798927744 83 331
21.1143179601591 87 741
6.08497159533043 60 378
0 32 0
24.7699987271966 101 796
7.34826901300743 77 490
35.8176166413832 112 1041
28.0859118807137 92 871
53.6324600511755 144 1110
0 32 0
0 32 0
24.4879531347625 78 502
12.3095600309744 74 501
3.95643674002809 45 36
0 32 0
0 32 0
32.0451043252595 107 901
0 32 0
43.5431628017903 119 1219
0.16913215315705 36 6
4.89862706770256 59 351
42.8766697649786 146 1316
0 32 0
0.0823046681913565 34 1
16.7590200888783 63 465
16.7590200888783 63 465
0 32 0
81.8998264680967 192 2085
0 32 0
23.4565046609721 89 784
0 32 0
28.7399802098983 101 760
68.9774968695556 170 1283
7.86422330711981 61 406
15.8727517654463 86 703
40.4056089892445 138 1144
0 32 0
12.3567386624754 71 361
29.5953616978353 102 896
71.5146771635188 174 1690
54.3170975673744 141 1441
57.6795819243466 155 1462
21.9775854057466 86 460
5.01193287823878 66 276
0 32 0
27.06455926171 91 841
27.7940073983874 109 710
0 32 0
1.18634663856277 49 136
0.573578608331536 43 55
39.2819473147562 119 1222
41.0181171411396 134 1183
28.0859118807137 92 871
45.8236102207535 132 952
27.9762748156232 120 1061
28.0156740146271 115 932
19.330263397306 85 676
0 32 0
86.2366295851987 177 2035
0 32 0
21.0845226271372 87 729
0.937477609899956 47 105
51.0125069136169 122 1306
45.3833636470494 134 1314
16.7590200888783 63 465
0 32 0
27.4557157136631 131 1033
0 32 0
0 32 0
0 32 0
29.4785578276502 116 975
20.1334212744072 107 909
76.6874497068694 173 1937
0 32 0
30.2807436156439 100 899
51.0125069136169 122 1306
0 32 0
66.4737896081735 173 1649
42.5097642549472 138 1252
12.4149927956545 75 513
31.5532971678309 126 1102
0.737741224129173 45 78
48.7277537053534 148 1380
0 32 0
4.89862706770256 59 351
16.7590200888783 63 465
32.1304897381024 123 954
46.4763916600553 142 1170
7.86422330711981 61 406
10.8293113330002 62 435
1.50558245617379 51 171
41.1057027639955 118 1194
51.9832389647617 143 1496
16.7590200888783 63 465
0 32 0
0 32 0
17.941513824726 68 475
0.737741224129173 45 78
0.215842563506638 37 10
0 32 0
40.5901407231341 136 933
20.6594208101012 86 718
0 32 0
16.7590200888783 63 465
97.794051772782 193 1444
3.34700100070928 53 102
0 32 0
0 32 0
0 32 0
8.50582741004468 70 343
4.89862706770256 59 351
16.7590200888783 63 465
0 32 0
27.06455926171 91 841
55.1482647160533 157 1553
15.8727517654463 86 703
6.08497159533043 60 378
33.7636563559666 93 900
16.7590200888783 63 465
0 32 0
49.8468608107544 145 1031
0 32 0
33.7636563559666 93 900
0 32 0
8.25376983809435 71 243
0 32 0
16.037738833122 85 446
0 32 0
10.8293113330002 62 435
10.8293113330002 62 435
0 32 0
48.2652671959525 139 1400
0 32 0
21.7717686218694 97 600
0 32 0
0 32 0
16.7590200888783 63 465
28.0859118807137 92 871
0 32 0
55.2307998695524 145 1547
99.2899444358694 218 2141
0 32 0
0.937477609899956 47 105
21.701206539807 88 765
72.0592225162995 173 1573
18.7801388841438 89 786
18.6930591441179 76 543
16.7590200888783 63 465
0 32 0
38.2605946957525 118 1192
41.8354580287596 131 1206
0 32 0
4.89862706770256 59 351
16.7590200888783 63 465
10.6104012250488 85 464
0 32 0
25.2588694793016 95 799
27.06455926171 91 841
0 32 0
36.2404026357361 126 1072
18.4970035048368 63 84
20.8103880467034 102 572
20.5593425838665 103 632
94.6175223484848 215 2052
4.89862706770256 59 351
0 32 0
21.0845226271372 87 729
4.31760461542502 69 344
0 32 0
16.7590200888783 63 465
9.42503230882998 75 497
0 32 0
14.896777237971 78 424
0.16913215315705 36 6
8.01458305138021 79 541
47.7048315168258 123 1279
7.86422330711981 61 406
24.3560769736318 104 865
25.2710597032663 91 843
3.41526152366254 57 300
16.7590200888783 63 465
6.08497159533043 60 378
0 32 0
0 32 0
0.215842563506638 37 10
56.8533703556692 158 1250
0 32 0
0 32 0
0 32 0
27.06455926171 91 841
0.318231109085686 39 21
20.3316289946961 81 553
0 32 0
0 32 0
0 32 0
33.7636563559666 93 900
0 32 0
36.3253409435101 113 1054
16.7590200888783 63 465
21.9254417075837 94 612
83.4382883268742 188 2018
1.05467651083349 48 120
0 32 0
29.9747920186039 113 1069
41.1057027639955 118 1194
85.4373763020763 192 2080
5.89947123464526 58 117
0 32 0
0 32 0
25.2710597032663 91 843
0 32 0
51.0125069136169 122 1306
28.0859118807137 92 871
4.52068708952333 62 331
11.7824550104814 68 450
15.7123395813375 79 529
10.8293113330002 62 435
6.92780549374849 74 424
62.3062147675656 148 1629
45.5858680397976 121 1278
32.3638380544357 113 1066
28.0859118807137 92 871
6.08497159533043 60 378
0 32 0
16.7590200888783 63 465
16.7590200888783 63 465
56.5387997271056 142 1496
29.824022656655 112 1031
2.92059422708598 56 276
20.7866644675452 107 913
45.2484835143651 136 1353
33.7636563559666 93 900
46.5007378658954 136 1319
2.52472020942009 55 253
17.4786456769977 82 394
0 32 0
92.6290051852929 204 2090
0 32 0
33.7636563559666 93 900
36.2555921560089 131 1201
0 32 0
0 32 0
13.8879040942688 91 458
1.44581867122816 37 4
5.67061120586671 65 258
1.18634663856277 49 136
0 32 0
43.6054435800932 131 938
0.832447517943181 46 91
2.92059422708598 56 276
26.922623023684 117 900
0 32 0
0 32 0
28.0859118807137 92 871
38.8871823545809 134 1260
7.86422330711981 61 406
0 32 0
0 32 0
55.3664349619302 142 1460
19.9985101356135 84 675
21.0845226271372 87 729
74.8897509713216 175 1584
23.8504795071016 105 866
31.6535170511224 135 915
17.6047375135974 65 466
50.6221326546945 140 1449
123.840117878527 231 1935
106.27361001881 216 2116
20.4705961640215 73 486
0 32 0
55.5519474331033 123 1000
0 32 0
16.7590200888783 63 465
25.6475799535051 123 1025
0 32 0
28.03678072596 106 881
0 32 0
0.737741224129173 45 78
0 32 0
0.651861446803709 44 66
16.7590200888783 63 465
10.8293113330002 62 435
33.6526345416966 101 651
63.3275673865693 149 1657
0 32 0
0 32 0
34.2152369256657 130 998
0 32 0
16.7590200888783 63 465
8.28826851479255 59 169
72.0777323610852 181 1578
33.7636563559666 93 900
1.50558245617379 51 171
41.8354580287596 131 1206
0 32 0
18.0811118321161 88 757
13.8863868163786 83 645
0 32 0
1.05467651083349 48 120
54.2094472505487 144 1517
60.2635095295583 146 1570
10.8293113330002 62 435
5.18278358194766 49 64
51.0125069136169 122 1306
0 32 0
65.5740165185544 182 1673
26.9035262997963 97 800
0 32 0
10.8293113330002 62 435
1.3354010993744 50 153
0 32 0
33.7636563559666 93 900
77.2437390485046 193 1895
77.6605868490991 199 1968
16.7590200888783 63 465
117.017326644013 240 2221
0 32 0
39.2911477217013 116 1135
0 32 0
2.08890705564402 39 9
18.6360758811787 82 294
40.2723711513625 124 964
10.8293113330002 62 435
8.92869295128536 61 196
0 32 0
0 32 0
0.0823046681913565 34 1
16.7590200888783 63 465
7.42137816570966 66 273
90.8948124176712 193 2125
8.01458305138021 79 541
43.0919827330819 138 1322
0.435881257155603 41 36
16.7590200888783 63 465
5.7041679079784 69 236
25.422488495609 103 849
79.7570484308234 195 1883
20.2420424601017 97 682
0 32 0
0 32 0
0 32 0
0 32 0
19.3171524742033 71 481
20.2960461111163 85 696
1.44581867122816 37 4
106.489641374356 213 1854
28.0859118807137 92 871
16.7590200888783 63 465
23.1074293801473 114 906
58.3237540487663 157 1535
0 32 0
18.7801388841438 89 786
24.9364734905814 112 779
27.06455926171 91 841
16.7590200888783 63 465
21.8325808253518 93 660
30.7798197893467 131 1105
0 32 0
36.3253409435101 113 1054
23.7896827731254 80 529
61.6172903594378 160 1474
51.0125069136169 122 1306
105.894154496449 228 2418
3.41526152366254 57 300
0 32 0
25.9977260956106 108 935
10.8293113330002 62 435
51.5784633690691 146 1232
16.7590200888783 63 465
34.8221667329296 123 997
45.4874941130079 137 1345
0 32 0
0 32 0
36.6798563022088 118 1196
0 32 0
5.14668350445258 72 396
60.9009581433625 160 1585
14.3844002623152 75 289
5.58398653947246 72 416
21.701206539807 88 765
0 32 0
0 32 0
10.1071019541977 56 85
25.0730518586015 84 565
16.7590200888783 63 465
4.59733414176404 70 367
2.92059422708598 56 276
1.3354010993744 50 153
0 32 0
0 32 0
0 32 0
0 32 0
0 32 0
44.5230670168325 152 1167
8.90499908509733 70 442
0 32 0
7.86422330711981 61 406
109.798031697919 211 1573
0 32 0
27.5047759478495 84 520
0 32 0
84.7459604024388 170 1745
13.1131705871309 86 552
38.6341426674257 115 1131
0 32 0
0 32 0
4.84497497010976 71 381
9.89830504243537 77 343
3.09614858079385 52 73
0 32 0
2.20068573862297 54 231
18.9206949492605 78 570
26.505955177332 109 960
9.84819782337931 74 328
113.676796952353 224 2215
0 32 0
28.0859118807137 92 871
0 32 0
4.89862706770256 59 351
0 32 0
9.69093272701405 79 531
18.5905846942058 75 531
56.9249166975483 158 1499
38.1767984962067 128 881
0 32 0
31.3636854048368 112 1029
16.7590200888783 63 465
43.8912110788256 119 834
51.0125069136169 122 1306
33.7636563559666 93 900
10.8293113330002 62 435
0 32 0
16.7590200888783 63 465
0 32 0
61.3500006151804 145 886
0 32 0
0 32 0
18.0811118321161 88 757
16.7590200888783 63 465
27.0075144846639 90 634
18.43000903613 85 497
77.9828452022543 178 1537
3.41526152366254 57 300
4.89862706770256 59 351
0 32 0
0 32 0
7.86422330711981 61 406
0 32 0
40.5338036134922 125 1145
0 32 0
5.02436301596072 56 133
36.4199224795411 102 936
0 32 0
0 32 0
0 32 0
6.68018531518018 76 471
13.0516421704583 82 601
56.6589607398635 156 1214
0 32 0
16.7590200888783 63 465
8.66125181358508 67 421
10.8293113330002 62 435
4.05107627392515 58 325
33.7636563559666 93 900
1.93052051132863 53 210
13.5918303865962 82 625
0 32 0
64.9337521754969 176 1540
7.86422330711981 61 406
2.92059422708598 56 276
0.937477609899956 47 105
27.6200593668131 106 666
26.2106195655508 103 875
0 32 0
0 32 0
21.9775854057466 86 460
49.1402278853156 129 959
51.0125069136169 122 1306
0 32 0
29.3556324241477 124 837
0 32 0
39.8287295413014 102 916
0 32 0
27.534231279079 109 974
5.76936376787424 64 235
102.407333470182 212 1996
0 32 0
16.7590200888783 63 465
43.5431628017903 119 1219
4.89862706770256 59 351
0 32 0
55.2307998695524 145 1547
59.3401114599875 147 1606
9.26341807169848 81 582
16.7590200888783 63 465
25.2873473455326 120 941
9.58000682393086 63 225
10.8293113330002 62 435
4.09110962751174 41 10
128.820241660388 232 1992
0 32 0
25.2710597032663 91 843
6.08497159533043 60 378
0 32 0
16.7590200888783 63 465
53.0547117241919 115 669
0 32 0
31.0582832122219 124 1059
0 32 0
9.04295592178783 74 334
16.7590200888783 63 465
47.966855812485 129 1285
10.8293113330002 62 435
0 32 0
0 32 0
32.9293660736096 126 984
86.2366295851987 177 2035
38.620290749831 121 1001
23.4565046609721 89 784
55.8918420600493 139 1442
0 32 0
0 32 0
1.50558245617379 51 171
0 32 0
0 32 0
0 32 0
0 32 0
125.478610842243 243 2717
33.7636563559666 93 900
64.1926320293162 175 1420
16.7590200888783 63 465
0 32 0
10.8293113330002 62 435
27.06455926171 91 841
17.9286942236834 83 625
0 32 0
1.70178230517276 52 190
16.7590200888783 63 465
0 32 0
43.5431628017903 119 1219
1.51417028195445 48 65
16.7590200888783 63 465
0 32 0
25.1050998013492 97 624
0 32 0
10.8293113330002 62 435
0 32 0
0.16913215315705 36 6
40.6110909514724 124 1057
10.8293113330002 62 435
0 32 0
10.8293113330002 62 435
6.08497159533043 60 378
0 32 0
78.9387064508308 175 1984
16.7590200888783 63 465
0 32 0
0 32 0
43.5431628017903 119 1219
28.0859118807137 92 871
23.1045003721466 112 849
0 32 0
0 32 0
0 32 0
0 32 0
10.8293113330002 62 435
63.9717877685012 153 1471
16.7590200888783 63 465
49.4696568704398 140 1409
27.06455926171 91 841
0 32 0
29.0174621236385 112 1047
0 32 0
0 32 0
55.3664349619302 142 1460
26.3137777788405 109 855
0 32 0
60.2840952900919 165 1421
58.5029245152072 156 1549
45.5858680397976 121 1278
16.7590200888783 63 465
33.7636563559666 93 900
0 32 0
6.08497159533043 60 378
0 32 0
0 32 0
65.4239581503078 168 1472
16.7590200888783 63 465
20.2960461111163 85 696
0 32 0
0 32 0
0 32 0
2.92059422708598 56 276
21.9775854057466 86 460
0 32 0
113.51061732705 230 1799
64.7581215619938 157 1525
15.4049750691266 87 731
0 32 0
0 32 0
108.606704387256 222 2036
16.7590200888783 63 465
16.7590200888783 63 465
0 32 0
1.50558245617379 51 171
33.7636563559666 93 900
0 32 0
0 32 0
27.06455926171 91 841
20.6594208101012 86 718
2.20068573862297 54 231
16.7590200888783 63 465
0 32 0
9.47383542824165 52 45
29.9606826031097 105 932
17.6047375135974 65 466
41.1379369216883 149 1262
0 32 0
78.9387064508308 175 1984
40.4591121606554 136 1326
25.8739886328583 95 631
12.4443288741368 62 136
0 32 0
28.0859118807137 92 871
18.9945245256185 102 788
56.565300633601 162 1373
0 32 0
25.4877923041937 97 812
0 32 0
14.284990824755 84 651
0 32 0
1.05467651083349 48 120
33.687061438662 108 949
42.9202578062897 120 1251
0 32 0
31.4262592397662 114 1092
0 32 0
33.7636563559666 93 900
23.9327922328157 88 601
0 32 0
0 32 0
47.0929026330798 137 1330
10.8293113330002 62 435
63.0902824017749 168 1388
34.1283673844928 116 1147
28.0859118807137 92 871
28.0859118807137 92 871
33.7636563559666 93 900
0 32 0
0 32 0
26.8383976663758 108 929
16.7590200888783 63 465
1.18634663856277 49 136
96.464931200572 199 2254
22.9090043113779 98 401
0 32 0
57.0770671367587 159 1134
2.99193241218002 51 83
24.7368683883408 100 845
0 32 0
0 32 0
55.2307998695524 145 1544
60.4241596742264 168 1332
44.1861577930928 156 1332
14.289168144422 76 403
10.9380567668852 91 615
20.6594208101012 86 718
0.501871324887362 42 45
48.7726504820022 143 1307
17.1422433274718 91 455
25.8576188217849 103 807
26.8323149106358 95 383
0 32 0
20.2960461111163 85 696
0 32 0
0 32 0
0 32 0
107.707908208987 234 2275
81.8840735223719 174 1223
17.1731128903388 90 351
0 32 0
0 32 0
16.7590200888783 63 465
14.3896430359036 73 262
25.2710597032663 91 843
19.4174420859352 103 827
10.8293113330002 62 435
0 32 0
16.7590200888783 63 465
16.7590200888783 63 465
10.8293113330002 62 435
0.435881257155603 41 36
16.7590200888783 63 465
4.93368834569192 70 287
0 32 0
21.1143179601591 87 741
16.7590200888783 63 465
4.05107627392515 58 325
0 32 0
21.531128111311 90 813
23.4565046609721 89 784
0 32 0
26.4604368330407 105 921
0 32 0
16.7590200888783 63 465
18.0370712097687 69 480
44.4150555693903 119 806
19.3545465579551 81 618
16.7590200888783 63 465
0.318231109085686 39 21
7.5115318773349 61 115
7.18763418889209 64 263
23.4565046609721 89 784
16.037738833122 85 446
16.7590200888783 63 465
0 32 0
0 32 0
0 32 0
16.049520154812 87 735
0 32 0
0 32 0
0 32 0
11.7228575731467 84 654
19.7497276723324 83 655
99.0262259784213 207 2013
30.3385922525032 113 754
1.20268758182028 49 106
21.0845226271372 87 729
0 32 0
0 32 0
23.4565046609721 89 784
0 32 0
58.4295801876261 165 1331
0 32 0
28.0859118807137 92 871
0 32 0
0 32 0
10.8293113330002 62 435
23.8958594675635 101 832
21.0845226271372 87 729
5.84073933481027 53 67
52.4440901195436 144 1531
21.0426105510453 105 878
0 32 0
0 32 0
0 32 0
10.8293113330002 62 435
0 32 0
104.068176080006 218 1803
19.3545465579551 81 618
0.651861446803709 44 66
0 32 0
20.3101656303519 95 691
21.0845226271372 87 729
1.18634663856277 49 136
7.34826901300743 77 490
1.50558245617379 51 171
7.50290696724567 78 515
36.9366789388899 120 929
8.22718205900715 68 367
0 32 0
53.1880946315451 143 1489
16.7590200888783 63 465
20.6594208101012 86 718
22.3724492366538 121 1001
0 32 0
2.52472020942009 55 253
7.86422330711981 61 406
0 32 0
21.2638833186963 114 857
16.7590200888783 63 465
17.1385486820492 88 760
50.5841183018149 137 1281
51.4227375005399 143 1502
0.16913215315705 36 6
20.2960461111163 85 696
20.2960461111163 85 696
23.4565046609721 89 784
28.0859118807137 92 871
16.7590200888783 63 465
51.0125069136169 122 1306
16.7590200888783 63 465
0 32 0
0.937477609899956 47 105
16.7590200888783 63 465
0 32 0
0 32 0
1.18634663856277 49 136
16.7590200888783 63 465
0 32 0
0 32 0
4.91070864618571 69 299
0 32 0
43.7174769859782 138 1358
6.08497159533043 60 378
31.2750619282944 123 830
34.0519420355462 122 759
18.9206949492605 78 570
2.00738939082196 48 60
73.166673167353 173 1685
27.06455926171 91 841
10.9263058372312 67 289
58.9955450465187 146 1576
28.1850151308446 108 927
4.05107627392515 58 325
58.9469780312393 167 1436
25.2710597032663 91 843
73.941502066758 141 840
0 32 0
55.3664349619302 142 1460
4.89862706770256 59 351
16.7590200888783 63 465
84.8399202874674 197 2024
0 32 0
33.7636563559666 93 900
5.02436301596072 56 133
0 32 0
6.41217865376564 53 100
68.4400874140713 163 1554
0 32 0
60.2635095295583 146 1570
0 32 0
30.8654007058455 110 862
25.7480950715608 78 496
39.050775578543 116 1153
2.08890705564402 39 9
0 32 0
37.2392420767489 117 1164
0 32 0
45.5568565016243 149 1329
17.1701836274447 98 606
106.544812517294 219 2432
0 32 0
16.7472731166001 81 576
45.7166888766723 149 1433
16.7590200888783 63 465
20.0904885643851 109 724
35.6286944422433 108 752
21.0845226271372 87 729
13.921094963415 75 441
7.86422330711981 61 406
12.8603889974501 70 176
14.6956179150424 85 688
0 32 0
0 32 0
46.5007378658954 136 1319
0 32 0
0 32 0
0 32 0
47.0929026330798 137 1330
15.7870176217281 100 783
17.7293728176791 66 468
16.7590200888783 63 465
15.8727517654463 86 703
128.276430927921 230 1868
2.20068573862297 54 231
0 32 0
6.08497159533043 60 378
0 32 0
0 32 0
1.93052051132863 53 210
1.05467651083349 48 120
41.6933216396902 123 790
64.4601598269884 147 1450
16.7590200888783 63 465
0.573578608331536 43 55
16.7590200888783 63 465
10.8293113330002 62 435
0 32 0
16.7590200888783 63 465
0 32 0
0.16913215315705 36 6
49.9201967810752 163 1371
16.7590200888783 63 465
0 32 0
28.2291540138613 84 529
22.4877337018935 89 790
19.7225974583427 99 725
3.41526152366254 57 300
2.20068573862297 54 231
0 32 0
31.9795558796453 125 1051
0 32 0
16.7590200888783 63 465
1.50558245617379 51 171
0 32 0
19.5378859257723 82 636
0.501871324887362 42 45
41.4562596305062 109 495
0 32 0
0 32 0
0 32 0
68.5040500951004 150 1684
8.91057026481898 77 486
43.0428164389728 134 947
0 32 0
0 32 0
16.7590200888783 63 465
23.9743636117691 97 741
0 32 0
0 32 0
3.37872085443524 64 256
31.6699145674455 131 1012
9.94484857692105 68 202
22.6906442379977 111 864
0 32 0
7.86422330711981 61 406
73.1960042092197 173 1933
16.7590200888783 63 465
3.41526152366254 57 300
15.2982338554791 86 507
16.7590200888783 63 465
20.9164866854773 105 812
14.7796703463048 77 484
29.3487863213732 111 1033
0 32 0
2.38886046323781 53 106
16.7590200888783 63 465
37.1594484537146 114 1090
0 32 0
16.7590200888783 63 465
0 32 0
19.330263397306 85 676
16.7590200888783 63 465
19.330263397306 85 676
44.5645154207939 120 1249
68.5040500951004 150 1684
54.6140153100196 157 1547
27.06455926171 91 841
41.1614321244071 132 1207
33.7636563559666 93 900
35.608716892967 111 604
0 32 0
16.7590200888783 63 465
33.0022124550934 121 1057
0 32 0
0 32 0
23.3484848727445 105 862
16.7590200888783 63 465
0 32 0
16.7590200888783 63 465
39.5901289575068 117 1176
10.8293113330002 62 435
0.16913215315705 36 6
11.5927776284372 53 41
22.0524613841481 109 970
49.7353933780385 132 1030
16.049520154812 87 735
0 32 0
0 32 0
12.3953234789083 77 322
14.2459581127349 84 666
16.7590200888783 63 465
42.5344674862891 140 1414
74.7770887725552 180 1429
0 32 0
4.05107627392515 58 325
43.6240756826233 134 1294
2.92059422708598 56 276
4.89862706770256 59 351
27.249062234744 109 586
0 32 0
53.4906255152901 149 1235
0 32 0
0 32 0
16.7590200888783 63 465
38.5665036236993 133 1236
40.2574342238705 135 1129
16.7590200888783 63 465
68.756449577688 179 1756
45.5060481974826 126 1096
50.961886345758 142 1466
5.8071376108385 68 387
0 32 0
6.13591195044287 50 52
33.7636563559666 93 900
29.9495444609017 111 1011
0 32 0
4.89862706770256 59 351
0 32 0
5.67061120586671 65 258
44.4611999304082 122 875
16.7590200888783 63 465
7.50290696724567 78 515
28.0859118807137 92 871
16.7590200888783 63 465
19.05009447693 79 585
0 32 0
51.0125069136169 122 1306
0 32 0
10.8293113330002 62 435
0 32 0
37.1594484537146 114 1090
0 32 0
16.7590200888783 63 465
0 32 0
25.9693156055605 82 520
1.05467651083349 48 120
35.334264736808 126 1142
68.5040500951004 150 1684
16.7590200888783 63 465
59.3401114599875 147 1606
0 32 0
91.4504584813244 205 2137
47.6651931793257 148 1321
0 32 0
22.3819733060462 109 733
0 32 0
33.8751923511434 115 1116
43.5431628017903 119 1219
4.05107627392515 58 325
16.7397396187441 97 736
0 32 0
17.8400177963017 67 471
7.00130494511085 74 294
0 32 0
0.937477609899956 47 105
29.3714618358868 100 877
12.4437254828404 89 562
71.2935344458374 171 1588
0 32 0
19.330263397306 85 676
10.8293113330002 62 435
4.05107627392515 58 325
40.3939349637166 142 1178
43.203269889023 134 1284
33.7636563559666 93 900
39.2911477217013 116 1135
1.05467651083349 48 120
45.3581976196056 130 1190
0.0823046681913565 34 1
76.4846871599287 194 1777
45.2940710856537 118 1044
0.651861446803709 44 66
0 32 0
68.6531559108659 156 938
16.7590200888783 63 465
32.7852578141018 106 906
6.88400153694133 64 355
15.2004290328994 95 643
0 32 0
47.3087289625382 124 1125
0 32 0
0 32 0
51.0125069136169 122 1306
17.9286942236834 83 625
0 32 0
10.8293113330002 62 435
0.651861446803709 44 66
1.18634663856277 49 136
4.89862706770256 59 351
0 32 0
18.5905846942058 75 531
70.2709008128942 184 1698
16.7590200888783 63 465
0 32 0
30.4212634892236 100 789
75.3095963662424 171 1876
0 32 0
7.86422330711981 61 406
1.50558245617379 51 171
33.7636563559666 93 900
10.924605986227 83 423
27.06455926171 91 841
36.6798563022088 118 1196
56.0021225583617 157 1573
95.2645207516563 207 2141
41.9805158717042 138 1378
0 32 0
97.3918888586387 196 1746
24.3560769736318 104 865
2.39096367575995 44 31
0 32 0
22.8390751832076 90 680
16.7472731166001 81 576
0 32 0
42.8420592688142 137 1348
0 32 0
0 32 0
16.7590200888783 63 465
16.7590200888783 63 465
3.3091455016045 49 49
16.7590200888783 63 465
72.110699116831 165 1399
27.5374643096911 122 1033
23.4565046609721 89 784
22.5881692353317 96 741
15.8727517654463 86 703
29.4433856446921 87 550
0 32 0
0 32 0
16.7590200888783 63 465
12.3567386624754 71 361
16.7590200888783 63 465
0.651861446803709 44 66
40.3513122201817 136 1051
0 32 0
0 32 0
55.5759311373757 137 1411
6.08497159533043 60 378
25.8821279238381 109 727
51.0125069136169 122 1306
15.8727517654463 86 703
37.8902730190813 131 1236
39.2911477217013 116 1135
48.119329817514 136 1355
32.9807083756915 118 884
23.5960295734437 90 816
38.7060676522942 122 893
48.898105215259 149 1239
0 32 0
8.83605125583488 65 172
13.3455944553064 81 606
0 32 0
2.20068573862297 54 231
16.5852207454109 70 200
0 32 0
16.7590200888783 63 465
57.2735051075597 147 1603
1.96017648224545 54 126
21.701206539807 88 765
0 32 0
56.8518706994092 151 1364
3.41526152366254 57 300
0 32 0
0 32 0
55.2267434433287 142 1476
28.1040199506412 115 954
7.86422330711981 61 406
0 32 0
0 32 0
24.9659939970306 112 775
23.1434657796708 78 514
0 32 0
0 32 0
0 32 0
41.3483548361232 119 1225
13.8863868163786 83 645
21.4056047306537 98 662
0 32 0
16.7590200888783 63 465
71.9741818733437 164 1469
2.92059422708598 56 276
0 32 0
0 32 0
10.8293113330002 62 435
2.20068573862297 54 231
2.92059422708598 56 276
0 32 0
42.9202578062897 120 1251
0 32 0
14.6956179150424 85 688
16.7590200888783 63 465
0 32 0
51.0125069136169 122 1306
18.6521625353376 96 549
6.41217865376564 53 100
14.2459581127349 84 666
16.7590200888783 63 465
0 32 0
4.89862706770256 59 351
63.3275673865693 149 1657
0 32 0
16.7590200888783 63 465
26.0581550064495 110 784
57.222350947185 144 1537
10.8293113330002 62 435
34.0019781491271 110 976
2.71871183347317 41 16
0 32 0
0 32 0
13.8863868163786 83 645
16.7590200888783 63 465
61.2848621485619 147 1600
33.7636563559666 93 900
23.1434657796708 78 514
10.8293113330002 62 435
33.7636563559666 93 900
0 32 0
0 32 0
0 32 0
0 32 0
8.4701672735154 84 525
0 32 0
16.7590200888783 63 465
0 32 0
0 32 0
19.9985101356135 84 675
20.3890471607274 106 633
10.8293113330002 62 435
0 32 0
30.6904711359388 122 900
2.92059422708598 56 276
0 32 0
78.8928505944202 188 1647
0 32 0
50.2249647672855 108 620
0 32 0
20.4566451935837 70 474
18.7801388841438 89 786
0 32 0
4.89862706770256 59 351
0 32 0
16.7590200888783 63 465
24.7838934686804 93 727
16.7590200888783 63 465
17.1385486820492 88 760
10.8293113330002 62 435
22.8490023324631 83 556
0 32 0
96.0336486694675 200 2288
16.7590200888783 63 465
0 32 0
41.9927122598159 137 1342
16.7590200888783 63 465
46.9300861323277 142 1468
16.7590200888783 63 465
38.6341426674257 115 1131
0 32 0
51.0125069136169 122 1306
51.0125069136169 122 1306
39.2819473147562 119 1222
31.1576225957315 105 745
0 32 0
7.86422330711981 61 406
32.0451043252595 107 901
69.5741887100797 162 1379
10.8293113330002 62 435
71.26279643115 185 1905
39.7263190436362 140 1147
77.4365710280305 178 1765
30.9820352221134 106 962
33.0356092581487 96 631
0 32 0
13.1178028737211 73 400
26.5043195132556 93 844
38.2614381694434 98 904
16.7590200888783 63 465
10.8293113330002 62 435
23.4565046609721 89 784
0 32 0
0 32 0
16.7590200888783 63 465
0 32 0
3.41526152366254 57 300
0 32 0
17.9286942236834 83 625
41.1478902284773 132 1269
34.1196366487426 116 1141
0 32 0
78.24519218682 173 1925
31.8687665183988 111 1042
92.9608121410182 209 2179
20.6594208101012 86 718
23.4565046609721 89 784
10.8293113330002 62 435
21.8521828851128 93 445
22.4908653078785 76 501
7.74802495076919 50 46
30.0385718958873 118 968
109.923462277364 227 2427
0 32 0
0 32 0
0 32 0
28.0859118807137 92 871
0 32 0
123.848039506159 238 2579
0 32 0
5.27884707710763 70 391
17.2538241930822 78 248
0 32 0
65.5547873759052 169 1827
0 32 0
28.1337111222917 117 952
33.7636563559666 93 900
0 32 0
0 32 0
9.09453669273281 72 381
20.6594208101012 86 718
21.0845226271372 87 729
112.903762309782 197 1726
51.9225886028179 154 1470
0 32 0
106.393525247618 217 2429
10.8293113330002 62 435
7.86422330711981 61 406
19.5239122355442 80 361
33.7636563559666 93 900
0 32 0
27.06455926171 91 841
27.06455926171 91 841
26.3586549381557 88 609
0 32 0
0.737741224129173 45 78
0 32 0
31.6081297024361 113 1060
60.8101000888129 148 1631
0 32 0
16.7590200888783 63 465
37.1594484537146 114 1090
25.2710597032663 91 843
0 32 0
44.2366721102007 140 1421
0 32 0
0.573578608331536 43 55
28.0859118807137 92 871
0 32 0
0 32 0
0 32 0
0 32 0
24.8362662027812 102 784
20.2960461111163 85 696
3.41526152366254 57 300
10.8293113330002 62 435
12.2207062733643 71 241
66.89241922476 159 1594
0 32 0
0 32 0
16.0191747134768 103 825
0 32 0
0 32 0
45.0351602134675 109 549
31.5817769944907 101 461
33.7636563559666 93 900
42.6961243669745 137 1333
0 32 0
16.7590200888783 63 465
7.86422330711981 61 406
10.8293113330002 62 435
83.1595026440931 173 1805
33.7636563559666 93 900
29.9495444609017 111 1011
27.06455926171 91 841
0 32 0
0 32 0
2.92059422708598 56 276
82.986083489942 198 1953
6.91350724432648 64 241
51.0125069136169 122 1306
0 32 0
0 32 0
9.1830489963783 70 236
21.8600417024615 98 754
0 32 0
4.89862706770256 59 351
7.65657194627944 57 144
0 32 0
0 32 0
16.7590200888783 63 465
0 32 0
39.5901289575068 117 1176
4.89862706770256 59 351
19.330263397306 85 676
2.52472020942009 55 253
92.0667570492272 195 2168
47.2782513785113 141 1438
30.4212634892236 100 789
27.06455926171 91 841
0 32 0
0.374878034624036 40 28
0 32 0
16.7590200888783 63 465
36.763445567481 105 966
7.64978295897262 69 254
0 32 0
9.09453669273281 72 381
33.8751923511434 115 1116
0 32 0
3.67028217503819 60 238
43.5431628017903 119 1219
7.08574153366822 71 363
16.4281569107366 85 323
70.4331891587517 182 1549
0 32 0
0 32 0
16.7472731166001 81 576
28.0859118807137 92 871
21.701206539807 88 765
40.3789414906813 128 1159
33.7636563559666 93 900
31.1675551932017 102 826
4.34201194313789 45 24
0 32 0
4.89862706770256 59 351
16.7590200888783 63 465
21.0845226271372 87 729
19.432236761745 98 526
0 32 0
7.86422330711981 61 406
48.6328441488886 119 596
0 32 0
89.8857480985693 196 2176
0 32 0
0 32 0
0.937477609899956 47 105
0 32 0
4.89862706770256 59 351
56.5607832026764 151 1239
0 32 0
33.7636563559666 93 900
71.3849694104772 178 1598
0.124788946020956 35 3
44.5441262948654 132 1111
0.737741224129173 45 78
28.1649748240492 113 1057
9.61480734120524 71 435
5.48054374675788 58 157
88.34886625528 205 1833
6.08497159533043 60 378
4.05107627392515 58 325
33.7636563559666 93 900
16.7590200888783 63 465
79.1844670404033 189 1796
69.1030099098376 172 1524
0 32 0
0 32 0
0 32 0
57.0123140894335 149 1461
22.4908653078785 76 501
4.05107627392515 58 325
0.0823046681913565 34 1
20.7447376131184 85 600
58.4536220723034 144 1088
1.70178230517276 52 190
0.374878034624036 40 28
7.86422330711981 61 406
0 32 0
1.05467651083349 48 120
0 32 0
13.8563780170925 76 481
0 32 0
17.7293728176791 66 468
7.34826901300743 77 490
21.1143179601591 87 741
10.8293113330002 62 435
0 32 0
51.0125069136169 122 1306
16.7590200888783 63 465
8.33519869814362 63 407
13.8058394297316 86 706
33.4129197886528 115 1124
15.9179299809413 68 151
1.05467651083349 48 120
0 32 0
10.8293113330002 62 435
22.5871500503153 102 806
23.7754942739764 104 835
14.7805326808177 68 199
4.89862706770256 59 351
3.41526152366254 57 300
16.7590200888783 63 465
16.7590200888783 63 465
9.89830504243537 77 343
36.6485581766704 104 955
16.7590200888783 63 465
6.08497159533043 60 378
28.0859118807137 92 871
16.7590200888783 63 465
16.7590200888783 63 465
38.8368478898166 116 1141
10.9289648286696 55 65
32.4049741568174 103 736
16.7590200888783 63 465
4.89862706770256 59 351
0 32 0
22.4877337018935 89 790
11.600549339304 82 489
13.8863868163786 83 645
70.8634718241185 170 1781
6.08497159533043 60 378
28.0859118807137 92 871
9.58000682393086 63 225
18.0811118321161 88 757
21.531128111311 90 813
70.9753410254292 174 1708
7.86422330711981 61 406
123.314039347983 249 2607
16.7590200888783 63 465
42.9202578062897 120 1251
16.7590200888783 63 465
33.9918554958381 110 820
112.582801976344 233 2229
10.4612449609876 66 190
0.265386006684652 38 15
44.0153306109239 138 1369
0.904156791178959 39 11
0 32 0
4.89862706770256 59 351
17.9286942236834 83 625
16.7590200888783 63 465
16.5592547333052 85 340
2.92059422708598 56 276
0 32 0
31.6081297024361 113 1060
16.7590200888783 63 465
0 32 0
35.8176166413832 112 1041
36.0032887775981 101 881
0 32 0
0 32 0
18.656914505976 87 382
12.039592840754 80 553
0.737741224129173 45 78
17.1385486820492 88 760
54.7907061530822 158 1420
0.832447517943181 46 91
0 32 0
33.7636563559666 93 900
71.985198376377 186 1939
8.50582741004468 70 343
0 32 0
7.86422330711981 61 406
15.4049750691266 87 731
149.83437512261 269 2646
43.5431628017903 119 1219
18.3999754564678 73 510
43.071876505416 129 1213
0 32 0
38.0288189772554 113 1090
0.265386006684652 38 15
1.05467651083349 48 120
0 32 0
16.7590200888783 63 465
1.3354010993744 50 153
74.3540914034165 165 1641
46.8321859038278 139 1102
39.2911477217013 116 1135
0 32 0
10.8293113330002 62 435
2.53871417792913 57 234
0 32 0
33.7636563559666 93 900
0 32 0
1.44581867122816 37 4
34.6837307349841 110 994
0 32 0
53.1835480151516 153 1181
38.2605946957525 118 1192
31.1675551932017 102 826
0.651861446803709 44 66
51.0125069136169 122 1306
58.9955450465187 146 1576
7.86422330711981 61 406
11.8174501070489 79 359
28.1850151308446 108 927
0 32 0
16.7590200888783 63 465
45.8349550463844 142 1323
0 32 0
0 32 0
11.7697004251648 83 627
0 32 0
4.10449455210776 64 321
49.4696568704398 140 1409
79.4523101491131 189 2023
27.06455926171 91 841
70.3926008245281 170 1867
4.21344193758033 68 342
21.701206539807 88 765
0 32 0
0.265386006684652 38 15
2.52472020942009 55 253
18.5905846942058 75 531
0 32 0
6.08497159533043 60 378
61.4807134588427 164 1468
0 32 0
10.8293113330002 62 435
0 32 0
33.7636563559666 93 900
0 32 0
0 32 0
51.0224239622941 134 1300
0 32 0
21.531128111311 90 813
0.501871324887362 42 45
5.58398653947246 72 416
0 32 0
6.08497159533043 60 378
0 32 0
0 32 0
19.2885742330934 107 916
0 32 0
21.3386635476911 101 601
16.7590200888783 63 465
9.93845883179413 57 77
16.7472731166001 81 576
38.2605946957525 118 1192
0 32 0
16.7590200888783 63 465
16.7590200888783 63 465
0 32 0
0 32 0
16.3010616997969 80 489
0 32 0
16.7590200888783 63 465
0 32 0
0 32 0
0 32 0
31.1675551932017 102 826
7.57372538430486 79 386
45.5568119989251 125 1261
23.3037672825809 90 636
0 32 0
18.0490176898636 91 561
57.8140553842593 146 1451
10.8293113330002 62 435
52.0978316705012 141 1049
44.9083449939696 131 1291
2.92059422708598 56 276
90.0634214415492 194 1953
35.9808292501811 117 1168
33.7549553881577 117 933
77.2238395678164 172 1895
21.0845226271372 87 729
16.7590200888783 63 465
21.0845226271372 87 729
16.7590200888783 63 465
26.3604778806707 112 1044
15.0964254233672 78 444
0 32 0
33.7636563559666 93 900
38.6341426674257 115 1131
26.4549721444711 105 640
0 32 0
0 32 0
0 32 0
4.89862706770256 59 351
2.62570233642066 50 82
44.3646201803116 133 1229
0 32 0
20.1324689026289 98 568
19.3545465579551 81 618
28.3291972830081 94 690
0 32 0
0.265386006684652 38 15
60.3388279906573 157 1357
34.0243382099831 114 880
63.0185311231069 168 1196
7.42137816570966 66 273
0 32 0
12.9752471579355 92 598
9.15332849365842 86 511
0.651861446803709 44 66
10.8293113330002 62 435
0 32 0
32.0451043252595 107 901
33.7636563559666 93 900
25.2710597032663 91 843
93.0182044508818 209 2201
23.5960295734437 90 816
21.9129503060187 79 522
56.2192773894684 160 1595
63.7869384603739 161 1466
35.6295371993678 120 798
0 32 0
21.869342316796 88 615
0 32 0
20.6594208101012 86 718
0 32 0
0 32 0
45.8080735791282 141 1223
17.1385486820492 88 760
18.0811118321161 88 757
33.7636563559666 93 900
51.8968744589168 142 1346
22.4877337018935 89 790
45.5858680397976 121 1278
78.5720754103554 168 1176
0 32 0
0 32 0
69.4132982743672 187 1684
0 32 0
0 32 0
44.0106322018686 143 1307
25.6755341484543 94 654
33.7636563559666 93 900
0 32 0
0.573578608331536 43 55
10.8293113330002 62 435
16.7590200888783 63 465
16.3023904441545 107 799
16.7590200888783 63 465
7.86422330711981 61 406
27.8651882134159 102 616
14.2459581127349 84 666
3.25873949611164 48 57
0 32 0
12.9407141307766 89 541
16.7590200888783 63 465
0 32 0
60.8101000888129 148 1631
4.89862706770256 59 351
0 32 0
0 32 0
0 32 0
0 32 0
16.7590200888783 63 465
33.7636563559666 93 900
16.7590200888783 63 465
0 32 0
46.8750776530751 117 1003
25.2710597032663 91 843
48.0497036651991 127 860
68.5040500951004 150 1684
87.5740786643107 183 1862
0 32 0
64.5916268405556 177 1720
65.2263868653277 173 1649
10.8293113330002 62 435
55.7272475217115 162 1138
0 32 0
0.651861446803709 44 66
28.7399802098983 101 760
23.4565046609721 89 784
26.6655864854283 97 485
0 32 0
16.7590200888783 63 465
23.4304887071026 96 703
7.36856413783704 65 214
0 32 0
20.1210152237755 106 893
33.4129197886528 115 1124
0 32 0
28.6190548535255 109 964
28.0219610777226 108 951
37.2392420767489 117 1164
0 32 0
0 32 0
16.7590200888783 63 465
0.737741224129173 45 78
51.0125069136169 122 1306
0 32 0
0 32 0
87.3942784171284 198 1696
25.8739886328583 95 631
7.86422330711981 61 406
17.137194291394 100 631
0.954338762173408 46 67
0 32 0
37.8950523297126 122 1026
0 32 0
16.7590200888783 63 465
0 32 0
6.37662223165065 72 384
0 32 0
0 32 0
4.05107627392515 58 325
0 32 0
0 32 0
0.573578608331536 43 55
35.9808292501811 117 1168
0 32 0
66.46125792756 147 1409
16.7590200888783 63 465
33.3049228663169 118 930
0 32 0
0 32 0
10.8293113330002 62 435
0 32 0
33.7636563559666 93 900
2.20068573862297 54 231
38.236702993578 111 592
13.6114261579598 65 166
16.7590200888783 63 465
79.3546698153623 191 2074
55.4927795010629 142 1160
48.7106947967523 128 1189
0 32 0
0 32 0
15.4049750691266 87 731
10.8293113330002 62 435
20.2530832912604 108 941
16.7590200888783 63 465
14.6771331356937 71 451
27.06455926171 91 841
32.1012022981047 116 1138
0 32 0
28.2511862248655 117 922
61.0155424998607 159 1558
35.9259054521756 133 1079
4.76438660449403 61 280
23.7754942739764 104 835
16.7590200888783 63 465
28.0859118807137 92 871
6.91350724432648 64 241
0 32 0
0 32 0
28.0859118807137 92 871
22.4877337018935 89 790
38.3016335789132 114 1110
13.7453529563892 86 478
5.67061120586671 65 258
0 32 0
0 32 0
0 32 0
6.08497159533043 60 378
0 32 0
0.815738738388713 43 37
21.531128111311 90 813
18.3999754564678 73 510
0 32 0
2.20068573862297 54 231
1.05467651083349 48 120
3.41526152366254 57 300
6.08497159533043 60 378
106.544812517294 219 2424
23.4565046609721 89 784
10.8293113330002 62 435
8.91057026481898 77 486
0 32 0
29.1182764157596 115 916
10.8293113330002 62 435
69.8219930988952 180 1782
1.70178230517276 52 190
0 32 0
6.08497159533043 60 378
16.7590200888783 63 465
10.8293113330002 62 435
0 32 0
6.08497159533043 60 378
0 32 0
23.5960295734437 90 816
28.0859118807137 92 871
51.284211912734 142 1468
10.8293113330002 62 435
0 32 0
68.5040500951004 150 1684
19.5378859257723 82 636
7.65657194627944 57 144
33.5372925359712 125 1102
59.3749464405867 159 1560
0 32 0
0 32 0
33.1070147654891 115 1117
76.1709309024825 185 1959
0 32 0
28.2158759864189 122 800
0 32 0
1.18634663856277 49 136
152.840148792869 259 2539
33.7636563559666 93 900
0 32 0
16.7590200888783 63 465
0 32 0
16.7590200888783 63 465
114.212213470526 227 1783
1.05467651083349 48 120
54.8387750290195 151 1293
39.9318744913664 136 1130
0 32 0
43.5431628017903 119 1219
16.7590200888783 63 465
0 32 0
38.8368478898166 116 1141
35.6585036832051 117 1166
46.0511737685781 143 1225
12.9409424156502 88 589
0 32 0
0 32 0
1.51529434454018 40 13
0 32 0
16.7590200888783 63 465
0 32 0
0 32 0
0 32 0
0 32 0
0 32 0
20.2960461111163 85 696
0 32 0
21.0845226271372 87 729
20.6806284897564 85 624
0 32 0
16.7590200888783 63 465
0 32 0
46.3981896744848 130 1154
50.6795607894865 141 1453
76.1681642912621 172 1095
0 32 0
27.06455926171 91 841
28.0859118807137 92 871
23.4565046609721 89 784
0 32 0
0 32 0
35.9153263198863 119 907
0.374878034624036 40 28
0 32 0
10.8293113330002 62 435
66.419431636339 163 1244
12.5297322060291 76 526
31.057113907825 116 1011
16.7590200888783 63 465
14.2689343934829 97 704
0 32 0
89.0365466751416 205 1877
16.7590200888783 63 465
1.05467651083349 48 120
6.08497159533043 60 378
17.9286942236834 83 625
33.7636563559666 93 900
10.8293113330002 62 435
0 32 0
104.321719777587 195 1829
0 32 0
0.265386006684652 38 15
4.72593690968082 71 334
14.5285899892102 71 195
21.0845226271372 87 729
0 32 0
0 32 0
53.1880946315451 143 1489
37.8014778709908 109 725
7.91605739367129 76 498
10.8293113330002 62 435
43.5431628017903 119 1219
16.049520154812 87 735
48.8275012579818 140 1417
0 32 0
0 32 0
7.86422330711981 61 406
33.7636563559666 93 900
10.8293113330002 62 435
4.94349446972264 70 351
16.7590200888783 63 465
0 32 0
0 32 0
50.2446500420029 138 1288
16.7590200888783 63 465
10.8293113330002 62 435
4.89862706770256 59 351
0 32 0
0 32 0
0 32 0
14.7805326808177 68 199
34.3644383843343 126 883
5.36860907527715 48 37
18.4681725031967 87 432
0 32 0
40.5349326885816 132 1228
1.06755443664036 38 7
16.7590200888783 63 465
16.7590200888783 63 465
0 32 0
105.658711662477 225 2321
3.41526152366254 57 300
8.28826851479255 59 169
0 32 0
0 32 0
50.188505422821 146 1284
42.0997915009304 138 1364
0 32 0
0 32 0
1.05467651083349 48 120
0 32 0
16.7590200888783 63 465
0 32 0
17.9286942236834 83 625
0 32 0
104.163626894092 228 2171
2.20068573862297 54 231
0 32 0
0 32 0
10.8293113330002 62 435
1.70178230517276 52 190
25.9812157866867 98 520
0 32 0
2.20068573862297 54 231
16.7590200888783 63 465
16.7590200888783 63 465
12.3095600309744 74 501
51.0125069136169 122 1306
33.7636563559666 93 900
16.7590200888783 63 465
0 32 0
13.0516421704583 82 601
3.41526152366254 57 300
71.7397331858555 174 1310
35.9694726413297 128 1146
84.7033301229296 192 1500
0 32 0
0 32 0
41.1057027639955 118 1194
10.8293113330002 62 435
22.2449048003341 102 796
21.9167447543942 107 921
0 32 0
38.6341426674257 115 1131
5.08818226661337 62 151
16.7590200888783 63 465
0 32 0
50.5685899163676 144 1298
0 32 0
0 32 0
0 32 0
6.61226413498173 62 154
36.1084184600113 124 1025
52.360360823292 144 1525
10.8293113330002 62 435
36.753311055407 127 1150
0 32 0
21.701206539807 88 765
0 32 0
12.7435838966938 85 682
0 32 0
32.580361777706 106 892
0 32 0
68.7134241164517 167 1427
10.8293113330002 62 435
16.7590200888783 63 465
0 32 0
0 32 0
0 32 0
46.5007378658954 136 1319
10.8293113330002 62 435
0 32 0
2.92059422708598 56 276
0 32 0
37.799479991813 112 1071
3.41526152366254 57 300
0 32 0
0 32 0
16.7921382900231 105 788
0 32 0
58.5029245152072 156 1549
0 32 0
0 32 0
37.267037563785 133 891
17.1337531679077 74 274
0.501871324887362 42 45
16.7590200888783 63 465
16.7590200888783 63 465
21.531128111311 90 813
0 32 0
0.737741224129173 45 78
0 32 0
9.58000682393086 63 225
0 32 0
21.701206539807 88 765
0 32 0
183.560206769699 302 2835
16.7590200888783 63 465
0 32 0
20.740715715271 83 409
73.0675955582054 171 1553
17.284299093176 89 550
16.7590200888783 63 465
0 32 0
35.9808292501811 117 1168
0.16913215315705 36 6
16.7590200888783 63 465
0 32 0
7.86422330711981 61 406
16.7472731166001 81 576
39.2911477217013 116 1135
9.58000682393086 63 225
28.0859118807137 92 871
0.501871324887362 42 45
11.62854118849 69 324
0 32 0
63.3837738070824 175 1518
29.7110756538266 103 907
25.6247577846825 107 602
10.8293113330002 62 435
11.8645359948434 69 456
61.2848621485619 147 1600
16.7472731166001 81 576
10.6192340286582 81 578
10.8293113330002 62 435
33.7636563559666 93 900
60.8101000888129 148 1631
37.799479991813 112 1071
8.28580852858217 70 252
10.8293113330002 62 435
65.4194682991139 153 1332
84.3013527361812 197 1813
20.740715715271 83 409
0 32 0
0 32 0
48.2911321281146 133 1098
23.1918804541814 105 846
0 32 0
2.81471456463377 58 165
81.309250043831 176 2009
43.9696220060751 114 1000
16.7590200888783 63 465
0 32 0
0.124788946020956 35 3
0 32 0
71.4755820530072 179 1834
68.5040500951004 150 1684
28.0287631333616 127 1137
0 32 0
6.98478433430897 77 496
0 32 0
0 32 0
0 32 0
19.7315753895468 68 469
0 32 0
0 32 0
7.21081083875798 77 448
25.4019273672005 95 475
24.5055986692226 104 535
21.4402388026523 77 508
26.4983558622866 104 697
13.3455944553064 81 606
0 32 0
28.1850151308446 108 927
7.86422330711981 61 406
0 32 0
20.046272596626 98 574
33.7636563559666 93 900
16.7590200888783 63 465
59.0926506156067 134 1087
16.7590200888783 63 465
10.8293113330002 62 435
21.0667759691757 91 536
10.8293113330002 62 435
0 32 0
0 32 0
97.5475090760019 214 1978
19.5239122355442 80 361
0 32 0
51.0125069136169 122 1306
62.2410633268207 163 1404
0 32 0
7.86422330711981 61 406
0 32 0
0 32 0
0 32 0
0 32 0
0 32 0
12.1396022510837 63 108
30.7841381492773 104 833
86.6983117089595 209 2006
72.4398702261335 171 1870
0 32 0
60.2694649631169 141 1313
0 32 0
13.1178028737211 73 400
0 32 0
0 32 0
0 32 0
21.1143179601591 87 741
14.7796703463048 77 484
62.6602407984149 165 1741
4.89862706770256 59 351
0 32 0
18.6590154150902 70 164
0 32 0
74.0641309616045 167 1730
0 32 0
0 32 0
0.16913215315705 36 6
50.0839232473387 125 1253
0 32 0
22.5477833009143 91 735
21.701206539807 88 765
11.1748712088933 78 507
19.5239122355442 80 361
167.064906239854 292 2714
42.9484772625311 128 1231
0 32 0
6.91350724432648 64 241
0 32 0
0 32 0
45.3965768468853 132 925
32.1393265534183 112 1061
2.52472020942009 55 253
21.0845226271372 87 729
27.3133734790929 99 532
0 32 0
16.7590200888783 63 465
0 32 0
0 32 0
16.7590200888783 63 465
0.737741224129173 45 78
0 32 0
0 32 0
34.0019781491271 110 976
18.4933796350136 74 520
23.5960295734437 90 816
20.2960461111163 85 696
17.3245145525377 93 477
28.0859118807137 92 871
25.7145454287441 86 586
39.8775007549302 128 1111
0 32 0
23.6378444846999 109 794
60.6439132553699 151 1196
4.84327560787858 66 353
7.86422330711981 61 406
0 32 0
0 32 0
11.7228575731467 84 654
51.0125069136169 122 1306
27.06455926171 91 841
0 32 0
0 32 0
14.3775366557993 76 283
4.27764987977765 65 262
39.2911477217013 116 1135
49.3209566165186 143 1492
17.9473091096302 100 758
0.374878034624036 40 28
16.7590200888783 63 465
10.8293113330002 62 435
23.4565046609721 89 784
3.41526152366254 57 300
61.6975270956037 165 1721
0 32 0
30.5041615803142 102 916
17.0348039876794 102 679
0 32 0
0 32 0
0 32 0
0 32 0
140.033857862224 257 2850
66.283000690073 166 1748
67.0127447915506 160 1360
44.5645154207939 120 1249
0 32 0
36.3253409435101 113 1054
10.8293113330002 62 435
16.7590200888783 63 465
0 32 0
29.0261278035523 110 1014
16.7590200888783 63 465
68.1620281029725 171 1694
13.5918303865962 82 625
16.7590200888783 63 465
0 32 0
27.06455926171 91 841
18.6930591441179 76 543
24.8403956728278 108 732
21.531128111311 90 813
10.8293113330002 62 435
0 32 0
2.82483768260644 46 43
0 32 0
0 32 0
16.7590200888783 63 465
32.9465053997296 130 985
35.8176166413832 112 1041
20.2696972793249 91 550
10.8293113330002 62 435
0 32 0
33.7636563559666 93 900
0.124788946020956 35 3
57.5196784508915 155 1490
58.5489937005204 155 1196
38.8368478898166 116 1141
45.0501973950724 135 1279
0 32 0
96.4970817142367 215 1910
32.5488348704354 102 580
26.0732815837091 102 862
0.573578608331536 43 55
57.7762344441278 166 1426
0 32 0
10.8293113330002 62 435
21.701206539807 88 765
27.06455926171 91 841
30.8474138993951 110 1012
15.7123395813375 79 529
16.7590200888783 63 465
57.7157266228557 145 1559
34.0803454472989 133 1042
0 32 0
0 32 0
0 32 0
21.531128111311 90 813
55.2307998695524 145 1544
12.9078025527999 78 262
51.284211912734 142 1468
0 32 0
0 32 0
73.0239019264591 161 1421
0 32 0
33.7636563559666 93 900
69.9065459118565 171 1351
16.7590200888783 63 465
16.7590200888783 63 465
0 32 0
33.7636563559666 93 900
11.42081638822 83 637
28.7399802098983 101 760
0 32 0
51.0125069136169 122 1306
68.8515739987025 169 1509
16.7590200888783 63 465
35.9887213688803 99 614
41.3483548361232 119 1225
46.9481264233259 129 1159
33.687061438662 108 949
5.33533923075516 44 19
0 32 0
0 32 0
33.7636563559666 93 900
10.2468831622715 73 266
22.3477906735856 101 766
30.4212634892236 100 789
7.08574153366822 71 363
0 32 0
16.7590200888783 63 465
0 32 0
33.3730899402202 122 754
33.7636563559666 93 900
4.05107627392515 58 325
79.1729029751387 190 2037
0.0823046681913565 34 1
33.7636563559666 93 900
40.8825508275896 136 1339
42.4766629754416 109 945
16.7590200888783 63 465
20.7880919560938 112 783
73.1960042092197 173 1933
0 32 0
0 32 0
37.2392420767489 117 1164
0 32 0
0 32 0
13.921094963415 75 441
13.1178028737211 73 400
36.6485581766704 104 955
4.8451565279481 61 198
28.0219610777226 108 951
10.8293113330002 62 435
73.6091385253818 180 1706
16.7590200888783 63 465
4.05107627392515 58 325
59.6480075804659 159 1564
19.7368394455888 90 534
0.0823046681913565 34 1
27.0787669116123 102 414
16.7590200888783 63 465
51.0125069136169 122 1306
10.8293113330002 62 435
0 32 0
6.08497159533043 60 378
57.1809900042244 144 1519
0 32 0
6.55121116405449 47 31
2.52472020942009 55 253
33.7636563559666 93 900
0 32 0
15.8727517654463 86 703
14.284990824755 84 651
43.449100677254 131 1034
0 32 0
0 32 0
0 32 0
0 32 0
0 32 0
21.531128111311 90 813
7.86422330711981 61 406
57.8970546124993 154 1339
6.08497159533043 60 378
61.8796311630917 168 1624
10.8293113330002 62 435
0 32 0
25.8559906598613 100 834
0 32 0
39.9754240851069 127 1085
27.4632850722974 110 982
2.20068573862297 54 231
3.04338652283804 61 208
4.05107627392515 58 325
0 32 0
15.1486513053715 86 652
13.3455944553064 81 606
16.7590200888783 63 465
44.2300069623518 127 1136
0 32 0
16.7590200888783 63 465
16.7590200888783 63 465
0 32 0
41.3887148467288 132 1225
16.7590200888783 63 465
0 32 0
60.031185397198 158 1577
20.5909448316082 96 535
0 32 0
0.737741224129173 45 78
7.86422330711981 61 406
0 32 0
27.06455926171 91 841
0.832447517943181 46 91
111.510060659077 231 2489
27.1163775114401 108 799
0 32 0
27.06455926171 91 841
11.7824550104814 68 450
10.8293113330002 62 435
18.7169092599148 90 612
51.0224239622941 134 1300
35.4738263818853 131 1125
53.5594182401793 153 1415
23.0523323322737 95 823
21.1143179601591 87 741
10.8293113330002 62 435
0 32 0
10.8293113330002 62 435
33.1449215888833 114 1082
34.3929834320943 118 986
61.8081160267759 163 1274
10.8293113330002 62 435
2.52472020942009 55 253
44.1294303127484 138 1393
0 32 0
19.4226379295664 74 502
23.4565046609721 89 784
0 32 0
4.89862706770256 59 351
70.6060803014017 151 855
43.5431628017903 119 1219
24.9184916671047 100 712
0 32 0
0 32 0
100.354526466733 216 2363
16.7590200888783 63 465
54.0280208621226 157 1515
0.651861446803709 44 66
1.44581867122816 37 4
22.4877337018935 89 790
10.8293113330002 62 435
0 32 0
10.8293113330002 62 435
4.89862706770256 59 351
42.6946139897613 131 947
33.7636563559666 93 900
1.05467651083349 48 120
88.4313100838736 206 2168
6.08497159533043 60 378
44.2597749085232 139 1394
0 32 0
7.63162830824347 73 402
6.40191781656303 73 442
13.9969170867947 77 322
0 32 0
9.82540339726955 76 318
0 32 0
16.7590200888783 63 465
16.7590200888783 63 465
62.5253743812011 153 1435
0 32 0
0 32 0
54.9100111992186 142 1194
67.0974338224012 159 1684
10.8293113330002 62 435
17.9286942236834 83 625
7.86422330711981 61 406
35.5779511564122 96 903
38.8871823545809 134 1260
0 32 0
54.1201195740319 145 1551
21.531128111311 90 813
33.7636563559666 93 900
16.7590200888783 63 465
0 32 0
0 32 0
4.89862706770256 59 351
22.4877337018935 89 790
37.4295961446768 110 1036
0 32 0
31.8365346348147 119 922
16.7590200888783 63 465
16.7590200888783 63 465
0.651861446803709 44 66
39.050775578543 116 1153
33.7636563559666 93 900
33.7636563559666 93 900
6.08497159533043 60 378
42.9202578062897 120 1251
16.7590200888783 63 465
0 32 0
18.1290108662132 70 486
16.7590200888783 63 465
15.8727517654463 86 703
39.050775578543 116 1153
36.019467410287 110 812
79.5347956631134 190 2031
0 32 0
6.08497159533043 60 378
74.1854383473055 173 1745
12.0151516501643 85 459
0 32 0
0 32 0
9.26341807169848 81 582
16.7590200888783 63 465
27.06455926171 91 841
0 32 0
0 32 0
13.3005508761333 67 439
23.5960295734437 90 816
58.3842137479161 146 1582
0 32 0
23.7896827731254 80 529
0 32 0
30.3166858914251 104 829
12.148524114957 73 264
34.1662742078869 115 1109
0 32 0
73.5892442971452 162 1409
23.0632564490828 112 656
0 32 0
0 32 0
0 32 0
16.7590200888783 63 465
6.37662223165065 72 384
0 32 0
11.8691590960784 89 494
3.41526152366254 57 300
0 32 0
38.5057418019639 126 1108
35.9808292501811 117 1168
21.701206539807 88 765
18.4933796350136 74 520
0 32 0
10.8293113330002 62 435
0 32 0
0 32 0
0 32 0
17.941513824726 68 475
45.5858680397976 121 1278
0 32 0
6.08497159533043 60 378
1.95525899245086 42 21
41.4874050189027 126 1130
0 32 0
0 32 0
51.0125069136169 122 1306
0 32 0
0.501871324887362 42 45
0 32 0
15.7123395813375 79 529
10.8293113330002 62 435
78.24519218682 173 1925
78.3112084846691 177 1419
33.7636563559666 93 900
93.0997143030475 176 1110
27.8049543636411 97 633
4.05107627392515 58 325
3.41526152366254 57 300
28.2291540138613 84 529
0 32 0
9.48948294915461 87 563
2.52472020942009 55 253
10.8293113330002 62 435
35.7539776655342 97 906
77.3206131333567 186 1828
28.0859118807137 92 871
10.8293113330002 62 435
76.2800278374476 164 1580
3.41526152366254 57 300
4.05107627392515 58 325
19.9953970165003 98 802
0 32 0
43.5431628017903 119 1219
0.265386006684652 38 15
33.7636563559666 93 900
0 32 0
9.40342016730182 81 588
0 32 0
10.3404167957438 80 577
1.3354010993744 50 153
82.3626402552916 189 2035
0 32 0
78.3762636429222 189 1682
4.05107627392515 58 325
0 32 0
39.5901289575068 117 1176
60.8101000888129 148 1631
22.4877337018935 89 790
16.7590200888783 63 465
13.0516421704583 82 601
0 32 0
1.50558245617379 51 171
0 32 0
31.9561906960017 115 1119
85.0109755631567 200 1804
28.9147522934596 111 1005
0 32 0
29.2562803061132 100 455
7.86422330711981 61 406
4.89862706770256 59 351
26.2106195655508 103 875
40.1288127808081 120 1193
26.6476934983341 121 968
0 32 0
0.215842563506638 37 10
60.2635095295583 146 1570
0 32 0
112.418778463753 224 2147
38.7564152204618 120 648
0.124788946020956 35 3
2.20068573862297 54 231
76.6874497068694 173 1937
97.4442870064962 221 2252
27.06455926171 91 841
25.7015260558754 112 1033
33.4129197886528 115 1124
111.532460550317 228 2360
16.7590200888783 63 465
0 32 0
26.8152950430301 99 772
51.0125069136169 122 1306
33.8439486409109 115 1111
29.1734406289327 114 733
34.4418456145596 133 1014
84.8648540871878 188 1590
0 32 0
7.86422330711981 61 406
16.7590200888783 63 465
7.86422330711981 61 406
18.6930591441179 76 543
62.3062147675656 148 1629
102.754767222738 216 2291
28.0859118807137 92 871
16.049520154812 87 735
0 32 0
7.54760459331963 54 74
60.5850522730913 158 1576
6.08497159533043 60 378
23.4565046609721 89 784
42.9202578062897 120 1251
24.2824512522594 108 687
8.01458305138021 79 541
2.31804088316276 58 181
3.56054149674096 58 160
15.6129601444335 101 802
16.7590200888783 63 465
2.79187354360265 57 254
7.86422330711981 61 406
0 32 0
37.8689745883517 131 1018
10.8293113330002 62 435
0 32 0
6.08497159533043 60 378
0 32 0
44.3527010094663 127 1253
44.5042192061224 140 1417
13.1178028737211 73 400
16.7590200888783 63 465
0 32 0
3.41526152366254 57 300
7.86422330711981 61 406
71.186573102346 180 1794
33.7636563559666 93 900
0 32 0
6.33458963807407 51 65
51.0224239622941 134 1300
10.8293113330002 62 435
27.06455926171 91 841
0 32 0
6.08497159533043 60 378
0.0823046681913565 34 1
11.2068839209775 80 397
18.0811118321161 88 757
58.9955450465187 146 1576
6.08497159533043 60 378
16.7590200888783 63 465
63.477354741055 171 1345
0 32 0
2.92059422708598 56 276
20.2960461111163 85 696
0 32 0
21.0845226271372 87 729
10.8293113330002 62 435
16.3432669327507 92 607
110.732641055848 223 2039
33.7636563559666 93 900
0 32 0
0 32 0
50.6221326546945 140 1449
0 32 0
16.7590200888783 63 465
0.832447517943181 46 91
41.102377880446 142 1014
36.0498536139714 99 915
0 32 0
8.16407200402883 65 382
57.7157266228557 145 1559
7.86422330711981 61 406
22.6607476076001 89 311
21.3499237146779 102 792
3.41526152366254 57 300
7.86422330711981 61 406
6.84519280777796 70 332
0 32 0
1.70178230517276 52 190
7.86422330711981 61 406
16.7590200888783 63 465
41.8661044340562 123 820
36.6485581766704 104 955
0 32 0
64.7728350608382 164 1703
1.70178230517276 52 190
0 32 0
22.7764301992435 65 83
34.9788611181054 113 952
0 32 0
0 32 0
6.08497159533043 60 378
0 32 0
53.0066839811052 135 1031
28.4218568389618 93 842
0 32 0
39.050775578543 116 1153
0 32 0
0 32 0
39.2911477217013 116 1135
23.4565046609721 89 784
0 32 0
16.7590200888783 63 465
16.7590200888783 63 465
13.275907973496 85 678
1.25623194042321 41 18
47.169734544448 140 963
10.8293113330002 62 435
0 32 0
22.7926782376882 93 816
75.7215743892663 176 1655
16.7590200888783 63 465
42.2179235807199 130 1184
0 32 0
31.1897266119047 111 1018
0 32 0
1.02464714766817 47 79
5.00624105638483 71 391
0.501871324887362 42 45
16.7590200888783 63 465
23.5960295734437 90 816
16.7590200888783 63 465
0 32 0
27.06455926171 91 841
130.545834475569 245 2754
0 32 0
28.0859118807137 92 871
38.9034133691613 110 1006
63.0964318200496 149 1091
0 32 0
23.4565046609721 89 784
10.8293113330002 62 435
57.1758002192018 163 1667
16.7590200888783 63 465
0 32 0
35.9808292501811 117 1168
10.8293113330002 62 435
20.3711198190969 107 764
42.0344693478815 137 1033
83.4012665614833 201 1640
0 32 0
4.89862706770256 59 351
0 32 0
80.7869135984842 187 1938
37.4295961446768 110 1036
0 32 0
21.8286594205098 74 490
52.4092761381795 147 1290
114.841657756091 226 2488
5.79634008089622 51 81
28.0859118807137 92 871
2.71871183347317 41 16
4.05107627392515 58 325
42.6346090204945 110 964
0 32 0
0 32 0
47.2782513785113 141 1438
22.4877337018935 89 790
16.7590200888783 63 465
17.9286942236834 83 625
6.08497159533043 60 378
0 32 0
0 32 0
71.1333039901496 183 1724
13.921094963415 75 441
50.2780815543099 141 1459
16.7590200888783 63 465
16.7590200888783 63 465
16.7590200888783 63 465
0 32 0
25.0024990038478 111 1007
0 32 0
16.7590200888783 63 465
10.3404167957438 80 577
10.8293113330002 62 435
16.7590200888783 63 465
0 32 0
35.6585036832051 117 1166
48.119329817514 136 1355
52.0692731387412 138 1366
0 32 0
3.41526152366254 57 300
33.7636563559666 93 900
0 32 0
16.7590200888783 63 465
87.005681120208 192 2105
12.9551744157609 79 571
0 32 0
0 32 0
9.42503230882998 75 497
31.6081297024361 113 1060
0 32 0
0 32 0
16.7590200888783 63 465
0 32 0
0 32 0
0 32 0
0 32 0
0.0823046681913565 34 1
0 32 0
3.41526152366254 57 300
0.16913215315705 36 6
27.06455926171 91 841
57.9558296796598 125 744
2.92059422708598 56 276
45.0501973950724 135 1279
7.56319368678691 76 345
61.7724613869638 157 1573
9.4046323281076 69 262
33.7636563559666 93 900
1.50558245617379 51 171
0 32 0
40.7973202413722 130 1030
0 32 0
16.7590200888783 63 465
0 32 0
0 32 0
51.7598546135558 154 1478
10.6288696066384 81 596
33.4129197886528 115 1124
58.0123333193184 156 1030
0 32 0
18.0811118321161 88 757
0 32 0
33.7636563559666 93 900
0 32 0
0 32 0
14.7796703463048 77 484
0 32 0
4.05107627392515 58 325
22.0415229755485 107 733
25.2710597032663 91 843
20.1191744161414 80 549
0 32 0
52.2958784614904 161 1438
59.8301861591449 153 1295
87.0602897861692 192 1613
0 32 0
16.7590200888783 63 465
0 32 0
72.5462695018572 168 1801
1.75477987173379 53 172
38.2605946957525 118 1192
0 32 0
18.7801388841438 89 786
40.9967767041106 128 1109
23.9382485617695 99 820
6.64157822383314 64 384
16.7590200888783 63 465
16.7590200888783 63 465
0.215842563506638 37 10
28.0859118807137 92 871
0 32 0
19.5378859257723 82 636
0 32 0
0 32 0
37.2392420767489 117 1164
22.1442456668581 93 724
40.4824710456138 134 1256
0 32 0
16.7590200888783 63 465
0 32 0
1.70178230517276 52 190
16.7590200888783 63 465
8.54950622906811 80 561
27.7506900312835 104 757
38.3821359468156 133 1264
13.1178028737211 73 400
0 32 0
38.9414122531733 131 1183
16.7590200888783 63 465
0 32 0
0 32 0
10.8293113330002 62 435
15.7123395813375 79 529
7.86422330711981 61 406
4.05107627392515 58 325
16.7590200888783 63 465
1.05467651083349 48 120
1.3354010993744 50 153
31.4473391761472 112 1051
51.0125069136169 122 1306
51.0125069136169 122 1306
1.93052051132863 53 210
16.7590200888783 63 465
35.5648951300259 129 1058
0.215842563506638 37 10
24.6847332795773 106 890
10.8293113330002 62 435
93.9996397775248 205 2133
0 32 0
3.41526152366254 57 300
42.6500111999602 126 1212
48.9481549603756 130 1120
0 32 0
16.7590200888783 63 465
13.1704063869347 82 322
16.7590200888783 63 465
7.86422330711981 61 406
10.8293113330002 62 435
0 32 0
3.41526152366254 57 300
0 32 0
16.7590200888783 63 465
49.3938959608323 136 882
0 32 0
20.4566451935837 70 474
0 32 0
0 32 0
0 32 0
13.9630791572512 75 291
0 32 0
0 32 0
0.501871324887362 42 45
0.501871324887362 42 45
41.1057027639955 118 1194
10.8293113330002 62 435
16.7590200888783 63 465
0 32 0
0 32 0
25.2710597032663 91 843
0 32 0
4.52791442073954 68 355
51.3893042953124 136 1099
46.9563815517841 139 1415
46.3773099910824 115 972
0 32 0
10.8293113330002 62 435
62.5909353811821 156 1582
0 32 0
2.92059422708598 56 276
0 32 0
0 32 0
16.7590200888783 63 465
0 32 0
0 32 0
26.4815775270105 118 926
0 32 0
4.59629941762434 63 335
18.1290108662132 70 486
37.0100156404659 112 905
29.6698560866089 115 839
2.20068573862297 54 231
20.2610272686785 80 481
0 32 0
27.06455926171 91 841
1.44581867122816 37 4
106.693500927122 227 2326
0 32 0
0 32 0
52.4005227401158 140 1325
0 32 0
15.2223114267445 96 673
0 32 0
29.6756520441306 106 641
0 32 0
7.59856791374269 78 522
0 32 0
47.7810440424563 135 1084
22.4877337018935 89 790
10.8293113330002 62 435
51.0125069136169 122 1306
0 32 0
10.6903918706375 83 631
30.4212634892236 100 789
0 32 0
16.7590200888783 63 465
21.1143179601591 87 741
49.8128521853399 136 1383
0.651861446803709 44 66
6.08497159533043 60 378
0 32 0
53.9432143067321 140 1429
11.1748712088933 78 507
8.66125181358508 67 421
0 32 0
33.4575493999119 127 1160
16.7590200888783 63 465
12.3567386624754 71 361
33.7636563559666 93 900
97.9655029046176 211 1923
0 32 0
184.459597593415 310 3466
33.7636563559666 93 900
21.4513608426041 81 475
0 32 0
29.498456941333 106 818
57.4659409835816 154 1465
9.09453669273281 72 381
33.7636563559666 93 900
3.880142967232 64 255
35.094715186661 116 845
0 32 0
16.7590200888783 63 465
0.573578608331536 43 55
1.50558245617379 51 171
52.1159165256928 143 1501
0 32 0
0 32 0
0 32 0
16.7590200888783 63 465
7.86422330711981 61 406
64.4967662250495 165 1729
9.86962722693495 83 436
0 32 0
0 32 0
19.836283727279 98 700
23.258993912686 121 1019
0 32 0
33.7636563559666 93 900
16.7590200888783 63 465
3.41526152366254 57 300
0 32 0
16.7590200888783 63 465
48.9118028341538 134 1252
46.9300861323277 142 1468
0.374878034624036 40 28
0 32 0
19.05009447693 79 585
21.531128111311 90 813
0 32 0
0 32 0
10.8293113330002 62 435
5.79634008089622 51 81
52.7593707443673 151 1118
36.0389186870986 128 880
7.55427418738605 76 466
0 32 0
38.8879667929036 124 1017
21.9755417949203 110 774
40.3279728280039 130 1160
23.1496374691999 97 674
64.7293668669593 167 1535
11.7697004251648 83 627
0 32 0
0.501871324887362 42 45
0 32 0
4.89862706770256 59 351
0 32 0
0 32 0
62.3062147675656 148 1629
0 32 0
5.33533923075516 44 19
33.8439486409109 115 1111
0 32 0
6.08497159533043 60 378
0 32 0
0 32 0
0 32 0
16.7590200888783 63 465
16.7590200888783 63 465
17.9286942236834 83 625
5.77440669719815 49 50
3.41526152366254 57 300
1.3354010993744 50 153
0 32 0
16.7590200888783 63 465
0 32 0
43.4854431325914 134 1274
16.7590200888783 63 465
10.8293113330002 62 435
10.8293113330002 62 435
49.8382555395592 137 1239
41.8871219238768 128 1103
33.7636563559666 93 900
4.05107627392515 58 325
0.215842563506638 37 10
44.5645154207939 120 1249
47.4357441595848 153 1459
18.0370712097687 69 480
0 32 0
16.7590200888783 63 465
0 32 0
16.7590200888783 63 465
3.29263399274785 42 14
0 32 0
0 32 0
7.86422330711981 61 406
25.2710597032663 91 843
34.8944230211968 131 1068
43.5768209937024 130 773
47.0929026330798 137 1330
9.088364594184 72 461
5.48054374675788 58 157
5.18278358194766 49 64
6.08497159533043 60 378
3.41526152366254 57 300
0 32 0
33.7636563559666 93 900
21.531128111311 90 813
0 32 0
1.18634663856277 49 136
36.1654875075531 124 1053
0 32 0
0 32 0
10.8293113330002 62 435
33.7636563559666 93 900
21.0845226271372 87 729
0 32 0
11.5232112279256 65 438
4.57561867428111 54 111
37.6024107525206 111 1053
44.1212164165081 126 1060
0 32 0
22.336019978004 99 539
16.7590200888783 63 465
10.6288696066384 81 596
0 32 0
38.8368478898166 116 1141
15.8727517654463 86 703
36.5346775592431 103 945
28.1747386876547 126 1062
0 32 0
14.7796703463048 77 484
0 32 0
80.2978454463201 184 1693
1.70178230517276 52 190
0 32 0
16.7590200888783 63 465
0 32 0
0 32 0
16.7590200888783 63 465
10.8293113330002 62 435
49.8135561016086 142 1478
49.692970497127 156 1306
0 32 0
16.7590200888783 63 465
0.124788946020956 35 3
23.8849960446866 89 581
0 32 0
10.2641237987586 77 391
0 32 0
0 32 0
47.6816323369663 146 1124
9.09453669273281 72 381
27.06455926171 91 841
0 32 0
51.0125069136169 122 1306
16.7590200888783 63 465
0 32 0
6.08497159533043 60 378
10.8293113330002 62 435
38.4242506586688 120 1197
0 32 0
86.4730230428214 192 2107
28.0859118807137 92 871
51.0125069136169 122 1306
0 32 0
33.7636563559666 93 900
0 32 0
16.7590200888783 63 465
0 32 0
48.1105073315358 140 1419
16.7590200888783 63 465
0 32 0
0 32 0
16.7590200888783 63 465
10.8293113330002 62 435
0 32 0
10.8293113330002 62 435
0.832447517943181 46 91
51.2254725985498 146 1256
0 32 0
0 32 0
9.95453083862362 82 609
54.3170975673744 141 1441
0 32 0
50.1707019906084 135 1294
0.16913215315705 36 6
33.7636563559666 93 900
48.3298544092924 145 1275
10.8293113330002 62 435
19.3545465579551 81 618
16.7590200888783 63 465
7.86422330711981 61 406
0 32 0
0 32 0
99.2033293366939 181 1722
19.9953970165003 98 802
7.03175393437193 55 121
21.1143179601591 87 741
7.86422330711981 61 406
142.214432681746 267 2833
2.92059422708598 56 276
0 32 0
45.5568119989251 125 1261
61.5513415547123 165 1539
0 32 0
0 32 0
16.7590200888783 63 465
39.2819473147562 119 1222
0 32 0
33.1449215888833 114 1082
72.2079257213496 181 1815
0 32 0
6.55121116405449 47 31
47.2782513785113 141 1438
0 32 0
2.92059422708598 56 276
0 32 0
0 32 0
16.7590200888783 63 465
0 32 0
74.5291263004561 173 1665
16.7590200888783 63 465
21.0845226271372 87 729
27.06455926171 91 841
33.4120029411279 117 868
6.08497159533043 60 378
41.7967518059258 103 914
0 32 0
0 32 0
44.5645154207939 120 1249
4.05107627392515 58 325
29.5630289281045 115 1113
0 32 0
0 32 0
18.0811118321161 88 757
6.08497159533043 60 378
28.0219610777226 108 951
0 32 0
34.8919838465704 133 997
27.06455926171 91 841
16.4466898823467 103 835
0.937477609899956 47 105
49.7290011676664 151 1399
21.531128111311 90 813
53.0579036546244 150 1167
58.2464371350815 155 1596
30.6688089759594 132 1042
45.5858680397976 121 1278
16.0879980770347 99 732
26.3586549381557 88 609
93.642235166688 184 1668
38.2605946957525 118 1192
31.4473391761472 112 1051
16.7590200888783 63 465
2.52472020942009 55 253
0 32 0
0 32 0
31.0235732484444 122 998
7.86422330711981 61 406
21.8847772099653 102 780
0.215842563506638 37 10
0 32 0
16.7590200888783 63 465
25.2710597032663 91 843
0 32 0
21.0845226271372 87 729
0 32 0
19.5378859257723 82 636
31.6411746257773 110 1024
0 32 0
0 32 0
2.52472020942009 55 253
51.0125069136169 122 1306
33.7636563559666 93 900
31.1675551932017 102 826
39.5084763879067 138 1366
33.7636563559666 93 900
35.8176166413832 112 1041
2.92059422708598 56 276
0 32 0
0 32 0
0 32 0
27.06455926171 91 841
7.17708846103683 54 84
23.2512326816018 82 242
35.1724593692496 143 1229
29.6341013181294 131 878
16.7590200888783 63 465
2.52472020942009 55 253
16.1876554979908 94 616
60.5871207607459 162 1484
1.18634663856277 49 136
51.0125069136169 122 1306
1.93052051132863 53 210
36.1160678056646 117 865
16.7590200888783 63 465
16.7590200888783 63 465
43.5431628017903 119 1219
72.6240863148261 174 1649
33.7636563559666 93 900
16.7590200888783 63 465
157.314215410041 272 2827
36.6798563022088 118 1196
0 32 0
7.86422330711981 61 406
0 32 0
33.7636563559666 93 900
56.8381766820333 146 1518
1.93052051132863 53 210
6.08497159533043 60 378
50.8030260193919 153 1423
6.08497159533043 60 378
0 32 0
54.4083686785334 139 1234
0 32 0
41.1954869683775 122 1138
79.1326909214262 171 1339
7.86422330711981 61 406
68.5040500951004 150 1684
0 32 0
0 32 0
0 32 0
0 32 0
16.2167360872851 93 570
1.70178230517276 52 190
0 32 0
7.42246977670369 83 457
36.1084184600113 124 1025
19.2867257415405 98 697
9.69093272701405 79 531
18.5434143160791 85 444
22.9226657330117 104 835
28.1649748240492 113 1057
0 32 0
16.7590200888783 63 465
2.99193241218002 51 83
0 32 0
50.4651666999686 132 955
28.0859118807137 92 871
30.9012036396066 101 870
65.8582290703756 160 1649
34.2270551185899 99 664
0 32 0
0 32 0
16.7590200888783 63 465
0 32 0
105.384599324429 218 2128
24.6897644709614 91 785
16.7590200888783 63 465
7.86422330711981 61 406
34.405785227088 128 1118
0 32 0
0 32 0
26.9476401011234 94 619
6.08497159533043 60 378
33.7636563559666 93 900
38.6199254063178 127 1091
33.7636563559666 93 900
0 32 0
0 32 0
0 32 0
2.52472020942009 55 253
69.3602610896316 185 1685
0 32 0
33.7636563559666 93 900
0 32 0
0 32 0
39.1270473009213 126 986
0 32 0
0 32 0
51.0125069136169 122 1306
0 32 0
0 32 0
6.05814661554617 73 406
16.7590200888783 63 465
0 32 0
51.0125069136169 122 1306
0 32 0
14.3612594265678 88 616
0 32 0
51.0125069136169 122 1306
10.8293113330002 62 435
16.7590200888783 63 465
15.7123395813375 79 529
0 32 0
0 32 0
53.1880946315451 143 1489
18.2191474074207 71 493
0 32 0
74.4481460306072 157 1274
0 32 0
9.69093272701405 79 531
28.3838975249917 108 769
33.2487251042328 126 1068
21.5515734696082 86 592
0.937477609899956 47 105
38.4589194108252 131 1208
0 32 0
0 32 0
1.93052051132863 53 210
0 32 0
10.8293113330002 62 435
23.5960295734437 90 816
25.9812157866867 98 520
78.9387064508308 175 1984
64.6375507935748 162 1479
18.7801388841438 89 786
32.0451043252595 107 901
21.531128111311 90 813
25.1070612632496 103 548
0 32 0
3.75274873456988 64 249
0 32 0
0 32 0
0 32 0
23.5960295734437 90 816
33.7636563559666 93 900
0 32 0
0 32 0
22.3817293186003 81 538
7.31474080685428 67 341
0 32 0
17.0534664511047 96 767
0 32 0
55.965158097382 164 1456
41.1057027639955 118 1194
0 32 0
25.8262111052095 100 839
3.41526152366254 57 300
33.4531327412434 116 1143
30.7595346773161 118 785
67.4427382325019 191 1810
0.374878034624036 40 28
6.79406494974103 66 393
0 32 0
0 32 0
51.0125069136169 122 1306
0 32 0
20.2960461111163 85 696
57.6269532507284 157 1487
0 32 0
23.1568440756212 97 746
34.3470808546084 115 998
44.5645154207939 120 1249
22.4877337018935 89 790
32.3099415142671 111 745
75.833369282715 185 1933
2.92059422708598 56 276
0 32 0
16.7590200888783 63 465
0 32 0
10.8293113330002 62 435
33.7636563559666 93 900
0 32 0
0 32 0
0 32 0
58.1583295376421 147 1270
22.4877337018935 89 790
15.7123395813375 79 529
0.265386006684652 38 15
2.52472020942009 55 253
33.1449215888833 114 1082
60.2524733051538 166 1393
18.6930591441179 76 543
16.7590200888783 63 465
36.3253409435101 113 1054
44.5645154207939 120 1249
28.7577676054344 95 847
0 32 0
0 32 0
0 32 0
33.7636563559666 93 900
7.48832544269817 55 87
7.86422330711981 61 406
0 32 0
4.05107627392515 58 325
38.9183272471518 120 868
30.9697514424923 114 1096
31.0578146455567 117 1114
0 32 0
8.97499402415674 80 568
19.1679910711645 108 649
0.0823046681913565 34 1
0 32 0
38.620290749831 121 1001
10.8293113330002 62 435
23.5960295734437 90 816
35.3052349019564 130 1005
9.72592074797967 74 421
0 32 0
0 32 0
52.6893715411866 154 1491
63.3275673865693 149 1657
33.7636563559666 93 900
68.4190109031053 160 1176
16.7590200888783 63 465
18.1216469368185 82 488
58.2780133941906 153 1489
11.2272806847097 79 425
2.20068573862297 54 231
0 32 0
74.217332307166 177 1514
0 32 0
0 32 0
0 32 0
16.7590200888783 63 465
0 32 0
102.973808256224 201 1773
10.8293113330002 62 435
0 32 0
0 32 0
21.531128111311 90 813
37.3295335240615 134 1290
52.2724196028901 154 1515
16.7590200888783 63 465
51.7863471321096 143 1509
51.0224239622941 134 1300
0 32 0
51.0125069136169 122 1306
57.1809900042244 144 1519
7.86422330711981 61 406
21.531128111311 90 813
5.02436301596072 56 133
0 32 0
122.352138350205 241 2425
3.41526152366254 57 300
0 32 0
16.7590200888783 63 465
0.737741224129173 45 78
0 32 0
2.52472020942009 55 253
0 32 0
118.16654028661 241 2263
0 32 0
16.7590200888783 63 465
17.1385486820492 88 760
24.9373476582506 112 1039
36.6485581766704 104 955
19.6954353631747 106 780
45.5858680397976 121 1278
3.41526152366254 57 300
54.3018816648074 128 1321
0 32 0
68.5040500951004 150 1684
23.5960295734437 90 816
0 32 0
55.3664349619302 142 1460
0 32 0
78.24519218682 173 1925
51.0125069136169 122 1306
24.1707200748214 106 606
14.7195578486819 89 709
7.86422330711981 61 406
15.513491216511 91 617
0 32 0
0 32 0
43.5431628017903 119 1219
10.8293113330002 62 435
46.2310590803 141 1442
0 32 0
10.244809429466 65 256
0 32 0
0 32 0
11.8871950879306 86 468
0 32 0
20.7581920645924 91 553
0 32 0
21.701206539807 88 765
0 32 0
47.0609271142279 136 1031
16.7590200888783 63 465
84.011182160005 160 1214
45.5858680397976 121 1278
7.86422330711981 61 406
97.4862838195756 200 2282
0 32 0
10.8293113330002 62 435
60.2635095295583 146 1570
42.0214819196327 138 1372
0 32 0
16.7590200888783 63 465
17.9286942236834 83 625
25.268611217501 122 994
0 32 0
10.2645727309047 82 604
61.0624324869665 153 1551
0 32 0
0 32 0
13.4391532562602 91 620
36.2585236383765 121 1041
2.52472020942009 55 253
27.06455926171 91 841
0 32 0
0 32 0
110.966985825353 221 2402
33.7636563559666 93 900
78.9387064508308 175 1984
0 32 0
16.7590200888783 63 465
74.0909673027635 164 1775
0 32 0
0 32 0
0 32 0
6.35136713387457 70 319
0 32 0
10.8293113330002 62 435
93.0986408902958 206 2049
75.8490112279784 176 1776
0 32 0
16.7590200888783 63 465
63.4171500827185 148 1255
33.8439486409109 115 1111
72.134450311197 177 1727
94.4028870797636 202 1518
3.5849220990232 61 202
28.3448524561626 107 963
34.1196366487426 116 1141
0 32 0
0 32 0
44.1843821304204 128 1191
0 32 0
33.7636563559666 93 900
54.90456777062 146 1331
0 32 0
0 32 0
45.3473829835423 127 1173
27.0683723568117 109 843
0 32 0
13.921094963415 75 441
0 32 0
6.08497159533043 60 378
17.0483977317603 88 505
3.34700100070928 53 102
121.549184546553 232 2277
7.08574153366822 71 363
31.6385776989492 114 1084
12.7427472145207 84 431
16.7590200888783 63 465
9.26341807169848 81 582
18.9206949492605 78 570
3.25873949611164 48 57
0.265386006684652 38 15
16.7590200888783 63 465
0 32 0
21.531128111311 90 813
33.7636563559666 93 900
13.0516421704583 82 601
41.7967518059258 103 914
1.18634663856277 49 136
3.41526152366254 57 300
64.0422901964152 149 954
27.249062234744 109 586
58.2932286461625 152 1253
19.330263397306 85 676
0 32 0
0.435881257155603 41 36
16.7590200888783 63 465
63.3275673865693 149 1657
41.7269127330911 138 1144
28.7399802098983 101 760
0 32 0
0 32 0
0 32 0
21.0845226271372 87 729
63.3317525996693 161 1679
0 32 0
0 32 0
25.7480950715608 78 496
28.0859118807137 92 871
63.6383113047622 160 1639
0 32 0
0.265386006684652 38 15
0 32 0
0 32 0
0 32 0
10.8293113330002 62 435
54.4892855949067 142 1177
45.7906416392379 134 1272
0 32 0
56.0504609320106 139 1065
1.3354010993744 50 153
107.922588071098 219 1985
16.7590200888783 63 465
51.0125069136169 122 1306
10.244809429466 65 256
28.2546995421371 112 875
0 32 0
31.0607430280786 96 845
120.041057647603 238 2595
2.42821313750094 59 199
0 32 0
16.7590200888783 63 465
10.8293113330002 62 435
54.8191466260595 146 1578
10.9263058372312 67 289
0 32 0
19.1935080120687 80 601
33.7636563559666 93 900
30.3423327858332 111 1003
32.1505213713572 123 1060
0 32 0
9.99826076759364 64 165
34.9788611181054 113 952
0 32 0
16.7590200888783 63 465
27.06455926171 91 841
12.3095600309744 74 501
33.7636563559666 93 900
0 32 0
10.8293113330002 62 435
0 32 0
7.86422330711981 61 406
30.229991948518 112 630
33.7636563559666 93 900
0 32 0
0 32 0
21.701206539807 88 765
6.87240170295373 67 399
33.7636563559666 93 900
29.779120224438 96 877
38.8363119086377 138 1369
0 32 0
0.651861446803709 44 66
33.7636563559666 93 900
13.0516421704583 82 601
8.63205441041177 79 549
50.3423092355222 144 1522
7.86422330711981 61 406
21.3868121403783 108 950
20.6316938917095 85 354
39.2819473147562 119 1222
0 32 0
0 32 0
1.18634663856277 49 136
25.2710597032663 91 843
33.7636563559666 93 900
0 32 0
0 32 0
16.7590200888783 63 465
16.7590200888783 63 465
0 32 0
10.8293113330002 62 435
27.06455926171 91 841
43.2271672563334 145 1331
61.1370687595659 129 832
16.7590200888783 63 465
37.0041539349449 107 991
16.7590200888783 63 465
16.7590200888783 63 465
25.2710597032663 91 843
86.6683409542494 184 1240
48.5439588868863 145 1094
44.5645154207939 120 1249
16.7590200888783 63 465
45.5858680397976 121 1278
0 32 0
0 32 0
0 32 0
33.7636563559666 93 900
18.3999754564678 73 510
44.5645154207939 120 1249
0 32 0
4.89862706770256 59 351
19.9985101356135 84 675
4.05107627392515 58 325
19.5378859257723 82 636
30.3928144548905 101 907
5.18278358194766 49 64
0 32 0
35.3776234917055 124 1061
25.2710597032663 91 843
0 32 0
0 32 0
89.6113789792244 194 1323
19.5582586308993 93 489
40.0972511175097 100 592
40.7825279565895 117 1045
0 32 0
42.4012703309312 146 1229
16.7590200888783 63 465
12.3567386624754 71 361
16.7590200888783 63 465
79.2665448058237 174 1954
0 32 0
9.78826569684129 83 480
0 32 0
16.7590200888783 63 465
16.7590200888783 63 465
69.1709717372382 175 1440
0 32 0
4.89862706770256 59 351
79.2665448058237 174 1954
0 32 0
0 32 0
0 32 0
33.7636563559666 93 900
18.7801388841438 89 786
33.7636563559666 93 900
13.1178028737211 73 400
2.20068573862297 54 231
0 32 0
0 32 0
11.2171863569967 70 226
0.215842563506638 37 10
17.8522938754162 87 481
0.265386006684652 38 15
0 32 0
3.41526152366254 57 300
70.2480451088227 184 1617
0 32 0
16.7590200888783 63 465
2.37190055911526 51 85
12.9627549064815 74 481
12.9792590750716 68 442
31.3636854048368 112 1029
23.5960295734437 90 816
88.503550544968 206 2156
0.124788946020956 35 3
41.5302076547373 136 1069
45.6775877824347 122 770
16.7590200888783 63 465
0.0823046681913565 34 1
19.330263397306 85 676
9.75534459429075 87 546
3.05064386794736 62 226
0 32 0
57.1809900042244 144 1519
33.7636563559666 93 900
6.08497159533043 60 378
133.758754310737 265 2694
13.6096259531187 87 483
0.215842563506638 37 10
7.86422330711981 61 406
0 32 0
10.8293113330002 62 435
6.55121116405449 47 31
0 32 0
6.3803562480421 51 53
0 32 0
16.7590200888783 63 465
46.7143774732558 139 1388
16.7590200888783 63 465
32.8180764056695 100 853
20.6594208101012 86 718
16.7590200888783 63 465
16.7590200888783 63 465
54.1303785172241 158 1562
16.7590200888783 63 465
20.6594208101012 86 718
21.6298548186742 102 816
33.7636563559666 93 900
17.1385486820492 88 760
74.5636953165392 192 1657
31.0082398210507 120 1011
0 32 0
110.930703403891 229 2198
64.7581215619938 157 1525
28.0859118807137 92 871
15.4049750691266 87 731
22.1747647542296 81 249
0 32 0
11.1748712088933 78 507
55.2307998695524 145 1547
0 32 0
0 32 0
63.625489123794 161 1687
20.8519741233794 86 616
12.148524114957 73 264
125.679810383262 236 2434
0 32 0
8.06760185488515 80 516
16.7590200888783 63 465
0 32 0
0 32 0
21.6951969964466 100 767
0.215842563506638 37 10
27.06455926171 91 841
16.7590200888783 63 465
39.2911477217013 116 1135
16.7590200888783 63 465
40.2539758725965 122 900
19.9873828990838 97 520
24.2079971441104 105 667
0 32 0
16.7590200888783 63 465
0 32 0
30.3872959662566 119 919
55.3664349619302 142 1460
0 32 0
24.5073940192653 106 886
44.4161609175881 134 1000
28.0859118807137 92 871
0.124788946020956 35 3
16.1490689394874 83 514
6.08497159533043 60 378
45.5858680397976 121 1278
40.4033685384257 128 1141
43.6829054031399 135 930
28.0859118807137 92 871
72.865972230053 184 1730
107.589286550254 221 2485
0 32 0
22.4877337018935 89 790
1.50558245617379 51 171
0 32 0
9.93734216826376 82 496
36.3951792281245 113 791
31.9561906960017 115 1119
1.70178230517276 52 190
85.823727376442 184 1522
17.9286942236834 83 625
0 32 0
0.937477609899956 47 105
0 32 0
17.9286942236834 83 625
0 32 0
35.5341880021902 113 627
0 32 0
5.71090491989822 71 381
4.45526830818793 59 171
0 32 0
16.7590200888783 63 465
10.8293113330002 62 435
16.7590200888783 63 465
0 32 0
16.7590200888783 63 465
34.5558690706313 134 963
21.701206539807 88 765
54.6978243297444 123 752
9.58000682393086 63 225
0 32 0
22.4877337018935 89 790
7.86422330711981 61 406
17.9286942236834 83 625
11.4580263937344 92 479
0 32 0
42.9202578062897 120 1251
0 32 0
7.86422330711981 61 406
0 32 0
0 32 0
0 32 0
22.0155265847487 84 317
45.5858680397976 121 1278
4.05107627392515 58 325
0.215842563506638 37 10
0 32 0
0 32 0
16.7590200888783 63 465
0 32 0
0 32 0
16.7590200888783 63 465
3.43098472644233 64 289
45.9985537294689 140 1250
4.23261167118439 52 71
19.6124038730291 91 417
37.1344823304721 108 1005
14.7796703463048 77 484
63.9316036183849 168 1737
10.8293113330002 62 435
62.5785281009457 184 1575
0 32 0
4.89862706770256 59 351
0 32 0
26.6917762265575 86 236
8.67561254230813 70 242
0 32 0
0 32 0
16.7590200888783 63 465
22.9226657330117 104 835
10.8293113330002 62 435
0 32 0
0 32 0
4.05107627392515 58 325
69.3758123691225 168 1789
0 32 0
7.86422330711981 61 406
7.86422330711981 61 406
15.2748353472063 86 711
51.934609728651 147 1388
1.18634663856277 49 136
16.7590200888783 63 465
49.7128208839807 156 1503
1.15845337734418 48 81
2.92059422708598 56 276
36.6798563022088 118 1196
10.8293113330002 62 435
10.9263058372312 67 289
0 32 0
18.6930591441179 76 543
0 32 0
1.3354010993744 50 153
0 32 0
3.41526152366254 57 300
27.06455926171 91 841
23.5960295734437 90 816
40.3123089244706 135 1074
34.1662742078869 115 1109
29.21909595863 110 600
6.08497159533043 60 378
48.1958364627981 150 1378
78.24519218682 173 1925
47.3020491553021 139 1394
29.0607414218535 114 669
108.993404907325 232 2495
20.740715715271 83 409
32.5845828510361 113 871
52.1475827542058 154 1509
93.9292377934175 216 2134
0 32 0
19.3545465579551 81 618
13.921094963415 75 441
27.7606342814464 103 909
51.0125069136169 122 1306
0 32 0
7.96900391659299 62 142
0 32 0
16.7590200888783 63 465
5.73824436018332 64 181
0.832447517943181 46 91
0 32 0
21.701206539807 88 765
0.215842563506638 37 10
16.7590200888783 63 465
16.7590200888783 63 465
28.9039887777316 110 996
8.35095067392888 78 531
86.2366295851987 177 2035
32.3915671696491 114 1094
0 32 0
0 32 0
14.2459581127349 84 666
8.19413649643284 79 535
0 32 0
0 32 0
77.4275589899585 181 1661
78.24519218682 173 1925
25.5465484521412 86 340
1.50558245617379 51 171
14.3896430359036 73 262
28.0859118807137 92 871
18.0811118321161 88 757
46.3159943116753 137 1336
3.41526152366254 57 300
32.7938732772825 113 775
68.5040500951004 150 1684
7.26728309490873 61 132
0 32 0
16.7590200888783 63 465
87.6465306756214 208 1911
0 32 0
0 32 0
0 32 0
16.7590200888783 63 465
21.0845226271372 87 729
2.08890705564402 39 9
60.476502615597 164 1714
29.4432094579654 94 872
68.8210919670283 171 1879
0 32 0
0 32 0
0 32 0
25.2710597032663 91 843
62.013015368351 153 1587
33.7636563559666 93 900
19.05009447693 79 585
0 32 0
0 32 0
0 32 0
18.1859922016028 91 763
7.86422330711981 61 406
33.7636563559666 93 900
0 32 0
12.4149927956545 75 513
0 32 0
0 32 0
23.1797764872771 106 898
44.5821694759923 134 1306
15.8727517654463 86 703
16.7590200888783 63 465
6.08497159533043 60 378
24.1994047096979 112 781
0 32 0
0 32 0
11.9471937778586 70 463
23.3600802519821 104 847
32.1012022981047 116 1138
16.7590200888783 63 465
22.8461983446804 100 588
0 32 0
16.7590200888783 63 465
19.7704148246039 104 859
0 32 0
0 32 0
68.5040500951004 150 1684
0 32 0
0 32 0
0 32 0
0 32 0
0 32 0
49.7436418941022 141 1450
25.5594243667512 118 871
2.92059422708598 56 276
39.050775578543 116 1153
0 32 0
33.8439486409109 115 1111
32.5144981995144 124 1055
82.4285853048399 192 2076
7.86422330711981 61 406
0 32 0
34.838714582793 129 1179
0.937477609899956 47 105
0 32 0
30.2807436156439 100 899
8.84707977086898 67 387
0 32 0
79.2665448058237 174 1954
77.2238395678164 172 1895
0 32 0
33.8715179496969 112 519
56.8163079914776 157 1545
0 32 0
2.92059422708598 56 276
6.08497159533043 60 378
17.3936244488361 72 187
44.4748509862529 128 1239
24.5356303945905 92 571
0 32 0
0 32 0
25.9866002141857 109 725
1.70178230517276 52 190
0 32 0
6.08497159533043 60 378
94.4222259625647 197 2195
0.265386006684652 38 15
44.2366721102007 140 1421
10.8293113330002 62 435
16.7590200888783 63 465
16.7590200888783 63 465
0 32 0
0 32 0
0 32 0
37.1594484537146 114 1090
31.4933219372295 103 772
74.0356673388373 174 1741
0 32 0
26.4415208247968 108 595
7.86422330711981 61 406
23.4565046609721 89 784
13.3686840860971 63 101
33.7636563559666 93 900
9.67908524428092 71 193
42.6613709468191 124 910
63.7468007238799 155 1369
16.7472731166001 81 576
25.1462238218946 92 425
27.06455926171 91 841
7.86422330711981 61 406
33.7636563559666 93 900
11.424093499675 64 436
42.8928859364164 129 1215
0 32 0
33.7636563559666 93 900
61.0295346181373 154 1203
50.6221326546945 140 1449
44.5645154207939 120 1249
30.2076704546196 118 1034
19.9985101356135 84 675
0 32 0
25.2710597032663 91 843
40.316918758302 118 1200
81.3810359031094 183 1443
28.8640018760769 114 1086
0 32 0
2.8692613745443 58 256
16.7590200888783 63 465
0 32 0
23.5960295734437 90 816
2.52472020942009 55 253
1.12516675915706 42 24
0 32 0
68.3725128517765 181 1799
4.05107627392515 58 325
86.2366295851987 177 2035
2.52472020942009 55 253
23.4565046609721 89 784
16.7590200888783 63 465
10.9495425983279 67 231
0 32 0
0.215842563506638 37 10
0 32 0
1.18634663856277 49 136
16.7590200888783 63 465
0 32 0
60.4398607298266 149 1349
99.2142181435727 220 2206
10.8293113330002 62 435
10.8293113330002 62 435
7.86422330711981 61 406
30.7029134795866 123 1035
0 32 0
7.86422330711981 61 406
6.08497159533043 60 378
27.06455926171 91 841
0.124788946020956 35 3
0 32 0
4.05107627392515 58 325
28.5540624658253 119 756
8.50423899135587 65 412
0 32 0
0 32 0
55.3664349619302 142 1460
27.06455926171 91 841
7.86422330711981 61 406
0 32 0
0 32 0
0 32 0
4.17482608407772 62 211
53.1880946315451 143 1489
55.2267434433287 142 1476
48.2401304614484 154 1463
0 32 0
16.7590200888783 63 465
16.7590200888783 63 465
0 32 0
6.41217865376564 53 100
36.6798563022088 118 1196
31.6066866016802 113 561
76.3785897769468 169 1644
63.3275673865693 149 1657
1.05467651083349 48 120
4.05107627392515 58 325
16.7590200888783 63 465
0 32 0
60.8565105579858 156 1437
0 32 0
16.7590200888783 63 465
30.1782339811993 91 296
7.34826901300743 77 490
0 32 0
4.44584567172655 61 328
13.3455944553064 81 606
23.5960295734437 90 816
0 32 0
27.06455926171 91 841
0 32 0
0 32 0
6.08497159533043 60 378
36.6182777215371 105 739
0 32 0
38.1911710904202 140 1004
21.1143179601591 87 741
46.3981896744848 130 1154
7.86422330711981 61 406
0 32 0
43.0264813392421 133 1313
0 32 0
0 32 0
0 32 0
16.7590200888783 63 465
85.1517819410324 187 1702
51.0125069136169 122 1306
10.8293113330002 62 435
0 32 0
0 32 0
0 32 0
0 32 0
18.5620182220174 95 637
0 32 0
4.59733414176404 70 367
10.8293113330002 62 435
16.049520154812 87 735
33.7636563559666 93 900
57.2079421443456 155 1484
28.3382983385773 109 910
57.8791697631324 170 1422
28.1979984060988 106 588
21.1143179601591 87 741
1.50558245617379 51 171
29.5630289281045 115 1113
36.2300469207408 120 749
0 32 0
0 32 0
25.9006067716106 119 944
86.2366295851987 177 2035
0.573578608331536 43 55
5.02436301596072 56 133
0 32 0
78.2653065059873 175 1662
16.7590200888783 63 465
26.2694196855441 97 738
94.9692913660932 203 1607
2.52472020942009 55 253
10.8293113330002 62 435
16.7590200888783 63 465
2.52472020942009 55 253
33.1449215888833 114 1082
16.7590200888783 63 465
0 32 0
65.7941876798419 165 1733
16.7590200888783 63 465
62.6367173752544 161 1631
12.9944757945997 66 158
19.5378859257723 82 636
0.0823046681913565 34 1
25.2710597032663 91 843
23.5960295734437 90 816
83.4448130922417 199 2013
8.50582741004468 70 343
47.1488193352875 133 1281
28.0859118807137 92 871
23.9704310961076 111 1017
23.3169550102637 85 576
4.89862706770256 59 351
3.41526152366254 57 300
28.8640018760769 114 1086
1.95525899245086 42 21
0 32 0
0.435881257155603 41 36
14.8533318964048 73 197
55.0366363772406 133 1361
2.92059422708598 56 276
25.2710597032663 91 843
16.7590200888783 63 465
16.7590200888783 63 465
0 32 0
0 32 0
0 32 0
34.1196366487426 116 1141
76.8431974658594 191 1944
18.7211017616595 92 646
7.86422330711981 61 406
0 32 0
0 32 0
19.330263397306 85 676
0 32 0
19.5239122355442 80 361
37.515098482465 129 1219
24.8362662027812 102 784
0.374878034624036 40 28
33.7636563559666 93 900
20.4191248539467 89 389
10.8293113330002 62 435
90.6416533362697 169 1097
16.7590200888783 63 465
9.16357773794287 61 136
0 32 0
0 32 0
51.0125069136169 122 1306
0 32 0
55.5202503374408 159 1566
52.5493230590053 144 924
0 32 0
6.08497159533043 60 378
0 32 0
51.2944471821599 153 1417
74.0356673388373 174 1741
13.0516421704583 82 601
22.2447064737695 89 730
9.86110566821242 71 220
21.531128111311 90 813
0 32 0
1.3354010993744 50 153
15.4128766013786 78 332
14.6382437183703 83 449
6.08497159533043 60 378
18.3090087491301 72 501
0 32 0
16.7590200888783 63 465
21.531128111311 90 813
69.3812999040867 178 1605
63.1538509627563 163 1692
42.9590007016397 141 1159
0.435881257155603 41 36
0 32 0
0.265386006684652 38 15
43.2746189440859 129 1195
0 32 0
51.0125069136169 122 1306
8.58316466299899 66 416
52.9662691763771 148 1220
62.3497655677486 157 1338
21.531128111311 90 813
96.464931200572 199 2254
24.5073940192653 106 886
16.7590200888783 63 465
16.7590200888783 63 465
0 32 0
32.8806887396322 114 1102
0 32 0
33.7636563559666 93 900
3.41526152366254 57 300
31.2295015404165 123 1066
27.534231279079 109 974
0 32 0
9.30202352681362 74 484
17.9286942236834 83 625
6.08497159533043 60 378
17.6196396264578 86 311
35.2704232410494 126 956
0 32 0
0 32 0
38.0629457126359 126 1066
38.7097419728596 106 387
43.2597939752436 150 1371
97.1059466737092 213 2010
2.20068573862297 54 231
20.1325973343376 96 549
85.7589874771692 189 1799
25.2710597032663 91 843
28.0859118807137 92 871
78.7129620989838 164 1727
0.435881257155603 41 36
0 32 0
9.12384405540045 61 150
31.6925678506202 123 852
0.651861446803709 44 66
16.7590200888783 63 465
0 32 0
35.0114408622163 134 1132
27.06455926171 91 841
7.88846085803274 80 439
16.7590200888783 63 465
19.9985101356135 84 675
0 32 0
0 32 0
10.8293113330002 62 435
0 32 0
0 32 0
39.5901289575068 117 1176
23.5960295734437 90 816
3.1301456203431 55 157
39.2819473147562 119 1222
0.832447517943181 46 91
0 32 0
4.17563011685507 47 34
16.7590200888783 63 465
0 32 0
16.7590200888783 63 465
0 32 0
1.3354010993744 50 153
22.3848496674037 110 746
48.1848168763966 125 1284
0 32 0
16.7590200888783 63 465
0 32 0
33.7636563559666 93 900
32.6703088713135 106 766
0 32 0
0 32 0
1.05467651083349 48 120
39.186363909534 134 1022
13.272054798539 71 453
0 32 0
0 32 0
46.2959522892416 138 1360
38.8368478898166 116 1141
0 32 0
38.7907671512346 143 1234
35.4473162239714 115 901
0.651861446803709 44 66
0 32 0
51.1512781603318 146 1069
41.6713659720736 137 1125
24.6310542069619 103 870
28.7577676054344 95 847
0 32 0
0 32 0
0 32 0
10.0883812202216 66 410
0 32 0
57.5127184078493 150 1450
0 32 0
16.7590200888783 63 465
1.44581867122816 37 4
53.8045476639796 152 1259
1.50558245617379 51 171
0 32 0
6.08497159533043 60 378
16.7590200888783 63 465
16.7590200888783 63 465
16.7590200888783 63 465
33.1449215888833 114 1082
0.501871324887362 42 45
16.7590200888783 63 465
41.1057027639955 118 1194
0 32 0
16.7590200888783 63 465
41.1057027639955 118 1194
0 32 0
0 32 0
10.8293113330002 62 435
16.7590200888783 63 465
25.5259917837317 110 979
7.86422330711981 61 406
36.6192293728727 118 1012
0.0823046681913565 34 1
0 32 0
0 32 0
27.06455926171 91 841
0.832447517943181 46 91
19.7497276723324 83 655
0 32 0
36.2475192981639 127 1015
31.9561906960017 115 1119
27.06455926171 91 841
41.9795821932068 125 1177
23.6549162341636 102 786
0 32 0
7.86422330711981 61 406
63.8588494375549 164 1715
21.0845226271372 87 729
81.6034822543367 189 1859
16.7472731166001 81 576
6.08497159533043 60 378
10.8293113330002 62 435
76.0355543125007 182 1621
33.347249172108 122 840
0 32 0
4.07697507344704 57 146
0 32 0
15.8727517654463 86 703
16.7472731166001 81 576
75.8527641869266 176 1564
0 32 0
0 32 0
18.5542941363376 91 508
6.08497159533043 60 378
28.0859118807137 92 871
33.7636563559666 93 900
37.1344823304721 108 1005
10.8293113330002 62 435
0 32 0
44.7992476419554 147 1146
16.7590200888783 63 465
6.28639916512591 72 316
16.7590200888783 63 465
41.3483548361232 119 1225
0 32 0
88.9464102856524 203 1667
30.5041615803142 102 916
28.0859118807137 92 871
18.0811118321161 88 757
16.7590200888783 63 465
151.12278106193 278 2984
33.7636563559666 93 900
0 32 0
33.7636563559666 93 900
13.1178028737211 73 400
44.8392006688739 144 1393
33.7636563559666 93 900
16.7590200888783 63 465
0 32 0
0 32 0
32.5110789152535 96 594
44.6086224556162 129 1249
16.7590200888783 63 465
12.6560281985936 77 540
41.0738938451947 126 1186
0 32 0
0 32 0
24.7699987271966 101 796
28.9423832189411 103 599
57.6024534335705 138 1019
0 32 0
70.2480511075954 176 1622
27.06455926171 91 841
28.0859118807137 92 871
8.29453262602789 72 230
0 32 0
69.4373535322909 164 1628
0 32 0
0 32 0
0 32 0
23.5960295734437 90 816
0 32 0
0 32 0
6.08497159533043 60 378
38.8368478898166 116 1141
3.41526152366254 57 300
16.7590200888783 63 465
33.7636563559666 93 900
0 32 0
71.9642302578405 164 1404
20.2960461111163 85 696
1.70178230517276 52 190
0 32 0
16.7590200888783 63 465
18.0811118321161 88 757
4.05107627392515 58 325
24.887944750272 97 515
93.9413165360591 204 2090
0 32 0
2.52472020942009 55 253
21.0950063059678 105 893
1.3354010993744 50 153
39.9896724326712 118 884
51.0125069136169 122 1306
0 32 0
7.86422330711981 61 406
33.687061438662 108 949
0 32 0
87.7228082006851 195 2148
31.6385776989492 114 1084
0 32 0
137.590047031817 259 2821
37.376510171605 121 1011
18.5487962133842 83 535
9.0741843029965 87 549
0 32 0
81.7605096613573 189 2011
0 32 0
63.2833163405682 167 1670
10.8293113330002 62 435
43.5431628017903 119 1219
10.6288696066384 81 596
5.42998417239966 68 310
0 32 0
23.4565046609721 89 784
0 32 0
20.469967221115 96 703
52.7206702845443 146 1523
79.5772754693003 178 1735
1.50558245617379 51 171
68.5040500951004 150 1684
2.92059422708598 56 276
37.7125965068699 131 1077
0 32 0
6.08497159533043 60 378
20.5953806271593 106 901
28.039905143259 120 1039
0 32 0
16.7590200888783 63 465
18.3267213700503 96 661
16.7590200888783 63 465
6.41217865376564 53 100
31.1179739344147 111 1031
4.89862706770256 59 351
0 32 0
0 32 0
32.3181362084024 110 796
0 32 0
77.2238395678164 172 1895
44.0864442723614 134 1264
20.4266568700336 81 241
0 32 0
26.5175505565695 108 961
16.7590200888783 63 465
44.5645154207939 120 1249
0 32 0
16.7590200888783 63 465
0 32 0
16.7590200888783 63 465
0 32 0
29.824022656655 112 1031
2.92059422708598 56 276
2.92059422708598 56 276
28.0859118807137 92 871
4.05107627392515 58 325
7.86422330711981 61 406
1.93052051132863 53 210
0 32 0
24.5892181593229 86 556
13.2297133314995 52 35
5.54058816321192 71 367
0 32 0
10.8293113330002 62 435
33.7636563559666 93 900
27.06455926171 91 841
0 32 0
0 32 0
2.20068573862297 54 231
0 32 0
13.2329831875452 89 445
0 32 0
0 32 0
44.2160419654409 137 1070
6.08497159533043 60 378
19.3111611938965 89 406
18.7801388841438 89 786
1.18634663856277 49 136
10.9263058372312 67 289
112.911671452213 237 2324
0 32 0
29.8320546728838 104 919
2.52472020942009 55 253
0 32 0
25.6954478669103 114 925
0.265386006684652 38 15
0 32 0
21.5185812410137 105 730
21.1725916713912 95 433
31.7061550116715 112 885
16.7590200888783 63 465
58.3818027444493 153 1507
13.0007773659389 95 651
42.5978623154638 131 986
35.3382029892448 115 746
0 32 0
2.71871183347317 41 16
10.8293113330002 62 435
13.0516421704583 82 601
0 32 0
0 32 0
0 32 0
16.7590200888783 63 465
16.7590200888783 63 465
16.7590200888783 63 465
25.888361755164 105 855
8.66125181358508 67 421
7.86422330711981 61 406
0 32 0
21.2997398357004 89 657
7.86422330711981 61 406
37.2751200649459 109 1020
0 32 0
7.55072193526729 83 465
22.4877337018935 89 790
0 32 0
4.05107627392515 58 325
0 32 0
0 32 0
51.0125069136169 122 1306
0 32 0
25.712561617267 100 551
4.39030890743397 63 231
70.3926008245281 170 1867
16.7590200888783 63 465
0 32 0
0 32 0
12.3567386624754 71 361
0.0823046681913565 34 1
16.7590200888783 63 465
0 32 0
117.448479761477 240 2366
18.9206949492605 78 570
0 32 0
0 32 0
0 32 0
12.2115695860113 73 490
33.746355115703 127 820
17.8400177963017 67 471
16.7590200888783 63 465
0 32 0
43.5431628017903 119 1219
30.1416356537075 113 1060
0 32 0
0 32 0
10.8293113330002 62 435
0 32 0
25.2710597032663 91 843
16.7590200888783 63 465
8.01458305138021 79 541
11.1748712088933 78 507
25.8739886328583 95 631
0 32 0
0 32 0
3.92048719130185 63 231
0 32 0
41.3483548361232 119 1225
0 32 0
4.89862706770256 59 351
6.08497159533043 60 378
0 32 0
0 32 0
6.55121116405449 47 31
38.5742813642995 132 1005
0 32 0
57.4349179555387 164 1649
0 32 0
0 32 0
66.6852830033353 162 1705
16.7590200888783 63 465
1.70178230517276 52 190
13.275907973496 85 678
63.7250776597002 153 1029
0 32 0
16.7590200888783 63 465
29.0174621236385 112 1047
0 32 0
10.8293113330002 62 435
60.2635095295583 146 1570
0 32 0
23.5960295734437 90 816
38.5134177857097 128 1111
0 32 0
69.6610694958941 169 1827
78.2779373394426 175 1834
0 32 0
0 32 0
7.86422330711981 61 406
0.501871324887362 42 45
16.7590200888783 63 465
61.0749660520101 151 1420
7.86422330711981 61 406
91.9284533365766 198 2230
0 32 0
34.6837307349841 110 994
17.9286942236834 83 625
80.6931278152838 180 1254
41.0082236914908 129 1165
0 32 0
5.63404291613465 66 372
43.5431628017903 119 1219
0 32 0
0 32 0
30.9375618624866 110 850
56.5387997271056 142 1496
7.86422330711981 61 406
0 32 0
1.0355463193636 44 39
31.735111582046 124 1025
34.4305744898419 125 1029
1.44581867122816 37 4
1.43952438200209 51 137
45.5858680397976 121 1278
11.1748712088933 78 507
16.7590200888783 63 465
19.7078892232572 104 737
0 32 0
0 32 0
0 32 0
18.6930591441179 76 543
53.3817134422957 145 1554
16.7590200888783 63 465
0 32 0
0 32 0
27.6630772315107 86 272
0 32 0
28.8640018760769 114 1086
0 32 0
10.8293113330002 62 435
31.9561906960017 115 1119
21.531128111311 90 813
0 32 0
0 32 0
62.9965235200573 135 641
21.701206539807 88 765
57.3839833143603 153 1477
3.41526152366254 57 300
0 32 0
90.215303787122 205 1934
33.7636563559666 93 900
19.0981602187563 104 864
27.06455926171 91 841
0 32 0
44.1338582344033 123 1036
74.5076314744697 184 1869
0 32 0
16.7590200888783 63 465
7.86422330711981 61 406
7.17542443185521 77 367
0 32 0
68.5040500951004 150 1684
16.7590200888783 63 465
58.691086197824 158 1428
16.7590200888783 63 465
12.523858264125 86 472
0 32 0
0.16913215315705 36 6
58.9955450465187 146 1576
0 32 0
12.3567386624754 71 361
3.41526152366254 57 300
0 32 0
28.0859118807137 92 871
16.7590200888783 63 465
0 32 0
43.5431628017903 119 1219
20.7199651285686 107 925
16.7590200888783 63 465
7.86422330711981 61 406
9.94484857692105 68 202
0 32 0
0 32 0
0 32 0
0 32 0
0 32 0
4.05107627392515 58 325
33.7636563559666 93 900
0 32 0
4.05107627392515 58 325
