"COLLES.MDM.LN" "SACKIN" "COPHENETIC"
0 49 0
2.09268603845555 82 528
3.05244704470409 86 666
0 49 0
0 49 0
0 49 0
0 49 0
0 49 0
1.01097492476053 73 276
0 49 0
0 49 0
0 49 0
12.2215135891333 95 1035
0 49 0
0 49 0
26.4940697929114 101 1134
0 49 0
0 49 0
0 49 0
0 49 0
25.4631432169667 97 1128
60.7082573461516 186 3070
25.4631432169667 97 1128
0 49 0
0 49 0
0 49 0
28.3628762592865 126 1534
0 49 0
0 49 0
63.5136135917346 221 3255
0 49 0
0 49 0
0 49 0
0 49 0
0 49 0
0 49 0
0 49 0
0 49 0
0.575198370212252 66 136
0 49 0
0 49 0
0 49 0
0 49 0
0 49 0
0 49 0
0 49 0
25.4631432169667 97 1128
0 49 0
0 49 0
0 49 0
0 49 0
0 49 0
0 49 0
0 49 0
0 49 0
0 49 0
0 49 0
0 49 0
0 49 0
1.27790271331371 76 351
0 49 0
0 49 0
26.4116126749658 131 1524
0 49 0
3.85127617397208 69 91
0 49 0
0 49 0
0 49 0
23.3388660924478 160 2026
0 49 0
0 49 0
16.6354575696986 96 1081
0 49 0
9.57306291826206 94 990
0 49 0
25.4631432169667 97 1128
32.9372502514792 139 1989
25.4631432169667 97 1128
0 49 0
0 49 0
0 49 0
0 49 0
0 49 0
1.18156391322817 75 325
0 49 0
0 49 0
0 49 0
25.4631432169667 97 1128
4.86419626256617 90 820
33.1580991877498 141 2071
0 49 0
0 49 0
3.39222309804747 87 703
0 49 0
25.4631432169667 97 1128
0 49 0
16.6354575696986 96 1081
0 49 0
3.39222309804747 87 703
9.57306291826206 94 990
0 49 0
21.4211231826117 162 2154
0 49 0
0.3235571636742 60 55
0 49 0
0 49 0
25.4631432169667 97 1128
0 49 0
0 49 0
0 49 0
0 49 0
0 49 0
0 49 0
0 49 0
4.27546269744718 89 780
0 49 0
0 49 0
0 49 0
0 49 0
25.4631432169667 97 1128
0 49 0
27.1752239546547 111 1219
0 49 0
0 49 0
0 49 0
2.0857519993175 64 51
0 49 0
12.2215135891333 95 1035
0 49 0
0 49 0
0 49 0
0 49 0
3.79372176780748 88 741
25.4631432169667 97 1128
0 49 0
25.4631432169667 97 1128
0 49 0
0 49 0
25.4631432169667 97 1128
24.1374572393464 138 1938
0 49 0
0 49 0
0 49 0
0 49 0
3.05244704470409 86 666
0 49 0
5.60004780093214 91 861
0 49 0
3.79372176780748 88 741
0 49 0
0 49 0
25.4631432169667 97 1128
0 49 0
0 49 0
0 49 0
0 49 0
0 49 0
42.6102128207585 143 2163
9.57306291826206 94 990
0 49 0
25.4631432169667 97 1128
0 49 0
0 49 0
0 49 0
6.54607117970222 92 903
0 49 0
3.05244704470409 86 666
0 49 0
13.9851190546584 129 1564
25.4631432169667 97 1128
2.28770467334335 83 561
2.09268603845555 82 528
16.6354575696986 96 1081
4.86419626256617 90 820
3.79372176780748 88 741
0 49 0
0 49 0
0 49 0
0 49 0
0 49 0
16.6354575696986 96 1081
0 49 0
0 49 0
28.0353042631201 123 1453
0 49 0
0 49 0
31.6331289164904 163 2113
0 49 0
37.3034286423262 202 2881
0.798836073653224 70 210
0 49 0
33.1580991877498 141 2071
0 49 0
0 49 0
0 49 0
0 49 0
0 49 0
0 49 0
0 49 0
42.6102128207585 143 2163
0 49 0
0 49 0
0 49 0
0 49 0
1.27790271331371 76 351
4.86419626256617 90 820
0 49 0
18.7110151462091 121 1381
51.8493843678384 176 2389
16.6354575696986 96 1081
0 49 0
35.8270663311126 178 2290
16.6354575696986 96 1081
0 49 0
25.4631432169667 97 1128
0 49 0
25.4631432169667 97 1128
9.57306291826206 94 990
0 49 0
0 49 0
0 49 0
0 49 0
0 49 0
0 49 0
2.09268603845555 82 528
0 49 0
0 49 0
0 49 0
0 49 0
0 49 0
0 49 0
16.6354575696986 96 1081
0 49 0
0 49 0
0 49 0
7.80735592698529 93 946
26.4113214526141 130 1600
0 49 0
1.76410737777666 80 465
0 49 0
5.60004780093214 91 861
0 49 0
16.7827291164491 106 784
0.223141687276212 57 28
1.09288368757201 74 300
0 49 0
0 49 0
0 49 0
0 49 0
16.6354575696986 96 1081
0 49 0
0 49 0
0 49 0
0 49 0
0 49 0
16.6354575696986 96 1081
9.57306291826206 94 990
0 49 0
0 49 0
0 49 0
0 49 0
25.4631432169667 97 1128
0 49 0
0 49 0
16.6354575696986 96 1081
0 49 0
0 49 0
2.49045936983218 89 416
0 49 0
25.4631432169667 97 1128
0 49 0
25.4631432169667 97 1128
2.50867632707004 84 595
0 49 0
0 49 0
0.527338255416746 65 120
16.6354575696986 96 1081
0.737438998908198 69 190
25.4631432169667 97 1128
0 49 0
0 49 0
25.5610121683132 138 1280
3.71329126527278 95 522
0 49 0
25.4631432169667 97 1128
6.88008537685399 95 906
0 49 0
25.4631432169667 97 1128
0 49 0
0 49 0
57.3676927414999 202 2974
0 49 0
25.4631432169667 97 1128
0 49 0
0 49 0
0 49 0
0 49 0
0 49 0
0 49 0
0 49 0
0 49 0
0 49 0
12.2215135891333 95 1035
0 49 0
4.27546269744718 89 780
0 49 0
2.50867632707004 84 595
0 49 0
12.2215135891333 95 1035
7.80735592698529 93 946
38.35140216426 142 2118
29.1647379353556 134 1764
0 49 0
2.28770467334335 83 561
0 49 0
0 49 0
0 49 0
0 49 0
0 49 0
0 49 0
0 49 0
0 49 0
0 49 0
9.57306291826206 94 990
0 49 0
25.4631432169667 97 1128
0 49 0
0 49 0
0 49 0
0 49 0
0 49 0
0 49 0
16.6354575696986 96 1081
6.54607117970222 92 903
11.0513122228956 127 1498
0 49 0
0 49 0
0 49 0
53.086652243363 183 2928
0 49 0
0 49 0
0 49 0
0 49 0
25.4631432169667 97 1128
0 49 0
0 49 0
0 49 0
0 49 0
0 49 0
0 49 0
16.6354575696986 96 1081
0 49 0
9.57306291826206 94 990
0 49 0
0 49 0
0 49 0
6.54607117970222 92 903
43.2951494853313 200 2845
12.2215135891333 95 1035
0 49 0
0 49 0
0 49 0
0 49 0
0 49 0
0 49 0
51.1820950660617 144 2209
0 49 0
9.39005763169989 116 1199
0 49 0
0 49 0
0 49 0
12.2215135891333 95 1035
0 49 0
2.50867632707004 84 595
15.2446148072673 128 1523
25.4631432169667 97 1128
0 49 0
0 49 0
25.4631432169667 97 1128
0 49 0
0 49 0
1.44200112514557 78 352
6.54607117970222 92 903
0 49 0
12.8503620967708 131 1370
6.54607117970222 92 903
0 49 0
0.625969265331751 67 153
0 49 0
41.5888602017549 142 2116
0 49 0
0 49 0
1.27790271331371 76 351
0 49 0
0 49 0
0 49 0
0 49 0
0 49 0
0 49 0
0 49 0
0 49 0
0 49 0
25.4631432169667 97 1128
0 49 0
0 49 0
62.921169208616 186 3064
0 49 0
0 49 0
0 49 0
3.39222309804747 87 703
0 49 0
0 49 0
7.80735592698529 93 946
42.6102128207585 143 2163
0 49 0
0 49 0
0 49 0
0 49 0
51.1820950660617 144 2209
0 49 0
0 49 0
12.3130634430416 125 1455
0 49 0
0 49 0
0 49 0
0 49 0
0 49 0
0 49 0
0 49 0
0 49 0
53.1575017953616 176 2649
4.86419626256617 90 820
0 49 0
0 49 0
0 49 0
0 49 0
0 49 0
18.7198249008754 135 1810
0 49 0
0 49 0
0 49 0
0 49 0
34.6544387243727 175 2604
0 49 0
13.0169626894905 127 1486
0 49 0
30.810083903734 136 1869
0 49 0
0 49 0
4.27546269744718 89 780
4.97678995913053 66 64
0 49 0
31.3584026813778 137 1908
0 49 0
0 49 0
25.4631432169667 97 1128
25.4631432169667 97 1128
60.4650997655774 207 3114
0 49 0
0 49 0
0 49 0
1.13247393202497 58 18
16.6354575696986 96 1081
0 49 0
0 49 0
51.1820950660617 144 2209
2.76116513479706 85 630
4.27546269744718 89 780
0 49 0
51.1820950660617 144 2209
0 49 0
0 49 0
0 49 0
4.86419626256617 90 820
15.7259826574025 121 1261
25.4631432169667 97 1128
11.5340224331536 126 1450
0 49 0
9.06277034394233 106 786
0 49 0
0 49 0
3.79372176780748 88 741
0 49 0
0.737438998908198 69 190
9.57306291826206 94 990
0 49 0
1.01097492476053 73 276
0 49 0
0 49 0
25.4631432169667 97 1128
0.398779040069824 62 78
0 49 0
12.2215135891333 95 1035
0 49 0
51.1820950660617 144 2209
25.4631432169667 97 1128
0 49 0
0 49 0
2.76116513479706 85 630
64.7357242509102 188 3155
6.54607117970222 92 903
0 49 0
9.57306291826206 94 990
0 49 0
3.79372176780748 88 741
0 49 0
0 49 0
0 49 0
0 49 0
0 49 0
25.4631432169667 97 1128
0 49 0
0 49 0
33.3011838361246 138 1936
25.4631432169667 97 1128
25.4631432169667 97 1128
38.35140216426 142 2118
13.9351042884187 118 1288
0 49 0
0 49 0
1.27790271331371 76 351
0 49 0
0 49 0
0 49 0
0 49 0
0 49 0
0 49 0
0 49 0
0 49 0
25.4631432169667 97 1128
36.5368471219658 140 2025
51.1820950660617 144 2209
0 49 0
18.2744431509383 143 1568
0 49 0
0 49 0
0 49 0
0 49 0
0 49 0
1.91929257789223 81 496
0 49 0
0 49 0
0 49 0
0 49 0
0 49 0
25.4631432169667 97 1128
0 49 0
0 49 0
6.70857979946863 72 121
0 49 0
0 49 0
0 49 0
0 49 0
6.54607117970222 92 903
0 49 0
0 49 0
10.6811369594396 110 1110
0 49 0
7.80735592698529 93 946
0 49 0
0 49 0
31.3584026813778 137 1908
0 49 0
0 49 0
0 49 0
0 49 0
17.314920967806 133 1738
0 49 0
0 49 0
23.0241359338333 135 1807
0 49 0
4.27546269744718 89 780
12.2215135891333 95 1035
9.06857129377915 121 1269
0 49 0
0.398779040069824 62 78
0 49 0
0 49 0
0 49 0
0 49 0
0 49 0
0 49 0
0 49 0
0 49 0
0 49 0
0 49 0
0 49 0
0.3235571636742 60 55
0 49 0
27.0441731943904 185 2431
0 49 0
0 49 0
0 49 0
21.6710700279022 137 1896
0 49 0
0 49 0
0 49 0
0 49 0
0 49 0
0 49 0
0 49 0
0.679940464078484 68 171
0 49 0
0 49 0
6.54607117970222 92 903
0 49 0
0 49 0
0 49 0
0 49 0
16.6354575696986 96 1081
0 49 0
0 49 0
0 49 0
0 49 0
0 49 0
12.2215135891333 95 1035
0 49 0
0 49 0
0 49 0
0 49 0
12.2215135891333 95 1035
0 49 0
0 49 0
0 49 0
0 49 0
48.4032326779285 179 2754
0 49 0
0 49 0
0 49 0
12.2215135891333 95 1035
0 49 0
25.4631432169667 97 1128
0 49 0
0 49 0
3.05244704470409 86 666
0 49 0
0 49 0
0 49 0
10.1636790750939 84 289
12.2215135891333 95 1035
0 49 0
0 49 0
0 49 0
0 49 0
5.60004780093214 91 861
0 49 0
0 49 0
0 49 0
0 49 0
25.8183930805797 160 2107
0 49 0
0 49 0
0 49 0
33.1580991877498 141 2071
0 49 0
0 49 0
0 49 0
41.5888602017549 142 2116
0 49 0
0 49 0
0 49 0
0 49 0
11.9124337657325 90 400
12.3130634430416 125 1455
0 49 0
25.4631432169667 97 1128
16.6354575696986 96 1081
64.4923872267846 216 2828
25.4631432169667 97 1128
25.4631432169667 97 1128
0 49 0
0 49 0
0 49 0
3.79372176780748 88 741
0 49 0
5.60004780093214 91 861
0 49 0
32.2732355963524 147 1897
0.439347301136679 63 91
0 49 0
0 49 0
2.76116513479706 85 630
0 49 0
25.4631432169667 97 1128
0 49 0
0 49 0
0 49 0
4.73649335923731 108 883
0 49 0
0 49 0
0 49 0
0 49 0
32.424445904017 145 1657
11.2933667811696 118 1266
0 49 0
0 49 0
0 49 0
5.60004780093214 91 861
0 49 0
13.6927797704902 96 529
0 49 0
0 49 0
16.6354575696986 96 1081
0 49 0
0 49 0
0 49 0
0 49 0
30.6169549559878 156 1952
0 49 0
0 49 0
38.35140216426 142 2118
0 49 0
41.5888602017549 142 2116
25.4631432169667 97 1128
0 49 0
0 49 0
0 49 0
0 49 0
12.2215135891333 95 1035
0 49 0
0 49 0
0 49 0
0 49 0
25.4631432169667 97 1128
25.4631432169667 97 1128
0.0796525187367804 52 3
28.1931770653651 140 1645
0 49 0
0 49 0
9.57306291826206 94 990
0 49 0
0 49 0
25.4631432169667 97 1128
0 49 0
0 49 0
0 49 0
0 49 0
25.4631432169667 97 1128
0 49 0
0 49 0
0 49 0
0 49 0
0 49 0
0 49 0
42.6102128207585 143 2163
0 49 0
0 49 0
0 49 0
0 49 0
0.737438998908198 69 190
0 49 0
0 49 0
6.54607117970222 92 903
15.7259826574025 121 1261
17.6834598158584 157 1915
0 49 0
0 49 0
0 49 0
0 49 0
0 49 0
0 49 0
0 49 0
0 49 0
35.8126907824312 141 2074
7.80735592698529 93 946
0 49 0
2.50867632707004 84 595
0 49 0
0 49 0
25.4631432169667 97 1128
7.80735592698529 93 946
12.2215135891333 95 1035
9.57306291826206 94 990
19.0372522134653 124 1459
1.91929257789223 81 496
0 49 0
8.48806860926976 118 1228
0 49 0
0 49 0
0 49 0
0 49 0
0 49 0
0 49 0
0 49 0
0 49 0
0 49 0
0 49 0
0 49 0
0 49 0
0 49 0
0 49 0
0 49 0
0 49 0
7.80735592698529 93 946
0 49 0
25.4631432169667 97 1128
0 49 0
0 49 0
0 49 0
0 49 0
0 49 0
17.1813371503393 136 1675
25.4631432169667 97 1128
0 49 0
25.4631432169667 97 1128
0 49 0
0 49 0
30.8700385713208 179 2222
25.4631432169667 97 1128
0 49 0
0 49 0
7.80735592698529 93 946
9.57306291826206 94 990
0 49 0
25.4631432169667 97 1128
16.6354575696986 96 1081
0 49 0
0 49 0
25.4631432169667 97 1128
25.4631432169667 97 1128
25.4631432169667 97 1128
0 49 0
16.6354575696986 96 1081
25.4631432169667 97 1128
0 49 0
0 49 0
0 49 0
0 49 0
0 49 0
25.4631432169667 97 1128
16.6354575696986 96 1081
0 49 0
0 49 0
32.9372502514792 139 1989
0 49 0
18.7628803606387 112 961
0 49 0
0 49 0
0 49 0
0 49 0
0 49 0
0 49 0
0 49 0
0 49 0
0 49 0
0 49 0
0 49 0
0 49 0
37.150567990766 161 2037
0 49 0
0 49 0
0 49 0
0 49 0
0 49 0
0 49 0
0 49 0
12.2215135891333 95 1035
0 49 0
0 49 0
0 49 0
0 49 0
0 49 0
17.2012992129217 98 1082
0 49 0
17.9195071705244 135 1107
0 49 0
11.2514549092628 143 1518
0 49 0
0 49 0
0 49 0
18.9189439143489 123 1432
0 49 0
5.58708349963799 102 886
0 49 0
0 49 0
0 49 0
0 49 0
0 49 0
12.2215135891333 95 1035
0 49 0
0 49 0
25.969263150754 163 2122
0 49 0
0.162850504101945 55 15
0 49 0
0 49 0
0 49 0
0 49 0
0 49 0
0 49 0
41.1223159656324 173 2553
0 49 0
3.79372176780748 88 741
16.6354575696986 96 1081
0 49 0
0 49 0
36.5368471219658 140 2025
0 49 0
0 49 0
0 49 0
9.76984697897235 124 1399
18.2385154481811 115 1252
0 49 0
0 49 0
0 49 0
2.28770467334335 83 561
0 49 0
0 49 0
0 49 0
0 49 0
9.57306291826206 94 990
16.6354575696986 96 1081
0 49 0
0 49 0
76.5546499444618 271 4123
0 49 0
0 49 0
9.57306291826206 94 990
0 49 0
25.4631432169667 97 1128
16.6354575696986 96 1081
25.4631432169667 97 1128
0 49 0
0 49 0
0 49 0
0.527338255416746 65 120
2.76116513479706 85 630
0 49 0
0 49 0
0 49 0
2.61811126867692 58 16
0 49 0
0 49 0
0 49 0
0 49 0
0 49 0
0 49 0
27.4856493389312 116 1299
0 49 0
0.223141687276212 57 28
0 49 0
25.4631432169667 97 1128
0 49 0
0 49 0
0 49 0
0 49 0
25.4631432169667 97 1128
25.4631432169667 97 1128
0 49 0
0 49 0
0 49 0
42.6102128207585 143 2163
25.4631432169667 97 1128
0 49 0
0 49 0
0 49 0
0 49 0
0 49 0
0 49 0
0 49 0
0 49 0
0 49 0
0 49 0
0 49 0
0 49 0
30.6010784998588 155 1934
0 49 0
0 49 0
26.6605979443281 103 1143
0 49 0
0.482131342234263 64 105
0 49 0
16.6354575696986 96 1081
1.01097492476053 73 276
0 49 0
0 49 0
25.4631432169667 97 1128
0.625969265331751 67 153
45.7314744108477 181 2854
0 49 0
4.86419626256617 90 820
0 49 0
0 49 0
0 49 0
0 49 0
0 49 0
0 49 0
4.86419626256617 90 820
16.6354575696986 96 1081
16.067930701242 125 1254
25.4631432169667 97 1128
0.482131342234263 64 105
0 49 0
25.4631432169667 97 1128
0 49 0
0 49 0
0 49 0
1.27790271331371 76 351
0 49 0
0 49 0
0 49 0
0 49 0
9.57306291826206 94 990
0 49 0
16.6354575696986 96 1081
7.46411488359313 119 1215
0 49 0
1.76410737777666 80 465
15.6551613350572 129 1596
0 49 0
4.05628836605834 102 786
16.6354575696986 96 1081
12.2215135891333 95 1035
0 49 0
0 49 0
0 49 0
0 49 0
0 49 0
0 49 0
0 49 0
0 49 0
0 49 0
0 49 0
0 49 0
41.5888602017549 142 2116
0 49 0
9.57306291826206 94 990
0 49 0
0 49 0
0 49 0
0 49 0
12.2215135891333 95 1035
9.57306291826206 94 990
0 49 0
25.4631432169667 97 1128
0 49 0
16.6354575696986 96 1081
67.8184575736715 188 3153
25.4631432169667 97 1128
0 49 0
0 49 0
1.76410737777666 80 465
0 49 0
0 49 0
0 49 0
0 49 0
0 49 0
0 49 0
0 49 0
0 49 0
0 49 0
27.6800345661762 132 1681
0 49 0
16.6354575696986 96 1081
0 49 0
0 49 0
0 49 0
0 49 0
0 49 0
54.9416412796709 168 2485
0 49 0
0 49 0
0 49 0
0 49 0
0 49 0
0 49 0
0 49 0
25.1873994136807 137 1893
12.2215135891333 95 1035
2.28770467334335 83 561
2.50867632707004 84 595
0 49 0
0 49 0
0 49 0
0 49 0
0 49 0
0 49 0
0 49 0
0 49 0
0 49 0
0 49 0
0 49 0
0 49 0
0 49 0
36.5368471219658 140 2025
0 49 0
0 49 0
0 49 0
32.9372502514792 139 1989
25.4631432169667 97 1128
0 49 0
0 49 0
0 49 0
0 49 0
25.4631432169667 97 1128
16.6354575696986 96 1081
0.575198370212252 66 136
4.14301374937227 93 751
4.27546269744718 89 780
0 49 0
0 49 0
0 49 0
0 49 0
0.482131342234263 64 105
0 49 0
0 49 0
0 49 0
16.6354575696986 96 1081
0 49 0
25.4631432169667 97 1128
0 49 0
25.4631432169667 97 1128
5.60004780093214 91 861
0 49 0
0 49 0
0 49 0
0 49 0
0 49 0
12.2215135891333 95 1035
16.6354575696986 96 1081
41.5888602017549 142 2116
0 49 0
6.54607117970222 92 903
0 49 0
25.4631432169667 97 1128
0 49 0
0 49 0
35.3699959892614 185 1857
5.60004780093214 91 861
0 49 0
0 49 0
25.4631432169667 97 1128
0 49 0
11.7814447810454 122 1368
0 49 0
0 49 0
1.38294808984782 77 378
0 49 0
25.4631432169667 97 1128
0 49 0
0 49 0
0 49 0
0 49 0
25.4631432169667 97 1128
5.60004780093214 91 861
0 49 0
0 49 0
16.6354575696986 96 1081
0 49 0
0 49 0
6.54607117970222 92 903
3.64144795206923 74 146
0 49 0
0 49 0
0 49 0
0 49 0
0 49 0
0 49 0
0 49 0
0 49 0
0.93508155904448 72 253
16.6354575696986 96 1081
0 49 0
0 49 0
0 49 0
0 49 0
36.6121684068151 158 2184
0 49 0
4.86419626256617 90 820
12.2215135891333 95 1035
0 49 0
0 49 0
0 49 0
7.80735592698529 93 946
16.6354575696986 96 1081
0 49 0
0 49 0
0 49 0
0 49 0
0 49 0
0 49 0
0 49 0
4.5912274412317 93 786
0 49 0
25.4631432169667 97 1128
0 49 0
16.6354575696986 96 1081
0 49 0
20.3274286096755 140 1405
0 49 0
0 49 0
16.6354575696986 96 1081
25.4631432169667 97 1128
0 49 0
1.76410737777666 80 465
0 49 0
0 49 0
0 49 0
25.4631432169667 97 1128
0 49 0
0 49 0
0 49 0
0 49 0
0 49 0
4.86419626256617 90 820
0 49 0
0 49 0
0 49 0
4.27546269744718 89 780
32.0470794097352 138 1948
7.80735592698529 93 946
3.79372176780748 88 741
0 49 0
7.80735592698529 93 946
0 49 0
0 49 0
1.91929257789223 81 496
0 49 0
28.9606898916333 140 2027
0 49 0
0 49 0
0 49 0
0 49 0
9.20719261895053 114 1156
0 49 0
0 49 0
0.575198370212252 66 136
16.6354575696986 96 1081
0 49 0
0 49 0
0 49 0
16.6354575696986 96 1081
0 49 0
0 49 0
49.3476350113964 179 2446
0 49 0
0 49 0
0 49 0
0 49 0
0.482131342234263 64 105
0 49 0
31.3283298242895 161 2079
0 49 0
25.4631432169667 97 1128
12.2215135891333 95 1035
12.2215135891333 95 1035
3.9392354572234 97 568
20.9976189280892 136 1630
11.5312377934185 127 1507
0 49 0
0 49 0
0 49 0
16.6354575696986 96 1081
0 49 0
0 49 0
26.7341958322289 104 1149
0 49 0
0 49 0
2.50867632707004 84 595
0 49 0
1.27790271331371 76 351
0 49 0
0 49 0
0 49 0
0 49 0
3.79372176780748 88 741
0 49 0
0 49 0
3.39222309804747 87 703
0 49 0
0 49 0
0 49 0
25.4631432169667 97 1128
0 49 0
0 49 0
25.4631432169667 97 1128
0 49 0
0 49 0
3.05244704470409 86 666
0 49 0
0 49 0
0 49 0
2.0086844749787 56 9
0 49 0
0 49 0
0 49 0
0 49 0
0.3235571636742 60 55
16.6354575696986 96 1081
0 49 0
0 49 0
25.4631432169667 97 1128
0 49 0
0 49 0
0 49 0
0 49 0
0 49 0
0 49 0
16.6354575696986 96 1081
0 49 0
0 49 0
17.9920900086061 134 1776
0 49 0
2.09268603845555 82 528
3.79372176780748 88 741
11.4963686797771 123 1336
16.6354575696986 96 1081
0 49 0
16.6354575696986 96 1081
0 49 0
2.61811126867692 58 16
0 49 0
0 49 0
0 49 0
0 49 0
0 49 0
0 49 0
0 49 0
0 49 0
0 49 0
0 49 0
5.60004780093214 91 861
5.05709903240747 110 794
0 49 0
0 49 0
0 49 0
0 49 0
0 49 0
42.6102128207585 143 2163
4.93743930772327 89 384
0 49 0
0 49 0
35.8520354352369 142 1396
0 49 0
2.50867632707004 84 595
0 49 0
0 49 0
6.54607117970222 92 903
0 49 0
0 49 0
0 49 0
3.39222309804747 87 703
7.80735592698529 93 946
0 49 0
12.2215135891333 95 1035
0 49 0
0 49 0
6.54607117970222 92 903
0 49 0
7.80735592698529 93 946
0 49 0
59.794805098344 184 2977
0 49 0
0 49 0
14.2313037713299 121 1360
0 49 0
4.27546269744718 89 780
51.1820950660617 144 2209
25.4631432169667 97 1128
0 49 0
0 49 0
16.6354575696986 96 1081
1.76410737777666 80 465
3.79372176780748 88 741
0 49 0
35.3923451303505 161 2035
8.12793609398597 108 832
0 49 0
16.6354575696986 96 1081
0 49 0
12.2215135891333 95 1035
2.76116513479706 85 630
0 49 0
0 49 0
0 49 0
0 49 0
74.3897773330831 232 3473
12.2215135891333 95 1035
0 49 0
29.1647379353556 134 1764
7.80735592698529 93 946
2.76116513479706 85 630
9.57306291826206 94 990
0 49 0
0 49 0
9.57306291826206 94 990
25.4631432169667 97 1128
0 49 0
0 49 0
16.6354575696986 96 1081
12.9521176721464 122 1298
24.9869435597988 162 2089
36.5368471219658 140 2025
0 49 0
0 49 0
0 49 0
0 49 0
1.18156391322817 75 325
0 49 0
0 49 0
0 49 0
61.1066141663218 184 2971
0 49 0
0 49 0
0.798836073653224 70 210
0 49 0
0 49 0
0 49 0
16.6354575696986 96 1081
0 49 0
0 49 0
1.41427472157083 57 13
0 49 0
0 49 0
0 49 0
0 49 0
0 49 0
0 49 0
51.1820950660617 144 2209
1.49794729659425 78 406
0 49 0
0 49 0
0 49 0
0 49 0
1.27790271331371 76 351
27.6800345661762 132 1681
0 49 0
0 49 0
0 49 0
0 49 0
0 49 0
0 49 0
2.50867632707004 84 595
0 49 0
0.737438998908198 69 190
0 49 0
0 49 0
0 49 0
0 49 0
0 49 0
0 49 0
0 49 0
0 49 0
0 49 0
0 49 0
0.93508155904448 72 253
0 49 0
0 49 0
0 49 0
0 49 0
32.0470794097352 138 1948
7.80735592698529 93 946
0 49 0
0 49 0
0 49 0
0 49 0
0 49 0
25.4631432169667 97 1128
0 49 0
0 49 0
7.80735592698529 93 946
16.6354575696986 96 1081
0 49 0
25.4631432169667 97 1128
4.24650899615324 104 759
12.2215135891333 95 1035
40.4335919113108 176 2661
16.6354575696986 96 1081
12.2215135891333 95 1035
0 49 0
0 49 0
0 49 0
0 49 0
0 49 0
14.2961457321951 98 576
0 49 0
0 49 0
8.62561309346366 105 1012
0 49 0
0 49 0
0 49 0
0 49 0
0 49 0
0 49 0
0 49 0
0 49 0
3.39222309804747 87 703
0 49 0
12.2215135891333 95 1035
4.54355214468374 92 783
0 49 0
0 49 0
0 49 0
0 49 0
2.85144511678876 94 594
51.1820950660617 144 2209
0 49 0
0 49 0
0 49 0
0 49 0
0 49 0
0 49 0
0 49 0
0 49 0
0 49 0
0 49 0
0 49 0
0 49 0
7.80735592698529 93 946
7.80735592698529 93 946
0 49 0
0.360239220602049 61 66
0 49 0
0 49 0
0 49 0
0 49 0
0 49 0
0 49 0
0 49 0
0 49 0
0 49 0
0 49 0
0 49 0
0 49 0
0.360239220602049 61 66
0 49 0
0 49 0
12.8548885887485 100 1045
25.4631432169667 97 1128
6.50990874349914 99 801
0 49 0
9.57306291826206 94 990
12.2215135891333 95 1035
0 49 0
0 49 0
0 49 0
0 49 0
0 49 0
0 49 0
25.4631432169667 97 1128
25.4631432169667 97 1128
66.7971049546678 187 3106
6.54607117970222 92 903
0 49 0
0 49 0
0.86455511160188 71 231
0 49 0
0 49 0
0 49 0
0 49 0
16.6354575696986 96 1081
7.18886079189466 117 1138
0 49 0
13.9351042884187 118 1288
0 49 0
0 49 0
5.60004780093214 91 861
0 49 0
0 49 0
0 49 0
0 49 0
10.9732790111325 96 351
0 49 0
0 49 0
0 49 0
0.255150004188646 58 36
25.4631432169667 97 1128
0 49 0
25.4631432169667 97 1128
4.27546269744718 89 780
25.4631432169667 97 1128
2.28770467334335 83 561
0 49 0
0 49 0
0 49 0
1.27790271331371 76 351
0 49 0
0 49 0
91.3737876845819 233 4147
0 49 0
0 49 0
0 49 0
0 49 0
44.6299223694389 167 2132
0 49 0
0 49 0
16.6354575696986 96 1081
0 49 0
0 49 0
0 49 0
0 49 0
0 49 0
0 49 0
16.6354575696986 96 1081
0 49 0
0 49 0
0 49 0
31.6056513422026 157 1897
1.85475964419701 79 235
0 49 0
25.4631432169667 97 1128
0 49 0
6.54607117970222 92 903
0 49 0
0 49 0
0 49 0
0 49 0
0 49 0
51.1820950660617 144 2209
0 49 0
16.6354575696986 96 1081
0 49 0
3.79372176780748 88 741
0 49 0
7.80735592698529 93 946
0 49 0
33.2597983745442 176 2650
0 49 0
3.39222309804747 87 703
1.27790271331371 76 351
0 49 0
18.0139269479097 127 1483
0 49 0
0 49 0
0 49 0
0 49 0
0 49 0
0 49 0
0 49 0
0 49 0
0 49 0
25.4631432169667 97 1128
3.05244704470409 86 666
0 49 0
0 49 0
16.6354575696986 96 1081
49.8562563737575 181 2851
0 49 0
25.4631432169667 97 1128
0 49 0
0.798836073653224 70 210
44.2044056018642 180 2815
0 49 0
0 49 0
0 49 0
36.4139512848521 178 2722
0 49 0
0 49 0
0 49 0
28.78382372851 121 1324
0 49 0
0 49 0
0 49 0
40.258017538342 150 2146
0 49 0
0 49 0
25.4631432169667 97 1128
0 49 0
42.6102128207585 143 2163
0 49 0
0 49 0
0 49 0
0 49 0
0 49 0
5.60004780093214 91 861
0 49 0
0 49 0
41.5888602017549 142 2116
0 49 0
0 49 0
0 49 0
34.1310432621865 140 2031
77.1562486056976 190 3244
0 49 0
5.60004780093214 91 861
7.80735592698529 93 946
0 49 0
0 49 0
0 49 0
13.9786872654524 131 1649
1.18156391322817 75 325
1.09288368757201 74 300
15.5226355948862 102 676
0 49 0
25.2937081389226 128 1521
20.0877788314828 130 1642
19.3112020520389 126 1516
0 49 0
25.4631432169667 97 1128
0 49 0
0 49 0
1.27790271331371 76 351
0 49 0
0 49 0
4.86419626256617 90 820
2.76116513479706 85 630
16.774394171506 132 1701
38.35140216426 142 2118
25.4631432169667 97 1128
0 49 0
2.09268603845555 82 528
0 49 0
0 49 0
0 49 0
0 49 0
0 49 0
0 49 0
0 49 0
15.1711209211862 131 1644
0 49 0
41.5888602017549 142 2116
0 49 0
0.798836073653224 70 210
0.3235571636742 60 55
6.39717229295079 104 939
0 49 0
0 49 0
0 49 0
42.6102128207585 143 2163
41.5888602017549 142 2116
25.4631432169667 97 1128
0 49 0
0 49 0
0 49 0
0 49 0
12.2215135891333 95 1035
4.86419626256617 90 820
25.4631432169667 97 1128
25.4631432169667 97 1128
57.4508045845393 213 3357
0 49 0
1.18156391322817 75 325
0 49 0
0 49 0
3.79372176780748 88 741
0 49 0
0 49 0
7.80735592698529 93 946
0 49 0
0 49 0
0 49 0
12.2215135891333 95 1035
58.8123363044498 152 1408
28.2616628396057 139 1981
6.54607117970222 92 903
16.6354575696986 96 1081
0 49 0
0 49 0
0 49 0
0 49 0
0.106626792207705 53 6
0 49 0
0 49 0
0 49 0
16.6354575696986 96 1081
16.6354575696986 96 1081
0 49 0
1.38294808984782 77 378
0 49 0
0 49 0
0 49 0
0 49 0
0 49 0
30.973572957599 136 1849
18.2475553349818 119 822
0 49 0
0 49 0
51.1820950660617 144 2209
0 49 0
0 49 0
1.49794729659425 78 406
0 49 0
0 49 0
0 49 0
2.50867632707004 84 595
0 49 0
16.6354575696986 96 1081
0 49 0
18.0881448264968 110 900
16.6354575696986 96 1081
0 49 0
25.4631432169667 97 1128
0 49 0
0 49 0
0 49 0
0 49 0
5.60004780093214 91 861
0 49 0
25.4631432169667 97 1128
16.6354575696986 96 1081
0 49 0
0 49 0
1.76410737777666 80 465
0 49 0
0 49 0
0 49 0
16.6354575696986 96 1081
0 49 0
0 49 0
0 49 0
4.27546269744718 89 780
0 49 0
0 49 0
7.80735592698529 93 946
0 49 0
0 49 0
0 49 0
0 49 0
0 49 0
12.2215135891333 95 1035
0 49 0
0 49 0
25.4631432169667 97 1128
0 49 0
0 49 0
0 49 0
0 49 0
0 49 0
16.6354575696986 96 1081
0 49 0
0 49 0
0 49 0
12.2215135891333 95 1035
0 49 0
37.1684398653124 171 2084
0 49 0
6.54607117970222 92 903
0 49 0
0 49 0
0 49 0
25.4631432169667 97 1128
16.6354575696986 96 1081
7.80735592698529 93 946
0 49 0
0 49 0
1.67422022675446 79 246
0 49 0
0 49 0
0 49 0
0 49 0
0 49 0
0 49 0
0 49 0
0 49 0
0 49 0
0 49 0
0.134302039515241 54 10
0 49 0
16.6354575696986 96 1081
24.1374572393464 138 1938
47.3632974279977 207 3120
0 49 0
0 49 0
0 49 0
0 49 0
0 49 0
0 49 0
0 49 0
0 49 0
1.49794729659425 78 406
0 49 0
0 49 0
2.50867632707004 84 595
0 49 0
0 49 0
0 49 0
0 49 0
0 49 0
0 49 0
0 49 0
0 49 0
0 49 0
36.5368471219658 140 2025
12.5196617140763 129 1569
0 49 0
0 49 0
0 49 0
41.5888602017549 142 2116
9.57306291826206 94 990
12.2215135891333 95 1035
4.86419626256617 90 820
0 49 0
6.54607117970222 92 903
6.54607117970222 92 903
0 49 0
0 49 0
0 49 0
0 49 0
0 49 0
0 49 0
1.62439669995003 79 435
25.4631432169667 97 1128
0 49 0
0 49 0
0 49 0
0 49 0
16.6354575696986 96 1081
0 49 0
0 49 0
0 49 0
0 49 0
0 49 0
12.2215135891333 95 1035
25.4631432169667 97 1128
0 49 0
0 49 0
0 49 0
16.6354575696986 96 1081
0.398779040069824 62 78
25.4631432169667 97 1128
0 49 0
0.192418810144834 56 21
0 49 0
0 49 0
0 49 0
0 49 0
0 49 0
0 49 0
20.0638292442115 131 1641
0 49 0
6.54607117970222 92 903
25.4631432169667 97 1128
25.4631432169667 97 1128
0 49 0
0 49 0
11.326730496562 88 361
0 49 0
0 49 0
0 49 0
0 49 0
0 49 0
25.4631432169667 97 1128
0 49 0
0 49 0
0 49 0
10.8746557432124 113 1161
0 49 0
0 49 0
3.79372176780748 88 741
0.0531550982069177 51 1
0 49 0
0 49 0
0 49 0
0 49 0
0 49 0
0 49 0
0 49 0
0 49 0
0 49 0
4.27546269744718 89 780
0 49 0
4.67643134119193 97 561
0 49 0
3.63732247733309 90 706
2.76116513479706 85 630
0 49 0
0 49 0
26.7341958322289 104 1149
33.9049439728535 176 2645
0.527338255416746 65 120
0 49 0
16.6354575696986 96 1081
0 49 0
0 49 0
0 49 0
21.1411385716666 136 1851
0 49 0
0 49 0
16.6354575696986 96 1081
0 49 0
0 49 0
2.28770467334335 83 561
0.3235571636742 60 55
25.4631432169667 97 1128
0.0531550982069177 51 1
0 49 0
0 49 0
9.57306291826206 94 990
10.3453295179719 136 1275
0 49 0
0 49 0
0 49 0
0 49 0
25.4631432169667 97 1128
0 49 0
31.3178802720978 163 1822
3.05244704470409 86 666
0 49 0
25.4631432169667 97 1128
0 49 0
0 49 0
10.4580493052709 101 651
0 49 0
0 49 0
0 49 0
0 49 0
0 49 0
0 49 0
0 49 0
0 49 0
0 49 0
0 49 0
0 49 0
0 49 0
53.8279962529572 188 2350
9.57306291826206 94 990
26.8034427818019 105 1156
0 49 0
0 49 0
25.4631432169667 97 1128
51.1820950660617 144 2209
25.4631432169667 97 1128
3.05244704470409 86 666
0 49 0
0 49 0
0 49 0
0 49 0
0 49 0
0 49 0
0 49 0
0.679940464078484 68 171
0 49 0
0 49 0
0 49 0
0 49 0
27.1752239546547 111 1219
0 49 0
0 49 0
0 49 0
0 49 0
77.1562486056976 190 3244
1.01097492476053 73 276
0 49 0
0 49 0
12.2215135891333 95 1035
0.360239220602049 61 66
4.03763451987503 98 758
0 49 0
0.0796525187367804 52 3
0 49 0
12.5404157344576 126 1486
0 49 0
0 49 0
51.1820950660617 144 2209
0 49 0
0 49 0
0 49 0
0 49 0
0 49 0
0 49 0
3.39222309804747 87 703
0.439347301136679 63 91
42.6102128207585 143 2163
0 49 0
7.85814194119494 76 169
0 49 0
0 49 0
0 49 0
0 49 0
25.4631432169667 97 1128
2.50867632707004 84 595
0 49 0
0 49 0
16.6354575696986 96 1081
0 49 0
25.4631432169667 97 1128
0 49 0
0 49 0
0 49 0
9.57306291826206 94 990
22.7198543184999 136 1861
2.50867632707004 84 595
0 49 0
9.57306291826206 94 990
38.35140216426 142 2118
25.4631432169667 97 1128
0 49 0
44.2493357819682 171 2461
0 49 0
0 49 0
51.1820950660617 144 2209
0 49 0
0 49 0
0 49 0
33.3011838361246 138 1936
0 49 0
0 49 0
0 49 0
9.57306291826206 94 990
0 49 0
0 49 0
16.6354575696986 96 1081
29.1647379353556 134 1764
22.0341342554147 135 1822
6.54607117970222 92 903
0 49 0
5.60004780093214 91 861
0 49 0
0 49 0
0.93508155904448 72 253
0 49 0
44.285546084723 175 2602
0 49 0
0 49 0
0 49 0
5.60004780093214 91 861
0 49 0
0 49 0
0 49 0
0 49 0
0 49 0
0 49 0
0 49 0
0 49 0
0 49 0
0 49 0
0 49 0
12.2215135891333 95 1035
14.4115853859524 148 1687
16.6354575696986 96 1081
3.05244704470409 86 666
10.6754798313471 87 226
0 49 0
16.6354575696986 96 1081
0 49 0
0 49 0
0 49 0
0 49 0
0 49 0
2.28770467334335 83 561
0 49 0
0 49 0
0 49 0
0.0796525187367804 52 3
0 49 0
0 49 0
0 49 0
0 49 0
0 49 0
0 49 0
0 49 0
0 49 0
16.6839618536707 133 1726
3.99250215554365 67 58
0 49 0
16.6354575696986 96 1081
12.2215135891333 95 1035
5.60004780093214 91 861
0 49 0
0 49 0
0 49 0
0 49 0
0 49 0
25.4631432169667 97 1128
0 49 0
0.439347301136679 63 91
0.737438998908198 69 190
0 49 0
2.09268603845555 82 528
27.6962284368248 119 1359
0 49 0
0 49 0
34.1310432621865 140 2031
0 49 0
41.5888602017549 142 2116
0 49 0
0 49 0
0 49 0
0 49 0
0 49 0
13.9351042884187 118 1288
0 49 0
0 49 0
0 49 0
50.0125388817299 172 2461
2.28770467334335 83 561
0 49 0
62.4334047429486 198 2892
0 49 0
0 49 0
25.4631432169667 97 1128
16.6354575696986 96 1081
0 49 0
0 49 0
10.8744971783683 125 1442
16.6354575696986 96 1081
0 49 0
0 49 0
25.4631432169667 97 1128
25.4631432169667 97 1128
25.4631432169667 97 1128
25.4631432169667 97 1128
0 49 0
0 49 0
25.4631432169667 97 1128
0 49 0
0 49 0
6.54607117970222 92 903
0 49 0
0 49 0
0 49 0
0 49 0
0 49 0
0 49 0
0 49 0
0 49 0
0 49 0
13.6927797704902 96 529
4.27546269744718 89 780
0 49 0
0 49 0
33.3011838361246 138 1936
0 49 0
5.60004780093214 91 861
0 49 0
16.6354575696986 96 1081
0 49 0
0 49 0
0 49 0
0 49 0
20.5142019121377 146 1832
6.54607117970222 92 903
25.4631432169667 97 1128
1.18156391322817 75 325
0 49 0
12.2215135891333 95 1035
0 49 0
0.625969265331751 67 153
0 49 0
0 49 0
0 49 0
25.4631432169667 97 1128
5.60004780093214 91 861
17.2041654190343 125 931
71.5729024156239 216 3470
0 49 0
3.81546987480342 98 596
0 49 0
0 49 0
25.4631432169667 97 1128
0 49 0
25.4631432169667 97 1128
0 49 0
43.221962985847 176 2679
0 49 0
0.482131342234263 64 105
0 49 0
0 49 0
0 49 0
0 49 0
29.632443007129 150 1764
0 49 0
0 49 0
16.6354575696986 96 1081
0 49 0
0 49 0
0 49 0
0 49 0
0 49 0
0 49 0
0 49 0
30.810083903734 136 1869
0 49 0
2.50867632707004 84 595
25.4631432169667 97 1128
0 49 0
20.5830210494973 134 1346
0 49 0
0.575198370212252 66 136
0 49 0
0 49 0
25.4631432169667 97 1128
7.80735592698529 93 946
0 49 0
0 49 0
0 49 0
0 49 0
0 49 0
2.09268603845555 82 528
0 49 0
0 49 0
0 49 0
0 49 0
0 49 0
16.6354575696986 96 1081
0 49 0
16.6354575696986 96 1081
10.3605104850361 104 1035
9.57306291826206 94 990
0 49 0
0 49 0
0 49 0
25.4631432169667 97 1128
4.86419626256617 90 820
0 49 0
4.27546269744718 89 780
0 49 0
0 49 0
25.4631432169667 97 1128
0 49 0
0 49 0
22.0341342554147 135 1822
0 49 0
0 49 0
0 49 0
0 49 0
0 49 0
0 49 0
0 49 0
0 49 0
0 49 0
0 49 0
0 49 0
25.4631432169667 97 1128
0 49 0
0 49 0
0 49 0
0 49 0
0 49 0
0.625969265331751 67 153
0 49 0
0.360239220602049 61 66
4.86419626256617 90 820
1.32259289500736 77 263
0 49 0
33.1580991877498 141 2071
0 49 0
1.27790271331371 76 351
0 49 0
8.91231306383575 110 1082
0 49 0
7.74337112252735 107 816
0 49 0
0 49 0
33.3011838361246 138 1936
25.4631432169667 97 1128
0 49 0
10.2950913412713 112 658
15.5846987843776 109 574
0.0796525187367804 52 3
0 49 0
0 49 0
2.76116513479706 85 630
0 49 0
0 49 0
0 49 0
0 49 0
0 49 0
3.39222309804747 87 703
4.86419626256617 90 820
0 49 0
6.54607117970222 92 903
0 49 0
20.170775537352 116 1089
0.0531550982069177 51 1
16.6354575696986 96 1081
0 49 0
0 49 0
25.4631432169667 97 1128
0 49 0
0 49 0
0 49 0
0 49 0
0 49 0
0 49 0
16.6354575696986 96 1081
0.223141687276212 57 28
0 49 0
0 49 0
0 49 0
0 49 0
12.2215135891333 95 1035
0 49 0
0 49 0
0 49 0
0 49 0
3.05244704470409 86 666
0 49 0
7.28200261319522 110 906
0 49 0
2.50867632707004 84 595
0 49 0
1.76410737777666 80 465
0 49 0
0 49 0
0 49 0
7.80735592698529 93 946
0 49 0
25.4631432169667 97 1128
0 49 0
0 49 0
0.360239220602049 61 66
0 49 0
2.28770467334335 83 561
0 49 0
0 49 0
25.4631432169667 97 1128
0 49 0
0 49 0
0 49 0
1.91929257789223 81 496
0 49 0
0 49 0
0 49 0
9.5753688503935 97 553
42.6102128207585 143 2163
19.6514598455386 128 1577
36.5721207541999 167 2367
0 49 0
0 49 0
0 49 0
0 49 0
0 49 0
0 49 0
51.1820950660617 144 2209
0 49 0
0 49 0
52.6775605309633 207 2503
0 49 0
0 49 0
0 49 0
0 49 0
25.4631432169667 97 1128
0 49 0
3.39222309804747 87 703
0 49 0
0 49 0
0 49 0
0 49 0
0 49 0
0 49 0
0 49 0
35.8126907824312 141 2074
0 49 0
0 49 0
0 49 0
0 49 0
0 49 0
3.79372176780748 88 741
0 49 0
12.2215135891333 95 1035
0 49 0
0 49 0
0 49 0
3.79372176780748 88 741
27.9667586369535 183 2132
0 49 0
5.60004780093214 91 861
26.4113214526141 130 1600
0 49 0
0 49 0
0 49 0
0 49 0
25.4631432169667 97 1128
0 49 0
0 49 0
0 49 0
0 49 0
0.162850504101945 55 15
0 49 0
0 49 0
0 49 0
0 49 0
7.80735592698529 93 946
0 49 0
0 49 0
0 49 0
0 49 0
34.6544387243727 175 2604
14.7784249951189 125 1470
0.86455511160188 71 231
0 49 0
0 49 0
5.39873561894326 107 933
0 49 0
0 49 0
0 49 0
0 49 0
0 49 0
22.7198543184999 136 1861
0 49 0
0 49 0
8.35232579145892 117 1203
0 49 0
8.1723366937646 86 219
3.79372176780748 88 741
0 49 0
0 49 0
0 49 0
0 49 0
0 49 0
0 49 0
0 49 0
1.01097492476053 73 276
16.6354575696986 96 1081
2.76116513479706 85 630
0 49 0
0 49 0
0 49 0
79.1408296232397 268 3665
0 49 0
22.0341342554147 135 1822
25.4631432169667 97 1128
0 49 0
0 49 0
16.6354575696986 96 1081
0 49 0
0 49 0
1.76410737777666 80 465
41.5888602017549 142 2116
0 49 0
0 49 0
0 49 0
25.4631432169667 97 1128
42.6102128207585 143 2163
117.876932171354 305 5370
0 49 0
0 49 0
4.86419626256617 90 820
0 49 0
4.86419626256617 90 820
7.80735592698529 93 946
7.80735592698529 93 946
0 49 0
16.6354575696986 96 1081
0.737438998908198 69 190
12.2215135891333 95 1035
0 49 0
0 49 0
0 49 0
16.6354575696986 96 1081
0 49 0
0 49 0
45.5128924675413 204 2996
2.50867632707004 84 595
25.6070947888268 150 1664
0 49 0
25.4631432169667 97 1128
0 49 0
0 49 0
0 49 0
25.4631432169667 97 1128
0 49 0
25.4631432169667 97 1128
0 49 0
0 49 0
0 49 0
0 49 0
0 49 0
0 49 0
12.2215135891333 95 1035
0 49 0
0 49 0
0 49 0
0 49 0
0 49 0
0 49 0
3.05244704470409 86 666
0 49 0
0 49 0
3.37743622686543 82 262
25.4631432169667 97 1128
0 49 0
0 49 0
0 49 0
25.4631432169667 97 1128
2.76116513479706 85 630
0 49 0
0 49 0
0 49 0
0 49 0
9.57306291826206 94 990
0 49 0
17.1097809934035 134 1770
0 49 0
16.6354575696986 96 1081
12.2215135891333 95 1035
0 49 0
51.1820950660617 144 2209
0 49 0
0 49 0
25.4631432169667 97 1128
69.6044048817143 217 3449
0 49 0
7.80735592698529 93 946
0 49 0
0 49 0
0 49 0
25.4631432169667 97 1128
12.2215135891333 95 1035
0 49 0
0 49 0
0 49 0
0.625969265331751 67 153
0 49 0
0 49 0
0 49 0
0 49 0
0 49 0
0 49 0
0 49 0
0 49 0
0 49 0
0 49 0
0 49 0
0 49 0
0 49 0
0 49 0
0 49 0
0 49 0
0 49 0
0 49 0
0 49 0
0 49 0
0 49 0
0 49 0
0 49 0
25.4631432169667 97 1128
0 49 0
17.1097809934035 134 1770
12.2215135891333 95 1035
0 49 0
0.527338255416746 65 120
0 49 0
0 49 0
0 49 0
0 49 0
0 49 0
0 49 0
0 49 0
0 49 0
2.09268603845555 82 528
0 49 0
0 49 0
0 49 0
0 49 0
0 49 0
0 49 0
0 49 0
0 49 0
12.2215135891333 95 1035
0 49 0
25.4631432169667 97 1128
0 49 0
0 49 0
16.6354575696986 96 1081
25.2937081389226 128 1521
25.4631432169667 97 1128
12.2215135891333 95 1035
0 49 0
2.50867632707004 84 595
0 49 0
0 49 0
12.2215135891333 95 1035
69.8561595230459 216 3431
0 49 0
0 49 0
0 49 0
0 49 0
2.50867632707004 84 595
0 49 0
0 49 0
0 49 0
0 49 0
0 49 0
0 49 0
0 49 0
0 49 0
0 49 0
0 49 0
38.35140216426 142 2118
0 49 0
1.76410737777666 80 465
0 49 0
0 49 0
0 49 0
0 49 0
0 49 0
0 49 0
0 49 0
0 49 0
0 49 0
0 49 0
0 49 0
0 49 0
0 49 0
0 49 0
0.798836073653224 70 210
25.4631432169667 97 1128
4.86419626256617 90 820
16.6354575696986 96 1081
16.6354575696986 96 1081
0 49 0
0 49 0
16.6354575696986 96 1081
0 49 0
6.54607117970222 92 903
0 49 0
0 49 0
0 49 0
0 49 0
0 49 0
25.4631432169667 97 1128
0 49 0
0 49 0
0 49 0
51.0281707660654 216 3449
0 49 0
0 49 0
0 49 0
5.60004780093214 91 861
0 49 0
5.60004780093214 91 861
7.25160926093733 118 1176
0 49 0
0 49 0
0 49 0
7.80735592698529 93 946
0 49 0
30.7132186832709 183 2507
25.4631432169667 97 1128
0 49 0
0 49 0
0 49 0
27.4856493389312 116 1299
0 49 0
1.91929257789223 81 496
0 49 0
0 49 0
0 49 0
0 49 0
0 49 0
1.49794729659425 78 406
0 49 0
0 49 0
0 49 0
0.93508155904448 72 253
3.79372176780748 88 741
0 49 0
0.482131342234263 64 105
0 49 0
0.223141687276212 57 28
6.06370332624386 109 991
0 49 0
0 49 0
5.60004780093214 91 861
29.9922686137783 134 1794
0 49 0
0 49 0
25.4631432169667 97 1128
0 49 0
0 49 0
0 49 0
27.4856493389312 116 1299
7.80735592698529 93 946
0 49 0
0 49 0
0 49 0
12.2215135891333 95 1035
0 49 0
0 49 0
0.3235571636742 60 55
0 49 0
0 49 0
0 49 0
4.86419626256617 90 820
0 49 0
1.38294808984782 77 378
25.4631432169667 97 1128
0 49 0
0 49 0
0 49 0
8.48906809142289 103 676
0 49 0
6.54607117970222 92 903
25.4631432169667 97 1128
0 49 0
0 49 0
0 49 0
0 49 0
0 49 0
26.9947751058078 108 1183
0 49 0
0 49 0
0 49 0
6.54607117970222 92 903
0 49 0
0 49 0
96.8187956091411 260 4424
0 49 0
0 49 0
0 49 0
0 49 0
0 49 0
0 49 0
0 49 0
0 49 0
0 49 0
0 49 0
0 49 0
0 49 0
0 49 0
0 49 0
0 49 0
0 49 0
0 49 0
36.5368471219658 140 2025
0 49 0
0 49 0
0 49 0
42.6102128207585 143 2163
16.6354575696986 96 1081
9.57306291826206 94 990
28.2616628396057 139 1981
0 49 0
0 49 0
0 49 0
0 49 0
0 49 0
0.223141687276212 57 28
0 49 0
0 49 0
1.91929257789223 81 496
0 49 0
0 49 0
0 49 0
1.27790271331371 76 351
0 49 0
0 49 0
0 49 0
0 49 0
40.6120087483974 176 2639
0 49 0
0 49 0
0.162850504101945 55 15
35.2098653554355 177 2693
9.57306291826206 94 990
1.49794729659425 78 406
0 49 0
4.86419626256617 90 820
0 49 0
0 49 0
0 49 0
0 49 0
0 49 0
0 49 0
0 49 0
0 49 0
16.6354575696986 96 1081
0 49 0
0 49 0
0 49 0
0 49 0
0 49 0
0 49 0
0 49 0
12.2215135891333 95 1035
6.54607117970222 92 903
0 49 0
0.86455511160188 71 231
0 49 0
0 49 0
0 49 0
0 49 0
17.9920900086061 134 1776
0 49 0
25.4631432169667 97 1128
0 49 0
36.5368471219658 140 2025
25.4631432169667 97 1128
25.4631432169667 97 1128
0 49 0
0 49 0
0 49 0
0 49 0
3.05244704470409 86 666
25.4631432169667 97 1128
0 49 0
16.6354575696986 96 1081
51.1820950660617 144 2209
25.4631432169667 97 1128
27.7734142402308 120 1381
6.54607117970222 92 903
5.60004780093214 91 861
7.80735592698529 93 946
0 49 0
0 49 0
0 49 0
0 49 0
0 49 0
0 49 0
0 49 0
1.76410737777666 80 465
58.2582789474997 215 3426
0.737438998908198 69 190
5.60004780093214 91 861
0.737438998908198 69 190
0 49 0
25.4631432169667 97 1128
0 49 0
32.0470794097352 138 1948
0 49 0
0 49 0
0.575198370212252 66 136
0 49 0
0.798836073653224 70 210
25.4631432169667 97 1128
0 49 0
0 49 0
0 49 0
17.1750414326676 125 1407
0 49 0
6.54607117970222 92 903
0.192418810144834 56 21
0 49 0
0 49 0
0 49 0
25.4631432169667 97 1128
0 49 0
7.80735592698529 93 946
0.93508155904448 72 253
6.54607117970222 92 903
25.4631432169667 97 1128
0 49 0
0 49 0
0 49 0
6.54607117970222 92 903
16.6354575696986 96 1081
0 49 0
1.27790271331371 76 351
0 49 0
0 49 0
0 49 0
0 49 0
0 49 0
1.62439669995003 79 435
0 49 0
0 49 0
16.332970489173 131 1665
0 49 0
25.4631432169667 97 1128
0 49 0
7.80735592698529 93 946
14.3791172975591 126 1446
0 49 0
0 49 0
0 49 0
0 49 0
0 49 0
0 49 0
0 49 0
0 49 0
7.80735592698529 93 946
0 49 0
0 49 0
0 49 0
33.1580991877498 141 2071
0 49 0
0 49 0
7.80735592698529 93 946
0 49 0
27.5528995277676 117 1318
6.54607117970222 92 903
11.326730496562 88 361
0 49 0
0 49 0
84.4902492598406 262 4449
6.54607117970222 92 903
4.5536298136712 105 856
20.9119520192418 118 1156
0 49 0
0 49 0
26.5812180286439 102 1138
6.54607117970222 92 903
6.54607117970222 92 903
25.4631432169667 97 1128
0 49 0
0 49 0
0 49 0
0 49 0
0 49 0
0 49 0
13.0169626894905 127 1486
0 49 0
16.6354575696986 96 1081
0 49 0
0 49 0
0 49 0
0 49 0
0 49 0
12.2215135891333 95 1035
0 49 0
0 49 0
57.8107269990006 178 2562
51.1820950660617 144 2209
3.05244704470409 86 666
0 49 0
3.05244704470409 86 666
0 49 0
51.1820950660617 144 2209
0 49 0
0 49 0
0 49 0
35.8126907824312 141 2074
12.2215135891333 95 1035
0 49 0
0 49 0
0 49 0
7.80735592698529 93 946
0 49 0
12.4813894417221 129 1576
11.9585453870151 128 1541
0 49 0
0 49 0
0 49 0
51.1820950660617 144 2209
0 49 0
0 49 0
16.6354575696986 96 1081
0.134302039515241 54 10
4.27546269744718 89 780
0 49 0
0 49 0
0 49 0
77.1562486056976 190 3244
25.4631432169667 97 1128
0 49 0
0 49 0
0 49 0
0 49 0
0 49 0
5.76569167153492 105 925
9.57306291826206 94 990
25.4631432169667 97 1128
101.799729556587 297 5085
0 49 0
16.6354575696986 96 1081
0 49 0
0 49 0
0 49 0
3.05244704470409 86 666
0 49 0
12.2215135891333 95 1035
0.255150004188646 58 36
0 49 0
0 49 0
25.4631432169667 97 1128
0 49 0
0 49 0
0 49 0
0 49 0
0 49 0
0 49 0
0 49 0
0 49 0
0 49 0
33.3011838361246 138 1936
9.57306291826206 94 990
0 49 0
0 49 0
0 49 0
0 49 0
0 49 0
1.83781930989859 82 298
0 49 0
32.0470794097352 138 1948
1.76410737777666 80 465
1.62439669995003 79 435
0 49 0
0 49 0
0 49 0
0 49 0
17.2012992129217 98 1082
9.57306291826206 94 990
25.4631432169667 97 1128
0 49 0
0 49 0
0 49 0
0 49 0
9.06805283102481 123 1348
0 49 0
7.80735592698529 93 946
0 49 0
0 49 0
0 49 0
0 49 0
0.223141687276212 57 28
0 49 0
4.27546269744718 89 780
25.4631432169667 97 1128
0 49 0
0 49 0
4.27546269744718 89 780
0 49 0
0 49 0
41.5888602017549 142 2116
25.4631432169667 97 1128
0 49 0
0 49 0
0 49 0
4.27546269744718 89 780
2.09268603845555 82 528
4.27546269744718 89 780
12.2215135891333 95 1035
0 49 0
4.27546269744718 89 780
15.1045501787084 132 1687
0 49 0
0 49 0
0 49 0
0 49 0
0 49 0
0 49 0
0 49 0
0 49 0
25.4631432169667 97 1128
0 49 0
0 49 0
25.4631432169667 97 1128
0 49 0
0 49 0
53.086652243363 183 2928
0 49 0
0 49 0
0 49 0
0 49 0
0 49 0
0 49 0
0 49 0
25.4631432169667 97 1128
0 49 0
13.094845186085 94 484
3.39222309804747 87 703
0 49 0
0 49 0
16.6354575696986 96 1081
0 49 0
0 49 0
1.49794729659425 78 406
25.4631432169667 97 1128
0 49 0
0 49 0
1.18156391322817 75 325
25.4631432169667 97 1128
10.9116568648301 103 703
25.4631432169667 97 1128
0 49 0
0 49 0
0 49 0
0 49 0
41.5888602017549 142 2116
0 49 0
0 49 0
0 49 0
0 49 0
30.4194718799647 121 1264
0 49 0
0 49 0
0 49 0
0 49 0
25.4631432169667 97 1128
25.4631432169667 97 1128
0 49 0
30.0426868648529 186 2497
36.4603122300786 193 2717
0 49 0
0 49 0
25.4631432169667 97 1128
0 49 0
0 49 0
0 49 0
0 49 0
0 49 0
0 49 0
0 49 0
0 49 0
0 49 0
0 49 0
0 49 0
0 49 0
0 49 0
0 49 0
0 49 0
0 49 0
7.80735592698529 93 946
0 49 0
0.527338255416746 65 120
12.2215135891333 95 1035
16.6354575696986 96 1081
0 49 0
0 49 0
0 49 0
25.4631432169667 97 1128
0 49 0
0 49 0
0 49 0
25.4631432169667 97 1128
0 49 0
0 49 0
12.3437500176079 120 1227
0 49 0
27.6800345661762 132 1681
0 49 0
0 49 0
0 49 0
0 49 0
16.6354575696986 96 1081
3.79372176780748 88 741
0 49 0
0 49 0
0 49 0
31.702229142006 160 2074
4.86419626256617 90 820
3.79372176780748 88 741
0 49 0
0 49 0
0 49 0
0 49 0
0 49 0
0 49 0
12.2215135891333 95 1035
26.2831947692571 99 1129
0 49 0
25.4631432169667 97 1128
0 49 0
0 49 0
0 49 0
4.93743930772327 89 384
0 49 0
0 49 0
13.4706971220553 129 1585
0 49 0
0 49 0
0 49 0
0 49 0
0 49 0
0 49 0
0 49 0
0 49 0
25.4631432169667 97 1128
0 49 0
7.80735592698529 93 946
0 49 0
0.527338255416746 65 120
0 49 0
0 49 0
0 49 0
16.6354575696986 96 1081
1.38294808984782 77 378
25.4631432169667 97 1128
32.0470794097352 138 1948
2.28770467334335 83 561
16.6354575696986 96 1081
1.18156391322817 75 325
0 49 0
12.2215135891333 95 1035
0 49 0
12.2215135891333 95 1035
0 49 0
0 49 0
6.54607117970222 92 903
0 49 0
0 49 0
0 49 0
0 49 0
0 49 0
0 49 0
0 49 0
3.59059702313613 96 549
19.4559103255002 114 1024
0 49 0
3.79372176780748 88 741
0 49 0
42.6102128207585 143 2163
0 49 0
0 49 0
25.4631432169667 97 1128
0.192418810144834 56 21
0 49 0
25.4631432169667 97 1128
0 49 0
0 49 0
0 49 0
0 49 0
0 49 0
0 49 0
0 49 0
0 49 0
0 49 0
0 49 0
25.4631432169667 97 1128
0 49 0
16.6354575696986 96 1081
25.4631432169667 97 1128
25.4631432169667 97 1128
0 49 0
5.60004780093214 91 861
16.6354575696986 96 1081
6.54607117970222 92 903
9.57306291826206 94 990
0 49 0
0 49 0
32.3320506706798 143 1890
0 49 0
0 49 0
0 49 0
0 49 0
0 49 0
0 49 0
16.6354575696986 96 1081
10.0002953830723 97 993
12.2215135891333 95 1035
0 49 0
16.6354575696986 96 1081
0 49 0
1.62439669995003 79 435
0 49 0
0 49 0
0 49 0
0 49 0
0 49 0
68.9603077788314 209 3365
0 49 0
0 49 0
0 49 0
3.79372176780748 88 741
0 49 0
0 49 0
0 49 0
5.60004780093214 91 861
0 49 0
0 49 0
0 49 0
0 49 0
0 49 0
0 49 0
0.439347301136679 63 91
0 49 0
0 49 0
0 49 0
25.4631432169667 97 1128
0 49 0
0 49 0
0 49 0
0 49 0
0.106626792207705 53 6
0 49 0
0 49 0
34.1310432621865 140 2031
5.60004780093214 91 861
0 49 0
0 49 0
0 49 0
0 49 0
0 49 0
0 49 0
3.05244704470409 86 666
8.33312237825325 99 961
0 49 0
0 49 0
1.18156391322817 75 325
0 49 0
0 49 0
25.4631432169667 97 1128
0 49 0
4.27546269744718 89 780
12.2215135891333 95 1035
6.54607117970222 92 903
0 49 0
0 49 0
0 49 0
0 49 0
0 49 0
9.57306291826206 94 990
0 49 0
79.5090048001824 192 3245
0 49 0
0 49 0
2.76116513479706 85 630
5.60004780093214 91 861
25.4631432169667 97 1128
0 49 0
0 49 0
0 49 0
0 49 0
0 49 0
0.575198370212252 66 136
13.0368034146705 114 689
2.28770467334335 83 561
0 49 0
0 49 0
0 49 0
0 49 0
25.4631432169667 97 1128
2.50867632707004 84 595
16.6354575696986 96 1081
0 49 0
4.27546269744718 89 780
36.0745805903091 167 2086
0.527338255416746 65 120
0.398779040069824 62 78
2.76116513479706 85 630
4.86419626256617 90 820
0 49 0
12.2215135891333 95 1035
0 49 0
0 49 0
0 49 0
42.6102128207585 143 2163
0 49 0
57.600344091728 185 3017
2.28770467334335 83 561
0 49 0
0 49 0
0.134302039515241 54 10
16.6354575696986 96 1081
0 49 0
25.4631432169667 97 1128
0 49 0
0 49 0
0.134302039515241 54 10
0 49 0
25.4631432169667 97 1128
10.111676305773 99 1000
0 49 0
0 49 0
0 49 0
0 49 0
0 49 0
0 49 0
0 49 0
0.679940464078484 68 171
0 49 0
25.4631432169667 97 1128
25.4631432169667 97 1128
0 49 0
20.170775537352 116 1089
0 49 0
0 49 0
36.5368471219658 140 2025
12.2215135891333 95 1035
0 49 0
16.6354575696986 96 1081
25.4631432169667 97 1128
0 49 0
0 49 0
4.93218798734334 106 894
0 49 0
0 49 0
0 49 0
0 49 0
18.0139269479097 127 1483
4.86419626256617 90 820
0 49 0
0 49 0
4.86419626256617 90 820
0 49 0
0 49 0
0 49 0
51.1820950660617 144 2209
0 49 0
0 49 0
0 49 0
0 49 0
0 49 0
0 49 0
0 49 0
15.9625524344052 133 1731
0 49 0
7.80735592698529 93 946
0 49 0
0 49 0
0 49 0
3.39222309804747 87 703
0 49 0
16.6354575696986 96 1081
0 49 0
12.2012527439662 125 1410
0 49 0
0 49 0
25.4631432169667 97 1128
0 49 0
38.35140216426 142 2118
0 49 0
0 49 0
0 49 0
0 49 0
0 49 0
16.6354575696986 96 1081
7.80735592698529 93 946
12.2215135891333 95 1035
0 49 0
0 49 0
0 49 0
2.28770467334335 83 561
3.05244704470409 86 666
0 49 0
7.80735592698529 93 946
0 49 0
0 49 0
22.4979833744325 122 1296
14.3819081116293 111 616
9.57306291826206 94 990
30.973572957599 136 1849
0 49 0
0 49 0
0 49 0
16.6354575696986 96 1081
0 49 0
5.60004780093214 91 861
0 49 0
0 49 0
0.106626792207705 53 6
0 49 0
7.80735592698529 93 946
0 49 0
0 49 0
9.57306291826206 94 990
0 49 0
0 49 0
0 49 0
0 49 0
0 49 0
0 49 0
0 49 0
0 49 0
0 49 0
23.360343815167 124 1369
0 49 0
0 49 0
0 49 0
0 49 0
17.6999221687259 119 1134
25.4631432169667 97 1128
0 49 0
0 49 0
0 49 0
0 49 0
0 49 0
28.4929354558221 127 1563
16.6354575696986 96 1081
0 49 0
41.5888602017549 142 2116
0 49 0
38.35140216426 142 2118
0 49 0
16.6354575696986 96 1081
0 49 0
0 49 0
0 49 0
0 49 0
0 49 0
0 49 0
0 49 0
0 49 0
0 49 0
25.4631432169667 97 1128
0 49 0
0 49 0
1.01097492476053 73 276
12.2215135891333 95 1035
0 49 0
0 49 0
0 49 0
0 49 0
0 49 0
0 49 0
0.86455511160188 71 231
16.6354575696986 96 1081
0 49 0
11.1754307272491 126 1474
0 49 0
3.39222309804747 87 703
0 49 0
16.6354575696986 96 1081
5.60004780093214 91 861
5.60004780093214 91 861
4.86419626256617 90 820
0.106626792207705 53 6
0 49 0
0 49 0
0 49 0
0 49 0
25.4631432169667 97 1128
0 49 0
33.4254826952621 156 2059
0 49 0
0 49 0
0 49 0
0 49 0
5.60004780093214 91 861
0 49 0
16.6354575696986 96 1081
5.60004780093214 91 861
0 49 0
25.4631432169667 97 1128
0 49 0
0 49 0
6.27805775003936 104 735
0 49 0
0 49 0
0 49 0
1.09288368757201 74 300
0 49 0
42.6102128207585 143 2163
0 49 0
25.4631432169667 97 1128
0 49 0
0 49 0
8.42484597762012 108 968
0 49 0
16.6354575696986 96 1081
0 49 0
3.79372176780748 88 741
25.4631432169667 97 1128
0 49 0
0 49 0
0 49 0
0 49 0
0 49 0
16.6354575696986 96 1081
0 49 0
0 49 0
25.4631432169667 97 1128
27.6800345661762 132 1681
0 49 0
0 49 0
0 49 0
2.09268603845555 82 528
0 49 0
0 49 0
7.80735592698529 93 946
0 49 0
6.54607117970222 92 903
25.4631432169667 97 1128
0 49 0
0 49 0
0 49 0
13.6233175328171 130 1606
0 49 0
0 49 0
0 49 0
0 49 0
7.80735592698529 93 946
3.75392777465256 86 252
7.80735592698529 93 946
0 49 0
16.6354575696986 96 1081
0.625969265331751 67 153
0 49 0
0 49 0
0 49 0
0 49 0
0 49 0
0 49 0
0 49 0
0 49 0
0 49 0
0 49 0
0 49 0
0 49 0
12.2215135891333 95 1035
0 49 0
16.6354575696986 96 1081
0 49 0
16.6354575696986 96 1081
0 49 0
14.5836139908185 132 1309
4.27546269744718 89 780
0 49 0
0 49 0
0 49 0
0 49 0
43.7717129321125 152 1857
23.360343815167 124 1369
0 49 0
25.4631432169667 97 1128
0 49 0
0 49 0
0 49 0
0 49 0
0.3235571636742 60 55
0 49 0
9.57306291826206 94 990
0 49 0
25.4631432169667 97 1128
0 49 0
0 49 0
1.49794729659425 78 406
0 49 0
91.4682233750972 258 3893
2.01741441551092 81 265
4.86419626256617 90 820
0 49 0
0.625969265331751 67 153
22.3012687269621 163 2166
25.4631432169667 97 1128
0 49 0
0 49 0
25.4631432169667 97 1128
26.4531963302836 139 1984
0 49 0
0 49 0
0 49 0
0 49 0
16.6354575696986 96 1081
0 49 0
0 49 0
16.6354575696986 96 1081
0 49 0
0 49 0
0 49 0
0 49 0
0 49 0
0 49 0
0 49 0
0 49 0
0 49 0
9.57306291826206 94 990
0 49 0
0 49 0
0 49 0
16.6354575696986 96 1081
0 49 0
0 49 0
0 49 0
0.192418810144834 56 21
0 49 0
42.6102128207585 143 2163
2.28770467334335 83 561
0 49 0
0 49 0
0 49 0
27.055426397769 109 1194
0.288576011810233 59 45
0 49 0
0 49 0
0 49 0
0 49 0
9.57306291826206 94 990
0 49 0
0 49 0
0 49 0
0 49 0
0 49 0
0 49 0
16.6354575696986 96 1081
26.9947751058078 108 1183
0 49 0
1.09288368757201 74 300
12.2215135891333 95 1035
0 49 0
0 49 0
0 49 0
25.4631432169667 97 1128
25.4631432169667 97 1128
9.57306291826206 94 990
0 49 0
0 49 0
0 49 0
12.2215135891333 95 1035
0 49 0
7.28200261319522 110 906
9.57306291826206 94 990
0 49 0
0 49 0
0 49 0
0 49 0
12.2215135891333 95 1035
0 49 0
0 49 0
0 49 0
0 49 0
51.1820950660617 144 2209
0 49 0
0 49 0
0 49 0
0 49 0
0 49 0
0 49 0
0 49 0
0 49 0
0 49 0
0 49 0
0 49 0
2.76116513479706 85 630
0 49 0
1.09288368757201 74 300
0 49 0
0 49 0
0 49 0
0 49 0
0 49 0
19.1673084976977 125 1487
0.798836073653224 70 210
0 49 0
0 49 0
0 49 0
0 49 0
0 49 0
63.2963368240248 213 3321
0 49 0
0 49 0
0 49 0
0 49 0
0.737438998908198 69 190
38.8773346786478 172 2503
25.4631432169667 97 1128
51.1820950660617 144 2209
0 49 0
4.27546269744718 89 780
0 49 0
0 49 0
0 49 0
28.0974313279944 163 1676
35.8110737722539 172 2239
0 49 0
0 49 0
0 49 0
0 49 0
0 49 0
0 49 0
0 49 0
0 49 0
0 49 0
0 49 0
25.4631432169667 97 1128
25.4631432169667 97 1128
0 49 0
0 49 0
0 49 0
0 49 0
1.38294808984782 77 378
9.5753688503935 97 553
0 49 0
0 49 0
0 49 0
0 49 0
0 49 0
0 49 0
0 49 0
0 49 0
18.112170074071 113 1217
1.91929257789223 81 496
8.80931914651526 120 1281
0 49 0
0 49 0
2.28006234795668 69 94
0 49 0
0 49 0
25.4631432169667 97 1128
0.162850504101945 55 15
25.4631432169667 97 1128
0 49 0
0 49 0
0 49 0
0 49 0
0 49 0
0 49 0
17.9920900086061 134 1776
4.24996196939183 71 111
0.398779040069824 62 78
0 49 0
0 49 0
25.4631432169667 97 1128
42.6102128207585 143 2163
0 49 0
17.4288635113602 108 841
0 49 0
0 49 0
0 49 0
0 49 0
0 49 0
5.60004780093214 91 861
3.79372176780748 88 741
0 49 0
0 49 0
0 49 0
0 49 0
0 49 0
0 49 0
0 49 0
0 49 0
25.4631432169667 97 1128
0.192418810144834 56 21
0 49 0
0 49 0
0 49 0
0 49 0
62.9984471583036 218 3069
41.5888602017549 142 2116
1.49794729659425 78 406
9.57306291826206 94 990
6.54607117970222 92 903
41.5888602017549 142 2116
2.76116513479706 85 630
0 49 0
3.0511170238692 65 57
0 49 0
0 49 0
0 49 0
3.64144795206923 74 146
0 49 0
0 49 0
2.28770467334335 83 561
0 49 0
3.39222309804747 87 703
0 49 0
16.6354575696986 96 1081
6.54607117970222 92 903
11.6409182220147 121 1341
5.22013999449471 91 424
0 49 0
0 49 0
0 49 0
0 49 0
3.79372176780748 88 741
0 49 0
0 49 0
0 49 0
0.360239220602049 61 66
13.1181870802125 105 1080
1.76410737777666 80 465
18.4464799312806 149 1753
0 49 0
11.5140174728182 120 1315
0 49 0
0 49 0
0 49 0
0 49 0
0 49 0
10.1631453855036 100 1005
1.62439669995003 79 435
25.4631432169667 97 1128
0 49 0
0 49 0
25.4631432169667 97 1128
7.31113312091973 118 1198
0 49 0
0 49 0
0.803556226382713 56 11
3.79372176780748 88 741
0.439347301136679 63 91
0 49 0
8.40377731968454 101 565
0 49 0
25.4631432169667 97 1128
20.9119520192418 118 1156
0 49 0
0 49 0
0 49 0
0 49 0
0 49 0
0 49 0
0 49 0
12.2215135891333 95 1035
0 49 0
9.57306291826206 94 990
3.39222309804747 87 703
0 49 0
0 49 0
0 49 0
3.05244704470409 86 666
14.3483212136761 122 1386
0 49 0
0 49 0
0 49 0
0 49 0
0 49 0
0 49 0
12.2215135891333 95 1035
0 49 0
0 49 0
0 49 0
0 49 0
0 49 0
25.4631432169667 97 1128
1.49794729659425 78 406
2.76116513479706 85 630
0 49 0
0 49 0
30.973572957599 136 1849
7.80735592698529 93 946
0 49 0
1.01097492476053 73 276
0 49 0
0 49 0
0 49 0
0 49 0
0 49 0
6.54607117970222 92 903
0 49 0
25.4631432169667 97 1128
6.03293630512638 91 294
0 49 0
25.4631432169667 97 1128
0 49 0
0 49 0
0 49 0
0 49 0
0 49 0
0 49 0
0 49 0
0 49 0
0 49 0
25.4631432169667 97 1128
0 49 0
0 49 0
0 49 0
25.4631432169667 97 1128
0 49 0
7.80735592698529 93 946
0 49 0
0 49 0
16.6354575696986 96 1081
0 49 0
0 49 0
0 49 0
0 49 0
0 49 0
1.76410737777666 80 465
25.4631432169667 97 1128
0 49 0
0.106626792207705 53 6
12.2215135891333 95 1035
5.10676889427411 70 70
16.6354575696986 96 1081
0 49 0
0 49 0
3.61658025690957 101 714
31.655036960959 135 1631
25.1873994136807 137 1893
0 49 0
0 49 0
0 49 0
1.76410737777666 80 465
7.80735592698529 93 946
1.49794729659425 78 406
0 49 0
22.4979833744325 122 1296
0 49 0
0 49 0
12.2215135891333 95 1035
0 49 0
0 49 0
0 49 0
0 49 0
0 49 0
0 49 0
0 49 0
0 49 0
23.1949003437112 136 1225
0 49 0
0 49 0
5.60004780093214 91 861
0 49 0
0 49 0
4.27546269744718 89 780
0 49 0
0 49 0
0.0531550982069177 51 1
0 49 0
0 49 0
25.4631432169667 97 1128
22.3996796102856 144 1879
0 49 0
4.27546269744718 89 780
25.4631432169667 97 1128
25.4631432169667 97 1128
25.4631432169667 97 1128
0 49 0
0 49 0
0 49 0
0 49 0
0 49 0
0 49 0
0 49 0
0 49 0
0 49 0
0 49 0
25.4631432169667 97 1128
16.6354575696986 96 1081
25.4631432169667 97 1128
10.079518245944 122 1302
0 49 0
0 49 0
0 49 0
0 49 0
18.0525525917901 112 1201
0 49 0
7.80735592698529 93 946
0 49 0
0 49 0
0 49 0
0 49 0
0 49 0
0 49 0
0 49 0
0 49 0
59.794805098344 184 2977
16.6354575696986 96 1081
0 49 0
0 49 0
0 49 0
5.60004780093214 91 861
26.1727356548985 165 2207
0.527338255416746 65 120
0.575198370212252 66 136
0 49 0
0 49 0
0 49 0
0 49 0
22.7198543184999 136 1861
0 49 0
12.2215135891333 95 1035
0 49 0
0 49 0
25.4631432169667 97 1128
0 49 0
0 49 0
0 49 0
2.76116513479706 85 630
0 49 0
2.76116513479706 85 630
0 49 0
25.4631432169667 97 1128
5.60004780093214 91 861
12.2215135891333 95 1035
0 49 0
0 49 0
0 49 0
0 49 0
28.9606898916333 140 2027
1.62465437505376 73 148
56.4594169752594 165 1677
0 49 0
0 49 0
7.80735592698529 93 946
0 49 0
34.1310432621865 140 2031
28.1356419658165 124 1479
0 49 0
0 49 0
0 49 0
25.4631432169667 97 1128
0 49 0
0 49 0
0 49 0
0 49 0
12.2215135891333 95 1035
0 49 0
0 49 0
0 49 0
0 49 0
0 49 0
0 49 0
0 49 0
10.1636790750939 84 289
0 49 0
0 49 0
0 49 0
0 49 0
0 49 0
0 49 0
51.1820950660617 144 2209
0 49 0
0 49 0
0 49 0
16.6354575696986 96 1081
17.314920967806 133 1738
16.6354575696986 96 1081
0 49 0
0 49 0
25.4631432169667 97 1128
0 49 0
0 49 0
0 49 0
0 49 0
0 49 0
0 49 0
1.76410737777666 80 465
66.7971049546678 187 3106
0 49 0
0 49 0
0 49 0
0 49 0
13.2209256903144 107 1101
0 49 0
0 49 0
0 49 0
12.2215135891333 95 1035
0 49 0
0 49 0
0 49 0
4.27546269744718 89 780
0 49 0
0 49 0
0 49 0
0 49 0
7.80735592698529 93 946
0 49 0
9.57306291826206 94 990
0 49 0
0 49 0
25.4631432169667 97 1128
0 49 0
16.6354575696986 96 1081
0 49 0
0 49 0
2.76116513479706 85 630
0 49 0
0 49 0
0 49 0
0 49 0
25.4631432169667 97 1128
0 49 0
0 49 0
36.5368471219658 140 2025
0 49 0
0 49 0
0 49 0
0 49 0
6.54607117970222 92 903
0 49 0
0 49 0
0 49 0
29.4111913667749 132 1723
0 49 0
0 49 0
5.60004780093214 91 861
0 49 0
0 49 0
1.01097492476053 73 276
0 49 0
0 49 0
28.2443548170908 125 1506
0 49 0
0 49 0
0 49 0
0 49 0
0 49 0
38.2375761408138 167 2322
16.3826454189194 96 277
25.4631432169667 97 1128
16.6354575696986 96 1081
0 49 0
18.8106711618736 122 1406
0 49 0
0 49 0
0 49 0
25.4631432169667 97 1128
0 49 0
0 49 0
0 49 0
0 49 0
0 49 0
0 49 0
0 49 0
9.57306291826206 94 990
16.6354575696986 96 1081
0 49 0
0 49 0
0 49 0
0 49 0
0 49 0
0 49 0
0 49 0
0 49 0
0 49 0
0 49 0
16.6354575696986 96 1081
25.4631432169667 97 1128
0.679940464078484 68 171
16.6354575696986 96 1081
0 49 0
0 49 0
0 49 0
25.4631432169667 97 1128
1.62439669995003 79 435
0 49 0
0 49 0
25.4631432169667 97 1128
0.192418810144834 56 21
0 49 0
0 49 0
0 49 0
12.2215135891333 95 1035
0 49 0
0 49 0
25.4631432169667 97 1128
0 49 0
0 49 0
16.1478451631144 104 729
0 49 0
0 49 0
0 49 0
0 49 0
0 49 0
13.6935169790064 133 1330
0 49 0
3.79372176780748 88 741
2.50867632707004 84 595
9.57306291826206 94 990
0 49 0
25.4631432169667 97 1128
0 49 0
0 49 0
0 49 0
0 49 0
0 49 0
0 49 0
0 49 0
0 49 0
0 49 0
0 49 0
0 49 0
24.1374572393464 138 1938
25.4631432169667 97 1128
0 49 0
0 49 0
0 49 0
0 49 0
0 49 0
0 49 0
24.1374572393464 138 1938
0 49 0
0 49 0
0 49 0
25.4631432169667 97 1128
12.2215135891333 95 1035
0 49 0
0 49 0
0 49 0
9.57306291826206 94 990
0 49 0
0 49 0
1.76410737777666 80 465
9.57306291826206 94 990
0 49 0
0 49 0
0 49 0
0 49 0
0 49 0
25.4631432169667 97 1128
7.80735592698529 93 946
35.1762202952506 131 1328
0 49 0
0 49 0
16.6354575696986 96 1081
0 49 0
0 49 0
0 49 0
0 49 0
0 49 0
25.4631432169667 97 1128
6.54607117970222 92 903
0 49 0
7.80735592698529 93 946
6.54607117970222 92 903
59.6430493297353 187 3109
0 49 0
0 49 0
0 49 0
25.4631432169667 97 1128
0 49 0
0.192418810144834 56 21
0 49 0
0 49 0
0.255150004188646 58 36
0 49 0
0 49 0
9.57306291826206 94 990
0 49 0
0 49 0
0 49 0
7.56813529587338 98 578
0 49 0
0 49 0
0 49 0
0 49 0
1.91929257789223 81 496
32.3100872314709 133 1135
6.54607117970222 92 903
0 49 0
25.4631432169667 97 1128
0 49 0
0 49 0
0 49 0
0 49 0
25.4631432169667 97 1128
0 49 0
0 49 0
42.6102128207585 143 2163
48.4093062169431 217 3096
5.60004780093214 91 861
1.01097492476053 73 276
0 49 0
0 49 0
0 49 0
0 49 0
0 49 0
0 49 0
0 49 0
0 49 0
1.49794729659425 78 406
0 49 0
0 49 0
4.86419626256617 90 820
7.80735592698529 93 946
0 49 0
0 49 0
25.4631432169667 97 1128
0 49 0
0 49 0
16.6354575696986 96 1081
25.4631432169667 97 1128
25.4631432169667 97 1128
0 49 0
0 49 0
0 49 0
0 49 0
0 49 0
3.31819108131274 77 186
0 49 0
0.575198370212252 66 136
0 49 0
25.4631432169667 97 1128
0 49 0
0 49 0
7.80735592698529 93 946
9.57306291826206 94 990
9.57306291826206 94 990
0 49 0
64.7357242509102 188 3155
28.2443548170908 125 1506
0 49 0
0 49 0
0 49 0
0 49 0
0 49 0
12.2215135891333 95 1035
1.01097492476053 73 276
0 49 0
0 49 0
0 49 0
0 49 0
16.6354575696986 96 1081
0 49 0
16.6354575696986 96 1081
16.4187689847019 123 1333
0 49 0
0 49 0
25.4631432169667 97 1128
0 49 0
18.9277125840028 153 1767
0 49 0
12.2215135891333 95 1035
16.6354575696986 96 1081
28.2616628396057 139 1981
0 49 0
6.54607117970222 92 903
0 49 0
25.4631432169667 97 1128
0 49 0
0 49 0
0 49 0
1.76410737777666 80 465
0 49 0
0 49 0
0 49 0
0 49 0
0 49 0
0 49 0
0 49 0
0 49 0
16.6354575696986 96 1081
0 49 0
0 49 0
0 49 0
0 49 0
0 49 0
0 49 0
5.60004780093214 91 861
0 49 0
0 49 0
0 49 0
0 49 0
0 49 0
0 49 0
0 49 0
32.3100872314709 133 1135
0 49 0
16.6354575696986 96 1081
0 49 0
0 49 0
0 49 0
25.4631432169667 97 1128
9.57306291826206 94 990
0 49 0
0 49 0
0 49 0
0.439347301136679 63 91
25.4631432169667 97 1128
0 49 0
25.4631432169667 97 1128
25.4631432169667 97 1128
25.1873994136807 137 1893
0 49 0
0 49 0
0 49 0
0 49 0
0 49 0
0 49 0
0 49 0
21.4455078868557 134 1172
6.54607117970222 92 903
3.79372176780748 88 741
32.4261294387664 164 2130
16.6354575696986 96 1081
0 49 0
0 49 0
0 49 0
0 49 0
9.22120054848877 122 1338
0 49 0
0 49 0
0 49 0
16.6354575696986 96 1081
30.973572957599 136 1849
0 49 0
0 49 0
0 49 0
0 49 0
0 49 0
0 49 0
41.5888602017549 142 2116
30.810083903734 136 1869
0 49 0
0 49 0
0 49 0
21.6851859973098 120 1225
0 49 0
22.4979833744325 122 1296
25.4631432169667 97 1128
5.60004780093214 91 861
12.2215135891333 95 1035
0 49 0
16.6354575696986 96 1081
0 49 0
0 49 0
17.9325534000232 128 1007
25.4631432169667 97 1128
2.50867632707004 84 595
0 49 0
0 49 0
2.28006234795668 69 94
0 49 0
0 49 0
0 49 0
18.7628803606387 112 961
0 49 0
0 49 0
0 49 0
0 49 0
29.4111913667749 132 1723
38.35140216426 142 2118
5.60004780093214 91 861
0 49 0
0 49 0
0 49 0
0 49 0
16.6354575696986 96 1081
0 49 0
25.4631432169667 97 1128
0 49 0
0 49 0
0 49 0
0 49 0
4.86419626256617 90 820
5.60004780093214 91 861
32.9372502514792 139 1989
5.60004780093214 91 861
0 49 0
0 49 0
0 49 0
0 49 0
25.4631432169667 97 1128
0 49 0
0 49 0
8.96654608618021 118 1162
25.4631432169667 97 1128
25.4631432169667 97 1128
0 49 0
0 49 0
0 49 0
33.8105639794325 172 2242
25.4631432169667 97 1128
0 49 0
48.0440566431218 182 2894
0 49 0
0 49 0
0 49 0
0 49 0
3.39222309804747 87 703
0 49 0
0.86455511160188 71 231
0 49 0
0 49 0
7.80735592698529 93 946
0 49 0
0 49 0
0 49 0
0 49 0
0 49 0
0 49 0
12.2215135891333 95 1035
0 49 0
16.6354575696986 96 1081
0 49 0
26.4113214526141 130 1600
0 49 0
0 49 0
0.482131342234263 64 105
5.60004780093214 91 861
0 49 0
0 49 0
0 49 0
25.4631432169667 97 1128
0 49 0
0 49 0
0 49 0
0 49 0
4.86419626256617 90 820
0 49 0
25.4631432169667 97 1128
0 49 0
5.60004780093214 91 861
9.57306291826206 94 990
0 49 0
0 49 0
4.86419626256617 90 820
0 49 0
25.4631432169667 97 1128
0 49 0
0 49 0
0 49 0
30.3633102959835 135 1831
0 49 0
0 49 0
0 49 0
0 49 0
0 49 0
0 49 0
0 49 0
0 49 0
0 49 0
0 49 0
2.28770467334335 83 561
23.6045583564072 137 1901
37.710901273524 132 1417
0 49 0
0 49 0
0 49 0
0 49 0
0 49 0
0 49 0
33.6595195124221 158 2100
25.4631432169667 97 1128
77.1562486056976 190 3244
0.288576011810233 59 45
0 49 0
9.57306291826206 94 990
0 49 0
0 49 0
5.60004780093214 91 861
0 49 0
3.79372176780748 88 741
25.4631432169667 97 1128
0 49 0
16.6354575696986 96 1081
0 49 0
16.6354575696986 96 1081
26.9329653558743 107 1173
0 49 0
61.1066141663218 184 2971
0 49 0
0 49 0
0 49 0
0 49 0
25.4631432169667 97 1128
0 49 0
0 49 0
0.255150004188646 58 36
0 49 0
0 49 0
0 49 0
0 49 0
0 49 0
0 49 0
0 49 0
33.1580991877498 141 2071
0 49 0
0 49 0
21.3813651796591 133 1723
9.57306291826206 94 990
0 49 0
0 49 0
12.2215135891333 95 1035
27.683478993524 151 1702
0 49 0
5.60004780093214 91 861
0 49 0
0 49 0
6.54607117970222 92 903
3.4158731792971 92 552
0 49 0
0 49 0
25.4631432169667 97 1128
0 49 0
0 49 0
0 49 0
0 49 0
0 49 0
0.134302039515241 54 10
0 49 0
0 49 0
25.4631432169667 97 1128
0 49 0
25.4631432169667 97 1128
0 49 0
0 49 0
0 49 0
51.1820950660617 144 2209
0 49 0
0 49 0
0 49 0
0 49 0
0 49 0
0 49 0
0 49 0
3.39222309804747 87 703
0 49 0
6.54607117970222 92 903
0 49 0
9.57306291826206 94 990
0 49 0
35.8126907824312 141 2074
12.2215135891333 95 1035
25.4631432169667 97 1128
0 49 0
0 49 0
0.134302039515241 54 10
25.4631432169667 97 1128
36.9857458999686 206 3045
0 49 0
0 49 0
0 49 0
0 49 0
3.05244704470409 86 666
0 49 0
0.93508155904448 72 253
0 49 0
0 49 0
0 49 0
0 49 0
0 49 0
25.4631432169667 97 1128
7.80735592698529 93 946
0 49 0
0 49 0
0 49 0
0 49 0
0 49 0
8.43304992202743 78 196
0 49 0
26.6605979443281 103 1143
0 49 0
0 49 0
0 49 0
0 49 0
3.05244704470409 86 666
26.4531963302836 139 1984
0 49 0
0 49 0
12.9640091735806 102 1056
0 49 0
40.2343248210113 137 1455
0.527338255416746 65 120
42.6102128207585 143 2163
0 49 0
2.61811126867692 58 16
0 49 0
0 49 0
16.6354575696986 96 1081
44.5498783500795 178 2730
9.57306291826206 94 990
0 49 0
0 49 0
5.60004780093214 91 861
12.2215135891333 95 1035
25.4631432169667 97 1128
25.4631432169667 97 1128
0 49 0
0 49 0
0 49 0
16.6354575696986 96 1081
0 49 0
12.2215135891333 95 1035
6.54607117970222 92 903
7.80735592698529 93 946
0 49 0
0 49 0
0 49 0
0 49 0
25.4631432169667 97 1128
0.0796525187367804 52 3
0 49 0
0 49 0
0 49 0
3.05244704470409 86 666
7.80735592698529 93 946
0 49 0
0 49 0
0 49 0
0 49 0
0 49 0
0 49 0
0 49 0
0 49 0
32.4443124271802 155 1824
0 49 0
0 49 0
7.80735592698529 93 946
0 49 0
5.60004780093214 91 861
6.54607117970222 92 903
0 49 0
51.1820950660617 144 2209
0 49 0
41.5888602017549 142 2116
0 49 0
9.57306291826206 94 990
0 49 0
0 49 0
25.4631432169667 97 1128
0 49 0
0 49 0
0 49 0
0 49 0
0 49 0
0 49 0
0 49 0
0.86455511160188 71 231
0 49 0
25.4631432169667 97 1128
0 49 0
0 49 0
0 49 0
0 49 0
6.1329172922647 70 100
0 49 0
0 49 0
0 49 0
20.0877788314828 130 1642
0 49 0
16.9514253795872 151 1762
30.973572957599 136 1849
0 49 0
25.4631432169667 97 1128
4.27546269744718 89 780
0.106626792207705 53 6
33.1580991877498 141 2071
15.2446148072673 128 1523
0 49 0
0 49 0
25.4631432169667 97 1128
0 49 0
7.80735592698529 93 946
0 49 0
0 49 0
25.4631432169667 97 1128
3.05244704470409 86 666
5.60004780093214 91 861
0 49 0
3.42499686638264 94 418
1.91929257789223 81 496
0 49 0
0 49 0
8.73324719479328 70 64
0 49 0
21.1411385716666 136 1851
0 49 0
0 49 0
0 49 0
0.106626792207705 53 6
0 49 0
4.86419626256617 90 820
0 49 0
0 49 0
35.8126907824312 141 2074
0 49 0
0 49 0
0 49 0
9.57306291826206 94 990
0 49 0
0 49 0
6.04956427913689 97 876
12.2215135891333 95 1035
0 49 0
0 49 0
0 49 0
0 49 0
0 49 0
0 49 0
0 49 0
0 49 0
0 49 0
0 49 0
25.4631432169667 97 1128
0 49 0
0 49 0
0 49 0
0 49 0
0 49 0
0 49 0
0 49 0
0 49 0
0 49 0
0 49 0
18.7198249008754 135 1810
1.3842944724525 54 4
0 49 0
0 49 0
0 49 0
0 49 0
7.80735592698529 93 946
21.4872402673166 134 1784
4.27546269744718 89 780
0 49 0
4.95339074426087 109 906
0 49 0
42.6102128207585 143 2163
0.0531550982069177 51 1
25.4631432169667 97 1128
1.89097027256491 74 156
0 49 0
0 49 0
12.3382922134812 109 871
21.1411385716666 136 1851
7.80735592698529 93 946
0 49 0
12.2215135891333 95 1035
6.54607117970222 92 903
0 49 0
0 49 0
0 49 0
0 49 0
9.57306291826206 94 990
0 49 0
0 49 0
0 49 0
0 49 0
59.5814641795888 185 3029
0 49 0
0.3235571636742 60 55
0 49 0
25.4631432169667 97 1128
0 49 0
25.4631432169667 97 1128
0 49 0
0 49 0
0 49 0
24.4112404879674 152 1723
23.6045583564072 137 1901
0 49 0
3.79372176780748 88 741
0 49 0
51.1820950660617 144 2209
0.134302039515241 54 10
0 49 0
0 49 0
0 49 0
35.8126907824312 141 2074
0 49 0
0 49 0
0 49 0
0 49 0
0 49 0
16.6354575696986 96 1081
0 49 0
0 49 0
0 49 0
0 49 0
0 49 0
0 49 0
0 49 0
0 49 0
0 49 0
0 49 0
0 49 0
