"COLLES.MDM.LN" "SACKIN" "COPHENETIC"
0 38 0
0 38 0
0 38 0
0 38 0
19.8409057905766 75 666
0 38 0
0 38 0
0 38 0
29.3225026996659 127 1325
0 38 0
0 38 0
1.16437736669715 58 190
0 38 0
0 38 0
21.794577665687 90 771
13.559088944922 77 633
24.9796339862189 122 1141
0 38 0
3.6097704443334 68 435
0 38 0
19.8409057905766 75 666
0 38 0
19.8409057905766 75 666
0 38 0
0 38 0
0 38 0
2.44931353385128 65 351
0 38 0
0 38 0
0 38 0
0 38 0
24.9909341821758 105 1101
0 38 0
0 38 0
0 38 0
0 38 0
6.10051884989114 88 636
0 38 0
19.8409057905766 75 666
0 38 0
0 38 0
0 38 0
0 38 0
0 38 0
0 38 0
0 38 0
0 38 0
0 38 0
0 38 0
0 38 0
0 38 0
0 38 0
0 38 0
0 38 0
0 38 0
39.9320342441248 111 1296
0 38 0
1.95157801352145 63 300
22.7440463424801 98 919
5.62409182732853 73 291
0 38 0
0 38 0
5.9292771089574 71 528
0 38 0
0 38 0
0 38 0
4.18975502221957 69 465
0 38 0
0 38 0
0 38 0
19.8409057905766 75 666
0 38 0
0 38 0
0 38 0
0 38 0
0 38 0
1.75235653625159 62 276
0 38 0
0 38 0
1.28701367421908 59 210
0 38 0
1.28701367421908 59 210
0 38 0
0 38 0
0 38 0
0 38 0
12.8854372957196 74 630
0.348705005724482 47 36
0 38 0
0 38 0
0 38 0
0 38 0
0 38 0
19.8409057905766 75 666
13.1107972140895 94 757
0 38 0
0.953857928124573 56 153
0 38 0
16.0640845683013 103 1026
0 38 0
0 38 0
19.8409057905766 75 666
0 38 0
19.8409057905766 75 666
12.8854372957196 74 630
33.2302882786899 110 1261
0 38 0
0 38 0
0 38 0
27.924759746714 108 1194
1.28701367421908 59 210
12.8854372957196 74 630
0 38 0
0 38 0
12.8854372957196 74 630
0 38 0
0 38 0
30.154226175073 116 1192
12.8854372957196 74 630
24.026435022196 103 1044
8.13134117881367 85 531
0 38 0
0 38 0
0 38 0
0 38 0
0 38 0
0.779543508007364 54 120
0 38 0
0 38 0
0.507003347513996 50 66
19.8409057905766 75 666
0 38 0
0 38 0
19.1474941490401 105 1095
39.9320342441248 111 1296
4.18975502221957 69 465
19.8409057905766 75 666
7.32065495469872 72 561
19.8409057905766 75 666
0 38 0
20.6238893386169 99 900
7.00247281286421 91 688
25.6500726425386 108 1191
0 38 0
0 38 0
0 38 0
0 38 0
12.8854372957196 74 630
15.502072693345 110 856
0 38 0
0 38 0
7.32065495469872 72 561
4.93532377172288 70 496
0 38 0
0.862797555318377 55 136
0 38 0
0 38 0
0 38 0
0 38 0
27.8435004897468 127 1300
0 38 0
3.28225154036923 49 25
0 38 0
0 38 0
16.0052545300901 100 931
0 38 0
0 38 0
0 38 0
0 38 0
0 38 0
0 38 0
3.6097704443334 68 435
0 38 0
0 38 0
0 38 0
0 38 0
0 38 0
0 38 0
3.12591371864898 70 384
0.450668906546207 49 55
6.45848055093335 76 538
0 38 0
0 38 0
0 38 0
51.6216474396405 147 1603
11.1586733624172 95 786
0 38 0
0 38 0
0 38 0
0 38 0
11.2947501317359 98 874
0 38 0
12.8854372957196 74 630
0 38 0
0 38 0
0.632660113636817 52 91
0 38 0
0 38 0
0 38 0
11.3358563556316 99 906
5.9292771089574 71 528
2.32038247269157 50 31
0 38 0
0 38 0
9.40753622651267 73 595
0.140138069758699 42 6
0 38 0
0 38 0
0 38 0
0 38 0
0 38 0
0 38 0
0 38 0
4.18975502221957 69 465
19.8409057905766 75 666
0 38 0
47.0210230311126 140 1684
0 38 0
0 38 0
12.8854372957196 74 630
0 38 0
0 38 0
0 38 0
0 38 0
0 38 0
0 38 0
0 38 0
0 38 0
0 38 0
0 38 0
0 38 0
0 38 0
19.8409057905766 75 666
0 38 0
0 38 0
7.32065495469872 72 561
0 38 0
0 38 0
1.16437736669715 58 190
0 38 0
4.93532377172288 70 496
0 38 0
0 38 0
0 38 0
4.18975502221957 69 465
0 38 0
0 38 0
0 38 0
0 38 0
0 38 0
0 38 0
19.8409057905766 75 666
0 38 0
0 38 0
3.25927373488106 70 249
0 38 0
0 38 0
0 38 0
0 38 0
2.44931353385128 65 351
4.41385455943415 60 111
4.93532377172288 70 496
0 38 0
0 38 0
0 38 0
0 38 0
0 38 0
0 38 0
0 38 0
29.3093512861122 131 1444
0 38 0
0 38 0
0 38 0
0 38 0
19.8409057905766 75 666
0 38 0
0 38 0
0 38 0
0 38 0
0 38 0
14.8857012772982 98 871
24.1131077289019 114 929
19.8409057905766 75 666
0 38 0
0 38 0
0 38 0
19.8409057905766 75 666
0 38 0
0 38 0
12.8854372957196 74 630
0 38 0
0 38 0
0 38 0
0 38 0
0 38 0
19.8409057905766 75 666
0 38 0
0 38 0
14.2038919552374 102 996
0 38 0
0 38 0
44.4802786217489 154 1637
0 38 0
12.8854372957196 74 630
0.21713400546926 44 15
0 38 0
0 38 0
0 38 0
0 38 0
19.8409057905766 75 666
0 38 0
0 38 0
0 38 0
26.6142220249496 107 1162
0 38 0
0 38 0
0 38 0
3.14568932284792 67 406
0 38 0
0 38 0
0 38 0
19.8409057905766 75 666
0 38 0
0 38 0
0 38 0
0 38 0
19.8409057905766 75 666
10.1210820086598 97 847
0 38 0
0 38 0
3.14568932284792 67 406
0 38 0
19.8409057905766 75 666
0 38 0
0 38 0
19.8409057905766 75 666
56.8366271863165 167 2033
0 38 0
0 38 0
13.2289795229558 100 946
0 38 0
4.18975502221957 69 465
0 38 0
2.18134876288277 64 325
0 38 0
0 38 0
0 38 0
22.5521497791164 100 468
0 38 0
0 38 0
0 38 0
0 38 0
0 38 0
19.8409057905766 75 666
0 38 0
0 38 0
0 38 0
25.6843159609574 106 1131
0 38 0
3.14568932284792 67 406
0 38 0
0 38 0
9.40753622651267 73 595
39.9320342441248 111 1296
0 38 0
0 38 0
0 38 0
12.8854372957196 74 630
0 38 0
0 38 0
0 38 0
0 38 0
0 38 0
1.95157801352145 63 300
1.16437736669715 58 190
0 38 0
19.8409057905766 75 666
19.8409057905766 75 666
0 38 0
0 38 0
0 38 0
0 38 0
0 38 0
0.953857928124573 56 153
2.18134876288277 64 325
0 38 0
0 38 0
12.8854372957196 74 630
0 38 0
12.8854372957196 74 630
0 38 0
0 38 0
0 38 0
42.3640472081712 141 1721
0 38 0
0 38 0
0 38 0
4.93532377172288 70 496
9.40753622651267 73 595
0 38 0
0.348705005724482 47 36
7.32065495469872 72 561
19.8409057905766 75 666
0 38 0
0 38 0
9.40753622651267 73 595
0 38 0
0 38 0
0 38 0
0 38 0
5.9292771089574 71 528
0 38 0
0 38 0
33.2302882786899 110 1261
0 38 0
0 38 0
0 38 0
0 38 0
9.40753622651267 73 595
32.2089356596862 109 1225
0 38 0
9.4938540830132 94 760
51.7810518642455 143 1786
0 38 0
58.9575822851861 170 2119
0 38 0
0 38 0
0 38 0
29.9048723008974 109 1227
0 38 0
0.507003347513996 50 66
26.6142220249496 107 1162
9.40753622651267 73 595
0 38 0
0 38 0
0.450668906546207 49 55
9.40753622651267 73 595
0 38 0
0 38 0
0 38 0
0 38 0
0 38 0
19.8409057905766 75 666
0 38 0
0 38 0
19.1739424238911 104 1057
14.3755756816022 88 721
0 38 0
0.348705005724482 47 36
0 38 0
0 38 0
32.2089356596862 109 1225
0 38 0
0 38 0
0 38 0
0 38 0
0 38 0
0 38 0
0 38 0
19.8409057905766 75 666
0 38 0
18.2284477068381 104 1065
0 38 0
0.953857928124573 56 153
0 38 0
0 38 0
4.19701938007082 65 171
0 38 0
0 38 0
0 38 0
0 38 0
4.18975502221957 69 465
5.25576493120474 71 258
0 38 0
0 38 0
9.40753622651267 73 595
0 38 0
4.18975502221957 69 465
19.8409057905766 75 666
0 38 0
9.40753622651267 73 595
19.8409057905766 75 666
0 38 0
4.93532377172288 70 496
12.8854372957196 74 630
1.42397312499133 60 231
0.398035878358943 48 45
0 38 0
3.6097704443334 68 435
0 38 0
33.2302882786899 110 1261
0 38 0
4.18975502221957 69 465
0 38 0
0 38 0
0 38 0
0.703108207424967 53 105
0 38 0
0 38 0
9.40753622651267 73 595
0 38 0
3.6097704443334 68 435
1.42397312499133 60 231
0 38 0
0 38 0
0 38 0
23.1401577351189 100 966
0 38 0
0 38 0
35.2772591465659 131 1423
0 38 0
0 38 0
12.8854372957196 74 630
0 38 0
0 38 0
9.40753622651267 73 595
0 38 0
0 38 0
0 38 0
0 38 0
0 38 0
0 38 0
12.8854372957196 74 630
19.8409057905766 75 666
0 38 0
0 38 0
0 38 0
0 38 0
0 38 0
0 38 0
28.0903172586032 107 1156
19.8409057905766 75 666
0 38 0
0 38 0
0 38 0
0 38 0
0 38 0
19.8409057905766 75 666
0 38 0
0 38 0
0 38 0
0 38 0
24.9909341821758 105 1101
0 38 0
0.0689579652414068 40 1
0 38 0
27.924759746714 108 1194
1.95955238693973 66 246
0 38 0
0 38 0
1.93449177262775 65 259
0 38 0
0 38 0
0 38 0
0 38 0
47.871464059141 131 1387
0 38 0
0 38 0
0 38 0
0 38 0
11.3358563556316 99 906
0 38 0
0 38 0
9.40753622651267 73 595
0 38 0
19.8409057905766 75 666
21.9118036448338 101 961
19.8409057905766 75 666
19.8409057905766 75 666
0 38 0
0 38 0
0 38 0
0 38 0
0 38 0
0 38 0
0 38 0
0 38 0
9.40753622651267 73 595
0.507003347513996 50 66
0 38 0
0 38 0
0 38 0
0 38 0
0 38 0
39.9320342441248 111 1296
0 38 0
0 38 0
4.93532377172288 70 496
3.27351957582065 55 54
0 38 0
0 38 0
0 38 0
0 38 0
0 38 0
0 38 0
0 38 0
0 38 0
0 38 0
4.93532377172288 70 496
0 38 0
0 38 0
4.18975502221957 69 465
0 38 0
0 38 0
0 38 0
4.18975502221957 69 465
0 38 0
0 38 0
0.348705005724482 47 36
0 38 0
0.398035878358943 48 45
0 38 0
0 38 0
0 38 0
0 38 0
0 38 0
29.9048723008974 109 1227
0 38 0
0 38 0
0 38 0
19.8409057905766 75 666
0 38 0
0.302320995664545 46 28
0 38 0
7.32065495469872 72 561
0.632660113636817 52 91
15.1464726568674 95 840
0 38 0
0 38 0
1.57795013088756 61 253
0 38 0
0 38 0
19.8409057905766 75 666
0 38 0
0 38 0
12.8854372957196 74 630
0 38 0
3.6097704443334 68 435
0 38 0
0 38 0
0 38 0
0 38 0
0 38 0
0 38 0
19.8409057905766 75 666
0 38 0
0 38 0
0 38 0
0 38 0
0 38 0
1.75235653625159 62 276
0 38 0
1.95157801352145 63 300
0 38 0
0 38 0
0 38 0
0 38 0
0 38 0
11.6961774439275 90 651
0 38 0
0 38 0
0 38 0
0 38 0
0 38 0
0 38 0
7.32065495469872 72 561
0 38 0
0.703108207424967 53 105
0 38 0
0 38 0
14.4768441676427 85 529
19.8409057905766 75 666
0 38 0
19.8409057905766 75 666
0.779543508007364 54 120
3.14568932284792 67 406
12.8854372957196 74 630
0 38 0
0 38 0
0 38 0
3.6097704443334 68 435
0 38 0
19.8409057905766 75 666
0 38 0
0 38 0
0 38 0
0 38 0
19.8409057905766 75 666
0 38 0
0 38 0
19.8409057905766 75 666
0 38 0
19.8409057905766 75 666
3.14568932284792 67 406
20.7186689137773 127 1292
0 38 0
0 38 0
0.398035878358943 48 45
0 38 0
0 38 0
0 38 0
1.75235653625159 62 276
0 38 0
0 38 0
0 38 0
0.398035878358943 48 45
0.177752699358408 43 10
9.40395170260026 82 463
3.6097704443334 68 435
19.8409057905766 75 666
0 38 0
4.18975502221957 69 465
9.40753622651267 73 595
0 38 0
0 38 0
0 38 0
25.6500726425386 108 1191
0 38 0
12.8854372957196 74 630
0 38 0
0 38 0
19.8409057905766 75 666
0 38 0
0 38 0
2.18134876288277 64 325
0 38 0
0 38 0
0 38 0
19.8409057905766 75 666
0 38 0
0 38 0
0 38 0
0 38 0
0 38 0
0 38 0
15.9472352065011 99 930
0 38 0
0 38 0
0 38 0
19.8409057905766 75 666
19.8409057905766 75 666
0 38 0
0 38 0
0 38 0
3.14568932284792 67 406
0 38 0
0 38 0
0 38 0
0 38 0
0 38 0
0 38 0
0 38 0
7.32065495469872 72 561
0 38 0
0 38 0
4.93532377172288 70 496
0 38 0
9.40753622651267 73 595
39.9320342441248 111 1296
1.28701367421908 59 210
0 38 0
19.8409057905766 75 666
0 38 0
19.8409057905766 75 666
0 38 0
31.1370927926884 106 891
0 38 0
0 38 0
0 38 0
4.93532377172288 70 496
0 38 0
0.632660113636817 52 91
0 38 0
4.93532377172288 70 496
0 38 0
0 38 0
0 38 0
0 38 0
0 38 0
0 38 0
1.42397312499133 60 231
0 38 0
0 38 0
0 38 0
19.8409057905766 75 666
0 38 0
0 38 0
9.40753622651267 73 595
19.8409057905766 75 666
17.5998091231211 93 729
0 38 0
19.8409057905766 75 666
0 38 0
0 38 0
0 38 0
0.398035878358943 48 45
0 38 0
0 38 0
12.0814014662608 94 547
0 38 0
0 38 0
0 38 0
0 38 0
0 38 0
0 38 0
9.40753622651267 73 595
19.8409057905766 75 666
7.32065495469872 72 561
0 38 0
0 38 0
0 38 0
0 38 0
1.42397312499133 60 231
0 38 0
12.8854372957196 74 630
1.95157801352145 63 300
19.8409057905766 75 666
2.44931353385128 65 351
12.8854372957196 74 630
0.703108207424967 53 105
0 38 0
0 38 0
0 38 0
0 38 0
4.39366728299694 56 52
0 38 0
19.8409057905766 75 666
0 38 0
19.8409057905766 75 666
19.5256354630419 103 548
1.75235653625159 62 276
4.93532377172288 70 496
0 38 0
0 38 0
0 38 0
29.9048723008974 109 1227
12.8854372957196 74 630
0 38 0
19.8409057905766 75 666
0 38 0
12.8854372957196 74 630
0 38 0
12.8854372957196 74 630
75.3863299119077 196 2188
0 38 0
0 38 0
0 38 0
0 38 0
2.76589617969565 66 378
19.8409057905766 75 666
1.57795013088756 61 253
0 38 0
0 38 0
12.8854372957196 74 630
0 38 0
0 38 0
0 38 0
0.632660113636817 52 91
0 38 0
20.6238893386169 99 900
0 38 0
0 38 0
0 38 0
8.93326622374124 95 804
0 38 0
9.40753622651267 73 595
9.40753622651267 73 595
0 38 0
0 38 0
19.8409057905766 75 666
0 38 0
0 38 0
19.8409057905766 75 666
0 38 0
0 38 0
1.16437736669715 58 190
0 38 0
0.507003347513996 50 66
0 38 0
19.8409057905766 75 666
0 38 0
12.8854372957196 74 630
0 38 0
19.8409057905766 75 666
0 38 0
0 38 0
0 38 0
0 38 0
0 38 0
0 38 0
7.32065495469872 72 561
0 38 0
0 38 0
0 38 0
5.9292771089574 71 528
4.18975502221957 69 465
0 38 0
0 38 0
0 38 0
19.8409057905766 75 666
0 38 0
0 38 0
0 38 0
0 38 0
4.93532377172288 70 496
0 38 0
0 38 0
0 38 0
0 38 0
19.8409057905766 75 666
0 38 0
0 38 0
5.08342195211822 55 64
0 38 0
0 38 0
0 38 0
0 38 0
0 38 0
12.8854372957196 74 630
19.8409057905766 75 666
7.16851900212734 86 556
0 38 0
12.8854372957196 74 630
0 38 0
0 38 0
0 38 0
24.4542320588268 104 1072
0 38 0
0 38 0
0 38 0
0 38 0
0 38 0
0 38 0
0 38 0
0 38 0
5.9292771089574 71 528
4.93532377172288 70 496
9.17051871805414 89 627
19.8409057905766 75 666
0 38 0
0 38 0
0 38 0
46.4964976035401 143 1789
1.42397312499133 60 231
14.0724543103715 84 675
0.632660113636817 52 91
0 38 0
0 38 0
0 38 0
0.25856277613212 45 21
0 38 0
0 38 0
0 38 0
19.8409057905766 75 666
0 38 0
0 38 0
9.40753622651267 73 595
0 38 0
0 38 0
0 38 0
0 38 0
0 38 0
2.18134876288277 64 325
19.8409057905766 75 666
0 38 0
39.9320342441248 111 1296
19.8409057905766 75 666
0 38 0
0 38 0
0 38 0
0 38 0
0 38 0
0 38 0
0 38 0
12.8854372957196 74 630
0 38 0
12.8854372957196 74 630
0 38 0
0 38 0
0 38 0
0 38 0
27.924759746714 108 1194
0 38 0
19.8409057905766 75 666
19.8409057905766 75 666
0 38 0
0 38 0
48.0066353222764 155 1513
0 38 0
0 38 0
0 38 0
0 38 0
58.239214657718 172 2202
0 38 0
0 38 0
0 38 0
0 38 0
0 38 0
0 38 0
0 38 0
0 38 0
0 38 0
0 38 0
0 38 0
0 38 0
0 38 0
0 38 0
19.8409057905766 75 666
8.67358256857907 67 196
0 38 0
1.75235653625159 62 276
0 38 0
0 38 0
0 38 0
39.9320342441248 111 1296
0 38 0
0 38 0
0 38 0
0 38 0
0 38 0
3.14568932284792 67 406
0 38 0
0 38 0
0 38 0
0 38 0
0 38 0
19.8409057905766 75 666
41.6696332610471 134 1507
0 38 0
0 38 0
0 38 0
0 38 0
19.8409057905766 75 666
4.93532377172288 70 496
5.9292771089574 71 528
29.9048723008974 109 1227
0 38 0
1.95157801352145 63 300
0 38 0
0 38 0
0 38 0
19.8409057905766 75 666
0 38 0
0 38 0
0 38 0
14.8857012772982 98 871
0 38 0
12.1840552769774 97 871
0 38 0
0 38 0
0 38 0
0 38 0
0 38 0
0 38 0
0.348705005724482 47 36
0 38 0
0 38 0
0 38 0
0 38 0
0 38 0
0 38 0
0 38 0
0 38 0
0 38 0
0 38 0
2.44931353385128 65 351
0 38 0
0 38 0
0 38 0
0 38 0
4.93532377172288 70 496
19.8409057905766 75 666
19.8409057905766 75 666
19.8409057905766 75 666
0.140138069758699 42 6
19.8409057905766 75 666
0 38 0
19.8409057905766 75 666
12.8854372957196 74 630
0.348705005724482 47 36
0 38 0
12.8854372957196 74 630
0 38 0
0 38 0
0 38 0
0 38 0
19.8409057905766 75 666
0 38 0
0 38 0
0 38 0
39.9320342441248 111 1296
0 38 0
0 38 0
0 38 0
0 38 0
19.8409057905766 75 666
0.21713400546926 44 15
1.16437736669715 58 190
0 38 0
19.8409057905766 75 666
0 38 0
19.8409057905766 75 666
0 38 0
0 38 0
0 38 0
0 38 0
0 38 0
0 38 0
0 38 0
9.40753622651267 73 595
0 38 0
0 38 0
0 38 0
0 38 0
0 38 0
19.8409057905766 75 666
0 38 0
33.2302882786899 110 1261
0 38 0
0 38 0
0 38 0
0 38 0
1.75235653625159 62 276
0 38 0
0.953857928124573 56 153
3.14568932284792 67 406
0 38 0
0 38 0
0 38 0
12.8854372957196 74 630
28.0903172586032 107 1156
9.40753622651267 73 595
0 38 0
0 38 0
9.40753622651267 73 595
0 38 0
0 38 0
28.5162578244039 116 1198
0 38 0
0 38 0
0 38 0
0 38 0
12.8854372957196 74 630
0 38 0
7.32065495469872 72 561
12.8854372957196 74 630
4.93532377172288 70 496
12.8854372957196 74 630
12.1270992629746 97 707
5.48784094764193 76 511
7.32065495469872 72 561
0 38 0
0 38 0
0 38 0
2.18134876288277 64 325
5.9292771089574 71 528
0 38 0
12.8854372957196 74 630
0 38 0
0 38 0
0 38 0
0 38 0
0 38 0
0 38 0
0 38 0
0 38 0
0.632660113636817 52 91
0 38 0
0 38 0
0 38 0
13.5849607009678 98 607
0 38 0
0 38 0
12.8854372957196 74 630
0 38 0
0 38 0
0 38 0
0 38 0
0 38 0
0 38 0
0 38 0
0 38 0
19.8409057905766 75 666
0 38 0
0 38 0
0 38 0
0 38 0
0 38 0
19.8409057905766 75 666
0 38 0
19.8409057905766 75 666
12.8854372957196 74 630
0 38 0
38.0840702606238 142 1601
19.8409057905766 75 666
4.18975502221957 69 465
13.1107972140895 94 757
0 38 0
19.8409057905766 75 666
0 38 0
0 38 0
2.76589617969565 66 378
0 38 0
0.953857928124573 56 153
0 38 0
0 38 0
19.8409057905766 75 666
0 38 0
0 38 0
0 38 0
60.2723844299741 146 1891
0 38 0
0 38 0
0.862797555318377 55 136
0 38 0
12.8854372957196 74 630
32.2089356596862 109 1225
0 38 0
4.18975502221957 69 465
0 38 0
0 38 0
4.93532377172288 70 496
0 38 0
0 38 0
12.8854372957196 74 630
0 38 0
0 38 0
0 38 0
0 38 0
0 38 0
0 38 0
4.93532377172288 70 496
0 38 0
0 38 0
0 38 0
0 38 0
13.8631145729504 81 651
19.8409057905766 75 666
25.7677644412868 123 1192
0.302320995664545 46 28
39.9320342441248 111 1296
19.8409057905766 75 666
0 38 0
0 38 0
9.40753622651267 73 595
0 38 0
0 38 0
0 38 0
0 38 0
4.91418344510968 72 410
0 38 0
9.40753622651267 73 595
19.1474941490401 105 1095
5.9292771089574 71 528
0 38 0
0 38 0
0 38 0
4.93532377172288 70 496
0 38 0
5.0579717888317 82 502
25.6843159609574 106 1131
0 38 0
0 38 0
0 38 0
3.14568932284792 67 406
32.2089356596862 109 1225
0 38 0
0 38 0
4.18975502221957 69 465
39.8442592952611 134 1321
19.8409057905766 75 666
0 38 0
0 38 0
0.25856277613212 45 21
0 38 0
9.40753622651267 73 595
0 38 0
2.60171909434707 69 335
0 38 0
0 38 0
0.703108207424967 53 105
30.812518663586 143 1421
19.8409057905766 75 666
26.6142220249496 107 1162
0 38 0
0 38 0
0 38 0
12.8854372957196 74 630
0 38 0
8.19606413802382 90 654
0 38 0
0.632660113636817 52 91
0 38 0
12.8854372957196 74 630
0 38 0
0 38 0
0 38 0
12.8854372957196 74 630
9.40753622651267 73 595
1.28701367421908 59 210
0 38 0
0 38 0
0 38 0
28.0903172586032 107 1156
4.93532377172288 70 496
0 38 0
28.0903172586032 107 1156
0 38 0
3.14568932284792 67 406
19.8409057905766 75 666
0 38 0
0 38 0
0 38 0
0 38 0
0 38 0
0 38 0
0 38 0
0 38 0
0 38 0
19.8409057905766 75 666
39.9320342441248 111 1296
0 38 0
0 38 0
0 38 0
0 38 0
0 38 0
19.8409057905766 75 666
0 38 0
0 38 0
0.302320995664545 46 28
19.8409057905766 75 666
0 38 0
21.3197510163736 84 702
0 38 0
11.9425991129808 96 848
0 38 0
0 38 0
19.8409057905766 75 666
19.8409057905766 75 666
0 38 0
25.4132528004075 105 1089
0 38 0
12.8854372957196 74 630
12.8854372957196 74 630
0 38 0
0 38 0
12.8854372957196 74 630
23.8863579156624 118 1093
9.40753622651267 73 595
12.8854372957196 74 630
0 38 0
39.9320342441248 111 1296
0 38 0
19.8409057905766 75 666
0 38 0
0 38 0
0 38 0
0 38 0
0 38 0
0 38 0
4.18975502221957 69 465
7.84279492520266 76 567
12.8854372957196 74 630
3.6097704443334 68 435
0 38 0
4.18975502221957 69 465
0 38 0
14.8857012772982 98 871
4.93532377172288 70 496
0 38 0
0 38 0
0.25856277613212 45 21
0 38 0
0 38 0
0 38 0
0 38 0
0 38 0
0 38 0
0 38 0
4.18975502221957 69 465
0 38 0
0 38 0
0 38 0
0 38 0
0 38 0
12.8854372957196 74 630
0 38 0
0 38 0
0 38 0
0 38 0
0.779543508007364 54 120
0 38 0
0 38 0
0 38 0
2.76589617969565 66 378
19.8409057905766 75 666
0 38 0
39.9320342441248 111 1296
0 38 0
4.93532377172288 70 496
0 38 0
0 38 0
0 38 0
5.9292771089574 71 528
0 38 0
0 38 0
0 38 0
23.4567517203621 103 1024
0 38 0
0 38 0
19.8409057905766 75 666
20.6238893386169 99 900
0 38 0
8.89596871542754 80 421
12.8854372957196 74 630
0 38 0
0 38 0
39.9320342441248 111 1296
4.93532377172288 70 496
31.5693747372588 137 1593
4.93532377172288 70 496
0 38 0
0 38 0
0 38 0
0 38 0
8.64328323799899 87 666
0 38 0
0 38 0
2.18134876288277 64 325
0 38 0
0 38 0
12.8854372957196 74 630
0 38 0
0 38 0
0 38 0
9.40753622651267 73 595
0.632660113636817 52 91
3.57624635449558 56 73
0 38 0
5.61688418532422 78 524
0 38 0
0 38 0
0 38 0
0 38 0
12.8854372957196 74 630
1.95157801352145 63 300
0 38 0
7.32065495469872 72 561
0 38 0
0 38 0
0 38 0
12.8854372957196 74 630
0 38 0
0 38 0
0 38 0
0 38 0
0 38 0
0 38 0
0 38 0
0 38 0
0 38 0
0 38 0
0 38 0
0 38 0
0 38 0
0 38 0
0 38 0
0 38 0
0 38 0
0 38 0
0 38 0
0 38 0
0.779543508007364 54 120
0 38 0
0 38 0
0 38 0
0 38 0
0 38 0
0 38 0
12.8854372957196 74 630
25.6843159609574 106 1131
71.6006599833616 176 2314
0 38 0
60.2723844299741 146 1891
0 38 0
0 38 0
7.32065495469872 72 561
0 38 0
0 38 0
0 38 0
0 38 0
0 38 0
19.8409057905766 75 666
7.92830470062173 76 343
19.8409057905766 75 666
0.25856277613212 45 21
0 38 0
0 38 0
0 38 0
3.6097704443334 68 435
0 38 0
0 38 0
0 38 0
0 38 0
0 38 0
0 38 0
19.8409057905766 75 666
0 38 0
0 38 0
44.3880544402468 138 1627
0 38 0
26.6142220249496 107 1162
0 38 0
21.3676344871404 108 903
22.0786440534618 93 819
32.2089356596862 109 1225
0 38 0
3.6097704443334 68 435
0 38 0
1.47264201363738 61 163
0 38 0
19.8409057905766 75 666
0 38 0
0 38 0
0 38 0
0 38 0
0 38 0
0 38 0
3.14568932284792 67 406
0 38 0
12.8854372957196 74 630
0 38 0
5.9292771089574 71 528
0 38 0
0.398035878358943 48 45
25.6843159609574 106 1131
0 38 0
0 38 0
12.8854372957196 74 630
19.8409057905766 75 666
0 38 0
0 38 0
9.40753622651267 73 595
0 38 0
0 38 0
0 38 0
0 38 0
9.40753622651267 73 595
0 38 0
0 38 0
0 38 0
0.21713400546926 44 15
0.632660113636817 52 91
0 38 0
0 38 0
0 38 0
0 38 0
25.537196219856 113 1044
0 38 0
19.8409057905766 75 666
19.8409057905766 75 666
0 38 0
0 38 0
9.40753622651267 73 595
0 38 0
0 38 0
0 38 0
0 38 0
2.76589617969565 66 378
19.8409057905766 75 666
18.0017639921814 83 316
0 38 0
0 38 0
12.8854372957196 74 630
0 38 0
1.28701367421908 59 210
0 38 0
0 38 0
0 38 0
0 38 0
0.302320995664545 46 28
0 38 0
7.32065495469872 72 561
0 38 0
12.8854372957196 74 630
0 38 0
19.8409057905766 75 666
0 38 0
0 38 0
0 38 0
0 38 0
0 38 0
2.76589617969565 66 378
8.9596275051322 98 505
0 38 0
2.76589617969565 66 378
0 38 0
24.026435022196 103 1044
0 38 0
7.32065495469872 72 561
0 38 0
0 38 0
0.862797555318377 55 136
19.8409057905766 75 666
0 38 0
0 38 0
0 38 0
0 38 0
13.2289795229558 100 946
0 38 0
0 38 0
0 38 0
0 38 0
19.8409057905766 75 666
0 38 0
0 38 0
0 38 0
19.8409057905766 75 666
10.9145739197839 98 886
0 38 0
0 38 0
0 38 0
39.9320342441248 111 1296
0 38 0
10.4764517412951 98 879
4.93532377172288 70 496
0 38 0
19.8409057905766 75 666
0 38 0
0 38 0
19.5071508300631 97 841
0 38 0
0 38 0
0 38 0
0 38 0
0 38 0
0 38 0
0 38 0
17.318874685313 106 886
0 38 0
0.779543508007364 54 120
5.9292771089574 71 528
12.8854372957196 74 630
0 38 0
0 38 0
0 38 0
10.350678150848 82 631
0 38 0
0 38 0
0 38 0
12.1840552769774 97 871
0 38 0
0 38 0
0 38 0
0 38 0
3.14568932284792 67 406
0 38 0
0 38 0
12.8854372957196 74 630
0 38 0
0 38 0
0.703108207424967 53 105
3.6097704443334 68 435
0 38 0
0 38 0
19.8409057905766 75 666
12.0511367046948 91 369
0 38 0
0 38 0
12.8854372957196 74 630
0 38 0
0 38 0
19.8409057905766 75 666
28.0619794967522 145 1406
0 38 0
0 38 0
0 38 0
0 38 0
0 38 0
0 38 0
0 38 0
0.953857928124573 56 153
0 38 0
0 38 0
0 38 0
0.0689579652414068 40 1
0 38 0
0 38 0
1.75235653625159 62 276
0 38 0
22.7440463424801 98 919
7.77517659343241 75 564
0 38 0
53.8237571022528 145 1857
0 38 0
0 38 0
0 38 0
0 38 0
7.32065495469872 72 561
0 38 0
0 38 0
9.40753622651267 73 595
0 38 0
0 38 0
0 38 0
0 38 0
0 38 0
0 38 0
4.18975502221957 69 465
0 38 0
0 38 0
12.8854372957196 74 630
19.8409057905766 75 666
0 38 0
9.40753622651267 73 595
1.95157801352145 63 300
0 38 0
0.25856277613212 45 21
2.3637050868834 69 255
0 38 0
5.9292771089574 71 528
0.398035878358943 48 45
0 38 0
0 38 0
0 38 0
0 38 0
0 38 0
0 38 0
0 38 0
0 38 0
0 38 0
0.779543508007364 54 120
0 38 0
0 38 0
0 38 0
0 38 0
0 38 0
0 38 0
0 38 0
0 38 0
0 38 0
19.8409057905766 75 666
11.2947501317359 98 874
0 38 0
0 38 0
0 38 0
0 38 0
0 38 0
0 38 0
0 38 0
0 38 0
12.8854372957196 74 630
0 38 0
1.57795013088756 61 253
0 38 0
19.8409057905766 75 666
0 38 0
0 38 0
0 38 0
0 38 0
0 38 0
0 38 0
0 38 0
0.862797555318377 55 136
0 38 0
9.40753622651267 73 595
0 38 0
0 38 0
0 38 0
19.8409057905766 75 666
2.72702780165152 60 114
0 38 0
0 38 0
19.8409057905766 75 666
0 38 0
0 38 0
19.8409057905766 75 666
2.76589617969565 66 378
14.4768441676427 85 529
0 38 0
0 38 0
28.0903172586032 107 1156
0 38 0
0 38 0
0 38 0
0 38 0
0 38 0
1.16437736669715 58 190
0 38 0
0 38 0
21.9118036448338 101 961
0 38 0
0 38 0
0 38 0
11.9505642222473 83 322
0 38 0
19.8409057905766 75 666
0 38 0
0 38 0
4.18975502221957 69 465
22.4366165374118 96 876
0 38 0
0 38 0
0 38 0
0 38 0
0 38 0
0 38 0
19.8409057905766 75 666
0 38 0
0.177752699358408 43 10
1.75235653625159 62 276
0 38 0
0 38 0
0 38 0
0 38 0
0 38 0
15.4135901287055 87 672
0 38 0
0 38 0
0 38 0
0 38 0
0 38 0
0 38 0
0 38 0
0 38 0
1.35647651697745 60 174
7.32065495469872 72 561
0 38 0
0 38 0
0 38 0
0 38 0
24.4542320588268 104 1072
24.9909341821758 105 1101
15.3727471036714 95 517
0 38 0
0 38 0
0 38 0
21.9777793296646 92 802
0 38 0
5.9292771089574 71 528
0.398035878358943 48 45
0 38 0
10.2003890422859 95 642
0 38 0
0 38 0
0 38 0
0 38 0
0 38 0
32.2089356596862 109 1225
0 38 0
2.44931353385128 65 351
9.40753622651267 73 595
0 38 0
19.8409057905766 75 666
0 38 0
0 38 0
0 38 0
14.2038919552374 102 996
0 38 0
0 38 0
0 38 0
0 38 0
0 38 0
0 38 0
0 38 0
0 38 0
0.348705005724482 47 36
0 38 0
0 38 0
0 38 0
21.6286513152452 88 744
0 38 0
0 38 0
0 38 0
0 38 0
0.632660113636817 52 91
0 38 0
12.8854372957196 74 630
0 38 0
0 38 0
0 38 0
0 38 0
0 38 0
0 38 0
0 38 0
1.57795013088756 61 253
0 38 0
0 38 0
0 38 0
0 38 0
0 38 0
2.14282780665922 67 226
19.8409057905766 75 666
0 38 0
5.9292771089574 71 528
33.2302882786899 110 1261
0 38 0
0 38 0
19.8409057905766 75 666
0 38 0
0 38 0
0 38 0
0 38 0
0 38 0
0 38 0
0 38 0
0 38 0
68.7555690624101 191 2303
0.862797555318377 55 136
0 38 0
0 38 0
0 38 0
0 38 0
0 38 0
0 38 0
12.8854372957196 74 630
0 38 0
0 38 0
0 38 0
1.05390771932165 57 171
0 38 0
0 38 0
0 38 0
0 38 0
4.18975502221957 69 465
0 38 0
0 38 0
0 38 0
0 38 0
0 38 0
0 38 0
0 38 0
0 38 0
3.6097704443334 68 435
22.3874140285357 107 1158
0 38 0
22.3874140285357 107 1158
9.40753622651267 73 595
9.40753622651267 73 595
0 38 0
42.6863727751472 141 1723
0 38 0
0 38 0
8.8570428869132 89 697
0.25856277613212 45 21
0 38 0
0 38 0
0 38 0
0 38 0
0 38 0
0 38 0
19.8409057905766 75 666
19.8409057905766 75 666
0 38 0
3.14568932284792 67 406
0 38 0
0 38 0
0 38 0
23.4567517203621 103 1024
9.40753622651267 73 595
0 38 0
0 38 0
0 38 0
0 38 0
0 38 0
15.2024449331516 87 576
0 38 0
0 38 0
0 38 0
12.8854372957196 74 630
26.6142220249496 107 1162
19.8409057905766 75 666
0 38 0
0 38 0
0 38 0
0 38 0
0 38 0
0 38 0
0 38 0
0 38 0
9.40753622651267 73 595
18.5100592573845 95 784
9.40753622651267 73 595
39.9320342441248 111 1296
0 38 0
0 38 0
0 38 0
3.14568932284792 67 406
0 38 0
0 38 0
0.953857928124573 56 153
0 38 0
1.95157801352145 63 300
0 38 0
0 38 0
0 38 0
0 38 0
19.8409057905766 75 666
0 38 0
0 38 0
0 38 0
0 38 0
19.8409057905766 75 666
0 38 0
0 38 0
0 38 0
3.6097704443334 68 435
0 38 0
32.2089356596862 109 1225
0.21713400546926 44 15
11.1446313055354 75 324
0 38 0
0 38 0
0 38 0
36.034092311173 137 1591
1.57795013088756 61 253
0 38 0
1.16437736669715 58 190
33.4692878142104 132 1452
0.953857928124573 56 153
19.8409057905766 75 666
5.9292771089574 71 528
0 38 0
0 38 0
0 38 0
0 38 0
0 38 0
0 38 0
0 38 0
0 38 0
15.2024449331516 87 576
0 38 0
19.8409057905766 75 666
0 38 0
0 38 0
0 38 0
0 38 0
0 38 0
7.32065495469872 72 561
0 38 0
0 38 0
0 38 0
0 38 0
0 38 0
0 38 0
0 38 0
0 38 0
0 38 0
0.953857928124573 56 153
48.7157457267168 167 2032
0 38 0
7.32065495469872 72 561
0 38 0
0 38 0
11.0799309621567 103 806
9.40753622651267 73 595
0 38 0
0 38 0
0 38 0
0.21713400546926 44 15
13.0587555456961 99 902
17.382964818983 102 993
27.924759746714 108 1194
12.8854372957196 74 630
0 38 0
16.3918408581771 110 904
0.177752699358408 43 10
0 38 0
0 38 0
0 38 0
7.00855589780875 72 273
0 38 0
2.18134876288277 64 325
0 38 0
0 38 0
0 38 0
0 38 0
3.6097704443334 68 435
33.2302882786899 110 1261
0 38 0
16.5940160245369 104 1060
0 38 0
0 38 0
0 38 0
0 38 0
0 38 0
1.57795013088756 61 253
12.54145948014 100 934
0 38 0
0 38 0
0 38 0
0 38 0
1.75235653625159 62 276
25.6500726425386 108 1191
0 38 0
0 38 0
41.2305841356593 134 1489
2.18134876288277 64 325
0 38 0
19.8409057905766 75 666
0 38 0
0 38 0
0 38 0
12.8854372957196 74 630
0 38 0
12.8854372957196 74 630
0 38 0
0 38 0
19.8409057905766 75 666
9.40753622651267 73 595
0 38 0
0 38 0
4.93532377172288 70 496
0 38 0
0 38 0
0 38 0
0 38 0
12.8854372957196 74 630
0 38 0
39.9320342441248 111 1296
0 38 0
0 38 0
19.8409057905766 75 666
0 38 0
0 38 0
9.40753622651267 73 595
0 38 0
0 38 0
0 38 0
0 38 0
0.703108207424967 53 105
0 38 0
0 38 0
3.89634745382439 68 214
0 38 0
0 38 0
5.9292771089574 71 528
0 38 0
0 38 0
0 38 0
0 38 0
3.6097704443334 68 435
0 38 0
0 38 0
0 38 0
19.8409057905766 75 666
24.4542320588268 104 1072
32.0502039698709 153 1620
0 38 0
5.9292771089574 71 528
19.8409057905766 75 666
0 38 0
0 38 0
0 38 0
0 38 0
0 38 0
0 38 0
1.75235653625159 62 276
12.8854372957196 74 630
0 38 0
0 38 0
0 38 0
0 38 0
0 38 0
0 38 0
12.8854372957196 74 630
0 38 0
0 38 0
4.49989252751979 82 511
0 38 0
0 38 0
0 38 0
0 38 0
0 38 0
0 38 0
0 38 0
3.14568932284792 67 406
0 38 0
0 38 0
0 38 0
0 38 0
4.18975502221957 69 465
0 38 0
0.140138069758699 42 6
0 38 0
0 38 0
0 38 0
11.1586733624172 95 786
33.2302882786899 110 1261
0 38 0
0 38 0
0 38 0
0 38 0
0 38 0
0 38 0
0 38 0
0 38 0
12.8854372957196 74 630
0 38 0
0 38 0
0 38 0
0.302320995664545 46 28
0 38 0
10.4899545684803 84 650
0 38 0
0 38 0
0 38 0
5.689045363495 66 183
29.6847316979855 126 1333
39.9320342441248 111 1296
22.0786440534618 93 819
0 38 0
0 38 0
53.8237571022528 145 1857
0 38 0
0 38 0
4.18975502221957 69 465
0 38 0
23.4567517203621 103 1024
0 38 0
3.59576077923052 66 186
12.8854372957196 74 630
0 38 0
0 38 0
0 38 0
0 38 0
19.8409057905766 75 666
0 38 0
0 38 0
0 38 0
0 38 0
0 38 0
0 38 0
1.75235653625159 62 276
0 38 0
0 38 0
0 38 0
19.8409057905766 75 666
0 38 0
0 38 0
0 38 0
0 38 0
0 38 0
0 38 0
12.8854372957196 74 630
0 38 0
0 38 0
0.953857928124573 56 153
0 38 0
0 38 0
1.75235653625159 62 276
1.05390771932165 57 171
0 38 0
0 38 0
0 38 0
1.42397312499133 60 231
0 38 0
12.8854372957196 74 630
0 38 0
8.35266865523393 94 765
0 38 0
0 38 0
0 38 0
39.9320342441248 111 1296
0 38 0
0 38 0
0 38 0
19.8409057905766 75 666
3.6097704443334 68 435
0 38 0
19.8409057905766 75 666
0 38 0
0 38 0
0 38 0
19.8409057905766 75 666
33.2302882786899 110 1261
4.93532377172288 70 496
0 38 0
0 38 0
0 38 0
0 38 0
0 38 0
4.18975502221957 69 465
51.0217219317791 169 2104
0 38 0
0 38 0
0 38 0
0 38 0
7.32065495469872 72 561
0 38 0
2.18134876288277 64 325
12.8854372957196 74 630
1.75235653625159 62 276
0.862797555318377 55 136
0 38 0
19.8409057905766 75 666
12.8854372957196 74 630
2.18134876288277 64 325
0 38 0
0 38 0
0 38 0
0 38 0
0 38 0
7.32065495469872 72 561
29.8488196714429 125 1270
0 38 0
0 38 0
22.9284503026167 99 942
19.8409057905766 75 666
1.42397312499133 60 231
0 38 0
0 38 0
19.8409057905766 75 666
0 38 0
0 38 0
12.8854372957196 74 630
0 38 0
0 38 0
0 38 0
31.7636292233025 108 922
0.779543508007364 54 120
19.8409057905766 75 666
0 38 0
0 38 0
0 38 0
12.8854372957196 74 630
0 38 0
0 38 0
0 38 0
40.549492165877 139 1654
0 38 0
0 38 0
3.6097704443334 68 435
1.57795013088756 61 253
12.8854372957196 74 630
0 38 0
9.89570240563475 71 256
19.8409057905766 75 666
0 38 0
0 38 0
19.8409057905766 75 666
0 38 0
28.0366620023475 96 766
0 38 0
0 38 0
19.8409057905766 75 666
0 38 0
2.44931353385128 65 351
0 38 0
0 38 0
24.9909341821758 105 1101
4.41385455943415 60 111
0 38 0
7.32065495469872 72 561
0 38 0
9.40753622651267 73 595
5.9292771089574 71 528
0 38 0
0 38 0
0 38 0
4.93532377172288 70 496
3.14568932284792 67 406
17.382964818983 102 993
0 38 0
0 38 0
0.348705005724482 47 36
0 38 0
0 38 0
19.1474941490401 105 1095
14.9185257191429 98 467
19.1011250417993 111 890
0.103990788350797 41 3
21.7099463940521 89 757
23.1972635701576 125 1297
0 38 0
0 38 0
19.8409057905766 75 666
0 38 0
0 38 0
0.632660113636817 52 91
19.8409057905766 75 666
0.632660113636817 52 91
0 38 0
19.8409057905766 75 666
0 38 0
0 38 0
0 38 0
0.21713400546926 44 15
21.6286513152452 88 744
0 38 0
0 38 0
0 38 0
0 38 0
53.8237571022528 145 1857
9.40753622651267 73 595
4.18975502221957 69 465
0 38 0
0 38 0
0 38 0
19.8409057905766 75 666
0 38 0
0 38 0
3.14568932284792 67 406
0 38 0
0 38 0
0 38 0
28.0903172586032 107 1156
0 38 0
0 38 0
0 38 0
0 38 0
0 38 0
0 38 0
0 38 0
0 38 0
0.177752699358408 43 10
4.93532377172288 70 496
0 38 0
13.0959284120821 81 441
19.8409057905766 75 666
0 38 0
0 38 0
0 38 0
0 38 0
9.40753622651267 73 595
0 38 0
0 38 0
0 38 0
0 38 0
0 38 0
0 38 0
0 38 0
0 38 0
0 38 0
0 38 0
13.9381222541375 96 813
19.8409057905766 75 666
0 38 0
0 38 0
0 38 0
7.77517659343241 75 564
0 38 0
0 38 0
0 38 0
21.472606242284 86 721
19.8409057905766 75 666
0 38 0
19.8409057905766 75 666
0 38 0
7.32065495469872 72 561
19.8409057905766 75 666
19.8409057905766 75 666
10.5161536290229 73 289
0 38 0
22.9284503026167 99 942
0 38 0
0.103990788350797 41 3
3.56829462803264 78 416
0 38 0
0 38 0
0 38 0
0 38 0
4.18975502221957 69 465
7.32065495469872 72 561
9.40753622651267 73 595
0 38 0
0 38 0
0 38 0
0 38 0
0 38 0
21.080263734413 81 681
0 38 0
0 38 0
0 38 0
0 38 0
0 38 0
0 38 0
0 38 0
0 38 0
13.7762083023504 83 484
3.6097704443334 68 435
0 38 0
0 38 0
27.924759746714 108 1194
0 38 0
25.6500726425386 108 1191
0 38 0
3.6097704443334 68 435
0 38 0
0 38 0
0 38 0
0 38 0
0.398035878358943 48 45
0 38 0
0 38 0
19.8409057905766 75 666
0 38 0
0 38 0
0 38 0
0 38 0
0 38 0
19.8409057905766 75 666
12.8854372957196 74 630
0 38 0
3.14568932284792 67 406
0 38 0
0 38 0
0 38 0
0 38 0
0 38 0
19.8409057905766 75 666
0 38 0
0 38 0
0 38 0
0 38 0
0 38 0
0 38 0
0 38 0
0 38 0
0 38 0
0 38 0
0 38 0
7.58530616927058 62 103
23.4567517203621 103 1024
0 38 0
4.18975502221957 69 465
0 38 0
0.567493249330133 51 78
0 38 0
0 38 0
0 38 0
3.64072043942345 78 405
0 38 0
0 38 0
0 38 0
19.8409057905766 75 666
0 38 0
0 38 0
0.567493249330133 51 78
0 38 0
3.6097704443334 68 435
5.9292771089574 71 528
0 38 0
0 38 0
0 38 0
0 38 0
19.8409057905766 75 666
0 38 0
0 38 0
0 38 0
0 38 0
0 38 0
4.18975502221957 69 465
9.40753622651267 73 595
13.9327854175302 82 658
34.4247257430493 122 1058
0 38 0
0 38 0
0.0689579652414068 40 1
0 38 0
11.5546271875986 94 805
5.9292771089574 71 528
0 38 0
0 38 0
0 38 0
23.1401577351189 100 966
0 38 0
0 38 0
6.45848055093335 76 538
12.8854372957196 74 630
0 38 0
0 38 0
0 38 0
46.4964976035401 143 1789
0 38 0
0 38 0
1.05390771932165 57 171
0 38 0
0 38 0
25.6500726425386 108 1191
0 38 0
0 38 0
0 38 0
0 38 0
0 38 0
0 38 0
0.0689579652414068 40 1
0 38 0
0 38 0
0 38 0
39.9320342441248 111 1296
19.8409057905766 75 666
0 38 0
10.4865104938881 86 553
19.8409057905766 75 666
7.32065495469872 72 561
0 38 0
12.810896989219 99 920
0 38 0
0 38 0
0 38 0
9.40753622651267 73 595
0 38 0
0 38 0
0.103990788350797 41 3
0 38 0
0 38 0
0 38 0
19.8409057905766 75 666
0 38 0
0 38 0
0 38 0
0 38 0
0 38 0
0 38 0
25.6500726425386 108 1191
0 38 0
0 38 0
0 38 0
0 38 0
0 38 0
0 38 0
4.93532377172288 70 496
0 38 0
0 38 0
28.0903172586032 107 1156
12.8854372957196 74 630
29.9048723008974 109 1227
0 38 0
0 38 0
21.6286513152452 88 744
0 38 0
39.9320342441248 111 1296
0 38 0
0 38 0
0 38 0
0 38 0
0 38 0
0 38 0
0 38 0
12.8854372957196 74 630
32.2089356596862 109 1225
0 38 0
7.32065495469872 72 561
0 38 0
2.18134876288277 64 325
71.5676813897112 181 2020
14.4265674059595 102 1001
0 38 0
19.8409057905766 75 666
0 38 0
0 38 0
12.54145948014 100 934
0 38 0
0 38 0
3.6097704443334 68 435
39.9320342441248 111 1296
0 38 0
0 38 0
0 38 0
0 38 0
0 38 0
0 38 0
0 38 0
0 38 0
0 38 0
0 38 0
0 38 0
0 38 0
0 38 0
5.9292771089574 71 528
0 38 0
12.8854372957196 74 630
12.8854372957196 74 630
0 38 0
0 38 0
19.8409057905766 75 666
32.2089356596862 109 1225
0 38 0
0 38 0
0 38 0
0 38 0
9.17463098555336 88 569
0 38 0
0 38 0
0 38 0
0 38 0
12.8854372957196 74 630
0 38 0
0 38 0
0 38 0
0 38 0
46.4964976035401 143 1789
12.8854372957196 74 630
1.57795013088756 61 253
0 38 0
0 38 0
18.5578822713542 107 1042
0.567493249330133 51 78
0 38 0
0 38 0
0 38 0
0 38 0
0 38 0
4.93532377172288 70 496
0 38 0
0 38 0
12.8854372957196 74 630
0 38 0
0 38 0
5.9292771089574 71 528
1.75235653625159 62 276
0 38 0
1.28701367421908 59 210
0 38 0
9.40753622651267 73 595
0 38 0
0 38 0
19.8409057905766 75 666
0 38 0
0 38 0
0 38 0
0 38 0
0 38 0
19.8409057905766 75 666
0 38 0
0 38 0
0 38 0
0 38 0
12.8854372957196 74 630
0.632660113636817 52 91
9.40753622651267 73 595
0 38 0
5.9292771089574 71 528
0 38 0
19.8409057905766 75 666
0 38 0
22.3874140285357 107 1158
39.9320342441248 111 1296
0 38 0
0 38 0
0 38 0
0 38 0
0 38 0
9.40753622651267 73 595
0 38 0
39.9320342441248 111 1296
0 38 0
0 38 0
0 38 0
0 38 0
2.18134876288277 64 325
0 38 0
0 38 0
0 38 0
32.2089356596862 109 1225
1.37471313311275 54 65
0 38 0
14.8740655360404 93 801
19.8409057905766 75 666
5.9292771089574 71 528
0 38 0
0 38 0
0 38 0
1.16437736669715 58 190
9.40753622651267 73 595
17.5417263515866 103 1036
0 38 0
0 38 0
0 38 0
0 38 0
0 38 0
0 38 0
1.95157801352145 63 300
0 38 0
0 38 0
7.32065495469872 72 561
0 38 0
0 38 0
0 38 0
0 38 0
0 38 0
0 38 0
0 38 0
0 38 0
0 38 0
0 38 0
0 38 0
0 38 0
4.93532377172288 70 496
0 38 0
0 38 0
0 38 0
15.0029350006665 94 820
0 38 0
0 38 0
0 38 0
0 38 0
0 38 0
19.8409057905766 75 666
0 38 0
0 38 0
13.0959284120821 81 441
0 38 0
0 38 0
12.8854372957196 74 630
0 38 0
53.8237571022528 145 1857
0 38 0
0 38 0
8.35266865523393 94 765
9.17051871805414 89 627
0 38 0
0 38 0
0 38 0
0 38 0
0 38 0
0 38 0
1.95157801352145 63 300
39.9320342441248 111 1296
0 38 0
19.8409057905766 75 666
12.8854372957196 74 630
0 38 0
5.9292771089574 71 528
0 38 0
7.32065495469872 72 561
9.40753622651267 73 595
0 38 0
0 38 0
19.8409057905766 75 666
0 38 0
20.6747517648213 77 667
0 38 0
0.0689579652414068 40 1
5.9292771089574 71 528
0 38 0
0 38 0
19.8409057905766 75 666
0 38 0
0 38 0
0.953857928124573 56 153
0 38 0
0 38 0
0 38 0
0.103990788350797 41 3
0 38 0
16.5841105334964 101 981
0 38 0
0 38 0
12.8854372957196 74 630
0 38 0
0 38 0
15.7020073583068 98 906
17.5417263515866 103 1036
0.348705005724482 47 36
1.05390771932165 57 171
0 38 0
4.93532377172288 70 496
0 38 0
0 38 0
0 38 0
0 38 0
0 38 0
2.18134876288277 64 325
0 38 0
0 38 0
33.6821404942829 114 1027
0 38 0
2.76589617969565 66 378
0 38 0
0 38 0
0 38 0
0.103990788350797 41 3
0 38 0
0 38 0
0 38 0
0 38 0
0 38 0
0 38 0
21.1629280178383 82 687
0 38 0
19.8409057905766 75 666
0 38 0
5.9292771089574 71 528
0 38 0
0 38 0
19.8409057905766 75 666
0 38 0
0 38 0
0 38 0
0 38 0
0 38 0
0 38 0
18.5100592573845 95 784
9.40753622651267 73 595
0 38 0
0 38 0
0 38 0
0 38 0
0 38 0
1.95157801352145 63 300
0 38 0
0 38 0
0 38 0
6.00256437838575 75 326
0 38 0
24.4542320588268 104 1072
0 38 0
0 38 0
0 38 0
39.9320342441248 111 1296
0 38 0
19.8409057905766 75 666
0 38 0
0 38 0
0.177752699358408 43 10
15.9472352065011 99 930
15.5573237632814 110 837
0 38 0
0.862797555318377 55 136
1.41027423255276 60 146
1.16437736669715 58 190
0 38 0
0.348705005724482 47 36
0 38 0
19.8409057905766 75 666
0.302320995664545 46 28
0 38 0
0 38 0
5.9292771089574 71 528
0 38 0
0 38 0
0 38 0
0 38 0
0 38 0
0 38 0
0 38 0
0 38 0
0 38 0
49.28144128029 159 1807
0 38 0
0 38 0
0 38 0
3.6097704443334 68 435
0 38 0
0 38 0
0 38 0
0 38 0
19.8409057905766 75 666
0 38 0
25.4132528004075 105 1089
0 38 0
0 38 0
0 38 0
0 38 0
0 38 0
0 38 0
33.2302882786899 110 1261
0 38 0
0 38 0
4.18975502221957 69 465
22.0786440534618 93 819
0 38 0
0 38 0
0 38 0
19.8409057905766 75 666
7.32065495469872 72 561
0 38 0
0 38 0
0 38 0
0 38 0
0 38 0
0 38 0
4.93532377172288 70 496
2.76589617969565 66 378
0 38 0
0 38 0
12.8854372957196 74 630
0 38 0
0 38 0
0 38 0
0.21713400546926 44 15
0 38 0
19.8409057905766 75 666
0 38 0
7.32065495469872 72 561
0 38 0
0 38 0
19.8409057905766 75 666
0 38 0
0 38 0
0 38 0
0 38 0
0 38 0
0 38 0
9.4512816622259 93 771
19.8409057905766 75 666
4.83556611868469 62 133
0 38 0
10.4981284717617 77 238
12.8854372957196 74 630
0 38 0
0 38 0
0 38 0
0 38 0
3.6097704443334 68 435
0 38 0
0 38 0
0 38 0
0 38 0
12.8854372957196 74 630
0.953857928124573 56 153
0.862797555318377 55 136
14.2038919552374 102 996
3.14568932284792 67 406
0 38 0
3.14568932284792 67 406
1.28701367421908 59 210
1.19799287764757 47 18
23.3864399766333 101 991
0 38 0
16.5841105334964 101 981
0 38 0
0 38 0
0 38 0
0.302320995664545 46 28
0 38 0
19.8409057905766 75 666
12.8854372957196 74 630
0 38 0
0 38 0
5.16098706290937 81 531
19.8409057905766 75 666
0 38 0
0 38 0
0 38 0
19.8409057905766 75 666
12.8854372957196 74 630
0 38 0
0 38 0
1.57795013088756 61 253
1.75235653625159 62 276
3.6097704443334 68 435
7.32065495469872 72 561
0 38 0
0 38 0
0 38 0
0 38 0
20.6747517648213 77 667
0 38 0
0 38 0
0 38 0
3.64072043942345 78 405
19.8409057905766 75 666
0 38 0
19.8409057905766 75 666
23.4567517203621 103 1024
0 38 0
0 38 0
0 38 0
0 38 0
0 38 0
4.93532377172288 70 496
25.6843159609574 106 1131
0 38 0
0 38 0
32.2089356596862 109 1225
0 38 0
19.8409057905766 75 666
0 38 0
0.779543508007364 54 120
9.40753622651267 73 595
19.8409057905766 75 666
0 38 0
0 38 0
11.735121714647 95 826
0 38 0
0 38 0
2.94926794355982 74 342
42.9062863044995 136 1566
0 38 0
0 38 0
0 38 0
9.40753622651267 73 595
0 38 0
0 38 0
33.2302882786899 110 1261
0 38 0
0 38 0
0 38 0
7.46918115670086 63 144
3.14568932284792 67 406
0 38 0
19.8409057905766 75 666
0 38 0
0 38 0
0 38 0
12.8854372957196 74 630
0 38 0
0 38 0
0 38 0
19.8409057905766 75 666
0 38 0
0 38 0
12.8854372957196 74 630
0.0689579652414068 40 1
23.7217709022829 91 726
0 38 0
0 38 0
0 38 0
0 38 0
0 38 0
11.1446313055354 75 324
0 38 0
0 38 0
28.0903172586032 107 1156
0 38 0
0 38 0
19.8409057905766 75 666
0 38 0
14.4768441676427 85 529
0 38 0
0 38 0
19.8409057905766 75 666
0 38 0
0 38 0
0 38 0
0 38 0
0 38 0
0 38 0
0 38 0
0 38 0
0 38 0
0 38 0
0 38 0
19.8409057905766 75 666
0 38 0
19.8409057905766 75 666
0 38 0
0 38 0
0 38 0
0 38 0
3.6097704443334 68 435
0 38 0
48.776033817624 143 1792
0 38 0
0 38 0
1.75235653625159 62 276
0 38 0
3.14568932284792 67 406
0 38 0
0 38 0
0 38 0
4.18975502221957 69 465
21.2423407944875 83 694
0 38 0
19.8409057905766 75 666
0 38 0
3.40430128378373 74 406
0 38 0
7.32065495469872 72 561
0.567493249330133 51 78
0 38 0
0 38 0
0 38 0
0 38 0
0 38 0
12.8854372957196 74 630
60.2723844299741 146 1891
0.302320995664545 46 28
0 38 0
19.8409057905766 75 666
0 38 0
0 38 0
0 38 0
0 38 0
0 38 0
0 38 0
0 38 0
0 38 0
0 38 0
20.6238893386169 99 900
0 38 0
4.6040890153425 81 453
0 38 0
0 38 0
0 38 0
0 38 0
0 38 0
0 38 0
0 38 0
0 38 0
0 38 0
1.05390771932165 57 171
27.2589204090373 108 924
0 38 0
0 38 0
2.30520595824923 61 143
0 38 0
0 38 0
0 38 0
19.8409057905766 75 666
0 38 0
0 38 0
12.8854372957196 74 630
0 38 0
0 38 0
0 38 0
0 38 0
29.5230225273964 127 1018
0.0689579652414068 40 1
0 38 0
0 38 0
0 38 0
73.6433652213689 178 2385
0 38 0
0 38 0
40.2776719392148 139 1659
0 38 0
0 38 0
0 38 0
0 38 0
0 38 0
4.93532377172288 70 496
0 38 0
0 38 0
0 38 0
0 38 0
4.18975502221957 69 465
0 38 0
0 38 0
19.8409057905766 75 666
29.9048723008974 109 1227
0 38 0
0 38 0
17.382964818983 102 993
0 38 0
0 38 0
0 38 0
0 38 0
12.8854372957196 74 630
19.8409057905766 75 666
19.8409057905766 75 666
0 38 0
12.8854372957196 74 630
1.57795013088756 61 253
0 38 0
0 38 0
0 38 0
0 38 0
0 38 0
0 38 0
0 38 0
0 38 0
19.8409057905766 75 666
0 38 0
0 38 0
0 38 0
0 38 0
0 38 0
0 38 0
0 38 0
25.4132528004075 105 1089
0 38 0
0 38 0
0 38 0
19.8409057905766 75 666
0 38 0
23.7166996908018 100 920
19.8409057905766 75 666
0 38 0
0 38 0
0 38 0
0 38 0
0 38 0
0 38 0
0 38 0
0 38 0
0.140138069758699 42 6
7.32065495469872 72 561
0.862797555318377 55 136
0 38 0
0.507003347513996 50 66
0 38 0
0 38 0
0 38 0
0 38 0
9.40753622651267 73 595
0 38 0
0 38 0
0 38 0
0 38 0
0 38 0
0 38 0
0 38 0
0 38 0
0 38 0
0 38 0
0 38 0
0 38 0
0 38 0
2.76589617969565 66 378
0 38 0
0 38 0
0 38 0
19.8409057905766 75 666
0 38 0
0 38 0
4.93532377172288 70 496
21.7099463940521 89 757
21.7099463940521 89 757
0 38 0
0 38 0
0 38 0
19.8409057905766 75 666
0 38 0
7.32065495469872 72 561
0 38 0
0 38 0
0 38 0
0 38 0
19.8409057905766 75 666
0 38 0
0 38 0
13.9381222541375 96 813
39.9320342441248 111 1296
12.8854372957196 74 630
0 38 0
0 38 0
0 38 0
0 38 0
0 38 0
19.8409057905766 75 666
0 38 0
0 38 0
0 38 0
5.9292771089574 71 528
0.302320995664545 46 28
0 38 0
20.439739340494 106 1126
0 38 0
9.40753622651267 73 595
20.7938685970719 78 669
0 38 0
21.6883869765081 106 1123
0 38 0
0 38 0
0 38 0
4.18975502221957 69 465
0 38 0
5.28588423028477 86 577
0 38 0
0 38 0
3.58196886119382 77 381
0 38 0
12.8854372957196 74 630
0 38 0
0 38 0
0 38 0
19.8409057905766 75 666
0 38 0
18.4940146322685 112 882
0 38 0
0 38 0
3.14568932284792 67 406
40.0551456280704 144 1569
0 38 0
0 38 0
28.3031976792521 128 1324
0 38 0
19.8409057905766 75 666
12.8854372957196 74 630
0 38 0
0 38 0
4.93532377172288 70 496
0 38 0
19.8409057905766 75 666
0 38 0
0 38 0
0 38 0
37.8345256874054 138 1621
0 38 0
6.39307906333015 77 363
5.9292771089574 71 528
0 38 0
0 38 0
0 38 0
0 38 0
0 38 0
19.8409057905766 75 666
0 38 0
23.9361528356931 122 1153
0 38 0
0 38 0
0 38 0
1.28701367421908 59 210
0 38 0
0 38 0
0 38 0
0 38 0
0 38 0
39.9320342441248 111 1296
0 38 0
0 38 0
0 38 0
19.8409057905766 75 666
19.8409057905766 75 666
0 38 0
0 38 0
4.11856292830675 74 450
0 38 0
15.6193024405914 93 507
0 38 0
0 38 0
0 38 0
0 38 0
0 38 0
0 38 0
0 38 0
5.9292771089574 71 528
0 38 0
0 38 0
0 38 0
2.76589617969565 66 378
0 38 0
0 38 0
0 38 0
0 38 0
0 38 0
2.18134876288277 64 325
1.16437736669715 58 190
9.40753622651267 73 595
0 38 0
0 38 0
0 38 0
0 38 0
0 38 0
0 38 0
0.348705005724482 47 36
1.57795013088756 61 253
0 38 0
0 38 0
8.19606413802382 90 654
0 38 0
4.18975502221957 69 465
0 38 0
3.6097704443334 68 435
19.8409057905766 75 666
0 38 0
0 38 0
38.7525281143988 128 1342
0 38 0
0 38 0
0 38 0
0 38 0
0 38 0
0 38 0
0 38 0
12.8854372957196 74 630
0 38 0
19.8409057905766 75 666
0 38 0
0 38 0
0 38 0
19.5071508300631 97 841
0 38 0
19.8409057905766 75 666
0 38 0
0 38 0
1.75235653625159 62 276
9.40753622651267 73 595
0 38 0
0 38 0
0 38 0
0 38 0
0 38 0
0 38 0
19.8409057905766 75 666
0.953857928124573 56 153
0 38 0
0 38 0
0 38 0
0 38 0
0 38 0
1.05390771932165 57 171
0 38 0
1.41746928551781 43 4
4.93532377172288 70 496
0 38 0
0 38 0
4.93532377172288 70 496
0 38 0
19.8409057905766 75 666
0 38 0
3.14568932284792 67 406
0 38 0
0 38 0
0.567493249330133 51 78
0 38 0
19.8409057905766 75 666
0 38 0
12.8854372957196 74 630
0 38 0
0 38 0
19.8409057905766 75 666
0 38 0
0 38 0
11.4267129551402 99 912
3.14568932284792 67 406
12.8854372957196 74 630
9.40753622651267 73 595
0 38 0
19.8409057905766 75 666
0 38 0
0 38 0
0 38 0
0 38 0
8.19606413802382 90 654
39.9320342441248 111 1296
38.0106092905075 137 1591
8.40504161586998 78 381
32.2745957965366 123 1039
0 38 0
13.1107972140895 94 757
0 38 0
20.6238893386169 99 900
0 38 0
7.32065495469872 72 561
0 38 0
0 38 0
0 38 0
0 38 0
12.1840552769774 97 871
12.8854372957196 74 630
19.8409057905766 75 666
0 38 0
0 38 0
7.32065495469872 72 561
21.2423407944875 83 694
0 38 0
0 38 0
0 38 0
0 38 0
0 38 0
0 38 0
0 38 0
4.18975502221957 69 465
19.8409057905766 75 666
0.779543508007364 54 120
0 38 0
0 38 0
0 38 0
0 38 0
0 38 0
0 38 0
0 38 0
0 38 0
19.8409057905766 75 666
1.42397312499133 60 231
19.8409057905766 75 666
0 38 0
0 38 0
0.953857928124573 56 153
7.32065495469872 72 561
0 38 0
0 38 0
0 38 0
0 38 0
0 38 0
4.18975502221957 69 465
12.8854372957196 74 630
0 38 0
4.73904741032679 63 116
0 38 0
0 38 0
0 38 0
0 38 0
0 38 0
9.40753622651267 73 595
0 38 0
0 38 0
0 38 0
0 38 0
0 38 0
7.32065495469872 72 561
19.8409057905766 75 666
0 38 0
0 38 0
0 38 0
0 38 0
0 38 0
0 38 0
12.8854372957196 74 630
60.2723844299741 146 1891
0 38 0
0 38 0
0 38 0
14.2038919552374 102 996
0 38 0
26.6142220249496 107 1162
0 38 0
7.16851900212734 86 556
0 38 0
13.0959284120821 81 441
0 38 0
0 38 0
0 38 0
0 38 0
12.0224257964389 97 843
0 38 0
0 38 0
39.9320342441248 111 1296
0 38 0
21.9118036448338 101 961
5.9292771089574 71 528
0 38 0
9.40753622651267 73 595
0 38 0
0 38 0
19.8409057905766 75 666
0 38 0
0.632660113636817 52 91
19.8409057905766 75 666
0 38 0
0 38 0
8.67358256857907 67 196
1.57795013088756 61 253
0 38 0
0 38 0
0 38 0
19.8409057905766 75 666
0 38 0
0 38 0
0 38 0
0 38 0
0 38 0
0 38 0
0 38 0
0 38 0
1.57795013088756 61 253
0 38 0
33.2302882786899 110 1261
0 38 0
0 38 0
0 38 0
0 38 0
0 38 0
7.32065495469872 72 561
19.8409057905766 75 666
0 38 0
0 38 0
0 38 0
0 38 0
0 38 0
0 38 0
19.8409057905766 75 666
4.18975502221957 69 465
0 38 0
0 38 0
21.5498156264415 87 732
0 38 0
0 38 0
0 38 0
0 38 0
0 38 0
28.932450819106 138 1261
0 38 0
1.75235653625159 62 276
4.93532377172288 70 496
0 38 0
0 38 0
0 38 0
0 38 0
0 38 0
0 38 0
0 38 0
0 38 0
0 38 0
24.026435022196 103 1044
0.862797555318377 55 136
19.8409057905766 75 666
3.19081085336014 71 388
0 38 0
0 38 0
0 38 0
12.8854372957196 74 630
0 38 0
0 38 0
0 38 0
0 38 0
14.1733659905799 108 799
19.8409057905766 75 666
0 38 0
7.32065495469872 72 561
0 38 0
12.8854372957196 74 630
0 38 0
9.4512816622259 93 771
0 38 0
0 38 0
7.32065495469872 72 561
0 38 0
19.8409057905766 75 666
0 38 0
0 38 0
0 38 0
2.18134876288277 64 325
0 38 0
19.8409057905766 75 666
0 38 0
0 38 0
0 38 0
0 38 0
0 38 0
0 38 0
0 38 0
0 38 0
1.28701367421908 59 210
4.18975502221957 69 465
0 38 0
12.8854372957196 74 630
36.1829237316517 133 1479
0 38 0
0 38 0
3.14568932284792 67 406
0 38 0
2.18134876288277 64 325
0 38 0
0 38 0
0 38 0
0 38 0
0 38 0
22.9284503026167 99 942
0 38 0
0 38 0
0 38 0
0 38 0
0 38 0
0 38 0
0 38 0
0 38 0
19.8409057905766 75 666
0 38 0
4.18975502221957 69 465
0 38 0
12.8854372957196 74 630
0 38 0
0 38 0
5.9292771089574 71 528
19.8409057905766 75 666
0 38 0
0 38 0
0 38 0
0 38 0
0 38 0
27.4374742660723 116 1219
0 38 0
0 38 0
0.793807819345622 52 67
0 38 0
0 38 0
0 38 0
9.76024346831189 91 678
0 38 0
0 38 0
0 38 0
0 38 0
0 38 0
0 38 0
0 38 0
0 38 0
0 38 0
13.0587555456961 99 902
0 38 0
19.8409057905766 75 666
0 38 0
0.103990788350797 41 3
0 38 0
0 38 0
0 38 0
0 38 0
2.16608110767854 65 301
0 38 0
0 38 0
0 38 0
0 38 0
2.18134876288277 64 325
0 38 0
0.450668906546207 49 55
39.9320342441248 111 1296
0 38 0
0 38 0
12.8854372957196 74 630
0 38 0
0 38 0
0 38 0
7.32065495469872 72 561
0 38 0
0 38 0
0 38 0
0 38 0
1.57795013088756 61 253
0 38 0
0 38 0
0 38 0
0 38 0
19.8409057905766 75 666
12.8854372957196 74 630
19.8409057905766 75 666
0 38 0
0 38 0
0 38 0
0 38 0
0 38 0
0 38 0
9.40753622651267 73 595
12.8854372957196 74 630
0 38 0
3.6097704443334 68 435
0 38 0
12.8854372957196 74 630
0 38 0
0 38 0
19.8409057905766 75 666
12.8854372957196 74 630
0 38 0
0 38 0
0 38 0
19.8409057905766 75 666
12.8854372957196 74 630
0 38 0
0.450668906546207 49 55
9.40753622651267 73 595
0 38 0
4.93532377172288 70 496
0 38 0
19.8409057905766 75 666
0 38 0
0 38 0
19.8409057905766 75 666
19.8409057905766 75 666
0 38 0
0 38 0
0 38 0
12.8854372957196 74 630
5.9292771089574 71 528
20.6238893386169 99 900
9.40753622651267 73 595
0 38 0
0 38 0
0 38 0
6.33174462920728 68 154
0 38 0
19.8409057905766 75 666
24.1356754806084 122 1138
19.8409057905766 75 666
19.8409057905766 75 666
19.8409057905766 75 666
0 38 0
0 38 0
0 38 0
0 38 0
0 38 0
0 38 0
0 38 0
4.18975502221957 69 465
0 38 0
0 38 0
0 38 0
12.8854372957196 74 630
0 38 0
0 38 0
19.8409057905766 75 666
19.8409057905766 75 666
12.8854372957196 74 630
0 38 0
0 38 0
0 38 0
0.862797555318377 55 136
0 38 0
0 38 0
0 38 0
0 38 0
0 38 0
0 38 0
0 38 0
2.18134876288277 64 325
1.75235653625159 62 276
0 38 0
0 38 0
0 38 0
0 38 0
0 38 0
0 38 0
0 38 0
0 38 0
0 38 0
0 38 0
1.28701367421908 59 210
0 38 0
9.40753622651267 73 595
22.1875309330874 94 837
12.8854372957196 74 630
0 38 0
0 38 0
0 38 0
0 38 0
13.7762083023504 83 484
0 38 0
2.76589617969565 66 378
0 38 0
0 38 0
0 38 0
23.9700110968949 112 1016
19.8409057905766 75 666
0.0689579652414068 40 1
0 38 0
0 38 0
0 38 0
1.75235653625159 62 276
0 38 0
0 38 0
0 38 0
0 38 0
1.95157801352145 63 300
0 38 0
19.8409057905766 75 666
0 38 0
9.4938540830132 94 760
0 38 0
7.57869139312774 89 681
0 38 0
0 38 0
6.87122299154415 61 121
0 38 0
0 38 0
0 38 0
3.6097704443334 68 435
19.8409057905766 75 666
9.40753622651267 73 595
0 38 0
0 38 0
0.25856277613212 45 21
9.40753622651267 73 595
5.9292771089574 71 528
9.40753622651267 73 595
0 38 0
12.8854372957196 74 630
0 38 0
0 38 0
19.8409057905766 75 666
0 38 0
46.6787986206231 141 1731
0 38 0
19.8409057905766 75 666
0 38 0
0 38 0
0 38 0
0 38 0
0 38 0
0 38 0
0 38 0
19.8409057905766 75 666
0 38 0
0 38 0
0 38 0
0 38 0
0 38 0
0 38 0
0 38 0
1.28701367421908 59 210
19.8409057905766 75 666
0.703108207424967 53 105
0 38 0
0 38 0
0 38 0
0 38 0
12.67027539035 97 560
30.2778492882917 134 1516
0 38 0
19.5071508300631 97 841
0 38 0
12.8854372957196 74 630
0 38 0
0 38 0
0 38 0
0 38 0
0 38 0
0 38 0
0 38 0
0 38 0
30.4656200306248 131 1414
7.32065495469872 72 561
19.8409057905766 75 666
4.18975502221957 69 465
0 38 0
26.3535194609089 128 1117
0 38 0
0 38 0
9.40753622651267 73 595
0 38 0
9.40753622651267 73 595
19.8409057905766 75 666
0 38 0
5.9292771089574 71 528
0 38 0
0 38 0
1.16437736669715 58 190
4.9702925338954 84 522
0 38 0
19.8409057905766 75 666
0 38 0
0 38 0
3.6097704443334 68 435
0 38 0
7.32065495469872 72 561
0 38 0
0 38 0
5.9292771089574 71 528
21.9118036448338 101 961
0 38 0
0 38 0
22.4366165374118 96 876
0 38 0
0 38 0
0 38 0
0 38 0
29.9973086923929 129 1321
33.2302882786899 110 1261
4.18975502221957 69 465
0 38 0
0 38 0
0 38 0
0 38 0
1.57795013088756 61 253
0 38 0
0 38 0
29.8516812586717 113 1171
0 38 0
0 38 0
0 38 0
2.76589617969565 66 378
0 38 0
0 38 0
0 38 0
0 38 0
3.14568932284792 67 406
0 38 0
0 38 0
0.25856277613212 45 21
0 38 0
0 38 0
0 38 0
21.9118036448338 101 961
0 38 0
23.5061785094756 82 675
0 38 0
0 38 0
0 38 0
0.703108207424967 53 105
0 38 0
0 38 0
0 38 0
0 38 0
0 38 0
0 38 0
0 38 0
19.8409057905766 75 666
0 38 0
4.18975502221957 69 465
39.9320342441248 111 1296
0 38 0
0 38 0
0 38 0
1.16437736669715 58 190
0.567493249330133 51 78
29.9048723008974 109 1227
0 38 0
19.8409057905766 75 666
0 38 0
0 38 0
0 38 0
3.25927373488106 70 249
0 38 0
0 38 0
0 38 0
0 38 0
0 38 0
3.14568932284792 67 406
0 38 0
0 38 0
0 38 0
1.75235653625159 62 276
0 38 0
0 38 0
19.8409057905766 75 666
0 38 0
0 38 0
0 38 0
0 38 0
0 38 0
0 38 0
23.4567517203621 103 1024
2.76589617969565 66 378
0 38 0
1.05390771932165 57 171
0 38 0
0 38 0
0 38 0
11.1586733624172 95 786
0 38 0
0 38 0
3.6097704443334 68 435
0 38 0
16.754515178022 91 676
0 38 0
17.0092091579791 102 1008
0 38 0
2.18134876288277 64 325
0 38 0
17.5998091231211 93 729
0 38 0
0 38 0
0 38 0
0 38 0
19.8409057905766 75 666
0 38 0
0 38 0
6.41108880650575 88 609
0 38 0
19.8409057905766 75 666
0 38 0
86.1919586033562 204 2692
0 38 0
2.44931353385128 65 351
0 38 0
0 38 0
1.75235653625159 62 276
0 38 0
0 38 0
26.6142220249496 107 1162
0 38 0
12.8854372957196 74 630
0 38 0
0 38 0
12.8854372957196 74 630
1.42397312499133 60 231
0 38 0
0 38 0
0 38 0
0 38 0
0 38 0
0 38 0
9.40753622651267 73 595
0 38 0
7.74283086914356 93 741
0 38 0
0 38 0
0 38 0
0 38 0
0 38 0
0 38 0
19.8409057905766 75 666
0 38 0
0 38 0
9.40753622651267 73 595
0 38 0
0 38 0
12.8854372957196 74 630
19.8409057905766 75 666
22.3061582271113 95 856
0 38 0
0 38 0
3.6097704443334 68 435
0 38 0
39.9320342441248 111 1296
7.72596836305491 91 682
0.862797555318377 55 136
0 38 0
0 38 0
12.8854372957196 74 630
0 38 0
20.1760209636753 123 1184
0 38 0
0 38 0
0 38 0
0 38 0
6.27489470714543 59 100
9.40753622651267 73 595
0 38 0
0 38 0
9.40753622651267 73 595
0 38 0
0 38 0
12.8854372957196 74 630
0 38 0
0 38 0
7.32065495469872 72 561
0.779543508007364 54 120
3.14568932284792 67 406
0 38 0
0 38 0
19.8409057905766 75 666
0 38 0
0 38 0
0 38 0
0 38 0
0 38 0
9.40753622651267 73 595
0 38 0
2.44931353385128 65 351
7.66026960603687 98 681
0 38 0
14.1440901791012 85 685
3.14568932284792 67 406
0 38 0
0 38 0
0 38 0
2.76589617969565 66 378
32.2089356596862 109 1225
0 38 0
38.8015685902461 157 1743
9.40753622651267 73 595
0 38 0
0 38 0
0 38 0
0 38 0
4.18975502221957 69 465
0 38 0
12.8854372957196 74 630
0 38 0
0 38 0
0 38 0
13.2289795229558 100 946
7.32065495469872 72 561
0 38 0
0 38 0
0 38 0
0 38 0
0 38 0
0 38 0
0 38 0
0.0689579652414068 40 1
0 38 0
12.8854372957196 74 630
19.8409057905766 75 666
20.9927663607587 80 676
50.06626914136 162 1531
0 38 0
0 38 0
0 38 0
0 38 0
5.04126206156739 85 559
21.6883869765081 106 1123
28.0903172586032 107 1156
0 38 0
2.76589617969565 66 378
0 38 0
0 38 0
0 38 0
0 38 0
0 38 0
0 38 0
0 38 0
7.32065495469872 72 561
4.93532377172288 70 496
0 38 0
12.8854372957196 74 630
0 38 0
0 38 0
0 38 0
3.28225154036923 49 25
0 38 0
0 38 0
0 38 0
5.9292771089574 71 528
0 38 0
0 38 0
0 38 0
0 38 0
19.8409057905766 75 666
0 38 0
0 38 0
1.88856767605131 54 60
7.32065495469872 72 561
3.6097704443334 68 435
19.8409057905766 75 666
0 38 0
21.9118036448338 101 961
19.8409057905766 75 666
16.754515178022 91 676
0 38 0
0 38 0
0 38 0
0 38 0
0 38 0
0 38 0
0 38 0
0 38 0
0 38 0
0 38 0
0 38 0
0 38 0
0 38 0
0 38 0
7.32065495469872 72 561
0 38 0
0 38 0
0 38 0
0 38 0
0 38 0
0 38 0
0 38 0
0 38 0
0 38 0
2.76589617969565 66 378
0 38 0
0 38 0
0 38 0
21.794577665687 90 771
9.40753622651267 73 595
0 38 0
0.567493249330133 51 78
0 38 0
0 38 0
1.42397312499133 60 231
0 38 0
0 38 0
0 38 0
20.9927663607587 80 676
0 38 0
19.8409057905766 75 666
0 38 0
19.8409057905766 75 666
0 38 0
0 38 0
0 38 0
28.0903172586032 107 1156
12.8854372957196 74 630
0 38 0
1.05390771932165 57 171
0 38 0
0 38 0
0 38 0
17.382964818983 102 993
0 38 0
19.8409057905766 75 666
0 38 0
7.32065495469872 72 561
19.8409057905766 75 666
0 38 0
0 38 0
0 38 0
0 38 0
0 38 0
3.6097704443334 68 435
0 38 0
12.8854372957196 74 630
0 38 0
0 38 0
0 38 0
0 38 0
0 38 0
0 38 0
12.8854372957196 74 630
0 38 0
0 38 0
0 38 0
0 38 0
48.8355780734068 142 1755
0 38 0
0 38 0
0 38 0
0 38 0
9.89119200326584 95 814
9.40753622651267 73 595
0 38 0
0 38 0
0 38 0
19.8409057905766 75 666
0.177752699358408 43 10
19.8409057905766 75 666
0 38 0
19.8409057905766 75 666
5.39593083553341 81 447
19.8409057905766 75 666
0 38 0
0.398035878358943 48 45
0 38 0
0 38 0
0 38 0
0 38 0
0 38 0
9.40753622651267 73 595
0 38 0
0 38 0
5.9292771089574 71 528
9.83293920353067 97 853
1.28701367421908 59 210
19.8409057905766 75 666
0 38 0
0 38 0
0 38 0
1.95157801352145 63 300
0 38 0
0 38 0
2.76589617969565 66 378
0 38 0
0 38 0
0 38 0
0.25856277613212 45 21
27.8054672394979 134 1509
0 38 0
0 38 0
0 38 0
5.9292771089574 71 528
0 38 0
0 38 0
0 38 0
0 38 0
0 38 0
1.05390771932165 57 171
0 38 0
0 38 0
3.97981845899508 80 445
19.8409057905766 75 666
0 38 0
0 38 0
0 38 0
19.8409057905766 75 666
0 38 0
0 38 0
19.8409057905766 75 666
0.567493249330133 51 78
27.924759746714 108 1194
0 38 0
0 38 0
0 38 0
0 38 0
0 38 0
0 38 0
0 38 0
0 38 0
4.18975502221957 69 465
0 38 0
0.862797555318377 55 136
0 38 0
1.33414146314122 50 34
0.953857928124573 56 153
5.9292771089574 71 528
0 38 0
0 38 0
0 38 0
0 38 0
51.7810518642455 143 1786
0 38 0
0 38 0
0 38 0
0 38 0
0.140138069758699 42 6
2.44931353385128 65 351
25.0680451395965 96 768
1.95157801352145 63 300
0 38 0
0 38 0
0 38 0
0 38 0
0 38 0
9.40753622651267 73 595
0 38 0
0 38 0
0 38 0
0 38 0
0 38 0
0 38 0
0 38 0
33.2302882786899 110 1261
0 38 0
0 38 0
19.8409057905766 75 666
0 38 0
0 38 0
0 38 0
0 38 0
0 38 0
0 38 0
1.75235653625159 62 276
0 38 0
0 38 0
0 38 0
23.9413375502671 140 1364
0.0689579652414068 40 1
0 38 0
0 38 0
12.8854372957196 74 630
0 38 0
0 38 0
2.44931353385128 65 351
0 38 0
0 38 0
0 38 0
8.19606413802382 90 654
0 38 0
0 38 0
0 38 0
0 38 0
0 38 0
12.8854372957196 74 630
0 38 0
2.18134876288277 64 325
13.0587555456961 99 902
30.7299162364768 122 1261
0 38 0
3.88636318069335 51 36
0 38 0
0 38 0
0.632660113636817 52 91
0 38 0
15.0370423744196 112 888
1.16437736669715 58 190
9.40753622651267 73 595
0 38 0
6.41108880650575 88 609
19.8409057905766 75 666
19.8409057905766 75 666
0 38 0
0 38 0
12.8854372957196 74 630
19.8409057905766 75 666
0 38 0
0 38 0
0 38 0
0 38 0
12.8854372957196 74 630
0 38 0
0 38 0
0 38 0
0 38 0
0 38 0
19.8409057905766 75 666
0 38 0
9.40753622651267 73 595
0 38 0
7.32065495469872 72 561
0 38 0
0 38 0
35.914644567538 136 1354
0 38 0
0 38 0
0 38 0
0 38 0
0 38 0
0 38 0
0 38 0
0 38 0
0 38 0
0 38 0
19.8409057905766 75 666
0 38 0
0 38 0
0 38 0
0 38 0
19.8409057905766 75 666
0 38 0
0 38 0
0 38 0
0 38 0
0.567493249330133 51 78
0 38 0
19.8409057905766 75 666
0 38 0
0 38 0
0 38 0
3.18439801009247 59 102
0 38 0
19.8409057905766 75 666
0 38 0
0 38 0
0 38 0
19.8409057905766 75 666
0 38 0
0 38 0
0 38 0
9.40753622651267 73 595
0 38 0
0 38 0
0 38 0
0 38 0
4.93532377172288 70 496
7.32065495469872 72 561
9.40753622651267 73 595
35.0348153937562 115 1271
2.76589617969565 66 378
12.8854372957196 74 630
0 38 0
0 38 0
0 38 0
0 38 0
22.3061582271113 95 856
27.1508559311585 126 1261
12.8854372957196 74 630
1.42397312499133 60 231
0 38 0
0.450668906546207 49 55
0 38 0
0.0689579652414068 40 1
2.44931353385128 65 351
0 38 0
10.1242742501207 95 424
0 38 0
0 38 0
0 38 0
0 38 0
0 38 0
0 38 0
0 38 0
19.8409057905766 75 666
0 38 0
0 38 0
0 38 0
0 38 0
0 38 0
0 38 0
0 38 0
0.953857928124573 56 153
9.40753622651267 73 595
0 38 0
25.6500726425386 108 1191
0 38 0
0 38 0
0 38 0
0 38 0
0 38 0
0 38 0
21.1629280178383 82 687
4.93532377172288 70 496
12.8854372957196 74 630
0 38 0
19.8409057905766 75 666
19.8409057905766 75 666
19.8409057905766 75 666
0 38 0
0 38 0
0 38 0
0 38 0
0 38 0
0.177752699358408 43 10
0 38 0
0 38 0
0.302320995664545 46 28
0 38 0
39.9320342441248 111 1296
0 38 0
9.40753622651267 73 595
3.6097704443334 68 435
0 38 0
0 38 0
0 38 0
0 38 0
12.8854372957196 74 630
0 38 0
0 38 0
0 38 0
3.14568932284792 67 406
19.8409057905766 75 666
19.8409057905766 75 666
12.8854372957196 74 630
0 38 0
0 38 0
13.559088944922 77 633
0 38 0
0 38 0
0 38 0
12.8854372957196 74 630
0 38 0
3.14568932284792 67 406
0 38 0
0 38 0
0 38 0
0 38 0
0 38 0
0 38 0
5.9292771089574 71 528
12.8854372957196 74 630
10.4156201152721 93 731
0 38 0
1.95157801352145 63 300
0 38 0
4.18975502221957 69 465
0 38 0
0 38 0
0 38 0
2.44931353385128 65 351
0 38 0
0 38 0
0 38 0
0 38 0
0 38 0
0.703108207424967 53 105
0 38 0
1.57795013088756 61 253
12.8854372957196 74 630
19.8409057905766 75 666
9.40753622651267 73 595
19.8409057905766 75 666
0 38 0
0 38 0
0 38 0
0 38 0
0 38 0
3.14568932284792 67 406
0 38 0
19.8409057905766 75 666
0 38 0
0 38 0
19.8409057905766 75 666
0 38 0
5.9292771089574 71 528
0 38 0
0 38 0
0 38 0
0 38 0
0 38 0
0 38 0
39.9320342441248 111 1296
0 38 0
0 38 0
0 38 0
0 38 0
19.8409057905766 75 666
0 38 0
0 38 0
0 38 0
0 38 0
39.9320342441248 111 1296
0 38 0
7.32065495469872 72 561
0 38 0
0 38 0
0 38 0
0 38 0
0 38 0
1.42397312499133 60 231
0.103990788350797 41 3
0 38 0
0 38 0
0 38 0
0 38 0
0 38 0
0 38 0
0 38 0
0 38 0
0 38 0
0 38 0
0 38 0
0 38 0
24.9909341821758 105 1101
0 38 0
5.9292771089574 71 528
1.28701367421908 59 210
27.5065584383315 122 1225
7.32065495469872 72 561
0 38 0
0 38 0
30.5144326604153 104 862
33.7737690915233 127 1317
20.7938685970719 78 669
0.103990788350797 41 3
19.5071508300631 97 841
9.40753622651267 73 595
0 38 0
1.05390771932165 57 171
0 38 0
37.6396787301398 135 1561
0 38 0
0 38 0
12.8854372957196 74 630
0.21713400546926 44 15
12.8854372957196 74 630
19.8409057905766 75 666
0 38 0
0 38 0
8.28643521837996 84 539
0 38 0
19.8409057905766 75 666
19.8409057905766 75 666
0 38 0
0 38 0
0 38 0
0 38 0
0 38 0
19.8409057905766 75 666
0 38 0
13.1856634045198 110 789
0 38 0
2.18134876288277 64 325
0 38 0
0 38 0
19.8409057905766 75 666
66.5683732961962 176 2318
19.8409057905766 75 666
0 38 0
0 38 0
0 38 0
0 38 0
0.21713400546926 44 15
0 38 0
7.32065495469872 72 561
0 38 0
19.8409057905766 75 666
0 38 0
0 38 0
0 38 0
0 38 0
18.0528941967167 100 680
0 38 0
0 38 0
0 38 0
10.6296051818534 88 409
29.9048723008974 109 1227
19.8409057905766 75 666
0 38 0
32.2089356596862 109 1225
2.18134876288277 64 325
44.5637459449193 136 1596
0 38 0
1.28701367421908 59 210
0 38 0
14.0022818889289 83 666
0 38 0
0 38 0
0 38 0
19.1739424238911 104 1057
0 38 0
0 38 0
0 38 0
0 38 0
0.703108207424967 53 105
0 38 0
12.8854372957196 74 630
9.40753622651267 73 595
19.8409057905766 75 666
0 38 0
0 38 0
19.8409057905766 75 666
0 38 0
3.14568932284792 67 406
0 38 0
19.8409057905766 75 666
0 38 0
0 38 0
0 38 0
12.8854372957196 74 630
0 38 0
0 38 0
0 38 0
0 38 0
0 38 0
0 38 0
0 38 0
0 38 0
19.8409057905766 75 666
0 38 0
2.44931353385128 65 351
0 38 0
0 38 0
0 38 0
0 38 0
0 38 0
36.7448123739046 135 1522
0 38 0
0 38 0
0 38 0
0 38 0
4.93532377172288 70 496
0 38 0
19.8409057905766 75 666
0.348705005724482 47 36
0 38 0
0 38 0
0.25856277613212 45 21
0 38 0
0 38 0
0 38 0
0 38 0
0.779543508007364 54 120
0 38 0
0 38 0
0.703108207424967 53 105
0 38 0
0 38 0
0 38 0
0 38 0
0 38 0
0 38 0
32.2089356596862 109 1225
0 38 0
0 38 0
0.703108207424967 53 105
0 38 0
0 38 0
12.8854372957196 74 630
0 38 0
11.2577987296709 79 602
19.8409057905766 75 666
3.14568932284792 67 406
32.6751129422003 119 1054
19.8409057905766 75 666
9.40753622651267 73 595
0 38 0
0 38 0
0 38 0
19.8409057905766 75 666
0 38 0
0 38 0
0 38 0
12.8854372957196 74 630
0 38 0
0 38 0
3.6097704443334 68 435
0 38 0
0 38 0
0 38 0
0 38 0
0 38 0
0 38 0
0 38 0
12.8854372957196 74 630
0 38 0
0 38 0
0 38 0
25.4132528004075 105 1089
0 38 0
21.9490522524147 117 1011
3.6097704443334 68 435
0 38 0
0 38 0
0 38 0
0 38 0
0 38 0
0 38 0
0 38 0
0.632660113636817 52 91
19.8409057905766 75 666
37.9580662402998 136 1586
0.862797555318377 55 136
3.6097704443334 68 435
0 38 0
0 38 0
19.8409057905766 75 666
19.8409057905766 75 666
0 38 0
0 38 0
0 38 0
50.0612091993727 157 1838
0 38 0
0 38 0
0 38 0
0 38 0
19.8409057905766 75 666
0.450668906546207 49 55
0 38 0
0.25856277613212 45 21
15.9472352065011 99 930
0 38 0
0 38 0
0 38 0
0 38 0
0 38 0
0 38 0
0 38 0
0 38 0
0 38 0
0 38 0
0 38 0
0 38 0
0 38 0
0 38 0
0 38 0
0 38 0
0.450668906546207 49 55
0 38 0
32.2089356596862 109 1225
1.45928078045132 61 193
0 38 0
0 38 0
0 38 0
0 38 0
0 38 0
0 38 0
0 38 0
0 38 0
0 38 0
2.76589617969565 66 378
0 38 0
0 38 0
0 38 0
0 38 0
0 38 0
