"COLLES.MDM.LN" "SACKIN" "COPHENETIC"
0 38 0
22.3061582271113 95 856
19.8409057905766 75 666
19.8409057905766 75 666
41.8432803356841 170 1736
31.810665702513 112 1160
0 38 0
0.21713400546926 44 15
0 38 0
0 38 0
0 38 0
0 38 0
0.450668906546207 49 55
0 38 0
2.18134876288277 64 325
0 38 0
0 38 0
19.8409057905766 75 666
0 38 0
0.0689579652414068 40 1
0 38 0
33.4331601114673 138 1626
0.953857928124573 56 153
39.9320342441248 111 1296
0 38 0
49.6074804147837 154 1709
13.304656756298 113 952
12.8854372957196 74 630
0.140138069758699 42 6
12.3708024238349 92 703
19.8409057905766 75 666
75.9840354094817 200 2216
0 38 0
19.5071508300631 97 841
4.93532377172288 70 496
73.6433652213689 178 2385
0 38 0
0 38 0
51.2489921887869 165 1744
52.8024044832492 144 1822
0 38 0
5.9292771089574 71 528
1.42397312499133 60 231
0 38 0
0 38 0
0 38 0
19.8409057905766 75 666
0 38 0
20.630434757534 110 865
0 38 0
24.026435022196 103 1044
0 38 0
0 38 0
7.32065495469872 72 561
0 38 0
26.6142220249496 107 1162
0 38 0
4.18975502221957 69 465
0.348705005724482 47 36
0 38 0
25.4132528004075 105 1089
21.9118036448338 101 961
11.3358563556316 99 906
0 38 0
19.8409057905766 75 666
0 38 0
0 38 0
9.40753622651267 73 595
18.4998413114187 105 1091
0 38 0
0 38 0
12.8854372957196 74 630
12.8854372957196 74 630
0 38 0
0 38 0
10.9145739197839 98 886
0 38 0
5.2957633400864 52 28
7.32065495469872 72 561
0 38 0
0 38 0
39.9320342441248 111 1296
0 38 0
25.6843159609574 106 1131
0 38 0
19.8409057905766 75 666
4.93532377172288 70 496
0 38 0
0 38 0
0 38 0
0 38 0
0 38 0
0 38 0
23.5061785094756 82 675
20.6238893386169 99 900
10.4899545684803 84 650
60.2723844299741 146 1891
28.0903172586032 107 1156
0 38 0
92.6879013175162 209 2846
20.439739340494 106 1126
0 38 0
0 38 0
0 38 0
43.5975739597851 155 1755
39.9320342441248 111 1296
32.2089356596862 109 1225
0 38 0
2.18134876288277 64 325
23.9737657920136 100 830
0 38 0
0 38 0
0 38 0
0 38 0
1.05390771932165 57 171
0 38 0
56.3333861380588 181 2072
39.9320342441248 111 1296
0 38 0
19.8409057905766 75 666
2.94971021472908 63 122
0 38 0
0 38 0
7.32065495469872 72 561
0 38 0
9.40753622651267 73 595
0 38 0
0 38 0
0 38 0
48.7920306385902 161 1909
8.33340084502614 93 759
19.8409057905766 75 666
0 38 0
19.8409057905766 75 666
21.9118036448338 101 961
0 38 0
0 38 0
0 38 0
1.16437736669715 58 190
25.0472653877805 123 1186
12.8854372957196 74 630
2.64462778022791 50 25
20.8983133852168 79 672
45.9980992669435 158 1445
18.5100592573845 95 784
19.8409057905766 75 666
19.8409057905766 75 666
0 38 0
0 38 0
32.2089356596862 109 1225
0 38 0
2.76589617969565 66 378
0 38 0
0.779543508007364 54 120
19.8409057905766 75 666
19.8409057905766 75 666
19.8409057905766 75 666
0 38 0
4.13251570862038 79 472
0 38 0
0 38 0
20.6238893386169 99 900
18.6990887447211 113 1063
12.8854372957196 74 630
39.9320342441248 111 1296
0 38 0
0.632660113636817 52 91
0 38 0
0 38 0
12.8854372957196 74 630
0 38 0
0 38 0
0.21713400546926 44 15
19.8409057905766 75 666
19.8409057905766 75 666
0 38 0
0 38 0
0 38 0
57.1474216171041 173 1982
17.0092091579791 102 1008
0 38 0
17.2490722345668 121 1123
7.65876270533424 91 579
0 38 0
0 38 0
63.1128978232207 182 2033
2.44931353385128 65 351
0 38 0
0 38 0
36.4263220322544 133 1091
0 38 0
0 38 0
0 38 0
0 38 0
8.98492917630369 67 136
0 38 0
0 38 0
0 38 0
0 38 0
2.76589617969565 66 378
0 38 0
19.8409057905766 75 666
4.93532377172288 70 496
0 38 0
19.8409057905766 75 666
0 38 0
0 38 0
19.8409057905766 75 666
0 38 0
40.6312416266626 128 970
0 38 0
0 38 0
0 38 0
0 38 0
12.9672786198728 101 967
1.95157801352145 63 300
0 38 0
5.9292771089574 71 528
33.4350337703355 125 913
0 38 0
19.8409057905766 75 666
39.9320342441248 111 1296
25.6843159609574 106 1131
46.9529894809558 162 1879
0 38 0
0 38 0
0 38 0
0.21713400546926 44 15
56.5760139791542 167 1901
39.9320342441248 111 1296
0 38 0
0 38 0
23.2342259952161 119 1090
19.8409057905766 75 666
0 38 0
0 38 0
0 38 0
1.42397312499133 60 231
19.8409057905766 75 666
8.03527367815556 79 582
50.0481911068628 156 1662
0 38 0
0 38 0
43.8193595605754 132 1506
0 38 0
31.8581857760844 131 1426
3.14568932284792 67 406
9.40753622651267 73 595
0.0689579652414068 40 1
32.2089356596862 109 1225
0 38 0
0 38 0
18.5100592573845 95 784
3.14568932284792 67 406
0 38 0
0 38 0
0 38 0
0 38 0
0 38 0
0 38 0
9.40753622651267 73 595
12.8854372957196 74 630
0 38 0
7.74283086914356 93 741
40.549492165877 139 1654
12.8854372957196 74 630
46.8021343482729 130 1379
12.8854372957196 74 630
0 38 0
0 38 0
9.40753622651267 73 595
0 38 0
19.8409057905766 75 666
48.5686633797989 163 1359
7.32065495469872 72 561
0 38 0
41.0425749450756 156 1782
0.450668906546207 49 55
0 38 0
0 38 0
0 38 0
0 38 0
11.2548165853554 92 766
10.2731994703104 71 172
32.2089356596862 109 1225
0 38 0
26.6142220249496 107 1162
0 38 0
12.8854372957196 74 630
0 38 0
21.2423407944875 83 694
23.4567517203621 103 1024
9.74749097623916 93 598
19.8409057905766 75 666
0 38 0
33.2302882786899 110 1261
0 38 0
26.9441253916019 117 1095
0 38 0
0 38 0
6.30241810981131 82 466
0 38 0
0 38 0
52.8024044832492 144 1822
26.4376553792345 131 1416
0 38 0
0 38 0
0 38 0
19.8409057905766 75 666
0 38 0
0 38 0
0 38 0
1.75235653625159 62 276
19.8409057905766 75 666
19.8409057905766 75 666
12.8854372957196 74 630
3.28225154036923 49 25
29.4954592221579 128 1093
2.44931353385128 65 351
7.32065495469872 72 561
0 38 0
32.2089356596862 109 1225
18.5100592573845 95 784
19.8409057905766 75 666
0 38 0
23.4567517203621 103 1024
0 38 0
0 38 0
16.5940160245369 104 1060
2.40589420831982 70 289
38.4479626565447 149 1564
19.8409057905766 75 666
28.4108597966374 125 1291
6.30919285627998 55 42
0 38 0
15.3279947113717 103 1030
0 38 0
3.86668506802803 70 436
12.8854372957196 74 630
0 38 0
0 38 0
3.14568932284792 67 406
12.8854372957196 74 630
44.9143964367311 153 1606
33.2302882786899 110 1261
12.8854372957196 74 630
0.302320995664545 46 28
0 38 0
0 38 0
47.6671425664927 165 1997
0 38 0
15.4912732231977 97 883
9.40753622651267 73 595
19.8409057905766 75 666
0 38 0
0 38 0
19.8409057905766 75 666
0 38 0
34.7912194427037 105 802
48.8355780734068 142 1755
12.8854372957196 74 630
62.414683893193 195 2405
0 38 0
0 38 0
27.924759746714 108 1194
11.1468056464795 65 109
20.1413702111082 108 796
13.2289795229558 100 946
0 38 0
7.76169252400392 68 142
76.1534214191997 198 2500
0 38 0
0 38 0
0 38 0
0 38 0
24.4542320588268 104 1072
19.8409057905766 75 666
0 38 0
0 38 0
19.8409057905766 75 666
19.8409057905766 75 666
25.6500726425386 108 1191
19.8409057905766 75 666
0 38 0
41.5424562296942 138 1027
60.9642881038136 173 2235
0 38 0
0 38 0
9.40753622651267 73 595
0 38 0
12.8854372957196 74 630
12.1389441908791 79 304
32.2089356596862 109 1225
0 38 0
0 38 0
19.8409057905766 75 666
0 38 0
2.99842587238125 68 379
35.3537822931668 145 1474
0 38 0
0 38 0
0 38 0
8.35266865523393 94 765
0 38 0
4.02635168810254 80 469
1.75235653625159 62 276
0 38 0
0 38 0
1.75235653625159 62 276
39.9320342441248 111 1296
0 38 0
12.54145948014 100 934
0 38 0
4.63427306264705 83 504
36.956605228977 138 1313
39.8504651138493 138 1619
17.7411022988676 110 649
47.0210230311126 140 1684
19.8409057905766 75 666
0 38 0
0 38 0
19.8409057905766 75 666
5.9292771089574 71 528
25.6843159609574 106 1131
14.8073971507949 102 695
0 38 0
0 38 0
7.86492153312326 79 312
2.41271595936162 53 49
0 38 0
1.95157801352145 63 300
18.5100592573845 95 784
23.4192926839734 115 954
0 38 0
19.8409057905766 75 666
30.8703476852311 136 1558
0 38 0
62.819449472309 193 2363
0 38 0
0 38 0
1.16437736669715 58 190
18.5100592573845 95 784
0 38 0
7.32065495469872 72 561
40.871817732853 139 1652
50.650133115701 144 1824
0 38 0
0 38 0
0 38 0
0 38 0
12.8854372957196 74 630
0 38 0
17.5417263515866 103 1036
23.6772242953196 102 1017
25.4132528004075 105 1089
3.88636318069335 51 36
19.0158274519014 114 1019
39.9320342441248 111 1296
0 38 0
0 38 0
4.18975502221957 69 465
0 38 0
30.2691560117086 121 1272
0 38 0
19.8409057905766 75 666
0 38 0
60.2723844299741 146 1891
29.0227151303484 128 1312
9.40753622651267 73 595
3.89634745382439 68 214
0 38 0
57.9212805860302 147 1163
9.40753622651267 73 595
0 38 0
23.4567517203621 103 1024
15.2024449331516 87 576
4.93532377172288 70 496
19.8409057905766 75 666
46.4964976035401 143 1789
26.6142220249496 107 1162
19.8409057905766 75 666
60.2723844299741 146 1891
0 38 0
0 38 0
7.32065495469872 72 561
0 38 0
0 38 0
0 38 0
12.8854372957196 74 630
0 38 0
0.567493249330133 51 78
0 38 0
35.2772591465659 131 1423
0 38 0
29.3325491765153 123 1222
0 38 0
30.9015662782616 134 1492
0 38 0
19.8409057905766 75 666
0 38 0
12.8854372957196 74 630
12.8854372957196 74 630
32.2089356596862 109 1225
0 38 0
0 38 0
9.17051871805414 89 627
25.6500726425386 108 1191
0 38 0
0 38 0
7.32065495469872 72 561
39.9320342441248 111 1296
8.8570428869132 89 697
14.1120846542725 79 262
19.1739424238911 104 1057
0 38 0
0 38 0
0 38 0
19.8409057905766 75 666
32.2089356596862 109 1225
0 38 0
4.93532377172288 70 496
9.0659498070523 81 353
0 38 0
0 38 0
0 38 0
38.6208148430513 154 1643
49.5662856181787 184 1977
76.1583718036114 212 2477
4.93532377172288 70 496
5.25569206823672 82 543
36.2560178713314 143 1337
0 38 0
26.8700607908819 110 865
0 38 0
0 38 0
9.40753622651267 73 595
0 38 0
28.8958938381198 117 552
39.9320342441248 111 1296
0 38 0
19.8409057905766 75 666
0 38 0
0 38 0
19.8409057905766 75 666
0 38 0
101.156752831986 234 3128
0 38 0
8.06966300915236 65 169
0 38 0
12.8854372957196 74 630
28.0903172586032 107 1156
0 38 0
19.5071508300631 97 841
5.9292771089574 71 528
0 38 0
2.76589617969565 66 378
0 38 0
19.8409057905766 75 666
7.32065495469872 72 561
0 38 0
19.8409057905766 75 666
0 38 0
34.7038684970483 139 1236
22.1875309330874 94 837
21.2423407944875 83 694
9.66839198781479 99 615
19.8409057905766 75 666
19.8409057905766 75 666
0 38 0
0 38 0
30.7945262690891 126 1249
19.8409057905766 75 666
0 38 0
0 38 0
0 38 0
0 38 0
0 38 0
33.1035708113242 140 1596
19.8409057905766 75 666
44.8299432865973 137 1621
0 38 0
0.0689579652414068 40 1
1.95157801352145 63 300
19.8409057905766 75 666
9.40753622651267 73 595
46.223065449866 163 1900
3.51837061479325 61 123
60.2723844299741 146 1891
0 38 0
0 38 0
2.46591052286485 67 328
2.18134876288277 64 325
0 38 0
19.8409057905766 75 666
0 38 0
27.2712942525253 134 1497
51.9800393114049 164 1930
12.2643347413955 82 239
1.41746928551781 43 4
0 38 0
9.7375792142272 89 363
4.93532377172288 70 496
60.2723844299741 146 1891
0 38 0
0 38 0
0 38 0
5.26034047816622 64 157
0 38 0
0 38 0
2.44931353385128 65 351
0 38 0
0 38 0
40.549492165877 139 1654
0 38 0
32.2089356596862 109 1225
28.0903172586032 107 1156
5.73116713834223 71 186
0 38 0
0 38 0
63.7123016216695 180 2074
0 38 0
19.8409057905766 75 666
0 38 0
62.2100066255169 184 2122
0 38 0
16.5841105334964 101 981
19.8409057905766 75 666
19.8409057905766 75 666
9.40753622651267 73 595
0 38 0
0 38 0
0 38 0
12.8854372957196 74 630
7.32065495469872 72 561
12.8854372957196 74 630
0 38 0
25.6500726425386 108 1191
36.1521304161285 135 1530
24.9909341821758 105 1101
9.40753622651267 73 595
0 38 0
8.00658263620731 93 526
0 38 0
0.177752699358408 43 10
72.6220126023652 177 2350
0 38 0
35.1991714754163 136 1578
0 38 0
0 38 0
13.466761627059 76 631
0 38 0
0 38 0
43.681801480466 131 1486
33.2302882786899 110 1261
7.32065495469872 72 561
12.8854372957196 74 630
15.6193024405914 93 507
0 38 0
0 38 0
20.439739340494 106 1126
0 38 0
0 38 0
0 38 0
12.8854372957196 74 630
12.8854372957196 74 630
1.75235653625159 62 276
1.28701367421908 59 210
19.8409057905766 75 666
0 38 0
20.2940608442536 114 969
12.8854372957196 74 630
12.8854372957196 74 630
0 38 0
0 38 0
29.9048723008974 109 1227
17.382964818983 102 993
0 38 0
0 38 0
46.7868393886128 159 1370
0 38 0
0 38 0
0 38 0
12.1037179294982 96 772
0 38 0
11.0139538991227 90 731
0 38 0
0.450668906546207 49 55
19.8409057905766 75 666
28.5703774897632 127 1362
0.398035878358943 48 45
28.5637554643199 108 852
0 38 0
0 38 0
19.8409057905766 75 666
12.8854372957196 74 630
0 38 0
4.55185339080025 83 514
2.18134876288277 64 325
26.6142220249496 107 1162
20.439739340494 106 1126
0 38 0
12.8854372957196 74 630
0 38 0
0 38 0
0 38 0
4.93532377172288 70 496
25.6500726425386 108 1191
25.3295564743269 111 1036
0 38 0
0 38 0
0 38 0
89.7028014352961 232 3078
0 38 0
0 38 0
9.40753622651267 73 595
7.32065495469872 72 561
0 38 0
21.5362025714265 119 798
0 38 0
0 38 0
12.8854372957196 74 630
29.9048723008974 109 1227
0 38 0
0 38 0
14.3541112398427 101 963
0 38 0
0 38 0
0 38 0
12.8854372957196 74 630
0.398035878358943 48 45
25.4132528004075 105 1089
0 38 0
0 38 0
0 38 0
34.2183681947399 147 1455
0 38 0
0 38 0
0 38 0
14.4265674059595 102 1001
5.9292771089574 71 528
0 38 0
0 38 0
2.76589617969565 66 378
0 38 0
0 38 0
0.953857928124573 56 153
80.7076336035136 203 2663
0 38 0
0.862797555318377 55 136
29.9048723008974 109 1227
33.2302882786899 110 1261
49.0045662562327 142 1685
0 38 0
39.9320342441248 111 1296
12.8854372957196 74 630
0 38 0
0 38 0
0 38 0
39.9320342441248 111 1296
36.8608633435386 153 1626
9.86372236344264 75 596
19.8409057905766 75 666
0 38 0
0 38 0
39.9320342441248 111 1296
57.1664254362879 171 2170
0 38 0
0 38 0
6.24911259440174 87 522
0 38 0
0 38 0
56.8545635229875 178 2042
10.9145739197839 98 886
0 38 0
9.39563685601291 83 532
0 38 0
0.953857928124573 56 153
39.9320342441248 111 1296
0 38 0
106.93308889067 257 3114
0 38 0
0 38 0
4.93532377172288 70 496
19.8409057905766 75 666
0 38 0
0 38 0
2.76589617969565 66 378
12.8854372957196 74 630
0 38 0
0 38 0
12.8854372957196 74 630
0 38 0
0 38 0
0 38 0
0 38 0
35.6481078230089 125 1219
0 38 0
39.9320342441248 111 1296
0 38 0
12.810896989219 99 920
0 38 0
32.2089356596862 109 1225
0 38 0
0 38 0
18.4159235776027 119 1066
16.0640845683013 103 1026
0 38 0
0 38 0
0 38 0
19.8409057905766 75 666
0 38 0
0 38 0
19.8409057905766 75 666
1.05390771932165 57 171
9.40753622651267 73 595
0 38 0
19.6633924371392 107 778
12.8854372957196 74 630
12.8854372957196 74 630
2.94011478364874 71 366
0 38 0
19.8409057905766 75 666
2.18134876288277 64 325
3.88636318069335 51 36
2.18134876288277 64 325
18.2284477068381 104 1065
25.5136119455046 88 702
0 38 0
33.2302882786899 110 1261
8.19606413802382 90 654
12.8854372957196 74 630
0 38 0
0 38 0
13.9381222541375 96 813
12.8854372957196 74 630
40.522116236814 140 1690
0 38 0
19.8409057905766 75 666
0 38 0
0 38 0
2.18134876288277 64 325
4.93532377172288 70 496
1.57795013088756 61 253
0 38 0
0 38 0
19.8319027039645 111 779
60.2723844299741 146 1891
0 38 0
52.8024044832492 144 1822
32.2498134213202 121 1293
4.93532377172288 70 496
0 38 0
5.9292771089574 71 528
12.8854372957196 74 630
3.88636318069335 51 36
34.8843510811083 147 1448
0 38 0
0 38 0
0.862797555318377 55 136
0 38 0
15.3078829093408 96 861
0 38 0
1.63430271144042 62 232
19.8409057905766 75 666
8.1660887475242 81 597
12.8854372957196 74 630
0 38 0
0.779543508007364 54 120
0 38 0
12.8854372957196 74 630
3.58196886119382 77 381
0 38 0
0 38 0
26.6142220249496 107 1162
15.1464726568674 95 840
19.8409057905766 75 666
0 38 0
75.6291624775344 211 2489
0 38 0
19.8409057905766 75 666
32.2089356596862 109 1225
26.3643841975732 121 1177
60.2723844299741 146 1891
39.9320342441248 111 1296
22.3874140285357 107 1158
0 38 0
19.8409057905766 75 666
19.8409057905766 75 666
0 38 0
39.9320342441248 111 1296
25.4132528004075 105 1089
9.40753622651267 73 595
0 38 0
37.2736019242422 125 1061
0 38 0
7.32065495469872 72 561
21.794577665687 90 771
0 38 0
1.03034194544099 44 7
8.46314736160465 85 639
1.95157801352145 63 300
0.177752699358408 43 10
5.9292771089574 71 528
0 38 0
19.8409057905766 75 666
0 38 0
19.8409057905766 75 666
81.6740541682046 205 2736
12.8854372957196 74 630
39.3830407720905 143 1578
19.8409057905766 75 666
19.8409057905766 75 666
24.2235479528877 109 807
0 38 0
0 38 0
12.8854372957196 74 630
16.0640845683013 103 1026
32.4326586058487 106 439
19.8409057905766 75 666
5.9292771089574 71 528
75.4338620413069 184 2275
2.18134876288277 64 325
0 38 0
0 38 0
0 38 0
11.1446313055354 75 324
12.8854372957196 74 630
19.8409057905766 75 666
0 38 0
12.8854372957196 74 630
19.8409057905766 75 666
5.9292771089574 71 528
48.2959083621447 160 1838
0 38 0
2.19804462039835 59 106
0 38 0
8.64328323799899 87 666
10.7249434387578 87 686
19.8409057905766 75 666
0 38 0
8.09985194568181 80 589
19.8409057905766 75 666
12.8854372957196 74 630
19.8409057905766 75 666
0 38 0
14.8857012772982 98 871
0 38 0
38.2909347826888 140 1687
0 38 0
59.001766220928 178 1805
1.28701367421908 59 210
0 38 0
15.9590104718219 89 625
0.632660113636817 52 91
0 38 0
18.5100592573845 95 784
0 38 0
2.44931353385128 65 351
19.8409057905766 75 666
0 38 0
0 38 0
41.5454622098287 124 1262
1.28701367421908 59 210
5.9292771089574 71 528
0 38 0
0 38 0
39.9320342441248 111 1296
0 38 0
0 38 0
4.10274015356017 76 351
0 38 0
0 38 0
0 38 0
7.46918115670086 63 144
0 38 0
43.8542149829235 151 1601
61.7655737594798 186 2179
20.8983133852168 79 672
21.3962006699739 85 711
19.8409057905766 75 666
0 38 0
0 38 0
0 38 0
32.2389152709327 137 1597
11.8240427716573 79 264
0 38 0
0 38 0
0 38 0
42.6863727751472 141 1723
0 38 0
19.8409057905766 75 666
0 38 0
0 38 0
19.8409057905766 75 666
1.28701367421908 59 210
9.40753622651267 73 595
2.18134876288277 64 325
19.8409057905766 75 666
37.1345450345611 120 802
0 38 0
0.567493249330133 51 78
0 38 0
0.975850877237498 49 31
0 38 0
9.40753622651267 73 595
0 38 0
0 38 0
0 38 0
0 38 0
5.9292771089574 71 528
0 38 0
0 38 0
12.8854372957196 74 630
12.8854372957196 74 630
19.8409057905766 75 666
0.450668906546207 49 55
19.8409057905766 75 666
0 38 0
99.7531060322171 246 3197
0 38 0
19.8409057905766 75 666
0 38 0
19.8409057905766 75 666
0 38 0
0 38 0
0 38 0
1.28701367421908 59 210
39.9320342441248 111 1296
0 38 0
12.8854372957196 74 630
41.9809677529697 152 1582
3.14568932284792 67 406
0 38 0
0 38 0
0 38 0
0 38 0
4.93532377172288 70 496
0 38 0
51.5291098936818 174 1872
11.4267129551402 99 912
0 38 0
0 38 0
26.4071693633544 128 1012
0 38 0
19.8409057905766 75 666
12.8854372957196 74 630
3.14568932284792 67 406
12.8854372957196 74 630
9.40753622651267 73 595
0 38 0
0 38 0
0 38 0
18.4998413114187 105 1091
1.42397312499133 60 231
4.93532377172288 70 496
3.14568932284792 67 406
0 38 0
0 38 0
0 38 0
26.2087894656475 104 694
19.8409057905766 75 666
0 38 0
0 38 0
39.9320342441248 111 1296
19.8409057905766 75 666
34.09546170658 135 1224
19.8409057905766 75 666
0 38 0
4.93532377172288 70 496
0 38 0
0 38 0
34.543620865495 138 1623
17.5998091231211 93 729
12.8854372957196 74 630
39.9320342441248 111 1296
0 38 0
0 38 0
25.4132528004075 105 1089
7.32065495469872 72 561
1.28701367421908 59 210
20.6238893386169 99 900
27.9470245370777 120 1082
8.94559990027605 90 449
4.18975502221957 69 465
19.8409057905766 75 666
60.2723844299741 146 1891
39.5363200224046 151 1651
39.9320342441248 111 1296
0 38 0
0 38 0
32.2089356596862 109 1225
0 38 0
27.924759746714 108 1194
29.2272700553386 144 1494
0 38 0
0 38 0
88.3967558292037 224 2858
64.8026480822295 162 2011
9.40753622651267 73 595
0 38 0
0 38 0
19.8409057905766 75 666
0 38 0
8.85084570782186 93 657
44.8065859419488 153 1645
38.5664240096625 137 1597
19.8409057905766 75 666
19.8409057905766 75 666
33.0862633140197 140 1115
0 38 0
7.32065495469872 72 561
0 38 0
8.06966300915236 65 169
0 38 0
0.953857928124573 56 153
9.40753622651267 73 595
0 38 0
0 38 0
36.7836198611628 131 1471
0 38 0
25.6843159609574 106 1131
0.632660113636817 52 91
20.6238893386169 99 900
0 38 0
27.924759746714 108 1194
0 38 0
0 38 0
9.40753622651267 73 595
5.9292771089574 71 528
0 38 0
0 38 0
39.9320342441248 111 1296
0 38 0
0 38 0
27.924759746714 108 1194
0 38 0
47.5455247448342 142 1761
19.8409057905766 75 666
25.6500726425386 108 1191
0 38 0
0 38 0
14.4768441676427 85 529
22.0885378306021 115 844
17.0092091579791 102 1008
16.0640845683013 103 1026
2.44931353385128 65 351
0 38 0
9.40753622651267 73 595
0 38 0
9.40753622651267 73 595
16.2824783512636 83 245
2.76589617969565 66 378
7.32065495469872 72 561
0.632660113636817 52 91
36.4948094610082 129 1432
0 38 0
8.06966300915236 65 169
0 38 0
0 38 0
0 38 0
43.5906800248144 145 1732
0 38 0
47.7227838641567 143 1545
0 38 0
0.953857928124573 56 153
12.4690319558122 98 895
0.25856277613212 45 21
25.0595498233978 106 551
19.8409057905766 75 666
19.8409057905766 75 666
0 38 0
0 38 0
0.507003347513996 50 66
0 38 0
10.9145739197839 98 886
0 38 0
0 38 0
21.794577665687 90 771
0 38 0
0 38 0
0 38 0
25.4132528004075 105 1089
46.9454920680464 153 1600
0 38 0
21.9118036448338 101 961
19.8409057905766 75 666
20.3752381478567 117 777
20.2624688059444 120 1145
0 38 0
0 38 0
9.40753622651267 73 595
7.32065495469872 72 561
39.9320342441248 111 1296
0 38 0
0 38 0
0 38 0
39.1337739883759 131 1396
0 38 0
0 38 0
3.14568932284792 67 406
40.3028066356814 156 1724
0 38 0
12.8854372957196 74 630
51.6364516437217 161 1834
9.40753622651267 73 595
1.95157801352145 63 300
45.525759561811 142 1481
0 38 0
51.385103463935 157 1790
29.9048723008974 109 1227
39.1337739883759 131 1396
0 38 0
0 38 0
12.8854372957196 74 630
1.75235653625159 62 276
0 38 0
0 38 0
0 38 0
0 38 0
4.93532377172288 70 496
18.5100592573845 95 784
0 38 0
4.93532377172288 70 496
25.7179117738162 114 1057
0 38 0
0 38 0
0 38 0
0.953857928124573 56 153
0 38 0
0 38 0
0.103990788350797 41 3
12.8854372957196 74 630
0.398035878358943 48 45
51.7879510877521 166 1586
0 38 0
0 38 0
7.32065495469872 72 561
0 38 0
3.6097704443334 68 435
0.103990788350797 41 3
32.2089356596862 109 1225
0 38 0
9.40753622651267 73 595
2.44931353385128 65 351
41.5867594593439 155 1792
6.19424627776718 85 535
19.8409057905766 75 666
1.95157801352145 63 300
47.231165388906 161 1837
0 38 0
0 38 0
0 38 0
0 38 0
25.6843159609574 106 1131
0 38 0
26.6142220249496 107 1162
0 38 0
0 38 0
60.2723844299741 146 1891
19.8409057905766 75 666
24.9999484123385 131 1426
3.14568932284792 67 406
0 38 0
1.95157801352145 63 300
39.9320342441248 111 1296
0 38 0
0 38 0
50.9457418311014 157 1584
24.6506521320104 89 248
18.4998413114187 105 1091
0 38 0
19.8409057905766 75 666
0 38 0
12.8854372957196 74 630
1.49606149525252 59 120
33.2302882786899 110 1261
0 38 0
59.7596914296546 194 2102
22.5814933498143 97 897
0 38 0
19.8409057905766 75 666
141.20104647023 298 3677
0 38 0
0 38 0
0 38 0
0 38 0
51.6216474396405 147 1603
31.9381980620426 128 1344
0 38 0
7.32065495469872 72 561
0 38 0
39.9320342441248 111 1296
2.76589617969565 66 378
0 38 0
0 38 0
0 38 0
0 38 0
0 38 0
12.8854372957196 74 630
0.567493249330133 51 78
19.8409057905766 75 666
1.63430271144042 62 232
39.9320342441248 111 1296
12.8854372957196 74 630
0 38 0
32.2089356596862 109 1225
21.0802604177113 97 751
0 38 0
19.8409057905766 75 666
0 38 0
0 38 0
19.8409057905766 75 666
0 38 0
0 38 0
3.6097704443334 68 435
0 38 0
0 38 0
1.6116244741829 52 46
0 38 0
12.8854372957196 74 630
0 38 0
29.9048723008974 109 1227
19.8409057905766 75 666
0 38 0
0 38 0
19.8409057905766 75 666
56.4755267477223 158 1490
4.93532377172288 70 496
0 38 0
19.8409057905766 75 666
0 38 0
33.2302882786899 110 1261
5.9292771089574 71 528
0.302320995664545 46 28
0 38 0
23.0062781604758 83 679
56.738435521236 173 2224
1.46810524730536 46 13
6.56205953934646 70 241
0 38 0
19.8409057905766 75 666
12.8854372957196 74 630
0 38 0
35.2772591465659 131 1423
15.9590104718219 89 625
7.32065495469872 72 561
0 38 0
0 38 0
0 38 0
9.40753622651267 73 595
29.2414699152619 119 999
0 38 0
12.8854372957196 74 630
12.8854372957196 74 630
0 38 0
65.9677233015846 172 1891
0 38 0
19.8409057905766 75 666
39.8504651138493 138 1619
19.8409057905766 75 666
53.4153142502119 164 1676
0 38 0
0.398035878358943 48 45
0 38 0
19.8409057905766 75 666
0 38 0
25.4132528004075 105 1089
41.6972448400735 155 1747
12.8854372957196 74 630
0 38 0
88.9509703381988 234 2355
36.3529592638349 133 1501
23.6772242953196 102 1017
0 38 0
21.472606242284 86 721
9.32311280896537 83 352
27.924759746714 108 1194
0 38 0
0 38 0
21.9118036448338 101 961
0 38 0
9.93259514198297 84 507
0 38 0
3.6097704443334 68 435
0 38 0
15.9472352065011 99 930
34.8114681436736 138 1087
19.8409057905766 75 666
19.8409057905766 75 666
0 38 0
0 38 0
0 38 0
28.2280989455405 134 1151
32.2089356596862 109 1225
0 38 0
19.8409057905766 75 666
0 38 0
19.8409057905766 75 666
0 38 0
0 38 0
22.3061582271113 95 856
0 38 0
112.574737410892 242 2931
0 38 0
26.1416968040556 122 853
7.32065495469872 72 561
36.7113753932247 149 1537
48.2516758875069 157 1775
0 38 0
7.32065495469872 72 561
80.8608836887833 180 2452
0 38 0
33.5866589596911 135 1545
13.7762083023504 83 484
20.4271001153746 122 1198
32.2389152709327 137 1597
48.8355780734068 142 1755
0 38 0
7.32065495469872 72 561
0 38 0
0 38 0
1.16437736669715 58 190
0 38 0
0 38 0
45.9726907293949 156 1696
21.1629280178383 82 687
0 38 0
33.2302882786899 110 1261
0 38 0
39.9320342441248 111 1296
12.8854372957196 74 630
0 38 0
34.543620865495 138 1623
12.8854372957196 74 630
0 38 0
24.9909341821758 105 1101
23.7343108673336 129 1365
51.7810518642455 143 1786
0 38 0
0 38 0
0 38 0
0 38 0
47.0210230311126 140 1684
2.76589617969565 66 378
0 38 0
0 38 0
13.8631145729504 81 651
0 38 0
0 38 0
0 38 0
19.8409057905766 75 666
1.57795013088756 61 253
0 38 0
5.9292771089574 71 528
4.18975502221957 69 465
12.8854372957196 74 630
0 38 0
31.5693747372588 137 1593
0 38 0
3.6097704443334 68 435
12.8854372957196 74 630
3.14568932284792 67 406
0.140138069758699 42 6
19.8409057905766 75 666
0 38 0
0 38 0
0 38 0
50.8858774707632 126 530
21.6883869765081 106 1123
7.32065495469872 72 561
19.1474941490401 105 1095
0 38 0
19.8409057905766 75 666
0 38 0
12.8854372957196 74 630
28.0058773405968 133 1463
19.8409057905766 75 666
3.6097704443334 68 435
0 38 0
19.8409057905766 75 666
0 38 0
0 38 0
0 38 0
0 38 0
16.2367120624514 100 955
19.8409057905766 75 666
9.40753622651267 73 595
0 38 0
3.6097704443334 68 435
0 38 0
39.5686572975048 157 1755
0 38 0
0 38 0
3.30134259172041 64 160
0 38 0
39.9320342441248 111 1296
0 38 0
19.8409057905766 75 666
19.8409057905766 75 666
6.99348764964038 84 350
17.5417263515866 103 1036
19.8409057905766 75 666
19.8409057905766 75 666
12.8854372957196 74 630
0.862797555318377 55 136
12.8854372957196 74 630
0 38 0
0 38 0
19.8409057905766 75 666
0 38 0
0 38 0
0 38 0
10.7481950557584 99 647
0 38 0
0 38 0
24.9909341821758 105 1101
0 38 0
0 38 0
19.8409057905766 75 666
0.507003347513996 50 66
10.1521864508877 79 610
19.8409057905766 75 666
0 38 0
0 38 0
5.26034047816622 64 157
37.8434880262525 156 1414
0 38 0
0 38 0
2.76589617969565 66 378
0 38 0
1.05390771932165 57 171
5.1981692960625 64 109
12.8854372957196 74 630
0 38 0
0 38 0
0 38 0
19.8409057905766 75 666
23.4567517203621 103 1024
30.5144326604153 104 862
12.8854372957196 74 630
65.9827113577792 187 2159
0 38 0
16.1506692063754 111 918
5.9292771089574 71 528
0 38 0
31.2282110614051 96 730
44.8299432865973 137 1621
0.140138069758699 42 6
4.93532377172288 70 496
52.4400269469997 160 1216
0 38 0
0 38 0
23.1401577351189 100 966
0.103990788350797 41 3
6.19424627776718 85 535
27.924759746714 108 1194
39.9320342441248 111 1296
7.46158181121532 92 727
12.8854372957196 74 630
17.382964818983 102 993
0 38 0
0.953857928124573 56 153
0 38 0
0 38 0
19.8409057905766 75 666
0 38 0
0 38 0
6.30241810981131 82 466
0 38 0
0 38 0
39.1337739883759 131 1396
0 38 0
0.450668906546207 49 55
0 38 0
12.8854372957196 74 630
2.76589617969565 66 378
0 38 0
13.1970196155868 97 503
0 38 0
0 38 0
14.2038919552374 102 996
46.5907848984273 161 1911
0 38 0
5.9292771089574 71 528
24.8144597424974 108 952
0 38 0
3.14568932284792 67 406
24.9909341821758 105 1101
4.93532377172288 70 496
0 38 0
0 38 0
0 38 0
22.379778875689 82 677
23.4567517203621 103 1024
17.7404949675725 106 879
19.8409057905766 75 666
12.8854372957196 74 630
42.6497687657396 150 1645
0 38 0
0 38 0
19.8409057905766 75 666
12.8854372957196 74 630
19.8409057905766 75 666
0 38 0
107.44139517603 221 3008
23.5154351504588 126 1253
9.4679487491364 101 787
36.2978424177801 136 1240
12.8854372957196 74 630
0 38 0
0 38 0
15.9590104718219 89 625
0 38 0
0.507003347513996 50 66
59.3594856749999 171 2161
60.2723844299741 146 1891
0 38 0
0 38 0
0.953857928124573 56 153
19.8409057905766 75 666
0 38 0
19.8409057905766 75 666
0 38 0
9.7629736672478 81 296
0.862797555318377 55 136
0 38 0
0 38 0
43.5559018110391 130 1467
15.9590104718219 89 625
39.9320342441248 111 1296
12.8854372957196 74 630
9.40753622651267 73 595
14.2179578060412 86 696
0 38 0
0 38 0
22.7440463424801 98 919
19.8409057905766 75 666
0 38 0
0 38 0
0 38 0
0 38 0
12.8854372957196 74 630
0 38 0
20.6238893386169 99 900
0 38 0
14.8740655360404 93 801
0 38 0
0 38 0
8.2540119497811 82 381
38.6702743224007 154 1704
0 38 0
29.9048723008974 109 1227
7.32065495469872 72 561
19.1739424238911 104 1057
0 38 0
50.650133115701 144 1824
2.82662154070978 73 345
45.8214272419126 163 1535
5.9292771089574 71 528
10.4865104938881 86 553
0 38 0
0 38 0
52.5943711641701 140 1492
0 38 0
12.8854372957196 74 630
25.6843159609574 106 1131
91.6665486985125 208 2810
19.8409057905766 75 666
9.40753622651267 73 595
6.48381909759376 53 31
4.18975502221957 69 465
0 38 0
0.703108207424967 53 105
96.4036733366037 240 2843
1.75235653625159 62 276
0 38 0
1.28701367421908 59 210
0 38 0
24.9796339862189 122 1141
0 38 0
18.2863891673417 124 1232
19.8409057905766 75 666
29.8943154112912 102 835
0 38 0
0 38 0
74.9702417130184 214 2254
0 38 0
0 38 0
0 38 0
0 38 0
0.103990788350797 41 3
0 38 0
0 38 0
27.924759746714 108 1194
0 38 0
12.8854372957196 74 630
108.917458043915 237 3220
0 38 0
0 38 0
0 38 0
0 38 0
19.8409057905766 75 666
3.6097704443334 68 435
19.8409057905766 75 666
0 38 0
1.26603494354158 59 156
2.76589617969565 66 378
0 38 0
19.8409057905766 75 666
0 38 0
0 38 0
4.93532377172288 70 496
28.0903172586032 107 1156
0 38 0
80.1189567581013 225 2615
20.1595864409731 126 997
0 38 0
19.8409057905766 75 666
0 38 0
0 38 0
39.9320342441248 111 1296
0 38 0
0.862797555318377 55 136
28.0903172586032 107 1156
19.8409057905766 75 666
2.76589617969565 66 378
3.6097704443334 68 435
2.44931353385128 65 351
0 38 0
18.767068287691 124 1206
12.8854372957196 74 630
0 38 0
18.5100592573845 95 784
8.03527367815556 79 582
0 38 0
0 38 0
31.8264395619849 105 820
0 38 0
25.7671585208891 101 574
38.6985239088486 140 1470
36.1008944885605 157 1304
18.2284477068381 104 1065
0 38 0
37.2821427479801 124 1328
12.8854372957196 74 630
0 38 0
19.8409057905766 75 666
47.7456281876889 155 1790
49.1059135911415 151 1067
12.8854372957196 74 630
91.9438093674994 223 2773
0 38 0
16.1580130405587 100 482
0.302320995664545 46 28
8.40504161586998 78 381
19.8409057905766 75 666
0 38 0
0 38 0
43.681801480466 131 1486
23.4567517203621 103 1024
18.4998413114187 105 1091
0 38 0
52.8024044832492 144 1822
20.9927663607587 80 676
12.8854372957196 74 630
19.8409057905766 75 666
0 38 0
3.02704751068486 74 370
12.5183587010424 114 885
88.7504321271343 223 2081
0 38 0
12.8854372957196 74 630
29.4954592221579 128 1093
23.4567517203621 103 1024
13.2725868294182 109 776
39.9320342441248 111 1296
28.502711701805 103 410
2.44931353385128 65 351
0 38 0
41.6696332610471 134 1507
19.3977264252963 113 937
0 38 0
0 38 0
7.32065495469872 72 561
7.32065495469872 72 561
0 38 0
0 38 0
0 38 0
46.6787986206231 141 1731
13.0959284120821 81 441
0 38 0
55.7415421873425 150 1837
0 38 0
39.642167462055 155 1670
0 38 0
82.5831235692833 205 2724
55.8266261096898 167 2026
51.9800393114049 164 1930
32.5358785281221 116 593
0 38 0
16.2367120624514 100 955
12.8854372957196 74 630
0.348705005724482 47 36
0 38 0
0 38 0
19.8409057905766 75 666
9.40753622651267 73 595
0 38 0
0.703108207424967 53 105
0 38 0
1.57795013088756 61 253
22.1875309330874 94 837
23.3864399766333 101 991
15.3278620739244 79 634
25.6500726425386 108 1191
5.74745431386739 86 601
6.00404511203441 83 448
7.32065495469872 72 561
0 38 0
25.0089364808304 125 1168
20.6238893386169 99 900
0 38 0
0 38 0
19.8409057905766 75 666
5.9292771089574 71 528
7.32065495469872 72 561
0 38 0
1.75235653625159 62 276
0 38 0
0 38 0
12.8854372957196 74 630
21.5498156264415 87 732
2.18134876288277 64 325
3.6097704443334 68 435
19.1912397655916 115 847
4.18975502221957 69 465
0 38 0
12.8854372957196 74 630
1.16437736669715 58 190
15.4409807283305 93 753
8.67358256857907 67 196
0 38 0
0 38 0
0 38 0
0 38 0
80.8608836887833 180 2452
0 38 0
47.0210230311126 140 1684
19.8409057905766 75 666
0 38 0
0 38 0
39.5896840459128 153 1624
5.08342195211822 55 64
5.91074001257528 80 424
12.8854372957196 74 630
19.8409057905766 75 666
19.8409057905766 75 666
0.507003347513996 50 66
0 38 0
0.450668906546207 49 55
0 38 0
22.4366165374118 96 876
0 38 0
0 38 0
1.28701367421908 59 210
19.8409057905766 75 666
12.3134375779534 87 386
5.9292771089574 71 528
0.348705005724482 47 36
19.8409057905766 75 666
0 38 0
37.4180701353343 137 944
9.40753622651267 73 595
0.21713400546926 44 15
7.90350522759291 91 718
0 38 0
22.6295760011863 95 514
0 38 0
0 38 0
19.8409057905766 75 666
0 38 0
0 38 0
0 38 0
46.8429859981032 147 1153
1.42397312499133 60 231
39.9320342441248 111 1296
1.75235653625159 62 276
0 38 0
0 38 0
19.8409057905766 75 666
19.8409057905766 75 666
0 38 0
2.76589617969565 66 378
0 38 0
12.8854372957196 74 630
1.42397312499133 60 231
0 38 0
0 38 0
0 38 0
19.8409057905766 75 666
0 38 0
0.140138069758699 42 6
0 38 0
2.18134876288277 64 325
37.0173385006903 135 1460
0 38 0
0 38 0
19.8409057905766 75 666
60.2831371230494 161 1692
19.8409057905766 75 666
0 38 0
0 38 0
0 38 0
0 38 0
0 38 0
41.624470426711 133 1398
9.40753622651267 73 595
0 38 0
0 38 0
0 38 0
3.6097704443334 68 435
19.8409057905766 75 666
0 38 0
22.7880363647195 80 670
0 38 0
15.2024449331516 87 576
0 38 0
0 38 0
5.9292771089574 71 528
13.8180162962873 91 642
0 38 0
0 38 0
19.8409057905766 75 666
28.0903172586032 107 1156
0 38 0
19.8409057905766 75 666
0.302320995664545 46 28
25.3817008943434 114 703
19.8409057905766 75 666
9.93259514198297 84 507
0 38 0
21.1629280178383 82 687
0 38 0
9.40753622651267 73 595
19.8409057905766 75 666
0 38 0
0 38 0
7.32065495469872 72 561
0 38 0
0 38 0
21.4614903562137 92 460
0 38 0
1.95157801352145 63 300
17.5998091231211 93 729
0 38 0
0.177752699358408 43 10
0 38 0
0 38 0
5.9292771089574 71 528
4.18975502221957 69 465
4.48621259715134 53 49
0 38 0
60.1042006830176 187 2189
0 38 0
19.8409057905766 75 666
18.5100592573845 95 784
0 38 0
121.819602125472 287 3466
5.9292771089574 71 528
1.63430271144042 62 232
22.7440463424801 98 919
1.57795013088756 61 253
2.76589617969565 66 378
0 38 0
74.3524625451908 198 2379
0 38 0
1.03034194544099 44 7
30.4743859408756 134 1501
7.32065495469872 72 561
0 38 0
9.40753622651267 73 595
37.3187158972316 138 1629
22.5814933498143 97 897
11.782740303762 77 361
19.8409057905766 75 666
17.5998091231211 93 729
7.32065495469872 72 561
0 38 0
0 38 0
0 38 0
0 38 0
14.7573209848382 92 783
2.44931353385128 65 351
0 38 0
0 38 0
33.2302882786899 110 1261
27.2013231788929 139 1134
60.2723844299741 146 1891
14.2038919552374 102 996
0 38 0
0.398035878358943 48 45
0 38 0
24.9909341821758 105 1101
0 38 0
0 38 0
0 38 0
0 38 0
18.801256023933 110 889
0 38 0
19.8409057905766 75 666
65.1283761490148 187 2269
0 38 0
39.9320342441248 111 1296
0 38 0
0 38 0
0 38 0
3.89347881804809 79 456
0 38 0
0 38 0
9.40753622651267 73 595
4.18975502221957 69 465
19.8409057905766 75 666
33.2302882786899 110 1261
44.4537923655328 141 1719
27.924759746714 108 1194
0 38 0
1.28701367421908 59 210
1.42397312499133 60 231
21.080263734413 81 681
0 38 0
3.42558427653849 77 391
22.9284503026167 99 942
19.8409057905766 75 666
16.1841370210478 121 1127
0 38 0
0 38 0
37.8345256874054 138 1621
0 38 0
7.72596836305491 91 682
41.2305841356593 134 1489
0 38 0
19.8409057905766 75 666
2.18134876288277 64 325
0 38 0
0 38 0
19.8409057905766 75 666
0 38 0
0 38 0
3.28225154036923 49 25
24.6406507182832 127 1308
0 38 0
19.8409057905766 75 666
0 38 0
52.2963050192233 163 1971
7.32065495469872 72 561
48.776033817624 143 1792
33.2302882786899 110 1261
1.95157801352145 63 300
12.8854372957196 74 630
93.7802932218139 232 2625
0.632660113636817 52 91
44.8569652681187 130 1320
19.8409057905766 75 666
25.8560456119604 126 943
0 38 0
0 38 0
5.91074001257528 80 424
0 38 0
0 38 0
4.57121978067661 82 478
0 38 0
4.39366728299694 56 52
14.6649629337836 105 670
0.567493249330133 51 78
5.9292771089574 71 528
0 38 0
10.3077717542932 96 816
4.49114750811355 79 490
7.32065495469872 72 561
26.1380524973163 122 1141
6.00309924308772 70 167
0 38 0
19.1474941490401 105 1095
19.8409057905766 75 666
0 38 0
0 38 0
0 38 0
20.6238893386169 99 900
0 38 0
0.703108207424967 53 105
0 38 0
0 38 0
37.931821146308 126 1291
0 38 0
13.7762083023504 83 484
9.40753622651267 73 595
0 38 0
0 38 0
0 38 0
19.1739424238911 104 1057
0.348705005724482 47 36
0 38 0
0 38 0
2.76589617969565 66 378
0 38 0
2.76589617969565 66 378
60.2723844299741 146 1891
39.9320342441248 111 1296
19.8409057905766 75 666
9.40753622651267 73 595
16.5940160245369 104 1060
5.9292771089574 71 528
90.8963809980775 205 2706
0 38 0
39.9320342441248 111 1296
19.8409057905766 75 666
0 38 0
15.9590104718219 89 625
0 38 0
20.3020035226608 89 409
1.95157801352145 63 300
0 38 0
7.32065495469872 72 561
38.8730160285821 124 884
51.4689818302439 186 2197
19.8409057905766 75 666
7.32065495469872 72 561
0 38 0
1.05390771932165 57 171
19.8409057905766 75 666
4.93532377172288 70 496
0 38 0
0 38 0
0 38 0
0 38 0
4.18975502221957 69 465
0 38 0
5.9292771089574 71 528
0 38 0
0 38 0
0.177752699358408 43 10
0 38 0
12.8854372957196 74 630
39.9320342441248 111 1296
0 38 0
0 38 0
0 38 0
8.35266865523393 94 765
32.2089356596862 109 1225
3.14568932284792 67 406
2.76589617969565 66 378
0 38 0
0 38 0
12.8854372957196 74 630
7.32065495469872 72 561
51.7810518642455 143 1786
0 38 0
19.8409057905766 75 666
1.05390771932165 57 171
53.7945943536991 166 1991
25.6500726425386 108 1191
52.0364135097088 167 1885
0 38 0
27.924759746714 108 1194
25.4132528004075 105 1089
28.8419236258651 126 969
0 38 0
0.348705005724482 47 36
0 38 0
19.6428565968432 115 1016
19.8409057905766 75 666
19.8409057905766 75 666
0 38 0
0 38 0
0 38 0
18.5100592573845 95 784
47.9916055962825 155 1684
0 38 0
4.93532377172288 70 496
37.7661649929082 136 1554
0 38 0
32.2089356596862 109 1225
2.76589617969565 66 378
34.8474132732865 136 1562
0.0689579652414068 40 1
0 38 0
19.8409057905766 75 666
18.5100592573845 95 784
0 38 0
1.28701367421908 59 210
0 38 0
0 38 0
0 38 0
24.3161485874085 111 854
0 38 0
6.10572925449047 75 312
0 38 0
12.8854372957196 74 630
0 38 0
0 38 0
0 38 0
16.6866060677351 83 646
19.8409057905766 75 666
0 38 0
4.93532377172288 70 496
0 38 0
4.18975502221957 69 465
0 38 0
0 38 0
19.8409057905766 75 666
0 38 0
0 38 0
8.38243633814959 84 627
28.0903172586032 107 1156
9.40753622651267 73 595
1.95157801352145 63 300
32.2089356596862 109 1225
0 38 0
0 38 0
18.2284477068381 104 1065
30.5156083107779 129 1009
12.8854372957196 74 630
19.7181557889296 133 1222
0 38 0
0 38 0
19.8409057905766 75 666
19.8409057905766 75 666
18.5100592573845 95 784
0 38 0
0 38 0
0 38 0
37.3269934314039 136 1576
18.4931749767065 76 164
16.0052545300901 100 931
12.8854372957196 74 630
0 38 0
19.1698368247208 107 766
35.4236886344352 156 1708
0 38 0
0 38 0
16.0052545300901 100 931
18.1906655240988 104 700
12.8854372957196 74 630
12.8854372957196 74 630
12.8854372957196 74 630
9.40753622651267 73 595
0 38 0
27.924759746714 108 1194
9.40753622651267 73 595
27.3026396972609 127 1290
6.41108880650575 88 609
39.9320342441248 111 1296
23.2342259952161 119 1090
6.12260984066402 68 211
101.707228594675 234 3122
0 38 0
0.953857928124573 56 153
32.2089356596862 109 1225
0 38 0
12.8854372957196 74 630
7.32065495469872 72 561
0 38 0
1.75235653625159 62 276
0 38 0
0 38 0
19.8409057905766 75 666
0 38 0
0 38 0
0 38 0
19.8409057905766 75 666
0 38 0
25.4132528004075 105 1089
39.9320342441248 111 1296
0 38 0
0.398035878358943 48 45
12.1840552769774 97 871
0.398035878358943 48 45
0 38 0
0 38 0
60.2723844299741 146 1891
0 38 0
0 38 0
22.9284503026167 99 942
10.8565008346476 98 598
14.5523680202362 90 750
28.3110052712379 128 1312
28.0903172586032 107 1156
18.5100592573845 95 784
0 38 0
12.8854372957196 74 630
4.93532377172288 70 496
0 38 0
0 38 0
0 38 0
2.44931353385128 65 351
0 38 0
0 38 0
65.803720955096 162 1705
53.9176943536076 171 2167
39.9320342441248 111 1296
9.40753622651267 73 595
0 38 0
0 38 0
28.6959041766153 126 1311
0 38 0
16.754515178022 91 676
19.5071508300631 97 841
8.30659587638409 83 616
0 38 0
19.8409057905766 75 666
7.92830470062173 76 343
0.25856277613212 45 21
5.9292771089574 71 528
32.1673631948644 136 1561
0 38 0
0 38 0
0 38 0
5.9292771089574 71 528
0 38 0
32.6751129422003 119 1054
9.93259514198297 84 507
0 38 0
19.8409057905766 75 666
39.9320342441248 111 1296
28.9346946898541 136 1172
12.8854372957196 74 630
11.2548165853554 92 766
19.8409057905766 75 666
0 38 0
5.9292771089574 71 528
0 38 0
25.6500726425386 108 1191
0 38 0
0 38 0
38.0877864855275 165 1638
0 38 0
12.8418620392235 91 456
23.3906083851029 115 728
0 38 0
7.32065495469872 72 561
19.8409057905766 75 666
0 38 0
0 38 0
0 38 0
0 38 0
19.8409057905766 75 666
69.7597813161155 193 1931
19.8409057905766 75 666
0 38 0
2.18134876288277 64 325
0.703108207424967 53 105
0 38 0
22.0786440534618 93 819
0.507003347513996 50 66
19.8409057905766 75 666
18.5100592573845 95 784
0 38 0
41.2305841356593 134 1489
19.8409057905766 75 666
0 38 0
0 38 0
3.6097704443334 68 435
12.8854372957196 74 630
4.41385455943415 60 111
1.95157801352145 63 300
0 38 0
28.6510387158399 137 1316
0 38 0
12.8854372957196 74 630
12.8854372957196 74 630
0 38 0
1.57795013088756 61 253
54.3357062208478 167 2068
0 38 0
122.777634560671 245 3476
19.8409057905766 75 666
19.8409057905766 75 666
85.0851522905064 220 2713
0 38 0
0 38 0
0 38 0
0 38 0
1.95157801352145 63 300
39.9320342441248 111 1296
9.76024346831189 91 678
0 38 0
21.794577665687 90 771
0 38 0
0 38 0
0 38 0
9.40753622651267 73 595
15.9590104718219 89 625
9.83293920353067 97 853
19.8409057905766 75 666
29.9048723008974 109 1227
25.5136119455046 88 702
0 38 0
12.8854372957196 74 630
34.5195475597619 118 982
0 38 0
0 38 0
12.1771174134876 73 189
19.5071508300631 97 841
19.8409057905766 75 666
2.18134876288277 64 325
0 38 0
0 38 0
0 38 0
19.8409057905766 75 666
0 38 0
0 38 0
7.32065495469872 72 561
13.6421296512073 78 636
1.57795013088756 61 253
0 38 0
15.9472352065011 99 930
0 38 0
5.9292771089574 71 528
27.3068502885692 132 1432
18.4998413114187 105 1091
7.07730354199413 72 218
7.32065495469872 72 561
0.779543508007364 54 120
9.40753622651267 73 595
7.46918115670086 63 144
0 38 0
33.2302882786899 110 1261
46.4964976035401 143 1789
0 38 0
32.2089356596862 109 1225
60.2723844299741 146 1891
0 38 0
0 38 0
0 38 0
16.237789416536 100 850
19.8409057905766 75 666
0 38 0
0 38 0
0 38 0
9.40753622651267 73 595
0 38 0
0 38 0
43.753019925011 137 1585
0 38 0
39.9320342441248 111 1296
93.6746867062677 227 2911
51.7810518642455 143 1786
0 38 0
0 38 0
22.9284503026167 99 942
19.8409057905766 75 666
19.8409057905766 75 666
32.2089356596862 109 1225
60.2723844299741 146 1891
0 38 0
17.5127035305097 92 548
0 38 0
9.40753622651267 73 595
7.32065495469872 72 561
19.8409057905766 75 666
22.9284503026167 99 942
1.57795013088756 61 253
0 38 0
0.348705005724482 47 36
0 38 0
6.06112601485713 87 573
4.93532377172288 70 496
27.9269338178783 127 1286
25.4132528004075 105 1089
0 38 0
68.5686713890426 199 2169
2.76589617969565 66 378
6.27489470714543 59 100
0 38 0
53.8237571022528 145 1857
0 38 0
0 38 0
0 38 0
0 38 0
0 38 0
0 38 0
0 38 0
0 38 0
2.18134876288277 64 325
0 38 0
0 38 0
13.4352787516077 71 166
19.8409057905766 75 666
0 38 0
0 38 0
19.8409057905766 75 666
19.8409057905766 75 666
5.9292771089574 71 528
48.776033817624 143 1792
0 38 0
25.4132528004075 105 1089
0 38 0
7.32065495469872 72 561
19.1474941490401 105 1095
7.90350522759291 91 718
14.4369704847552 93 686
0 38 0
2.76589617969565 66 378
0 38 0
0 38 0
0.140138069758699 42 6
9.40753622651267 73 595
58.9003940191631 155 1705
0 38 0
0.0689579652414068 40 1
0 38 0
0.103990788350797 41 3
0 38 0
0 38 0
0.567493249330133 51 78
0.0689579652414068 40 1
2.44931353385128 65 351
0 38 0
0 38 0
0 38 0
0 38 0
41.9102644271566 159 1831
0 38 0
21.9118036448338 101 961
3.88636318069335 51 36
0 38 0
0 38 0
17.1859485994168 102 821
19.8409057905766 75 666
0 38 0
31.6072601578898 151 1598
0 38 0
19.8409057905766 75 666
19.8409057905766 75 666
12.8854372957196 74 630
0 38 0
29.9048723008974 109 1227
0 38 0
7.02278912606799 84 606
0 38 0
0 38 0
0.953857928124573 56 153
2.44931353385128 65 351
15.9472352065011 99 930
0 38 0
10.5161536290229 73 289
80.9446824807625 202 2171
0 38 0
47.0210230311126 140 1684
0 38 0
19.8409057905766 75 666
1.28701367421908 59 210
0 38 0
9.40753622651267 73 595
3.14568932284792 67 406
3.14568932284792 67 406
0 38 0
43.753019925011 137 1585
0 38 0
0 38 0
39.9320342441248 111 1296
5.06242200809669 84 555
24.7468267113328 107 987
7.32065495469872 72 561
38.7771977224534 146 1601
51.2229522242587 186 1901
0 38 0
0 38 0
0 38 0
19.9461372989945 127 1306
19.8409057905766 75 666
19.8409057905766 75 666
0 38 0
0 38 0
17.9748736178628 87 666
0 38 0
0 38 0
0 38 0
33.2302882786899 110 1261
0 38 0
2.76589617969565 66 378
26.0329703675451 124 1143
0 38 0
0 38 0
0 38 0
1.95157801352145 63 300
0 38 0
1.16437736669715 58 190
0 38 0
10.9145739197839 98 886
3.6097704443334 68 435
0 38 0
9.16662516515789 95 790
0 38 0
0 38 0
22.3874140285357 107 1158
42.6380452530874 121 1341
19.8409057905766 75 666
19.8409057905766 75 666
21.794577665687 90 771
0 38 0
0 38 0
9.40753622651267 73 595
4.18975502221957 69 465
12.8854372957196 74 630
0 38 0
12.8854372957196 74 630
0 38 0
12.8854372957196 74 630
19.8409057905766 75 666
0 38 0
0 38 0
0 38 0
19.8409057905766 75 666
12.8854372957196 74 630
4.93532377172288 70 496
19.8174527421735 119 1129
11.1283424947867 91 748
18.5100592573845 95 784
33.2302882786899 110 1261
0 38 0
19.8409057905766 75 666
0 38 0
18.3067985957538 110 847
31.5823115905279 147 1523
0 38 0
39.9320342441248 111 1296
5.689045363495 66 183
21.9118036448338 101 961
0 38 0
3.14568932284792 67 406
0 38 0
80.8608836887833 180 2452
0 38 0
0 38 0
25.4132528004075 105 1089
0 38 0
9.44694139780895 92 487
0 38 0
60.1448108202544 162 1921
9.17051871805414 89 627
29.9048723008974 109 1227
0 38 0
0 38 0
39.9320342441248 111 1296
12.8854372957196 74 630
0 38 0
0 38 0
15.2024449331516 87 576
0 38 0
0.348705005724482 47 36
32.7751585643382 144 1452
0 38 0
5.9292771089574 71 528
83.282150621311 206 2757
0 38 0
19.1739424238911 104 1057
5.77923729080753 83 490
3.14568932284792 67 406
39.9320342441248 111 1296
0.103990788350797 41 3
95.4766689328095 227 2909
0 38 0
19.8409057905766 75 666
43.5559018110391 130 1467
10.5161536290229 73 289
0 38 0
19.1474941490401 105 1095
28.0903172586032 107 1156
0 38 0
0 38 0
19.8409057905766 75 666
19.8409057905766 75 666
24.4542320588268 104 1072
19.8409057905766 75 666
0 38 0
53.065692781451 175 2027
0 38 0
19.8409057905766 75 666
3.6097704443334 68 435
28.0903172586032 107 1156
0 38 0
27.924759746714 108 1194
0 38 0
72.3388585067304 196 2468
19.8409057905766 75 666
0 38 0
9.89119200326584 95 814
1.6116244741829 52 46
27.924759746714 108 1194
19.8409057905766 75 666
12.8854372957196 74 630
19.8409057905766 75 666
26.4624912298323 145 1421
0 38 0
12.8854372957196 74 630
0 38 0
40.522116236814 140 1690
0 38 0
0 38 0
0 38 0
0 38 0
19.8409057905766 75 666
22.7440463424801 98 919
0 38 0
19.8409057905766 75 666
33.2302882786899 110 1261
0.398035878358943 48 45
0 38 0
0.398035878358943 48 45
22.9408429229525 125 1246
0 38 0
1.05390771932165 57 171
37.1566974695474 124 1242
51.4100048782655 147 1495
0 38 0
0 38 0
21.2423407944875 83 694
18.4998413114187 105 1091
0 38 0
0 38 0
23.3864399766333 101 991
0 38 0
0 38 0
52.8024044832492 144 1822
0 38 0
11.782740303762 77 361
0.703108207424967 53 105
19.8409057905766 75 666
21.8834992083369 91 786
20.6238893386169 99 900
0 38 0
0 38 0
0 38 0
11.1283424947867 91 748
0 38 0
28.6566869335065 98 787
0 38 0
26.9337150393115 96 394
13.6421296512073 78 636
0 38 0
32.2089356596862 109 1225
0 38 0
0.953857928124573 56 153
0 38 0
5.9292771089574 71 528
0 38 0
0 38 0
3.14568932284792 67 406
19.8409057905766 75 666
0 38 0
39.9320342441248 111 1296
0 38 0
0 38 0
31.319244119086 136 1316
0 38 0
13.7567594888542 116 1006
5.9292771089574 71 528
19.8409057905766 75 666
0 38 0
21.7099463940521 89 757
0 38 0
12.0224257964389 97 843
0 38 0
23.4567517203621 103 1024
2.18134876288277 64 325
39.9320342441248 111 1296
20.4144161088793 109 1067
24.9909341821758 105 1101
31.1438872218119 145 1403
0 38 0
19.8409057905766 75 666
0 38 0
0 38 0
13.9381222541375 96 813
28.0903172586032 107 1156
40.7707215551821 125 1310
24.8011879579539 101 398
46.2645268713175 140 1690
0 38 0
0 38 0
0 38 0
12.8854372957196 74 630
5.9292771089574 71 528
0 38 0
0 38 0
0 38 0
7.46918115670086 63 144
0 38 0
1.16437736669715 58 190
0 38 0
10.505235751272 97 861
39.9320342441248 111 1296
0.450668906546207 49 55
0 38 0
7.42399572207241 80 400
0 38 0
4.93532377172288 70 496
9.40753622651267 73 595
8.38562807263738 93 735
0 38 0
2.44931353385128 65 351
4.93532377172288 70 496
19.8409057905766 75 666
6.27489470714543 59 100
0 38 0
22.1134395752783 126 1264
0 38 0
28.0903172586032 107 1156
3.94377306758599 77 451
0 38 0
0 38 0
0 38 0
0 38 0
7.32065495469872 72 561
0 38 0
48.776033817624 143 1792
39.9320342441248 111 1296
46.4279017170999 153 1812
12.8854372957196 74 630
0 38 0
0 38 0
0 38 0
40.549492165877 139 1654
20.4324697828552 106 851
0 38 0
0 38 0
0 38 0
19.8409057905766 75 666
15.6878701265059 92 520
0.567493249330133 51 78
12.8854372957196 74 630
0.0689579652414068 40 1
7.32065495469872 72 561
0 38 0
23.6072837528865 117 928
5.48868323470481 77 427
0.177752699358408 43 10
8.23474815123831 82 606
0.703108207424967 53 105
24.026435022196 103 1044
39.9320342441248 111 1296
3.6097704443334 68 435
0 38 0
0 38 0
7.32065495469872 72 561
0 38 0
0 38 0
0.507003347513996 50 66
52.801188776592 165 2007
7.32065495469872 72 561
26.5915084832621 118 1149
19.8409057905766 75 666
24.8615422265606 86 691
0 38 0
19.8409057905766 75 666
0 38 0
0 38 0
0 38 0
12.8854372957196 74 630
0 38 0
0 38 0
43.1248895953906 126 1401
0 38 0
0 38 0
12.8854372957196 74 630
0.348705005724482 47 36
0 38 0
39.9320342441248 111 1296
0 38 0
0 38 0
9.40753622651267 73 595
0 38 0
0 38 0
0 38 0
1.95157801352145 63 300
3.40430128378373 74 406
76.4995023865955 201 2608
7.32065495469872 72 561
26.6142220249496 107 1162
0 38 0
0 38 0
0.398035878358943 48 45
0 38 0
0 38 0
0 38 0
0 38 0
0 38 0
0 38 0
12.8854372957196 74 630
0 38 0
0 38 0
9.40753622651267 73 595
19.8409057905766 75 666
8.13134117881367 85 531
53.8237571022528 145 1857
2.18134876288277 64 325
0 38 0
7.32065495469872 72 561
0 38 0
0 38 0
55.4869199784263 155 1852
33.2302882786899 110 1261
0 38 0
19.8409057905766 75 666
0 38 0
19.8409057905766 75 666
15.0029350006665 94 820
2.76589617969565 66 378
12.8854372957196 74 630
8.06966300915236 65 169
0 38 0
3.6097704443334 68 435
0 38 0
9.23975258556696 99 774
32.2089356596862 109 1225
1.95157801352145 63 300
8.88809666875232 73 154
9.40753622651267 73 595
38.8389488059401 138 1639
33.2302882786899 110 1261
0 38 0
39.9320342441248 111 1296
0 38 0
0 38 0
0 38 0
5.9292771089574 71 528
19.1474941490401 105 1095
32.2089356596862 109 1225
13.7523094576448 101 973
38.3483460504076 137 1612
56.3181912768894 162 1371
1.75235653625159 62 276
0 38 0
25.6500726425386 108 1191
62.4069163974526 168 2062
3.6097704443334 68 435
77.8637325741419 203 2507
19.5071508300631 97 841
0 38 0
2.05169456444465 45 9
0 38 0
71.6006599833616 176 2314
0 38 0
19.8409057905766 75 666
0 38 0
13.0959284120821 81 441
44.3378447328444 135 1572
0 38 0
0.21713400546926 44 15
19.8409057905766 75 666
29.9048723008974 109 1227
59.313962311858 154 1879
0.953857928124573 56 153
1.57795013088756 61 253
0 38 0
0 38 0
5.9292771089574 71 528
0.567493249330133 51 78
0 38 0
3.14568932284792 67 406
0 38 0
32.4059738673097 144 1466
41.9687716754424 151 1550
0 38 0
4.18975502221957 69 465
10.8691816522558 103 692
4.93532377172288 70 496
13.1522756529335 90 435
0 38 0
79.4073169458486 190 2074
19.8409057905766 75 666
0 38 0
0 38 0
35.2984918583281 122 1131
29.9133793624098 154 1669
0 38 0
12.8854372957196 74 630
67.3617160940565 174 2257
79.1256839601509 215 2581
0 38 0
1.75235653625159 62 276
0 38 0
0 38 0
14.8857012772982 98 871
19.8409057905766 75 666
0 38 0
0 38 0
27.7863766413784 125 949
1.28701367421908 59 210
19.8409057905766 75 666
0 38 0
19.8409057905766 75 666
0 38 0
76.7696860212708 198 2533
0 38 0
39.9320342441248 111 1296
33.2302882786899 110 1261
0 38 0
19.8409057905766 75 666
1.57795013088756 61 253
129.082301360136 278 3516
0 38 0
19.8409057905766 75 666
0 38 0
32.9771269769313 134 1519
15.1464726568674 95 840
4.7891602149569 84 531
19.8409057905766 75 666
34.8072089509251 135 1524
4.18975502221957 69 465
63.2020580522587 181 2180
0 38 0
0 38 0
0 38 0
0 38 0
21.080263734413 81 681
0 38 0
4.18467891039857 75 456
19.8409057905766 75 666
42.0859728982754 158 1465
4.18975502221957 69 465
0 38 0
19.1474941490401 105 1095
0 38 0
0 38 0
3.52742207306411 72 281
1.30782446784239 57 101
58.5913978942413 162 1885
0 38 0
83.7727480243359 225 2428
0.703108207424967 53 105
8.60618876996436 94 781
0 38 0
3.83858460923841 79 404
12.8854372957196 74 630
25.6500726425386 108 1191
2.76589617969565 66 378
5.9292771089574 71 528
0 38 0
19.8409057905766 75 666
51.7810518642455 143 1786
39.9320342441248 111 1296
38.747203463224 165 1628
0 38 0
2.18134876288277 64 325
12.8854372957196 74 630
0 38 0
39.9320342441248 111 1296
12.8854372957196 74 630
9.40753622651267 73 595
12.8854372957196 74 630
0.348705005724482 47 36
23.4192926839734 115 954
0 38 0
13.0959284120821 81 441
0 38 0
1.95157801352145 63 300
0 38 0
0 38 0
0 38 0
0 38 0
0 38 0
0 38 0
19.8409057905766 75 666
49.7112813859421 155 1523
1.95157801352145 63 300
55.9328504009795 147 1858
0 38 0
3.14568932284792 67 406
7.32065495469872 72 561
0 38 0
0 38 0
0 38 0
2.76589617969565 66 378
0 38 0
28.0903172586032 107 1156
0 38 0
1.05390771932165 57 171
0 38 0
44.1941315779438 157 1767
19.8409057905766 75 666
0 38 0
37.2515679572716 135 1537
0 38 0
9.40753622651267 73 595
0 38 0
6.41108880650575 88 609
9.40753622651267 73 595
0.302320995664545 46 28
0 38 0
32.3955031041401 110 955
9.40753622651267 73 595
12.8854372957196 74 630
0 38 0
1.11784711135449 57 123
0 38 0
19.8409057905766 75 666
12.8854372957196 74 630
3.6097704443334 68 435
0 38 0
0 38 0
0 38 0
0 38 0
12.8854372957196 74 630
21.6883869765081 106 1123
112.970208180861 258 3464
0 38 0
19.8409057905766 75 666
0 38 0
0.567493249330133 51 78
0 38 0
12.8854372957196 74 630
0 38 0
66.4003542857695 194 2388
0 38 0
0 38 0
0 38 0
0 38 0
0 38 0
35.2144359111898 159 1808
12.9672786198728 101 967
0 38 0
4.18975502221957 69 465
0 38 0
12.8854372957196 74 630
21.9118036448338 101 961
44.3880544402468 138 1627
0 38 0
0 38 0
47.0210230311126 140 1684
0 38 0
0 38 0
5.68538100222821 79 532
0 38 0
72.6742334929288 192 2413
26.2087894656475 104 694
0 38 0
0 38 0
2.18134876288277 64 325
1.05390771932165 57 171
19.8409057905766 75 666
0 38 0
19.8409057905766 75 666
0 38 0
19.8409057905766 75 666
0 38 0
0 38 0
60.2723844299741 146 1891
8.06966300915236 65 169
0 38 0
30.2484322936616 117 1201
53.7677054110405 170 2132
32.2089356596862 109 1225
9.04138075619594 81 309
39.9320342441248 111 1296
0 38 0
0 38 0
0 38 0
9.40753622651267 73 595
1.03034194544099 44 7
66.3616527377338 193 1786
19.8409057905766 75 666
57.6297686212627 165 2032
4.93532377172288 70 496
7.70273798001809 74 562
0 38 0
0 38 0
0 38 0
7.32065495469872 72 561
0 38 0
14.5956722518999 114 971
0 38 0
0 38 0
0 38 0
0 38 0
32.2089356596862 109 1225
0 38 0
19.8409057905766 75 666
4.93532377172288 70 496
19.8409057905766 75 666
9.40753622651267 73 595
3.14568932284792 67 406
73.6433652213689 178 2385
0 38 0
0 38 0
32.2089356596862 109 1225
0 38 0
19.8409057905766 75 666
0 38 0
12.8854372957196 74 630
22.4366165374118 96 876
33.2302882786899 110 1261
33.2302882786899 110 1261
0.507003347513996 50 66
0 38 0
2.18134876288277 64 325
4.40625599485235 78 480
0 38 0
0 38 0
0 38 0
0.953857928124573 56 153
0 38 0
0 38 0
28.5162578244039 116 1198
60.8496400023028 173 2221
67.4055726534136 189 2266
0 38 0
46.2645268713175 140 1690
46.4964976035401 143 1789
0 38 0
0 38 0
0 38 0
0 38 0
4.93532377172288 70 496
7.32065495469872 72 561
9.28190899745314 69 225
5.9292771089574 71 528
0.703108207424967 53 105
0 38 0
35.7044964935039 120 1150
0 38 0
18.2122786363643 119 1081
19.8409057905766 75 666
38.5664240096625 137 1597
0.632660113636817 52 91
19.8409057905766 75 666
78.5483769646317 192 2350
0 38 0
0 38 0
23.4567517203621 103 1024
0 38 0
0 38 0
29.0115967597549 121 1253
0 38 0
0 38 0
5.91074001257528 80 424
0 38 0
0 38 0
4.93532377172288 70 496
16.5940160245369 104 1060
19.8409057905766 75 666
0 38 0
0 38 0
2.18134876288277 64 325
5.9292771089574 71 528
43.3853998271749 142 1757
15.0029350006665 94 820
0 38 0
0 38 0
0 38 0
19.8409057905766 75 666
0 38 0
0 38 0
0 38 0
0 38 0
0 38 0
0 38 0
0 38 0
7.32065495469872 72 561
19.8409057905766 75 666
22.636388881339 120 908
0 38 0
0 38 0
19.8409057905766 75 666
0 38 0
9.40753622651267 73 595
0 38 0
0 38 0
45.4751449845364 142 1753
50.650133115701 144 1824
0 38 0
25.4132528004075 105 1089
4.89600458670624 69 227
19.8409057905766 75 666
60.2723844299741 146 1891
23.4567517203621 103 1024
0 38 0
19.8409057905766 75 666
19.8409057905766 75 666
3.14568932284792 67 406
0 38 0
0 38 0
0 38 0
9.40753622651267 73 595
0 38 0
36.1516425340194 129 994
0 38 0
9.40753622651267 73 595
6.58407331211934 78 549
51.7810518642455 143 1786
18.962678870055 128 960
0 38 0
69.8859852824564 197 2520
0 38 0
0 38 0
0 38 0
52.8024044832492 144 1822
27.7576490654021 118 1167
9.40395170260026 82 463
0 38 0
11.782740303762 77 361
0 38 0
24.9909341821758 105 1101
0 38 0
13.0907320352689 78 249
0 38 0
0 38 0
15.9590104718219 89 625
0 38 0
7.32065495469872 72 561
41.6696332610471 134 1507
0 38 0
9.40753622651267 73 595
19.8409057905766 75 666
26.6142220249496 107 1162
19.8409057905766 75 666
25.3375012064122 112 878
19.8409057905766 75 666
26.2755051749198 114 739
0 38 0
0 38 0
17.6534390525551 124 1210
0 38 0
9.92791700600469 71 184
42.3640472081712 141 1721
19.8409057905766 75 666
41.5434688558176 141 1726
0 38 0
30.0577554236638 115 1184
0 38 0
7.46918115670086 63 144
0 38 0
5.9292771089574 71 528
0.0689579652414068 40 1
2.76589617969565 66 378
12.8854372957196 74 630
0 38 0
9.40753622651267 73 595
3.6097704443334 68 435
19.8409057905766 75 666
0 38 0
0 38 0
0.177752699358408 43 10
10.4064992254939 84 592
0 38 0
17.1687321865809 78 185
41.2844646135346 132 1173
0 38 0
10.4865104938881 86 553
24.4542320588268 104 1072
0 38 0
7.32065495469872 72 561
0 38 0
2.18134876288277 64 325
80.6750947674201 210 2446
0 38 0
12.8854372957196 74 630
0 38 0
0 38 0
33.2302882786899 110 1261
46.6787986206231 141 1731
0 38 0
19.8409057905766 75 666
11.1055670687553 80 280
0 38 0
7.00855589780875 72 273
0 38 0
46.6787986206231 141 1731
0 38 0
39.9320342441248 111 1296
14.7573209848382 92 783
75.09814816346 201 2587
0.567493249330133 51 78
0 38 0
0 38 0
25.6500726425386 108 1191
0 38 0
19.8409057905766 75 666
11.1586733624172 95 786
57.7854849804681 172 1898
19.8409057905766 75 666
19.8409057905766 75 666
37.3187158972316 138 1629
19.8409057905766 75 666
0 38 0
0 38 0
9.40753622651267 73 595
0.507003347513996 50 66
0 38 0
0 38 0
23.3864399766333 101 991
0 38 0
0 38 0
0 38 0
17.0092091579791 102 1008
0.77074459406271 46 16
11.3958657858067 93 785
0 38 0
39.9320342441248 111 1296
3.28225154036923 49 25
0 38 0
0 38 0
0 38 0
0 38 0
19.8409057905766 75 666
0 38 0
33.2302882786899 110 1261
5.9292771089574 71 528
0 38 0
0 38 0
0 38 0
7.32065495469872 72 561
32.2089356596862 109 1225
0 38 0
5.9292771089574 71 528
5.9292771089574 71 528
0 38 0
0 38 0
0.953857928124573 56 153
39.9320342441248 111 1296
0 38 0
16.1312849503468 114 1041
26.6142220249496 107 1162
0 38 0
19.8409057905766 75 666
0 38 0
1.74008949260163 59 112
4.18975502221957 69 465
48.776033817624 143 1792
0 38 0
74.0155335431326 191 1871
12.8854372957196 74 630
0 38 0
0 38 0
0 38 0
17.0545952553045 104 856
41.0386371866386 134 1361
0 38 0
19.8409057905766 75 666
19.8409057905766 75 666
47.0210230311126 140 1684
19.8409057905766 75 666
0 38 0
60.2723844299741 146 1891
5.9292771089574 71 528
0.140138069758699 42 6
0 38 0
0 38 0
26.3074817397264 119 1042
0 38 0
4.18975502221957 69 465
7.32065495469872 72 561
1.57795013088756 61 253
19.8409057905766 75 666
0 38 0
22.5264978704135 129 1010
0 38 0
0 38 0
39.9320342441248 111 1296
12.8854372957196 74 630
1.28701367421908 59 210
9.40753622651267 73 595
0 38 0
51.7810518642455 143 1786
19.8409057905766 75 666
49.8272653197351 160 1642
19.8409057905766 75 666
23.4567517203621 103 1024
0 38 0
6.12260984066402 68 211
12.8854372957196 74 630
45.4751449845364 142 1753
5.75762026297455 80 541
39.8504651138493 138 1619
19.8409057905766 75 666
0 38 0
4.93532377172288 70 496
0 38 0
9.40753622651267 73 595
7.22004264236151 81 443
8.61574916097256 83 484
25.4132528004075 105 1089
0 38 0
33.2302882786899 110 1261
0 38 0
0 38 0
19.8409057905766 75 666
15.0359740570238 84 332
0 38 0
31.5693747372588 137 1593
0 38 0
51.7810518642455 143 1786
1.75235653625159 62 276
5.9292771089574 71 528
1.57795013088756 61 253
0 38 0
17.5998091231211 93 729
0 38 0
19.8409057905766 75 666
47.4888623664689 165 1969
0 38 0
0 38 0
27.1338114159422 120 1192
0.953857928124573 56 153
19.8409057905766 75 666
2.18134876288277 64 325
0 38 0
9.93259514198297 84 507
15.7320160126476 103 752
2.44931353385128 65 351
2.44931353385128 65 351
19.8409057905766 75 666
0 38 0
7.32065495469872 72 561
3.28225154036923 49 25
0 38 0
19.8409057905766 75 666
0 38 0
21.9118036448338 101 961
6.99311812688608 82 371
18.3420593883805 117 772
0 38 0
0 38 0
8.38243633814959 84 627
0 38 0
31.5525136129399 114 1237
0 38 0
31.7636292233025 108 922
0 38 0
0 38 0
112.925198188183 259 3417
0 38 0
27.6595337634282 133 1473
5.9292771089574 71 528
56.0945752481268 168 2100
17.3309382669021 124 1220
0 38 0
0.862797555318377 55 136
12.8854372957196 74 630
0 38 0
0 38 0
0 38 0
17.5998091231211 93 729
60.2723844299741 146 1891
26.6142220249496 107 1162
0 38 0
15.9590104718219 89 625
19.8409057905766 75 666
0 38 0
0 38 0
1.42397312499133 60 231
0 38 0
0 38 0
40.3309533397196 140 1696
0.25856277613212 45 21
0 38 0
0 38 0
5.19019642718841 70 177
21.5401775903556 108 896
0 38 0
0 38 0
0 38 0
26.1280811714737 122 1171
19.8409057905766 75 666
1.95157801352145 63 300
2.39356148350618 65 181
2.18134876288277 64 325
0 38 0
0 38 0
48.5901730399972 149 1719
29.9048723008974 109 1227
0 38 0
0 38 0
7.32065495469872 72 561
1.86955558518821 65 241
0 38 0
0 38 0
19.8409057905766 75 666
9.40753622651267 73 595
80.4619063025398 228 2413
0 38 0
27.6616897046737 118 621
3.13853443779918 75 380
0 38 0
0 38 0
39.9320342441248 111 1296
0 38 0
0 38 0
0 38 0
68.0335326903494 189 2275
0 38 0
0 38 0
20.6747517648213 77 667
0 38 0
12.8854372957196 74 630
9.93259514198297 84 507
28.2280989455405 134 1151
27.924759746714 108 1194
0 38 0
1.89701992967521 48 21
4.18975502221957 69 465
0 38 0
0 38 0
38.3917133171951 133 716
0 38 0
32.6751129422003 119 1054
15.2024449331516 87 576
0 38 0
9.02145870565588 94 551
19.8409057905766 75 666
8.30659587638409 83 616
32.2089356596862 109 1225
7.32065495469872 72 561
53.8237571022528 145 1857
13.6337826064011 96 538
0 38 0
23.6772242953196 102 1017
1.42397312499133 60 231
12.8854372957196 74 630
12.8854372957196 74 630
0.632660113636817 52 91
0 38 0
0 38 0
1.89917078318381 64 181
0 38 0
0 38 0
0 38 0
16.251906487007 119 1074
19.8409057905766 75 666
43.753019925011 137 1585
41.3903668142456 145 1112
0 38 0
7.32065495469872 72 561
0 38 0
0 38 0
91.2149724959692 210 2887
29.2499914867978 123 735
72.6032608760881 194 2220
3.6097704443334 68 435
0 38 0
0 38 0
19.8409057905766 75 666
0 38 0
28.7471289983175 130 1239
5.34063170690867 88 473
0 38 0
19.8409057905766 75 666
0 38 0
4.93532377172288 70 496
0 38 0
0 38 0
68.0130218522466 174 2251
9.83293920353067 97 853
0 38 0
0 38 0
0 38 0
0 38 0
0 38 0
0 38 0
0 38 0
19.8409057905766 75 666
0 38 0
0 38 0
0 38 0
13.1107972140895 94 757
0 38 0
39.9320342441248 111 1296
12.8854372957196 74 630
46.4213683797094 150 1523
0 38 0
54.6101045731296 168 2062
0 38 0
25.1065225570022 121 1117
0 38 0
0 38 0
9.40753622651267 73 595
22.3061582271113 95 856
16.754515178022 91 676
0 38 0
23.1401577351189 100 966
26.8846466709857 106 893
7.32065495469872 72 561
29.084919900412 130 1422
0 38 0
0 38 0
39.9320342441248 111 1296
0 38 0
0 38 0
12.8854372957196 74 630
10.4865104938881 86 553
19.8409057905766 75 666
9.15425826946349 68 154
8.12708603846993 92 571
19.8409057905766 75 666
0 38 0
3.6097704443334 68 435
19.8409057905766 75 666
5.9292771089574 71 528
0 38 0
0 38 0
33.0255421728811 128 1398
0 38 0
19.8409057905766 75 666
0 38 0
32.5186484697091 123 1219
0 38 0
20.439739340494 106 1126
3.64363627994617 73 421
0 38 0
19.8409057905766 75 666
0 38 0
0 38 0
2.66404519486786 72 321
4.38241249539795 75 330
19.8409057905766 75 666
0 38 0
20.6238893386169 99 900
0 38 0
47.5455247448342 142 1761
52.4202920462489 185 2120
0 38 0
0 38 0
5.9292771089574 71 528
25.8853239580303 121 1111
19.8409057905766 75 666
0 38 0
1.28701367421908 59 210
0 38 0
0 38 0
12.8854372957196 74 630
10.0068154391853 98 647
0 38 0
0.779543508007364 54 120
4.93532377172288 70 496
0 38 0
60.3842605478939 183 2000
5.9292771089574 71 528
19.8409057905766 75 666
0 38 0
19.8409057905766 75 666
0 38 0
7.32065495469872 72 561
0.103990788350797 41 3
48.8355780734068 142 1755
0 38 0
13.2289795229558 100 946
42.3640472081712 141 1721
0 38 0
1.28701367421908 59 210
19.8409057905766 75 666
7.46344280221642 74 307
9.40753622651267 73 595
0 38 0
0 38 0
25.4132528004075 105 1089
0 38 0
9.40753622651267 73 595
0 38 0
37.7281617517261 157 1504
0 38 0
0 38 0
0 38 0
12.8854372957196 74 630
0 38 0
32.2089356596862 109 1225
0 38 0
0 38 0
0 38 0
0 38 0
0 38 0
0 38 0
1.28701367421908 59 210
27.924759746714 108 1194
46.9659528794892 136 1446
12.8854372957196 74 630
0 38 0
15.1233852115898 88 350
3.14568932284792 67 406
0.507003347513996 50 66
61.0349219460596 175 1873
0 38 0
0 38 0
0 38 0
0 38 0
80.8608836887833 180 2452
0 38 0
37.3269934314039 136 1576
53.2069226716527 166 1997
0 38 0
2.44931353385128 65 351
3.14568932284792 67 406
0 38 0
4.38241249539795 75 330
0 38 0
0 38 0
15.6495952647679 109 991
19.8409057905766 75 666
0 38 0
1.28701367421908 59 210
0 38 0
29.9048723008974 109 1227
19.5071508300631 97 841
0 38 0
7.32065495469872 72 561
7.32065495469872 72 561
9.86372236344264 75 596
0 38 0
19.8549696851153 126 1279
31.0751520133846 132 1440
5.9292771089574 71 528
0 38 0
32.4878283969693 119 1063
12.8854372957196 74 630
0 38 0
23.1401577351189 100 966
0 38 0
19.5302378806112 104 576
0 38 0
0 38 0
0 38 0
0 38 0
29.9048723008974 109 1227
0 38 0
12.8854372957196 74 630
0 38 0
0 38 0
22.0786440534618 93 819
0 38 0
1.57795013088756 61 253
0 38 0
2.44931353385128 65 351
5.9292771089574 71 528
0 38 0
7.32065495469872 72 561
31.6700498338876 148 1520
4.93532377172288 70 496
17.382964818983 102 993
0 38 0
0 38 0
39.9320342441248 111 1296
9.40753622651267 73 595
0 38 0
0 38 0
0 38 0
12.9672786198728 101 967
19.8409057905766 75 666
23.4567517203621 103 1024
27.924759746714 108 1194
19.8409057905766 75 666
18.5100592573845 95 784
0 38 0
0 38 0
0 38 0
0 38 0
19.8409057905766 75 666
26.6142220249496 107 1162
4.93532377172288 70 496
0 38 0
23.3864399766333 101 991
17.0092091579791 102 1008
45.4751449845364 142 1753
0 38 0
53.8237571022528 145 1857
0 38 0
52.8024044832492 144 1822
6.56205953934646 70 241
19.8409057905766 75 666
0 38 0
0 38 0
0 38 0
0 38 0
0 38 0
1.42397312499133 60 231
0 38 0
19.8409057905766 75 666
14.2038919552374 102 996
0 38 0
12.8854372957196 74 630
0 38 0
0 38 0
0 38 0
0 38 0
16.754515178022 91 676
0.567493249330133 51 78
8.60618876996436 94 781
0 38 0
0 38 0
19.8409057905766 75 666
0 38 0
29.9048723008974 109 1227
0 38 0
41.6957983303432 164 1698
23.4567517203621 103 1024
0 38 0
27.924759746714 108 1194
0 38 0
56.8094648205589 182 2156
42.9958270464953 148 1695
22.7440463424801 98 919
7.32065495469872 72 561
16.0052545300901 100 931
9.40753622651267 73 595
0 38 0
2.34666884602447 69 297
0 38 0
0 38 0
1.42397312499133 60 231
0 38 0
19.8409057905766 75 666
1.28701367421908 59 210
26.5937624788365 115 1055
0 38 0
0 38 0
0 38 0
24.9909341821758 105 1101
0 38 0
0 38 0
0 38 0
21.3962006699739 85 711
43.7735908465988 168 1782
29.8016057134353 136 1564
0 38 0
0 38 0
0 38 0
0 38 0
19.8409057905766 75 666
45.5052117283826 163 1907
0 38 0
0 38 0
19.8409057905766 75 666
0 38 0
0 38 0
4.18975502221957 69 465
7.32065495469872 72 561
33.7585690864364 132 1480
48.0333642359228 171 1867
0.398035878358943 48 45
0 38 0
0 38 0
0 38 0
25.4132528004075 105 1089
0 38 0
0 38 0
0 38 0
0 38 0
0 38 0
0.953857928124573 56 153
0 38 0
19.8409057905766 75 666
0 38 0
0 38 0
0 38 0
39.9320342441248 111 1296
0 38 0
105.470854547245 250 2592
2.16614464633177 56 76
0 38 0
0.862797555318377 55 136
19.8409057905766 75 666
122.8264958362 287 3474
52.1823032773712 159 1837
0 38 0
50.2348458457303 166 1997
1.95157801352145 63 300
34.8072089509251 135 1524
22.3874140285357 107 1158
49.3129196369975 150 1336
0 38 0
1.16437736669715 58 190
0 38 0
11.75267526624 78 277
87.8095923844602 215 2651
0 38 0
0 38 0
3.6097704443334 68 435
19.8409057905766 75 666
6.99576432656053 73 217
50.641684463405 179 1745
0 38 0
0 38 0
0 38 0
0 38 0
0 38 0
12.8854372957196 74 630
12.8854372957196 74 630
0.21713400546926 44 15
0 38 0
9.40753622651267 73 595
0 38 0
0 38 0
3.14568932284792 67 406
1.57795013088756 61 253
0 38 0
0 38 0
25.4132528004075 105 1089
25.4132528004075 105 1089
17.5998091231211 93 729
18.2774462170586 121 889
0 38 0
0 38 0
32.2089356596862 109 1225
28.6907881313145 110 829
0 38 0
0 38 0
0 38 0
0.25856277613212 45 21
39.9320342441248 111 1296
0 38 0
0 38 0
0 38 0
11.0717070215966 88 601
22.7440463424801 98 919
0 38 0
11.1586733624172 95 786
0 38 0
1.42397312499133 60 231
0 38 0
7.44374361451149 88 664
0 38 0
1.95157801352145 63 300
0 38 0
0 38 0
6.73888928632504 94 607
33.2302882786899 110 1261
0 38 0
2.18134876288277 64 325
40.5951890517725 132 1450
5.9292771089574 71 528
0 38 0
33.5225853648665 134 1495
0 38 0
0 38 0
4.18975502221957 69 465
0 38 0
0 38 0
0 38 0
52.0310436300002 152 1570
0 38 0
0 38 0
8.89596871542754 80 421
60.2723844299741 146 1891
0 38 0
13.8622877256497 102 797
2.53447434796949 71 298
0 38 0
27.924759746714 108 1194
0 38 0
9.93259514198297 84 507
0 38 0
0 38 0
0 38 0
0 38 0
0 38 0
0 38 0
50.1747176758146 158 1745
35.9607228113375 108 832
0 38 0
0 38 0
9.89570240563475 71 256
9.40753622651267 73 595
24.4542320588268 104 1072
26.7078499297325 119 1153
0 38 0
0 38 0
0 38 0
0 38 0
5.9292771089574 71 528
19.8409057905766 75 666
0 38 0
0 38 0
0 38 0
12.8854372957196 74 630
27.9470245370777 120 1082
4.18975502221957 69 465
0 38 0
0 38 0
32.2089356596862 109 1225
43.753019925011 137 1585
0 38 0
7.32065495469872 72 561
0 38 0
0 38 0
0 38 0
58.7410949270655 169 2109
0 38 0
7.32065495469872 72 561
28.0903172586032 107 1156
0 38 0
1.57795013088756 61 253
0 38 0
0 38 0
0 38 0
0.398035878358943 48 45
0 38 0
0 38 0
20.1232007185811 115 1136
0 38 0
12.8854372957196 74 630
0 38 0
0 38 0
0 38 0
10.5161536290229 73 289
0.507003347513996 50 66
0 38 0
19.8409057905766 75 666
0 38 0
0.21713400546926 44 15
0.953857928124573 56 153
7.32065495469872 72 561
41.2305841356593 134 1489
0 38 0
0 38 0
0 38 0
71.9071189660897 195 2413
4.18975502221957 69 465
6.58407331211934 78 549
12.8854372957196 74 630
0 38 0
6.87122299154415 61 121
0 38 0
0 38 0
19.8409057905766 75 666
0 38 0
0 38 0
3.51837061479325 61 123
92.6879013175162 209 2846
21.3962006699739 85 711
52.5539818274459 169 2114
4.93532377172288 70 496
0 38 0
12.8854372957196 74 630
23.4567517203621 103 1024
19.8409057905766 75 666
7.32065495469872 72 561
35.0140745131114 118 1107
0 38 0
13.3137779228004 92 678
0 38 0
0 38 0
0 38 0
0 38 0
29.9048723008974 109 1227
1.16437736669715 58 190
19.8409057905766 75 666
0 38 0
19.8409057905766 75 666
0 38 0
0 38 0
5.9292771089574 71 528
16.4479925609226 90 329
0.103990788350797 41 3
20.4600061933786 115 721
0 38 0
25.0472653877805 123 1186
26.6205678538378 124 1012
0 38 0
0.862797555318377 55 136
0 38 0
7.46918115670086 63 144
0 38 0
7.32065495469872 72 561
0 38 0
32.5306145394643 132 1430
0 38 0
54.4475521957598 187 2236
12.8854372957196 74 630
0 38 0
0 38 0
25.4132528004075 105 1089
19.8409057905766 75 666
28.6482863347347 125 1279
0 38 0
19.8409057905766 75 666
15.1464726568674 95 840
0 38 0
8.89596871542754 80 421
0 38 0
0 38 0
19.8409057905766 75 666
31.3485642555959 129 1404
5.92948498138716 86 561
5.9292771089574 71 528
37.1566974695474 124 1242
0.103990788350797 41 3
19.8409057905766 75 666
19.8409057905766 75 666
0.953857928124573 56 153
0 38 0
0 38 0
12.8854372957196 74 630
54.1935472993822 151 1190
0 38 0
8.10219736995528 92 738
0 38 0
0 38 0
31.9440140441422 130 1409
5.91074001257528 80 424
7.46918115670086 63 144
14.2179578060412 86 696
12.8854372957196 74 630
19.8409057905766 75 666
13.0587555456961 99 902
0 38 0
14.0234533133249 84 326
31.1370927926884 106 891
3.14568932284792 67 406
21.6883869765081 106 1123
29.9048723008974 109 1227
0 38 0
10.1218250847181 108 831
0 38 0
9.40753622651267 73 595
9.40753622651267 73 595
0 38 0
32.2089356596862 109 1225
19.2035202785008 94 629
17.8285594620155 117 1042
0 38 0
0 38 0
15.7020073583068 98 906
0 38 0
0 38 0
0 38 0
3.14568932284792 67 406
0 38 0
36.6619683155807 138 1633
19.8409057905766 75 666
0 38 0
12.8854372957196 74 630
12.8854372957196 74 630
0 38 0
26.8360111018401 114 1033
42.1624484171542 117 494
29.8016057134353 136 1564
0 38 0
0 38 0
8.45604564302104 81 549
3.6097704443334 68 435
31.8158788880927 127 1278
2.76589617969565 66 378
0 38 0
0 38 0
5.9292771089574 71 528
21.9118036448338 101 961
4.93532377172288 70 496
25.7732931597444 144 1489
4.93532377172288 70 496
19.8409057905766 75 666
46.4964976035401 143 1789
49.0296400680434 180 2002
0 38 0
0 38 0
0 38 0
0 38 0
0 38 0
0 38 0
59.2810710685733 169 2133
12.8854372957196 74 630
0 38 0
0 38 0
1.95157801352145 63 300
0 38 0
0 38 0
7.32065495469872 72 561
0 38 0
0 38 0
0 38 0
0 38 0
42.3640472081712 141 1721
23.6772242953196 102 1017
0 38 0
0 38 0
28.0903172586032 107 1156
17.7064911270228 96 664
0 38 0
0 38 0
0 38 0
3.6097704443334 68 435
19.8409057905766 75 666
0 38 0
8.60618876996436 94 781
60.2723844299741 146 1891
6.19424627776718 85 535
0 38 0
19.8409057905766 75 666
19.8409057905766 75 666
4.93532377172288 70 496
0 38 0
0 38 0
8.36425534649752 71 152
26.6750013003211 117 1003
39.7190723105252 134 975
25.4132528004075 105 1089
19.8409057905766 75 666
19.8409057905766 75 666
0 38 0
0 38 0
70.9579679174587 202 2234
70.1940667778113 184 2150
39.9141817416557 137 1261
0 38 0
0 38 0
12.8854372957196 74 630
32.2089356596862 109 1225
4.18975502221957 69 465
10.8137630155928 88 700
0 38 0
12.8854372957196 74 630
39.9320342441248 111 1296
0 38 0
0 38 0
0 38 0
10.419106692564 83 640
0 38 0
44.2288576149685 136 1154
11.7509530900222 90 449
113.409797832579 274 3461
19.8409057905766 75 666
0 38 0
0 38 0
33.8789876150799 117 946
14.3541112398427 101 963
0 38 0
11.6088570636081 100 767
19.8409057905766 75 666
33.2302882786899 110 1261
3.14568932284792 67 406
46.6311403928667 173 1785
12.8854372957196 74 630
1.16437736669715 58 190
49.7682057161309 146 1256
0 38 0
23.6772242953196 102 1017
39.9320342441248 111 1296
0.177752699358408 43 10
0 38 0
0 38 0
19.8409057905766 75 666
0.348705005724482 47 36
15.2024449331516 87 576
0 38 0
12.8854372957196 74 630
41.9722995662279 158 1753
0 38 0
0 38 0
12.8854372957196 74 630
15.2024449331516 87 576
35.6104052371096 129 1415
7.32065495469872 72 561
12.8854372957196 74 630
94.0567599586743 227 2945
0 38 0
29.9048723008974 109 1227
0 38 0
43.5559018110391 130 1467
0 38 0
0 38 0
3.6097704443334 68 435
2.18134876288277 64 325
0 38 0
22.7440463424801 98 919
0 38 0
11.1446313055354 75 324
19.1474941490401 105 1095
39.9320342441248 111 1296
0 38 0
0 38 0
0 38 0
0 38 0
51.7810518642455 143 1786
51.4831211368791 167 2023
0 38 0
12.0224257964389 97 843
0 38 0
0 38 0
0 38 0
0 38 0
7.32065495469872 72 561
44.6791523672444 179 1981
8.65726767436272 95 796
0 38 0
19.8409057905766 75 666
1.75235653625159 62 276
19.8409057905766 75 666
18.5100592573845 95 784
41.6696332610471 134 1507
0.779543508007364 54 120
0 38 0
33.2302882786899 110 1261
35.1209689324856 125 1039
19.8409057905766 75 666
0 38 0
0 38 0
0 38 0
1.42397312499133 60 231
0 38 0
41.5434688558176 141 1726
45.5422702805362 139 1674
0 38 0
19.8409057905766 75 666
0 38 0
53.8237571022528 145 1857
0 38 0
19.8409057905766 75 666
0 38 0
0 38 0
4.93532377172288 70 496
5.9292771089574 71 528
19.8409057905766 75 666
0 38 0
0 38 0
0 38 0
7.32065495469872 72 561
0 38 0
0 38 0
12.8854372957196 74 630
12.8854372957196 74 630
0 38 0
9.40753622651267 73 595
0 38 0
60.2723844299741 146 1891
8.29170384988721 61 79
39.9320342441248 111 1296
0 38 0
12.8854372957196 74 630
12.8854372957196 74 630
0 38 0
19.8409057905766 75 666
0 38 0
26.6142220249496 107 1162
0 38 0
22.3874140285357 107 1158
0 38 0
19.8409057905766 75 666
0 38 0
30.7160594971701 130 1369
32.8179166689791 130 1037
0 38 0
7.32065495469872 72 561
8.10219736995528 92 738
0 38 0
0 38 0
33.0255421728811 128 1398
56.61853543529 157 1900
45.4751449845364 142 1753
0 38 0
12.8854372957196 74 630
19.8409057905766 75 666
0 38 0
29.9755502062504 113 901
48.776033817624 143 1792
19.8409057905766 75 666
85.4190312305812 208 2822
19.8409057905766 75 666
0 38 0
20.6238893386169 99 900
54.5608291930869 165 1957
15.5122392565764 126 1045
0 38 0
0 38 0
0.632660113636817 52 91
0 38 0
67.5368701070073 204 1991
12.8854372957196 74 630
0 38 0
9.40753622651267 73 595
20.6747517648213 77 667
0 38 0
0 38 0
52.8024044832492 144 1822
0 38 0
0 38 0
19.8409057905766 75 666
0 38 0
0 38 0
5.9292771089574 71 528
31.2998963476967 116 976
0 38 0
0 38 0
4.93532377172288 70 496
8.67358256857907 67 196
0 38 0
55.5821818120905 166 1989
19.8409057905766 75 666
9.40753622651267 73 595
0 38 0
19.8409057905766 75 666
20.6747517648213 77 667
51.7810518642455 143 1786
22.4366165374118 96 876
66.6553430175024 186 2127
47.2705903057545 168 2062
2.18134876288277 64 325
0 38 0
0 38 0
1.42397312499133 60 231
0 38 0
12.810896989219 99 920
39.9320342441248 111 1296
0 38 0
36.7021947392063 144 1458
36.5022878496419 145 1304
0.862797555318377 55 136
8.60618876996436 94 781
19.8409057905766 75 666
5.9292771089574 71 528
39.9320342441248 111 1296
4.35978872447363 68 226
0 38 0
0 38 0
52.8024044832492 144 1822
6.00256437838575 75 326
0 38 0
15.1464726568674 95 840
0.140138069758699 42 6
9.40753622651267 73 595
19.5071508300631 97 841
0 38 0
19.8409057905766 75 666
0.862797555318377 55 136
0 38 0
74.8339645271527 203 2660
67.9685990658292 195 2125
14.7805408757324 93 430
0 38 0
19.8409057905766 75 666
66.467473994153 193 2396
39.9320342441248 111 1296
19.5681257054267 113 742
13.9381222541375 96 813
19.8409057905766 75 666
0 38 0
0 38 0
19.8409057905766 75 666
16.5841105334964 101 981
15.7496099290618 118 869
0 38 0
0 38 0
2.76589617969565 66 378
0 38 0
0 38 0
3.02704751068486 74 370
0 38 0
0 38 0
0 38 0
3.6097704443334 68 435
0 38 0
0 38 0
5.9292771089574 71 528
12.8854372957196 74 630
12.8854372957196 74 630
34.133792460232 115 1240
5.9292771089574 71 528
0 38 0
0 38 0
16.5940160245369 104 1060
63.5043154391852 173 2215
43.3295158520665 128 1432
0 38 0
0 38 0
1.41746928551781 43 4
2.44931353385128 65 351
0 38 0
0 38 0
0 38 0
0 38 0
21.4614903562137 92 460
19.8409057905766 75 666
30.5409109389376 125 1255
4.18975502221957 69 465
0 38 0
12.8854372957196 74 630
3.30134259172041 64 160
21.3962006699739 85 711
0 38 0
0 38 0
5.9292771089574 71 528
28.6334172349572 135 1536
0 38 0
0 38 0
22.3874140285357 107 1158
4.18975502221957 69 465
0 38 0
8.01502172203861 73 201
31.2109871305869 126 1327
1.16437736669715 58 190
0 38 0
0 38 0
1.57795013088756 61 253
0 38 0
0 38 0
0 38 0
12.8854372957196 74 630
0 38 0
0 38 0
1.28701367421908 59 210
0 38 0
11.6961774439275 90 651
21.6883869765081 106 1123
4.57121978067661 82 478
19.8409057905766 75 666
39.9320342441248 111 1296
9.4512816622259 93 771
14.46107383639 89 735
0 38 0
9.40753622651267 73 595
0.567493249330133 51 78
0 38 0
21.1629280178383 82 687
19.8409057905766 75 666
0 38 0
0 38 0
0 38 0
0 38 0
0 38 0
0 38 0
0 38 0
4.32758385894205 77 471
0 38 0
12.8854372957196 74 630
12.8854372957196 74 630
0 38 0
1.95157801352145 63 300
0.507003347513996 50 66
0 38 0
21.8834992083369 91 786
19.8409057905766 75 666
0 38 0
5.9292771089574 71 528
0 38 0
9.40753622651267 73 595
0 38 0
19.8409057905766 75 666
6.27489470714543 59 100
2.18134876288277 64 325
48.1143577849499 174 1912
19.8409057905766 75 666
12.8854372957196 74 630
21.8834992083369 91 786
0 38 0
28.6566869335065 98 787
0.177752699358408 43 10
0 38 0
17.6801793127901 97 653
0 38 0
0 38 0
4.93532377172288 70 496
0.140138069758699 42 6
0 38 0
5.38998964864298 85 541
4.93532377172288 70 496
0.140138069758699 42 6
63.2853688979321 189 1866
24.9909341821758 105 1101
0 38 0
9.40753622651267 73 595
0 38 0
22.3225715162371 118 1192
0.177752699358408 43 10
0 38 0
26.4872588191192 115 1127
44.5637459449193 136 1596
12.8854372957196 74 630
19.8409057905766 75 666
0.398035878358943 48 45
41.9020316067566 136 1260
19.8409057905766 75 666
17.5998091231211 93 729
7.32283623380698 87 648
44.3880544402468 138 1627
21.7099463940521 89 757
0 38 0
0 38 0
6.38389228965194 89 637
11.0139538991227 90 731
20.2546854449345 99 724
15.9472352065011 99 930
0 38 0
0 38 0
0 38 0
13.9791002570329 109 926
0 38 0
4.5208288334591 72 276
0 38 0
39.9320342441248 111 1296
0 38 0
28.0903172586032 107 1156
4.93532377172288 70 496
0 38 0
29.0227151303484 128 1312
0 38 0
15.9590104718219 89 625
0 38 0
0 38 0
0 38 0
0 38 0
0 38 0
12.8854372957196 74 630
0 38 0
0 38 0
0 38 0
12.8854372957196 74 630
19.8409057905766 75 666
25.6843159609574 106 1131
3.6097704443334 68 435
9.40753622651267 73 595
0 38 0
0 38 0
51.9590523757793 138 1465
11.0717070215966 88 601
19.8409057905766 75 666
19.8409057905766 75 666
0 38 0
7.32065495469872 72 561
19.8409057905766 75 666
0 38 0
2.19369736585607 53 51
0 38 0
10.4156201152721 93 731
4.46497049624765 71 466
0 38 0
20.7938685970719 78 669
0 38 0
10.4764517412951 98 879
19.8409057905766 75 666
0 38 0
19.8409057905766 75 666
83.105884012975 225 2860
19.8409057905766 75 666
0 38 0
1.57795013088756 61 253
32.2089356596862 109 1225
19.8409057905766 75 666
9.40753622651267 73 595
25.4132528004075 105 1089
19.8409057905766 75 666
14.4768441676427 85 529
0 38 0
0 38 0
7.32065495469872 72 561
0 38 0
52.8024044832492 144 1822
0 38 0
45.0657119897745 147 1435
7.32065495469872 72 561
19.8409057905766 75 666
0 38 0
0 38 0
19.8409057905766 75 666
34.4058016618647 136 1572
66.1984668099524 172 2180
0.450668906546207 49 55
0 38 0
12.8854372957196 74 630
0 38 0
13.0587555456961 99 902
0 38 0
19.8409057905766 75 666
24.8270601000851 103 857
32.2089356596862 109 1225
0 38 0
0 38 0
39.9320342441248 111 1296
13.1522756529335 90 435
0 38 0
43.753019925011 137 1585
19.8409057905766 75 666
4.18975502221957 69 465
18.5100592573845 95 784
0 38 0
0 38 0
19.8409057905766 75 666
0.25856277613212 45 21
0.953857928124573 56 153
0 38 0
2.18134876288277 64 325
9.40753622651267 73 595
28.0903172586032 107 1156
0 38 0
25.6500726425386 108 1191
0 38 0
33.1756194276775 129 1417
0.953857928124573 56 153
0.25856277613212 45 21
0.21713400546926 44 15
12.8854372957196 74 630
27.4732594580126 139 1243
0 38 0
0 38 0
33.2302882786899 110 1261
10.4156201152721 93 731
0 38 0
33.2302882786899 110 1261
4.93532377172288 70 496
0 38 0
13.7922967703974 80 645
1.75235653625159 62 276
9.40753622651267 73 595
0 38 0
7.32065495469872 72 561
0 38 0
28.8624910343243 121 1176
0 38 0
0 38 0
9.76024346831189 91 678
23.3799965266784 128 1318
0 38 0
0 38 0
0.0689579652414068 40 1
20.6747517648213 77 667
19.8409057905766 75 666
0 38 0
0 38 0
18.5100592573845 95 784
0 38 0
9.40753622651267 73 595
19.8409057905766 75 666
0 38 0
1.95157801352145 63 300
12.1840552769774 97 871
0 38 0
0 38 0
0 38 0
0 38 0
19.8409057905766 75 666
16.5940160245369 104 1060
60.2723844299741 146 1891
0 38 0
2.05169456444465 45 9
9.40753622651267 73 595
25.4132528004075 105 1089
34.543620865495 138 1623
0 38 0
0 38 0
19.8409057905766 75 666
60.2723844299741 146 1891
51.8749891156003 169 2097
44.9196454753632 154 1631
0 38 0
0 38 0
10.5161536290229 73 289
19.8409057905766 75 666
0 38 0
111.843095373839 261 3263
32.2089356596862 109 1225
0.140138069758699 42 6
0 38 0
12.8854372957196 74 630
9.40753622651267 73 595
4.18975502221957 69 465
13.2007534698766 89 625
0 38 0
0 38 0
11.8529372088235 108 802
0 38 0
38.7354655322432 156 1762
33.2302882786899 110 1261
0 38 0
12.75581468443 79 362
0 38 0
9.59150596077293 95 642
0 38 0
0 38 0
0 38 0
13.7922967703974 80 645
19.8409057905766 75 666
0 38 0
0 38 0
19.8409057905766 75 666
0 38 0
12.8854372957196 74 630
25.6843159609574 106 1131
19.8409057905766 75 666
0 38 0
9.40753622651267 73 595
0 38 0
0 38 0
0 38 0
4.93532377172288 70 496
0 38 0
0 38 0
0 38 0
0 38 0
0 38 0
0 38 0
0 38 0
39.9320342441248 111 1296
0 38 0
1.28701367421908 59 210
0.348705005724482 47 36
44.8169188055538 153 1540
53.8237571022528 145 1857
0 38 0
0 38 0
40.521410303675 152 1633
0 38 0
0 38 0
19.8409057905766 75 666
3.14568932284792 67 406
0 38 0
0 38 0
53.8237571022528 145 1857
11.782740303762 77 361
0 38 0
0 38 0
0 38 0
0 38 0
9.40753622651267 73 595
0 38 0
3.6097704443334 68 435
0 38 0
0 38 0
0.177752699358408 43 10
0 38 0
19.8409057905766 75 666
22.3874140285357 107 1158
7.32065495469872 72 561
21.080263734413 81 681
35.6481078230089 125 1219
26.1251060929394 124 1214
63.1231851227879 185 2099
20.439739340494 106 1126
0 38 0
0 38 0
10.7249434387578 87 686
0 38 0
0 38 0
0 38 0
0 38 0
0 38 0
1.69996594046819 60 126
0 38 0
0 38 0
35.4700446782997 119 1297
0 38 0
0 38 0
0 38 0
12.8854372957196 74 630
19.8409057905766 75 666
52.8024044832492 144 1822
19.8409057905766 75 666
1.95157801352145 63 300
22.1038103215747 133 1340
0 38 0
0 38 0
0 38 0
72.6220126023652 177 2350
0 38 0
0 38 0
23.4567517203621 103 1024
0 38 0
0 38 0
0.507003347513996 50 66
1.75235653625159 62 276
0 38 0
0 38 0
19.8409057905766 75 666
0 38 0
18.8845028504764 120 1102
3.6097704443334 68 435
21.3962006699739 85 711
12.8854372957196 74 630
0 38 0
18.4998413114187 105 1091
4.93532377172288 70 496
0 38 0
29.9048723008974 109 1227
0 38 0
0 38 0
4.93532377172288 70 496
44.0054390513641 128 686
19.8409057905766 75 666
0 38 0
0 38 0
0 38 0
15.1046317669011 118 927
0 38 0
0 38 0
1.28701367421908 59 210
30.9015662782616 134 1492
0 38 0
9.40753622651267 73 595
0 38 0
12.8854372957196 74 630
14.3243196240747 95 427
12.8854372957196 74 630
19.8409057905766 75 666
39.9320342441248 111 1296
27.924759746714 108 1194
12.8854372957196 74 630
19.8409057905766 75 666
0 38 0
14.8857012772982 98 871
2.18134876288277 64 325
0.21713400546926 44 15
27.924759746714 108 1194
50.650133115701 144 1824
23.9711451470031 90 717
0 38 0
