"COLLES.MDM.LN" "SACKIN" "COPHENETIC"
0 37 0
2.36312782645634 63 325
15.5517086339335 115 996
0 37 0
12.6626315356358 91 703
19.3281559435794 73 630
32.3745631682257 107 1191
0 37 0
0 37 0
0 37 0
0.26690351084606 44 21
0.659020951705018 51 91
0 37 0
0 37 0
1.87752486026956 61 276
27.4824418973769 124 1237
0 37 0
0 37 0
21.9957637935529 94 840
0 37 0
11.9315241149118 89 651
0 37 0
4.78829145396522 68 465
0 37 0
4.78829145396522 68 465
19.3281559435794 73 630
2.10169939917695 62 300
0 37 0
0 37 0
0.26690351084606 44 21
5.75787773367669 69 496
0 37 0
0 37 0
0 37 0
11.2642007166248 87 601
0 37 0
0 37 0
12.5433816353502 72 595
24.9649978960392 105 1123
0 37 0
0 37 0
0 37 0
0 37 0
4.78829145396522 68 465
5.75787773367669 69 496
6.70637564251557 87 609
0 37 0
0 37 0
0 37 0
0 37 0
0 37 0
0 37 0
50.8297537811886 159 1824
36.1415487591827 124 1219
1.10937654665437 56 171
7.11513253074889 70 528
0 37 0
25.7560370675121 128 1357
0 37 0
0 37 0
0 37 0
0 37 0
4.06099174987508 67 435
0 37 0
0 37 0
4.78829145396522 68 465
15.5142827346037 97 871
0 37 0
0 37 0
0 37 0
19.3281559435794 73 630
1.22906499818033 57 190
0 37 0
19.3281559435794 73 630
15.5152584791984 96 871
0 37 0
0 37 0
0 37 0
0 37 0
0 37 0
0 37 0
0 37 0
12.5433816353502 72 595
0 37 0
0 37 0
0 37 0
12.5433816353502 72 595
0.903883153190681 54 136
25.9280712087472 104 1095
0 37 0
27.204882370535 105 1126
0 37 0
0 37 0
12.5433816353502 72 595
0 37 0
4.06099174987508 67 435
0 37 0
0 37 0
12.5433816353502 72 595
0 37 0
2.36312782645634 63 325
0 37 0
0 37 0
0 37 0
0 37 0
0 37 0
0 37 0
0 37 0
4.06099174987508 67 435
0 37 0
19.3281559435794 73 630
0 37 0
19.3281559435794 73 630
0 37 0
23.0660892792464 99 955
0.312398362186697 45 28
38.9058672630167 108 1225
12.5433816353502 72 595
0 37 0
0 37 0
0 37 0
0 37 0
0 37 0
7.11513253074889 70 528
0 37 0
19.3281559435794 73 630
0 37 0
0 37 0
0 37 0
0 37 0
1.87752486026956 61 276
43.2539967385677 137 1619
7.11513253074889 70 528
0 37 0
0 37 0
0 37 0
12.5433816353502 72 595
0 37 0
19.3281559435794 73 630
0 37 0
0 37 0
12.1630465544701 97 874
0 37 0
0 37 0
0 37 0
0 37 0
0 37 0
19.3281559435794 73 630
19.3281559435794 73 630
0 37 0
22.9994179542306 93 736
15.5142827346037 97 871
0 37 0
19.3281559435794 73 630
0 37 0
0 37 0
0 37 0
12.5433816353502 72 595
0 37 0
0 37 0
0 37 0
0 37 0
0 37 0
0.590192979303339 50 78
0 37 0
0 37 0
0 37 0
19.3281559435794 73 630
21.7875162150532 104 1091
9.1508186933734 71 561
0 37 0
0 37 0
0 37 0
0 37 0
19.3281559435794 73 630
0 37 0
0 37 0
0 37 0
29.1341632110855 106 1158
24.9649978960392 105 1123
0 37 0
0 37 0
5.75787773367669 69 496
0 37 0
4.06099174987508 67 435
0 37 0
0 37 0
0 37 0
3.29039077947161 48 25
0 37 0
0 37 0
0 37 0
0 37 0
1.36272036093785 58 210
0 37 0
0.733678129486922 52 105
0.659020951705018 51 91
7.11513253074889 70 528
0 37 0
0 37 0
38.9058672630167 108 1225
0 37 0
0 37 0
12.5433816353502 72 595
0 37 0
12.5433816353502 72 595
0 37 0
0 37 0
0 37 0
0 37 0
9.1508186933734 71 561
25.2375467137528 123 1163
12.5433816353502 72 595
1.90520979787804 47 21
0 37 0
19.3281559435794 73 630
0 37 0
0 37 0
38.9058672630167 108 1225
0 37 0
0.26690351084606 44 21
0 37 0
0 37 0
0 37 0
0 37 0
0 37 0
29.4725057219328 130 1423
0 37 0
0.590192979303339 50 78
3.49521035871992 66 406
0 37 0
0 37 0
3.04248579766521 65 378
0 37 0
2.79756792235252 65 191
9.1508186933734 71 561
0 37 0
4.78829145396522 68 465
0 37 0
0 37 0
0 37 0
0 37 0
0 37 0
0 37 0
0 37 0
0.590192979303339 50 78
0 37 0
12.5433816353502 72 595
0 37 0
12.5433816353502 72 595
12.5433816353502 72 595
0 37 0
0 37 0
0 37 0
0.903883153190681 54 136
21.2495925299193 98 900
0.733678129486922 52 105
0 37 0
0 37 0
0 37 0
0 37 0
6.88015983596788 83 510
4.06099174987508 67 435
19.3281559435794 73 630
0 37 0
0 37 0
0 37 0
0 37 0
2.67197840056503 64 351
19.3281559435794 73 630
0 37 0
0 37 0
0 37 0
0 37 0
0 37 0
0.733678129486922 52 105
0 37 0
0 37 0
3.04248579766521 65 378
24.6933754242285 102 1024
0 37 0
0 37 0
0 37 0
12.5433816353502 72 595
0 37 0
0 37 0
0 37 0
0 37 0
0 37 0
0 37 0
1.68314680628006 60 253
0 37 0
0 37 0
5.75787773367669 69 496
1.68314680628006 60 253
0 37 0
0 37 0
0 37 0
0 37 0
0 37 0
17.8902019151224 92 729
38.9058672630167 108 1225
1.0015508245308 55 153
0 37 0
0 37 0
0 37 0
19.3281559435794 73 630
0 37 0
19.1978861359155 104 745
0 37 0
0.467360347529399 48 55
0 37 0
0 37 0
0 37 0
0 37 0
0 37 0
0 37 0
0 37 0
0 37 0
0 37 0
0 37 0
19.3281559435794 73 630
22.7706009041597 100 961
0 37 0
19.3281559435794 73 630
0 37 0
0 37 0
0 37 0
0 37 0
4.78829145396522 68 465
9.1508186933734 71 561
4.06099174987508 67 435
9.1508186933734 71 561
0 37 0
9.1508186933734 71 561
0 37 0
38.9058672630167 108 1225
0 37 0
9.1508186933734 71 561
19.3281559435794 73 630
0 37 0
0 37 0
19.3281559435794 73 630
36.7017219415271 132 1459
0 37 0
0.26690351084606 44 21
12.5433816353502 72 595
0 37 0
0 37 0
0 37 0
0 37 0
19.3281559435794 73 630
7.11513253074889 70 528
0 37 0
0 37 0
0 37 0
0 37 0
0 37 0
0 37 0
1.10937654665437 56 171
24.6933754242285 102 1024
0 37 0
8.60359157662611 79 282
0 37 0
1.0015508245308 55 153
6.66164653793117 74 222
0 37 0
0 37 0
0 37 0
0 37 0
0 37 0
0 37 0
0 37 0
11.2642007166248 87 601
3.04248579766521 65 378
0 37 0
0 37 0
19.3281559435794 73 630
9.04501059633736 93 772
0 37 0
12.5433816353502 72 595
0 37 0
0 37 0
0 37 0
1.51297144530329 59 231
0 37 0
0 37 0
0 37 0
0 37 0
3.49521035871992 66 406
0 37 0
0 37 0
0 37 0
0 37 0
0 37 0
0 37 0
19.3281559435794 73 630
0 37 0
30.8258289664242 123 1192
0 37 0
0 37 0
19.3281559435794 73 630
19.3281559435794 73 630
0 37 0
0 37 0
0 37 0
12.5433816353502 72 595
4.06099174987508 67 435
31.353210549222 106 1156
29.1341632110855 106 1158
0 37 0
0 37 0
0 37 0
0 37 0
19.3281559435794 73 630
0 37 0
0 37 0
30.8606830759124 125 1299
0 37 0
0 37 0
0 37 0
0 37 0
0 37 0
0 37 0
36.3392271652363 134 1532
0 37 0
9.1508186933734 71 561
0 37 0
19.3281559435794 73 630
0 37 0
0 37 0
0 37 0
0 37 0
0 37 0
0 37 0
23.0516282665973 125 1269
0 37 0
0 37 0
9.1508186933734 71 561
19.3281559435794 73 630
0 37 0
0 37 0
3.49521035871992 66 406
19.3281559435794 73 630
0 37 0
0 37 0
0 37 0
19.3281559435794 73 630
0 37 0
0 37 0
0 37 0
0 37 0
0 37 0
0 37 0
0 37 0
29.006712683321 103 662
2.36312782645634 63 325
0 37 0
0 37 0
0 37 0
0 37 0
0 37 0
38.9058672630167 108 1225
0.733678129486922 52 105
0 37 0
4.06099174987508 67 435
6.43654554669431 81 466
0 37 0
0 37 0
0 37 0
0 37 0
0 37 0
0 37 0
0 37 0
0 37 0
19.3281559435794 73 630
0 37 0
0 37 0
0 37 0
19.3281559435794 73 630
0 37 0
0 37 0
0 37 0
0 37 0
0 37 0
0 37 0
0 37 0
77.4170094817065 191 2402
0 37 0
0 37 0
1.36272036093785 58 210
12.5433816353502 72 595
19.3281559435794 73 630
0 37 0
0 37 0
0 37 0
0 37 0
0 37 0
7.74733375843784 92 507
0 37 0
0 37 0
0 37 0
0 37 0
0 37 0
19.3281559435794 73 630
0 37 0
0 37 0
0 37 0
0 37 0
7.11513253074889 70 528
0 37 0
0 37 0
0 37 0
0 37 0
0 37 0
0 37 0
39.4576731854329 136 1591
0 37 0
0 37 0
0 37 0
0 37 0
0 37 0
0 37 0
0 37 0
0 37 0
1.87752486026956 61 276
19.3281559435794 73 630
27.3196081687913 104 1089
0 37 0
0 37 0
0 37 0
0 37 0
7.11513253074889 70 528
27.204882370535 105 1126
19.3281559435794 73 630
0 37 0
0 37 0
0 37 0
0 37 0
0 37 0
19.3281559435794 73 630
0 37 0
0 37 0
0 37 0
10.3292509620035 83 627
0 37 0
0 37 0
0 37 0
0 37 0
0 37 0
0 37 0
0 37 0
0 37 0
0.659020951705018 51 91
0.26690351084606 44 21
0.526503476264534 49 66
12.5433816353502 72 595
9.1508186933734 71 561
0 37 0
22.7706009041597 100 961
0 37 0
31.4895558807697 116 745
0.0708734642758903 39 1
19.3281559435794 73 630
0 37 0
0 37 0
0 37 0
0 37 0
0.659020951705018 51 91
0 37 0
0 37 0
0 37 0
7.11513253074889 70 528
0 37 0
0 37 0
0 37 0
0 37 0
0 37 0
93.3300197729606 225 2871
0 37 0
0 37 0
0 37 0
0 37 0
0 37 0
0 37 0
2.36312782645634 63 325
0 37 0
19.3281559435794 73 630
0 37 0
19.3281559435794 73 630
0 37 0
0 37 0
0 37 0
0 37 0
0.412251445443191 47 45
0 37 0
0 37 0
0 37 0
0 37 0
9.1508186933734 71 561
43.2198414025351 131 1478
0 37 0
0 37 0
9.1508186933734 71 561
38.9058672630167 108 1225
0 37 0
3.04248579766521 65 378
0 37 0
0 37 0
0 37 0
19.3281559435794 73 630
0 37 0
0 37 0
13.887704085012 82 484
3.04248579766521 65 378
0 37 0
7.11513253074889 70 528
0 37 0
3.49521035871992 66 406
0 37 0
19.3281559435794 73 630
5.75787773367669 69 496
0 37 0
0 37 0
0 37 0
0 37 0
0 37 0
27.3196081687913 104 1089
0 37 0
0 37 0
0 37 0
0 37 0
0 37 0
0 37 0
3.49521035871992 66 406
9.1508186933734 71 561
0 37 0
9.1508186933734 71 561
0 37 0
0 37 0
0 37 0
0 37 0
0 37 0
9.1508186933734 71 561
0 37 0
18.6250217709292 101 993
0 37 0
0.144259777692778 41 6
0 37 0
53.8243237527697 151 1606
0 37 0
0 37 0
0 37 0
0 37 0
0 37 0
0 37 0
12.5433816353502 72 595
0 37 0
0 37 0
0 37 0
0 37 0
0 37 0
0 37 0
0 37 0
0 37 0
19.3281559435794 73 630
7.11513253074889 70 528
0 37 0
12.5433816353502 72 595
0 37 0
0 37 0
0 37 0
0 37 0
0 37 0
2.10169939917695 62 300
1.97282574257824 56 87
0 37 0
0 37 0
0 37 0
0 37 0
0 37 0
0 37 0
19.3281559435794 73 630
19.3281559435794 73 630
0 37 0
25.7331592208449 119 820
19.8908186875321 103 1060
19.3281559435794 73 630
0 37 0
0 37 0
0 37 0
0 37 0
0 37 0
0 37 0
2.67197840056503 64 351
0 37 0
0 37 0
0 37 0
0 37 0
12.5433816353502 72 595
0 37 0
2.10169939917695 62 300
0 37 0
7.11513253074889 70 528
5.75787773367669 69 496
19.3281559435794 73 630
19.3281559435794 73 630
12.5433816353502 72 595
0 37 0
0 37 0
0 37 0
10.9914911654861 96 847
0 37 0
3.84565880794671 70 262
0 37 0
26.4309328281807 123 1204
0 37 0
9.1508186933734 71 561
0 37 0
10.1563333995425 95 821
0 37 0
0 37 0
0 37 0
0 37 0
0.659020951705018 51 91
0 37 0
0 37 0
19.3281559435794 73 630
0 37 0
0 37 0
0 37 0
5.75787773367669 69 496
0 37 0
0 37 0
0 37 0
12.5433816353502 72 595
0 37 0
0 37 0
0 37 0
0 37 0
9.1508186933734 71 561
0 37 0
19.3281559435794 73 630
19.3281559435794 73 630
0 37 0
0 37 0
0 37 0
0 37 0
0 37 0
0.659020951705018 51 91
2.36312782645634 63 325
0 37 0
0 37 0
3.49521035871992 66 406
0 37 0
0 37 0
0 37 0
1.22906499818033 57 190
0 37 0
0 37 0
1.55717269440416 56 93
0 37 0
0 37 0
0 37 0
19.3281559435794 73 630
0 37 0
0 37 0
1.95152954568118 63 181
0 37 0
0 37 0
19.3281559435794 73 630
1.36272036093785 58 210
0 37 0
0 37 0
0 37 0
0 37 0
9.1508186933734 71 561
9.1508186933734 71 561
15.5142827346037 97 871
0 37 0
0 37 0
21.7875162150532 104 1091
0 37 0
7.11513253074889 70 528
0 37 0
0.733678129486922 52 105
0 37 0
1.68314680628006 60 253
0 37 0
0 37 0
19.3281559435794 73 630
0 37 0
0 37 0
0 37 0
35.0810413352998 136 1527
0 37 0
0 37 0
0 37 0
0 37 0
0 37 0
0 37 0
0 37 0
19.3281559435794 73 630
1.10937654665437 56 171
0 37 0
19.3281559435794 73 630
0 37 0
0 37 0
0 37 0
0 37 0
19.3281559435794 73 630
0 37 0
4.78829145396522 68 465
0 37 0
0 37 0
0 37 0
0 37 0
0 37 0
0 37 0
0 37 0
0 37 0
0 37 0
0 37 0
0 37 0
0 37 0
0 37 0
0 37 0
0 37 0
0 37 0
0 37 0
19.3281559435794 73 630
0 37 0
4.78829145396522 68 465
7.11513253074889 70 528
0 37 0
0 37 0
3.49521035871992 66 406
20.283579470609 76 633
0 37 0
0 37 0
12.5433816353502 72 595
0 37 0
0.360729316266706 46 36
0.412251445443191 47 45
0 37 0
19.3281559435794 73 630
0 37 0
0 37 0
19.3281559435794 73 630
1.51297144530329 59 231
0 37 0
27.204882370535 105 1126
7.11513253074889 70 528
0 37 0
3.04248579766521 65 378
0 37 0
4.06099174987508 67 435
38.9058672630167 108 1225
0 37 0
19.3281559435794 73 630
0 37 0
0 37 0
40.8810972143792 112 1231
0 37 0
0 37 0
0 37 0
10.496483752236 92 494
0 37 0
0 37 0
0 37 0
4.78829145396522 68 465
0 37 0
0 37 0
0 37 0
0 37 0
7.11513253074889 70 528
0 37 0
0 37 0
0 37 0
14.7766975444282 108 935
19.3281559435794 73 630
0 37 0
0 37 0
0 37 0
3.49521035871992 66 406
0 37 0
12.5433816353502 72 595
0 37 0
0 37 0
0 37 0
19.3281559435794 73 630
1.87752486026956 61 276
0 37 0
0 37 0
0 37 0
25.0221048460429 103 1065
0 37 0
0 37 0
0 37 0
0 37 0
31.353210549222 106 1156
0 37 0
0 37 0
0 37 0
0 37 0
0 37 0
0 37 0
9.92681418956406 103 760
38.9058672630167 108 1225
0 37 0
0 37 0
0 37 0
0 37 0
0 37 0
0 37 0
19.3281559435794 73 630
19.3281559435794 73 630
0 37 0
6.60668781934392 69 241
0 37 0
0 37 0
0 37 0
0 37 0
0 37 0
0 37 0
12.5433816353502 72 595
52.453607609254 141 1753
0 37 0
19.3281559435794 73 630
0 37 0
0 37 0
0 37 0
0 37 0
12.5433816353502 72 595
0 37 0
0 37 0
0 37 0
12.5433816353502 72 595
12.5433816353502 72 595
19.3281559435794 73 630
9.40680796415511 88 627
0 37 0
19.3281559435794 73 630
19.3281559435794 73 630
0 37 0
0 37 0
0 37 0
1.22906499818033 57 190
4.66466997817637 74 456
5.6602940499484 85 577
0 37 0
0 37 0
0 37 0
5.9191436723745 82 408
29.1341632110855 106 1158
25.675996865955 122 1172
0 37 0
7.99782132305227 75 343
0 37 0
0 37 0
0 37 0
0 37 0
19.3281559435794 73 630
9.1508186933734 71 561
0 37 0
1.87752486026956 61 276
0 37 0
12.5433816353502 72 595
0 37 0
0 37 0
0 37 0
0 37 0
0 37 0
0 37 0
3.04248579766521 65 378
3.29039077947161 48 25
0 37 0
0 37 0
0 37 0
12.5433816353502 72 595
0 37 0
0 37 0
1.87752486026956 61 276
0 37 0
0 37 0
0 37 0
51.4322549902503 140 1719
0 37 0
2.36312782645634 63 325
0 37 0
0 37 0
0 37 0
0 37 0
0 37 0
0 37 0
0 37 0
0 37 0
0 37 0
0 37 0
12.5433816353502 72 595
0 37 0
0 37 0
0 37 0
1.05309820935901 55 121
0 37 0
0 37 0
0 37 0
0 37 0
0 37 0
0 37 0
19.3281559435794 73 630
0 37 0
0 37 0
0 37 0
0 37 0
5.75787773367669 69 496
5.75787773367669 69 496
0 37 0
9.1508186933734 71 561
0 37 0
18.8764626206132 94 784
0 37 0
42.5753143948994 127 1396
0 37 0
0 37 0
0 37 0
0 37 0
0 37 0
19.3281559435794 73 630
0 37 0
2.10169939917695 62 300
0 37 0
0 37 0
21.524870450016 91 460
0 37 0
0 37 0
0 37 0
0 37 0
0 37 0
0 37 0
19.3281559435794 73 630
0 37 0
0 37 0
0 37 0
0 37 0
0 37 0
0 37 0
14.4126851202108 95 813
0 37 0
0.467360347529399 48 55
0 37 0
0 37 0
0 37 0
4.49785286978592 52 49
0 37 0
0 37 0
0 37 0
0 37 0
17.7374759113518 101 1001
0 37 0
0 37 0
12.5433816353502 72 595
0 37 0
0 37 0
0 37 0
0 37 0
0 37 0
9.1508186933734 71 561
0 37 0
0 37 0
0 37 0
0 37 0
6.16338934262584 72 499
0 37 0
0 37 0
5.75787773367669 69 496
0 37 0
0 37 0
17.8902019151224 92 729
3.75515665778471 68 407
0 37 0
0 37 0
0 37 0
14.4583710101641 84 447
0 37 0
5.75787773367669 69 496
0 37 0
0 37 0
21.7875162150532 104 1091
0 37 0
24.6933754242285 102 1024
19.3281559435794 73 630
0 37 0
7.11513253074889 70 528
0 37 0
0 37 0
0 37 0
0 37 0
0 37 0
0 37 0
2.36312782645634 63 325
0 37 0
0 37 0
0 37 0
0 37 0
0 37 0
9.1508186933734 71 561
0 37 0
0 37 0
0 37 0
23.0150829411948 108 1097
0.312398362186697 45 28
0.590192979303339 50 78
27.3196081687913 104 1089
1.36272036093785 58 210
12.5433816353502 72 595
0 37 0
0 37 0
0 37 0
0 37 0
0 37 0
0 37 0
0 37 0
9.1508186933734 71 561
0 37 0
0 37 0
0 37 0
0 37 0
0 37 0
0 37 0
3.04248579766521 65 378
7.11513253074889 70 528
0 37 0
0 37 0
5.75787773367669 69 496
0 37 0
0 37 0
12.5433816353502 72 595
0 37 0
0 37 0
19.3281559435794 73 630
0 37 0
0 37 0
0 37 0
0 37 0
0 37 0
0 37 0
0 37 0
5.75787773367669 69 496
12.6533131253354 96 843
0 37 0
12.5433816353502 72 595
0 37 0
12.6626315356358 91 703
0.659020951705018 51 91
0 37 0
0 37 0
36.3392271652363 134 1532
4.06099174987508 67 435
0 37 0
0 37 0
9.32030038419648 68 225
0 37 0
12.1155964516554 95 837
0 37 0
0 37 0
12.5433816353502 72 595
0 37 0
0 37 0
0 37 0
0 37 0
0 37 0
0.733678129486922 52 105
0 37 0
29.7700271829952 126 1280
22.5420361126997 97 906
5.71303123528598 79 520
2.36312782645634 63 325
0 37 0
1.68314680628006 60 253
0 37 0
0 37 0
0 37 0
0.526503476264534 49 66
62.4011466464371 193 2098
0 37 0
0 37 0
2.10169939917695 62 300
5.42423189655731 75 282
27.3196081687913 104 1089
0 37 0
0 37 0
0 37 0
12.5433816353502 72 595
0 37 0
0 37 0
19.3281559435794 73 630
0 37 0
0 37 0
0 37 0
7.11513253074889 70 528
0 37 0
4.78829145396522 68 465
12.5433816353502 72 595
5.75787773367669 69 496
0 37 0
41.2449822197023 175 1654
0 37 0
1.10937654665437 56 171
0 37 0
0 37 0
0 37 0
21.0531549014042 85 696
1.05309820935901 55 121
0 37 0
9.1508186933734 71 561
0.903883153190681 54 136
0 37 0
0 37 0
7.48329438175035 90 688
4.06099174987508 67 435
0 37 0
0 37 0
0 37 0
0 37 0
0 37 0
27.3196081687913 104 1089
0 37 0
0 37 0
2.36312782645634 63 325
8.37956834966811 92 741
19.3281559435794 73 630
0 37 0
0 37 0
19.3281559435794 73 630
0 37 0
0 37 0
18.6324410596622 102 1030
19.3281559435794 73 630
0 37 0
0 37 0
0.526503476264534 49 66
0 37 0
0 37 0
16.1505075032529 88 625
19.3281559435794 73 630
0 37 0
4.78829145396522 68 465
23.0687033216873 95 765
0 37 0
40.5085936027416 130 1414
0 37 0
0 37 0
0 37 0
0 37 0
0 37 0
9.1508186933734 71 561
1.10937654665437 56 171
49.0111749329111 160 1852
4.78829145396522 68 465
19.3281559435794 73 630
0 37 0
0 37 0
0.183139144793511 42 10
0 37 0
0 37 0
0 37 0
0 37 0
0 37 0
3.04248579766521 65 378
16.8679117296051 99 931
15.5142827346037 97 871
0 37 0
1.68314680628006 60 253
0 37 0
0 37 0
0 37 0
7.11513253074889 70 528
0 37 0
0 37 0
0 37 0
0 37 0
0 37 0
0 37 0
0 37 0
0 37 0
0 37 0
1.68314680628006 60 253
0 37 0
0 37 0
0 37 0
0 37 0
19.3281559435794 73 630
0 37 0
0 37 0
0 37 0
0 37 0
0 37 0
0 37 0
0 37 0
38.9058672630167 108 1225
0 37 0
0 37 0
0 37 0
40.5085936027416 130 1414
0 37 0
0 37 0
1.51297144530329 59 231
0 37 0
0 37 0
0 37 0
0.467360347529399 48 55
12.5433816353502 72 595
0 37 0
0 37 0
38.9058672630167 108 1225
3.49521035871992 66 406
25.9280712087472 104 1095
0 37 0
0 37 0
9.16816098786513 90 718
0 37 0
0 37 0
0 37 0
0 37 0
0 37 0
0 37 0
16.1505075032529 88 625
0 37 0
0 37 0
24.3465337006 102 1036
0 37 0
0 37 0
0.733678129486922 52 105
0 37 0
19.3281559435794 73 630
0 37 0
0 37 0
0 37 0
19.3281559435794 73 630
21.4016591569216 89 750
19.3281559435794 73 630
0 37 0
0 37 0
19.3281559435794 73 630
0 37 0
0 37 0
0 37 0
4.78829145396522 68 465
0.590192979303339 50 78
1.22906499818033 57 190
12.5433816353502 72 595
0 37 0
29.1341632110855 106 1158
0 37 0
19.3281559435794 73 630
0 37 0
0 37 0
2.67197840056503 64 351
0 37 0
25.1005210364063 100 631
0 37 0
0 37 0
0 37 0
0 37 0
0 37 0
0 37 0
0 37 0
0 37 0
0 37 0
0 37 0
7.11513253074889 70 528
19.3281559435794 73 630
0 37 0
0 37 0
0 37 0
0 37 0
17.9852281992669 102 1026
0 37 0
7.11513253074889 70 528
0 37 0
0 37 0
19.3281559435794 73 630
12.3353155549679 97 699
0 37 0
0 37 0
0 37 0
0 37 0
0 37 0
0 37 0
19.3281559435794 73 630
0 37 0
0 37 0
0 37 0
0 37 0
0 37 0
4.06099174987508 67 435
0 37 0
0 37 0
0.223919443140175 43 15
0 37 0
0 37 0
12.5433816353502 72 595
0 37 0
0 37 0
0 37 0
0 37 0
19.3281559435794 73 630
7.11513253074889 70 528
4.78829145396522 68 465
0 37 0
0.733678129486922 52 105
0 37 0
26.5562965154939 113 995
0 37 0
5.75787773367669 69 496
0 37 0
0 37 0
7.11513253074889 70 528
0 37 0
0 37 0
0 37 0
0 37 0
0 37 0
0 37 0
0 37 0
0 37 0
0 37 0
4.06099174987508 67 435
31.2767925735184 127 978
0 37 0
0 37 0
0 37 0
12.5433816353502 72 595
0 37 0
0.183139144793511 42 10
0 37 0
9.1508186933734 71 561
0 37 0
19.3281559435794 73 630
0 37 0
2.36312782645634 63 325
0 37 0
0 37 0
0 37 0
0 37 0
0 37 0
12.5433816353502 72 595
0 37 0
0 37 0
0 37 0
0 37 0
2.61681154548442 67 226
2.36312782645634 63 325
0 37 0
0 37 0
0 37 0
0 37 0
12.5433816353502 72 595
1.87752486026956 61 276
0 37 0
13.7914756470289 99 934
44.7994991594087 148 1418
0 37 0
0 37 0
0 37 0
0 37 0
0 37 0
2.67197840056503 64 351
0 37 0
0 37 0
0 37 0
19.3281559435794 73 630
0 37 0
0 37 0
3.49521035871992 66 406
0 37 0
0 37 0
0 37 0
9.1508186933734 71 561
14.1504999417713 87 700
0 37 0
0 37 0
0 37 0
0 37 0
7.11513253074889 70 528
0 37 0
0 37 0
0 37 0
0 37 0
0 37 0
0 37 0
0 37 0
0 37 0
0 37 0
0 37 0
0 37 0
0 37 0
0 37 0
0.590192979303339 50 78
19.3281559435794 73 630
0 37 0
19.3281559435794 73 630
19.3281559435794 73 630
0 37 0
19.3281559435794 73 630
19.3281559435794 73 630
0 37 0
0 37 0
1.68314680628006 60 253
0 37 0
1.62551778861551 51 46
32.3745631682257 107 1191
0 37 0
0 37 0
12.5433816353502 72 595
0 37 0
13.9245109187921 98 902
0 37 0
0 37 0
19.3281559435794 73 630
0 37 0
0.467360347529399 48 55
19.3281559435794 73 630
2.36312782645634 63 325
0 37 0
0.106961953732248 40 3
0 37 0
0 37 0
0 37 0
0 37 0
0 37 0
0 37 0
0 37 0
0 37 0
0 37 0
0 37 0
14.5931249689752 91 766
0 37 0
0 37 0
0 37 0
0 37 0
0 37 0
0 37 0
3.04248579766521 65 378
0 37 0
0 37 0
0 37 0
26.6750019944686 124 917
0 37 0
24.3465337006 102 1036
0 37 0
0 37 0
0 37 0
0 37 0
32.3745631682257 107 1191
0 37 0
0 37 0
19.3281559435794 73 630
19.3281559435794 73 630
1.68314680628006 60 253
0 37 0
0 37 0
0 37 0
9.1508186933734 71 561
0 37 0
0 37 0
0 37 0
0 37 0
0 37 0
0 37 0
0 37 0
0 37 0
2.67197840056503 64 351
0.223919443140175 43 15
9.1508186933734 71 561
5.75787773367669 69 496
12.5433816353502 72 595
0 37 0
19.3281559435794 73 630
0 37 0
0 37 0
0 37 0
0 37 0
1.22906499818033 57 190
0 37 0
0 37 0
0 37 0
0 37 0
0 37 0
5.75787773367669 69 496
0 37 0
3.04248579766521 65 378
11.2040588350211 74 324
0 37 0
0 37 0
19.3281559435794 73 630
0 37 0
0 37 0
62.1709676057976 149 1807
0 37 0
0 37 0
0 37 0
0 37 0
0 37 0
2.67197840056503 64 351
2.67197840056503 64 351
0 37 0
19.3281559435794 73 630
0 37 0
0 37 0
7.11513253074889 70 528
19.3281559435794 73 630
0 37 0
0.144259777692778 41 6
3.04248579766521 65 378
0 37 0
0 37 0
19.3281559435794 73 630
19.3281559435794 73 630
0 37 0
0 37 0
0 37 0
0 37 0
0 37 0
0 37 0
9.1508186933734 71 561
0 37 0
0 37 0
0 37 0
27.3196081687913 104 1089
19.3281559435794 73 630
0 37 0
12.5433816353502 72 595
0 37 0
0 37 0
0 37 0
0 37 0
0 37 0
0 37 0
0 37 0
0 37 0
0.903883153190681 54 136
5.75787773367669 69 496
0 37 0
0 37 0
0 37 0
0.590192979303339 50 78
0 37 0
0 37 0
0.0708734642758903 39 1
1.87752486026956 61 276
0 37 0
0 37 0
0 37 0
0 37 0
0 37 0
0 37 0
0 37 0
1.68314680628006 60 253
0 37 0
50.4109023712466 139 1684
0 37 0
0 37 0
0 37 0
0 37 0
0 37 0
12.5433816353502 72 595
0 37 0
0 37 0
0 37 0
0.590192979303339 50 78
4.06099174987508 67 435
0 37 0
0 37 0
0 37 0
0 37 0
0 37 0
10.9314357645884 89 714
0.312398362186697 45 28
0 37 0
3.04248579766521 65 378
0 37 0
0 37 0
0 37 0
0 37 0
0 37 0
0.412251445443191 47 45
0 37 0
0 37 0
0 37 0
0 37 0
0 37 0
0 37 0
0 37 0
1.36272036093785 58 210
0 37 0
0 37 0
0 37 0
0 37 0
0 37 0
1.68314680628006 60 253
7.11513253074889 70 528
0 37 0
4.06099174987508 67 435
0 37 0
0 37 0
4.78829145396522 68 465
0 37 0
19.3281559435794 73 630
19.3281559435794 73 630
13.4789686672767 93 757
12.1155964516554 95 837
17.7303742374043 101 541
0 37 0
0 37 0
0 37 0
19.3281559435794 73 630
0.733678129486922 52 105
0 37 0
38.9058672630167 108 1225
0 37 0
0 37 0
0 37 0
0 37 0
19.3281559435794 73 630
39.2999125691982 136 1597
19.3281559435794 73 630
0 37 0
1.10937654665437 56 171
0.144259777692778 41 6
0 37 0
0 37 0
0 37 0
0 37 0
0 37 0
19.3281559435794 73 630
0 37 0
0 37 0
0 37 0
0 37 0
0 37 0
6.31040471595794 87 616
19.3281559435794 73 630
19.3281559435794 73 630
0.183139144793511 42 10
0 37 0
0 37 0
1.36272036093785 58 210
0 37 0
0 37 0
0.183139144793511 42 10
0 37 0
45.6013352473623 152 1606
17.8902019151224 92 729
0 37 0
16.1505075032529 88 625
0 37 0
19.3281559435794 73 630
0 37 0
19.3281559435794 73 630
0 37 0
12.5433816353502 72 595
0 37 0
34.5002238558569 121 1135
0 37 0
0 37 0
0 37 0
0 37 0
1.9048349346211 53 60
0 37 0
0 37 0
16.5500555711183 99 946
0 37 0
10.2517997477375 82 616
4.78829145396522 68 465
0 37 0
3.59786216568735 71 281
0 37 0
23.8235438493769 101 1008
19.3281559435794 73 630
0 37 0
0 37 0
0 37 0
0.0708734642758903 39 1
19.3281559435794 73 630
0 37 0
12.5433816353502 72 595
0.814977303825881 53 120
0 37 0
2.10169939917695 62 300
0 37 0
0.26690351084606 44 21
4.73808737478973 80 497
58.4178896427366 167 2070
0 37 0
2.10169939917695 62 300
0 37 0
0 37 0
0 37 0
0 37 0
19.3281559435794 73 630
0 37 0
1.0015508245308 55 153
19.3281559435794 73 630
9.1508186933734 71 561
0 37 0
0 37 0
0.312398362186697 45 28
19.3281559435794 73 630
0 37 0
0 37 0
0 37 0
0 37 0
0 37 0
0 37 0
12.5433816353502 72 595
19.3281559435794 73 630
0 37 0
0 37 0
0 37 0
0 37 0
7.52324599852598 73 307
0 37 0
20.5728738301045 79 645
0 37 0
7.11513253074889 70 528
0 37 0
0 37 0
0 37 0
0 37 0
0 37 0
0 37 0
0 37 0
38.2422830759824 146 1499
27.204882370535 105 1126
4.06099174987508 67 435
0 37 0
12.5433816353502 72 595
0 37 0
4.06099174987508 67 435
0 37 0
33.452242412292 130 1434
7.11513253074889 70 528
0 37 0
12.5433816353502 72 595
0 37 0
0 37 0
0 37 0
21.6088494643464 91 783
0 37 0
0 37 0
0 37 0
2.10169939917695 62 300
0 37 0
7.11513253074889 70 528
42.2248680425898 124 1345
0 37 0
0 37 0
0 37 0
0 37 0
0 37 0
0 37 0
0 37 0
0 37 0
0 37 0
4.78829145396522 68 465
0 37 0
0 37 0
0 37 0
0 37 0
0 37 0
0 37 0
0 37 0
5.75787773367669 69 496
0.183139144793511 42 10
5.75787773367669 69 496
19.3281559435794 73 630
4.78829145396522 68 465
0 37 0
11.3477266090678 76 565
15.2316715875641 99 616
0 37 0
0 37 0
12.5433816353502 72 595
38.9058672630167 108 1225
17.8902019151224 92 729
0 37 0
0 37 0
0 37 0
10.3292509620035 83 627
0 37 0
0 37 0
0 37 0
2.5391751118349 54 66
0 37 0
1.87752486026956 61 276
0 37 0
0 37 0
0 37 0
0 37 0
0 37 0
0 37 0
0 37 0
0 37 0
1.10937654665437 56 171
0 37 0
0 37 0
0 37 0
0 37 0
0 37 0
0 37 0
0 37 0
0 37 0
0.733678129486922 52 105
0 37 0
0 37 0
0 37 0
0 37 0
0 37 0
0 37 0
0 37 0
0 37 0
0 37 0
0 37 0
24.3465337006 102 1036
19.3281559435794 73 630
7.11513253074889 70 528
0 37 0
0 37 0
7.11513253074889 70 528
0 37 0
0 37 0
0 37 0
0 37 0
25.9280712087472 104 1095
0 37 0
12.5433816353502 72 595
0 37 0
0 37 0
21.0884891630256 103 1057
0 37 0
1.87752486026956 61 276
0 37 0
0 37 0
0 37 0
0 37 0
0 37 0
0 37 0
0 37 0
0 37 0
0 37 0
0 37 0
0 37 0
0 37 0
17.3791307978394 112 913
0.814977303825881 53 120
0 37 0
38.9058672630167 108 1225
0 37 0
0 37 0
0 37 0
0 37 0
0 37 0
0 37 0
0 37 0
4.06099174987508 67 435
27.204882370535 105 1126
0 37 0
0.733678129486922 52 105
19.3281559435794 73 630
12.5433816353502 72 595
19.3281559435794 73 630
29.1341632110855 106 1158
1.0015508245308 55 153
0.526503476264534 49 66
0 37 0
0 37 0
0 37 0
0 37 0
19.3281559435794 73 630
0 37 0
4.06099174987508 67 435
0 37 0
0 37 0
0 37 0
0 37 0
0 37 0
45.2967019765751 139 1687
0 37 0
9.1508186933734 71 561
9.1508186933734 71 561
0 37 0
0 37 0
0 37 0
3.49521035871992 66 406
0 37 0
0 37 0
0 37 0
0 37 0
0 37 0
0 37 0
2.36312782645634 63 325
14.4668452432227 90 748
7.11513253074889 70 528
0 37 0
0 37 0
0 37 0
0 37 0
19.3281559435794 73 630
0 37 0
5.75787773367669 69 496
0 37 0
0 37 0
0 37 0
0.0708734642758903 39 1
0 37 0
0 37 0
0 37 0
0 37 0
0 37 0
0 37 0
0 37 0
0 37 0
0 37 0
0 37 0
0 37 0
0 37 0
22.6542639383967 114 974
0 37 0
0 37 0
0 37 0
0 37 0
0 37 0
0 37 0
0.183139144793511 42 10
0 37 0
0 37 0
0 37 0
0 37 0
0 37 0
26.5941662573386 109 1080
4.06099174987508 67 435
0 37 0
0 37 0
0 37 0
0 37 0
43.9332436765379 157 1800
21.7875162150532 104 1091
0 37 0
0 37 0
0 37 0
0 37 0
0 37 0
19.3281559435794 73 630
0 37 0
0 37 0
0 37 0
0 37 0
0 37 0
0 37 0
34.5367426061143 148 1510
0 37 0
0 37 0
0 37 0
0 37 0
12.5433816353502 72 595
0 37 0
0 37 0
7.11513253074889 70 528
0 37 0
0.312398362186697 45 28
21.5374785639754 115 1038
12.4021056240597 89 637
0 37 0
0 37 0
0 37 0
0 37 0
0 37 0
0 37 0
2.36312782645634 63 325
12.5433816353502 72 595
0 37 0
0 37 0
0 37 0
0 37 0
0 37 0
3.49521035871992 66 406
0 37 0
0 37 0
3.12271756923386 71 288
19.3281559435794 73 630
1.36272036093785 58 210
9.1508186933734 71 561
0 37 0
0 37 0
7.11513253074889 70 528
0 37 0
0 37 0
27.3196081687913 104 1089
0 37 0
0 37 0
0 37 0
0 37 0
19.3281559435794 73 630
0 37 0
7.11513253074889 70 528
0 37 0
6.38774258521031 85 601
0 37 0
3.04248579766521 65 378
0 37 0
50.7350037827672 147 1690
5.75787773367669 69 496
0 37 0
0 37 0
0 37 0
9.1508186933734 71 561
0 37 0
2.10169939917695 62 300
3.04248579766521 65 378
21.3080971868986 88 735
0 37 0
0 37 0
0 37 0
0 37 0
0 37 0
0 37 0
14.8640310311564 109 891
0 37 0
0 37 0
1.10937654665437 56 171
0 37 0
0 37 0
7.11513253074889 70 528
0 37 0
19.3281559435794 73 630
0 37 0
0 37 0
5.75787773367669 69 496
7.11513253074889 70 528
0 37 0
0 37 0
0 37 0
5.75787773367669 69 496
0 37 0
19.3281559435794 73 630
0 37 0
16.1505075032529 88 625
7.11513253074889 70 528
0 37 0
29.4536319157756 111 973
0 37 0
0 37 0
0 37 0
0 37 0
0 37 0
37.8488988842715 134 1542
38.9058672630167 108 1225
0 37 0
0 37 0
0 37 0
0 37 0
0 37 0
9.1508186933734 71 561
12.5433816353502 72 595
0 37 0
0 37 0
0 37 0
0 37 0
9.1508186933734 71 561
0 37 0
0 37 0
0 37 0
19.3281559435794 73 630
0 37 0
4.06099174987508 67 435
0 37 0
19.3281559435794 73 630
0.526503476264534 49 66
4.78829145396522 68 465
31.353210549222 106 1156
12.5433816353502 72 595
3.49521035871992 66 406
0 37 0
0 37 0
25.1524227215886 107 584
2.67197840056503 64 351
0 37 0
0 37 0
0 37 0
68.1220425364779 172 2221
3.04248579766521 65 378
7.20651766102911 85 616
0.526503476264534 49 66
0 37 0
0 37 0
0 37 0
0 37 0
0 37 0
0 37 0
0 37 0
19.3281559435794 73 630
7.11513253074889 70 528
15.2761013277128 95 848
0 37 0
0 37 0
0 37 0
0 37 0
0 37 0
0.733678129486922 52 105
0 37 0
0 37 0
0 37 0
0 37 0
0 37 0
0 37 0
0 37 0
0 37 0
12.5433816353502 72 595
0 37 0
19.3281559435794 73 630
19.3281559435794 73 630
0 37 0
51.4322549902503 140 1719
9.1508186933734 71 561
0 37 0
0 37 0
3.49521035871992 66 406
0 37 0
38.9058672630167 108 1225
0 37 0
0 37 0
0 37 0
13.9755229668666 85 673
0 37 0
14.4126851202108 95 813
0 37 0
0 37 0
0 37 0
3.04248579766521 65 378
19.3281559435794 73 630
19.3281559435794 73 630
0 37 0
0 37 0
28.8575468759412 109 829
19.3281559435794 73 630
0 37 0
0 37 0
9.59662196195049 92 759
0 37 0
0 37 0
0 37 0
0 37 0
12.5433816353502 72 595
21.6030483786184 125 1259
0 37 0
0 37 0
23.4065776799339 100 981
0 37 0
3.04248579766521 65 378
19.3281559435794 73 630
0 37 0
0 37 0
0 37 0
0 37 0
0 37 0
0 37 0
11.8518326987923 76 361
0 37 0
0 37 0
0 37 0
2.10169939917695 62 300
3.04248579766521 65 378
0 37 0
0 37 0
0 37 0
5.75787773367669 69 496
19.3281559435794 73 630
32.1231753665034 130 1402
22.5420361126997 97 906
0 37 0
0 37 0
12.5433816353502 72 595
0 37 0
0 37 0
19.3281559435794 73 630
0 37 0
0 37 0
0 37 0
0 37 0
9.1508186933734 71 561
0 37 0
19.3281559435794 73 630
17.0687101944992 100 973
0 37 0
0 37 0
0 37 0
0 37 0
0 37 0
1.22906499818033 57 190
0 37 0
0 37 0
0 37 0
0 37 0
0 37 0
0.659020951705018 51 91
8.33839782331404 91 727
0 37 0
0 37 0
0 37 0
19.3281559435794 73 630
19.3281559435794 73 630
0 37 0
9.1508186933734 71 561
0 37 0
20.10975789523 123 971
0 37 0
12.5433816353502 72 595
0 37 0
0 37 0
6.55186108240635 86 618
0 37 0
0 37 0
0 37 0
0 37 0
31.353210549222 106 1156
12.5433816353502 72 595
4.78829145396522 68 465
2.10169939917695 62 300
0 37 0
0 37 0
19.3281559435794 73 630
0 37 0
12.5433816353502 72 595
24.3465337006 102 1036
0 37 0
0 37 0
0 37 0
0 37 0
13.9755229668666 85 673
0 37 0
0 37 0
0 37 0
27.3196081687913 104 1089
16.9886741070479 90 676
12.5130329060452 78 400
0.312398362186697 45 28
0 37 0
0.467360347529399 48 55
0 37 0
0 37 0
38.9058672630167 108 1225
0 37 0
0 37 0
0 37 0
0 37 0
0 37 0
3.04248579766521 65 378
7.42597099053221 63 104
0 37 0
0 37 0
0 37 0
0 37 0
19.3281559435794 73 630
19.3281559435794 73 630
0 37 0
0 37 0
4.78829145396522 68 465
18.7875183455705 96 728
0 37 0
0 37 0
0 37 0
0 37 0
19.3281559435794 73 630
7.11513253074889 70 528
0 37 0
3.49521035871992 66 406
0 37 0
0 37 0
0 37 0
0 37 0
0 37 0
0 37 0
19.3281559435794 73 630
21.2495925299193 98 900
0 37 0
0 37 0
0 37 0
0 37 0
12.5433816353502 72 595
0 37 0
0 37 0
1.68314680628006 60 253
5.75787773367669 69 496
0 37 0
0 37 0
0 37 0
0 37 0
0 37 0
3.04248579766521 65 378
0 37 0
0 37 0
0 37 0
19.3281559435794 73 630
0 37 0
0 37 0
0 37 0
7.11513253074889 70 528
0 37 0
4.78829145396522 68 465
9.1508186933734 71 561
0 37 0
0 37 0
0 37 0
0 37 0
0 37 0
9.1508186933734 71 561
0 37 0
0 37 0
0 37 0
0 37 0
8.62131210701075 64 115
0 37 0
0 37 0
0 37 0
0 37 0
0 37 0
0 37 0
0 37 0
19.3281559435794 73 630
0 37 0
0 37 0
4.78829145396522 68 465
0 37 0
0 37 0
12.5433816353502 72 595
0 37 0
0 37 0
19.3281559435794 73 630
19.3281559435794 73 630
0 37 0
0 37 0
0.467360347529399 48 55
0 37 0
0 37 0
0 37 0
0 37 0
0 37 0
0 37 0
0 37 0
0 37 0
0 37 0
0 37 0
5.75787773367669 69 496
0 37 0
0 37 0
0 37 0
12.5433816353502 72 595
0 37 0
0 37 0
0 37 0
13.5934291725162 96 631
0 37 0
9.1508186933734 71 561
0 37 0
0 37 0
12.5433816353502 72 595
0 37 0
0 37 0
0 37 0
9.1508186933734 71 561
6.14960046714738 86 588
0 37 0
0 37 0
3.49521035871992 66 406
0 37 0
38.9058672630167 108 1225
0 37 0
0 37 0
0 37 0
0 37 0
0 37 0
0 37 0
0 37 0
0 37 0
50.4109023712466 139 1684
0 37 0
0 37 0
0.360729316266706 46 36
0 37 0
10.7852019637057 92 731
0 37 0
0 37 0
0 37 0
0 37 0
7.11513253074889 70 528
0 37 0
0 37 0
0 37 0
0 37 0
27.3196081687913 104 1089
0 37 0
12.5433816353502 72 595
0 37 0
0 37 0
0 37 0
0 37 0
5.75787773367669 69 496
2.67197840056503 64 351
0 37 0
0 37 0
6.95963469014532 88 655
0 37 0
0 37 0
4.78829145396522 68 465
19.3281559435794 73 630
0 37 0
0 37 0
0 37 0
4.01315444807309 57 91
0 37 0
11.1832081076639 71 178
0 37 0
0 37 0
4.78829145396522 68 465
0 37 0
0 37 0
5.80049171201872 80 531
0 37 0
19.3281559435794 73 630
5.75787773367669 69 496
7.11513253074889 70 528
2.67197840056503 64 351
0 37 0
0 37 0
0 37 0
0 37 0
19.3281559435794 73 630
0 37 0
0.360729316266706 46 36
0 37 0
4.06099174987508 67 435
0 37 0
12.5433816353502 72 595
0 37 0
0 37 0
0 37 0
4.06099174987508 67 435
0 37 0
0 37 0
0 37 0
0 37 0
0 37 0
0 37 0
0 37 0
0 37 0
12.5433816353502 72 595
19.3281559435794 73 630
0 37 0
19.3281559435794 73 630
0 37 0
0.312398362186697 45 28
0 37 0
0 37 0
19.3281559435794 73 630
0.659020951705018 51 91
12.5433816353502 72 595
0 37 0
0 37 0
29.1341632110855 106 1158
19.3281559435794 73 630
0.814977303825881 53 120
0 37 0
0 37 0
19.3281559435794 73 630
0 37 0
0 37 0
9.1508186933734 71 561
19.3281559435794 73 630
0 37 0
0 37 0
5.37796539924726 82 394
0 37 0
0 37 0
4.78829145396522 68 465
19.3281559435794 73 630
0 37 0
0 37 0
0 37 0
0 37 0
0 37 0
19.3281559435794 73 630
3.69733836312883 75 358
0 37 0
2.36312782645634 63 325
0 37 0
0 37 0
0 37 0
0 37 0
9.1508186933734 71 561
0 37 0
0 37 0
0 37 0
0 37 0
19.3281559435794 73 630
2.67197840056503 64 351
0.144259777692778 41 6
1.87752486026956 61 276
19.3281559435794 73 630
12.5433816353502 72 595
0 37 0
0 37 0
0 37 0
0 37 0
0 37 0
0 37 0
0 37 0
0.590192979303339 50 78
26.1108404692302 124 1222
0 37 0
0 37 0
0 37 0
0 37 0
0 37 0
32.3745631682257 107 1191
9.86838648588085 93 781
6.16126630552874 67 211
0 37 0
0 37 0
0 37 0
0 37 0
1.87752486026956 61 276
0 37 0
0 37 0
0 37 0
0 37 0
0 37 0
0 37 0
0 37 0
0 37 0
0 37 0
19.8960175937782 103 700
0 37 0
0 37 0
0 37 0
19.3281559435794 73 630
0 37 0
0 37 0
43.1862638983649 134 1530
19.3281559435794 73 630
0 37 0
0.863808971073513 44 11
0 37 0
0 37 0
0 37 0
0 37 0
0 37 0
3.04248579766521 65 378
0 37 0
0 37 0
0 37 0
0 37 0
9.32030038419648 68 225
19.3281559435794 73 630
2.67197840056503 64 351
0 37 0
0 37 0
4.78829145396522 68 465
22.5420361126997 97 906
0 37 0
0 37 0
19.3281559435794 73 630
0 37 0
0 37 0
0 37 0
0 37 0
0 37 0
18.8764626206132 94 784
19.3281559435794 73 630
0 37 0
0 37 0
0 37 0
0 37 0
0 37 0
0 37 0
0 37 0
25.9280712087472 104 1095
0 37 0
0 37 0
0 37 0
0 37 0
0 37 0
0 37 0
0 37 0
0 37 0
0 37 0
0 37 0
0 37 0
12.5130329060452 78 400
0 37 0
0 37 0
0 37 0
4.06099174987508 67 435
0 37 0
0 37 0
5.79470597375006 71 246
12.5433816353502 72 595
0 37 0
0 37 0
15.5142827346037 97 871
4.06099174987508 67 435
0 37 0
0 37 0
0 37 0
45.2967019765751 139 1687
0 37 0
0 37 0
0 37 0
0 37 0
0 37 0
0 37 0
0 37 0
0 37 0
1.68314680628006 60 253
31.353210549222 106 1156
0 37 0
0 37 0
0 37 0
0 37 0
0 37 0
0 37 0
0 37 0
0 37 0
0 37 0
0 37 0
0 37 0
0 37 0
0 37 0
0 37 0
0 37 0
0 37 0
19.3281559435794 73 630
0 37 0
9.1508186933734 71 561
0 37 0
0 37 0
0 37 0
0 37 0
7.11513253074889 70 528
0 37 0
0 37 0
0 37 0
0 37 0
1.36272036093785 58 210
0 37 0
0 37 0
21.3080971868986 88 735
0 37 0
0 37 0
0 37 0
1.10937654665437 56 171
0.144259777692778 41 6
5.75787773367669 69 496
3.04248579766521 65 378
0 37 0
4.06099174987508 67 435
0 37 0
0 37 0
0 37 0
0 37 0
0 37 0
0 37 0
12.5433816353502 72 595
0 37 0
2.10169939917695 62 300
5.75787773367669 69 496
39.7568226565241 135 1554
7.48633667751028 87 649
0 37 0
1.3936517582641 53 65
0 37 0
0 37 0
0 37 0
0 37 0
5.75787773367669 69 496
0 37 0
12.5433816353502 72 595
0 37 0
0 37 0
24.6933754242285 102 1024
0 37 0
0 37 0
0 37 0
0 37 0
0 37 0
1.68314680628006 60 253
0 37 0
0 37 0
0 37 0
0 37 0
0 37 0
0 37 0
0 37 0
0.733678129486922 52 105
0 37 0
12.5433816353502 72 595
0 37 0
2.67197840056503 64 351
0 37 0
0 37 0
0 37 0
0 37 0
12.5433816353502 72 595
0 37 0
4.78829145396522 68 465
4.06099174987508 67 435
0 37 0
0 37 0
0 37 0
19.3281559435794 73 630
13.190478746089 80 441
24.685641579108 109 997
0 37 0
38.7354700375205 134 1522
1.68314680628006 60 253
0 37 0
19.3281559435794 73 630
0 37 0
19.3281559435794 73 630
0 37 0
0 37 0
0 37 0
0 37 0
5.75787773367669 69 496
4.78829145396522 68 465
0 37 0
14.3522622827425 89 731
12.5433816353502 72 595
0 37 0
4.78829145396522 68 465
0 37 0
0 37 0
1.0015508245308 55 153
2.10169939917695 62 300
0 37 0
19.3281559435794 73 630
0 37 0
0 37 0
7.11513253074889 70 528
0 37 0
0 37 0
39.7361241133257 141 1385
0 37 0
0 37 0
21.7255940155486 92 801
4.19060904683675 78 456
0 37 0
0 37 0
0 37 0
0 37 0
0 37 0
0 37 0
0 37 0
9.1508186933734 71 561
0 37 0
23.9476414915488 87 673
0.903883153190681 54 136
0 37 0
0 37 0
9.51607634641931 81 463
0 37 0
12.5433816353502 72 595
10.6458009910026 85 553
0 37 0
0 37 0
0 37 0
19.3281559435794 73 630
32.3745631682257 107 1191
0.936373520658213 50 48
0 37 0
0 37 0
0 37 0
0 37 0
0 37 0
0 37 0
0 37 0
19.3281559435794 73 630
6.16766873117634 85 561
0 37 0
0 37 0
0 37 0
0 37 0
0 37 0
26.4067354545863 126 1087
12.5433816353502 72 595
0 37 0
0 37 0
0 37 0
0 37 0
5.68418217765939 72 291
0 37 0
0 37 0
0 37 0
1.10937654665437 56 171
0 37 0
19.3281559435794 73 630
42.68469970582 157 1594
0 37 0
0 37 0
19.3281559435794 73 630
0 37 0
0 37 0
8.07496933053932 91 711
0 37 0
46.3437342029523 138 1660
19.3281559435794 73 630
0 37 0
0 37 0
0 37 0
12.5433816353502 72 595
0 37 0
0 37 0
25.0221048460429 103 1065
0 37 0
0 37 0
1.68314680628006 60 253
0 37 0
19.3281559435794 73 630
0 37 0
0.659020951705018 51 91
4.91773860696472 73 310
19.3281559435794 73 630
0 37 0
0 37 0
0 37 0
0 37 0
0 37 0
0 37 0
5.75787773367669 69 496
0 37 0
0 37 0
48.5195544432541 157 1823
11.2040588350211 74 324
0 37 0
0 37 0
0 37 0
0.590192979303339 50 78
19.8908186875321 103 1060
0 37 0
0 37 0
0 37 0
9.88960806755159 83 514
7.11513253074889 70 528
7.11513253074889 70 528
0 37 0
0 37 0
0 37 0
0 37 0
0 37 0
9.1508186933734 71 561
0 37 0
1.87752486026956 61 276
0 37 0
0 37 0
0 37 0
0 37 0
24.9649978960392 105 1123
22.1549062598494 95 861
0 37 0
19.3281559435794 73 630
0 37 0
0 37 0
0 37 0
0 37 0
0 37 0
0 37 0
0 37 0
0 37 0
0 37 0
12.5433816353502 72 595
0 37 0
0 37 0
1.51297144530329 59 231
0.183139144793511 42 10
0 37 0
0 37 0
0 37 0
0 37 0
0 37 0
0 37 0
0 37 0
0 37 0
0 37 0
0 37 0
0 37 0
0 37 0
1.87752486026956 61 276
0 37 0
0 37 0
2.67197840056503 64 351
0 37 0
0 37 0
0 37 0
0 37 0
0 37 0
38.9058672630167 108 1225
0 37 0
0 37 0
9.1508186933734 71 561
4.78829145396522 68 465
4.06099174987508 67 435
0 37 0
7.11513253074889 70 528
0 37 0
19.3281559435794 73 630
16.492917986759 103 712
0.0708734642758903 39 1
0 37 0
2.67197840056503 64 351
0 37 0
0 37 0
19.3281559435794 73 630
0 37 0
0 37 0
0 37 0
0 37 0
0 37 0
0 37 0
0 37 0
0 37 0
0 37 0
0 37 0
0 37 0
0 37 0
0 37 0
38.9058672630167 108 1225
0 37 0
31.353210549222 106 1156
0 37 0
0 37 0
0 37 0
14.6092186762528 84 529
2.67197840056503 64 351
0 37 0
0 37 0
0.590192979303339 50 78
0 37 0
57.5310448086628 159 1802
0 37 0
0 37 0
19.3281559435794 73 630
0 37 0
19.3281559435794 73 630
27.3196081687913 104 1089
19.3281559435794 73 630
0 37 0
0 37 0
19.3281559435794 73 630
0 37 0
0 37 0
19.3281559435794 73 630
5.75787773367669 69 496
5.75787773367669 69 496
0 37 0
0.814977303825881 53 120
0 37 0
0 37 0
0 37 0
0 37 0
19.3281559435794 73 630
0 37 0
0 37 0
38.7354700375205 134 1522
0 37 0
0 37 0
0 37 0
0 37 0
0 37 0
0 37 0
0 37 0
0 37 0
0 37 0
38.9058672630167 108 1225
8.98831331640408 93 765
0 37 0
0 37 0
0 37 0
0 37 0
0 37 0
0 37 0
0 37 0
9.1508186933734 71 561
0 37 0
0 37 0
0 37 0
0 37 0
1.0015508245308 55 153
0 37 0
0 37 0
0 37 0
0 37 0
0 37 0
7.99782132305227 75 343
0 37 0
10.567422655049 72 289
2.10169939917695 62 300
0 37 0
0 37 0
34.2960417879845 108 819
0 37 0
9.1508186933734 71 561
12.5433816353502 72 595
0 37 0
0 37 0
1.0015508245308 55 153
8.33839782331404 91 727
0.467360347529399 48 55
3.87055742961539 69 252
13.3039756283368 76 601
0 37 0
0 37 0
0 37 0
0.814977303825881 53 120
9.1508186933734 71 561
0 37 0
19.3281559435794 73 630
0 37 0
0 37 0
1.36272036093785 58 210
0 37 0
0 37 0
18.8764626206132 94 784
0 37 0
4.29776686301694 61 97
19.3281559435794 73 630
2.3302486623678 49 31
0.814977303825881 53 120
0 37 0
7.11513253074889 70 528
0 37 0
0.903883153190681 54 136
0 37 0
56.0483667120653 167 2054
38.9058672630167 108 1225
0 37 0
0 37 0
0 37 0
0 37 0
1.0015508245308 55 153
0 37 0
0 37 0
4.06099174987508 67 435
38.9058672630167 108 1225
44.8756384463006 136 1603
3.04248579766521 65 378
0 37 0
0 37 0
0 37 0
0 37 0
19.3281559435794 73 630
0 37 0
0 37 0
0 37 0
0 37 0
19.3281559435794 73 630
19.3281559435794 73 630
0 37 0
0 37 0
19.3281559435794 73 630
0 37 0
2.88870149746554 71 297
0 37 0
0 37 0
2.91004873197078 69 275
0 37 0
0.526503476264534 49 66
0 37 0
19.3281559435794 73 630
0 37 0
0 37 0
19.3281559435794 73 630
0 37 0
9.1508186933734 71 561
19.3281559435794 73 630
0 37 0
0 37 0
0 37 0
1.10937654665437 56 171
0 37 0
19.3281559435794 73 630
19.3281559435794 73 630
0.183139144793511 42 10
0 37 0
25.675996865955 122 1172
0 37 0
0 37 0
3.04248579766521 65 378
0 37 0
9.1508186933734 71 561
0 37 0
4.06099174987508 67 435
12.5433816353502 72 595
0 37 0
0.733678129486922 52 105
0 37 0
0.814977303825881 53 120
0 37 0
0 37 0
0 37 0
0 37 0
0 37 0
0 37 0
29.1532491050759 111 932
5.75787773367669 69 496
0 37 0
19.3281559435794 73 630
3.85905691648581 77 429
0 37 0
0 37 0
0 37 0
0 37 0
0.106961953732248 40 3
19.3281559435794 73 630
19.3281559435794 73 630
0 37 0
0 37 0
12.5433816353502 72 595
0 37 0
0 37 0
0 37 0
2.67197840056503 64 351
0 37 0
31.353210549222 106 1156
0 37 0
0 37 0
0 37 0
0 37 0
19.3281559435794 73 630
0 37 0
0.26690351084606 44 21
0 37 0
0 37 0
0 37 0
0 37 0
0 37 0
27.204882370535 105 1126
19.3281559435794 73 630
0 37 0
0 37 0
12.5433816353502 72 595
0 37 0
4.06099174987508 67 435
19.3281559435794 73 630
0.526503476264534 49 66
0 37 0
0 37 0
0 37 0
19.3281559435794 73 630
0 37 0
0 37 0
0 37 0
0 37 0
0 37 0
0 37 0
0 37 0
21.3937069635911 132 1138
0 37 0
0 37 0
0 37 0
0 37 0
0 37 0
0 37 0
0 37 0
5.75787773367669 69 496
2.36312782645634 63 325
2.63171361469763 69 265
0 37 0
0 37 0
12.5433816353502 72 595
0 37 0
2.10169939917695 62 300
27.204882370535 105 1126
3.49521035871992 66 406
0 37 0
0 37 0
12.5433816353502 72 595
0 37 0
9.1508186933734 71 561
0 37 0
0 37 0
19.3281559435794 73 630
0 37 0
0 37 0
31.353210549222 106 1156
0 37 0
0 37 0
12.5433816353502 72 595
0 37 0
0 37 0
0 37 0
0 37 0
0 37 0
0 37 0
19.3281559435794 73 630
0 37 0
0 37 0
0 37 0
0 37 0
0 37 0
0 37 0
3.49521035871992 66 406
0 37 0
0 37 0
0 37 0
0 37 0
0 37 0
12.5433816353502 72 595
0 37 0
2.10169939917695 62 300
0 37 0
0 37 0
0 37 0
39.2132288878336 135 1561
0 37 0
81.9273514393487 201 2621
0 37 0
0 37 0
0 37 0
5.30762071553749 70 258
0 37 0
12.5433816353502 72 595
0 37 0
12.5433816353502 72 595
0 37 0
19.3281559435794 73 630
1.87752486026956 61 276
0 37 0
0 37 0
19.3281559435794 73 630
0 37 0
0 37 0
0 37 0
0 37 0
0 37 0
3.04248579766521 65 378
0 37 0
0 37 0
0 37 0
0 37 0
0 37 0
0 37 0
12.5433816353502 72 595
0 37 0
0 37 0
0 37 0
0 37 0
6.89283292615558 60 121
19.3281559435794 73 630
0 37 0
0 37 0
4.06099174987508 67 435
0 37 0
0.223919443140175 43 15
0 37 0
0 37 0
0 37 0
19.3281559435794 73 630
0 37 0
0 37 0
0 37 0
0 37 0
31.0039463503394 127 1336
0 37 0
5.75787773367669 69 496
0 37 0
0 37 0
0 37 0
0 37 0
2.67197840056503 64 351
19.3281559435794 73 630
0 37 0
0 37 0
0 37 0
0 37 0
0 37 0
19.3281559435794 73 630
0 37 0
0 37 0
0 37 0
0 37 0
12.5433816353502 72 595
0 37 0
0 37 0
0 37 0
0 37 0
19.3281559435794 73 630
0 37 0
0 37 0
0 37 0
31.353210549222 106 1156
9.1508186933734 71 561
0 37 0
0.0708734642758903 39 1
12.5433816353502 72 595
0 37 0
0 37 0
16.5903637994 113 942
0 37 0
0 37 0
0 37 0
0 37 0
0 37 0
0 37 0
12.5433816353502 72 595
36.2441049733452 131 1443
9.1508186933734 71 561
0 37 0
0 37 0
0 37 0
0 37 0
0 37 0
0 37 0
0 37 0
0 37 0
2.67197840056503 64 351
0 37 0
0 37 0
0 37 0
1.42151919776214 42 4
0.0708734642758903 39 1
0 37 0
0.526503476264534 49 66
0 37 0
0 37 0
0 37 0
1.87752486026956 61 276
31.2082939984227 115 1194
0 37 0
0 37 0
0 37 0
1.36272036093785 58 210
12.5433816353502 72 595
0 37 0
0 37 0
3.86964793180051 75 423
0 37 0
0.733678129486922 52 105
0.903883153190681 54 136
0 37 0
0.659020951705018 51 91
0 37 0
0 37 0
0 37 0
21.2495925299193 98 900
0 37 0
0 37 0
0 37 0
0 37 0
5.55602579701029 77 501
0 37 0
0 37 0
0 37 0
0 37 0
5.75787773367669 69 496
5.30762071553749 70 258
0 37 0
0 37 0
9.1508186933734 71 561
19.3281559435794 73 630
0 37 0
0 37 0
0 37 0
0 37 0
24.6933754242285 102 1024
23.4457528704745 130 1164
0 37 0
25.7543738988665 118 1114
0 37 0
4.59834743793658 81 487
0 37 0
13.190478746089 80 441
0 37 0
19.3281559435794 73 630
0 37 0
0 37 0
0 37 0
0 37 0
0 37 0
3.49521035871992 66 406
0 37 0
4.06099174987508 67 435
22.3352240457179 96 883
0 37 0
0 37 0
3.86964793180051 75 423
0 37 0
0 37 0
0 37 0
12.5433816353502 72 595
0 37 0
0 37 0
38.4526662524216 131 1258
0 37 0
0 37 0
0 37 0
0 37 0
32.0131651766356 129 1369
0 37 0
0 37 0
0 37 0
0 37 0
0 37 0
0 37 0
0 37 0
0 37 0
0 37 0
0 37 0
0 37 0
0 37 0
0 37 0
0 37 0
0.733678129486922 52 105
0 37 0
0 37 0
0 37 0
0 37 0
19.3281559435794 73 630
0 37 0
0 37 0
19.3281559435794 73 630
3.80277168316792 77 405
9.1508186933734 71 561
19.3281559435794 73 630
0 37 0
0 37 0
0 37 0
32.3745631682257 107 1191
0 37 0
12.5433816353502 72 595
0 37 0
19.1264758373855 121 1165
0.659020951705018 51 91
0 37 0
0 37 0
0 37 0
0 37 0
6.28080311431301 57 53
0 37 0
0 37 0
2.61681154548442 67 226
0 37 0
0 37 0
0 37 0
0 37 0
0 37 0
10.2517997477375 82 616
0 37 0
0 37 0
31.353210549222 106 1156
9.1508186933734 71 561
12.5433816353502 72 595
19.3281559435794 73 630
6.423488234703 76 517
0 37 0
0 37 0
0 37 0
0 37 0
0 37 0
0 37 0
0.903883153190681 54 136
12.5433816353502 72 595
4.06006861892299 78 420
0 37 0
0 37 0
0 37 0
0 37 0
2.10169939917695 62 300
0 37 0
1.22906499818033 57 190
1.22906499818033 57 190
0 37 0
0 37 0
13.7914756470289 99 934
0 37 0
0 37 0
11.4048204949212 98 606
0 37 0
4.78829145396522 68 465
0 37 0
0 37 0
0 37 0
12.5433816353502 72 595
12.5433816353502 72 595
4.06099174987508 67 435
3.49521035871992 66 406
0 37 0
19.3281559435794 73 630
1.22906499818033 57 190
0 37 0
0 37 0
45.5004663114559 137 1631
0 37 0
0 37 0
0 37 0
0 37 0
9.1508186933734 71 561
20.9734673958962 84 685
7.11513253074889 70 528
0 37 0
0 37 0
3.49521035871992 66 406
11.2853570514718 98 694
0 37 0
7.11513253074889 70 528
0 37 0
2.67197840056503 64 351
12.5433816353502 72 595
0 37 0
0 37 0
0 37 0
0 37 0
12.5433816353502 72 595
17.9852281992669 102 1026
0 37 0
0 37 0
19.3281559435794 73 630
0 37 0
0.106961953732248 40 3
19.3281559435794 73 630
9.1508186933734 71 561
0 37 0
0 37 0
12.5433816353502 72 595
0 37 0
0 37 0
19.3281559435794 73 630
21.6043042923228 94 667
19.3281559435794 73 630
9.1508186933734 71 561
0 37 0
19.3281559435794 73 630
12.5433816353502 72 595
2.10169939917695 62 300
0 37 0
0 37 0
0 37 0
0 37 0
0 37 0
0 37 0
0 37 0
0 37 0
0 37 0
0 37 0
52.3919494299871 162 1910
0 37 0
0 37 0
0 37 0
12.5433816353502 72 595
0 37 0
0 37 0
0 37 0
42.5753143948994 127 1396
0 37 0
0 37 0
0 37 0
32.3745631682257 107 1191
24.9649978960392 105 1123
0 37 0
0 37 0
0 37 0
0.733678129486922 52 105
0 37 0
0 37 0
0 37 0
0 37 0
0 37 0
0 37 0
0 37 0
12.5433816353502 72 595
0 37 0
0.312398362186697 45 28
0.26690351084606 44 21
0 37 0
0 37 0
0 37 0
3.04248579766521 65 378
58.7320792311384 142 1786
14.7335883400913 92 785
0 37 0
0 37 0
0 37 0
0 37 0
0 37 0
0 37 0
1.87752486026956 61 276
0 37 0
0 37 0
19.3281559435794 73 630
0 37 0
0 37 0
0 37 0
19.3281559435794 73 630
12.5433816353502 72 595
7.11513253074889 70 528
19.3281559435794 73 630
0 37 0
0 37 0
15.6005367878612 100 963
12.5433816353502 72 595
0 37 0
0 37 0
0 37 0
0 37 0
0 37 0
0 37 0
2.36312782645634 63 325
19.3281559435794 73 630
0 37 0
0 37 0
0 37 0
0 37 0
8.8646213277733 92 735
8.98831331640408 93 765
0 37 0
1.57902015811884 60 211
0 37 0
0 37 0
0 37 0
0 37 0
0 37 0
0 37 0
19.3281559435794 73 630
5.75787773367669 69 496
0 37 0
0 37 0
11.9315241149118 89 651
0 37 0
0 37 0
21.9957637935529 94 840
1.22906499818033 57 190
0 37 0
0 37 0
3.49521035871992 66 406
0 37 0
0 37 0
32.3745631682257 107 1191
0 37 0
0 37 0
0 37 0
50.4109023712466 139 1684
19.3281559435794 73 630
0 37 0
0 37 0
7.11513253074889 70 528
0 37 0
3.04248579766521 65 378
0 37 0
0 37 0
0 37 0
20.9734673958962 84 685
0 37 0
19.3281559435794 73 630
0 37 0
0 37 0
3.1847294685554 70 268
0.360729316266706 46 36
0 37 0
0 37 0
0 37 0
0 37 0
9.1508186933734 71 561
0 37 0
27.204882370535 105 1126
0.659020951705018 51 91
0 37 0
0.412251445443191 47 45
38.9058672630167 108 1225
0 37 0
0 37 0
0 37 0
0 37 0
9.1508186933734 71 561
24.6933754242285 102 1024
0 37 0
22.7706009041597 100 961
45.7343830728914 140 1447
0 37 0
0 37 0
0 37 0
0 37 0
12.5433816353502 72 595
0 37 0
7.99782132305227 75 343
0 37 0
0 37 0
0 37 0
3.49521035871992 66 406
0 37 0
0 37 0
0 37 0
0 37 0
4.78829145396522 68 465
0 37 0
9.1508186933734 71 561
0 37 0
6.77489026881185 89 485
0 37 0
0 37 0
19.3281559435794 73 630
0 37 0
4.78829145396522 68 465
46.4476956773059 149 1609
0 37 0
0 37 0
2.36312782645634 63 325
4.06099174987508 67 435
12.5433816353502 72 595
0 37 0
4.78829145396522 68 465
0 37 0
0 37 0
0 37 0
0 37 0
0 37 0
0 37 0
0 37 0
0 37 0
0 37 0
0 37 0
19.3281559435794 73 630
0 37 0
19.3281559435794 73 630
16.1359448550427 98 920
0 37 0
0 37 0
0 37 0
0 37 0
0 37 0
19.3281559435794 73 630
0 37 0
2.67197840056503 64 351
2.36312782645634 63 325
29.1341632110855 106 1158
0 37 0
0 37 0
0 37 0
19.3281559435794 73 630
0 37 0
7.11513253074889 70 528
0 37 0
0 37 0
19.3281559435794 73 630
0 37 0
0 37 0
0 37 0
0 37 0
8.84404196562058 88 681
0 37 0
0 37 0
0 37 0
0 37 0
0 37 0
0 37 0
0 37 0
13.7914756470289 99 934
22.4490830154451 116 1011
0 37 0
0 37 0
0 37 0
12.5433816353502 72 595
0 37 0
18.6250217709292 101 993
0 37 0
0 37 0
28.2941510474764 131 1435
18.8764626206132 94 784
14.4126851202108 95 813
24.3465337006 102 1036
0 37 0
3.04248579766521 65 378
0.733678129486922 52 105
0 37 0
0 37 0
0.733678129486922 52 105
1.87752486026956 61 276
0 37 0
0 37 0
19.3281559435794 73 630
22.3352240457179 96 883
20.5728738301045 79 645
0 37 0
12.5433816353502 72 595
0 37 0
5.75787773367669 69 496
0.903883153190681 54 136
19.3281559435794 73 630
0 37 0
0 37 0
0 37 0
0 37 0
19.3281559435794 73 630
4.07230427074574 77 444
0 37 0
0 37 0
0 37 0
0 37 0
0 37 0
1.51297144530329 59 231
0 37 0
0 37 0
7.11513253074889 70 528
9.1508186933734 71 561
0 37 0
0 37 0
0 37 0
2.67197840056503 64 351
17.9852281992669 102 1026
31.332509976986 127 1342
0 37 0
0 37 0
12.5433816353502 72 595
0 37 0
0 37 0
0 37 0
0 37 0
0 37 0
0 37 0
0 37 0
0 37 0
0 37 0
10.5924364932403 95 828
9.1508186933734 71 561
0 37 0
0 37 0
0 37 0
0 37 0
0 37 0
3.54367503466088 60 123
19.3281559435794 73 630
2.36312782645634 63 325
0 37 0
11.4004191110691 92 771
1.10937654665437 56 171
0 37 0
19.3281559435794 73 630
4.06099174987508 67 435
9.1508186933734 71 561
0 37 0
6.52735772443981 89 581
0 37 0
0 37 0
0 37 0
0 37 0
0 37 0
14.121651500692 86 406
0 37 0
0 37 0
12.5433816353502 72 595
0 37 0
0 37 0
2.36312782645634 63 325
0 37 0
0.360729316266706 46 36
36.9461662391263 133 1495
0 37 0
0 37 0
0 37 0
0 37 0
9.1508186933734 71 561
0 37 0
0 37 0
3.49521035871992 66 406
0 37 0
10.9914911654861 96 847
0 37 0
3.49521035871992 66 406
3.2227179381811 73 370
0 37 0
0 37 0
0 37 0
0 37 0
0 37 0
0 37 0
0 37 0
7.11513253074889 70 528
0 37 0
0 37 0
0 37 0
0 37 0
0 37 0
0 37 0
0 37 0
0 37 0
0 37 0
1.10937654665437 56 171
1.10937654665437 56 171
0.814977303825881 53 120
0 37 0
0 37 0
0 37 0
0 37 0
0 37 0
19.3281559435794 73 630
0 37 0
0 37 0
0 37 0
0 37 0
0 37 0
19.3281559435794 73 630
0 37 0
0 37 0
0 37 0
0 37 0
0.526503476264534 49 66
0 37 0
0 37 0
0 37 0
0 37 0
0 37 0
0 37 0
3.04248579766521 65 378
0 37 0
0 37 0
12.5433816353502 72 595
0 37 0
9.1508186933734 71 561
0 37 0
0 37 0
1.0015508245308 55 153
0 37 0
0 37 0
0 37 0
0 37 0
1.87752486026956 61 276
19.3281559435794 73 630
0 37 0
1.36272036093785 58 210
0 37 0
19.3281559435794 73 630
0 37 0
1.36272036093785 58 210
0 37 0
0 37 0
0 37 0
12.5433816353502 72 595
0 37 0
12.5433816353502 72 595
3.04248579766521 65 378
0 37 0
0 37 0
0 37 0
19.3281559435794 73 630
0 37 0
19.3281559435794 73 630
0 37 0
0 37 0
0 37 0
19.3281559435794 73 630
0 37 0
0 37 0
38.9058672630167 108 1225
0 37 0
0 37 0
0 37 0
0 37 0
0 37 0
4.06099174987508 67 435
0 37 0
0 37 0
0 37 0
0 37 0
0 37 0
0 37 0
0 37 0
12.5433816353502 72 595
1.36272036093785 58 210
9.1508186933734 71 561
0 37 0
0 37 0
0 37 0
0 37 0
0 37 0
0 37 0
13.4789686672767 93 757
0 37 0
7.89405804360263 87 604
0 37 0
0 37 0
0 37 0
0.0708734642758903 39 1
0 37 0
11.6350149575251 94 786
0 37 0
0 37 0
0 37 0
25.0221048460429 103 1065
0 37 0
19.3281559435794 73 630
0 37 0
25.0221048460429 103 1065
0 37 0
0 37 0
0 37 0
2.10169939917695 62 300
15.4592467212474 94 517
0 37 0
0 37 0
0 37 0
0 37 0
0.106961953732248 40 3
42.0187002700537 122 1316
19.3281559435794 73 630
0 37 0
19.3281559435794 73 630
0 37 0
0 37 0
0 37 0
38.9058672630167 108 1225
0 37 0
3.49521035871992 66 406
0 37 0
0 37 0
19.3281559435794 73 630
0 37 0
0 37 0
16.9769741325103 110 924
0 37 0
0 37 0
0 37 0
0 37 0
0 37 0
12.5433816353502 72 595
0 37 0
0 37 0
0 37 0
0 37 0
7.52324599852598 73 307
0 37 0
0 37 0
0 37 0
8.4861586837362 77 381
0 37 0
0 37 0
0 37 0
0 37 0
38.9058672630167 108 1225
17.1007895876348 107 788
0 37 0
0 37 0
0.183139144793511 42 10
0.590192979303339 50 78
0 37 0
0 37 0
0 37 0
23.5020253060887 98 794
19.3281559435794 73 630
0 37 0
0 37 0
3.49521035871992 66 406
0 37 0
0 37 0
0 37 0
0 37 0
0 37 0
19.3281559435794 73 630
0 37 0
0 37 0
12.5433816353502 72 595
0 37 0
0 37 0
0 37 0
0 37 0
0 37 0
0 37 0
5.75787773367669 69 496
0 37 0
0 37 0
0 37 0
12.5433816353502 72 595
0.412251445443191 47 45
12.4484923843575 96 861
0 37 0
0.733678129486922 52 105
0 37 0
19.3281559435794 73 630
0 37 0
0 37 0
0 37 0
0 37 0
19.3281559435794 73 630
0 37 0
0 37 0
12.5433816353502 72 595
0 37 0
0 37 0
9.1508186933734 71 561
0 37 0
19.3281559435794 73 630
5.75787773367669 69 496
28.5416271627875 106 1090
0 37 0
0 37 0
7.79663857523573 82 486
0 37 0
0 37 0
0 37 0
17.9852281992669 102 1026
12.5433816353502 72 595
0 37 0
0 37 0
16.1505075032529 88 625
61.7157166278638 175 2034
0 37 0
24.9649978960392 105 1123
0 37 0
1.10937654665437 56 171
3.49521035871992 66 406
11.4004191110691 92 771
0 37 0
19.3281559435794 73 630
0 37 0
0 37 0
0 37 0
0 37 0
0 37 0
2.67197840056503 64 351
0 37 0
0 37 0
19.3281559435794 73 630
0 37 0
22.7706009041597 100 961
0 37 0
0 37 0
0 37 0
19.3281559435794 73 630
0 37 0
3.49521035871992 66 406
19.3281559435794 73 630
0 37 0
0.814977303825881 53 120
0 37 0
0 37 0
0 37 0
0 37 0
33.7217401698609 109 1192
0 37 0
1.54264891306954 48 27
0 37 0
0 37 0
0 37 0
19.3281559435794 73 630
0 37 0
0 37 0
19.3281559435794 73 630
12.5433816353502 72 595
19.3281559435794 73 630
0 37 0
0 37 0
0 37 0
0 37 0
0 37 0
0 37 0
32.3745631682257 107 1191
2.06129570558638 65 218
0 37 0
0.223919443140175 43 15
0 37 0
0 37 0
4.78829145396522 68 465
0 37 0
19.3281559435794 73 630
1.22906499818033 57 190
0 37 0
33.2346262695697 112 991
0 37 0
32.3745631682257 107 1191
1.51297144530329 59 231
0 37 0
3.1190990079454 72 309
0 37 0
0 37 0
0 37 0
38.9058672630167 108 1225
5.75787773367669 69 496
1.10937654665437 56 171
0 37 0
15.5142827346037 97 871
0 37 0
0 37 0
0 37 0
0 37 0
0 37 0
0 37 0
2.10169939917695 62 300
0 37 0
0 37 0
12.5433816353502 72 595
0.312398362186697 45 28
0 37 0
0 37 0
6.40047460441877 63 106
0 37 0
0 37 0
19.3281559435794 73 630
0 37 0
0 37 0
0 37 0
0 37 0
0 37 0
1.68314680628006 60 253
0 37 0
0 37 0
5.63586631492332 77 384
6.47456876572286 76 363
0 37 0
0 37 0
0 37 0
0 37 0
0 37 0
0.526503476264534 49 66
19.3281559435794 73 630
0 37 0
14.7538382102125 107 682
0 37 0
20.283579470609 76 633
0 37 0
0 37 0
0 37 0
0 37 0
0 37 0
0 37 0
0 37 0
19.3281559435794 73 630
0 37 0
0 37 0
5.56274786197571 68 189
0 37 0
0 37 0
0 37 0
0 37 0
0 37 0
0 37 0
0 37 0
0 37 0
0 37 0
0.223919443140175 43 15
0.903883153190681 54 136
0 37 0
0 37 0
0 37 0
0 37 0
0 37 0
9.1508186933734 71 561
0 37 0
4.78829145396522 68 465
0 37 0
0 37 0
0 37 0
0.0708734642758903 39 1
6.43654554669431 81 466
19.3281559435794 73 630
0 37 0
0 37 0
0 37 0
0 37 0
0 37 0
0 37 0
12.5433816353502 72 595
0.590192979303339 50 78
0 37 0
0 37 0
0.814977303825881 53 120
0 37 0
12.5433816353502 72 595
0 37 0
19.3281559435794 73 630
0 37 0
0 37 0
12.5433816353502 72 595
0 37 0
19.3281559435794 73 630
20.894921456809 83 675
0 37 0
19.3281559435794 73 630
0 37 0
0 37 0
0 37 0
32.3745631682257 107 1191
5.40517451893352 82 540
0 37 0
0 37 0
0 37 0
0 37 0
12.5433816353502 72 595
0 37 0
0 37 0
0 37 0
0.106961953732248 40 3
0 37 0
0 37 0
0.0708734642758903 39 1
0 37 0
0 37 0
5.75787773367669 69 496
23.8235438493769 101 1008
0 37 0
7.11513253074889 70 528
0 37 0
1.22906499818033 57 190
0 37 0
0 37 0
0 37 0
0 37 0
30.1767568567096 112 901
0 37 0
0 37 0
0 37 0
0 37 0
0 37 0
19.3281559435794 73 630
1.22906499818033 57 190
12.5433816353502 72 595
10.1563333995425 95 821
0 37 0
0 37 0
0 37 0
0 37 0
0 37 0
0 37 0
45.5004663114559 137 1631
0 37 0
0 37 0
29.1341632110855 106 1158
0 37 0
19.3281559435794 73 630
9.1508186933734 71 561
0 37 0
0 37 0
0 37 0
0 37 0
0 37 0
0 37 0
12.5433816353502 72 595
0 37 0
0.223919443140175 43 15
0 37 0
0 37 0
0 37 0
0 37 0
0 37 0
0 37 0
7.11513253074889 70 528
0 37 0
0 37 0
0 37 0
0 37 0
31.353210549222 106 1156
2.10169939917695 62 300
0 37 0
0 37 0
0 37 0
19.3281559435794 73 630
19.3281559435794 73 630
0 37 0
0 37 0
0.183139144793511 42 10
0 37 0
19.551199846136 104 541
0 37 0
0 37 0
0 37 0
0 37 0
0 37 0
0 37 0
0 37 0
0 37 0
0.590192979303339 50 78
0 37 0
0 37 0
0 37 0
0 37 0
1.10937654665437 56 171
0 37 0
0 37 0
0 37 0
0 37 0
0 37 0
19.3281559435794 73 630
0 37 0
6.98155705583542 83 587
0 37 0
8.23572543151987 95 646
0 37 0
0 37 0
0 37 0
58.7320792311384 142 1786
19.3281559435794 73 630
0 37 0
0 37 0
19.3281559435794 73 630
0 37 0
38.9058672630167 108 1225
0 37 0
0 37 0
12.5433816353502 72 595
0 37 0
5.75787773367669 69 496
7.11513253074889 70 528
7.11513253074889 70 528
0 37 0
12.5433816353502 72 595
0 37 0
0 37 0
45.4157284381694 146 1462
0 37 0
0 37 0
0 37 0
3.49521035871992 66 406
0 37 0
0 37 0
15.2028082858863 104 812
0 37 0
0 37 0
0 37 0
0 37 0
19.3281559435794 73 630
0 37 0
7.11513253074889 70 528
0 37 0
1.36272036093785 58 210
4.78829145396522 68 465
0 37 0
0 37 0
17.0687101944992 100 973
58.7320792311384 142 1786
0 37 0
0 37 0
0 37 0
0 37 0
2.36312782645634 63 325
3.71729094429196 76 381
0 37 0
0 37 0
0 37 0
27.204882370535 105 1126
21.5014354029753 90 766
0 37 0
12.5888656942029 98 906
0 37 0
0 37 0
0 37 0
0 37 0
15.2761013277128 95 848
0 37 0
0 37 0
2.10169939917695 62 300
0.223919443140175 43 15
0 37 0
0 37 0
0 37 0
29.7700271829952 126 1280
5.75787773367669 69 496
0 37 0
0 37 0
0 37 0
1.5901905418673 60 151
3.49521035871992 66 406
0.360729316266706 46 36
0 37 0
0 37 0
0 37 0
0 37 0
0 37 0
19.3281559435794 73 630
12.5433816353502 72 595
0 37 0
0 37 0
0 37 0
9.1508186933734 71 561
0 37 0
0 37 0
0 37 0
19.3281559435794 73 630
0 37 0
0 37 0
0 37 0
0 37 0
0 37 0
19.3281559435794 73 630
0 37 0
0 37 0
0 37 0
0 37 0
0 37 0
12.5433816353502 72 595
0 37 0
2.67197840056503 64 351
0 37 0
0 37 0
19.3281559435794 73 630
12.5433816353502 72 595
0 37 0
0 37 0
0 37 0
0 37 0
1.33713552159339 56 101
0 37 0
0 37 0
19.3281559435794 73 630
0 37 0
0 37 0
0 37 0
38.9058672630167 108 1225
0 37 0
0 37 0
7.11513253074889 70 528
12.5433816353502 72 595
0 37 0
0 37 0
0 37 0
0 37 0
0 37 0
0 37 0
2.10169939917695 62 300
2.10169939917695 62 300
15.3608888494027 86 576
6.47930871518864 66 140
0 37 0
0 37 0
0 37 0
0 37 0
0 37 0
0 37 0
0 37 0
4.49785286978592 52 49
0 37 0
0 37 0
12.5433816353502 72 595
27.204882370535 105 1126
0.412251445443191 47 45
0 37 0
1.22906499818033 57 190
0 37 0
0 37 0
0 37 0
21.6076202186787 113 969
1.42151919776214 42 4
0 37 0
8.37956834966811 92 741
14.3522622827425 89 731
0 37 0
0 37 0
0 37 0
24.6933754242285 102 1024
0 37 0
0 37 0
0 37 0
7.11513253074889 70 528
0 37 0
0 37 0
20.1636932303894 75 631
0 37 0
5.75787773367669 69 496
1.22906499818033 57 190
0 37 0
0 37 0
0 37 0
0 37 0
0 37 0
0 37 0
19.3281559435794 73 630
19.3281559435794 73 630
0 37 0
0.223919443140175 43 15
0 37 0
0 37 0
11.0905886962999 96 853
20.5728738301045 79 645
19.3281559435794 73 630
4.78829145396522 68 465
21.7875162150532 104 1091
7.11513253074889 70 528
1.68314680628006 60 253
0.903883153190681 54 136
25.9280712087472 104 1095
0 37 0
0 37 0
0 37 0
14.8983943903211 100 967
0 37 0
24.6933754242285 102 1024
9.1508186933734 71 561
0 37 0
0 37 0
0 37 0
0 37 0
0 37 0
0 37 0
5.75787773367669 69 496
0 37 0
0 37 0
0 37 0
0 37 0
0 37 0
0 37 0
0 37 0
0 37 0
0 37 0
0 37 0
0 37 0
0 37 0
3.49521035871992 66 406
9.1508186933734 71 561
0 37 0
0 37 0
0 37 0
2.94679867543421 70 346
0 37 0
0 37 0
22.7824323018641 98 930
0 37 0
0 37 0
0 37 0
1.0015508245308 55 153
0 37 0
0 37 0
1.22906499818033 57 190
19.3281559435794 73 630
12.5433816353502 72 595
13.3039756283368 76 601
0 37 0
0 37 0
0 37 0
42.3344517086667 125 1361
0 37 0
3.49521035871992 66 406
0 37 0
27.204882370535 105 1126
0 37 0
0 37 0
0 37 0
5.75787773367669 69 496
0 37 0
0 37 0
0 37 0
0 37 0
0 37 0
0 37 0
0 37 0
0 37 0
19.3281559435794 73 630
0 37 0
16.8679117296051 99 931
0 37 0
0 37 0
19.3281559435794 73 630
7.11513253074889 70 528
0 37 0
0 37 0
0 37 0
12.5433816353502 72 595
0 37 0
0 37 0
0.412251445443191 47 45
0 37 0
0 37 0
24.9649978960392 105 1123
19.3281559435794 73 630
0 37 0
16.1505075032529 88 625
0 37 0
0 37 0
0 37 0
0 37 0
0 37 0
2.36312782645634 63 325
0 37 0
0 37 0
0 37 0
0 37 0
0 37 0
0 37 0
9.1508186933734 71 561
1.68314680628006 60 253
0 37 0
1.10937654665437 56 171
0 37 0
1.68314680628006 60 253
9.1508186933734 71 561
0 37 0
0 37 0
0 37 0
0 37 0
5.75787773367669 69 496
4.78829145396522 68 465
0 37 0
27.204882370535 105 1126
0 37 0
2.10169939917695 62 300
9.1508186933734 71 561
12.5433816353502 72 595
12.5433816353502 72 595
7.11513253074889 70 528
0 37 0
19.3281559435794 73 630
0 37 0
0 37 0
0 37 0
0.903883153190681 54 136
0 37 0
0 37 0
0 37 0
0 37 0
0 37 0
0 37 0
24.1859132766049 127 1330
0 37 0
7.11513253074889 70 528
0 37 0
19.3281559435794 73 630
0 37 0
0 37 0
4.06099174987508 67 435
0 37 0
0 37 0
0 37 0
0 37 0
0 37 0
0 37 0
0 37 0
19.3281559435794 73 630
4.06099174987508 67 435
0 37 0
0 37 0
0 37 0
3.49521035871992 66 406
0 37 0
1.0015508245308 55 153
0 37 0
0.312398362186697 45 28
0 37 0
0.467360347529399 48 55
0 37 0
0 37 0
1.87752486026956 61 276
0 37 0
0 37 0
19.3281559435794 73 630
0 37 0
0 37 0
0 37 0
3.89615840941756 50 36
5.75787773367669 69 496
1.87752486026956 61 276
0 37 0
0 37 0
12.6533131253354 96 843
4.78829145396522 68 465
0 37 0
0 37 0
19.3281559435794 73 630
0 37 0
18.8764626206132 94 784
0 37 0
9.1508186933734 71 561
0 37 0
0 37 0
0 37 0
0.590192979303339 50 78
0 37 0
0 37 0
0 37 0
0 37 0
0 37 0
0 37 0
0 37 0
4.06099174987508 67 435
0 37 0
0 37 0
12.5433816353502 72 595
0 37 0
19.3281559435794 73 630
0.814977303825881 53 120
32.3745631682257 107 1191
0 37 0
38.9058672630167 108 1225
0 37 0
45.2967019765751 139 1687
0 37 0
0 37 0
0 37 0
9.1508186933734 71 561
22.7824323018641 98 930
0 37 0
11.6350149575251 94 786
31.353210549222 106 1156
0 37 0
0 37 0
0 37 0
0 37 0
0 37 0
0 37 0
7.11513253074889 70 528
0 37 0
0 37 0
0 37 0
0 37 0
21.7255940155486 92 801
12.7952321074124 96 637
0 37 0
0 37 0
0 37 0
0 37 0
0 37 0
0 37 0
0 37 0
4.78829145396522 68 465
0 37 0
0 37 0
0 37 0
0 37 0
21.6088494643464 91 783
0 37 0
0 37 0
0 37 0
0 37 0
0 37 0
0 37 0
0 37 0
0 37 0
0 37 0
0 37 0
0 37 0
0 37 0
19.3281559435794 73 630
0 37 0
29.5859501945734 115 1144
12.5433816353502 72 595
9.1508186933734 71 561
19.3281559435794 73 630
1.0015508245308 55 153
26.6984842091483 110 1086
9.1508186933734 71 561
0.526503476264534 49 66
25.0221048460429 103 1065
3.04248579766521 65 378
5.61814614649766 69 207
0 37 0
0 37 0
0.144259777692778 41 6
0 37 0
0.412251445443191 47 45
0 37 0
38.9058672630167 108 1225
0 37 0
27.204882370535 105 1126
3.04248579766521 65 378
0 37 0
0 37 0
8.37875970367929 84 619
0 37 0
0 37 0
0 37 0
0 37 0
0 37 0
0 37 0
0 37 0
0 37 0
0 37 0
0 37 0
0 37 0
0 37 0
0 37 0
0 37 0
0 37 0
0 37 0
0 37 0
0 37 0
0 37 0
19.3281559435794 73 630
19.3281559435794 73 630
0 37 0
0 37 0
0 37 0
0 37 0
0 37 0
10.567422655049 72 289
0 37 0
0 37 0
3.33435642541112 74 380
0 37 0
0 37 0
0 37 0
0 37 0
0 37 0
0.659020951705018 51 91
0 37 0
2.36312782645634 63 325
0 37 0
