"COLLES.MDM.LN" "SACKIN" "COPHENETIC"
21.3080971868986 88 735
38.9058672630167 108 1225
12.5213590274844 109 909
24.3465337006 102 1036
0 37 0
4.60580872908323 73 241
0 37 0
0.26690351084606 44 21
0.0708734642758903 39 1
4.87488357147977 81 511
0 37 0
0 37 0
37.9075588804036 141 1481
0 37 0
13.9245109187921 98 902
0 37 0
0 37 0
19.3281559435794 73 630
7.11513253074889 70 528
0 37 0
19.3281559435794 73 630
50.2821204464809 187 1882
38.9058672630167 108 1225
18.6250217709292 101 993
9.1508186933734 71 561
66.7054964689076 181 2091
0 37 0
9.1508186933734 71 561
23.6795358126154 114 1002
37.3715746999316 133 1516
0 37 0
3.49521035871992 66 406
28.8575468759412 109 829
0 37 0
19.3281559435794 73 630
25.8076394578285 111 776
0 37 0
31.9909374751299 130 1420
46.363309106498 168 1575
19.3281559435794 73 630
19.3281559435794 73 630
0 37 0
24.0157819106145 104 727
38.4179107073478 155 1392
24.9649978960392 105 1123
0 37 0
19.3281559435794 73 630
0 37 0
58.7320792311384 142 1786
0.412251445443191 47 45
19.3281559435794 73 630
0 37 0
12.5433816353502 72 595
19.0940482217938 93 497
0 37 0
9.1508186933734 71 561
3.49521035871992 66 406
0 37 0
4.78829145396522 68 465
16.9917870565312 118 1110
19.3281559435794 73 630
0 37 0
72.5927338289908 215 2217
0 37 0
0 37 0
12.5433816353502 72 595
29.1341632110855 106 1158
0.733678129486922 52 105
0 37 0
21.2495925299193 98 900
0 37 0
22.2434785634137 87 688
38.9058672630167 108 1225
19.3281559435794 73 630
68.0911691827279 181 2131
0 37 0
0 37 0
82.567822063637 225 2410
39.2132288878336 135 1561
5.75787773367669 69 496
10.194212507614 94 804
0 37 0
0 37 0
4.06099174987508 67 435
29.4536319157756 111 973
0 37 0
31.4031408521642 125 1271
0 37 0
0 37 0
24.6933754242285 102 1024
0 37 0
6.29353820606916 58 100
27.6627236421918 121 1207
0 37 0
0 37 0
55.1390079822223 175 1928
16.1051873165805 84 347
47.5500827588014 138 1654
0 37 0
4.78829145396522 68 465
19.3281559435794 73 630
17.9852281992669 102 1026
0 37 0
0 37 0
12.5433816353502 72 595
1.51297144530329 59 231
24.6933754242285 102 1024
3.04248579766521 65 378
0 37 0
0 37 0
0.360729316266706 46 36
0 37 0
0 37 0
0 37 0
11.2642007166248 87 601
72.7793247122847 174 2282
0 37 0
3.49521035871992 66 406
0 37 0
31.353210549222 106 1156
0 37 0
10.1286189092505 68 149
5.75787773367669 69 496
0 37 0
0 37 0
36.9461662391263 133 1495
0 37 0
7.11513253074889 70 528
19.3281559435794 73 630
22.3755294498578 115 784
0 37 0
0 37 0
50.3141149610163 133 1369
19.8908186875321 103 1060
19.3281559435794 73 630
0 37 0
1.68314680628006 60 253
16.1359448550427 98 920
4.06099174987508 67 435
7.11513253074889 70 528
19.3281559435794 73 630
14.6092186762528 84 529
14.7335883400913 92 785
0 37 0
0 37 0
8.58818680629983 86 648
2.10169939917695 62 300
29.6942208063141 112 925
0 37 0
0 37 0
0 37 0
0 37 0
0 37 0
0 37 0
0 37 0
2.10169939917695 62 300
0 37 0
44.3943863133842 135 1576
45.5004663114559 137 1631
71.4276298916255 205 2341
0 37 0
21.0531549014042 85 696
9.1508186933734 71 561
12.5433816353502 72 595
19.3281559435794 73 630
32.3745631682257 107 1191
0 37 0
31.353210549222 106 1156
0 37 0
0 37 0
24.0484000610881 92 322
18.9586202046443 111 942
0 37 0
25.5396955345453 111 878
0 37 0
38.9058672630167 108 1225
52.453607609254 141 1753
12.5433816353502 72 595
19.3281559435794 73 630
8.58818680629983 86 648
2.67197840056503 64 351
0 37 0
2.87175746851709 56 83
12.5433816353502 72 595
9.66169952998844 97 682
0 37 0
0 37 0
19.3281559435794 73 630
0 37 0
2.36312782645634 63 325
78.805659449285 175 2314
49.7617140336802 162 1928
0 37 0
0 37 0
0.223919443140175 43 15
0 37 0
9.1508186933734 71 561
24.6185951301989 125 1288
14.7335883400913 92 785
0 37 0
26.0874882332972 105 1066
0 37 0
0 37 0
0 37 0
0.733678129486922 52 105
0 37 0
4.06099174987508 67 435
30.696117110994 119 880
6.09388548347279 71 497
2.67197840056503 64 351
0.814977303825881 53 120
9.94003345627999 70 256
1.9048349346211 53 60
12.8555081242444 97 886
19.3281559435794 73 630
0 37 0
0 37 0
0 37 0
69.2356151621242 176 1908
19.3281559435794 73 630
34.9060591744818 145 1280
19.3281559435794 73 630
21.2195265041225 87 721
21.9957637935529 94 840
0 37 0
0 37 0
0 37 0
19.3281559435794 73 630
0 37 0
0 37 0
5.75787773367669 69 496
0.106961953732248 40 3
0 37 0
0 37 0
0 37 0
19.3281559435794 73 630
12.5433816353502 72 595
0 37 0
0 37 0
0 37 0
0 37 0
0 37 0
22.6560365845609 124 1231
0 37 0
0 37 0
0 37 0
8.09850679114655 64 169
54.6565134040649 190 1953
7.11513253074889 70 528
0 37 0
0 37 0
32.0599041490533 132 1202
0 37 0
0 37 0
2.05698457544848 44 9
0 37 0
0.312398362186697 45 28
21.8726416183653 80 641
19.3281559435794 73 630
0 37 0
33.6337185786885 103 750
52.6672022788534 181 2048
3.04248579766521 65 378
0 37 0
0 37 0
12.5433816353502 72 595
24.3320572238816 118 1072
3.04248579766521 65 378
5.75787773367669 69 496
0 37 0
0 37 0
0.659020951705018 51 91
6.67451015513847 73 469
12.5433816353502 72 595
60.3052668607241 184 2111
0 37 0
11.0804637646676 80 295
0 37 0
5.75787773367669 69 496
1.0015508245308 55 153
38.9058672630167 108 1225
0 37 0
0 37 0
37.5353832391412 133 1501
19.3281559435794 73 630
38.9058672630167 108 1225
19.1437369287837 113 721
4.06099174987508 67 435
39.6753676633469 157 1304
0 37 0
29.406594373455 100 799
0 37 0
0 37 0
42.3339425937692 154 1255
0 37 0
0 37 0
1.87752486026956 61 276
19.3281559435794 73 630
0 37 0
0 37 0
29.3534065673263 120 1109
0 37 0
19.4711408942201 86 307
0 37 0
13.4566327991783 78 610
0 37 0
31.0008723834184 127 1357
19.3281559435794 73 630
1.22906499818033 57 190
0 37 0
18.9629994012147 110 876
0 37 0
0 37 0
0 37 0
0.526503476264534 49 66
31.353210549222 106 1156
38.9058672630167 108 1225
12.5433816353502 72 595
0 37 0
0 37 0
12.5433816353502 72 595
46.7315877351967 165 1836
13.887704085012 82 484
17.8902019151224 92 729
0 37 0
0 37 0
0 37 0
2.67197840056503 64 351
78.3662694352782 217 2681
30.7191896533602 96 694
34.5472962077564 126 1186
65.6105355901714 169 2125
0 37 0
0 37 0
19.3281559435794 73 630
2.10169939917695 62 300
2.63171361469763 69 265
0 37 0
31.353210549222 106 1156
0 37 0
0 37 0
0 37 0
0 37 0
0 37 0
19.3281559435794 73 630
38.9058672630167 108 1225
0 37 0
0 37 0
7.11513253074889 70 528
19.3281559435794 73 630
0 37 0
19.3281559435794 73 630
0 37 0
21.0884891630256 103 1057
0 37 0
42.5179484558467 133 1489
3.49521035871992 66 406
19.3281559435794 73 630
24.9649978960392 105 1123
0.360729316266706 46 36
0 37 0
88.1031477937351 220 2760
1.51297144530329 59 231
0.526503476264534 49 66
38.9058672630167 108 1225
0 37 0
54.961107557305 165 2005
0 37 0
0 37 0
0 37 0
0 37 0
0 37 0
0 37 0
1.13474840881606 56 137
0 37 0
0 37 0
0 37 0
19.3281559435794 73 630
3.04248579766521 65 378
0 37 0
0 37 0
0 37 0
0 37 0
0 37 0
19.3281559435794 73 630
0 37 0
0 37 0
0 37 0
4.78829145396522 68 465
19.3281559435794 73 630
0 37 0
38.9058672630167 108 1225
0 37 0
0 37 0
15.3608888494027 86 576
0 37 0
9.1508186933734 71 561
7.11513253074889 70 528
19.3281559435794 73 630
9.1508186933734 71 561
0 37 0
10.567422655049 72 289
19.3281559435794 73 630
0 37 0
19.3281559435794 73 630
12.8555081242444 97 886
0 37 0
9.1508186933734 71 561
0 37 0
19.3281559435794 73 630
1.33169987557302 55 88
8.43776845548058 83 342
0 37 0
0 37 0
31.353210549222 106 1156
32.9792986089761 118 1054
0 37 0
18.0283685294014 106 820
4.78829145396522 68 465
0 37 0
0 37 0
11.7821271205785 110 894
1.03563195644482 43 7
0.106961953732248 40 3
0 37 0
12.5433816353502 72 595
19.3281559435794 73 630
3.04248579766521 65 378
12.5433816353502 72 595
9.1508186933734 71 561
0.360729316266706 46 36
0 37 0
0 37 0
22.327227497166 124 1254
15.5254013608929 80 234
2.10169939917695 62 300
0 37 0
0 37 0
0 37 0
0 37 0
0 37 0
0 37 0
11.7319774493766 97 879
1.0015508245308 55 153
0 37 0
26.3553933087429 129 1382
0 37 0
0 37 0
0 37 0
0 37 0
12.5433816353502 72 595
31.1989522355749 137 1083
0.412251445443191 47 45
0 37 0
12.8555081242444 97 886
0 37 0
0 37 0
16.8679117296051 99 931
0 37 0
8.65642730385514 92 749
1.0015508245308 55 153
19.3281559435794 73 630
0 37 0
0 37 0
0 37 0
34.7674337254758 133 1187
0 37 0
25.8534396734379 124 1086
0 37 0
1.87752486026956 61 276
42.7110911313342 128 1415
0 37 0
0 37 0
45.5004663114559 137 1631
12.5433816353502 72 595
2.87175746851709 56 83
0 37 0
0 37 0
0 37 0
23.1135141754049 114 960
0 37 0
12.5130329060452 78 400
0 37 0
4.64762487699601 81 498
9.1508186933734 71 561
50.9529978291102 160 1586
25.3323274467739 125 1005
0 37 0
1.22906499818033 57 190
21.3080971868986 88 735
0 37 0
0 37 0
0 37 0
3.35410747521927 68 381
32.4715926572215 126 1278
5.72255712592835 65 183
0 37 0
0 37 0
0 37 0
54.218113648325 160 1464
13.364898618731 98 912
107.296524513819 262 3161
0 37 0
19.8908186875321 103 1060
0 37 0
0.590192979303339 50 78
0 37 0
14.4126851202108 95 813
0 37 0
24.9649978960392 105 1123
7.11513253074889 70 528
32.9003298162745 133 1492
24.9936935809901 117 1031
78.805659449285 175 2314
11.950278584614 91 612
0 37 0
119.743032658034 267 3203
0 37 0
4.06099174987508 67 435
20.9852230231073 120 848
0 37 0
29.1341632110855 106 1158
4.78829145396522 68 465
8.0976435877689 90 682
14.4668452432227 90 748
19.3281559435794 73 630
0 37 0
0 37 0
0 37 0
6.11492952240214 83 570
0 37 0
14.8686653392101 87 664
0 37 0
19.3281559435794 73 630
19.3281559435794 73 630
17.0687101944992 100 973
19.3281559435794 73 630
0 37 0
0 37 0
5.09712700450849 54 64
2.67197840056503 64 351
0 37 0
4.06099174987508 67 435
19.3281559435794 73 630
30.0968562788516 126 960
2.36312782645634 63 325
29.1341632110855 106 1158
28.2229281756314 120 1101
14.4126851202108 95 813
16.0942474603992 99 474
19.3281559435794 73 630
0 37 0
0 37 0
36.3392271652363 134 1532
74.297800315618 199 2192
7.84811471347766 89 686
0 37 0
0 37 0
0 37 0
31.353210549222 106 1156
56.0430716588756 163 1960
101.6415711083 232 2772
40.5085936027416 130 1414
12.5433816353502 72 595
24.1322001319949 125 1264
0 37 0
12.5433816353502 72 595
0 37 0
3.04248579766521 65 378
0 37 0
0 37 0
0 37 0
0 37 0
0 37 0
19.3281559435794 73 630
0 37 0
18.6324410596622 102 1030
16.429186921971 93 499
38.9058672630167 108 1225
19.3281559435794 73 630
0 37 0
9.86838648588085 93 781
19.3281559435794 73 630
0 37 0
14.3646786728834 102 681
9.1508186933734 71 561
0 37 0
15.1578754321795 80 608
0 37 0
19.3281559435794 73 630
62.8966894404234 190 2283
13.3821652254707 77 605
21.8537210313749 93 820
0 37 0
0 37 0
1.0015508245308 55 153
29.1341632110855 106 1158
15.5142827346037 97 871
0 37 0
0 37 0
2.67197840056503 64 351
19.3281559435794 73 630
36.8044195086495 134 1524
26.411396676552 113 745
0 37 0
0 37 0
0.223919443140175 43 15
0 37 0
0 37 0
22.3352240457179 96 883
0 37 0
0 37 0
0 37 0
12.5433816353502 72 595
47.9064871714921 145 1555
128.952968120204 276 3463
24.6933754242285 102 1024
0 37 0
1.51297144530329 59 231
19.3281559435794 73 630
0 37 0
0 37 0
0 37 0
0 37 0
0 37 0
0 37 0
24.6933754242285 102 1024
38.9058672630167 108 1225
0 37 0
23.2636560576281 98 846
3.49521035871992 66 406
0 37 0
0 37 0
35.6955980649684 126 1362
35.9213522558407 133 1111
0 37 0
10.1070229519847 80 597
24.6933754242285 102 1024
19.3281559435794 73 630
0 37 0
9.1508186933734 71 561
0 37 0
0 37 0
24.8069653453467 99 790
0 37 0
0.412251445443191 47 45
67.7302638522833 210 2246
0 37 0
38.9058672630167 108 1225
0 37 0
0 37 0
18.2583093959182 99 680
4.06099174987508 67 435
27.3196081687913 104 1089
0 37 0
0 37 0
0.312398362186697 45 28
19.3281559435794 73 630
0 37 0
0 37 0
19.3281559435794 73 630
0 37 0
3.49521035871992 66 406
0 37 0
6.47456876572286 76 363
9.1508186933734 71 561
0 37 0
0 37 0
48.963194856088 144 1675
1.0015508245308 55 153
0 37 0
7.11513253074889 70 528
0 37 0
0 37 0
32.3221900366802 125 1329
0 37 0
58.8624563904146 168 1910
0.590192979303339 50 78
0 37 0
0 37 0
4.78829145396522 68 465
19.3281559435794 73 630
13.887704085012 82 484
4.78829145396522 68 465
47.5390201564376 157 1683
0 37 0
85.5018973873839 222 2391
20.3674786865869 116 934
0 37 0
0 37 0
0 37 0
0 37 0
33.2346262695697 112 991
44.2753493575714 138 1652
0 37 0
21.0884891630256 103 1057
0 37 0
0 37 0
0 37 0
19.3281559435794 73 630
0 37 0
0 37 0
16.9886741070479 90 676
32.3745631682257 107 1191
48.0465888292452 146 1708
0 37 0
18.8764626206132 94 784
0 37 0
1.36272036093785 58 210
0 37 0
0 37 0
1.68314680628006 60 253
0 37 0
0 37 0
37.5848606509644 125 1107
19.3281559435794 73 630
4.06006861892299 78 420
29.1341632110855 106 1158
37.2872862765649 137 1255
0 37 0
0 37 0
19.3281559435794 73 630
5.2893950761054 63 157
24.6933754242285 102 1024
6.75699777843475 88 637
69.8623131427585 195 1940
104.041260429305 241 2958
0 37 0
54.2065044722813 164 1979
0 37 0
28.4928550623456 107 903
1.22906499818033 57 190
76.3352882180651 188 1904
0 37 0
19.3281559435794 73 630
0 37 0
23.8867163444559 109 625
16.5500555711183 99 946
0 37 0
40.2672212947158 133 1327
19.3281559435794 73 630
19.3281559435794 73 630
3.04248579766521 65 378
27.3196081687913 104 1089
10.9314357645884 89 714
0 37 0
0.412251445443191 47 45
0 37 0
0 37 0
4.78829145396522 68 465
31.353210549222 106 1156
2.39168786321264 67 235
19.3281559435794 73 630
25.0813296375071 113 1078
0 37 0
12.5433816353502 72 595
0 37 0
5.75787773367669 69 496
0 37 0
28.5168665352031 119 1140
38.9058672630167 108 1225
7.11513253074889 70 528
5.75787773367669 69 496
0 37 0
12.4484923843575 96 861
0 37 0
26.8622583068204 113 1079
121.480453579527 258 3423
0 37 0
1.22906499818033 57 190
22.3352240457179 96 883
56.422164697156 157 1565
0.659020951705018 51 91
19.3281559435794 73 630
22.5371499438705 111 946
0 37 0
19.3281559435794 73 630
14.0602806025723 86 686
7.11513253074889 70 528
0 37 0
12.5433816353502 72 595
0 37 0
0 37 0
102.119771849354 231 3058
9.1508186933734 71 561
5.74353438840622 58 67
19.3281559435794 73 630
9.1508186933734 71 561
0 37 0
19.3281559435794 73 630
1.47477845297493 45 13
19.3281559435794 73 630
0 37 0
0 37 0
12.5433816353502 72 595
12.5433816353502 72 595
0 37 0
0 37 0
0.987581082141922 48 31
25.0221048460429 103 1065
0 37 0
19.3281559435794 73 630
0 37 0
0 37 0
7.11513253074889 70 528
0 37 0
0 37 0
33.5104521674862 132 1477
0 37 0
9.1508186933734 71 561
0 37 0
0 37 0
18.6568528259373 81 275
0 37 0
42.7302911481782 138 981
0 37 0
19.3281559435794 73 630
30.441249857372 121 1107
0 37 0
4.78829145396522 68 465
39.8577316189061 153 1085
3.04248579766521 65 378
0 37 0
0 37 0
0 37 0
18.6250217709292 101 993
26.4309328281807 123 1204
0 37 0
19.3281559435794 73 630
4.78829145396522 68 465
51.9899037465918 157 1825
0 37 0
38.5255764129976 146 1377
19.3281559435794 73 630
9.33862814682396 97 645
0 37 0
1.90520979787804 47 21
0.590192979303339 50 78
28.7648443626353 125 993
29.1341632110855 106 1158
0 37 0
7.11513253074889 70 528
12.5433816353502 72 595
27.3196081687913 104 1089
0 37 0
4.06099174987508 67 435
0 37 0
30.7439106545242 128 1345
56.2140371137601 162 1928
0 37 0
0 37 0
60.5525576318873 188 1982
0 37 0
52.453607609254 141 1753
32.3745631682257 107 1191
0 37 0
0 37 0
0 37 0
3.49521035871992 66 406
18.8764626206132 94 784
0 37 0
0 37 0
0 37 0
19.3281559435794 73 630
9.1508186933734 71 561
4.78829145396522 68 465
0 37 0
0 37 0
0 37 0
0 37 0
15.7942293092278 109 907
27.2313260598124 119 1172
0 37 0
31.353210549222 106 1156
0 37 0
0 37 0
4.78829145396522 68 465
0 37 0
0 37 0
4.78829145396522 68 465
0 37 0
19.3281559435794 73 630
7.52798054066555 90 696
43.4406064539322 132 1501
0 37 0
21.0884891630256 103 1057
48.6583337756714 160 1469
12.5433816353502 72 595
14.7335883400913 92 785
21.0884891630256 103 1057
19.3281559435794 73 630
0 37 0
22.5796462283687 112 976
12.4888219268155 96 608
21.3080971868986 88 735
34.5937797053342 116 1071
9.1508186933734 71 561
0 37 0
12.5433816353502 72 595
0 37 0
32.6499233461105 120 1005
0 37 0
0 37 0
0 37 0
19.3281559435794 73 630
37.5353832391412 133 1501
0.0708734642758903 39 1
9.23396023784174 88 431
0 37 0
0.814977303825881 53 120
43.1478992914091 171 1590
55.9386169443321 166 1613
8.84404196562058 88 681
30.7439106545242 128 1345
4.78829145396522 68 465
13.4789686672767 93 757
0 37 0
0 37 0
44.161811347601 139 1309
71.807170977667 185 2283
0 37 0
1.10937654665437 56 171
32.3745631682257 107 1191
0 37 0
0 37 0
9.1508186933734 71 561
19.3281559435794 73 630
19.3281559435794 73 630
1.68314680628006 60 253
42.3762569415769 137 1095
0 37 0
0 37 0
13.6717541990105 81 631
9.1508186933734 71 561
0 37 0
0 37 0
0 37 0
38.9058672630167 108 1225
12.5433816353502 72 595
40.050623315177 134 1132
9.1508186933734 71 561
12.5433816353502 72 595
21.2495925299193 98 900
0 37 0
41.2490521318423 137 1621
0 37 0
32.4873972531338 126 1348
51.2694681553317 167 1718
86.932740438068 201 2621
21.7875162150532 104 1091
12.5433816353502 72 595
10.9405459361575 95 816
0 37 0
58.7320792311384 142 1786
4.78829145396522 68 465
3.49521035871992 66 406
4.06099174987508 67 435
0 37 0
4.78829145396522 68 465
0 37 0
0 37 0
19.3281559435794 73 630
0 37 0
7.67887804502446 55 46
12.5433816353502 72 595
16.453748759831 92 661
0 37 0
19.3281559435794 73 630
0 37 0
0 37 0
0 37 0
58.7320792311384 142 1786
0 37 0
0 37 0
31.353210549222 106 1156
1.03563195644482 43 7
0 37 0
2.10169939917695 62 300
0 37 0
0 37 0
50.4109023712466 139 1684
0 37 0
0 37 0
15.5142827346037 97 871
36.7351880026412 127 1268
5.75787773367669 69 496
0 37 0
18.8764626206132 94 784
0 37 0
0 37 0
19.3281559435794 73 630
0 37 0
8.33839782331404 91 727
2.36312782645634 63 325
105.764456550067 251 2915
37.4459455310896 134 1534
0 37 0
19.3281559435794 73 630
19.3281559435794 73 630
19.3281559435794 73 630
18.0052222629888 90 325
0 37 0
0.733678129486922 52 105
19.3281559435794 73 630
37.2617085583852 136 1588
2.10169939917695 62 300
0 37 0
12.6533131253354 96 843
0 37 0
0 37 0
19.3281559435794 73 630
38.9058672630167 108 1225
9.1508186933734 71 561
0 37 0
9.1508186933734 71 561
0 37 0
32.3745631682257 107 1191
0 37 0
9.1508186933734 71 561
2.04710844933108 64 259
3.04248579766521 65 378
19.3281559435794 73 630
70.8935559201284 186 2261
47.5409623484597 139 1690
0 37 0
9.16451761447287 75 532
0 37 0
0 37 0
0 37 0
12.28074108969 92 579
14.6092186762528 84 529
0 37 0
0 37 0
16.6246814530722 90 582
9.59662196195049 92 759
9.1508186933734 71 561
27.204882370535 105 1126
10.0336376490533 90 628
21.2495925299193 98 900
0 37 0
43.1285801835276 153 1714
0 37 0
0 37 0
19.8908186875321 103 1060
21.3701283320178 119 1086
12.8555081242444 97 886
21.4651807137595 121 1177
0 37 0
0 37 0
0 37 0
0 37 0
0 37 0
12.5433816353502 72 595
12.5433816353502 72 595
0 37 0
78.6205669217363 197 2495
2.10169939917695 62 300
12.5433816353502 72 595
0 37 0
4.78829145396522 68 465
12.4520183076198 101 633
0 37 0
4.07230427074574 77 444
0.0708734642758903 39 1
31.4031408521642 125 1271
19.3281559435794 73 630
12.5433816353502 72 595
0 37 0
46.6825481137883 144 1437
12.5433816353502 72 595
0.183139144793511 42 10
37.6229553200253 124 1255
0 37 0
18.6250217709292 101 993
0 37 0
14.0211249855989 99 939
12.1155964516554 95 837
16.3510470680567 81 611
0 37 0
0 37 0
17.4543073975053 113 1041
21.4016591569216 89 750
29.1341632110855 106 1158
0 37 0
35.6955980649684 126 1362
9.1508186933734 71 561
0 37 0
0 37 0
0 37 0
0 37 0
12.5433816353502 72 595
20.3888788337572 77 636
0 37 0
19.3281559435794 73 630
40.0287935937774 130 1396
12.5433816353502 72 595
34.1828920639093 112 1201
24.3465337006 102 1036
0 37 0
0 37 0
9.90266237570623 77 576
0 37 0
0 37 0
54.6251022684747 182 1741
0 37 0
42.4505895876768 126 1378
19.3281559435794 73 630
0 37 0
15.4386730939759 114 966
0 37 0
31.0385929229019 137 1297
0 37 0
12.5433816353502 72 595
0.144259777692778 41 6
0 37 0
31.9296610793414 108 919
9.1508186933734 71 561
5.75787773367669 69 496
0 37 0
0 37 0
38.9058672630167 108 1225
0 37 0
30.01114704313 132 1463
18.8764626206132 94 784
0 37 0
96.1451160973455 249 2840
10.5924364932403 95 828
0 37 0
0.223919443140175 43 15
0.223919443140175 43 15
0 37 0
0 37 0
7.11513253074889 70 528
0 37 0
19.3281559435794 73 630
0 37 0
19.3281559435794 73 630
0 37 0
0 37 0
0 37 0
23.1103550517981 93 659
4.40824184838861 77 461
0 37 0
23.4065776799339 100 981
19.3281559435794 73 630
0 37 0
7.11513253074889 70 528
0 37 0
0 37 0
0 37 0
13.9245109187921 98 902
0 37 0
7.11513253074889 70 528
0 37 0
37.9554416792086 127 1306
0 37 0
0 37 0
0 37 0
24.6933754242285 102 1024
58.7320792311384 142 1786
0 37 0
0 37 0
67.3806081697986 213 2544
0 37 0
36.5738583473717 148 1507
35.2250081480007 145 1475
21.4667165465957 109 889
5.75787773367669 69 496
33.6734332149659 129 1379
0 37 0
0.467360347529399 48 55
0 37 0
14.4126851202108 95 813
0 37 0
0 37 0
0 37 0
9.1508186933734 71 561
73.5635042520565 194 2425
0 37 0
23.4065776799339 100 981
0 37 0
19.3281559435794 73 630
0 37 0
9.1508186933734 71 561
0 37 0
0 37 0
29.1341632110855 106 1158
3.04248579766521 65 378
0 37 0
29.8834409266538 118 1180
0 37 0
0 37 0
46.1437021271134 159 1492
0 37 0
27.3196081687913 104 1089
0 37 0
19.3281559435794 73 630
0 37 0
56.0210595145755 166 2046
0 37 0
12.5433816353502 72 595
19.3281559435794 73 630
1.47477845297493 45 13
19.8908186875321 103 1060
22.3352240457179 96 883
19.3281559435794 73 630
0.0708734642758903 39 1
0 37 0
56.2005770792339 180 2028
1.68314680628006 60 253
0 37 0
0 37 0
0 37 0
0 37 0
0 37 0
42.4281499072217 137 1275
19.3281559435794 73 630
0 37 0
19.3281559435794 73 630
0 37 0
15.0704588784615 94 826
19.3281559435794 73 630
8.37956834966811 92 741
12.5433816353502 72 595
18.8764626206132 94 784
19.3281559435794 73 630
13.9245109187921 98 902
23.0660892792464 99 955
7.11513253074889 70 528
25.0221048460429 103 1065
81.7588285263241 185 1806
0 37 0
2.10169939917695 62 300
50.4109023712466 139 1684
29.6463257658827 134 1157
19.3281559435794 73 630
0 37 0
0.814977303825881 53 120
7.11513253074889 70 528
0 37 0
58.7320792311384 142 1786
5.75787773367669 69 496
5.63586631492332 77 384
5.69531061749818 56 81
23.4065776799339 100 981
0 37 0
0.312398362186697 45 28
7.11513253074889 70 528
2.36312782645634 63 325
5.75787773367669 69 496
0 37 0
19.3281559435794 73 630
0 37 0
0 37 0
0 37 0
0 37 0
0 37 0
0 37 0
0 37 0
50.4411862347746 164 1971
19.3281559435794 73 630
19.3281559435794 73 630
0 37 0
53.2587801050776 172 1808
0 37 0
12.5433816353502 72 595
17.9172349714797 85 271
0 37 0
19.3281559435794 73 630
25.9280712087472 104 1095
0 37 0
38.9058672630167 108 1225
0 37 0
0 37 0
0 37 0
2.36312782645634 63 325
45.7355277165072 136 1585
29.3534065673263 120 1109
7.11513253074889 70 528
38.9058672630167 108 1225
0 37 0
16.1505075032529 88 625
0 37 0
19.3281559435794 73 630
19.3281559435794 73 630
26.3036668865299 99 782
17.0687101944992 100 973
19.3281559435794 73 630
0 37 0
14.0211249855989 99 939
0.144259777692778 41 6
0 37 0
11.6350149575251 94 786
0 37 0
1.10937654665437 56 171
24.6933754242285 102 1024
9.1508186933734 71 561
22.7706009041597 100 961
0 37 0
0 37 0
0 37 0
38.9058672630167 108 1225
3.5923985949466 55 73
0 37 0
0 37 0
73.2800603496135 204 2302
42.4727263488967 124 1039
19.3281559435794 73 630
0 37 0
0 37 0
5.75787773367669 69 496
0 37 0
38.9058672630167 108 1225
0 37 0
14.8983943903211 100 967
19.3281559435794 73 630
0 37 0
19.3281559435794 73 630
26.7417745597943 132 1012
0 37 0
0 37 0
0 37 0
54.2472979658857 164 1985
0 37 0
5.75787773367669 69 496
8.12182670346824 81 583
27.204882370535 105 1126
19.3281559435794 73 630
19.3281559435794 73 630
3.41888576074766 69 384
30.6024071903347 134 957
0 37 0
0 37 0
1.0015508245308 55 153
0 37 0
0 37 0
0 37 0
95.5178301596164 233 2714
0 37 0
19.3281559435794 73 630
2.10169939917695 62 300
56.6275537834616 164 1957
49.0204378991157 143 1496
0 37 0
0 37 0
1.0015508245308 55 153
12.5433816353502 72 595
13.190478746089 80 441
0 37 0
20.9734673958962 84 685
19.3281559435794 73 630
0 37 0
28.1510082612682 124 1225
12.5433816353502 72 595
9.1508186933734 71 561
19.3281559435794 73 630
0 37 0
0 37 0
0 37 0
16.396646166255 93 505
0 37 0
0 37 0
38.9058672630167 108 1225
0 37 0
0 37 0
19.3281559435794 73 630
0 37 0
21.5014354029753 90 766
0 37 0
12.5433816353502 72 595
8.4861586837362 77 381
24.6933754242285 102 1024
19.3281559435794 73 630
19.3281559435794 73 630
91.1634629916227 223 2479
12.5433816353502 72 595
0 37 0
0 37 0
0.360729316266706 46 36
0 37 0
19.3281559435794 73 630
0 37 0
32.3745631682257 107 1191
0 37 0
0 37 0
12.5433816353502 72 595
26.4844596315191 108 1075
0 37 0
7.11513253074889 70 528
0 37 0
46.7452263731838 162 1694
19.3281559435794 73 630
7.11513253074889 70 528
0 37 0
7.21568339330366 79 366
78.7107074319774 202 2322
12.5433816353502 72 595
0 37 0
4.06099174987508 67 435
0 37 0
58.7320792311384 142 1786
0 37 0
0 37 0
0 37 0
19.3281559435794 73 630
36.7017219415271 132 1459
0 37 0
17.9852281992669 102 1026
48.4176061198269 168 1682
40.0287935937774 130 1396
0 37 0
0 37 0
0 37 0
10.4112657419765 84 639
29.3135004950797 126 1290
138.54994619955 287 3845
4.78829145396522 68 465
19.3281559435794 73 630
0 37 0
4.78829145396522 68 465
0 37 0
0 37 0
0 37 0
14.8913641137771 93 805
19.3281559435794 73 630
19.3281559435794 73 630
25.9280712087472 104 1095
30.234126000497 135 1282
77.7504947176918 202 1917
0 37 0
0.312398362186697 45 28
1.22906499818033 57 190
12.6533131253354 96 843
0 37 0
0 37 0
8.20155808258601 82 594
19.3281559435794 73 630
14.8634897700103 100 667
0 37 0
0 37 0
0 37 0
12.5433816353502 72 595
37.2617085583852 136 1588
0 37 0
0.733678129486922 52 105
12.5433816353502 72 595
0 37 0
31.353210549222 106 1156
0 37 0
0 37 0
0 37 0
4.71481747906417 72 219
0 37 0
0 37 0
0 37 0
0 37 0
44.012050138599 134 1550
0 37 0
19.3281559435794 73 630
12.5433816353502 72 595
29.8044763474205 122 1164
0 37 0
0 37 0
0 37 0
0 37 0
5.2683761842944 75 346
0.106961953732248 40 3
15.495307682702 90 446
20.283579470609 76 633
38.9058672630167 108 1225
89.0083086053823 219 2649
27.3196081687913 104 1089
3.04248579766521 65 378
12.5433816353502 72 595
32.3745631682257 107 1191
16.8679117296051 99 931
0 37 0
0 37 0
38.9058672630167 108 1225
0 37 0
19.3281559435794 73 630
0 37 0
19.3281559435794 73 630
27.204882370535 105 1126
31.3045664740442 138 1254
21.5138177507232 112 1096
0 37 0
16.1505075032529 88 625
19.3281559435794 73 630
4.78829145396522 68 465
11.1392192445107 87 546
0 37 0
12.5433816353502 72 595
15.6005367878612 100 963
19.3281559435794 73 630
4.91773860696472 73 310
0 37 0
0 37 0
0 37 0
20.5728738301045 79 645
0 37 0
0 37 0
47.5586007516304 159 1806
0 37 0
19.3281559435794 73 630
35.0546035791777 133 1495
0 37 0
0 37 0
0 37 0
0 37 0
12.5433816353502 72 595
1.51297144530329 59 231
4.17344787238018 79 456
4.78829145396522 68 465
0 37 0
0 37 0
35.6333898004358 144 1505
0 37 0
0 37 0
0 37 0
60.5875216975584 163 1924
0.26690351084606 44 21
9.1508186933734 71 561
0 37 0
12.5433816353502 72 595
3.04248579766521 65 378
14.8983943903211 100 967
33.6734332149659 129 1379
0 37 0
0.106961953732248 40 3
0 37 0
1.68314680628006 60 253
9.1508186933734 71 561
0 37 0
83.827838687427 205 2315
0 37 0
0 37 0
0.659020951705018 51 91
32.7149520906108 131 1451
28.059130829717 125 1261
9.1508186933734 71 561
0.903883153190681 54 136
12.5433816353502 72 595
0 37 0
45.7355277165072 136 1585
39.2132288878336 135 1561
0 37 0
0 37 0
0 37 0
0 37 0
24.9936935809901 117 1031
8.2912992863214 84 531
27.5236580507488 131 1128
27.204882370535 105 1126
0 37 0
0 37 0
0 37 0
0 37 0
73.4485762669567 208 2436
50.4109023712466 139 1684
0 37 0
21.0884891630256 103 1057
2.36312782645634 63 325
21.0884891630256 103 1057
0 37 0
0.183139144793511 42 10
0 37 0
0 37 0
24.3465337006 102 1036
10.9914911654861 96 847
19.3281559435794 73 630
2.67197840056503 64 351
10.5931715852712 86 666
0.106961953732248 40 3
0 37 0
26.1213116051863 120 1137
0 37 0
9.1508186933734 71 561
0 37 0
0 37 0
0 37 0
21.2495925299193 98 900
0 37 0
17.9852281992669 102 1026
0.144259777692778 41 6
53.5057100635503 157 1857
0.814977303825881 53 120
0 37 0
19.3281559435794 73 630
0 37 0
0 37 0
0 37 0
78.805659449285 175 2314
0 37 0
21.2195265041225 87 721
0 37 0
8.72645908505119 87 572
7.11513253074889 70 528
9.1508186933734 71 561
0 37 0
15.9601459789434 92 529
5.75787773367669 69 496
1.36272036093785 58 210
21.0884891630256 103 1057
0 37 0
0 37 0
12.5433816353502 72 595
9.1508186933734 71 561
19.3281559435794 73 630
10.9914911654861 96 847
0 37 0
12.1230740831206 91 660
0 37 0
52.453607609254 141 1753
0 37 0
0 37 0
38.9058672630167 108 1225
0 37 0
0 37 0
38.9058672630167 108 1225
0 37 0
0 37 0
0 37 0
0 37 0
0 37 0
0 37 0
0 37 0
19.3281559435794 73 630
4.78829145396522 68 465
7.11513253074889 70 528
0 37 0
0 37 0
0 37 0
0 37 0
19.3281559435794 73 630
19.3281559435794 73 630
36.6609861783349 142 1337
11.8380066271198 94 814
0 37 0
0 37 0
0 37 0
2.67197840056503 64 351
0 37 0
19.3281559435794 73 630
0 37 0
0 37 0
9.1508186933734 71 561
32.3745631682257 107 1191
0 37 0
74.6902493417687 186 2249
0 37 0
0 37 0
0 37 0
0 37 0
34.3041805545834 113 1206
2.05698457544848 44 9
44.2753493575714 138 1652
40.4075103871885 140 888
22.3352240457179 96 883
0 37 0
22.7706009041597 100 961
27.204882370535 105 1126
1.51297144530329 59 231
4.78829145396522 68 465
0 37 0
0 37 0
0 37 0
3.04248579766521 65 378
3.49521035871992 66 406
0.183139144793511 42 10
0 37 0
13.7914756470289 99 934
0 37 0
0 37 0
0 37 0
7.7134984177383 89 469
9.24052603282642 65 121
0 37 0
24.735799715286 139 1144
0 37 0
5.75787773367669 69 496
5.75787773367669 69 496
7.11513253074889 70 528
1.22906499818033 57 190
0 37 0
24.9649978960392 105 1123
0 37 0
0 37 0
12.5433816353502 72 595
7.48329438175035 90 688
24.9649978960392 105 1123
0 37 0
0 37 0
22.7824323018641 98 930
0 37 0
7.36243653355707 85 556
12.5433816353502 72 595
2.10169939917695 62 300
9.1508186933734 71 561
19.3281559435794 73 630
0 37 0
0 37 0
0 37 0
28.7049060934212 107 1092
0 37 0
17.8357845687967 99 654
0 37 0
10.0110035471281 61 85
58.7320792311384 142 1786
1.51297144530329 59 231
0 37 0
83.5697155115693 213 2668
4.2307040228687 64 171
0 37 0
2.75241971234371 59 114
0 37 0
7.65469199406603 88 667
4.06099174987508 67 435
27.3196081687913 104 1089
47.5409623484597 139 1690
23.0660892792464 99 955
0 37 0
21.7875162150532 104 1091
19.3281559435794 73 630
24.9649978960392 105 1123
51.8342600562212 161 1885
0.467360347529399 48 55
0.659020951705018 51 91
0 37 0
0 37 0
0 37 0
2.36312782645634 63 325
2.67197840056503 64 351
21.4016591569216 89 750
29.1341632110855 106 1158
1.68314680628006 60 253
0.467360347529399 48 55
80.2348002419922 222 2455
0 37 0
58.7320792311384 142 1786
0 37 0
53.1298359477154 167 1816
0.730082160949539 48 37
0 37 0
0 37 0
19.3281559435794 73 630
1.68314680628006 60 253
0 37 0
15.3608888494027 86 576
27.3196081687913 104 1089
19.1968663068825 85 361
0 37 0
4.78829145396522 68 465
27.3196081687913 104 1089
0 37 0
0.733678129486922 52 105
4.23452737569761 75 442
2.30902215531447 61 141
0 37 0
0 37 0
21.2495925299193 98 900
0 37 0
1.0015508245308 55 153
7.11513253074889 70 528
0 37 0
9.1508186933734 71 561
17.6442300284501 109 949
19.3281559435794 73 630
0 37 0
0 37 0
0 37 0
12.5433816353502 72 595
1.47477845297493 45 13
0 37 0
0 37 0
14.9898727304678 77 599
0 37 0
19.3281559435794 73 630
0 37 0
25.9280712087472 104 1095
0 37 0
0 37 0
0 37 0
0 37 0
0 37 0
19.3281559435794 73 630
0 37 0
23.1984839823532 124 1249
0 37 0
24.9649978960392 105 1123
7.11513253074889 70 528
0.733678129486922 52 105
0 37 0
28.7841757240979 98 774
32.4715926572215 126 1278
19.3281559435794 73 630
0 37 0
8.37875970367929 84 619
0 37 0
13.1317493038518 102 806
0 37 0
0 37 0
3.49521035871992 66 406
19.3281559435794 73 630
0 37 0
0 37 0
19.3281559435794 73 630
34.2983839203298 135 1558
67.4000904059722 192 2384
7.11513253074889 70 528
0 37 0
9.1508186933734 71 561
0 37 0
0 37 0
0 37 0
17.7374759113518 101 1001
21.9957637935529 94 840
92.2724576321978 212 2644
33.5097493743707 141 1431
18.6250217709292 101 993
0 37 0
0 37 0
0 37 0
0 37 0
2.79936727796599 71 321
22.1549062598494 95 861
2.10169939917695 62 300
0 37 0
0 37 0
0 37 0
1.34591396230223 49 34
42.2248680425898 124 1345
19.3281559435794 73 630
0 37 0
0 37 0
19.3281559435794 73 630
0 37 0
0 37 0
0.903883153190681 54 136
0 37 0
0 37 0
0 37 0
34.1923505414249 121 1261
0 37 0
39.7568226565241 135 1554
0 37 0
0 37 0
5.95300704557518 86 596
0 37 0
19.3281559435794 73 630
0 37 0
0 37 0
0 37 0
0 37 0
0 37 0
38.9058672630167 108 1225
17.5255803525157 121 1159
12.5433816353502 72 595
0.733678129486922 52 105
38.4275835138158 109 779
0 37 0
9.1508186933734 71 561
12.5433816353502 72 595
36.8275462652678 133 1507
56.230017033582 151 1666
19.3281559435794 73 630
0.223919443140175 43 15
32.5395914436821 134 1529
21.0822313243973 99 480
19.3281559435794 73 630
0 37 0
4.06099174987508 67 435
0 37 0
0 37 0
25.8516625764004 133 1135
23.6871966606595 82 646
2.67197840056503 64 351
3.04248579766521 65 378
0 37 0
0 37 0
0 37 0
0 37 0
0 37 0
0 37 0
0 37 0
0 37 0
0 37 0
0 37 0
13.5289446710941 79 616
0 37 0
0 37 0
0 37 0
0 37 0
0 37 0
16.8949628185287 114 972
12.5433816353502 72 595
12.5130329060452 78 400
2.36312782645634 63 325
0 37 0
0 37 0
33.35656031555 128 1337
0 37 0
0 37 0
21.7875162150532 104 1091
7.11513253074889 70 528
0 37 0
0 37 0
0 37 0
0 37 0
0 37 0
12.5433816353502 72 595
5.36993492452753 84 549
12.8736998689121 94 550
0 37 0
0 37 0
10.0656961491519 83 507
0 37 0
0 37 0
3.04248579766521 65 378
0 37 0
0 37 0
0 37 0
0 37 0
15.6005367878612 100 963
0 37 0
0 37 0
0 37 0
44.012050138599 134 1550
19.3281559435794 73 630
19.3281559435794 73 630
0 37 0
0 37 0
22.3352240457179 96 883
19.3281559435794 73 630
0 37 0
3.89615840941756 50 36
19.979488857041 96 841
19.3281559435794 73 630
16.1304682440967 101 996
11.2642007166248 87 601
27.2735651604697 120 1179
9.1508186933734 71 561
29.1341632110855 106 1158
0 37 0
39.4281825555841 143 1370
0 37 0
0 37 0
0 37 0
52.8579840044605 148 1430
0 37 0
0.223919443140175 43 15
0 37 0
31.353210549222 106 1156
0 37 0
13.8951915748371 84 661
0 37 0
0 37 0
0 37 0
0 37 0
0 37 0
0.312398362186697 45 28
19.3281559435794 73 630
0 37 0
0 37 0
0 37 0
0 37 0
44.1680922149858 136 1295
19.3281559435794 73 630
0 37 0
19.3281559435794 73 630
42.0262817996428 145 1177
14.435263431529 108 941
0 37 0
0 37 0
3.49521035871992 66 406
0 37 0
69.9974406238405 194 2411
73.5693318149711 190 2374
0 37 0
9.53093536614609 94 796
0 37 0
0 37 0
0 37 0
24.9649978960392 105 1123
0 37 0
1.87752486026956 61 276
27.9667230852428 137 1289
67.5382344475943 192 2342
60.5875216975584 163 1924
93.3504313178188 206 2779
0 37 0
0 37 0
29.4304742931121 135 1318
0 37 0
0 37 0
49.1989646101969 158 1780
0 37 0
32.3745631682257 107 1191
0 37 0
0 37 0
0 37 0
0 37 0
0 37 0
19.3281559435794 73 630
27.3196081687913 104 1089
0 37 0
0 37 0
0 37 0
0 37 0
24.9649978960392 105 1123
0 37 0
0 37 0
0 37 0
0 37 0
41.3066611996102 149 1221
0 37 0
7.83750071667815 76 271
44.464527531908 157 1561
0 37 0
42.1201177081658 123 1330
21.7255940155486 92 801
0 37 0
31.3084681628689 134 1165
8.82447006819652 86 578
16.9886741070479 90 676
9.1508186933734 71 561
0 37 0
21.2495925299193 98 900
0 37 0
31.353210549222 106 1156
11.8518326987923 76 361
0 37 0
0 37 0
54.22197850281 164 1963
0 37 0
29.1341632110855 106 1158
38.9058672630167 108 1225
19.3281559435794 73 630
16.411120307808 105 877
5.75787773367669 69 496
0 37 0
26.4137977753593 116 1113
23.0660892792464 99 955
0 37 0
0 37 0
12.2444308309472 78 270
0 37 0
12.5433816353502 72 595
0 37 0
0 37 0
0 37 0
0 37 0
41.7279539953322 132 1471
29.1341632110855 106 1158
4.78829145396522 68 465
0.590192979303339 50 78
0 37 0
0 37 0
0 37 0
20.9409049422088 109 865
104.484802654338 233 3127
0 37 0
0 37 0
0 37 0
31.353210549222 106 1156
19.3281559435794 73 630
32.3745631682257 107 1191
0.183139144793511 42 10
6.29353820606916 58 100
3.04248579766521 65 378
49.3646378010956 140 1721
0 37 0
8.48996359095073 89 654
5.75787773367669 69 496
19.3281559435794 73 630
0 37 0
52.1696336456258 159 1732
23.8957280982331 105 851
0 37 0
0 37 0
0 37 0
0 37 0
0 37 0
6.32048312395751 54 42
0 37 0
19.3734347902853 106 766
9.1508186933734 71 561
46.3437342029523 138 1660
0 37 0
19.3281559435794 73 630
0 37 0
0 37 0
0 37 0
3.04248579766521 65 378
34.7420525298769 132 1473
19.3281559435794 73 630
0 37 0
0.223919443140175 43 15
75.4602970336434 213 2554
5.75787773367669 69 496
44.6938417690012 160 1540
86.5888038882362 217 2321
0 37 0
0 37 0
0 37 0
11.6350149575251 94 786
0 37 0
19.3281559435794 73 630
27.0371201251533 119 1152
43.4406064539322 132 1501
12.5433816353502 72 595
3.49521035871992 66 406
1.0015508245308 55 153
0 37 0
84.4051057573014 209 2122
5.75787773367669 69 496
21.6088494643464 91 783
0 37 0
40.0761471515025 132 1313
9.51607634641931 81 463
19.3281559435794 73 630
0 37 0
0 37 0
0 37 0
2.5391751118349 54 66
12.5433816353502 72 595
8.58818680629983 86 648
0 37 0
12.5433816353502 72 595
0 37 0
0 37 0
15.0838346975768 83 332
12.5433816353502 72 595
0.183139144793511 42 10
0 37 0
0 37 0
12.5433816353502 72 595
0 37 0
0 37 0
0 37 0
0 37 0
0.526503476264534 49 66
0 37 0
0 37 0
0 37 0
0 37 0
53.4816647254859 160 1867
0.0708734642758903 39 1
20.894921456809 83 675
12.5433816353502 72 595
27.3196081687913 104 1089
49.7586500096517 138 1262
25.7759418198606 114 1060
19.3281559435794 73 630
0 37 0
0 37 0
0 37 0
0 37 0
0 37 0
0 37 0
0 37 0
19.3281559435794 73 630
15.3608888494027 86 576
47.4783282687579 146 988
0 37 0
0 37 0
0.590192979303339 50 78
0 37 0
19.7093407163897 106 569
0 37 0
24.2676658642593 116 1053
0 37 0
11.8518326987923 76 361
7.11513253074889 70 528
5.75787773367669 69 496
0 37 0
0 37 0
17.0667118140166 89 427
0.183139144793511 42 10
0 37 0
0 37 0
58.7320792311384 142 1786
0 37 0
0 37 0
0 37 0
22.7706009041597 100 961
0.659020951705018 51 91
0 37 0
38.9058672630167 108 1225
0 37 0
5.75787773367669 69 496
21.148135582085 103 514
1.68314680628006 60 253
1.68314680628006 60 253
9.1508186933734 71 561
9.1508186933734 71 561
31.353210549222 106 1156
7.11513253074889 70 528
0 37 0
5.75787773367669 69 496
0 37 0
0 37 0
4.17344787238018 79 456
0 37 0
0 37 0
32.5395914436821 134 1529
6.7347993636559 52 25
2.36312782645634 63 325
0 37 0
5.75787773367669 69 496
0 37 0
27.3196081687913 104 1089
19.3281559435794 73 630
56.7811469456326 163 1972
0 37 0
0 37 0
19.3281559435794 73 630
24.3465337006 102 1036
0 37 0
19.3281559435794 73 630
0 37 0
19.3281559435794 73 630
1.64719865472927 61 168
0 37 0
0 37 0
34.5002238558569 121 1135
0 37 0
0.144259777692778 41 6
29.1341632110855 106 1158
0 37 0
26.9147016905366 92 711
16.1505075032529 88 625
19.3281559435794 73 630
9.1508186933734 71 561
0 37 0
9.1508186933734 71 561
19.3281559435794 73 630
42.3344517086667 125 1361
25.9280712087472 104 1095
0.26690351084606 44 21
0 37 0
0 37 0
0 37 0
12.4484923843575 96 861
0 37 0
7.11513253074889 70 528
38.4956743737876 126 1306
0 37 0
1.10937654665437 56 171
22.7706009041597 100 961
0 37 0
19.3281559435794 73 630
25.0221048460429 103 1065
0 37 0
0 37 0
0 37 0
0.467360347529399 48 55
0 37 0
43.5871968273276 165 1465
6.98155705583542 83 587
0 37 0
44.2753493575714 138 1652
41.7212931048919 119 1280
0 37 0
0 37 0
58.8288193713196 180 1992
27.204882370535 105 1126
25.0090071000992 86 666
3.04248579766521 65 378
0.903883153190681 54 136
0 37 0
27.3196081687913 104 1089
29.1341632110855 106 1158
0 37 0
9.1508186933734 71 561
33.8450630930654 134 1254
31.5722922283793 119 1137
1.0015508245308 55 153
19.3281559435794 73 630
0 37 0
0 37 0
0 37 0
0 37 0
0 37 0
19.3281559435794 73 630
12.5433816353502 72 595
0 37 0
12.5433816353502 72 595
0 37 0
0 37 0
3.49521035871992 66 406
0 37 0
0.223919443140175 43 15
19.3281559435794 73 630
2.36312782645634 63 325
4.01315444807309 57 91
19.3281559435794 73 630
23.8957280982331 105 851
0 37 0
38.9058672630167 108 1225
0 37 0
19.3281559435794 73 630
19.3281559435794 73 630
0 37 0
38.9058672630167 108 1225
0 37 0
0 37 0
11.9315241149118 89 651
38.9058672630167 108 1225
38.9058672630167 108 1225
0.412251445443191 47 45
29.1341632110855 106 1158
0 37 0
30.1767568567096 112 901
0 37 0
42.5753143948994 127 1396
19.3281559435794 73 630
0 37 0
24.3527348114322 121 1227
0 37 0
2.67197840056503 64 351
0 37 0
39.5772455456326 139 1531
0 37 0
68.9953982718491 174 2147
19.3281559435794 73 630
33.234717424323 138 1295
12.5433816353502 72 595
0 37 0
22.7030669541643 94 514
18.3600579206471 111 968
0 37 0
0 37 0
32.3745631682257 107 1191
6.88667827583952 86 582
0.590192979303339 50 78
9.1508186933734 71 561
0 37 0
12.5433816353502 72 595
16.9672057443956 105 893
0 37 0
21.2495925299193 98 900
60.2736885602027 166 1855
0 37 0
0 37 0
38.9058672630167 108 1225
19.3281559435794 73 630
0 37 0
31.353210549222 106 1156
12.5433816353502 72 595
47.8772657194512 158 1829
0 37 0
51.7724039027023 176 1424
23.8235438493769 101 1008
0 37 0
0 37 0
9.1508186933734 71 561
0 37 0
0 37 0
0 37 0
0 37 0
0 37 0
24.6933754242285 102 1024
0 37 0
3.04248579766521 65 378
19.3281559435794 73 630
0 37 0
0 37 0
12.5433816353502 72 595
19.3281559435794 73 630
2.36312782645634 63 325
0 37 0
0 37 0
49.3646378010956 140 1721
0.467360347529399 48 55
39.1267958075525 114 477
15.9828759801839 93 519
58.7320792311384 142 1786
0 37 0
19.3281559435794 73 630
21.9957637935529 94 840
16.1304682440967 101 996
0 37 0
21.5014354029753 90 766
0 37 0
0 37 0
0 37 0
0.0708734642758903 39 1
19.3281559435794 73 630
19.3281559435794 73 630
37.3715746999316 133 1516
1.51297144530329 59 231
15.2189434381064 104 874
49.3646378010956 140 1721
23.2253623131807 121 1173
0 37 0
29.1341632110855 106 1158
52.6443088234828 161 1881
32.0412970884604 123 1294
0 37 0
0 37 0
0 37 0
0 37 0
19.3281559435794 73 630
19.3281559435794 73 630
0 37 0
19.3281559435794 73 630
32.5395914436821 134 1529
31.3788858944101 133 1501
20.9734673958962 84 685
19.3281559435794 73 630
0 37 0
0 37 0
31.353210549222 106 1156
10.1780047843238 81 606
34.3779129345537 129 1367
0 37 0
0 37 0
38.6329324524481 133 1204
0 37 0
54.1836180946822 145 1549
12.5433816353502 72 595
0 37 0
32.3745631682257 107 1191
0 37 0
0 37 0
0 37 0
0 37 0
0 37 0
0.106961953732248 40 3
0 37 0
12.5433816353502 72 595
12.5433816353502 72 595
46.5372481326267 158 1777
12.5433816353502 72 595
19.3281559435794 73 630
0 37 0
0 37 0
12.5433816353502 72 595
19.3281559435794 73 630
0 37 0
0 37 0
24.6933754242285 102 1024
34.6498901348314 145 1507
0 37 0
0 37 0
0 37 0
0.659020951705018 51 91
0 37 0
0 37 0
0 37 0
0 37 0
0 37 0
24.3465337006 102 1036
26.3664758524785 107 1071
19.3281559435794 73 630
32.9003298162745 133 1492
0 37 0
0 37 0
12.5433816353502 72 595
0 37 0
41.6202598419441 118 1270
26.4921549711638 133 1141
0 37 0
8.58818680629983 86 648
0.659020951705018 51 91
31.5845822252894 128 1339
64.1386677455106 193 2206
37.9554416792086 127 1306
0.590192979303339 50 78
0 37 0
0 37 0
0.183139144793511 42 10
0 37 0
0.26690351084606 44 21
0 37 0
1.51297144530329 59 231
0 37 0
8.98831331640408 93 765
0 37 0
0 37 0
0 37 0
0.26690351084606 44 21
0 37 0
0 37 0
37.8125775593976 139 1322
24.9649978960392 105 1123
0 37 0
36.9461662391263 133 1495
0 37 0
1.0015508245308 55 153
0 37 0
0 37 0
1.22906499818033 57 190
11.2040588350211 74 324
3.04248579766521 65 378
19.3281559435794 73 630
1.36272036093785 58 210
0 37 0
12.5433816353502 72 595
0 37 0
26.6015903716147 113 1013
0 37 0
45.0294554021532 136 1591
0 37 0
19.3281559435794 73 630
9.1508186933734 71 561
41.5108651862408 152 1378
2.10169939917695 62 300
12.5433816353502 72 595
36.9790586276336 130 909
4.06099174987508 67 435
0 37 0
0 37 0
38.9058672630167 108 1225
26.8622583068204 113 1079
0 37 0
17.0687101944992 100 973
0 37 0
0 37 0
0 37 0
0 37 0
9.32030038419648 68 225
0 37 0
23.0660892792464 99 955
0 37 0
0 37 0
0.814977303825881 53 120
7.11513253074889 70 528
19.3281559435794 73 630
19.3281559435794 73 630
16.3182253717056 83 292
0 37 0
12.5433816353502 72 595
4.28391714293425 50 24
24.6933754242285 102 1024
0 37 0
0 37 0
0 37 0
1.51297144530329 59 231
0 37 0
0 37 0
36.7017219415271 132 1459
0 37 0
12.5433816353502 72 595
0 37 0
32.3745631682257 107 1191
19.3281559435794 73 630
0 37 0
0 37 0
0 37 0
17.7374759113518 101 1001
22.1549062598494 95 861
0 37 0
0 37 0
0 37 0
0 37 0
14.0211249855989 99 939
0 37 0
19.3281559435794 73 630
40.0287935937774 130 1396
13.8183563661965 83 650
52.2517231066793 179 1990
9.04501059633736 93 772
9.1508186933734 71 561
27.3196081687913 104 1089
0 37 0
44.3943863133842 135 1576
4.06099174987508 67 435
5.8989368335257 72 439
0 37 0
0 37 0
0 37 0
4.06099174987508 67 435
12.5433816353502 72 595
0 37 0
76.0129366946835 195 2464
0 37 0
9.1508186933734 71 561
19.3281559435794 73 630
0 37 0
0 37 0
0.903883153190681 54 136
0 37 0
0.144259777692778 41 6
64.9670665697816 184 1381
0 37 0
9.60909334840191 73 562
13.1645377475356 89 369
0 37 0
0 37 0
0 37 0
9.1508186933734 71 561
38.9058672630167 108 1225
42.270404750846 138 1656
0 37 0
0.733678129486922 52 105
0 37 0
28.1510082612682 124 1225
0 37 0
19.3281559435794 73 630
0.312398362186697 45 28
10.6955716983963 87 681
4.78829145396522 68 465
38.9058672630167 108 1225
46.4464683950294 160 1846
9.1508186933734 71 561
0.106961953732248 40 3
0 37 0
2.36312782645634 63 325
12.5433816353502 72 595
12.5433816353502 72 595
0 37 0
0 37 0
0 37 0
0 37 0
0.814977303825881 53 120
19.3281559435794 73 630
0 37 0
1.0015508245308 55 153
0 37 0
19.3281559435794 73 630
3.04248579766521 65 378
0 37 0
21.4132837400356 122 1179
0 37 0
19.3281559435794 73 630
5.75787773367669 69 496
0 37 0
22.7824323018641 98 930
0.659020951705018 51 91
16.1304682440967 101 996
5.75787773367669 69 496
0.183139144793511 42 10
8.37956834966811 92 741
7.11513253074889 70 528
53.2718686822101 149 1321
0 37 0
0 37 0
0 37 0
38.9058672630167 108 1225
12.5433816353502 72 595
0 37 0
0 37 0
19.3281559435794 73 630
0 37 0
0 37 0
19.3281559435794 73 630
19.3281559435794 73 630
0 37 0
0.144259777692778 41 6
21.9957637935529 94 840
0 37 0
0 37 0
0 37 0
58.7320792311384 142 1786
21.9957637935529 94 840
0 37 0
2.4623604342698 66 306
9.1508186933734 71 561
0 37 0
0 37 0
0 37 0
0.183139144793511 42 10
0 37 0
23.2881848567853 93 729
9.1508186933734 71 561
3.04248579766521 65 378
1.0015508245308 55 153
19.3281559435794 73 630
31.353210549222 106 1156
19.3281559435794 73 630
19.3281559435794 73 630
0 37 0
40.0287935937774 130 1396
19.3281559435794 73 630
0 37 0
3.04248579766521 65 378
19.3281559435794 73 630
71.8542072914374 208 2455
0 37 0
7.33132214858429 89 659
39.7568226565241 135 1554
17.848907449011 110 962
26.7917386389857 130 1411
3.84565880794671 70 262
0 37 0
41.7212931048919 119 1280
0 37 0
0.144259777692778 41 6
38.9058672630167 108 1225
29.1341632110855 106 1158
0 37 0
19.3281559435794 73 630
19.3281559435794 73 630
0 37 0
3.49521035871992 66 406
19.3281559435794 73 630
0 37 0
4.78829145396522 68 465
0 37 0
0 37 0
5.69531061749818 56 81
4.78829145396522 68 465
30.0309034673515 102 826
29.1341632110855 106 1158
0 37 0
0 37 0
0 37 0
0 37 0
0 37 0
0 37 0
1.10937654665437 56 171
19.3281559435794 73 630
0 37 0
0 37 0
0 37 0
7.34764889167572 64 112
0 37 0
58.7320792311384 142 1786
9.1508186933734 71 561
16.5000830052634 93 565
22.5890562125558 128 996
0 37 0
0 37 0
0 37 0
17.3845106474717 100 637
0 37 0
0 37 0
3.49521035871992 66 406
0 37 0
29.6116684201969 127 1312
0 37 0
0 37 0
0.659020951705018 51 91
0 37 0
38.9058672630167 108 1225
31.353210549222 106 1156
0 37 0
0 37 0
67.9030855623981 185 2183
12.5433816353502 72 595
0 37 0
0 37 0
0.903883153190681 54 136
0 37 0
0 37 0
7.11513253074889 70 528
0 37 0
0 37 0
0 37 0
7.11513253074889 70 528
19.3281559435794 73 630
0 37 0
0 37 0
58.7320792311384 142 1786
19.3281559435794 73 630
38.9058672630167 108 1225
0 37 0
0 37 0
0 37 0
7.70849671782219 75 538
0 37 0
0 37 0
0 37 0
38.9058672630167 108 1225
36.3061243219367 129 1019
9.1508186933734 71 561
0 37 0
0 37 0
0 37 0
41.2919350711982 115 1246
12.5433816353502 72 595
0 37 0
12.5433816353502 72 595
19.3281559435794 73 630
81.120668871105 200 2599
21.0884891630256 103 1057
0 37 0
9.1508186933734 71 561
0 37 0
0 37 0
0 37 0
0 37 0
0 37 0
34.264726565255 143 1364
0 37 0
19.3281559435794 73 630
21.0884891630256 103 1057
0.183139144793511 42 10
19.3281559435794 73 630
0 37 0
3.49521035871992 66 406
0 37 0
4.06099174987508 67 435
16.1304682440967 101 996
23.7623747713611 127 1314
0 37 0
0 37 0
40.5054843359779 110 1226
0.312398362186697 45 28
38.9058672630167 108 1225
18.6324410596622 102 1030
0 37 0
0 37 0
0 37 0
16.5500555711183 99 946
9.1508186933734 71 561
0 37 0
0 37 0
0 37 0
0 37 0
0 37 0
0 37 0
26.5123789183089 105 851
0 37 0
13.4891475149147 80 401
0 37 0
2.36312782645634 63 325
0 37 0
0 37 0
19.3281559435794 73 630
0 37 0
2.67197840056503 64 351
0 37 0
19.3281559435794 73 630
0 37 0
3.04248579766521 65 378
0 37 0
0 37 0
63.7680297820187 186 1829
0 37 0
0 37 0
0 37 0
16.9886741070479 90 676
10.0656961491519 83 507
19.3281559435794 73 630
4.78829145396522 68 465
0 37 0
27.8414749165922 125 1257
26.6947314538791 124 1044
0 37 0
12.5433816353502 72 595
0.412251445443191 47 45
19.3281559435794 73 630
0 37 0
6.70637564251557 87 609
0 37 0
2.10169939917695 62 300
0 37 0
7.99782132305227 75 343
29.746651979188 142 1073
39.4344970895481 135 1556
31.2332138294206 126 953
0 37 0
0 37 0
10.307661596338 76 241
0 37 0
0 37 0
0.733678129486922 52 105
0 37 0
0 37 0
19.3281559435794 73 630
32.9003298162745 133 1492
0 37 0
12.5433816353502 72 595
35.6590824051472 133 1217
0 37 0
0 37 0
4.78829145396522 68 465
2.36312782645634 63 325
0 37 0
9.1508186933734 71 561
47.5500827588014 138 1654
44.8756384463006 136 1603
38.9058672630167 108 1225
0 37 0
38.9058672630167 108 1225
0 37 0
0 37 0
0 37 0
0 37 0
0 37 0
19.3281559435794 73 630
0 37 0
10.9314357645884 89 714
0 37 0
0 37 0
0 37 0
0 37 0
7.11513253074889 70 528
0 37 0
0 37 0
0 37 0
0 37 0
0 37 0
9.1508186933734 71 561
0 37 0
1.10937654665437 56 171
13.7441545583878 82 640
38.9058672630167 108 1225
0 37 0
0 37 0
19.3281559435794 73 630
0 37 0
0 37 0
24.3465337006 102 1036
0 37 0
0 37 0
4.78829145396522 68 465
19.3281559435794 73 630
0 37 0
3.49521035871992 66 406
19.3281559435794 73 630
27.0404841865087 116 1178
42.300284403885 156 1728
0 37 0
19.3281559435794 73 630
0 37 0
3.04248579766521 65 378
0 37 0
4.06099174987508 67 435
0 37 0
45.357060051101 138 1135
0 37 0
21.7875162150532 104 1091
0 37 0
19.3281559435794 73 630
38.9058672630167 108 1225
19.3281559435794 73 630
2.10169939917695 62 300
5.75787773367669 69 496
34.5937797053342 116 1071
6.63357841932241 79 541
0 37 0
0 37 0
0 37 0
32.5430966328712 130 1402
48.5799533706341 160 1837
0 37 0
41.5713776988183 137 1623
0 37 0
20.8166165803267 82 666
21.0884891630256 103 1057
17.9852281992669 102 1026
19.3281559435794 73 630
0 37 0
0 37 0
8.48996359095073 89 654
7.11513253074889 70 528
0 37 0
31.353210549222 106 1156
14.4126851202108 95 813
65.6105355901714 169 2125
0 37 0
15.3608888494027 86 576
38.9058672630167 108 1225
2.36312782645634 63 325
0.659020951705018 51 91
12.5433816353502 72 595
12.5433816353502 72 595
0 37 0
0 37 0
0 37 0
12.5433816353502 72 595
0 37 0
3.04248579766521 65 378
17.9852281992669 102 1026
0 37 0
0 37 0
0 37 0
0 37 0
0 37 0
9.1508186933734 71 561
0 37 0
0 37 0
23.8235438493769 101 1008
0 37 0
16.1505075032529 88 625
12.5433816353502 72 595
0 37 0
58.9984358465598 187 2222
0.412251445443191 47 45
0.26690351084606 44 21
0 37 0
0 37 0
29.1341632110855 106 1158
50.4339921561577 159 1834
0 37 0
0 37 0
58.7320792311384 142 1786
0 37 0
9.1508186933734 71 561
0 37 0
14.7639440311641 110 934
0 37 0
58.6768509403497 160 1849
0 37 0
9.1508186933734 71 561
2.3302486623678 49 31
0 37 0
0 37 0
19.8908186875321 103 1060
12.5433816353502 72 595
9.1508186933734 71 561
3.17240560805951 53 57
0 37 0
19.3281559435794 73 630
0 37 0
13.887704085012 82 484
13.364898618731 98 912
5.75787773367669 69 496
0 37 0
5.75787773367669 69 496
0 37 0
8.67760826063776 77 539
38.9058672630167 108 1225
0 37 0
0 37 0
5.68418217765939 72 291
40.5085936027416 130 1414
1.0015508245308 55 153
0 37 0
19.3281559435794 73 630
6.89283292615558 60 121
1.22906499818033 57 190
0 37 0
0 37 0
12.5433816353502 72 595
1.36272036093785 58 210
19.3281559435794 73 630
87.7208011842803 213 2545
0 37 0
0 37 0
33.6734332149659 129 1379
0 37 0
13.3821652254707 77 605
12.5433816353502 72 595
0 37 0
0.223919443140175 43 15
23.6600087127683 106 575
18.9032660075705 112 1039
19.3281559435794 73 630
4.06099174987508 67 435
0 37 0
21.1576113478354 104 719
4.91773860696472 73 310
0 37 0
9.1508186933734 71 561
0 37 0
11.1427202077759 108 870
0 37 0
0 37 0
19.3281559435794 73 630
0 37 0
38.9058672630167 108 1225
19.3281559435794 73 630
19.3281559435794 73 630
0 37 0
0 37 0
4.78829145396522 68 465
0 37 0
0.0708734642758903 39 1
0 37 0
13.4566327991783 78 610
0 37 0
0 37 0
0 37 0
0 37 0
12.5433816353502 72 595
0 37 0
0 37 0
0 37 0
2.67197840056503 64 351
0 37 0
0 37 0
3.49521035871992 66 406
0 37 0
31.353210549222 106 1156
0.412251445443191 47 45
0 37 0
9.1508186933734 71 561
19.3281559435794 73 630
11.0692984168027 90 732
0.733678129486922 52 105
0 37 0
6.75699777843475 88 637
0 37 0
2.38276958469712 65 198
10.567422655049 72 289
4.78829145396522 68 465
12.5130329060452 78 400
19.3281559435794 73 630
5.75787773367669 69 496
0 37 0
20.1636932303894 75 631
9.1508186933734 71 561
4.06099174987508 67 435
19.3281559435794 73 630
0 37 0
19.3281559435794 73 630
0 37 0
10.567422655049 72 289
0 37 0
0 37 0
0 37 0
14.9973955663676 88 469
2.05698457544848 44 9
0 37 0
0 37 0
0.526503476264534 49 66
0 37 0
9.1508186933734 71 561
38.9058672630167 108 1225
0 37 0
45.7355277165072 136 1585
0 37 0
0 37 0
0 37 0
0 37 0
18.0431066646494 82 316
0 37 0
12.5433816353502 72 595
0 37 0
27.9338164108292 149 1480
19.3281559435794 73 630
40.5085936027416 130 1414
3.49521035871992 66 406
19.3281559435794 73 630
0 37 0
19.3281559435794 73 630
0 37 0
22.1826795374602 107 786
7.11513253074889 70 528
19.3281559435794 73 630
9.1508186933734 71 561
0 37 0
0 37 0
23.89393814424 97 571
0 37 0
19.3281559435794 73 630
28.911844203454 122 1248
29.1341632110855 106 1158
0 37 0
0 37 0
60.1624884967871 168 2091
0 37 0
0 37 0
0 37 0
0 37 0
0 37 0
3.04248579766521 65 378
0 37 0
44.2753493575714 138 1652
5.69531061749818 56 81
24.6933754242285 102 1024
19.3281559435794 73 630
27.3196081687913 104 1089
9.1508186933734 71 561
0 37 0
1.51297144530329 59 231
0 37 0
19.979488857041 96 841
0 37 0
19.3281559435794 73 630
0.659020951705018 51 91
0 37 0
55.9952251391439 177 2003
15.7974337535284 97 895
38.9058672630167 108 1225
0 37 0
0 37 0
22.5420361126997 97 906
0 37 0
0 37 0
19.979488857041 96 841
27.9456886348162 123 1194
0 37 0
32.5768282709205 110 954
0 37 0
0 37 0
31.332509976986 127 1342
19.3281559435794 73 630
45.0376958876062 159 1832
24.6044759029874 118 987
11.0706265457701 103 732
0 37 0
0 37 0
16.8679117296051 99 931
0 37 0
0 37 0
0.360729316266706 46 36
0 37 0
19.3281559435794 73 630
26.1213116051863 120 1137
0 37 0
0 37 0
0 37 0
0 37 0
0 37 0
19.3281559435794 73 630
32.3745631682257 107 1191
51.4322549902503 140 1719
14.3921327583297 107 854
13.4789686672767 93 757
3.60152664476224 76 403
35.7156593300516 102 740
0 37 0
29.3534065673263 120 1109
0 37 0
0 37 0
0 37 0
27.204882370535 105 1126
2.20757122174347 52 51
23.8235438493769 101 1008
0.144259777692778 41 6
24.4292292503891 124 1032
9.1508186933734 71 561
0 37 0
21.0884891630256 103 1057
14.2473652513469 88 715
38.9058672630167 108 1225
8.11636972763552 85 376
12.5433816353502 72 595
0 37 0
0 37 0
0 37 0
19.3281559435794 73 630
0 37 0
12.5433816353502 72 595
36.9461662391263 133 1495
0 37 0
10.3862944648466 100 727
0 37 0
0 37 0
0 37 0
0 37 0
12.5433816353502 72 595
5.7165620102587 85 568
25.0221048460429 103 1065
0 37 0
14.207522736101 106 922
97.3160911000245 234 2743
58.7320792311384 142 1786
4.49785286978592 52 49
0 37 0
33.8920476986126 145 1289
0 37 0
8.20155808258601 82 594
1.10937654665437 56 171
0 37 0
0 37 0
9.1508186933734 71 561
19.3281559435794 73 630
0 37 0
0 37 0
14.6884624890332 106 772
0 37 0
0 37 0
0.814977303825881 53 120
11.7319774493766 97 879
1.87752486026956 61 276
0 37 0
0 37 0
0 37 0
0 37 0
40.1420498469563 158 1491
0 37 0
19.3281559435794 73 630
7.11513253074889 70 528
0 37 0
4.06099174987508 67 435
0 37 0
11.8380066271198 94 814
0 37 0
4.06099174987508 67 435
0 37 0
0 37 0
19.3281559435794 73 630
19.3281559435794 73 630
9.1508186933734 71 561
31.353210549222 106 1156
0 37 0
0 37 0
26.3265775304967 103 694
0.814977303825881 53 120
20.5728738301045 79 645
32.5430966328712 130 1402
0 37 0
27.3196081687913 104 1089
0 37 0
0 37 0
19.3281559435794 73 630
7.11513253074889 70 528
0 37 0
0.223919443140175 43 15
0 37 0
0 37 0
13.3039756283368 76 601
17.1403930312366 90 626
24.9649978960392 105 1123
30.7101740951576 133 1497
0 37 0
0 37 0
3.04248579766521 65 378
12.5433816353502 72 595
0 37 0
0 37 0
19.3281559435794 73 630
0 37 0
27.0639997415288 122 1186
7.11513253074889 70 528
0 37 0
0 37 0
28.5074911794864 117 942
2.67197840056503 64 351
0 37 0
0 37 0
0 37 0
0 37 0
19.3281559435794 73 630
42.5179484558467 133 1489
58.7320792311384 142 1786
0 37 0
0 37 0
45.8537046283236 156 1718
0 37 0
71.757972093281 173 2249
3.04248579766521 65 378
0 37 0
12.5433816353502 72 595
0 37 0
0 37 0
15.5142827346037 97 871
5.75787773367669 69 496
0 37 0
4.06099174987508 67 435
0 37 0
0 37 0
38.9058672630167 108 1225
12.5433816353502 72 595
0 37 0
9.1508186933734 71 561
0 37 0
11.8380066271198 94 814
0 37 0
0 37 0
19.3281559435794 73 630
0 37 0
0 37 0
32.3745631682257 107 1191
26.7604937564859 128 1046
13.887704085012 82 484
0 37 0
0.144259777692778 41 6
11.2040588350211 74 324
0 37 0
4.78829145396522 68 465
0 37 0
19.3281559435794 73 630
21.1348706166196 86 708
0 37 0
44.1535706373534 144 1644
0.814977303825881 53 120
0 37 0
0 37 0
58.7320792311384 142 1786
19.3281559435794 73 630
0 37 0
18.7694982395213 86 244
0 37 0
2.67197840056503 64 351
19.3281559435794 73 630
38.3103779537864 147 1520
0 37 0
19.3281559435794 73 630
38.9058672630167 108 1225
78.805659449285 175 2314
15.3608888494027 86 576
19.3281559435794 73 630
0 37 0
19.3281559435794 73 630
0 37 0
0 37 0
0 37 0
29.1341632110855 106 1158
0 37 0
0 37 0
0 37 0
0 37 0
2.67197840056503 64 351
0 37 0
13.9245109187921 98 902
19.3281559435794 73 630
25.9280712087472 104 1095
1.15650357621922 56 123
0 37 0
0 37 0
22.023249607392 86 686
0 37 0
34.0892725206459 120 1247
7.11513253074889 70 528
5.75787773367669 69 496
0 37 0
19.3281559435794 73 630
0 37 0
0 37 0
19.3281559435794 73 630
10.194212507614 94 804
0 37 0
0 37 0
7.99782132305227 75 343
7.11513253074889 70 528
2.10169939917695 62 300
25.0221048460429 103 1065
58.7320792311384 142 1786
0 37 0
0 37 0
14.5326445355365 98 596
58.2570968331858 169 1691
12.5433816353502 72 595
0 37 0
0 37 0
15.166885560499 97 710
24.9649978960392 105 1123
19.3281559435794 73 630
16.1304682440967 101 996
0.106961953732248 40 3
29.1341632110855 106 1158
0 37 0
24.3465337006 102 1036
0 37 0
0 37 0
5.69531061749818 56 81
29.1341632110855 106 1158
0 37 0
52.3390089209635 153 1657
43.2198414025351 131 1478
0 37 0
25.1657827218927 116 826
19.3281559435794 73 630
0.467360347529399 48 55
0 37 0
0.360729316266706 46 36
0 37 0
0 37 0
32.3745631682257 107 1191
0 37 0
0 37 0
0 37 0
0 37 0
19.3281559435794 73 630
0 37 0
0 37 0
3.49521035871992 66 406
28.162304798799 96 751
0 37 0
10.194212507614 94 804
0 37 0
0 37 0
2.67836401336772 46 16
0 37 0
0 37 0
24.420565914618 127 1318
0 37 0
0 37 0
0 37 0
14.2473652513469 88 715
0 37 0
0 37 0
0 37 0
0 37 0
0 37 0
16.1304682440967 101 996
26.8847120856006 129 1381
12.5433816353502 72 595
0.223919443140175 43 15
18.2274042037498 116 1101
22.7824323018641 98 930
11.6027106037708 93 792
0 37 0
22.1549062598494 95 861
9.1508186933734 71 561
0.863808971073513 44 11
36.7017219415271 132 1459
0 37 0
1.0015508245308 55 153
24.3465337006 102 1036
0.26690351084606 44 21
103.54568007708 245 2871
0 37 0
3.04248579766521 65 378
19.3281559435794 73 630
38.9058672630167 108 1225
87.3390609504662 212 2478
12.5433816353502 72 595
9.1508186933734 71 561
34.3038860433268 138 1426
0 37 0
0 37 0
21.6088494643464 91 783
19.3281559435794 73 630
28.0521010878746 117 1096
0 37 0
0 37 0
12.5433816353502 72 595
0 37 0
0 37 0
0 37 0
49.42764692451 149 1428
19.3281559435794 73 630
0 37 0
12.8293056374081 78 362
12.5433816353502 72 595
25.9280712087472 104 1095
0 37 0
0 37 0
1.87584541853781 50 38
18.043897004082 110 858
5.75787773367669 69 496
0 37 0
1.51297144530329 59 231
0 37 0
0 37 0
9.1508186933734 71 561
7.26417475123515 72 238
0 37 0
0.312398362186697 45 28
0 37 0
0 37 0
12.5433816353502 72 595
0 37 0
0 37 0
0 37 0
0 37 0
21.9957637935529 94 840
19.3281559435794 73 630
0 37 0
0 37 0
0 37 0
38.9058672630167 108 1225
1.10937654665437 56 171
23.4065776799339 100 981
0 37 0
12.5433816353502 72 595
35.8953846775757 144 1415
23.7259977631656 124 942
0 37 0
0 37 0
32.3745631682257 107 1191
0 37 0
19.3281559435794 73 630
0 37 0
0 37 0
8.70685783588859 66 196
0 37 0
0 37 0
0 37 0
4.88336130771971 79 429
80.8717752376709 212 2604
0 37 0
19.3281559435794 73 630
12.5433816353502 72 595
0 37 0
12.5433816353502 72 595
0 37 0
0 37 0
0 37 0
19.3281559435794 73 630
9.1508186933734 71 561
9.1508186933734 71 561
22.7706009041597 100 961
44.8067861803193 156 1748
0 37 0
0 37 0
0 37 0
0.526503476264534 49 66
0.223919443140175 43 15
19.3281559435794 73 630
58.7320792311384 142 1786
0 37 0
0 37 0
38.9058672630167 108 1225
19.3281559435794 73 630
0 37 0
0 37 0
0 37 0
0 37 0
19.3281559435794 73 630
0 37 0
19.3281559435794 73 630
38.9058672630167 108 1225
3.49521035871992 66 406
0 37 0
0 37 0
31.353210549222 106 1156
0 37 0
0 37 0
9.1508186933734 71 561
0 37 0
38.9058672630167 108 1225
37.2617085583852 136 1588
0 37 0
1.36272036093785 58 210
0 37 0
0 37 0
0 37 0
22.7706009041597 100 961
0 37 0
6.29353820606916 58 100
0 37 0
5.09712700450849 54 64
11.8518326987923 76 361
0 37 0
19.3281559435794 73 630
9.76393855616821 75 567
15.8651444532373 83 370
46.192018042656 147 1580
0 37 0
0 37 0
50.4109023712466 139 1684
0.733678129486922 52 105
0 37 0
0 37 0
0 37 0
0 37 0
0 37 0
0 37 0
23.4065776799339 100 981
5.74353438840622 58 67
0 37 0
52.6017015311427 166 2030
0 37 0
0 37 0
5.75787773367669 69 496
19.3281559435794 73 630
16.5500555711183 99 946
33.9058060838703 114 1030
0 37 0
12.5433816353502 72 595
0 37 0
0 37 0
0 37 0
19.3281559435794 73 630
0 37 0
0 37 0
0 37 0
1.68314680628006 60 253
0 37 0
13.7389107036464 113 799
0 37 0
0 37 0
0 37 0
10.1070229519847 80 597
0.360729316266706 46 36
0 37 0
0 37 0
19.3281559435794 73 630
10.7520943927204 95 548
16.5500555711183 99 946
0 37 0
0 37 0
33.9013809591117 132 1467
0 37 0
0 37 0
93.1039377853022 221 2761
33.9058060838703 114 1030
0 37 0
81.1146231638996 218 2295
0 37 0
19.3281559435794 73 630
0.223919443140175 43 15
0 37 0
0 37 0
41.2490521318423 137 1621
12.5433816353502 72 595
38.9058672630167 108 1225
0 37 0
0 37 0
19.3281559435794 73 630
13.6803870778613 80 291
38.6281694163947 155 1478
19.979488857041 96 841
0 37 0
38.9058672630167 108 1225
19.3281559435794 73 630
4.06099174987508 67 435
0 37 0
0 37 0
59.1411358777834 167 2056
5.75787773367669 69 496
9.1508186933734 71 561
3.04248579766521 65 378
0 37 0
0 37 0
5.75787773367669 69 496
19.3281559435794 73 630
36.3502220809279 132 1481
0.26690351084606 44 21
5.75787773367669 69 496
24.9649978960392 105 1123
0 37 0
0 37 0
32.3745631682257 107 1191
35.4368334587204 124 1327
19.3281559435794 73 630
0 37 0
19.3281559435794 73 630
0 37 0
0 37 0
0 37 0
0 37 0
19.3281559435794 73 630
0 37 0
0 37 0
0 37 0
12.8343117940027 73 205
27.3196081687913 104 1089
9.240088888739 91 498
26.1436785163417 120 1151
27.3196081687913 104 1089
19.3281559435794 73 630
0 37 0
7.64204770282949 74 534
12.5433816353502 72 595
14.5931249689752 91 766
38.9058672630167 108 1225
0 37 0
19.3281559435794 73 630
3.94136567083904 67 214
0 37 0
31.353210549222 106 1156
2.67197840056503 64 351
5.03023456753001 82 526
0 37 0
0 37 0
0 37 0
28.1959715224808 139 1304
38.9058672630167 108 1225
12.5433816353502 72 595
0 37 0
38.9058672630167 108 1225
27.6013451671604 121 1198
21.0531549014042 85 696
0 37 0
0 37 0
0 37 0
50.4109023712466 139 1684
0 37 0
0 37 0
16.1286135338698 97 697
42.4505895876768 126 1378
13.3806140763629 67 112
40.6278811880218 151 1618
82.886605115188 213 2625
9.1508186933734 71 561
0 37 0
0 37 0
0 37 0
0 37 0
12.5433816353502 72 595
19.3281559435794 73 630
22.1549062598494 95 861
0 37 0
5.03023456753001 82 526
0 37 0
0 37 0
0 37 0
0 37 0
0 37 0
38.9058672630167 108 1225
0 37 0
0 37 0
0 37 0
12.5433816353502 72 595
11.9315241149118 89 651
0 37 0
0 37 0
59.3217757159381 176 2018
0 37 0
0 37 0
0 37 0
38.9058672630167 108 1225
0 37 0
29.6113806048798 127 1324
19.3281559435794 73 630
19.3281559435794 73 630
0 37 0
0 37 0
7.44912944316881 88 631
0 37 0
0 37 0
28.059130829717 125 1261
5.69531061749818 56 81
9.1508186933734 71 561
7.11513253074889 70 528
0 37 0
0 37 0
0 37 0
0 37 0
5.75787773367669 69 496
0 37 0
45.6669899535814 119 1250
19.3281559435794 73 630
2.67197840056503 64 351
0.903883153190681 54 136
0 37 0
28.52298701085 132 1097
0 37 0
49.3646378010956 140 1721
0 37 0
58.7320792311384 142 1786
38.9058672630167 108 1225
0 37 0
0 37 0
0 37 0
4.06099174987508 67 435
0 37 0
19.7641976848374 107 886
22.7824323018641 98 930
4.78829145396522 68 465
4.78829145396522 68 465
11.6027106037708 93 792
2.67197840056503 64 351
74.7485760485742 195 2450
51.0716896971439 145 1459
1.87752486026956 61 276
9.1508186933734 71 561
0 37 0
0 37 0
0 37 0
5.75787773367669 69 496
0 37 0
0 37 0
19.3281559435794 73 630
7.02331367594591 89 666
0 37 0
13.887704085012 82 484
0 37 0
1.36272036093785 58 210
0 37 0
8.70685783588859 66 196
0 37 0
21.2495925299193 98 900
0 37 0
0 37 0
0 37 0
0 37 0
12.5433816353502 72 595
16.1505075032529 88 625
9.1508186933734 71 561
0 37 0
13.1755187796364 75 224
0 37 0
19.3281559435794 73 630
29.1341632110855 106 1158
0 37 0
22.7706009041597 100 961
27.2648322160853 115 1036
19.3281559435794 73 630
0 37 0
19.3281559435794 73 630
19.3281559435794 73 630
5.75787773367669 69 496
0 37 0
19.3281559435794 73 630
0 37 0
0 37 0
25.1337214113074 145 1305
0 37 0
19.3281559435794 73 630
19.3281559435794 73 630
36.7526295989367 157 1773
41.5713776988183 137 1623
17.9852281992669 102 1026
0 37 0
74.0673237638601 209 2122
0 37 0
13.4789686672767 93 757
38.9058672630167 108 1225
27.204882370535 105 1126
0 37 0
0 37 0
3.49521035871992 66 406
8.09850679114655 64 169
26.5688083296138 115 1059
12.5433816353502 72 595
29.1341632110855 106 1158
4.78829145396522 68 465
0 37 0
19.3281559435794 73 630
0 37 0
45.4208504104043 153 1637
87.0817951747314 219 2728
7.11513253074889 70 528
0 37 0
25.9280712087472 104 1095
1.68314680628006 60 253
0 37 0
6.65997687125235 90 507
9.8009636669072 94 790
0 37 0
12.5433816353502 72 595
0 37 0
19.3281559435794 73 630
0 37 0
70.7366194742774 172 2215
0 37 0
0 37 0
86.4000401752443 213 2446
0 37 0
0 37 0
19.3281559435794 73 630
19.3281559435794 73 630
12.5433816353502 72 595
0 37 0
3.49521035871992 66 406
0 37 0
0 37 0
18.2953071392757 83 250
9.1508186933734 71 561
32.9792986089761 118 1054
0 37 0
13.2391758616676 89 435
0 37 0
17.0687101944992 100 973
0 37 0
4.78829145396522 68 465
37.5805786254891 126 1096
19.3281559435794 73 630
9.1508186933734 71 561
0 37 0
0 37 0
7.11513253074889 70 528
0 37 0
35.2137031604286 122 1296
0 37 0
26.7937269065775 106 888
0.659020951705018 51 91
0 37 0
11.1646318044764 64 109
19.3281559435794 73 630
0 37 0
52.453607609254 141 1753
4.78829145396522 68 465
0.814977303825881 53 120
12.5981434198185 110 889
3.04138443825667 61 136
12.5433816353502 72 595
58.7320792311384 142 1786
0 37 0
0 37 0
38.9058672630167 108 1225
19.3281559435794 73 630
0 37 0
0 37 0
0 37 0
21.2495925299193 98 900
0 37 0
0.0708734642758903 39 1
23.4065776799339 100 981
0.183139144793511 42 10
0 37 0
6.85100064857493 69 189
4.78829145396522 68 465
5.75787773367669 69 496
0 37 0
24.3465337006 102 1036
41.3702867078973 145 1411
0 37 0
45.0294554021532 136 1591
2.67197840056503 64 351
3.04248579766521 65 378
44.2753493575714 138 1652
0 37 0
15.0704588784615 94 826
0.903883153190681 54 136
14.1275502078289 96 525
19.3281559435794 73 630
0 37 0
0 37 0
16.3954755908271 101 847
0 37 0
4.06099174987508 67 435
0 37 0
0 37 0
0 37 0
21.6088494643464 91 783
27.204882370535 105 1126
0 37 0
0 37 0
19.3281559435794 73 630
35.1812399460859 128 1387
0 37 0
0.106961953732248 40 3
0 37 0
0 37 0
43.7003704922238 133 1525
0 37 0
6.29391752264631 74 506
0 37 0
10.0319140828635 73 164
0 37 0
7.11513253074889 70 528
12.5433816353502 72 595
0 37 0
0 37 0
5.70558086202661 84 571
0 37 0
19.3281559435794 73 630
45.1196318007757 166 1632
0.814977303825881 53 120
0 37 0
0 37 0
26.4137977753593 116 1113
4.44358815777253 80 443
5.75787773367669 69 496
0 37 0
24.3465337006 102 1036
0 37 0
0 37 0
14.6092186762528 84 529
0 37 0
0.903883153190681 54 136
9.1508186933734 71 561
0 37 0
0 37 0
0 37 0
40.4485615252899 152 1626
19.3281559435794 73 630
19.3281559435794 73 630
0 37 0
11.6027106037708 93 792
3.04248579766521 65 378
11.2642007166248 87 601
19.3281559435794 73 630
0 37 0
40.0287935937774 130 1396
85.6140924761189 219 2688
67.6451793753414 192 2028
32.3745631682257 107 1191
19.3281559435794 73 630
36.8086816553209 122 1206
0 37 0
0 37 0
2.10169939917695 62 300
12.5433816353502 72 595
2.54978075034718 63 165
12.5433816353502 72 595
0 37 0
22.3352240457179 96 883
19.3281559435794 73 630
0 37 0
19.3281559435794 73 630
0 37 0
19.3281559435794 73 630
0 37 0
0 37 0
0 37 0
24.1197439875512 104 885
11.2642007166248 87 601
0 37 0
0.467360347529399 48 55
15.0478087819518 96 455
0 37 0
0 37 0
46.6986708579016 158 1555
31.353210549222 106 1156
0 37 0
19.3281559435794 73 630
9.40680796415511 88 627
19.3281559435794 73 630
21.2495925299193 98 900
0 37 0
0 37 0
77.714993626115 209 2422
0 37 0
0 37 0
24.6933754242285 102 1024
0 37 0
0 37 0
12.5433816353502 72 595
9.76903912558135 90 598
32.6770142373483 125 931
0 37 0
33.2194523829464 101 729
0 37 0
19.3281559435794 73 630
9.1508186933734 71 561
1.22906499818033 57 190
0 37 0
32.4715926572215 126 1278
0 37 0
27.204882370535 105 1126
31.353210549222 106 1156
70.7366194742774 172 2215
2.36382347586551 52 43
41.5713776988183 137 1623
38.9058672630167 108 1225
58.7320792311384 142 1786
0 37 0
0 37 0
0 37 0
31.5722922283793 119 1137
0 37 0
2.67197840056503 64 351
38.4511599285176 132 1166
0 37 0
41.7879644578847 141 1085
19.4979271613497 91 348
0 37 0
36.9916539606691 132 1491
0 37 0
10.566406254381 95 761
0 37 0
19.3281559435794 73 630
0 37 0
27.0544203607706 130 1416
0 37 0
0 37 0
14.8913641137771 93 805
9.1508186933734 71 561
4.78829145396522 68 465
12.5433816353502 72 595
0 37 0
37.2484173265275 154 1472
19.3281559435794 73 630
0 37 0
34.9898644663553 132 1461
31.353210549222 106 1156
19.3281559435794 73 630
9.1508186933734 71 561
4.58113985650221 71 276
4.78829145396522 68 465
0 37 0
12.5433816353502 72 595
22.1549062598494 95 861
0 37 0
12.5433816353502 72 595
0 37 0
19.3281559435794 73 630
42.8609818801716 129 1435
0.312398362186697 45 28
0 37 0
12.5433816353502 72 595
18.6250217709292 101 993
0.412251445443191 47 45
38.9058672630167 108 1225
0 37 0
0 37 0
23.0660892792464 99 955
0 37 0
0 37 0
0 37 0
0 37 0
0 37 0
31.353210549222 106 1156
12.5433816353502 72 595
12.5433816353502 72 595
0 37 0
38.9058672630167 108 1225
0 37 0
0 37 0
4.78829145396522 68 465
43.8997366008488 146 1496
19.3281559435794 73 630
12.5433816353502 72 595
19.3281559435794 73 630
7.77396396644489 76 543
3.29039077947161 48 25
0 37 0
0 37 0
0 37 0
13.8072091649943 98 711
0 37 0
22.3352240457179 96 883
76.759754148117 206 2363
38.9058672630167 108 1225
24.9649978960392 105 1123
12.5433816353502 72 595
0 37 0
0.412251445443191 47 45
4.78829145396522 68 465
0 37 0
0 37 0
0 37 0
39.0031930877341 153 1639
0 37 0
60.0456191422411 168 2096
1.36272036093785 58 210
0 37 0
7.48329438175035 90 688
0 37 0
0 37 0
0 37 0
0 37 0
0 37 0
0 37 0
0 37 0
0 37 0
0 37 0
0.26690351084606 44 21
19.3281559435794 73 630
0 37 0
0 37 0
19.3281559435794 73 630
19.3281559435794 73 630
4.06099174987508 67 435
0 37 0
13.887704085012 82 484
0 37 0
0.733678129486922 52 105
0 37 0
19.3281559435794 73 630
3.63475817480575 65 186
0 37 0
60.5679128800438 187 2198
0 37 0
5.75787773367669 69 496
0 37 0
22.7824323018641 98 930
0 37 0
0 37 0
0 37 0
0 37 0
19.1968663068825 85 361
20.5728738301045 79 645
0 37 0
19.3281559435794 73 630
24.3465337006 102 1036
30.244219030264 125 1284
19.3281559435794 73 630
4.46442204724323 74 330
0 37 0
44.2753493575714 138 1652
0 37 0
1.62551778861551 51 46
0 37 0
0 37 0
0 37 0
38.9058672630167 108 1225
0 37 0
0 37 0
0 37 0
0 37 0
12.5433816353502 72 595
0 37 0
0 37 0
9.1508186933734 71 561
0 37 0
0 37 0
21.0884891630256 103 1057
0 37 0
19.3281559435794 73 630
24.9649978960392 105 1123
0 37 0
0 37 0
38.9058672630167 108 1225
17.9852281992669 102 1026
0 37 0
38.9058672630167 108 1225
18.8764626206132 94 784
1.22906499818033 57 190
0 37 0
15.2761013277128 95 848
12.5433816353502 72 595
0 37 0
12.5433816353502 72 595
0 37 0
0 37 0
0 37 0
68.164188414635 193 2383
0 37 0
22.7706009041597 100 961
0 37 0
0 37 0
0 37 0
0 37 0
38.9058672630167 108 1225
19.3281559435794 73 630
19.3281559435794 73 630
0 37 0
12.5130329060452 78 400
0 37 0
0 37 0
5.2683761842944 75 346
0 37 0
5.2893950761054 63 157
0.312398362186697 45 28
5.75787773367669 69 496
24.4021145539329 105 951
1.22906499818033 57 190
0 37 0
1.51297144530329 59 231
9.1508186933734 71 561
30.4049410033047 138 1364
12.5433816353502 72 595
19.3281559435794 73 630
19.3281559435794 73 630
4.06099174987508 67 435
0.312398362186697 45 28
0 37 0
0 37 0
10.9914911654861 96 847
1.10937654665437 56 171
14.591610815632 85 451
19.3281559435794 73 630
9.1508186933734 71 561
0 37 0
0.144259777692778 41 6
40.7520943649002 165 1241
0 37 0
40.2979526919038 140 1355
46.6731217460653 161 1897
0.0708734642758903 39 1
6.92069132003181 58 70
38.9058672630167 108 1225
0 37 0
0 37 0
57.7193435429 141 1391
0 37 0
15.2761013277128 95 848
20.8166165803267 82 666
0 37 0
9.1508186933734 71 561
3.04248579766521 65 378
51.4322549902503 140 1719
19.3281559435794 73 630
15.6523398198429 87 340
17.9852281992669 102 1026
0 37 0
3.54367503466088 60 123
10.567422655049 72 289
4.28391714293425 50 24
0 37 0
1.51297144530329 59 231
47.5500827588014 138 1654
21.0884891630256 103 1057
19.3281559435794 73 630
29.1341632110855 106 1158
0 37 0
0 37 0
9.1508186933734 71 561
0 37 0
19.3281559435794 73 630
19.3281559435794 73 630
0 37 0
3.96601510868508 76 433
27.204882370535 105 1126
11.9315241149118 89 651
0 37 0
0 37 0
58.7320792311384 142 1786
0 37 0
3.04248579766521 65 378
25.7635490327605 95 741
0 37 0
25.6065533200326 120 1117
7.11513253074889 70 528
0 37 0
3.73729249316552 69 289
7.11513253074889 70 528
0 37 0
0 37 0
24.9649978960392 105 1123
0 37 0
0 37 0
0 37 0
0 37 0
20.6567717121552 80 651
0 37 0
19.3281559435794 73 630
19.3281559435794 73 630
0 37 0
3.04248579766521 65 378
0 37 0
0 37 0
0 37 0
26.8082486232844 119 1084
0 37 0
4.78829145396522 68 465
0.183139144793511 42 10
19.3281559435794 73 630
3.04248579766521 65 378
58.7320792311384 142 1786
19.3281559435794 73 630
16.1304682440967 101 996
0 37 0
9.1508186933734 71 561
32.3745631682257 107 1191
0 37 0
0 37 0
0 37 0
0 37 0
0 37 0
0 37 0
0 37 0
0 37 0
0 37 0
19.3281559435794 73 630
0 37 0
0 37 0
1.10937654665437 56 171
1.0015508245308 55 153
9.1508186933734 71 561
12.5433816353502 72 595
3.04248579766521 65 378
0 37 0
0 37 0
1.68314680628006 60 253
3.27458709063981 66 202
7.52324599852598 73 307
12.5433816353502 72 595
13.835715812948 97 607
12.5433816353502 72 595
28.6057788134617 128 1104
0 37 0
32.3745631682257 107 1191
0 37 0
0.106961953732248 40 3
16.9886741070479 90 676
42.8609818801716 129 1435
0 37 0
11.4004191110691 92 771
7.16940464815995 83 387
0 37 0
5.22227121837074 72 471
0 37 0
1.51297144530329 59 231
18.1102375453292 89 607
0 37 0
9.40680796415511 88 627
0 37 0
12.5433816353502 72 595
0 37 0
0 37 0
32.3745631682257 107 1191
36.1415487591827 124 1219
0 37 0
0 37 0
0 37 0
31.237117803544 143 1409
0 37 0
0 37 0
19.3281559435794 73 630
5.75787773367669 69 496
0 37 0
9.1508186933734 71 561
41.2490521318423 137 1621
0 37 0
12.5433816353502 72 595
0 37 0
0 37 0
0 37 0
19.3281559435794 73 630
0 37 0
0 37 0
19.3281559435794 73 630
0 37 0
0.590192979303339 50 78
19.3281559435794 73 630
26.2974050472982 122 1001
0 37 0
0 37 0
0 37 0
7.02331367594591 89 666
38.9058672630167 108 1225
0 37 0
12.5433816353502 72 595
25.7829563666962 105 874
0 37 0
22.1192959211144 130 1116
0 37 0
0 37 0
0 37 0
0 37 0
18.5947151322729 82 250
0 37 0
0 37 0
0 37 0
0 37 0
0 37 0
7.49416659531134 62 144
7.11513253074889 70 528
19.3281559435794 73 630
40.7221932820712 148 1522
0 37 0
0 37 0
0 37 0
26.731289685738 116 1033
22.6147250610806 97 689
0 37 0
21.1576113478354 104 719
0 37 0
0 37 0
0 37 0
0 37 0
47.5409623484597 139 1690
0.590192979303339 50 78
31.353210549222 106 1156
0 37 0
0 37 0
0 37 0
0 37 0
0 37 0
0 37 0
0 37 0
0 37 0
20.1636932303894 75 631
56.0483667120653 167 2054
0 37 0
0 37 0
18.8764626206132 94 784
9.1508186933734 71 561
0 37 0
0 37 0
0 37 0
0 37 0
0 37 0
0 37 0
19.3281559435794 73 630
72.7793247122847 174 2282
0 37 0
0 37 0
0 37 0
17.3098627249962 92 481
0 37 0
0 37 0
7.19630041349546 95 613
3.04248579766521 65 378
19.3281559435794 73 630
19.3281559435794 73 630
13.163400228794 84 262
0.0708734642758903 39 1
0 37 0
45.8344141044179 167 1725
0 37 0
0.659020951705018 51 91
42.1087589379782 175 1900
0.467360347529399 48 55
3.37666105697304 56 67
0 37 0
0 37 0
25.9280712087472 104 1095
0 37 0
19.3281559435794 73 630
0 37 0
25.3412362350974 120 1131
2.94679867543421 70 346
11.4004191110691 92 771
0 37 0
19.3281559435794 73 630
0 37 0
0 37 0
4.06099174987508 67 435
0 37 0
1.87752486026956 61 276
29.9271627231659 127 1312
0 37 0
21.3080971868986 88 735
20.7461052552185 115 1084
10.7852019637057 92 731
14.2034303750909 85 421
15.6005367878612 100 963
7.11513253074889 70 528
9.1508186933734 71 561
0 37 0
0 37 0
19.3281559435794 73 630
29.1341632110855 106 1158
0 37 0
26.7063471405839 105 985
28.0000926827889 117 1079
0 37 0
31.353210549222 106 1156
2.36312782645634 63 325
0 37 0
42.5179484558467 133 1489
0.814977303825881 53 120
0 37 0
24.9649978960392 105 1123
13.9901074274088 87 332
0 37 0
9.1508186933734 71 561
41.5713776988183 137 1623
7.20651766102911 85 616
0 37 0
25.0221048460429 103 1065
0 37 0
9.1508186933734 71 561
3.49521035871992 66 406
1.36272036093785 58 210
22.3352240457179 96 883
29.1927756361837 115 1030
23.8419092835662 90 696
0 37 0
36.8044195086495 134 1524
0 37 0
0 37 0
12.5433816353502 72 595
0 37 0
0 37 0
0 37 0
22.2208817107813 121 1162
0 37 0
0.26690351084606 44 21
2.05698457544848 44 9
22.7706009041597 100 961
0 37 0
0 37 0
15.9797026625524 103 730
27.4483928329199 123 883
34.5937797053342 116 1071
45.2300915979796 152 1641
0 37 0
0 37 0
76.2399910697107 207 2368
38.9058672630167 108 1225
0 37 0
19.3281559435794 73 630
10.194212507614 94 804
19.3281559435794 73 630
19.3281559435794 73 630
23.8235438493769 101 1008
30.6225087941403 139 1320
38.9058672630167 108 1225
0 37 0
22.7706009041597 100 961
31.353210549222 106 1156
19.3281559435794 73 630
12.5433816353502 72 595
12.5433816353502 72 595
0 37 0
19.3281559435794 73 630
18.5282256719871 112 1024
0 37 0
0 37 0
25.0221048460429 103 1065
19.3281559435794 73 630
20.8496026022703 117 1033
0 37 0
15.3608888494027 86 576
0 37 0
0 37 0
0 37 0
0 37 0
0 37 0
5.15774367156911 71 468
24.6933754242285 102 1024
106.924239478724 247 3066
6.96779114373742 76 275
0 37 0
0.223919443140175 43 15
3.04248579766521 65 378
12.5433816353502 72 595
3.70010307470687 73 406
21.7875162150532 104 1091
0 37 0
22.7824323018641 98 930
24.6933754242285 102 1024
19.3281559435794 73 630
0 37 0
12.5433816353502 72 595
19.3281559435794 73 630
0 37 0
26.8847120856006 129 1381
9.1508186933734 71 561
0 37 0
7.48633667751028 87 649
0 37 0
3.33179034626612 72 379
0 37 0
19.3281559435794 73 630
23.3215751959311 111 1112
62.8102910176829 169 2117
27.4656182950174 105 801
19.3281559435794 73 630
7.11513253074889 70 528
19.3281559435794 73 630
0 37 0
23.0660892792464 99 955
0 37 0
20.5003155753163 119 1006
5.56760119200989 57 55
19.3281559435794 73 630
0 37 0
0 37 0
5.75787773367669 69 496
19.3281559435794 73 630
0 37 0
0 37 0
2.10169939917695 62 300
94.0725664232761 249 2888
0 37 0
12.5433816353502 72 595
33.9058060838703 114 1030
0 37 0
1.22906499818033 57 190
7.11513253074889 70 528
25.4787262696702 105 857
31.2908552946634 106 886
18.3913864509188 121 1155
9.1508186933734 71 561
38.3189044351336 134 1230
0 37 0
9.1508186933734 71 561
0 37 0
19.3281559435794 73 630
2.10169939917695 62 300
4.78829145396522 68 465
24.9649978960392 105 1123
19.3281559435794 73 630
0 37 0
19.3281559435794 73 630
0 37 0
0 37 0
0 37 0
72.7793247122847 174 2282
16.9886741070479 90 676
37.4459455310896 134 1534
2.67197840056503 64 351
3.04248579766521 65 378
7.90643785798136 91 718
0 37 0
9.1508186933734 71 561
0 37 0
19.3281559435794 73 630
0 37 0
0 37 0
0 37 0
4.78829145396522 68 465
0 37 0
56.8132255858428 181 1745
0 37 0
48.4154520780849 146 1363
17.9852281992669 102 1026
40.3309194830923 148 1358
14.0211249855989 99 939
0 37 0
32.3745631682257 107 1191
20.648846039955 113 1063
4.78829145396522 68 465
24.3465337006 102 1036
0 37 0
0 37 0
19.3281559435794 73 630
0 37 0
0 37 0
7.21816173588591 89 675
0 37 0
0 37 0
0 37 0
0 37 0
0 37 0
40.3519378783517 149 1589
0 37 0
47.5409623484597 139 1690
28.1798112879999 138 1295
0 37 0
0 37 0
47.7755760012667 163 1944
29.1341632110855 106 1158
0 37 0
0 37 0
38.9058672630167 108 1225
19.3281559435794 73 630
23.4065776799339 100 981
0 37 0
110.031189477349 251 3226
12.5433816353502 72 595
28.4662871232218 92 685
15.3270372099694 107 938
13.887704085012 82 484
0 37 0
0 37 0
0 37 0
0 37 0
19.3281559435794 73 630
7.0598594057734 69 209
0 37 0
58.7320792311384 142 1786
0 37 0
62.1709676057976 149 1807
19.3281559435794 73 630
0 37 0
0 37 0
129.546856183636 265 3449
45.4282348073121 148 1415
19.3281559435794 73 630
12.5433816353502 72 595
12.9786656888469 104 749
0 37 0
0 37 0
14.3522622827425 89 731
0 37 0
0 37 0
27.0639997415288 122 1186
19.3281559435794 73 630
2.67197840056503 64 351
3.49521035871992 66 406
51.4322549902503 140 1719
19.3281559435794 73 630
18.6324410596622 102 1030
0.903883153190681 54 136
2.67687518535646 66 208
19.3281559435794 73 630
27.3196081687913 104 1089
41.4804178570228 126 964
19.3281559435794 73 630
32.3745631682257 107 1191
0 37 0
0 37 0
0 37 0
0 37 0
0 37 0
0.0708734642758903 39 1
12.5433816353502 72 595
9.1508186933734 71 561
0 37 0
44.012050138599 134 1550
0 37 0
0 37 0
0 37 0
0 37 0
7.11513253074889 70 528
0 37 0
0 37 0
0 37 0
0 37 0
12.5433816353502 72 595
19.3281559435794 73 630
0 37 0
7.11513253074889 70 528
42.9877025871472 170 1653
18.6324410596622 102 1030
0 37 0
58.7320792311384 142 1786
31.353210549222 106 1156
6.16766873117634 85 561
0 37 0
19.3281559435794 73 630
19.3281559435794 73 630
9.1508186933734 71 561
0 37 0
0 37 0
30.7439106545242 128 1345
9.1508186933734 71 561
0.360729316266706 46 36
6.09388548347279 71 497
51.4322549902503 140 1719
19.3281559435794 73 630
0 37 0
0 37 0
0 37 0
6.88015983596788 83 510
0 37 0
0 37 0
0 37 0
3.04248579766521 65 378
7.11513253074889 70 528
0 37 0
0 37 0
0 37 0
0 37 0
9.1508186933734 71 561
12.5433816353502 72 595
19.3281559435794 73 630
0 37 0
0 37 0
19.3281559435794 73 630
19.3281559435794 73 630
22.7706009041597 100 961
12.5433816353502 72 595
0 37 0
92.3290786988151 205 2747
0 37 0
0 37 0
0 37 0
0 37 0
2.36312782645634 63 325
12.5433816353502 72 595
37.6229553200253 124 1255
0 37 0
0 37 0
19.3281559435794 73 630
19.3281559435794 73 630
12.5433816353502 72 595
18.1117056332666 103 697
19.3281559435794 73 630
0 37 0
1.87752486026956 61 276
19.3281559435794 73 630
19.3281559435794 73 630
0 37 0
0 37 0
38.0584372896585 148 1541
2.67197840056503 64 351
38.9058672630167 108 1225
9.60909334840191 73 562
0 37 0
0 37 0
12.5433816353502 72 595
0 37 0
0 37 0
19.3281559435794 73 630
0 37 0
0 37 0
0 37 0
0 37 0
7.49416659531134 62 144
0 37 0
12.5433816353502 72 595
0 37 0
0 37 0
0 37 0
43.0429621189875 152 1204
19.3281559435794 73 630
0 37 0
0 37 0
19.3281559435794 73 630
20.9734673958962 84 685
4.78829145396522 68 465
26.3879135078084 121 1171
21.2195265041225 87 721
0 37 0
0.590192979303339 50 78
6.31040471595794 87 616
19.3281559435794 73 630
1.0015508245308 55 153
1.68314680628006 60 253
31.697995968948 120 1249
19.3281559435794 73 630
0 37 0
0.903883153190681 54 136
0 37 0
1.68314680628006 60 253
0 37 0
12.5433816353502 72 595
0 37 0
0 37 0
0.659020951705018 51 91
0 37 0
38.9058672630167 108 1225
46.4926329084181 155 1700
31.353210549222 106 1156
0 37 0
0 37 0
0 37 0
0 37 0
30.7087253095466 138 1306
0 37 0
0 37 0
22.7856308551938 115 982
0 37 0
0 37 0
51.4322549902503 140 1719
0 37 0
0.733678129486922 52 105
19.3281559435794 73 630
19.3281559435794 73 630
19.3281559435794 73 630
19.3281559435794 73 630
29.1341632110855 106 1158
5.75787773367669 69 496
3.24476300893566 47 14
19.3281559435794 73 630
4.78829145396522 68 465
0 37 0
0 37 0
0 37 0
9.1508186933734 71 561
19.3281559435794 73 630
31.969454485824 138 1042
19.3281559435794 73 630
12.5433816353502 72 595
0 37 0
0 37 0
38.9058672630167 108 1225
4.06099174987508 67 435
0 37 0
1.22906499818033 57 190
0 37 0
33.9013809591117 132 1467
2.36312782645634 63 325
25.1393557446689 119 840
31.353210549222 106 1156
0 37 0
0 37 0
0 37 0
0 37 0
0 37 0
0 37 0
12.6626315356358 91 703
71.757972093281 173 2249
18.8764626206132 94 784
0 37 0
0 37 0
97.2655067210661 236 2786
10.5924364932403 95 828
19.3281559435794 73 630
