"COLLES.MDM.LN" "SACKIN" "COPHENETIC"
0 40 0
5.22903925335623 74 561
0 40 0
38.6561227034711 122 1414
46.788613995566 146 1830
16.9900146824959 109 1158
13.5688923921899 78 703
20.8654697229411 79 741
0 40 0
20.8654697229411 79 741
6.27169081767511 75 595
4.44695783171805 73 528
25.7138218611629 110 1206
53.300434118463 162 1982
0 40 0
6.27169081767511 75 595
7.02960210268551 84 631
29.6300950938521 113 1296
11.3076449279211 102 632
2.09941160044395 67 351
45.6127422295611 150 1968
4.44695783171805 73 528
0 40 0
21.5774204260963 127 1027
0 40 0
26.278016934088 111 1237
22.6197684252358 92 819
0 40 0
5.22903925335623 74 561
10.4359087207904 103 973
0 40 0
40.4187433756652 120 605
20.8654697229411 79 741
5.22903925335623 74 561
0 40 0
0 40 0
0.167877549394052 45 10
0 40 0
0 40 0
9.9204528952883 77 666
20.8654697229411 79 741
30.7101275569459 135 1461
14.0299826614611 113 864
0 40 0
0.790897759041846 57 136
45.8394477417685 155 1750
39.6213787354251 136 1489
12.0465462923273 96 803
20.8654697229411 79 741
5.22903925335623 74 561
2.3403736905117 68 378
51.4036808887896 150 1966
50.6842435747828 176 2270
9.9204528952883 77 666
0 40 0
0 40 0
20.8654697229411 79 741
0 40 0
1.27408121709751 62 231
4.44695783171805 73 528
2.3403736905117 68 378
0 40 0
13.5688923921899 78 703
20.8654697229411 79 741
0 40 0
0 40 0
0.167877549394052 45 10
0 40 0
0 40 0
0 40 0
0.585796401515572 54 91
11.6642961979958 79 361
30.2498190705676 136 1564
76.6392354057223 218 2648
13.5688923921899 78 703
13.5688923921899 78 703
20.8654697229411 79 741
0 40 0
4.91717148092798 89 606
0 40 0
0 40 0
0 40 0
22.4729399053104 90 796
4.61713812009271 87 549
0 40 0
7.73126237743176 76 630
26.8325780688729 120 1197
20.8654697229411 79 741
20.270480221989 110 1191
0 40 0
7.73126237743176 76 630
0 40 0
33.9186578889384 115 1369
7.42817121725976 96 792
0 40 0
69.2602313478853 180 2435
4.2093238942719 76 502
20.8654697229411 79 741
0 40 0
43.7796934131043 120 1447
34.9490196915374 141 1654
33.9186578889384 115 1369
0 40 0
20.8654697229411 79 741
0.204726348013874 46 15
0 40 0
25.264280635605 109 1176
17.9604542125414 97 784
22.2344418735278 99 773
5.22903925335623 74 561
0 40 0
0 40 0
20.8654697229411 79 741
3.75136811042506 82 445
27.0070732669496 112 1269
0 40 0
9.30951724969853 93 678
1.15831230679718 61 210
0 40 0
0 40 0
40.8160633273574 146 1842
0 40 0
0 40 0
23.234560950826 107 1089
31.4446501361463 115 1371
0 40 0
0 40 0
51.2347200787103 181 1959
13.5688923921899 78 703
18.8201136999134 99 841
0 40 0
29.6300950938521 113 1296
13.5688923921899 78 703
13.5688923921899 78 703
0 40 0
2.62140776903994 69 406
0 40 0
3.41219161650604 71 231
0 40 0
17.5199461387315 110 1194
0 40 0
0 40 0
7.73126237743176 76 630
0 40 0
18.4864187033387 109 1168
0 40 0
106.894628069979 245 3497
51.6286352143613 175 2102
6.83247414327537 63 121
0 40 0
20.8654697229411 79 741
0 40 0
0 40 0
0 40 0
29.1966832813457 133 1402
0 40 0
0 40 0
20.8654697229411 79 741
20.8654697229411 79 741
20.8654697229411 79 741
0 40 0
0 40 0
35.4749332291988 148 1423
26.5365190394976 134 1508
0 40 0
0 40 0
0 40 0
41.9823995335356 117 1444
1.5461969437514 64 276
33.9186578889384 115 1369
0 40 0
7.73126237743176 76 630
17.4202805930682 125 1267
27.6072126947001 102 848
43.6311436909785 142 1684
8.69636340040043 100 886
23.9198173963698 104 1041
24.6774948432416 139 1600
13.5688923921899 78 703
20.8654697229411 79 741
5.376310374078 90 616
1.70763076183127 65 300
3.83858515578446 72 496
5.88283315703959 77 326
0 40 0
0 40 0
0 40 0
20.8654697229411 79 741
0 40 0
29.3628973233284 114 1336
0 40 0
4.93185387653801 86 587
20.8654697229411 79 741
0 40 0
0 40 0
0 40 0
0 40 0
0 40 0
0 40 0
0 40 0
2.95344854536369 70 435
5.22903925335623 74 561
1.70763076183127 65 300
24.7918652466194 111 959
0 40 0
0 40 0
2.62140776903994 69 406
0 40 0
0 40 0
17.2966898879302 107 725
18.7777421672029 120 831
0 40 0
26.8513903770219 111 1225
0 40 0
27.0187640516488 114 1333
20.8654697229411 79 741
15.011080178896 124 1047
25.7138218611629 110 1206
0 40 0
26.8513903770219 111 1225
20.206631306876 91 409
0 40 0
12.8747839015448 103 991
9.2116436253221 101 912
2.95344854536369 70 435
0.870913760461567 58 153
0 40 0
26.2089029954245 138 1577
0 40 0
0 40 0
56.5611399204731 153 2074
0 40 0
72.9213625720473 223 2652
0 40 0
0 40 0
0.372356144271269 50 45
20.8654697229411 79 741
9.9204528952883 77 666
41.9823995335356 117 1444
26.278016934088 111 1237
30.8862393674669 143 1729
0.526958017235124 53 78
0 40 0
0 40 0
90.7800935874135 232 2893
4.44695783171805 73 528
0 40 0
30.843568119277 123 1259
1.70763076183127 65 300
20.8654697229411 79 741
0 40 0
25.0022091891727 126 1352
30.4274790685496 139 1588
20.8654697229411 79 741
9.81812306700558 73 256
0 40 0
0 40 0
63.427346956517 183 2255
58.2637420257981 218 2651
0 40 0
0 40 0
0 40 0
0 40 0
1.40262233856672 63 253
0 40 0
20.8654697229411 79 741
0 40 0
0 40 0
29.451346855072 141 1659
0 40 0
0 40 0
22.6197684252358 92 819
0 40 0
0 40 0
37.6650067756272 145 1806
0 40 0
7.73126237743176 76 630
0 40 0
0 40 0
13.5688923921899 78 703
0.958097926656046 59 171
24.8274239679844 109 1156
0 40 0
45.2598090508533 144 1765
0 40 0
0 40 0
0 40 0
0 40 0
15.454349170548 97 874
0 40 0
6.27169081767511 75 595
26.278016934088 111 1237
37.9404145145072 133 1396
0 40 0
20.7667406323992 103 961
40.2770203423626 136 929
23.3414763736063 100 951
0 40 0
20.8654697229411 79 741
0 40 0
0 40 0
20.7667406323992 103 961
0 40 0
0 40 0
47.8222481781355 152 1595
22.2524820983806 87 769
13.5688923921899 78 703
0 40 0
0 40 0
13.5688923921899 78 703
0 40 0
0 40 0
20.8654697229411 79 741
13.5688923921899 78 703
0 40 0
23.2293284656082 99 931
6.27169081767511 75 595
5.22903925335623 74 561
2.2914510440595 71 335
13.5688923921899 78 703
0.585796401515572 54 91
20.8654697229411 79 741
4.26568055415627 83 531
3.35180401777565 71 465
0 40 0
13.5688923921899 78 703
0 40 0
13.5688923921899 78 703
20.8654697229411 79 741
29.6527725037026 134 991
47.9392281806966 169 2023
20.8654697229411 79 741
0.326910942866702 49 36
0 40 0
14.1139558371528 100 589
0.870913760461567 58 153
0 40 0
2.95344854536369 70 435
1.89050226116507 66 325
9.9204528952883 77 666
25.7138218611629 110 1206
0 40 0
0 40 0
0 40 0
0 40 0
0 40 0
5.22903925335623 74 561
0 40 0
13.5688923921899 78 703
0 40 0
3.83858515578446 72 496
24.8975288721119 108 1147
0 40 0
0 40 0
7.73126237743176 76 630
20.8654697229411 79 741
0 40 0
0 40 0
0 40 0
0 40 0
0.585796401515572 54 91
3.35180401777565 71 465
0 40 0
0 40 0
14.7985313598615 89 758
0 40 0
0 40 0
46.8058886799105 144 1795
5.22903925335623 74 561
0 40 0
20.8654697229411 79 741
49.1638895523514 167 1972
0 40 0
0 40 0
0 40 0
0 40 0
0 40 0
29.6300950938521 113 1296
27.0070732669496 112 1269
0 40 0
0.585796401515572 54 91
6.27169081767511 75 595
0 40 0
0 40 0
37.9467559146853 168 2001
54.5184346824658 151 1999
13.5688923921899 78 703
21.0300442469059 133 1062
7.03234818118928 83 443
13.9296516973498 109 604
0 40 0
13.5688923921899 78 703
0 40 0
0 40 0
20.8654697229411 79 741
0 40 0
0 40 0
77.4099160172637 188 2669
0 40 0
0 40 0
0 40 0
1.15831230679718 61 210
5.22903925335623 74 561
0 40 0
46.8189003513 167 2009
0 40 0
0.526958017235124 53 78
13.5688923921899 78 703
20.7667406323992 103 961
0.326910942866702 49 36
29.6300950938521 113 1296
69.5437673764771 208 2799
0 40 0
0 40 0
87.4106507966535 223 2854
0 40 0
0 40 0
0.958097926656046 59 171
63.3498844426279 154 2110
0 40 0
0 40 0
67.7637190131389 196 2404
0 40 0
0 40 0
23.7502586167074 103 1017
9.9204528952883 77 666
0 40 0
24.0509167131458 125 1206
7.73126237743176 76 630
20.8654697229411 79 741
9.9204528952883 77 666
0 40 0
0.42062431277646 51 55
0 40 0
30.729973812702 152 1543
34.940010507942 116 1407
0 40 0
20.8654697229411 79 741
11.1844836728786 91 757
0 40 0
13.2972133615417 106 1060
20.8654697229411 79 741
0 40 0
20.8654697229411 79 741
25.545106906429 121 1180
4.17938942731867 82 520
23.234560950826 107 1089
41.9823995335356 117 1444
0.167877549394052 45 10
0 40 0
0 40 0
20.8654697229411 79 741
56.6250367466291 153 2000
0 40 0
0 40 0
0 40 0
0 40 0
20.8654697229411 79 741
44.890425332538 139 1374
20.8654697229411 79 741
9.9204528952883 77 666
9.9204528952883 77 666
0 40 0
3.83858515578446 72 496
20.8654697229411 79 741
0 40 0
20.8654697229411 79 741
20.8654697229411 79 741
0 40 0
33.9186578889384 115 1369
0 40 0
0 40 0
0 40 0
55.7779458213441 159 1176
0 40 0
27.0070732669496 112 1269
7.73126237743176 76 630
23.7502586167074 103 1017
22.8018862817867 133 1452
0 40 0
0 40 0
9.86124734262156 95 731
0.372356144271269 50 45
0 40 0
0 40 0
0 40 0
5.22903925335623 74 561
0 40 0
24.1125565161608 105 1066
13.5688923921899 78 703
2.3403736905117 68 378
34.940010507942 116 1407
25.7138218611629 110 1206
0 40 0
0 40 0
0 40 0
0 40 0
20.8654697229411 79 741
13.5688923921899 78 703
55.8976890668353 178 1963
0 40 0
32.2071349933144 121 1054
0 40 0
9.9204528952883 77 666
0 40 0
30.5731310445791 135 1513
0 40 0
0 40 0
0 40 0
0 40 0
0 40 0
0 40 0
0 40 0
0 40 0
0 40 0
0 40 0
26.7970508456915 119 1201
0 40 0
24.3341982448775 106 1092
31.4446501361463 115 1371
1.5461969437514 64 276
0 40 0
4.37480804895385 62 111
0 40 0
20.8654697229411 79 741
9.9204528952883 77 666
5.22903925335623 74 561
0 40 0
0 40 0
22.0890160773882 118 994
0 40 0
0 40 0
41.9823995335356 117 1444
0 40 0
91.8524519915482 234 3104
0 40 0
47.0136561335814 170 2085
1.5461969437514 64 276
20.8654697229411 79 741
0 40 0
0 40 0
22.9918755370897 122 915
0.132563038960931 44 6
22.8544868924786 95 861
5.84142640447135 92 666
0.243353201065525 47 21
0 40 0
24.1125565161608 105 1066
0 40 0
0 40 0
4.44695783171805 73 528
34.4199992429685 140 1621
31.4446501361463 115 1371
1.70763076183127 65 300
0 40 0
0 40 0
0 40 0
0 40 0
20.4877569762331 112 889
2.62140776903994 69 406
2.62140776903994 69 406
0 40 0
0.64902296069997 55 105
27.3392080249991 145 1279
0 40 0
13.5688923921899 78 703
20.8654697229411 79 741
20.8654697229411 79 741
20.8654697229411 79 741
48.7317369170377 148 1897
7.73126237743176 76 630
48.9321231773077 173 1741
0 40 0
0 40 0
1.5461969437514 64 276
33.9186578889384 115 1369
20.8654697229411 79 741
0 40 0
0 40 0
0 40 0
0.958097926656046 59 171
0 40 0
0 40 0
6.70932944528597 76 211
0 40 0
20.8654697229411 79 741
12.8747839015448 103 991
0 40 0
0 40 0
77.0256179095687 176 1788
34.4523857566338 165 1923
0 40 0
0 40 0
0 40 0
0 40 0
0 40 0
0 40 0
0 40 0
34.940010507942 116 1407
0 40 0
9.86124734262156 95 731
0 40 0
0 40 0
0 40 0
0 40 0
40.4654805369296 146 1834
24.8274239679844 109 1156
4.44695783171805 73 528
0 40 0
11.9044150482347 101 902
33.9186578889384 115 1369
0 40 0
0 40 0
4.44695783171805 73 528
30.9085859430704 161 1450
0 40 0
0 40 0
0 40 0
0 40 0
0 40 0
3.3773871683387 80 405
63.3498844426279 154 2110
0 40 0
0 40 0
3.83858515578446 72 496
0 40 0
41.5662889068713 163 1945
0 40 0
0 40 0
0 40 0
0 40 0
16.2997781112076 111 967
13.5688923921899 78 703
0 40 0
20.270480221989 110 1191
24.3341982448775 106 1092
62.1404557672939 216 2094
0 40 0
70.7948819062289 223 2741
0 40 0
48.893393564564 151 2002
0 40 0
20.8654697229411 79 741
0 40 0
34.940010507942 116 1407
0 40 0
3.83858515578446 72 496
0 40 0
1.15831230679718 61 210
0 40 0
0 40 0
0 40 0
20.8654697229411 79 741
0 40 0
24.8274239679844 109 1156
15.0622412201512 106 564
0 40 0
58.8130780434942 176 1879
0 40 0
0 40 0
0 40 0
20.8654697229411 79 741
13.5688923921899 78 703
13.5688923921899 78 703
0 40 0
0 40 0
4.44695783171805 73 528
0.870913760461567 58 153
0.526958017235124 53 78
0.958097926656046 59 171
0 40 0
20.8654697229411 79 741
1.89050226116507 66 325
77.4099160172637 188 2669
89.3012536134253 218 3088
3.83858515578446 72 496
51.5303481692476 177 2310
41.9823995335356 117 1444
20.8654697229411 79 741
0.326910942866702 49 36
21.5362771385919 112 1264
20.8654697229411 79 741
0 40 0
1.5461969437514 64 276
1.70763076183127 65 300
0 40 0
0 40 0
0 40 0
9.9204528952883 77 666
1.15831230679718 61 210
34.940010507942 116 1407
19.5278454971354 111 1227
9.9204528952883 77 666
0 40 0
10.4359087207904 103 973
20.8654697229411 79 741
6.27169081767511 75 595
0 40 0
56.9461741961931 173 2191
33.9186578889384 115 1369
20.8654697229411 79 741
7.73126237743176 76 630
0 40 0
0 40 0
0 40 0
1.27408121709751 62 231
0 40 0
0 40 0
29.6300950938521 113 1296
7.73126237743176 76 630
0 40 0
0 40 0
88.501239573739 238 2831
23.5858620090477 113 1298
0 40 0
27.8167850065918 130 1312
0 40 0
0 40 0
17.7551191378178 111 1159
0 40 0
20.8654697229411 79 741
0 40 0
0.526958017235124 53 78
26.5194071560461 110 972
13.5688923921899 78 703
16.3865511466958 93 676
42.6483261286681 148 1897
17.9261318345784 108 1138
20.5024479590538 97 784
13.5688923921899 78 703
25.096684388538 137 1542
20.1763053870341 111 1231
0 40 0
0 40 0
0 40 0
51.4036808887896 150 1966
0.717180027366775 56 120
16.2865634941487 73 116
0 40 0
0 40 0
0 40 0
67.5327350580271 167 2188
0 40 0
0 40 0
34.940010507942 116 1407
0 40 0
9.04097196288265 108 795
13.5688923921899 78 703
13.5688923921899 78 703
0.870913760461567 58 153
23.9198173963698 104 1041
0 40 0
32.2164933911446 128 1401
43.1756473462947 156 1796
31.4446501361463 115 1371
47.8345769720345 147 1879
0 40 0
13.5688923921899 78 703
0 40 0
0 40 0
0 40 0
4.0340409666223 49 10
0.167877549394052 45 10
9.9204528952883 77 666
0 40 0
0 40 0
37.1517728088106 165 1424
3.81756557404875 70 214
20.8652500474493 104 653
0 40 0
37.7319254818463 120 1003
47.0852058966076 145 1822
11.5507510224764 92 449
20.8654697229411 79 741
1.05348428415457 60 190
4.44695783171805 73 528
0 40 0
38.6662278056026 126 884
0 40 0
0 40 0
41.9823995335356 117 1444
4.91717148092798 89 606
0 40 0
13.5688923921899 78 703
0 40 0
2.3403736905117 68 378
0 40 0
9.76959468241758 101 906
0 40 0
0 40 0
20.8654697229411 79 741
53.3831450505058 171 2110
50.5324364398539 173 2029
0 40 0
0 40 0
41.2669843028734 173 1828
0 40 0
0 40 0
0 40 0
19.2743970088089 126 1224
0 40 0
0 40 0
0 40 0
0.0654216593315911 42 1
0 40 0
7.73126237743176 76 630
0 40 0
0 40 0
0.283998511078815 48 28
0 40 0
0 40 0
0 40 0
4.44695783171805 73 528
0 40 0
17.5199461387315 110 1194
36.1395807601503 142 1256
0 40 0
20.8654697229411 79 741
0 40 0
20.8654697229411 79 741
29.5362774018187 128 1389
3.83858515578446 72 496
0 40 0
20.8654697229411 79 741
0 40 0
0 40 0
0 40 0
13.5688923921899 78 703
13.1909169535702 100 607
20.8654697229411 79 741
2.95344854536369 70 435
0 40 0
0 40 0
0 40 0
13.5688923921899 78 703
0 40 0
0 40 0
24.8975288721119 108 1147
0 40 0
0 40 0
3.83858515578446 72 496
23.5995036905556 102 994
0 40 0
0 40 0
17.9604542125414 97 784
20.8654697229411 79 741
0 40 0
0 40 0
5.42482353228287 91 655
0 40 0
16.0387620111256 110 1094
0 40 0
4.44695783171805 73 528
20.8654697229411 79 741
0 40 0
1.02061976305557 46 7
0 40 0
7.73126237743176 76 630
29.4800747179484 131 1339
0 40 0
33.9186578889384 115 1369
0 40 0
76.38856339826 187 2632
0 40 0
16.9900146824959 109 1158
20.8654697229411 79 741
0 40 0
14.5305961439427 64 53
20.8654697229411 79 741
0 40 0
0 40 0
0 40 0
29.6300950938521 113 1296
0 40 0
79.8756185077644 209 2779
0 40 0
1.70763076183127 65 300
0 40 0
10.465812860442 97 786
20.8654697229411 79 741
0 40 0
0 40 0
73.4255915445493 186 2600
29.6300950938521 113 1296
0 40 0
19.7479048707936 101 900
0.204726348013874 46 15
15.7461738388151 93 544
0 40 0
20.8654697229411 79 741
1.70763076183127 65 300
23.5995036905556 102 994
0 40 0
0 40 0
0 40 0
1.70763076183127 65 300
70.8596743032359 184 2533
17.2966898879302 107 725
46.857041906768 168 1282
3.83858515578446 72 496
0 40 0
0 40 0
14.0056872370705 100 871
0 40 0
0 40 0
13.9747212087733 106 1072
0 40 0
9.9204528952883 77 666
0 40 0
0 40 0
0 40 0
20.8654697229411 79 741
31.4446501361463 115 1371
53.7471384274385 185 2240
0 40 0
0 40 0
7.73126237743176 76 630
0 40 0
54.1331284480808 189 2281
29.6300950938521 113 1296
41.9823995335356 117 1444
1.27408121709751 62 231
18.5479899061107 104 495
0 40 0
20.8654697229411 79 741
0 40 0
27.9848942725719 113 1302
1.70763076183127 65 300
14.5259629660255 107 1101
0 40 0
0 40 0
0 40 0
51.4036808887896 150 1966
36.5480966984846 124 1225
0 40 0
0 40 0
0 40 0
7.73126237743176 76 630
5.22903925335623 74 561
20.8654697229411 79 741
0 40 0
0 40 0
20.8654697229411 79 741
0 40 0
7.73126237743176 76 630
7.73126237743176 76 630
0 40 0
51.2993271315297 175 1876
20.8654697229411 79 741
20.8654697229411 79 741
13.0266801010463 80 249
0 40 0
26.278016934088 111 1237
0 40 0
20.8654697229411 79 741
14.7985313598615 89 758
14.5259629660255 107 1101
13.5688923921899 78 703
10.2040287103205 69 128
2.09941160044395 67 351
1.89050226116507 66 325
0 40 0
17.9604542125414 97 784
0 40 0
76.38856339826 187 2632
0 40 0
6.85825095183976 88 556
27.0070732669496 112 1269
0 40 0
9.9204528952883 77 666
0 40 0
1.15831230679718 61 210
23.4641433146706 101 972
20.1055508768214 119 1178
0 40 0
5.22903925335623 74 561
34.940010507942 116 1407
20.8654697229411 79 741
0 40 0
0 40 0
0 40 0
0 40 0
0 40 0
22.8868349570201 112 1261
22.8868349570201 112 1261
6.24133640908271 61 100
32.9075616770641 134 1506
0 40 0
0 40 0
7.73126237743176 76 630
3.83858515578446 72 496
20.8654697229411 79 741
13.5688923921899 78 703
9.87481782707602 102 939
20.8654697229411 79 741
20.8654697229411 79 741
0 40 0
0 40 0
0 40 0
0 40 0
13.5688923921899 78 703
0.326910942866702 49 36
0 40 0
1.70763076183127 65 300
0 40 0
9.9204528952883 77 666
0 40 0
20.8654697229411 79 741
0 40 0
0 40 0
31.4446501361463 115 1371
27.0187640516488 114 1333
0 40 0
19.6535501623213 122 1181
0 40 0
0 40 0
3.35180401777565 71 465
0 40 0
0 40 0
0 40 0
0 40 0
0 40 0
22.8868349570201 112 1261
3.35180401777565 71 465
3.35180401777565 71 465
63.3498844426279 154 2110
13.5688923921899 78 703
0 40 0
60.333388260844 203 2608
0 40 0
13.5688923921899 78 703
9.9204528952883 77 666
35.2611522031623 117 1370
0 40 0
10.0474286342148 91 577
0.958097926656046 59 171
6.27169081767511 75 595
5.22903925335623 74 561
0 40 0
0 40 0
0 40 0
20.270480221989 110 1191
53.3429725279529 142 1588
10.2789190853421 84 315
41.9823995335356 117 1444
0 40 0
0 40 0
0 40 0
33.4363588079097 124 1165
76.9227899243117 222 2756
8.39978455083261 97 826
36.2137422371668 147 1469
0 40 0
31.4446501361463 115 1371
0 40 0
20.8654697229411 79 741
0 40 0
27.7538424363116 110 486
20.7654476028429 105 635
0 40 0
0 40 0
0 40 0
0 40 0
0 40 0
5.52404613043657 76 562
41.9823995335356 117 1444
20.8654697229411 79 741
0 40 0
3.83858515578446 72 496
0 40 0
0 40 0
0 40 0
0 40 0
55.5397873014695 152 2037
0 40 0
0 40 0
0 40 0
15.6526152215323 91 625
0 40 0
12.936685744281 83 441
9.39284275243386 95 801
7.27439953035049 85 559
12.7960793048195 103 963
1.70763076183127 65 300
20.8654697229411 79 741
41.2799320910865 156 1805
0 40 0
20.8654697229411 79 741
0 40 0
18.8201136999134 99 841
26.2587931594751 126 1242
27.0187640516488 114 1333
0 40 0
21.9109720905291 105 1024
13.5688923921899 78 703
0 40 0
29.3628973233284 114 1336
0 40 0
15.6526152215323 91 625
20.8654697229411 79 741
13.5688923921899 78 703
20.8654697229411 79 741
0 40 0
0 40 0
5.22903925335623 74 561
51.4724251631922 194 2371
5.62975532226675 68 183
0 40 0
0 40 0
20.8654697229411 79 741
23.0297805573078 97 894
0 40 0
35.3138736788235 159 1736
5.22903925335623 74 561
0 40 0
13.8684918471978 105 1026
0 40 0
0 40 0
0 40 0
34.940010507942 116 1407
0 40 0
0 40 0
48.893393564564 151 2002
17.1530509815806 95 729
53.3614560258319 194 2106
0 40 0
2.95344854536369 70 435
0 40 0
22.9473818420257 117 954
58.4591002704627 157 2043
0 40 0
6.24133640908271 61 100
0 40 0
36.3265850767644 126 1424
0 40 0
20.8654697229411 79 741
20.8654697229411 79 741
44.5913896105574 149 1930
0 40 0
2.65953503065185 49 16
34.940010507942 116 1407
0 40 0
0.283998511078815 48 28
20.8654697229411 79 741
12.6938446606764 93 448
0.283998511078815 48 28
13.5688923921899 78 703
0 40 0
20.8654697229411 79 741
44.044372229044 157 1735
29.4530284280374 119 1088
2.09941160044395 67 351
5.22903925335623 74 561
7.73126237743176 76 630
27.5691386718234 136 1187
0 40 0
20.8654697229411 79 741
0.204726348013874 46 15
23.234560950826 107 1089
0 40 0
0 40 0
0 40 0
0 40 0
6.27169081767511 75 595
0 40 0
20.8654697229411 79 741
0.372356144271269 50 45
0 40 0
0 40 0
18.8201136999134 99 841
0 40 0
7.73126237743176 76 630
28.3835174765165 118 1339
52.6666647871044 164 1450
1.27408121709751 62 231
22.516099292224 121 804
0 40 0
0 40 0
40.3469431541223 148 1894
0 40 0
34.940010507942 116 1407
13.5688923921899 78 703
0 40 0
5.22903925335623 74 561
41.9823995335356 117 1444
0 40 0
0 40 0
24.8975288721119 108 1147
63.2380793728279 195 2340
8.24489210181725 94 706
6.27169081767511 75 595
0 40 0
20.8654697229411 79 741
20.8654697229411 79 741
0 40 0
0 40 0
84.0374917476928 214 2956
0 40 0
27.0187640516488 114 1333
0 40 0
6.27169081767511 75 595
41.9823995335356 117 1444
5.22903925335623 74 561
0 40 0
29.6300950938521 113 1296
0 40 0
0 40 0
0 40 0
36.5480966984846 124 1225
0 40 0
0 40 0
0 40 0
0 40 0
0 40 0
20.8654697229411 79 741
9.9204528952883 77 666
20.8654697229411 79 741
2.95344854536369 70 435
0 40 0
0 40 0
13.5688923921899 78 703
63.3498844426279 154 2110
0 40 0
76.641708366034 223 2795
3.83858515578446 72 496
0 40 0
2.09941160044395 67 351
1.5461969437514 64 276
49.9460843001535 150 1972
0 40 0
20.8654697229411 79 741
0 40 0
7.73126237743176 76 630
16.1390048769093 102 979
55.8599132855549 150 1700
0 40 0
0 40 0
19.2090821844855 110 1199
33.9186578889384 115 1369
7.73126237743176 76 630
33.3976990127288 125 1112
1.5461969437514 64 276
2.95344854536369 70 435
0 40 0
17.1530509815806 95 729
5.22903925335623 74 561
0 40 0
0 40 0
68.4083291550114 204 2320
0 40 0
9.9204528952883 77 666
0 40 0
0 40 0
0 40 0
13.5688923921899 78 703
7.73126237743176 76 630
0 40 0
36.4469334891309 140 1619
0 40 0
20.8654697229411 79 741
0 40 0
27.0070732669496 112 1269
0 40 0
0 40 0
2.16855100206015 55 51
0 40 0
26.0124760242322 106 694
0 40 0
20.8654697229411 79 741
7.73126237743176 76 630
4.96461616089761 88 568
20.8654697229411 79 741
0 40 0
0 40 0
6.83247414327537 63 121
24.3781139069213 133 1423
0 40 0
0 40 0
34.940010507942 116 1407
32.7192999751098 112 997
0 40 0
0 40 0
20.8654697229411 79 741
0 40 0
45.3137133139673 160 1813
0.167877549394052 45 10
0 40 0
0 40 0
0 40 0
1.15831230679718 61 210
0 40 0
1.05348428415457 60 190
9.9204528952883 77 666
31.4446501361463 115 1371
34.940010507942 116 1407
0 40 0
20.8654697229411 79 741
0 40 0
0 40 0
0 40 0
85.0706227903727 237 3032
20.8654697229411 79 741
24.0528473118097 137 1245
0 40 0
133.93065651029 280 4046
47.6954770374247 146 1182
0 40 0
6.46648970907529 55 31
0 40 0
2.62140776903994 69 406
20.8654697229411 79 741
27.0187640516488 114 1333
13.5688923921899 78 703
0 40 0
20.8654697229411 79 741
0.204726348013874 46 15
0 40 0
0.204726348013874 46 15
43.3384510852435 176 1645
0 40 0
15.4401951428158 127 1261
0 40 0
0 40 0
0 40 0
0 40 0
0 40 0
0 40 0
12.6294421086735 84 305
4.44695783171805 73 528
7.73126237743176 76 630
13.5688923921899 78 703
10.7637171095514 90 601
2.65953503065185 49 16
0 40 0
6.27169081767511 75 595
0 40 0
49.507917076076 175 2228
57.6463893656327 154 2038
0 40 0
5.51773200377421 85 490
0 40 0
1.51472766577417 51 27
7.73126237743176 76 630
0 40 0
39.8923748847624 144 1753
7.73126237743176 76 630
10.978939271529 102 934
0 40 0
0 40 0
44.1102970673858 178 2033
41.9823995335356 117 1444
5.68451992791859 92 675
0 40 0
59.8208731701902 162 1763
34.940010507942 116 1407
49.5891258464954 148 1891
25.7138218611629 110 1206
30.8302699091275 135 1235
2.63059635577336 73 268
0 40 0
0 40 0
20.1763053870341 111 1231
20.270480221989 110 1191
0 40 0
20.8654697229411 79 741
0.870913760461567 58 153
38.574891423129 155 1682
14.5259629660255 107 1101
6.21031178080259 79 226
20.8654697229411 79 741
2.62140776903994 69 406
0.0654216593315911 42 1
29.4436334329856 127 1345
20.8654697229411 79 741
0 40 0
41.4868331559332 147 1872
0 40 0
13.5688923921899 78 703
0 40 0
34.5154576614794 165 1942
0 40 0
12.2884084103782 95 754
0 40 0
47.8345769720345 147 1879
2.95344854536369 70 435
0 40 0
2.26998435069145 72 321
16.552134896236 104 1028
0 40 0
0 40 0
9.9204528952883 77 666
0 40 0
20.8654697229411 79 741
0 40 0
144.558250678425 304 4262
0 40 0
0 40 0
0 40 0
8.6147109418007 69 196
0 40 0
1.15831230679718 61 210
1.89050226116507 66 325
0.0654216593315911 42 1
23.5858620090477 113 1298
0 40 0
2.62140776903994 69 406
3.2411077361526 57 54
20.8654697229411 79 741
10.4269901054994 75 289
0 40 0
0 40 0
41.9823995335356 117 1444
0 40 0
9.9204528952883 77 666
20.8654697229411 79 741
0 40 0
18.8593017927495 98 534
129.386497731377 276 3840
0.0985175889639126 43 3
28.2976609610829 127 912
4.61713812009271 87 549
0 40 0
0 40 0
2.62140776903994 69 406
9.9204528952883 77 666
0 40 0
18.8201136999134 99 841
0 40 0
20.8654697229411 79 741
45.2598090508533 144 1765
0 40 0
37.9208217403531 128 1317
0 40 0
1.5461969437514 64 276
5.22903925335623 74 561
0.372356144271269 50 45
19.2985101760508 120 1139
32.3134570404329 129 1416
20.784449338336 117 1242
0 40 0
41.9823995335356 117 1444
20.8654697229411 79 741
17.7809396955802 96 785
2.3403736905117 68 378
20.8654697229411 79 741
0 40 0
33.6233450083339 130 932
0 40 0
0 40 0
20.8654697229411 79 741
0.717180027366775 56 120
41.4872967347296 139 1585
64.3641385727884 196 2006
71.900188799101 192 2553
21.6962042271964 81 742
0 40 0
9.9204528952883 77 666
41.9823995335356 117 1444
41.9823995335356 117 1444
31.4446501361463 115 1371
20.8654697229411 79 741
5.22903925335623 74 561
2.95344854536369 70 435
20.8654697229411 79 741
5.22903925335623 74 561
0 40 0
6.27169081767511 75 595
20.8654697229411 79 741
25.264280635605 109 1176
7.46276612959573 96 765
13.5311587183924 87 389
20.8654697229411 79 741
0.958097926656046 59 171
42.0778075162356 146 1822
25.7141405377019 135 1463
0 40 0
13.5688923921899 78 703
0.283998511078815 48 28
0 40 0
12.3498942771354 111 811
0 40 0
20.8654697229411 79 741
0 40 0
20.8654697229411 79 741
21.8521106592341 131 1376
0 40 0
20.8654697229411 79 741
13.5688923921899 78 703
20.8654697229411 79 741
0 40 0
41.9823995335356 117 1444
0 40 0
0 40 0
7.73126237743176 76 630
27.0187640516488 114 1333
10.978939271529 102 934
20.8654697229411 79 741
22.1192127327663 114 990
18.5069680642298 123 1124
22.8868349570201 112 1261
40.3476085257003 166 1942
20.8654697229411 79 741
13.5688923921899 78 703
0 40 0
75.2994128545715 235 2768
0 40 0
30.3243772101007 127 1393
0 40 0
0.526958017235124 53 78
3.96054400899026 60 91
26.8513903770219 111 1225
4.44695783171805 73 528
0 40 0
29.4030099976168 129 1438
24.8274239679844 109 1156
7.73126237743176 76 630
0 40 0
0 40 0
0 40 0
38.8342347878291 140 1683
0 40 0
41.9823995335356 117 1444
0 40 0
0 40 0
0 40 0
19.5719692355383 121 1134
43.9884235789841 142 1702
0 40 0
60.0854932757246 193 2329
31.4446501361463 115 1371
0 40 0
0 40 0
9.9204528952883 77 666
0 40 0
20.8654697229411 79 741
0 40 0
20.8654697229411 79 741
9.9204528952883 77 666
45.0469775008236 131 1535
0 40 0
14.0056872370705 100 871
51.9286543657217 165 2032
52.1367251845256 183 2036
22.6197684252358 92 819
0 40 0
13.5688923921899 78 703
0 40 0
0 40 0
0 40 0
0 40 0
0 40 0
0 40 0
0 40 0
3.35180401777565 71 465
40.0668022687049 135 1246
0 40 0
11.7517891987537 97 589
0 40 0
0 40 0
1.68780516755918 61 112
7.73126237743176 76 630
0 40 0
1.5461969437514 64 276
4.44695783171805 73 528
0 40 0
0 40 0
11.9044150482347 101 902
26.8513903770219 111 1225
0 40 0
0 40 0
0 40 0
3.83858515578446 72 496
0 40 0
0 40 0
31.4446501361463 115 1371
41.9823995335356 117 1444
0 40 0
40.8936263314899 154 1574
0 40 0
19.5278454971354 111 1227
3.35180401777565 71 465
22.0095423929236 84 751
4.84567511376387 84 471
13.5903819979144 85 484
0 40 0
21.9109720905291 105 1024
0 40 0
55.5397873014695 152 2037
0 40 0
0 40 0
11.038159551353 89 732
1.58644284177379 54 46
13.5688923921899 78 703
0 40 0
20.8654697229411 79 741
0 40 0
0 40 0
27.8559143489231 141 1670
0 40 0
0.870913760461567 58 153
29.2348014612916 99 800
9.17002054770026 93 766
67.3853756377437 191 2212
9.9204528952883 77 666
20.8654697229411 79 741
13.5397473454628 120 893
0 40 0
0.42062431277646 51 55
0 40 0
5.22903925335623 74 561
0 40 0
0 40 0
0 40 0
11.9218345595257 94 703
0 40 0
0 40 0
20.8654697229411 79 741
13.8684918471978 105 1026
0 40 0
44.5735115334256 126 1480
0 40 0
0 40 0
21.9109720905291 105 1024
9.9204528952883 77 666
18.411776056977 108 1123
4.44695783171805 73 528
0 40 0
0 40 0
20.8654697229411 79 741
0 40 0
6.27169081767511 75 595
0 40 0
0 40 0
0 40 0
13.7230325012745 107 1095
0 40 0
0 40 0
3.83858515578446 72 496
0 40 0
0.958097926656046 59 171
7.73126237743176 76 630
0 40 0
0 40 0
0 40 0
6.27169081767511 75 595
20.8654697229411 79 741
0 40 0
60.0188764473678 166 1589
68.3481673569294 181 2425
33.6332776374832 135 881
13.5688923921899 78 703
0 40 0
0 40 0
2.62140776903994 69 406
0 40 0
0 40 0
0 40 0
0 40 0
0 40 0
0 40 0
0 40 0
35.478951147773 142 1690
0 40 0
0 40 0
0 40 0
0 40 0
7.73126237743176 76 630
76.8315703692148 234 2670
0 40 0
97.7731719367893 232 2726
28.781176187104 111 869
0 40 0
20.8654697229411 79 741
9.9204528952883 77 666
13.5688923921899 78 703
39.6892646084485 135 1260
23.234560950826 107 1089
0 40 0
13.5688923921899 78 703
0 40 0
1.5461969437514 64 276
0 40 0
0 40 0
13.5688923921899 78 703
16.2603999206796 96 791
6.27169081767511 75 595
68.7764260601416 205 2501
0 40 0
0 40 0
0 40 0
0 40 0
118.359592106118 261 3555
15.6526152215323 91 625
0 40 0
0 40 0
23.4973336780338 138 1572
0 40 0
43.0991601352392 147 1857
0 40 0
0 40 0
0 40 0
7.28449712401068 90 604
93.1850759862055 223 2070
0 40 0
0 40 0
20.8654697229411 79 741
37.9904580940795 145 1792
0 40 0
47.6046776575655 172 2173
13.5688923921899 78 703
0 40 0
13.5688923921899 78 703
1.70763076183127 65 300
0.790897759041846 57 136
0 40 0
13.5688923921899 78 703
0 40 0
20.8654697229411 79 741
25.0045130711824 129 1290
0 40 0
26.6781306089878 133 1342
101.094864886288 221 2929
0 40 0
0 40 0
34.940010507942 116 1407
0 40 0
10.760289167932 103 967
0 40 0
0.585796401515572 54 91
20.8654697229411 79 741
0 40 0
31.4162665963784 138 1562
0.958097926656046 59 171
0 40 0
9.9204528952883 77 666
13.5688923921899 78 703
0 40 0
0 40 0
20.8654697229411 79 741
0 40 0
0 40 0
0 40 0
0 40 0
0 40 0
0 40 0
1.5461969437514 64 276
7.73126237743176 76 630
0 40 0
0 40 0
20.8654697229411 79 741
0 40 0
0 40 0
0 40 0
20.8654697229411 79 741
41.9823995335356 117 1444
23.2664701615297 110 796
13.5688923921899 78 703
3.83858515578446 72 496
0 40 0
0 40 0
64.4489793722601 204 1891
20.8654697229411 79 741
0 40 0
1.5461969437514 64 276
52.8141117733628 172 2143
0 40 0
0 40 0
35.4603256391943 131 1452
28.6650383231757 95 778
0 40 0
0 40 0
24.3997689625303 135 1466
10.2276634360772 88 553
2.3403736905117 68 378
0 40 0
19.82273440263 112 965
20.8654697229411 79 741
0 40 0
31.381600598148 119 1311
33.9186578889384 115 1369
0 40 0
20.8654697229411 79 741
7.73126237743176 76 630
0 40 0
9.83026422893388 98 861
20.8654697229411 79 741
0.372356144271269 50 45
42.3341887867588 148 1515
0.526958017235124 53 78
0 40 0
0 40 0
0 40 0
0 40 0
0 40 0
9.9204528952883 77 666
0.958097926656046 59 171
13.5688923921899 78 703
0 40 0
20.8654697229411 79 741
29.3628973233284 114 1336
36.4297748018173 146 1826
12.6209285671479 102 966
0.64902296069997 55 105
0 40 0
20.8654697229411 79 741
0 40 0
4.44695783171805 73 528
0 40 0
0 40 0
3.35180401777565 71 465
11.9044150482347 101 902
44.3665249106858 171 2106
0 40 0
0 40 0
7.73126237743176 76 630
17.5199461387315 110 1194
32.6863210275798 142 1687
0 40 0
0 40 0
0 40 0
64.4970095946296 197 2433
0 40 0
2.95344854536369 70 435
0 40 0
20.8654697229411 79 741
0 40 0
0 40 0
53.1394037232914 175 2233
0 40 0
20.8654697229411 79 741
15.9701843903443 101 956
0 40 0
13.5688923921899 78 703
0 40 0
1.89050226116507 66 325
20.8654697229411 79 741
20.8654697229411 79 741
9.9204528952883 77 666
14.5259629660255 107 1101
4.44695783171805 73 528
3.83858515578446 72 496
46.8506883265567 149 1928
0 40 0
20.8654697229411 79 741
26.8513903770219 111 1225
3.35180401777565 71 465
0 40 0
54.7523738935814 178 2353
0 40 0
0 40 0
0 40 0
7.73126237743176 76 630
27.5811861297286 115 1243
2.95344854536369 70 435
20.8654697229411 79 741
12.7935219954744 106 1065
0 40 0
20.8654697229411 79 741
13.5688923921899 78 703
0 40 0
0 40 0
0 40 0
0 40 0
25.0353830432276 148 1471
0 40 0
0 40 0
5.22903925335623 74 561
0 40 0
10.4359087207904 103 973
0 40 0
0 40 0
23.9198173963698 104 1041
20.8654697229411 79 741
13.5688923921899 78 703
0 40 0
10.4790775302107 101 930
4.44695783171805 73 528
7.73126237743176 76 630
22.0950961881803 85 756
0 40 0
0 40 0
20.8654697229411 79 741
20.8654697229411 79 741
1.70763076183127 65 300
0 40 0
20.8654697229411 79 741
0 40 0
9.9204528952883 77 666
49.5891258464954 148 1891
20.8654697229411 79 741
32.5461759752843 108 891
20.8654697229411 79 741
34.940010507942 116 1407
0 40 0
0 40 0
2.3403736905117 68 378
0 40 0
0 40 0
20.8654697229411 79 741
0 40 0
29.6300950938521 113 1296
0 40 0
0 40 0
0 40 0
12.5115369848282 91 712
11.2636575610558 113 1001
7.22951524685751 102 674
13.5688923921899 78 703
20.8654697229411 79 741
0 40 0
0 40 0
0 40 0
9.9204528952883 77 666
1.15831230679718 61 210
2.62140776903994 69 406
11.7676116126458 97 856
0 40 0
0 40 0
41.9823995335356 117 1444
0 40 0
29.4552006137375 135 1481
9.9204528952883 77 666
41.9823995335356 117 1444
13.5688923921899 78 703
2.62140776903994 69 406
8.59845871037602 99 576
34.940010507942 116 1407
20.8654697229411 79 741
5.22903925335623 74 561
49.9434858194566 159 1973
0 40 0
0 40 0
0.585796401515572 54 91
8.24691659515524 106 817
13.5688923921899 78 703
0 40 0
0 40 0
20.8654697229411 79 741
1.05348428415457 60 190
0 40 0
0 40 0
0 40 0
0 40 0
0 40 0
3.83858515578446 72 496
20.8654697229411 79 741
5.01783453336253 89 596
12.0978804723759 105 1036
37.22509021876 126 1270
88.2109829437806 213 2921
0 40 0
34.3303135347783 137 1544
13.5688923921899 78 703
0 40 0
0 40 0
3.35180401777565 71 465
0 40 0
0 40 0
0 40 0
31.515148198365 145 1145
0 40 0
0 40 0
0 40 0
23.2293284656082 99 931
7.73126237743176 76 630
0 40 0
0 40 0
0 40 0
0 40 0
4.83759021978786 77 534
0 40 0
5.62257682976869 77 500
0 40 0
32.9355523001432 124 951
0 40 0
4.35930892400844 86 555
23.2293284656082 99 931
0 40 0
22.7982878567781 134 1480
15.8303936290503 104 993
0 40 0
1.89050226116507 66 325
2.95344854536369 70 435
0 40 0
0 40 0
0 40 0
28.4528587817449 117 1279
0 40 0
24.5923790111527 107 1119
49.5891258464954 148 1891
0 40 0
20.8654697229411 79 741
9.9204528952883 77 666
23.3973410499993 122 1110
29.3678805321059 154 1670
0 40 0
0 40 0
32.2071349933144 121 1054
0 40 0
73.1826651955538 201 2245
20.8654697229411 79 741
20.8654697229411 79 741
20.8654697229411 79 741
0 40 0
0 40 0
0 40 0
0 40 0
31.4879891947307 108 937
9.9204528952883 77 666
20.8654697229411 79 741
45.6414240773421 137 1634
52.2890412900009 162 1850
0.0654216593315911 42 1
0 40 0
0 40 0
0 40 0
0 40 0
0 40 0
0 40 0
37.4682861081346 141 1652
0 40 0
0 40 0
0 40 0
20.8654697229411 79 741
0 40 0
53.2182359310838 152 2039
5.22903925335623 74 561
0 40 0
24.5923790111527 107 1119
1.05348428415457 60 190
0 40 0
30.5248236303394 137 1530
28.2979719076556 114 662
0 40 0
20.8654697229411 79 741
0.283998511078815 48 28
20.8654697229411 79 741
9.9204528952883 77 666
82.0851655509731 225 2833
0 40 0
0 40 0
0 40 0
20.8654697229411 79 741
0 40 0
0 40 0
41.9823995335356 117 1444
0 40 0
12.7815815424621 84 675
52.5272624464938 164 1905
0 40 0
3.35180401777565 71 465
0 40 0
20.8654697229411 79 741
0 40 0
22.2524820983806 87 769
13.5688923921899 78 703
0 40 0
0 40 0
0 40 0
78.4312686362673 189 2705
0 40 0
0.0654216593315911 42 1
0.717180027366775 56 120
40.2724157437594 172 2135
4.46504846508847 55 49
0 40 0
25.7138218611629 110 1206
0 40 0
0 40 0
30.7171437716749 143 1726
0 40 0
0 40 0
4.44695783171805 73 528
0 40 0
3.77598277647543 77 274
9.90790347479335 102 946
0 40 0
0 40 0
21.9109720905291 105 1024
20.8654697229411 79 741
0.167877549394052 45 10
0 40 0
0 40 0
15.5581978787134 121 939
0 40 0
0 40 0
0 40 0
6.27169081767511 75 595
20.0229906953358 133 1438
20.8654697229411 79 741
0 40 0
0 40 0
0 40 0
0 40 0
12.069659968538 98 602
0 40 0
1.05348428415457 60 190
11.7676116126458 97 856
0 40 0
0 40 0
20.8654697229411 79 741
1.28701940826588 57 76
56.3426307297858 194 2061
13.5688923921899 78 703
0 40 0
0 40 0
7.73126237743176 76 630
72.8068447185152 196 2398
14.8550449307368 102 931
20.8654697229411 79 741
7.73126237743176 76 630
21.9168175099554 83 747
0 40 0
7.68891061062151 95 735
20.8654697229411 79 741
34.940010507942 116 1407
0 40 0
28.9214153988364 140 1623
12.4029875814431 101 942
0 40 0
0.526958017235124 53 78
3.66220502832689 80 396
20.8654697229411 79 741
0 40 0
0 40 0
0 40 0
0 40 0
41.9823995335356 117 1444
0 40 0
0 40 0
34.940010507942 116 1407
0 40 0
7.73126237743176 76 630
20.8654697229411 79 741
29.3628973233284 114 1336
24.8975288721119 108 1147
0 40 0
41.9823995335356 117 1444
0 40 0
36.2810343597983 152 1527
37.9182535207177 157 1420
0 40 0
3.83858515578446 72 496
13.5688923921899 78 703
0 40 0
23.5995036905556 102 994
0 40 0
0 40 0
6.27169081767511 75 595
0 40 0
23.5858620090477 113 1298
0 40 0
16.9900146824959 109 1158
21.9109720905291 105 1024
2.95344854536369 70 435
16.9900146824959 109 1158
20.8654697229411 79 741
25.4748105645705 137 1564
63.3498844426279 154 2110
0 40 0
0 40 0
0 40 0
34.940010507942 116 1407
0 40 0
1.89050226116507 66 325
20.8654697229411 79 741
0 40 0
0 40 0
2.81888049330541 59 83
41.9823995335356 117 1444
0 40 0
0 40 0
0 40 0
0 40 0
23.5858620090477 113 1298
31.0223626871326 141 1486
0 40 0
0 40 0
0 40 0
3.66650327881597 82 445
0 40 0
0 40 0
0 40 0
0.472037599409582 52 66
49.5891258464954 148 1891
82.8973892386528 194 2585
10.4269901054994 75 289
9.9204528952883 77 666
52.1287186480161 205 2107
0 40 0
0 40 0
16.9858890077375 106 1057
0.790897759041846 57 136
0.64902296069997 55 105
7.73126237743176 76 630
0 40 0
13.5688923921899 78 703
0 40 0
4.44695783171805 73 528
34.4199992429685 140 1621
20.270480221989 110 1191
20.8654697229411 79 741
5.22903925335623 74 561
0 40 0
6.27169081767511 75 595
0 40 0
0 40 0
0 40 0
0 40 0
41.9823995335356 117 1444
0 40 0
53.6526480017085 186 2116
9.9204528952883 77 666
0 40 0
0 40 0
0 40 0
0 40 0
0 40 0
0 40 0
4.44695783171805 73 528
47.8345769720345 147 1879
28.1871749576003 134 1228
3.83858515578446 72 496
34.940010507942 116 1407
14.5259629660255 107 1101
55.354922829796 170 2095
21.9935187502692 135 1473
35.7163327427128 120 1379
0 40 0
53.8477062649441 193 2357
36.6061833138805 120 1413
2.09941160044395 67 351
55.5397873014695 152 2037
9.9204528952883 77 666
0 40 0
0 40 0
0 40 0
106.795749929525 258 3429
0 40 0
2.3403736905117 68 378
5.22903925335623 74 561
26.278016934088 111 1237
7.73126237743176 76 630
14.8550449307368 102 931
0 40 0
0 40 0
12.2135965743801 100 919
40.2130448355975 166 1588
20.8654697229411 79 741
9.9204528952883 77 666
13.5688923921899 78 703
45.6127422295611 150 1968
0 40 0
24.4342577719339 121 977
20.8654697229411 79 741
0 40 0
27.0187640516488 114 1333
42.6898455648519 172 2135
20.8654697229411 79 741
13.5688923921899 78 703
0 40 0
0 40 0
0 40 0
20.8654697229411 79 741
0 40 0
20.8654697229411 79 741
0 40 0
24.8274239679844 109 1156
27.1240370155631 106 912
0 40 0
24.9542468876993 102 874
0 40 0
20.8654697229411 79 741
13.5688923921899 78 703
63.0832314085777 193 2045
0 40 0
21.2037840264625 111 788
29.6300950938521 113 1296
16.3865511466958 93 676
0 40 0
13.5688923921899 78 703
27.9848942725719 113 1302
6.51618008368895 90 681
0 40 0
41.1678291796265 163 1879
13.5688923921899 78 703
0 40 0
0 40 0
7.73126237743176 76 630
7.73126237743176 76 630
0 40 0
20.8654697229411 79 741
0 40 0
27.7897390455322 138 1166
0 40 0
6.70114580606066 91 631
11.6757127418559 92 687
0.958097926656046 59 171
0 40 0
27.0070732669496 112 1269
3.29953271968648 74 441
0.0985175889639126 43 3
25.7138218611629 110 1206
24.7979081913849 137 1556
0 40 0
13.5688923921899 78 703
0 40 0
20.8654697229411 79 741
14.5323211888948 85 724
0 40 0
20.8654697229411 79 741
29.3628973233284 114 1336
0 40 0
20.8654697229411 79 741
0 40 0
21.2932455342551 133 1058
0 40 0
0 40 0
15.5648188179235 98 893
0 40 0
13.5688923921899 78 703
63.4803088731421 183 2360
0 40 0
0 40 0
7.30851853740248 88 673
30.0353601625393 160 1785
0 40 0
13.5688923921899 78 703
20.8654697229411 79 741
0 40 0
9.9204528952883 77 666
0 40 0
0 40 0
0.0654216593315911 42 1
0 40 0
0 40 0
33.9186578889384 115 1369
0 40 0
6.5560164505746 87 547
15.0276249164612 108 1126
33.0537828377158 134 1472
9.9204528952883 77 666
0.167877549394052 45 10
34.940010507942 116 1407
41.9823995335356 117 1444
0 40 0
0 40 0
1.05348428415457 60 190
0.167877549394052 45 10
82.9365142487039 222 2564
0 40 0
20.270480221989 110 1191
0 40 0
102.405202207186 256 3332
27.9848942725719 113 1302
0 40 0
0 40 0
0 40 0
13.5688923921899 78 703
41.4872967347296 139 1585
56.5611399204731 153 2074
0 40 0
26.0594929312359 100 843
29.6300950938521 113 1296
0.283998511078815 48 28
5.22903925335623 74 561
0 40 0
0 40 0
0 40 0
19.8154916654905 118 994
20.8654697229411 79 741
55.9727431100649 196 2055
62.3862723392895 180 1985
0 40 0
0 40 0
98.0743610089692 217 1682
0 40 0
0 40 0
0 40 0
42.3902857427791 148 1903
2.95344854536369 70 435
29.6486726606297 102 862
83.1024737154124 201 2289
30.9107219190512 157 1736
0 40 0
6.40017740051682 92 659
33.256972496753 142 1148
0 40 0
22.7733284628777 94 846
0 40 0
13.6254615153925 83 229
0 40 0
0 40 0
31.4446501361463 115 1371
33.9186578889384 115 1369
6.27169081767511 75 595
0 40 0
15.6526152215323 91 625
0 40 0
0 40 0
41.9823995335356 117 1444
0 40 0
0 40 0
27.3092904490135 107 960
0 40 0
20.8654697229411 79 741
0 40 0
0 40 0
0 40 0
0 40 0
51.2432438633442 151 2005
0 40 0
2.09941160044395 67 351
0 40 0
12.0978804723759 105 1036
13.5688923921899 78 703
5.17441258794973 83 447
0 40 0
20.8654697229411 79 741
20.8654697229411 79 741
0 40 0
0 40 0
0 40 0
20.8654697229411 79 741
11.4408312414276 94 802
0 40 0
13.5688923921899 78 703
15.454349170548 97 874
0 40 0
0 40 0
10.4336859520676 79 238
6.27169081767511 75 595
0 40 0
0.283998511078815 48 28
0 40 0
0 40 0
4.44695783171805 73 528
0 40 0
0 40 0
0 40 0
41.9823995335356 117 1444
0 40 0
33.9186578889384 115 1369
0 40 0
35.7679817415006 143 1737
34.940010507942 116 1407
13.5688923921899 78 703
10.7149157643422 84 687
7.73126237743176 76 630
0 40 0
20.8654697229411 79 741
14.2588155652259 87 529
13.5688923921899 78 703
38.8342347878291 140 1683
0 40 0
0 40 0
20.2600808806059 112 1113
0 40 0
16.2483355344265 127 1249
20.8654697229411 79 741
38.8839312041771 140 1207
0 40 0
29.3628973233284 114 1336
35.4911276630615 138 1554
0 40 0
0 40 0
40.1368191823616 145 1792
13.5688923921899 78 703
0 40 0
31.4446501361463 115 1371
17.9261318345784 108 1138
0 40 0
45.8887848238143 139 1675
0 40 0
3.35180401777565 71 465
7.73126237743176 76 630
0 40 0
13.5688923921899 78 703
0 40 0
53.5486150654975 165 1933
0 40 0
20.8654697229411 79 741
0 40 0
0 40 0
9.45660145896648 96 511
20.8654697229411 79 741
20.8654697229411 79 741
0 40 0
0 40 0
0 40 0
7.73126237743176 76 630
51.4577371785055 162 1940
19.4243922804883 115 1033
0 40 0
0 40 0
0 40 0
5.22903925335623 74 561
0 40 0
0 40 0
0.42062431277646 51 55
11.6772624562733 112 709
0 40 0
0 40 0
41.9823995335356 117 1444
20.8654697229411 79 741
41.9823995335356 117 1444
0 40 0
0 40 0
0 40 0
3.83858515578446 72 496
0 40 0
14.8672876105451 90 769
0 40 0
56.5611399204731 153 2074
51.4036808887896 150 1966
0 40 0
20.8654697229411 79 741
0 40 0
20.8654697229411 79 741
0 40 0
0 40 0
0 40 0
0 40 0
2.62140776903994 69 406
46.2202299707311 145 1786
0 40 0
4.44695783171805 73 528
0 40 0
44.5465401661555 127 1010
20.7667406323992 103 961
0 40 0
14.9449735692435 89 576
20.8654697229411 79 741
0 40 0
0 40 0
45.2179984227225 154 1660
1.89050226116507 66 325
26.1034666890545 117 952
5.22903925335623 74 561
0 40 0
56.5406013212477 208 2089
7.73126237743176 76 630
13.5688923921899 78 703
0 40 0
20.8654697229411 79 741
72.1540776783934 186 2606
0 40 0
9.9204528952883 77 666
9.9204528952883 77 666
34.940010507942 116 1407
20.8654697229411 79 741
9.9204528952883 77 666
20.8654697229411 79 741
20.8654697229411 79 741
1.15831230679718 61 210
0 40 0
0 40 0
5.16558095845214 73 258
11.8996684491748 98 876
86.6332310252795 218 3097
6.8513983964092 95 741
41.9149789504935 155 1603
0 40 0
3.83858515578446 72 496
37.4185462938039 145 1801
0 40 0
13.5688923921899 78 703
20.7667406323992 103 961
0 40 0
0 40 0
0 40 0
2.95344854536369 70 435
0 40 0
0 40 0
1.5461969437514 64 276
0 40 0
31.4898691102943 133 1447
0 40 0
29.6092309379886 126 1192
0 40 0
0 40 0
0 40 0
0 40 0
34.940010507942 116 1407
20.8654697229411 79 741
42.8762636065323 172 1925
23.0297805573078 97 894
33.4250241331009 147 1437
0 40 0
0 40 0
0 40 0
20.0224112732222 118 956
0 40 0
0 40 0
0 40 0
17.8048112600804 112 1039
20.8654697229411 79 741
0 40 0
10.9828646583204 116 967
11.7676116126458 97 856
0 40 0
63.3498844426279 154 2110
0 40 0
3.83858515578446 72 496
0 40 0
0 40 0
0 40 0
10.3728126145486 79 667
2.95344854536369 70 435
13.5688923921899 78 703
9.9204528952883 77 666
44.0533338624925 176 1982
9.9204528952883 77 666
0 40 0
13.5688923921899 78 703
27.0070732669496 112 1269
2.62140776903994 69 406
6.27169081767511 75 595
20.8654697229411 79 741
0 40 0
26.8513903770219 111 1225
18.6865975772241 105 682
41.9823995335356 117 1444
35.7307477497896 145 1789
43.0991601352392 147 1857
0 40 0
17.2314094831727 94 292
0 40 0
0 40 0
0 40 0
0 40 0
0 40 0
0 40 0
0 40 0
0 40 0
0.526958017235124 53 78
0 40 0
5.22903925335623 74 561
0 40 0
0 40 0
0 40 0
2.04197238205922 47 9
0 40 0
2.35834939674139 73 328
0 40 0
20.8654697229411 79 741
34.940010507942 116 1407
5.05858154466086 57 64
0 40 0
13.5688923921899 78 703
0 40 0
1.15831230679718 61 210
2.62140776903994 69 406
0 40 0
0 40 0
74.2072900119584 191 2641
2.95344854536369 70 435
33.93786895868 129 1462
53.6840788017983 173 2155
43.4689973330321 142 1514
24.8274239679844 109 1156
0 40 0
0 40 0
0 40 0
0 40 0
13.5688923921899 78 703
0 40 0
4.44695783171805 73 528
3.83858515578446 72 496
24.8274239679844 109 1156
5.22903925335623 74 561
0 40 0
0 40 0
0.0654216593315911 42 1
0 40 0
12.0978804723759 105 1036
0 40 0
0 40 0
83.8772797813737 214 2966
0 40 0
0 40 0
20.8654697229411 79 741
39.6213787354251 136 1489
31.4446501361463 115 1371
34.940010507942 116 1407
29.3628973233284 114 1336
25.4314482102563 105 407
22.5458702648678 91 807
0 40 0
20.8654697229411 79 741
1.15831230679718 61 210
0.870913760461567 58 153
20.8654697229411 79 741
20.8654697229411 79 741
0 40 0
13.5688923921899 78 703
15.9701843903443 101 956
20.8654697229411 79 741
0 40 0
0 40 0
6.27169081767511 75 595
21.3693536538817 118 979
0 40 0
20.8654697229411 79 741
15.184095297009 109 1102
4.44695783171805 73 528
0 40 0
0 40 0
0 40 0
0 40 0
0 40 0
67.9702396058075 212 2572
0 40 0
29.6300950938521 113 1296
20.8654697229411 79 741
45.6127422295611 150 1968
59.7509753757597 163 2002
20.8654697229411 79 741
2.62140776903994 69 406
20.8654697229411 79 741
0 40 0
13.5688923921899 78 703
0 40 0
0 40 0
0 40 0
0 40 0
0 40 0
41.9823995335356 117 1444
0 40 0
5.64720220409918 78 567
14.1366577035718 110 1066
18.9407221456246 126 1179
61.0821032990159 192 2297
27.0070732669496 112 1269
13.5399466572011 116 957
0 40 0
0 40 0
0 40 0
0 40 0
48.2085913602717 171 1425
41.9823995335356 117 1444
0 40 0
13.5688923921899 78 703
44.5913896105574 149 1930
0 40 0
54.6100149711238 172 2179
20.8654697229411 79 741
20.8654697229411 79 741
7.73126237743176 76 630
63.3498844426279 154 2110
2.3403736905117 68 378
0 40 0
16.3865511466958 93 676
0 40 0
0 40 0
7.73126237743176 76 630
0 40 0
0 40 0
0 40 0
2.62140776903994 69 406
0 40 0
0 40 0
0 40 0
92.360872671751 243 3074
0 40 0
13.5688923921899 78 703
0 40 0
0 40 0
41.9823995335356 117 1444
20.8654697229411 79 741
26.8513903770219 111 1225
45.4268429116501 135 1597
0 40 0
0 40 0
41.9823995335356 117 1444
23.4641433146706 101 972
0 40 0
0 40 0
0 40 0
39.8050131363737 147 1867
20.8654697229411 79 741
49.3860608893481 158 1699
20.8654697229411 79 741
28.6723711433351 123 1187
2.3963610416676 63 127
5.22903925335623 74 561
63.5591627248132 181 2419
73.3603559913907 212 2887
0 40 0
0 40 0
19.8462782073753 104 655
0.870913760461567 58 153
94.4114397485939 223 2543
2.3403736905117 68 378
23.7502586167074 103 1017
0 40 0
69.7964814599609 182 2452
0 40 0
25.7138218611629 110 1206
0 40 0
25.0287765999784 134 1103
0 40 0
0 40 0
0 40 0
0 40 0
41.9823995335356 117 1444
78.3624109658012 184 2264
34.940010507942 116 1407
0 40 0
20.8654697229411 79 741
2.09941160044395 67 351
21.9109720905291 105 1024
17.8846019479975 126 1248
5.22903925335623 74 561
0 40 0
0 40 0
0 40 0
19.7479048707936 101 900
13.2972133615417 106 1060
22.8868349570201 112 1261
59.070887835928 160 1885
0 40 0
0 40 0
2.82189174669296 77 366
0 40 0
20.8654697229411 79 741
0 40 0
29.3628973233284 114 1336
27.0187640516488 114 1333
0 40 0
7.30851853740248 88 673
0 40 0
58.3126908064788 173 1817
23.4641433146706 101 972
63.3498844426279 154 2110
23.5858620090477 113 1298
0 40 0
27.0187640516488 114 1333
9.21434015678486 71 225
0 40 0
0 40 0
20.8654697229411 79 741
27.0070732669496 112 1269
9.9204528952883 77 666
1.05348428415457 60 190
0 40 0
0 40 0
0 40 0
20.8654697229411 79 741
0 40 0
2.95344854536369 70 435
13.5688923921899 78 703
9.9204528952883 77 666
0 40 0
20.8654697229411 79 741
14.5259629660255 107 1101
0 40 0
0 40 0
0 40 0
58.1206628650973 156 2043
0 40 0
6.27169081767511 75 595
0 40 0
0 40 0
0 40 0
24.3341982448775 106 1092
0 40 0
0 40 0
39.5525557488037 143 1758
22.1755632854779 86 762
0 40 0
0 40 0
20.8654697229411 79 741
20.8654697229411 79 741
5.22903925335623 74 561
30.8420809393812 150 1607
22.5458702648678 91 807
0.243353201065525 47 21
6.27169081767511 75 595
9.9204528952883 77 666
2.95344854536369 70 435
0 40 0
3.83858515578446 72 496
0 40 0
0 40 0
20.8654697229411 79 741
0 40 0
10.2436455055588 101 676
3.83858515578446 72 496
0 40 0
0 40 0
13.5688923921899 78 703
58.4765578828999 173 2117
29.3628973233284 114 1336
0 40 0
0 40 0
0 40 0
0 40 0
0 40 0
0 40 0
20.8654697229411 79 741
0 40 0
0 40 0
0 40 0
0 40 0
0 40 0
34.5969416820402 118 1102
20.8654697229411 79 741
34.940010507942 116 1407
18.4864187033387 109 1168
0 40 0
0 40 0
0 40 0
0 40 0
26.8513903770219 111 1225
20.8654697229411 79 741
41.9823995335356 117 1444
38.4990088098026 138 1638
20.8654697229411 79 741
0 40 0
33.9186578889384 115 1369
27.0187640516488 114 1333
20.1763053870341 111 1231
9.9204528952883 77 666
5.22903925335623 74 561
35.8174080979542 179 1936
33.9186578889384 115 1369
15.8303936290503 104 993
0 40 0
0 40 0
0 40 0
9.66703974751904 97 840
20.8654697229411 79 741
36.3885938510796 130 1306
20.8654697229411 79 741
20.8654697229411 79 741
0 40 0
20.8654697229411 79 741
0 40 0
22.8868349570201 112 1261
0 40 0
1.40262233856672 63 253
0 40 0
0 40 0
5.22903925335623 74 561
41.9823995335356 117 1444
0 40 0
0 40 0
16.9858890077375 106 1057
0 40 0
2.95344854536369 70 435
20.8654697229411 79 741
14.7313471119885 88 748
20.8654697229411 79 741
2.95344854536369 70 435
0 40 0
0.132563038960931 44 6
0 40 0
0 40 0
4.44695783171805 73 528
0 40 0
41.9823995335356 117 1444
0 40 0
23.071514538301 137 1540
0 40 0
15.8303936290503 104 993
0 40 0
4.26789253626642 77 506
0 40 0
0 40 0
20.8654697229411 79 741
33.9186578889384 115 1369
0 40 0
0 40 0
20.8654697229411 79 741
1.5461969437514 64 276
22.8868349570201 112 1261
0 40 0
0 40 0
45.138775586364 132 1549
0 40 0
0 40 0
3.86850129301979 53 36
0 40 0
0 40 0
0 40 0
0.870913760461567 58 153
0 40 0
0 40 0
0.0985175889639126 43 3
0 40 0
20.8654697229411 79 741
0 40 0
27.0187640516488 114 1333
3.35180401777565 71 465
0 40 0
0 40 0
0 40 0
0 40 0
0 40 0
0 40 0
6.27169081767511 75 595
0 40 0
48.1732641323054 163 1882
0 40 0
41.9823995335356 117 1444
24.3341982448775 106 1092
9.9204528952883 77 666
0 40 0
0 40 0
0 40 0
0.372356144271269 50 45
0.0985175889639126 43 3
9.9204528952883 77 666
9.9204528952883 77 666
0 40 0
0 40 0
0 40 0
1.12581426098002 54 51
0 40 0
1.45587103691115 48 13
23.234560950826 107 1089
0 40 0
42.4038818310689 147 1864
28.9214153988364 140 1623
0.243353201065525 47 21
0 40 0
34.940010507942 116 1407
20.8654697229411 79 741
48.893393564564 151 2002
7.73126237743176 76 630
0 40 0
0.472037599409582 52 66
0 40 0
12.4029875814431 101 942
20.8654697229411 79 741
20.8654697229411 79 741
34.5823162982147 135 1561
13.5688923921899 78 703
20.8654697229411 79 741
0 40 0
18.0058179223233 89 728
0 40 0
3.83858515578446 72 496
20.8654697229411 79 741
2.61331049910916 71 381
0 40 0
0 40 0
52.5272624464938 164 1905
0 40 0
0 40 0
24.2581123837434 124 1171
37.6499434314899 138 958
0 40 0
20.8654697229411 79 741
0 40 0
43.3740801465632 167 1967
9.9204528952883 77 666
20.8654697229411 79 741
20.8654697229411 79 741
25.7138218611629 110 1206
24.489894471449 136 1501
52.163226708397 157 1705
30.8351309337605 129 1328
22.9396587737332 96 877
0 40 0
0 40 0
13.5688923921899 78 703
0 40 0
5.22903925335623 74 561
0 40 0
0 40 0
5.58712317727876 77 564
20.8654697229411 79 741
0.132563038960931 44 6
2.09941160044395 67 351
0.326910942866702 49 36
0 40 0
20.8654697229411 79 741
0 40 0
0 40 0
0.283998511078815 48 28
15.1701035092205 102 624
0 40 0
28.1638526307957 133 1414
0 40 0
0 40 0
0 40 0
20.8654697229411 79 741
0 40 0
0 40 0
120.871400135501 256 3794
48.893393564564 151 2002
20.8654697229411 79 741
42.7768345682632 147 1859
20.8654697229411 79 741
0 40 0
0 40 0
10.4790775302107 101 930
0 40 0
0 40 0
63.3498844426279 154 2110
20.8654697229411 79 741
0 40 0
84.9669579161138 190 2740
20.8654697229411 79 741
27.0187640516488 114 1333
7.73126237743176 76 630
20.8654697229411 79 741
20.8654697229411 79 741
33.4988869647674 153 1568
5.22903925335623 74 561
0 40 0
41.9823995335356 117 1444
15.2363037074613 108 1131
13.5688923921899 78 703
0 40 0
20.8654697229411 79 741
25.6124313425891 110 986
0 40 0
6.27169081767511 75 595
0 40 0
20.8654697229411 79 741
0 40 0
0 40 0
0 40 0
20.8654697229411 79 741
1.9288477471547 69 238
0 40 0
7.73126237743176 76 630
5.22903925335623 74 561
20.8654697229411 79 741
0 40 0
20.8654697229411 79 741
0 40 0
13.5688923921899 78 703
0 40 0
0.0985175889639126 43 3
20.8654697229411 79 741
13.5688923921899 78 703
0.372356144271269 50 45
26.8513903770219 111 1225
0 40 0
41.9823995335356 117 1444
57.9354434212056 181 2426
0 40 0
0 40 0
49.0323213669769 149 1940
0.64902296069997 55 105
0 40 0
2.95344854536369 70 435
3.29897856894515 75 259
0 40 0
0 40 0
41.9823995335356 117 1444
51.7848187693441 181 1707
0 40 0
88.0787259638266 220 2106
0.870913760461567 58 153
38.8179409643144 128 1453
0 40 0
0 40 0
0 40 0
0 40 0
0 40 0
13.5688923921899 78 703
0 40 0
0 40 0
0 40 0
0 40 0
0 40 0
0 40 0
0 40 0
1.27408121709751 62 231
77.3943345174378 192 2345
38.1372566435741 144 1313
20.8654697229411 79 741
2.3403736905117 68 378
13.5688923921899 78 703
0 40 0
0 40 0
7.73126237743176 76 630
0 40 0
14.0056872370705 100 871
13.5688923921899 78 703
20.8654697229411 79 741
0 40 0
47.9393431322361 170 2082
7.80913334788366 78 343
0 40 0
3.83858515578446 72 496
37.6650067756272 145 1806
0 40 0
0 40 0
20.8654697229411 79 741
0.167877549394052 45 10
34.2496899545201 154 1634
3.35180401777565 71 465
0 40 0
5.22903925335623 74 561
43.6311436909785 142 1684
23.5858620090477 113 1298
0 40 0
30.339365136209 110 948
13.5688923921899 78 703
0 40 0
53.2182359310838 152 2039
0 40 0
23.234560950826 107 1089
54.0959544311626 197 2433
0 40 0
0 40 0
37.7070115468014 131 1512
0 40 0
1.40262233856672 63 253
31.2824517634739 119 1122
0 40 0
7.73126237743176 76 630
0 40 0
0 40 0
0 40 0
49.9460843001535 150 1972
0 40 0
0 40 0
0.585796401515572 54 91
20.8654697229411 79 741
0 40 0
62.5420951364521 188 1574
0 40 0
2.09941160044395 67 351
19.5278454971354 111 1227
0 40 0
20.8654697229411 79 741
0 40 0
0 40 0
62.5378101058096 180 2385
0.790897759041846 57 136
0 40 0
7.73126237743176 76 630
24.8274239679844 109 1156
0 40 0
0 40 0
0 40 0
58.7296616197995 185 1731
28.1638526307957 133 1414
76.38856339826 187 2632
1.05348428415457 60 190
1.40262233856672 63 253
9.9204528952883 77 666
84.9669579161138 190 2740
0 40 0
1.89050226116507 66 325
0 40 0
41.9823995335356 117 1444
26.5901174323202 139 1597
0 40 0
0 40 0
0.717180027366775 56 120
20.8654697229411 79 741
0 40 0
2.35834939674139 73 328
1.70763076183127 65 300
0.790897759041846 57 136
0 40 0
20.8654697229411 79 741
0 40 0
2.95344854536369 70 435
33.79299340951 135 1459
20.215968231001 139 1370
0 40 0
0 40 0
9.9204528952883 77 666
0 40 0
0 40 0
0 40 0
78.0160476729549 230 3009
13.5688923921899 78 703
20.8654697229411 79 741
29.3628973233284 114 1336
1.3613029697555 63 211
0 40 0
34.940010507942 116 1407
0.243353201065525 47 21
0 40 0
0 40 0
39.7947107083537 145 1804
23.5858620090477 113 1298
0 40 0
41.9823995335356 117 1444
3.83858515578446 72 496
3.4731841507439 63 123
13.5688923921899 78 703
0 40 0
36.4469334891309 140 1619
0 40 0
0 40 0
0 40 0
9.9204528952883 77 666
22.9396587737332 96 877
25.0648131496361 137 1550
6.27169081767511 75 595
74.060932962757 194 2226
20.8654697229411 79 741
43.6311436909785 142 1684
3.70814162901903 75 471
0 40 0
0 40 0
8.39978455083261 97 826
13.5688923921899 78 703
32.3287786221948 129 1149
0 40 0
0 40 0
20.8654697229411 79 741
0 40 0
0 40 0
61.3320784049918 209 2511
41.9823995335356 117 1444
0 40 0
20.8654697229411 79 741
13.5688923921899 78 703
0 40 0
13.5688923921899 78 703
18.6357993468642 84 225
34.940010507942 116 1407
29.6300950938521 113 1296
2.3403736905117 68 378
0 40 0
20.8654697229411 79 741
0 40 0
20.8654697229411 79 741
7.2371076114548 75 179
33.9186578889384 115 1369
44.5621196273312 161 1437
0 40 0
0 40 0
54.5184346824658 151 1999
20.8654697229411 79 741
0 40 0
0 40 0
47.0852058966076 145 1822
0 40 0
0 40 0
0 40 0
0 40 0
0 40 0
3.67929507688232 82 484
0 40 0
0 40 0
0 40 0
41.9823995335356 117 1444
0 40 0
159.249985969506 318 4372
1.88204417067576 50 21
20.8654697229411 79 741
13.5688923921899 78 703
67.9523486772446 184 2525
9.76959468241758 101 906
18.3145121951034 101 805
1.70763076183127 65 300
11.8090339876154 95 412
0 40 0
13.5688923921899 78 703
19.7479048707936 101 900
24.3341982448775 106 1092
20.8654697229411 79 741
20.8654697229411 79 741
0 40 0
0 40 0
63.3498844426279 154 2110
8.26087733756913 99 853
30.9138846617781 118 976
0 40 0
41.9823995335356 117 1444
0 40 0
41.0077907244091 136 1525
15.2363037074613 108 1131
33.3027578079157 148 1491
31.4446501361463 115 1371
0 40 0
11.5577414048609 104 1008
0 40 0
0 40 0
34.2300306698151 132 1507
0 40 0
26.6489426976836 141 1349
41.9823995335356 117 1444
2.95344854536369 70 435
0 40 0
24.1166177427981 136 1291
16.280534170036 100 894
18.411776056977 108 1123
3.83858515578446 72 496
0 40 0
33.082316908116 134 907
0 40 0
15.8203362389436 100 934
28.3908330392141 123 1109
80.9943997324146 226 2861
16.6801259009528 129 1318
0 40 0
0 40 0
34.940010507942 116 1407
0 40 0
20.8654697229411 79 741
85.2466395772958 230 2212
20.8654697229411 79 741
64.305124777344 174 2228
63.3029709672432 193 2350
63.3498844426279 154 2110
2.3403736905117 68 378
0.526958017235124 53 78
0 40 0
48.3737967825296 192 1850
0.585796401515572 54 91
0 40 0
5.22903925335623 74 561
34.940010507942 116 1407
0 40 0
47.8720409455604 150 1964
3.35180401777565 71 465
10.2276634360772 88 553
13.5688923921899 78 703
43.732112810077 156 1709
2.62140776903994 69 406
0 40 0
20.8654697229411 79 741
41.9823995335356 117 1444
1.51472766577417 51 27
9.9204528952883 77 666
20.8654697229411 79 741
0 40 0
20.8654697229411 79 741
22.5458702648678 91 807
36.2359817243051 125 1414
0 40 0
20.8654697229411 79 741
13.5688923921899 78 703
0 40 0
20.8654697229411 79 741
29.3628973233284 114 1336
0 40 0
0.243353201065525 47 21
6.32213094150058 88 652
0 40 0
0 40 0
0.585796401515572 54 91
0 40 0
54.5654291695805 179 2364
21.9109720905291 105 1024
9.9204528952883 77 666
4.15052254375754 75 499
54.4465054788764 190 2324
0 40 0
0 40 0
1.70763076183127 65 300
0 40 0
0 40 0
31.2820283268106 154 1594
20.8654697229411 79 741
9.9204528952883 77 666
3.35180401777565 71 465
21.9109720905291 105 1024
0 40 0
2.22338922013244 70 331
3.42184546629087 76 450
9.9204528952883 77 666
1.5461969437514 64 276
75.2074839243348 197 1991
20.8654697229411 79 741
16.7215423371633 117 967
0 40 0
16.8095977968824 105 1054
1.05348428415457 60 190
0 40 0
0 40 0
0 40 0
44.3665249106858 171 2106
0 40 0
0.0985175889639126 43 3
37.7070115468014 131 1512
0 40 0
0 40 0
8.1791371020028 100 703
0 40 0
0 40 0
13.5688923921899 78 703
41.9823995335356 117 1444
23.5580144347878 107 899
0 40 0
20.8654697229411 79 741
41.9823995335356 117 1444
0.526958017235124 53 78
0 40 0
33.9186578889384 115 1369
20.8654697229411 79 741
23.4641433146706 101 972
0 40 0
41.9823995335356 117 1444
0 40 0
0 40 0
0 40 0
37.22509021876 126 1270
45.0294873522272 133 1201
0 40 0
0 40 0
20.8654697229411 79 741
9.9204528952883 77 666
41.9823995335356 117 1444
0 40 0
0 40 0
20.1763053870341 111 1231
0 40 0
7.73126237743176 76 630
0 40 0
20.8654697229411 79 741
49.419089380469 151 1816
0 40 0
0 40 0
0 40 0
0 40 0
0 40 0
33.9186578889384 115 1369
0 40 0
0 40 0
0 40 0
0 40 0
0 40 0
0 40 0
1.27408121709751 62 231
20.8654697229411 79 741
0 40 0
54.4264036611728 177 1847
10.4336859520676 79 238
20.8654697229411 79 741
0 40 0
0 40 0
41.9823995335356 117 1444
9.9204528952883 77 666
2.3403736905117 68 378
0 40 0
0 40 0
0 40 0
9.9204528952883 77 666
0 40 0
8.85285207475643 99 871
20.8654697229411 79 741
22.3270516318982 88 777
0 40 0
25.7138218611629 110 1206
3.22242321648997 50 14
2.3403736905117 68 378
0 40 0
6.27169081767511 75 595
0 40 0
9.9204528952883 77 666
0.42062431277646 51 55
0 40 0
0 40 0
20.8654697229411 79 741
9.9204528952883 77 666
41.9823995335356 117 1444
0 40 0
0 40 0
9.9204528952883 77 666
20.8654697229411 79 741
0 40 0
0 40 0
0 40 0
0 40 0
38.7826977464489 160 1790
31.4446501361463 115 1371
20.8654697229411 79 741
41.9823995335356 117 1444
0 40 0
3.2673683602963 51 25
27.0871803612461 133 1399
37.1070111010046 156 1638
0.372356144271269 50 45
0 40 0
30.4538000153202 134 1478
41.9823995335356 117 1444
42.8874957432708 140 1641
78.434702731782 231 2988
0 40 0
0 40 0
1.70763076183127 65 300
1.05348428415457 60 190
97.50923999583 223 3268
0 40 0
0 40 0
0 40 0
42.5209090035373 156 1685
46.788613995566 146 1830
0 40 0
0 40 0
13.5688923921899 78 703
17.9261318345784 108 1138
28.419805171296 112 829
11.9044150482347 101 902
13.5688923921899 78 703
0 40 0
7.73126237743176 76 630
0 40 0
58.955745371025 182 1569
0 40 0
9.9204528952883 77 666
0 40 0
25.7138218611629 110 1206
0 40 0
0 40 0
4.44695783171805 73 528
40.8328239307649 140 1548
0 40 0
14.8550449307368 102 931
2.95344854536369 70 435
0 40 0
33.9186578889384 115 1369
0.0654216593315911 42 1
0 40 0
0 40 0
29.6300950938521 113 1296
0 40 0
0 40 0
20.270480221989 110 1191
1.89050226116507 66 325
0 40 0
26.8513903770219 111 1225
0 40 0
9.86124734262156 95 731
6.27169081767511 75 595
8.24489210181725 94 706
78.8267710398683 213 2534
13.5688923921899 78 703
16.3513842653687 93 758
20.8654697229411 79 741
9.48584912339517 101 920
20.8654697229411 79 741
20.8654697229411 79 741
0 40 0
18.411776056977 108 1123
0 40 0
5.22903925335623 74 561
0 40 0
0 40 0
13.5688923921899 78 703
0 40 0
0.870913760461567 58 153
0 40 0
25.8421828081514 122 1084
0 40 0
0 40 0
0 40 0
0 40 0
0.0654216593315911 42 1
29.0674849460319 131 1281
9.9204528952883 77 666
0 40 0
1.5461969437514 64 276
20.8654697229411 79 741
19.8806544117532 99 553
25.7138218611629 110 1206
41.9823995335356 117 1444
48.7317369170377 148 1897
0 40 0
34.940010507942 116 1407
0 40 0
26.2544238015061 139 1609
18.6338437093427 103 637
6.27169081767511 75 595
0 40 0
0 40 0
9.9204528952883 77 666
19.1850329745627 129 1288
0 40 0
33.542039082688 124 1135
9.9204528952883 77 666
13.5688923921899 78 703
0 40 0
0 40 0
23.3414763736063 100 951
5.16558095845214 73 258
13.5688923921899 78 703
6.27603475530534 97 616
0 40 0
0 40 0
0 40 0
0 40 0
0 40 0
8.01838517449601 67 169
69.1622112753291 231 2522
73.7641581109938 201 2615
20.8654697229411 79 741
20.8654697229411 79 741
13.5688923921899 78 703
20.8654697229411 79 741
0 40 0
20.8654697229411 79 741
9.9204528952883 77 666
0 40 0
0 40 0
0 40 0
0 40 0
42.4038818310689 147 1864
0 40 0
52.1586081361034 151 1570
3.83858515578446 72 496
38.2009821009321 129 1137
0 40 0
36.6929682208059 141 1664
0 40 0
34.940010507942 116 1407
0 40 0
0 40 0
19.9153387917405 135 1241
33.0537828377158 134 1472
14.3184638522937 82 709
0 40 0
19.5278454971354 111 1227
0 40 0
0 40 0
0 40 0
26.8513903770219 111 1225
16.1390048769093 102 979
5.22903925335623 74 561
20.8654697229411 79 741
0 40 0
13.5688923921899 78 703
78.4312686362673 189 2705
27.3694804202105 122 1082
0 40 0
0 40 0
45.2598090508533 144 1765
13.0045452980857 92 435
27.0070732669496 112 1269
0.717180027366775 56 120
0 40 0
3.35180401777565 71 465
53.6604034751629 198 2485
8.17949652437235 79 633
6.27169081767511 75 595
0 40 0
2.09941160044395 67 351
23.234560950826 107 1089
20.8654697229411 79 741
0 40 0
0 40 0
0 40 0
0 40 0
7.73126237743176 76 630
2.04197238205922 47 9
0 40 0
0 40 0
27.0187640516488 114 1333
3.83858515578446 72 496
49.7702380853507 196 2075
13.5688923921899 78 703
54.5184346824658 151 1999
1.31273691921211 52 34
0 40 0
0 40 0
0 40 0
3.83858515578446 72 496
20.8654697229411 79 741
0 40 0
20.8654697229411 79 741
3.35180401777565 71 465
29.3628973233284 114 1336
20.8654697229411 79 741
0 40 0
0 40 0
0 40 0
0 40 0
25.7138218611629 110 1206
13.5688923921899 78 703
9.9204528952883 77 666
9.9204528952883 77 666
18.6579037841476 125 905
0 40 0
0 40 0
20.8654697229411 79 741
10.465812860442 97 786
22.6197684252358 92 819
0 40 0
0 40 0
20.8654697229411 79 741
20.8654697229411 79 741
39.8921481633933 146 1824
33.9186578889384 115 1369
0 40 0
12.7935219954744 106 1065
0 40 0
0 40 0
0 40 0
0 40 0
0 40 0
31.4446501361463 115 1371
0 40 0
0 40 0
0 40 0
0 40 0
0 40 0
0 40 0
0 40 0
0 40 0
127.214829826975 281 3837
9.87481782707602 102 939
30.2092803413736 156 1697
0 40 0
26.278016934088 111 1237
0 40 0
0 40 0
20.8654697229411 79 741
1.15831230679718 61 210
3.83858515578446 72 496
20.8654697229411 79 741
6.27169081767511 75 595
13.5688923921899 78 703
0 40 0
20.8654697229411 79 741
10.5879527527761 82 676
3.35180401777565 71 465
19.2090821844855 110 1199
23.234560950826 107 1089
20.8654697229411 79 741
0 40 0
0 40 0
0 40 0
0 40 0
0 40 0
13.5688923921899 78 703
20.8654697229411 79 741
0 40 0
20.7667406323992 103 961
0.526958017235124 53 78
9.9204528952883 77 666
13.5688923921899 78 703
0 40 0
0 40 0
0 40 0
1.05348428415457 60 190
0 40 0
21.6962042271964 81 742
0 40 0
0 40 0
18.4888683697628 107 556
20.8654697229411 79 741
41.8455038236514 172 2140
0 40 0
40.1739638812993 134 1470
0 40 0
0 40 0
17.3804367697273 113 896
42.6631198536631 153 1793
0 40 0
0.64902296069997 55 105
0 40 0
27.9848942725719 113 1302
0 40 0
20.8654697229411 79 741
6.27169081767511 75 595
0 40 0
20.8654697229411 79 741
1.27408121709751 62 231
20.8654697229411 79 741
0.0985175889639126 43 3
0 40 0
9.48584912339517 101 920
0 40 0
22.1009782684367 125 997
9.9204528952883 77 666
54.5184346824658 151 1999
0 40 0
0 40 0
5.82423405647771 91 637
0 40 0
23.0297805573078 97 894
0 40 0
20.8654697229411 79 741
0 40 0
0 40 0
21.269582207126 125 1304
0 40 0
0 40 0
0 40 0
0 40 0
0 40 0
130.518587908294 282 4119
46.6902466778307 161 2001
13.5688923921899 78 703
0 40 0
0 40 0
0 40 0
0 40 0
0 40 0
70.8043935696735 227 2305
20.8654697229411 79 741
0 40 0
6.27169081767511 75 595
56.5611399204731 153 2074
20.8654697229411 79 741
54.5184346824658 151 1999
0 40 0
9.9204528952883 77 666
5.22903925335623 74 561
0 40 0
0 40 0
0 40 0
65.2455705586695 197 2341
0 40 0
13.5688923921899 78 703
24.8274239679844 109 1156
0 40 0
0 40 0
32.2249767289216 155 1655
0 40 0
11.5400974389963 95 819
0 40 0
0 40 0
30.5164212192022 134 1500
7.72452394899412 64 91
0 40 0
6.85825095183976 88 556
0 40 0
1.03659426903205 50 24
0 40 0
13.5688923921899 78 703
7.73126237743176 76 630
4.44695783171805 73 528
21.6172046027135 107 547
23.4641433146706 101 972
0 40 0
0 40 0
0 40 0
0 40 0
4.34249222579828 85 462
0 40 0
13.5688923921899 78 703
0 40 0
0.167877549394052 45 10
32.646264101066 126 1200
2.3403736905117 68 378
5.22903925335623 74 561
20.8654697229411 79 741
0 40 0
5.22903925335623 74 561
0 40 0
8.01838517449601 67 169
20.8654697229411 79 741
4.77624806001278 74 272
0 40 0
20.8654697229411 79 741
0 40 0
1.70763076183127 65 300
0 40 0
20.8654697229411 79 741
9.9204528952883 77 666
8.2139850193345 84 313
0 40 0
0 40 0
13.2972133615417 106 1060
0 40 0
0 40 0
0 40 0
0.283998511078815 48 28
21.9109720905291 105 1024
0 40 0
0 40 0
20.8654697229411 79 741
0 40 0
0 40 0
40.3469431541223 148 1894
20.8654697229411 79 741
0 40 0
0 40 0
0 40 0
0 40 0
22.2524820983806 87 769
0 40 0
17.0104788296749 103 637
40.2987473825457 145 1813
20.8654697229411 79 741
0 40 0
20.8654697229411 79 741
0 40 0
41.9823995335356 117 1444
0 40 0
0 40 0
60.5033848689653 180 2387
0 40 0
0 40 0
1.2739205433393 62 159
63.3498844426279 154 2110
0 40 0
0 40 0
0 40 0
20.8654697229411 79 741
7.4245643020393 65 144
7.73126237743176 76 630
0 40 0
0 40 0
0 40 0
0 40 0
0 40 0
27.0070732669496 112 1269
0.132563038960931 44 6
9.9204528952883 77 666
0 40 0
1.40262233856672 63 253
0 40 0
24.3341982448775 106 1092
0 40 0
5.13564487137625 55 37
0 40 0
20.8654697229411 79 741
0 40 0
73.2443747652866 191 1950
0 40 0
2.16855100206015 55 51
0 40 0
0 40 0
27.9848942725719 113 1302
53.2399309130956 173 2177
0 40 0
5.03810132865721 87 601
33.9186578889384 115 1369
20.8654697229411 79 741
0 40 0
0 40 0
46.2202299707311 145 1786
0 40 0
0 40 0
0 40 0
2.3403736905117 68 378
13.5688923921899 78 703
28.1810419816089 128 1251
0 40 0
0 40 0
0 40 0
0 40 0
38.6264608253946 153 1639
0 40 0
20.8654697229411 79 741
20.8654697229411 79 741
2.26998435069145 72 321
0 40 0
77.4099160172637 188 2669
4.26568055415627 83 531
0 40 0
9.9204528952883 77 666
3.35180401777565 71 465
7.73126237743176 76 630
5.22903925335623 74 561
0 40 0
6.27169081767511 75 595
0 40 0
6.27169081767511 75 595
46.788613995566 146 1830
58.6344704732333 182 2460
0 40 0
0 40 0
0 40 0
63.3498844426279 154 2110
0 40 0
0 40 0
0 40 0
0 40 0
5.22903925335623 74 561
18.4864187033387 109 1168
0.132563038960931 44 6
0 40 0
0 40 0
33.9186578889384 115 1369
11.8996684491748 98 876
0 40 0
18.9702061317252 105 676
21.9109720905291 105 1024
0 40 0
0 40 0
0 40 0
27.9848942725719 113 1302
20.8654697229411 79 741
59.5372970753181 187 2174
45.8486249684847 169 2096
41.9823995335356 117 1444
13.5688923921899 78 703
44.3788288145671 161 1862
35.2544954650662 139 1647
6.27169081767511 75 595
0 40 0
0.0985175889639126 43 3
56.9461741961931 173 2191
0 40 0
0 40 0
0 40 0
20.8654697229411 79 741
20.4622042201122 121 1129
0.326910942866702 49 36
34.940010507942 116 1407
0 40 0
0 40 0
1.40262233856672 63 253
0 40 0
0 40 0
23.5858620090477 113 1298
7.73126237743176 76 630
56.5611399204731 153 2074
57.8504031583223 182 2467
9.9204528952883 77 666
29.0432499617405 135 1471
20.8654697229411 79 741
26.8513903770219 111 1225
9.9204528952883 77 666
33.9186578889384 115 1369
0.717180027366775 56 120
19.8563085151449 101 592
77.8919412808999 213 2720
0 40 0
29.3628973233284 114 1336
20.8654697229411 79 741
8.68058840566527 87 685
2.95344854536369 70 435
27.7051928356365 118 1108
0.870913760461567 58 153
91.7196823054837 228 3156
0 40 0
0 40 0
42.4881432643902 151 1440
0 40 0
15.6526152215323 91 625
0 40 0
49.807613757573 181 1947
16.6553202950694 122 908
41.9823995335356 117 1444
27.5968041328148 145 1610
4.44695783171805 73 528
0.870913760461567 58 153
0 40 0
20.8654697229411 79 741
0 40 0
29.6300950938521 113 1296
29.6300950938521 113 1296
2.62140776903994 69 406
0 40 0
7.73126237743176 76 630
0 40 0
9.9204528952883 77 666
33.9186578889384 115 1369
41.9823995335356 117 1444
0 40 0
13.5688923921899 78 703
49.0323213669769 149 1940
1.31273691921211 52 34
1.70763076183127 65 300
0 40 0
0 40 0
1.40262233856672 63 253
0 40 0
25.264280635605 109 1176
2.3403736905117 68 378
7.73126237743176 76 630
5.22903925335623 74 561
2.95344854536369 70 435
0 40 0
0 40 0
0 40 0
0 40 0
20.270480221989 110 1191
31.4446501361463 115 1371
0 40 0
0 40 0
0 40 0
0 40 0
0 40 0
0 40 0
0 40 0
0 40 0
0 40 0
0 40 0
5.22903925335623 74 561
29.6004818657828 135 1467
0 40 0
0 40 0
0 40 0
0 40 0
0 40 0
38.9356992156362 160 1597
0 40 0
26.2089029954245 138 1577
0 40 0
0 40 0
0.0654216593315911 42 1
0 40 0
2.85440586881414 67 184
0 40 0
5.22903925335623 74 561
20.8654697229411 79 741
20.8654697229411 79 741
21.9109720905291 105 1024
0 40 0
41.9823995335356 117 1444
1.89050226116507 66 325
0.64902296069997 55 105
0 40 0
0 40 0
0 40 0
8.44504659898984 75 193
41.4810182322644 158 1690
37.9208217403531 128 1317
31.5826649685466 121 1324
0 40 0
8.96053646622489 99 847
0.243353201065525 47 21
0 40 0
2.3403736905117 68 378
27.9848942725719 113 1302
0.585796401515572 54 91
32.1711623794451 139 1603
30.7367308368126 99 800
17.1530509815806 95 729
0 40 0
1.05348428415457 60 190
8.90704460619331 100 879
20.8654697229411 79 741
0 40 0
13.1746013479423 104 1017
41.9823995335356 117 1444
0 40 0
0 40 0
0 40 0
13.5688923921899 78 703
0 40 0
20.8654697229411 79 741
0 40 0
20.8654697229411 79 741
20.8654697229411 79 741
3.80370315415116 65 146
27.0187640516488 114 1333
24.3341982448775 106 1092
39.3171994625156 151 1578
63.3498844426279 154 2110
51.6935134806869 173 1927
0 40 0
0 40 0
0 40 0
20.8654697229411 79 741
0 40 0
0 40 0
0 40 0
0 40 0
8.98345515598306 91 735
7.30282299725663 97 742
33.9186578889384 115 1369
0 40 0
0 40 0
20.8654697229411 79 741
0 40 0
1.70763076183127 65 300
0 40 0
0 40 0
6.27169081767511 75 595
0 40 0
0 40 0
20.8654697229411 79 741
0.243353201065525 47 21
0 40 0
0 40 0
0 40 0
5.22903925335623 74 561
9.9204528952883 77 666
58.010140790399 178 2332
21.6962042271964 81 742
20.1763053870341 111 1231
20.8654697229411 79 741
20.8654697229411 79 741
20.8654697229411 79 741
0 40 0
5.58712317727876 77 564
16.0038697238588 83 707
32.7083465933666 156 1481
0 40 0
0 40 0
84.0162832369981 217 3077
4.44695783171805 73 528
0 40 0
0 40 0
0 40 0
35.748708395347 167 1820
33.9186578889384 115 1369
0 40 0
20.8654697229411 79 741
0 40 0
1.44276807895896 62 135
34.940010507942 116 1407
26.8513903770219 111 1225
4.44695783171805 73 528
0 40 0
13.5688923921899 78 703
76.9116586843438 241 2471
7.73126237743176 76 630
4.37480804895385 62 111
13.5688923921899 78 703
6.27169081767511 75 595
27.6028376086975 120 1251
2.3403736905117 68 378
33.9186578889384 115 1369
0 40 0
0 40 0
27.9848942725719 113 1302
0 40 0
20.8654697229411 79 741
22.8868349570201 112 1261
0.0654216593315911 42 1
0 40 0
5.22903925335623 74 561
12.8747839015448 103 991
0 40 0
0 40 0
27.879081269535 118 740
0 40 0
5.22903925335623 74 561
8.21011405019969 80 599
20.8654697229411 79 741
2.95344854536369 70 435
0 40 0
20.8654697229411 79 741
109.874825149326 250 3584
0 40 0
0 40 0
7.73126237743176 76 630
45.4268429116501 135 1597
20.8654697229411 79 741
2.62140776903994 69 406
41.9823995335356 117 1444
0 40 0
33.9186578889384 115 1369
45.6127422295611 150 1968
34.940010507942 116 1407
1.89050226116507 66 325
0 40 0
11.1094221472743 90 744
0 40 0
0 40 0
41.9823995335356 117 1444
29.3628973233284 114 1336
0 40 0
0 40 0
2.95344854536369 70 435
0.870913760461567 58 153
20.8654697229411 79 741
0 40 0
27.0187640516488 114 1333
0 40 0
46.788613995566 146 1830
0 40 0
0 40 0
0 40 0
67.7840885650268 181 2099
20.270480221989 110 1191
8.01838517449601 67 169
2.95344854536369 70 435
34.940010507942 116 1407
25.9206288705891 111 1157
0 40 0
17.9261318345784 108 1138
0 40 0
0 40 0
7.03234818118928 83 443
54.1154343977631 147 745
24.8975288721119 108 1147
0 40 0
32.3955324011909 139 1591
0 40 0
0 40 0
25.7600686426423 129 1306
0 40 0
4.44695783171805 73 528
41.2395386188148 159 1809
0 40 0
10.465812860442 97 786
20.8654697229411 79 741
27.7411934072819 129 1095
7.73126237743176 76 630
0 40 0
19.0446814080166 92 733
41.9823995335356 117 1444
7.73126237743176 76 630
13.5688923921899 78 703
35.478951147773 142 1690
0 40 0
4.3884025261639 79 517
6.27169081767511 75 595
29.6300950938521 113 1296
0 40 0
0 40 0
25.7138218611629 110 1206
0 40 0
0 40 0
2.62140776903994 69 406
0.204726348013874 46 15
32.5252116871527 141 1427
3.35982090086453 75 445
58.256697704107 183 2056
20.8654697229411 79 741
13.5688923921899 78 703
13.5688923921899 78 703
0 40 0
20.8654697229411 79 741
16.9900146824959 109 1158
86.8733994089907 217 3063
56.8561403464831 172 2023
0 40 0
0 40 0
0 40 0
0.717180027366775 56 120
72.2885420625617 173 1813
112.165882886173 267 2939
7.73126237743176 76 630
0 40 0
6.27169081767511 75 595
15.454349170548 97 874
0 40 0
13.5688923921899 78 703
0 40 0
22.8868349570201 112 1261
0 40 0
25.8609062812976 114 1072
0.526958017235124 53 78
0 40 0
20.8654697229411 79 741
0.837237911199052 56 92
58.4137504391151 158 1844
66.8659472424257 185 2565
29.6300950938521 113 1296
20.8654697229411 79 741
6.27169081767511 75 595
0 40 0
0 40 0
11.2928480963555 115 1011
0 40 0
13.5688923921899 78 703
0 40 0
0 40 0
0 40 0
0 40 0
0 40 0
0 40 0
1.89050226116507 66 325
20.8654697229411 79 741
23.9468705255904 109 571
0.372356144271269 50 45
0 40 0
43.7735009956917 168 2027
29.3628973233284 114 1336
20.8654697229411 79 741
20.8654697229411 79 741
0 40 0
13.5688923921899 78 703
9.9204528952883 77 666
0 40 0
0 40 0
20.8654697229411 79 741
0 40 0
0 40 0
6.27169081767511 75 595
0 40 0
13.9747212087733 106 1072
0 40 0
7.73126237743176 76 630
0 40 0
0 40 0
51.1774288188815 162 2030
110.951512067741 247 3476
0 40 0
6.27169081767511 75 595
0 40 0
2.89448762643347 67 175
0.790897759041846 57 136
85.6994759974741 210 2810
0 40 0
0 40 0
20.8654697229411 79 741
7.73126237743176 76 630
5.16955175616233 90 625
20.8654697229411 79 741
0 40 0
0 40 0
9.9204528952883 77 666
36.2971949153638 142 1704
0 40 0
0 40 0
0 40 0
7.73126237743176 76 630
31.4446501361463 115 1371
13.1128402852774 92 367
7.4245643020393 65 144
0 40 0
0 40 0
0.132563038960931 44 6
0 40 0
0 40 0
0 40 0
0 40 0
35.2971956187865 148 1393
110.338642731254 252 3666
22.278062061146 140 1333
0 40 0
21.6314531108456 130 1378
0 40 0
9.9204528952883 77 666
0 40 0
0 40 0
0 40 0
0 40 0
17.6811197574503 100 817
20.8654697229411 79 741
9.9204528952883 77 666
0 40 0
0 40 0
5.22903925335623 74 561
1.5461969437514 64 276
0 40 0
0 40 0
0 40 0
0 40 0
2.3403736905117 68 378
0.243353201065525 47 21
20.8654697229411 79 741
0 40 0
9.9204528952883 77 666
9.9204528952883 77 666
2.62140776903994 69 406
0 40 0
0 40 0
3.35180401777565 71 465
41.9823995335356 117 1444
0 40 0
0 40 0
0 40 0
0 40 0
0 40 0
0 40 0
0 40 0
13.5688923921899 78 703
20.8654697229411 79 741
0 40 0
9.39655688444897 93 628
0 40 0
10.978939271529 102 934
34.4875212858283 151 1663
13.5688923921899 78 703
20.8654697229411 79 741
29.3628973233284 114 1336
36.7635747338317 143 1721
25.7138218611629 110 1206
0 40 0
7.66626100457563 97 814
0 40 0
0 40 0
0 40 0
33.9186578889384 115 1369
0 40 0
0 40 0
0 40 0
6.52257692208703 76 197
20.8654697229411 79 741
1.84266837544769 53 38
3.83858515578446 72 496
2.3403736905117 68 378
0 40 0
0 40 0
13.5688923921899 78 703
0.870913760461567 58 153
0 40 0
0 40 0
37.227660478704 139 1612
1.05348428415457 60 190
1.70763076183127 65 300
0 40 0
27.4423114501325 138 1558
41.9823995335356 117 1444
5.68451992791859 92 675
0 40 0
0 40 0
0 40 0
0.790897759041846 57 136
60.4955989117085 178 2350
9.9204528952883 77 666
0 40 0
13.5688923921899 78 703
0 40 0
0 40 0
0 40 0
0 40 0
0 40 0
0 40 0
12.1047777812408 82 670
0 40 0
20.8654697229411 79 741
20.8654697229411 79 741
10.9553028562295 104 708
0 40 0
41.9823995335356 117 1444
0 40 0
0 40 0
0 40 0
38.6398900312432 130 1366
0 40 0
41.9823995335356 117 1444
20.8654697229411 79 741
0 40 0
2.95344854536369 70 435
22.1984734076743 127 1004
1.27408121709751 62 231
29.6300950938521 113 1296
0 40 0
4.44695783171805 73 528
23.5858620090477 113 1298
37.5774695475559 144 1767
2.22338922013244 70 331
46.8506883265567 149 1928
4.46130636484969 74 360
30.6299543273021 138 1609
0 40 0
25.350755725752 133 1434
0 40 0
0 40 0
85.3427415824703 232 3017
20.8654697229411 79 741
0 40 0
0 40 0
2.62140776903994 69 406
20.8654697229411 79 741
20.8654697229411 79 741
0 40 0
0 40 0
0 40 0
29.3628973233284 114 1336
10.3623758347504 85 547
0 40 0
6.27169081767511 75 595
14.2651681678478 108 1047
0 40 0
41.9823995335356 117 1444
0 40 0
0 40 0
0 40 0
0 40 0
7.73126237743176 76 630
3.83858515578446 72 496
0 40 0
1.89050226116507 66 325
0 40 0
20.8654697229411 79 741
13.5688923921899 78 703
20.8654697229411 79 741
20.8654697229411 79 741
0 40 0
0 40 0
13.5688923921899 78 703
0 40 0
20.8654697229411 79 741
40.9530393091372 132 1421
0 40 0
23.5995036905556 102 994
0 40 0
1.08899683209948 55 61
43.6696787476718 149 1935
9.9204528952883 77 666
0 40 0
41.9823995335356 117 1444
0 40 0
0.526958017235124 53 78
1.40262233856672 63 253
32.9702134714136 153 1635
0 40 0
25.7435941933009 130 1309
99.7584204858898 247 3500
0 40 0
26.9779469464417 121 1222
0 40 0
0 40 0
5.22903925335623 74 561
0 40 0
0 40 0
5.99581267221146 93 696
13.5688923921899 78 703
44.5913896105574 149 1930
20.8654697229411 79 741
20.8654697229411 79 741
2.95344854536369 70 435
10.2276634360772 88 553
3.86850129301979 53 36
20.8654697229411 79 741
20.8654697229411 79 741
1.05348428415457 60 190
54.5184346824658 151 1999
13.5688923921899 78 703
4.44695783171805 73 528
0 40 0
0 40 0
0 40 0
55.5397873014695 152 2037
0 40 0
32.1981112181164 134 867
0 40 0
20.8654697229411 79 741
26.8513903770219 111 1225
0 40 0
0 40 0
20.8654697229411 79 741
27.0187640516488 114 1333
0 40 0
20.8654697229411 79 741
1.70763076183127 65 300
22.6752823824823 101 804
13.5688923921899 78 703
41.9823995335356 117 1444
0 40 0
67.4484422117856 180 2224
0 40 0
15.5436807574221 85 714
0 40 0
0 40 0
20.8654697229411 79 741
0 40 0
9.9204528952883 77 666
20.8654697229411 79 741
0 40 0
0 40 0
0 40 0
15.8303936290503 104 993
5.11569425766064 89 525
2.62140776903994 69 406
15.0121917903771 92 794
0 40 0
21.9168175099554 83 747
0 40 0
0.283998511078815 48 28
20.8654697229411 79 741
0 40 0
0 40 0
41.9823995335356 117 1444
2.62140776903994 69 406
0 40 0
5.22903925335623 74 561
54.5184346824658 151 1999
4.44695783171805 73 528
5.62975532226675 68 183
6.36756557058537 90 508
7.73126237743176 76 630
55.5397873014695 152 2037
53.7332541616029 190 2200
0 40 0
5.22903925335623 74 561
0 40 0
0 40 0
32.4537879576015 133 1432
0 40 0
41.9823995335356 117 1444
0 40 0
13.5688923921899 78 703
0 40 0
9.9204528952883 77 666
0.691536701101911 51 37
3.35180401777565 71 465
0.870913760461567 58 153
20.8654697229411 79 741
0 40 0
0 40 0
34.940010507942 116 1407
0 40 0
0 40 0
1.5461969437514 64 276
20.8654697229411 79 741
9.9204528952883 77 666
0 40 0
24.8274239679844 109 1156
20.8654697229411 79 741
5.87241252205883 77 312
20.8654697229411 79 741
0 40 0
0 40 0
13.7091282471489 99 780
0 40 0
26.8513903770219 111 1225
0 40 0
0 40 0
13.5688923921899 78 703
0 40 0
0 40 0
0 40 0
24.1315941530121 135 1493
45.905333903142 150 1686
55.5397873014695 152 2037
26.278016934088 111 1237
20.8654697229411 79 741
0 40 0
0.0654216593315911 42 1
20.8654697229411 79 741
13.5688923921899 78 703
0 40 0
0 40 0
67.8514711580022 206 2750
20.8654697229411 79 741
0 40 0
32.8157622778641 140 1631
0 40 0
0 40 0
0 40 0
36.5384314274973 137 1317
17.9142035685796 93 444
0 40 0
0 40 0
0 40 0
45.8887848238143 139 1675
4.17940734198901 72 180
21.8139202073944 82 744
0 40 0
10.4367503428408 83 639
0 40 0
17.8808056591018 107 855
0 40 0
20.8654697229411 79 741
93.0749548751984 234 3101
15.6526152215323 91 625
0 40 0
41.9823995335356 117 1444
23.3414763736063 100 951
13.5688923921899 78 703
2.09941160044395 67 351
6.27169081767511 75 595
9.9204528952883 77 666
1.89050226116507 66 325
0 40 0
0 40 0
0 40 0
9.2116436253221 101 912
0 40 0
0.472037599409582 52 66
0.790897759041846 57 136
42.8874957432708 140 1641
26.278016934088 111 1237
7.2236960064051 95 771
0 40 0
0 40 0
33.9652172110085 116 1065
0 40 0
0 40 0
9.9204528952883 77 666
0 40 0
20.8654697229411 79 741
20.8654697229411 79 741
0 40 0
15.3266533513113 89 380
12.6209285671479 102 966
0 40 0
0 40 0
20.8654697229411 79 741
0 40 0
0 40 0
0 40 0
0 40 0
0 40 0
27.3599716849269 151 1449
13.5688923921899 78 703
0.326910942866702 49 36
0 40 0
5.84142640447135 92 666
5.22903925335623 74 561
0 40 0
40.6257564127221 145 1798
0 40 0
20.8654697229411 79 741
20.8481477921589 108 554
35.605744310561 154 1725
13.5688923921899 78 703
0 40 0
0.0654216593315911 42 1
20.8654697229411 79 741
15.4429113952506 118 1003
63.3498844426279 154 2110
0 40 0
0 40 0
0 40 0
13.5688923921899 78 703
1.40262233856672 63 253
12.0020904822553 104 996
0 40 0
0 40 0
0 40 0
0 40 0
17.4790005564774 107 1109
20.8654697229411 79 741
0 40 0
20.8654697229411 79 741
0 40 0
13.5688923921899 78 703
0 40 0
20.8654697229411 79 741
2.09941160044395 67 351
0 40 0
0 40 0
0 40 0
0 40 0
7.73126237743176 76 630
34.940010507942 116 1407
0 40 0
11.0419837546057 77 324
0 40 0
6.70114580606066 91 631
0 40 0
63.3498844426279 154 2110
2.41243340764857 71 245
41.1429660309391 152 1295
0 40 0
0 40 0
20.2798707476144 104 407
44.4356807113114 147 1586
0.167877549394052 45 10
0 40 0
0 40 0
60.3052800724112 169 2047
0 40 0
0 40 0
39.8715023027308 159 1548
20.8654697229411 79 741
16.761024440461 94 628
6.27169081767511 75 595
0 40 0
55.5397873014695 152 2037
0 40 0
0 40 0
0 40 0
34.6108613822046 150 1508
20.8654697229411 79 741
5.22903925335623 74 561
0 40 0
20.8654697229411 79 741
0 40 0
0 40 0
0 40 0
103.281117805352 275 3436
3.35180401777565 71 465
84.9669579161138 190 2740
0 40 0
6.4839600493509 72 241
10.1577386691305 99 823
19.3950103621191 100 797
20.8654697229411 79 741
20.8654697229411 79 741
20.8654697229411 79 741
34.940010507942 116 1407
16.4815347144253 115 1119
0 40 0
13.514363647167 102 640
13.5688923921899 78 703
7.73126237743176 76 630
0 40 0
11.4820822561204 97 569
0 40 0
0 40 0
0 40 0
0 40 0
0 40 0
20.8654697229411 79 741
0 40 0
20.8654697229411 79 741
0 40 0
20.8654697229411 79 741
1.15831230679718 61 210
0 40 0
33.9314699820142 125 761
0 40 0
18.2181986641673 110 792
59.7904719579328 191 1942
41.9823995335356 117 1444
56.78433103216 191 1996
1.15831230679718 61 210
0.0654216593315911 42 1
74.0823616990619 193 2543
0.585796401515572 54 91
2.09941160044395 67 351
56.0602931940614 185 2127
0 40 0
0 40 0
0 40 0
17.2202170613161 127 1239
79.0247103229822 226 2846
0 40 0
0 40 0
0 40 0
20.8654697229411 79 741
26.8513903770219 111 1225
0 40 0
20.8654697229411 79 741
54.7523738935814 178 2353
0 40 0
0 40 0
0 40 0
7.73126237743176 76 630
